 Zini     MH   logAge Mini        int_IMF         Mass   logL    logTe  logg  label   McoreTP C_O  period0  period1  period2  period3  period4  pmode  Mloss  tau1m   X   Y   Xc  Xn  Xo  Cexcess  Z 	 mbolmag  F170Wmag  F218Wmag  F255Wmag  F300Wmag  F336Wmag  F380Wmag  F439Wmag  F450Wmag  F555Wmag  F569Wmag  F606Wmag  F622Wmag  F675Wmag  F702Wmag  F791Wmag  F814Wmag  F850LPmag
0.0048313 -0.50000 9.80000 0.0900000036 1.0816895926    0.090 -3.326  3.4057  5.293    1  0.000  0.545     0.00     0.00     0.00     0.00     0.00 -1 -4.47e-17      0.00 7.367e-01 2.583e-01 8.868e-04 2.392e-04 2.170e-03 -1.000 4.931e-03 13.084 18.468 23.371 24.109 20.183 20.172 21.253 20.197 19.165 17.672 17.456 16.843 16.743 15.644 14.793 13.326 13.170 12.247
0.0048313 -0.50000 9.80000 0.0978417099 1.1528202993    0.098 -3.160  3.4293  5.258    1  0.000  0.545     0.00     0.00     0.00     0.00     0.00 -1 -6.54e-17      0.00 7.364e-01 2.586e-01 8.868e-04 2.392e-04 2.170e-03 -1.000 4.931e-03 12.670 17.967 22.877 23.578 19.615 19.464 20.214 19.244 18.315 16.847 16.632 16.060 15.947 14.945 14.178 12.792 12.658 11.795
0.0048313 -0.50000 9.80000 0.1000000015 1.1711064122    0.100 -3.117  3.4355  5.249    1  0.000  0.545     0.00     0.00     0.00     0.00     0.00 -1 -7.22e-17      0.00 7.363e-01 2.587e-01 8.868e-04 2.392e-04 2.170e-03 -1.000 4.931e-03 12.562 17.815 22.727 23.401 19.425 19.213 19.837 18.892 18.006 16.556 16.342 15.789 15.671 14.709 13.977 12.626 12.502 11.669
0.0048313 -0.50000 9.80000 0.1199999899 1.3193153758    0.120 -2.849  3.4677  5.189    1  0.000  0.545     0.00     0.00     0.00     0.00     0.00 -1 -1.31e-16      0.00 7.356e-01 2.595e-01 8.868e-04 2.392e-04 2.170e-03 -1.000 4.931e-03 11.892 16.926 21.838 22.260 18.278 17.772 17.834 17.030 16.330 14.950 14.742 14.282 14.138 13.389 12.845 11.693 11.609 10.923
0.0048313 -0.50000 9.80000 0.1400000006 1.4384526719    0.140 -2.664  3.4871  5.148    1  0.000  0.545     0.00     0.00     0.00     0.00     0.00 -1 -1.94e-16      0.00 7.349e-01 2.602e-01 8.868e-04 2.392e-04 2.170e-03 -1.000 4.931e-03 11.429 16.337 21.235 21.384 17.480 16.835 16.664 15.940 15.322 13.974 13.766 13.354 13.195 12.566 12.129 11.105 11.037 10.433
0.0048313 -0.50000 9.80000 0.1599999964 1.5372931554    0.160 -2.521  3.5003  5.116    1  0.000  0.545     0.00     0.00     0.00     0.00     0.00 -1 -2.62e-16      0.00 7.343e-01 2.607e-01 8.868e-04 2.392e-04 2.170e-03 -1.000 4.931e-03 11.073 15.901 20.779 20.700 16.884 16.170 15.887 15.212 14.638 13.318 13.111 12.726 12.557 11.997 11.622 10.681 10.622 10.067
0.0048313 -0.50000 9.80000 0.1999999881 1.6938790356    0.200 -2.303  3.5182  5.066    1  0.000  0.545     0.00     0.00     0.00     0.00     0.00 -1  -4.1e-16      0.00 7.334e-01 2.617e-01 8.868e-04 2.392e-04 2.170e-03 -1.000 4.931e-03 10.527 15.255 20.089 19.654 16.013 15.234 14.848 14.231 13.701 12.423 12.220 11.859 11.682 11.193 10.893 10.061 10.011 9.516
0.0048313 -0.50000 9.80000 0.2500000000 1.8403257998    0.250 -2.096  3.5323  5.014    1  0.000  0.545     0.00     0.00     0.00     0.00     0.00 -1 -6.26e-16      0.00 7.326e-01 2.624e-01 8.868e-04 2.392e-04 2.170e-03 -1.000 4.931e-03 10.011 14.671 19.457 18.771 15.252 14.441 14.000 13.421 12.924 11.689 11.489 11.144 10.963 10.516 10.260 9.501 9.457 9.001
0.0048313 -0.50000 9.80000 0.3000000119 1.9529139769    0.300 -1.934  3.5419  4.968    1  0.000  0.545     0.00     0.00     0.00     0.00     0.00 -1 -8.75e-16      0.00 7.323e-01 2.627e-01 8.868e-04 2.393e-04 2.170e-03 -1.000 4.931e-03 9.605 14.222 18.970 18.133 14.688 13.862 13.395 12.837 12.360 11.155 10.958 10.621 10.439 10.014 9.783 9.070 9.029 8.597
0.0048313 -0.50000 9.80000 0.3489441872 2.0416836267    0.349 -1.789  3.5498  4.921    1  0.000  0.545     0.00     0.00     0.00     0.00     0.00 -1  -1.2e-15      0.00 7.374e-01 2.577e-01 8.868e-04 2.392e-04 2.170e-03 -1.000 4.931e-03 9.243 13.827 18.542 17.595 14.204 13.368 12.884 12.340 11.878 10.697 10.502 10.171 9.988 9.579 9.369 8.691 8.652 8.238
0.0048313 -0.50000 9.80000 0.3499999642 2.0434174156    0.350 -1.786  3.5500  4.920    1  0.000  0.545     0.00     0.00     0.00     0.00     0.00 -1 -1.21e-15      0.00 7.375e-01 2.576e-01 8.868e-04 2.392e-04 2.170e-03 -1.000 4.931e-03 9.235 13.819 18.534 17.584 14.194 13.358 12.873 12.330 11.868 10.687 10.493 10.162 9.979 9.570 9.360 8.684 8.645 8.231
0.0048313 -0.50000 9.80000 0.3524646163 2.0474385190    0.353 -1.778  3.5506  4.918    1  0.000  0.545     0.00     0.00     0.00     0.00     0.00 -1 -1.23e-15      0.00 7.375e-01 2.576e-01 8.868e-04 2.392e-04 2.170e-03 -1.000 4.931e-03 9.215 13.797 18.509 17.551 14.166 13.329 12.843 12.301 11.840 10.660 10.466 10.135 9.952 9.545 9.336 8.662 8.624 8.212
0.0048313 -0.50000 9.80000 0.3999999762 2.1185023988    0.400 -1.634  3.5614  4.872    1  0.000  0.545     0.00     0.00     0.00     0.00     0.00 -1 -1.69e-15      0.00 7.376e-01 2.575e-01 8.868e-04 2.392e-04 2.170e-03 -1.000 4.931e-03 8.856 13.394 18.054 16.945 13.649 12.803 12.303 11.776 11.328 10.177 9.987 9.661 9.477 9.089 8.907 8.283 8.247 7.860
0.0048313 -0.50000 9.80000 0.4499999881 2.1822809009    0.450 -1.468  3.5758  4.814    1  0.000  0.545     0.00     0.00     0.00     0.00     0.00 -1  -2.5e-15      0.00 7.376e-01 2.575e-01 8.868e-04 2.392e-04 2.170e-03 -1.000 4.931e-03 8.441 12.925 17.509 16.223 13.035 12.181 11.674 11.162 10.726 9.614 9.428 9.108 8.924 8.558 8.408 7.847 7.814 7.458
0.0048313 -0.50000 9.80000 0.4999999404 2.2374540715    0.500 -1.290  3.5952  4.760    1  0.000  0.545     0.00     0.00     0.00     0.00     0.00 -1  -3.8e-15      0.00 7.376e-01 2.575e-01 8.868e-04 2.392e-04 2.170e-03 -1.000 4.931e-03 7.996 12.415 16.874 15.378 12.318 11.460 10.967 10.472 10.052 8.998 8.821 8.512 8.330 7.989 7.870 7.381 7.351 7.031
0.0048313 -0.50000 9.80000 0.5500000119 2.2836582633    0.550 -1.097  3.6216  4.713    1  0.000  0.544     0.00     0.00     0.00     0.00     0.00 -1 -5.97e-15      0.00 7.548e-01 2.406e-01 8.328e-04 2.248e-04 2.040e-03 -1.000 4.630e-03 7.512 11.851 16.137 14.433 11.440 10.576 10.142 9.661 9.275 8.318 8.156 7.872 7.694 7.389 7.298 6.880 6.855 6.575
0.0048313 -0.50000 9.80000 0.5999999642 2.3211212854    0.600 -0.912  3.6515  4.685    1  0.000  0.544     0.00     0.00     0.00     0.00     0.00 -1 -9.03e-15      0.00 7.575e-01 2.379e-01 8.249e-04 2.227e-04 2.020e-03 -1.000 4.578e-03 7.049 11.278 15.211 13.229 10.384 9.525 9.240 8.788 8.450 7.627 7.489 7.244 7.078 6.818 6.749 6.402 6.382 6.146
0.0048313 -0.50000 9.80000 0.6393763423 2.3459310115    0.639 -0.768  3.6765  4.670    1  0.000  0.544     0.00     0.00     0.00     0.00     0.00 -1 -1.24e-14      0.00 7.596e-01 2.358e-01 8.189e-04 2.210e-04 2.006e-03 -1.000 4.564e-03 6.690 10.809 14.042 11.799 9.402 8.600 8.485 8.110 7.809 7.099 6.977 6.767 6.618 6.390 6.334 6.032 6.016 5.813
0.0048313 -0.50000 9.80000 0.6499999166 2.3520352771    0.650 -0.731  3.6831  4.666    1  0.000  0.544     0.00     0.00     0.00     0.00     0.00 -1 -1.34e-14      0.00 7.602e-01 2.352e-01 8.172e-04 2.206e-04 2.002e-03 -1.000 4.559e-03 6.597 10.685 13.705 11.426 9.151 8.369 8.294 7.944 7.651 6.968 6.850 6.648 6.504 6.283 6.229 5.936 5.921 5.725
0.0048313 -0.50000 9.80000 0.6503486633 2.3522317811    0.650 -0.730  3.6833  4.666    1  0.000  0.544     0.00     0.00     0.00     0.00     0.00 -1 -1.35e-14      0.00 7.603e-01 2.352e-01 8.172e-04 2.206e-04 2.002e-03 -1.000 4.559e-03 6.594 10.681 13.695 11.415 9.143 8.362 8.289 7.939 7.646 6.963 6.845 6.644 6.501 6.279 6.225 5.933 5.918 5.722
0.0048313 -0.50000 9.80000 0.6782474518 2.3672018054    0.678 -0.633  3.6991  4.651    1  0.000  0.544     0.00     0.00     0.00     0.00     0.00 -1 -1.68e-14      0.00 7.621e-01 2.333e-01 8.114e-04 2.191e-04 1.988e-03 -1.000 4.539e-03 6.354 10.367 12.806 10.548 8.541 7.815 7.834 7.545 7.269 6.644 6.533 6.351 6.220 6.013 5.963 5.691 5.677 5.499
0.0048313 -0.50000 9.80000 0.6999999881 2.3779266974    0.700 -0.560  3.7110  4.639    1  0.000  0.544     0.00     0.00     0.00     0.00     0.00 -1 -1.98e-14      0.00 7.636e-01 2.319e-01 8.069e-04 2.179e-04 1.978e-03 -1.000 4.493e-03 6.170 10.124 12.036 9.925 8.103 7.422 7.506 7.260 6.997 6.412 6.306 6.137 6.013 5.817 5.770 5.511 5.499 5.333
0.0048313 -0.50000 9.80000 0.7071862817 2.3813035286    0.707 -0.536  3.7148  4.635    1  0.000  0.543     0.00     0.00     0.00     0.00     0.00 -1 -2.09e-14      0.00 7.642e-01 2.313e-01 8.037e-04 2.174e-04 1.974e-03 -1.000 4.492e-03 6.110 10.043 11.783 9.736 7.967 7.300 7.403 7.170 6.912 6.339 6.233 6.069 5.948 5.754 5.708 5.454 5.442 5.280
0.0048313 -0.50000 9.80000 0.7294481397 2.3912804289    0.729 -0.462  3.7265  4.621    1  0.000  0.540     0.00     0.00     0.00     0.00     0.00 -1 -2.48e-14      0.00 7.660e-01 2.295e-01 7.937e-04 2.159e-04 1.962e-03 -1.000 4.480e-03 5.926 9.792 11.025 9.180 7.560 6.935 7.093 6.899 6.655 6.117 6.015 5.861 5.747 5.563 5.520 5.277 5.266 5.116
0.0048313 -0.50000 9.80000 0.7487857342 2.3993953806    0.749 -0.399  3.7363  4.608    1  0.000  0.537     0.00     0.00     0.00     0.00     0.00 -1 -2.87e-14      0.00 7.676e-01 2.280e-01 7.853e-04 2.146e-04 1.951e-03 -1.000 4.451e-03 5.767 9.568 10.400 8.733 7.228 6.636 6.836 6.674 6.441 5.931 5.833 5.688 5.579 5.402 5.361 5.128 5.118 4.977
0.0048313 -0.50000 9.80000 0.7613742352 2.4044241082    0.761 -0.358  3.7418  4.597    1  0.000  0.537     0.00     0.00     0.00     0.00     0.00 -1 -3.17e-14      0.00 7.690e-01 2.266e-01 7.812e-04 2.135e-04 1.941e-03 -1.000 4.418e-03 5.665 9.425 10.033 8.469 7.031 6.458 6.680 6.536 6.310 5.816 5.719 5.579 5.473 5.300 5.260 5.032 5.023 4.888
0.0048313 -0.50000 9.80000 0.7796843052 2.4114061471    0.779 -0.299  3.7497  4.579    1  0.000  0.536     0.00     0.00     0.00     0.00     0.00 -1 -3.67e-14      0.00 7.711e-01 2.246e-01 7.752e-04 2.119e-04 1.927e-03 -1.000 4.376e-03 5.517 9.209 9.500 8.084 6.753 6.211 6.460 6.341 6.124 5.651 5.557 5.423 5.322 5.154 5.116 4.896 4.888 4.759
0.0048313 -0.50000 9.80000 0.7971647978 2.4177288473    0.797 -0.242  3.7569  4.561    1  0.000  0.536     0.00     0.00     0.00     0.00     0.00 -1 -4.21e-14      0.00 7.732e-01 2.225e-01 7.692e-04 2.103e-04 1.913e-03 -1.000 4.341e-03 5.376 8.996 9.029 7.740 6.502 5.987 6.257 6.159 5.950 5.497 5.405 5.277 5.180 5.017 4.981 4.767 4.759 4.638
0.0048313 -0.50000 9.80000 0.7975714207 2.4178721341    0.797 -0.241  3.7571  4.561    1  0.000  0.536     0.00     0.00     0.00     0.00     0.00 -1 -4.23e-14      0.00 7.732e-01 2.224e-01 7.690e-04 2.103e-04 1.912e-03 -1.000 4.341e-03 5.372 8.991 9.019 7.732 6.496 5.982 6.253 6.155 5.946 5.493 5.402 5.274 5.176 5.014 4.977 4.764 4.756 4.635
0.0048313 -0.50000 9.80000 0.8073404431 2.4212647324    0.807 -0.209  3.7607  4.549    1  0.000  0.536     0.00     0.00     0.00     0.00     0.00 -1 -4.58e-14      0.00 7.747e-01 2.209e-01 7.647e-04 2.091e-04 1.902e-03 -1.000 4.327e-03 5.293 8.875 8.779 7.554 6.363 5.862 6.143 6.055 5.851 5.408 5.318 5.193 5.097 4.937 4.902 4.692 4.684 4.566
0.0048313 -0.50000 9.80000 0.8244127035 2.4269722154    0.824 -0.154  3.7668  4.527    1  0.000  0.536     0.00     0.00     0.00     0.00     0.00 -1 -5.27e-14      0.00 7.775e-01 2.182e-01 7.567e-04 2.070e-04 1.883e-03 -1.000 4.283e-03 5.155 8.662 8.394 7.259 6.140 5.662 5.956 5.884 5.687 5.261 5.174 5.053 4.960 4.805 4.770 4.567 4.560 4.446
0.0048313 -0.50000 9.80000 0.8406990767 2.4321692529    0.840 -0.101  3.7723  4.505    1  0.000  0.536     0.00     0.00     0.00     0.00     0.00 -1 -6.05e-14      0.00 7.804e-01 2.154e-01 7.487e-04 2.048e-04 1.863e-03 -1.000 4.236e-03 5.023 8.456 8.043 6.987 5.934 5.475 5.781 5.721 5.533 5.122 5.037 4.920 4.830 4.679 4.646 4.447 4.441 4.332
0.0048313 -0.50000 9.80000 0.8463571072 2.4339210032    0.846 -0.083  3.7742  4.497    1  0.000  0.536     0.00     0.00     0.00     0.00     0.00 -1 -6.35e-14      0.00 7.814e-01 2.144e-01 7.458e-04 2.040e-04 1.856e-03 -1.000 4.224e-03 4.977 8.382 7.925 6.894 5.863 5.411 5.721 5.665 5.479 5.074 4.989 4.874 4.785 4.635 4.602 4.406 4.399 4.293
0.0048313 -0.50000 9.80000 0.8621950150 2.4386842030    0.861 -0.031  3.7789  4.472    1  0.000  0.535     0.00     0.00     0.00     0.00     0.00 -1 -7.29e-14      0.00 7.854e-01 2.104e-01 7.344e-04 2.010e-04 1.829e-03 -1.000 4.173e-03 4.848 8.184 7.617 6.651 5.673 5.238 5.555 5.510 5.331 4.939 4.857 4.745 4.658 4.512 4.480 4.288 4.282 4.179
0.0048313 -0.50000 9.80000 0.8856104016 2.4453686360    0.884  0.047  3.7854  4.431    1  0.000  0.535     0.00     0.00     0.00     0.00     0.00 -1 -9.01e-14      0.00 7.919e-01 2.040e-01 7.160e-04 1.960e-04 1.785e-03 -1.000 4.104e-03 4.653 7.879 7.199 6.312 5.407 4.996 5.314 5.281 5.110 4.738 4.658 4.551 4.467 4.326 4.295 4.109 4.104 4.007
0.0048313 -0.50000 9.80000 0.8951427937 2.4479749562    0.894  0.079  3.7878  4.413    1  0.000  0.535     0.00     0.00     0.00     0.00     0.00 -1 -9.86e-14      0.00 7.947e-01 2.012e-01 7.080e-04 1.939e-04 1.765e-03 -1.000 4.032e-03 4.571 7.754 7.037 6.179 5.300 4.898 5.216 5.186 5.019 4.654 4.575 4.470 4.387 4.248 4.217 4.034 4.028 3.934
0.0048313 -0.50000 9.80000 0.9059962630 2.4508658264    0.905  0.117  3.7905  4.392    1  0.000  0.534     0.00     0.00     0.00     0.00     0.00 -1  -1.1e-13      0.00 7.980e-01 1.981e-01 6.991e-04 1.915e-04 1.744e-03 -1.000 3.945e-03 4.478 7.613 6.860 6.031 5.180 4.788 5.104 5.078 4.915 4.558 4.480 4.376 4.295 4.158 4.127 3.947 3.942 3.849
0.0048313 -0.50000 9.80000 0.9233481884 2.4553256347    0.922  0.179  3.7945  4.354    1  0.000  0.534     0.00     0.00     0.00     0.00     0.00 -1 -1.31e-13      0.00 8.031e-01 1.930e-01 6.852e-04 1.878e-04 1.711e-03 -1.000 3.904e-03 4.323 7.386 6.595 5.805 4.992 4.613 4.925 4.903 4.746 4.399 4.323 4.222 4.143 4.009 3.979 3.802 3.798 3.708
0.0048313 -0.50000 9.80000 0.9388803840 2.4591573561    0.938  0.236  3.7977  4.317    1  0.000  0.533     0.00     0.00     0.00     0.00     0.00 -1 -1.54e-13      0.00 8.076e-01 1.886e-01 6.729e-04 1.845e-04 1.682e-03 -1.000 3.814e-03 4.181 7.185 6.365 5.607 4.823 4.456 4.762 4.744 4.591 4.254 4.179 4.081 4.003 3.871 3.842 3.669 3.664 3.577
0.0048313 -0.50000 9.80000 0.9439284801 2.4603715162    0.943  0.254  3.7987  4.305    1  0.000  0.533     0.00     0.00     0.00     0.00     0.00 -1 -1.63e-13      0.00 8.090e-01 1.872e-01 6.688e-04 1.834e-04 1.673e-03 -1.000 3.786e-03 4.134 7.121 6.292 5.544 4.769 4.405 4.710 4.692 4.541 4.206 4.132 4.035 3.957 3.826 3.798 3.625 3.620 3.534
0.0048313 -0.50000 9.80000 0.9582734108 2.4637415806    0.957  0.306  3.8010  4.269    1  0.000  0.533     0.00     0.00     0.00     0.00     0.00 -1  -1.9e-13      0.00 8.106e-01 1.856e-01 6.665e-04 1.829e-04 1.668e-03 -1.000 3.779e-03 4.004 6.947 6.102 5.376 4.623 4.267 4.565 4.549 4.402 4.074 4.000 3.904 3.828 3.699 3.671 3.501 3.496 3.412
0.0048313 -0.50000 9.80000 0.9703423977 2.4664883733    0.969  0.352  3.8025  4.235    1  0.000  0.532     0.00     0.00     0.00     0.00     0.00 -1 -2.18e-13      0.00 8.116e-01 1.846e-01 6.657e-04 1.827e-04 1.667e-03 -1.000 3.773e-03 3.891 6.806 5.956 5.243 4.503 4.152 4.444 4.429 4.283 3.959 3.886 3.792 3.716 3.589 3.561 3.392 3.388 3.305
0.0048313 -0.50000 9.80000 0.9800803065 2.4686480165    0.979  0.391  3.8035  4.204    1  0.000  0.532     0.00     0.00     0.00     0.00     0.00 -1 -2.45e-13      0.00 8.111e-01 1.851e-01 6.689e-04 1.836e-04 1.675e-03 -1.000 3.788e-03 3.794 6.688 5.835 5.132 4.401 4.054 4.340 4.325 4.181 3.860 3.788 3.694 3.619 3.493 3.465 3.297 3.293 3.211
0.0048313 -0.50000 9.80000 0.9884045720 2.4704554015    0.987  0.425  3.8042  4.176    1  0.000  0.532     0.00     0.00     0.00     0.00     0.00 -1 -2.74e-13      0.00 8.099e-01 1.863e-01 6.735e-04 1.849e-04 1.687e-03 -1.000 3.811e-03 3.707 6.589 5.734 5.038 4.313 3.968 4.249 4.234 4.091 3.772 3.700 3.607 3.533 3.407 3.379 3.212 3.208 3.126
0.0048313 -0.50000 9.80000 0.9893515110 2.4706587887    0.988  0.429  3.8042  4.172    1  0.000  0.532     0.00     0.00     0.00     0.00     0.00 -1 -2.78e-13      0.00 8.098e-01 1.864e-01 6.741e-04 1.851e-04 1.689e-03 -1.000 3.814e-03 3.697 6.578 5.723 5.027 4.303 3.958 4.238 4.223 4.081 3.762 3.690 3.597 3.523 3.397 3.369 3.202 3.198 3.116
0.0048313 -0.50000 9.80000 0.9918386340 2.4711908562    0.991  0.440  3.8043  4.163    1  0.000  0.532     0.00     0.00     0.00     0.00     0.00 -1 -2.88e-13      0.00 8.094e-01 1.868e-01 6.755e-04 1.855e-04 1.692e-03 -1.000 3.820e-03 3.670 6.550 5.695 5.000 4.276 3.932 4.210 4.195 4.053 3.735 3.663 3.570 3.495 3.369 3.342 3.175 3.171 3.089
0.0048313 -0.50000 9.80000 0.9927142262 2.4713774411    0.992  0.444  3.8043  4.159    1  0.000  0.532     0.00     0.00     0.00     0.00     0.00 -1 -2.92e-13      0.00 8.093e-01 1.869e-01 6.761e-04 1.856e-04 1.694e-03 -1.000 3.823e-03 3.660 6.540 5.686 4.991 4.267 3.922 4.200 4.185 4.043 3.725 3.653 3.560 3.485 3.359 3.332 3.165 3.161 3.079
0.0048313 -0.50000 9.80000 0.9998187423 2.4728774972    0.999  0.476  3.8043  4.131    1  0.000  0.532     0.00     0.00     0.00     0.00     0.00 -1 -3.19e-13      0.00 8.077e-01 1.884e-01 6.812e-04 1.870e-04 1.706e-03 -1.000 3.860e-03 3.580 6.460 5.607 4.913 4.190 3.846 4.119 4.104 3.962 3.644 3.573 3.480 3.405 3.279 3.252 3.085 3.081 2.999
0.0048313 -0.50000 9.80000 1.0088808537 2.4747556669    1.008  0.519  3.8034  4.088    1  0.000  0.532     0.00     0.00     0.00     0.00     0.00 -1 -3.64e-13      0.00 8.057e-01 1.904e-01 6.877e-04 1.888e-04 1.723e-03 -1.000 3.908e-03 3.472 6.368 5.522 4.822 4.093 3.747 4.014 3.998 3.855 3.536 3.464 3.371 3.296 3.170 3.142 2.975 2.971 2.888
0.0048313 -0.50000 9.80000 1.0179446936 2.4765957789    1.016  0.565  3.8012  4.037    1  0.000  0.532     0.00     0.00     0.00     0.00     0.00 -1 -4.22e-13      0.00 8.038e-01 1.923e-01 6.942e-04 1.906e-04 1.739e-03 -1.000 3.955e-03 3.357 6.295 5.460 4.745 3.999 3.647 3.909 3.890 3.746 3.422 3.349 3.255 3.179 3.051 3.023 2.854 2.850 2.766
0.0048313 -0.50000 9.80000 1.0199009180 2.4769879937    1.018  0.576  3.8005  4.025    1  0.000  0.532     0.00     0.00     0.00     0.00     0.00 -1 -4.39e-13      0.00 8.034e-01 1.927e-01 6.956e-04 1.910e-04 1.742e-03 -1.000 3.965e-03 3.331 6.282 5.451 4.730 3.979 3.626 3.886 3.867 3.722 3.397 3.324 3.229 3.153 3.025 2.996 2.827 2.822 2.738
0.0048313 -0.50000 9.80000 1.0217312574 2.4773534055    1.020  0.586  3.7996  4.011    1  0.000  0.532     0.00     0.00     0.00     0.00     0.00 -1 -4.55e-13      0.00 8.030e-01 1.931e-01 6.970e-04 1.913e-04 1.746e-03 -1.000 3.974e-03 3.306 6.275 5.450 4.721 3.963 3.607 3.866 3.846 3.700 3.373 3.299 3.203 3.127 2.998 2.970 2.799 2.795 2.709
0.0048313 -0.50000 9.80000 1.0291048288 2.4788103484    1.027  0.626  3.7941  3.952    2  0.000  0.532     0.00     0.00     0.00     0.00     0.00 -1 -5.26e-13      0.00 8.004e-01 1.956e-01 7.055e-04 1.937e-04 1.767e-03 -1.000 4.032e-03 3.205 6.270 5.493 4.717 3.912 3.540 3.794 3.769 3.616 3.275 3.200 3.100 3.022 2.889 2.860 2.684 2.679 2.589
0.0048313 -0.50000 9.80000 1.0350342989 2.4799646505    1.033  0.658  3.7863  3.891    2  0.000  0.533     0.00     0.00     0.00     0.00     0.00 -1    -6e-13      0.00 7.951e-01 2.008e-01 7.213e-04 1.979e-04 1.805e-03 -1.000 4.118e-03 3.126 6.325 5.631 4.783 3.906 3.510 3.761 3.727 3.564 3.204 3.125 3.021 2.939 2.800 2.769 2.586 2.581 2.484
0.0048313 -0.50000 9.80000 1.0394731760 2.4808188708    1.038  0.674  3.7755  3.834    2  0.000  0.534     0.00     0.00     0.00     0.00     0.00 -1 -6.64e-13      0.00 7.813e-01 2.144e-01 7.596e-04 2.082e-04 1.896e-03 -1.000 4.313e-03 3.084 6.451 5.926 4.960 3.974 3.543 3.791 3.741 3.564 3.175 3.092 2.981 2.894 2.748 2.715 2.522 2.515 2.409
0.0048313 -0.50000 9.80000 1.0414998531 2.4812061025    1.040  0.676  3.7681  3.803    2  0.000  0.535     0.00     0.00     0.00     0.00     0.00 -1 -6.89e-13      0.00 7.707e-01 2.248e-01 7.875e-04 2.156e-04 1.962e-03 -1.000 4.454e-03 3.079 6.548 6.174 5.117 4.052 3.599 3.840 3.778 3.590 3.181 3.095 2.979 2.889 2.737 2.703 2.502 2.495 2.383
0.0048313 -0.50000 9.80000 1.0419439077 2.4812907155    1.040  0.677  3.7665  3.796    2  0.000  0.535     0.00     0.00     0.00     0.00     0.00 -1 -6.95e-13      0.00 7.684e-01 2.271e-01 7.937e-04 2.173e-04 1.977e-03 -1.000 4.486e-03 3.078 6.566 6.229 5.150 4.069 3.611 3.851 3.786 3.596 3.183 3.096 2.978 2.888 2.735 2.701 2.498 2.491 2.377
0.0048313 -0.50000 9.80000 1.0438106060 2.4816455027    1.042  0.669  3.7563  3.764    2  0.000  0.536     0.00     0.00     0.00     0.00     0.00 -1 -7.08e-13      0.00 7.589e-01 2.364e-01 8.183e-04 2.238e-04 2.035e-03 -1.000 4.645e-03 3.097 6.696 6.617 5.397 4.206 3.716 3.946 3.863 3.660 3.219 3.129 3.004 2.909 2.748 2.712 2.499 2.491 2.368
0.0048313 -0.50000 9.80000 1.0450578928 2.4818817516    1.043  0.663  3.7483  3.738    2  0.000  0.536     0.00     0.00     0.00     0.00     0.00 -1 -7.17e-13      0.00 7.543e-01 2.410e-01 8.300e-04 2.269e-04 2.063e-03 -1.000 4.687e-03 3.112 6.786 6.949 5.604 4.320 3.805 4.024 3.925 3.712 3.251 3.157 3.026 2.928 2.761 2.723 2.503 2.494 2.364
0.0048313 -0.50000 9.80000 1.0461846590 2.4820946157    1.044  0.661  3.7410  3.712    2  0.000  0.537     0.00     0.00     0.00     0.00     0.00 -1 -7.33e-13      0.00 7.511e-01 2.442e-01 8.383e-04 2.291e-04 2.083e-03 -1.000 4.741e-03 3.117 6.854 7.266 5.794 4.421 3.883 4.089 3.974 3.753 3.273 3.176 3.041 2.939 2.767 2.727 2.499 2.490 2.352
0.0048313 -0.50000 9.80000 1.0473023653 2.4823052480    1.045  0.668  3.7345  3.679    2  0.000  0.537     0.00     0.00     0.00     0.00     0.00 -1  -7.7e-13      0.00 7.487e-01 2.466e-01 8.443e-04 2.307e-04 2.097e-03 -1.000 4.769e-03 3.100 6.885 7.541 5.941 4.499 3.942 4.129 3.999 3.770 3.272 3.173 3.033 2.928 2.751 2.710 2.476 2.466 2.322
0.0048313 -0.50000 9.80000 1.0486660004 2.4825615265    1.047  0.687  3.7277  3.633    2  0.000  0.537     0.00     0.00     0.00     0.00     0.00 -1 -8.43e-13      0.00 7.462e-01 2.490e-01 8.498e-04 2.322e-04 2.110e-03 -1.000 4.775e-03 3.052 6.884 7.806 6.067 4.552 3.976 4.142 3.996 3.758 3.242 3.141 2.995 2.888 2.706 2.664 2.422 2.412 2.261
0.0048313 -0.50000 9.80000 1.0498640537 2.4827860543    1.048  0.715  3.7231  3.587    2  0.000  0.537     0.00     0.00     0.00     0.00     0.00 -1 -9.45e-13      0.00 7.442e-01 2.510e-01 8.534e-04 2.332e-04 2.118e-03 -1.000 4.818e-03 2.982 6.842 7.954 6.118 4.551 3.963 4.114 3.957 3.713 3.185 3.082 2.933 2.824 2.639 2.595 2.349 2.338 2.183
0.0048313 -0.50000 9.80000 1.0502010584 2.4828491064    1.048  0.724  3.7219  3.574    2  0.000  0.537     0.00     0.00     0.00     0.00     0.00 -1 -9.82e-13      0.00 7.436e-01 2.516e-01 8.543e-04 2.334e-04 2.121e-03 -1.000 4.831e-03 2.959 6.826 7.985 6.124 4.545 3.954 4.101 3.941 3.696 3.166 3.062 2.913 2.803 2.617 2.573 2.326 2.315 2.159
0.0048313 -0.50000 9.80000 1.0504140854 2.4828889388    1.048  0.731  3.7214  3.565    2  0.000  0.537     0.00     0.00     0.00     0.00     0.00 -1 -1.01e-12      0.00 7.432e-01 2.520e-01 8.549e-04 2.335e-04 2.122e-03 -1.000 4.797e-03 2.942 6.812 7.994 6.122 4.536 3.944 4.089 3.928 3.682 3.150 3.047 2.897 2.787 2.600 2.556 2.308 2.297 2.141
0.0048313 -0.50000 9.80000 1.0519188643 2.4831697783    1.050  0.784  3.7177  3.498    3  0.000  0.536     0.00     0.00     0.00     0.00     0.00 -1 -1.22e-12      0.00 7.405e-01 2.547e-01 8.564e-04 2.347e-04 2.129e-03 -1.000 4.845e-03 2.811 6.702 8.035 6.087 4.461 3.860 3.991 3.822 3.572 3.031 2.926 2.773 2.662 2.473 2.428 2.176 2.165 2.004
0.0048313 -0.50000 9.80000 1.0531003475 2.4833896339    1.051  0.831  3.7154  3.442    3  0.000  0.533     0.00     0.00     0.00     0.00     0.00 -1 -1.44e-12      0.00 7.379e-01 2.573e-01 8.524e-04 2.379e-04 2.134e-03 -1.000 4.842e-03 2.693 6.597 8.032 6.038 4.384 3.776 3.896 3.722 3.468 2.920 2.814 2.660 2.548 2.357 2.312 2.057 2.045 1.883
0.0048313 -0.50000 9.80000 1.0543179512 2.4836156182    1.052  0.885  3.7132  3.380    3  0.000  0.521     0.00     0.00     0.00     0.00     0.00 -1 -1.75e-12      0.00 7.347e-01 2.604e-01 8.346e-04 2.525e-04 2.138e-03 -1.000 4.885e-03 2.559 6.476 8.006 5.968 4.288 3.674 3.783 3.604 3.347 2.793 2.687 2.531 2.418 2.225 2.179 1.922 1.910 1.745
0.0048313 -0.50000 9.80000 1.0553011894 2.4837976671    1.053  0.932  3.7115  3.326    3  0.000  0.503     0.00     0.00     0.00     0.00     0.00 -1 -2.08e-12      0.00 7.319e-01 2.633e-01 8.067e-04 2.837e-04 2.141e-03 -1.000 4.847e-03 2.439 6.366 7.971 5.900 4.198 3.581 3.681 3.498 3.238 2.680 2.572 2.415 2.302 2.107 2.061 1.802 1.790 1.623
0.0048313 -0.50000 9.80000 1.0563666821 2.4839945058    1.054  0.989  3.7096  3.262    3  0.000  0.481     0.00     0.00     0.00     0.00     0.00 -1 -2.54e-12      0.00 7.288e-01 2.663e-01 7.728e-04 3.255e-04 2.144e-03 -1.000 4.921e-03 2.298 6.236 7.924 5.816 4.091 3.468 3.558 3.372 3.109 2.545 2.437 2.278 2.164 1.968 1.922 1.661 1.648 1.479
0.0048313 -0.50000 9.80000 1.0572443008 2.4841562941    1.055  1.040  3.7078  3.205    3  0.000  0.466     0.00     0.00     0.00     0.00     0.00 -1 -3.04e-12      0.00 7.264e-01 2.687e-01 7.502e-04 3.541e-04 2.145e-03 -1.000 4.893e-03 2.171 6.117 7.882 5.743 3.995 3.368 3.449 3.258 2.993 2.424 2.315 2.155 2.040 1.843 1.796 1.533 1.520 1.350
0.0048313 -0.50000 9.80000 1.0580347776 2.4843017537    1.056  1.090  3.7060  3.148    3  0.000  0.456     0.00     0.00     0.00     0.00     0.00 -1 -3.64e-12      0.00 7.244e-01 2.707e-01 7.343e-04 3.743e-04 2.147e-03 -1.000 4.868e-03 2.045 6.000 7.841 5.669 3.899 3.267 3.340 3.146 2.879 2.305 2.195 2.034 1.919 1.720 1.672 1.408 1.395 1.222
0.0048313 -0.50000 9.80000 1.0587862730 2.4844398085    1.056  1.142  3.7041  3.088    3  0.000  0.448     0.00     0.00     0.00     0.00     0.00 -1  -4.4e-12      0.00 7.226e-01 2.725e-01 7.220e-04 3.901e-04 2.148e-03 -1.000 4.920e-03 1.914 5.879 7.799 5.592 3.798 3.163 3.227 3.030 2.760 2.181 2.070 1.908 1.792 1.592 1.544 1.277 1.264 1.089
0.0048313 -0.50000 9.80000 1.0594264269 2.4845572315    1.057  1.191  3.7022  3.032    3  0.000  0.443     0.00     0.00     0.00     0.00     0.00 -1 -5.25e-12      0.00 7.214e-01 2.737e-01 7.141e-04 4.000e-04 2.148e-03 -1.000 4.928e-03 1.792 5.766 7.766 5.521 3.706 3.066 3.122 2.922 2.649 2.065 1.954 1.790 1.674 1.472 1.424 1.155 1.141 0.965
0.0048313 -0.50000 9.80000 1.0600489378 2.4846712618    1.057  1.244  3.7002  2.971    3  0.000  0.440     0.00     0.00     0.00     0.00     0.00 -1 -6.34e-12      0.00 7.205e-01 2.746e-01 7.086e-04 4.071e-04 2.149e-03 -1.000 4.903e-03 1.661 5.645 7.736 5.451 3.609 2.964 3.012 2.806 2.531 1.942 1.830 1.665 1.547 1.344 1.295 1.024 1.010 0.831
0.0048313 -0.50000 9.80000 1.0605666637 2.4847659806    1.058  1.292  3.6981  2.915    3  0.000  0.437     0.00     0.00     0.00     0.00     0.00 -1 -7.54e-12      0.00 7.198e-01 2.753e-01 7.047e-04 4.121e-04 2.149e-03 -1.000 4.931e-03 1.541 5.536 7.724 5.411 3.536 2.885 2.918 2.707 2.427 1.831 1.718 1.551 1.432 1.228 1.178 0.904 0.890 0.709
0.0048313 -0.50000 9.80000 1.0610598326 2.4848561078    1.058  1.341  3.6959  2.857    3  0.000  0.436     0.00     0.00     0.00     0.00     0.00 -1 -9.04e-12      0.00 7.194e-01 2.757e-01 7.024e-04 4.150e-04 2.150e-03 -1.000 4.904e-03 1.416 5.423 7.712 5.370 3.460 2.802 2.820 2.603 2.320 1.716 1.601 1.432 1.313 1.106 1.056 0.779 0.765 0.581
0.0048313 -0.50000 9.80000 1.0614937544 2.4849353279    1.059  1.390  3.6938  2.800    3  0.000  0.435     0.00     0.00     0.00     0.00     0.00 -1 -1.08e-11      0.00 7.192e-01 2.759e-01 7.012e-04 4.167e-04 2.150e-03 -1.000 4.904e-03 1.296 5.314 7.703 5.331 3.387 2.722 2.727 2.503 2.216 1.604 1.489 1.318 1.198 0.989 0.938 0.659 0.644 0.458
0.0048313 -0.50000 9.80000 1.0618869066 2.4850070405    1.059  1.438  3.6915  2.743    3  0.000  0.434     0.00     0.00     0.00     0.00     0.00 -1 -1.28e-11      0.00 7.191e-01 2.760e-01 7.004e-04 4.176e-04 2.150e-03 -1.000 4.905e-03 1.176 5.206 7.697 5.294 3.315 2.643 2.635 2.404 2.113 1.495 1.378 1.205 1.084 0.873 0.822 0.539 0.525 0.336
0.0048313 -0.50000 9.80000 1.0622398853 2.4850713732    1.059  1.484  3.6892  2.687    3  0.000  0.434     0.00     0.00     0.00     0.00     0.00 -1 -1.52e-11      0.00 7.191e-01 2.760e-01 7.003e-04 4.178e-04 2.150e-03 -1.000 4.905e-03 1.059 5.100 7.681 5.257 3.245 2.566 2.545 2.308 2.014 1.388 1.270 1.095 0.973 0.760 0.708 0.423 0.408 0.216
0.0048313 -0.50000 9.80000 1.0625696182 2.4851314249    1.059  1.532  3.6868  2.630    3  0.000  0.434     0.00     0.00     0.00     0.00     0.00 -1 -1.82e-11      0.00 7.191e-01 2.760e-01 7.002e-04 4.180e-04 2.150e-03 -1.000 4.905e-03 0.940 4.993 7.649 5.222 3.176 2.491 2.456 2.212 1.914 1.280 1.161 0.985 0.861 0.647 0.594 0.306 0.290 0.096
0.0048313 -0.50000 9.80000 1.0628731251 2.4851866624    1.059  1.579  3.6843  2.573    3  0.000  0.434     0.00     0.00     0.00     0.00     0.00 -1 -2.16e-11      0.00 7.190e-01 2.760e-01 7.001e-04 4.181e-04 2.150e-03 -1.000 4.905e-03 0.821 4.886 7.618 5.187 3.107 2.415 2.367 2.117 1.815 1.173 1.053 0.875 0.750 0.533 0.480 0.189 0.173 -0.025
0.0048313 -0.50000 9.80000 1.0631405115 2.4852352959    1.060  1.624  3.6819  2.518    3  0.000  0.434     0.00     0.00     0.00     0.00     0.00 -1 -2.55e-11      0.00 7.190e-01 2.761e-01 7.000e-04 4.183e-04 2.150e-03 -1.000 4.906e-03 0.709 4.784 7.593 5.157 3.044 2.345 2.284 2.028 1.722 1.072 0.951 0.771 0.645 0.426 0.371 0.077 0.062 -0.139
0.0048313 -0.50000 9.80000 1.0633965731 2.4852818433    1.060  1.671  3.6794  2.462    3  0.000  0.434     0.00     0.00     0.00     0.00     0.00 -1 -3.03e-11      0.00 7.190e-01 2.761e-01 6.999e-04 4.184e-04 2.150e-03 -1.000 4.906e-03 0.593 4.681 7.581 5.146 2.990 2.283 2.204 1.939 1.628 0.969 0.846 0.663 0.536 0.315 0.260 -0.038 -0.054 -0.257
0.0048313 -0.50000 9.80000 1.0636235476 2.4853230816    1.060  1.714  3.6769  2.409    3  0.000  0.434     0.00     0.00     0.00     0.00     0.00 -1 -3.56e-11      0.00 7.190e-01 2.761e-01 6.998e-04 4.185e-04 2.150e-03 -1.000 4.906e-03 0.485 4.585 7.583 5.158 2.950 2.234 2.133 1.859 1.542 0.873 0.749 0.563 0.435 0.211 0.155 -0.145 -0.162 -0.368
0.0048313 -0.50000 9.80000 1.0638549328 2.4853651005    1.060  1.758  3.6744  2.354    3  0.000  0.434     0.00     0.00     0.00     0.00     0.00 -1  -4.2e-11      0.00 7.190e-01 2.761e-01 6.997e-04 4.186e-04 2.150e-03 -1.000 4.906e-03 0.374 4.487 7.583 5.168 2.907 2.182 2.061 1.777 1.455 0.775 0.650 0.461 0.331 0.105 0.049 -0.255 -0.272 -0.481
0.0048313 -0.50000 9.80000 1.0641679764 2.4854219149    1.060  1.803  3.6719  2.300    3  0.000  0.434     0.00     0.00     0.00     0.00     0.00 -1 -4.97e-11      0.00 7.190e-01 2.761e-01 6.996e-04 4.188e-04 2.150e-03 -1.000 4.907e-03 0.263 4.389 7.582 5.176 2.865 2.131 1.989 1.695 1.368 0.677 0.550 0.359 0.227 -0.001 -0.058 -0.365 -0.382 -0.595
0.0048313 -0.50000 9.80000 1.0641961098 2.4854270189    1.060  1.805  3.6718  2.297    3  0.000  0.434     0.00     0.00     0.00     0.00     0.00 -1 -5.03e-11      0.00 7.190e-01 2.761e-01 6.996e-04 4.188e-04 2.150e-03 -1.000 4.907e-03 0.257 4.384 7.581 5.176 2.862 2.128 1.985 1.691 1.363 0.672 0.545 0.354 0.222 -0.006 -0.064 -0.371 -0.388 -0.600
0.0048313 -0.50000 9.80000 1.0643614531 2.4854570098    1.060  1.780  3.6737  2.330    3  0.000  0.434     0.00     0.00     0.00     0.00     0.00 -1 -4.62e-11      0.00 7.190e-01 2.761e-01 6.995e-04 4.189e-04 2.150e-03 -1.000 4.907e-03 0.320 4.437 7.564 5.152 2.876 2.149 2.019 1.733 1.409 0.725 0.599 0.410 0.279 0.053 -0.004 -0.309 -0.326 -0.536
0.0048313 -0.50000 9.80000 1.0644778013 2.4854781072    1.060  1.746  3.6760  2.374    3  0.000  0.434     0.00     0.00     0.00     0.00     0.00 -1 -4.06e-11      0.00 7.190e-01 2.761e-01 6.994e-04 4.189e-04 2.150e-03 -1.000 4.907e-03 0.406 4.512 7.548 5.128 2.900 2.181 2.070 1.792 1.473 0.799 0.675 0.488 0.359 0.134 0.078 -0.224 -0.240 -0.448
0.0048313 -0.50000 9.80000 1.0645074844 2.4854834888    1.060  1.737  3.6766  2.384    3  0.000  0.434     0.00     0.00     0.00     0.00     0.00 -1 -3.92e-11      0.00 7.190e-01 2.761e-01 6.994e-04 4.189e-04 2.150e-03 -1.000 4.907e-03 0.427 4.530 7.544 5.122 2.906 2.189 2.083 1.806 1.489 0.817 0.693 0.507 0.378 0.154 0.098 -0.203 -0.219 -0.426
0.0048313 -0.50000 9.80000 1.0646493435 2.4855092033    1.060  1.772  3.6745  2.341    3  0.000  0.434     0.00     0.00     0.00     0.00     0.00 -1 -4.42e-11      0.00 7.190e-01 2.761e-01 6.994e-04 4.190e-04 2.150e-03 -1.000 4.907e-03 0.339 4.452 7.546 5.132 2.873 2.149 2.026 1.742 1.420 0.740 0.615 0.426 0.296 0.071 0.014 -0.290 -0.306 -0.516
0.0048313 -0.50000 9.80000 1.0648239851 2.4855408495    1.060  1.815  3.6720  2.288    3  0.000  0.434     0.00     0.00     0.00     0.00     0.00 -1 -5.17e-11      0.00 7.190e-01 2.761e-01 6.993e-04 4.191e-04 2.150e-03 -1.000 4.907e-03 0.232 4.357 7.551 5.147 2.836 2.102 1.958 1.665 1.337 0.646 0.519 0.328 0.196 -0.032 -0.090 -0.397 -0.414 -0.626
0.0048313 -0.50000 9.80000 1.0649960041 2.4855720087    1.060  1.860  3.6693  2.233    3  0.000  0.434     0.00     0.00     0.00     0.00     0.00 -1  -6.1e-11      0.00 7.190e-01 2.761e-01 6.992e-04 4.192e-04 2.150e-03 -1.000 4.908e-03 0.121 4.260 7.555 5.166 2.798 2.055 1.889 1.585 1.251 0.549 0.421 0.227 0.093 -0.137 -0.196 -0.506 -0.524 -0.739
0.0048313 -0.50000 9.80000 1.0651500225 2.4855998975    1.060  1.902  3.6666  2.180    3  0.000  0.434     0.00     0.00     0.00     0.00     0.00 -1 -7.15e-11      0.00 7.190e-01 2.761e-01 6.992e-04 4.193e-04 2.150e-03 -1.000 4.908e-03 0.015 4.167 7.558 5.198 2.767 2.015 1.826 1.512 1.172 0.458 0.328 0.131 -0.004 -0.237 -0.296 -0.610 -0.628 -0.847
0.0048313 -0.50000 9.80000 1.0652959347 2.4856263099    1.060  1.945  3.6640  2.126    3  0.000  0.434     0.00     0.00     0.00     0.00     0.00 -1  -8.4e-11      0.00 7.190e-01 2.761e-01 6.991e-04 4.193e-04 2.150e-03 -1.000 4.908e-03 -0.092 4.073 7.560 5.229 2.735 1.974 1.762 1.439 1.093 0.367 0.235 0.035 -0.102 -0.338 -0.398 -0.716 -0.734 -0.956
0.0048313 -0.50000 9.80000 1.0654302835 2.4856506218    1.060  1.987  3.6612  2.073    3  0.000  0.434     0.00     0.00     0.00     0.00     0.00 -1 -9.84e-11      0.00 7.190e-01 2.761e-01 6.991e-04 4.194e-04 2.150e-03 -1.000 4.908e-03 -0.198 3.981 7.564 5.262 2.706 1.935 1.701 1.367 1.015 0.277 0.143 -0.060 -0.198 -0.437 -0.498 -0.819 -0.838 -1.063
0.0048313 -0.50000 9.80000 1.0655561686 2.4856733957    1.059  2.030  3.6585  2.019    3  0.000  0.434     0.00     0.00     0.00     0.00     0.00 -1 -1.15e-10      0.00 7.190e-01 2.761e-01 6.990e-04 4.195e-04 2.150e-03 -1.000 4.908e-03 -0.304 3.888 7.555 5.299 2.679 1.900 1.641 1.297 0.938 0.187 0.052 -0.154 -0.294 -0.536 -0.598 -0.923 -0.942 -1.170
0.0048313 -0.50000 9.80000 1.0656715631 2.4856942663    1.059  2.072  3.6557  1.966    3  0.000  0.434     0.00     0.00     0.00     0.00     0.00 -1 -1.35e-10      0.00 7.190e-01 2.761e-01 6.990e-04 4.195e-04 2.150e-03 -1.000 4.908e-03 -0.410 3.797 7.512 5.343 2.667 1.875 1.592 1.235 0.866 0.099 -0.038 -0.248 -0.390 -0.634 -0.697 -1.025 -1.044 -1.276
0.0048313 -0.50000 9.80000 1.0657795668 2.4857137955    1.059  2.114  3.6529  1.912    3  0.000  0.433     0.00     0.00     0.00     0.00     0.00 -1 -1.59e-10      0.00 7.190e-01 2.761e-01 6.989e-04 4.196e-04 2.150e-03 -1.000 4.908e-03 -0.516 3.705 7.460 5.386 2.660 1.855 1.547 1.177 0.795 0.010 -0.130 -0.343 -0.487 -0.733 -0.797 -1.129 -1.148 -1.383
0.0048313 -0.50000 9.80000 1.0658768415 2.4857313807    1.059  2.156  3.6501  1.859    3  0.000  0.433     0.00     0.00     0.00     0.00     0.00 -1 -1.86e-10      0.00 7.190e-01 2.761e-01 6.989e-04 4.196e-04 2.150e-03 -1.000 4.908e-03 -0.619 3.616 7.416 5.423 2.651 1.834 1.504 1.121 0.726 -0.077 -0.220 -0.436 -0.581 -0.830 -0.894 -1.229 -1.248 -1.486
0.0048313 -0.50000 9.80000 1.0659658909 2.4857474758    1.058  2.197  3.6472  1.807    3  0.000  0.433     0.00     0.00     0.00     0.00     0.00 -1 -2.17e-10      0.00 7.190e-01 2.761e-01 6.989e-04 4.197e-04 2.150e-03 -1.000 4.908e-03 -0.721 3.530 7.368 5.460 2.645 1.817 1.465 1.069 0.662 -0.160 -0.305 -0.524 -0.671 -0.923 -0.988 -1.326 -1.345 -1.587
0.0048313 -0.50000 9.80000 1.0660492182 2.4857625338    1.058  2.237  3.6444  1.755    3  0.000  0.433     0.00     0.00     0.00     0.00     0.00 -1 -2.53e-10      0.00 7.190e-01 2.761e-01 6.988e-04 4.197e-04 2.150e-03 -1.000 4.909e-03 -0.824 3.443 7.325 5.490 2.635 1.798 1.426 1.017 0.597 -0.243 -0.391 -0.613 -0.762 -1.016 -1.082 -1.423 -1.443 -1.688
0.0048313 -0.50000 9.80000 1.0661252737 2.4857762754    1.058  2.278  3.6415  1.703    3  0.000  0.433     0.00     0.00     0.00     0.00     0.00 -1 -2.95e-10      0.00 7.190e-01 2.761e-01 6.988e-04 4.198e-04 2.150e-03 -1.000 4.909e-03 -0.924 3.357 7.290 5.520 2.626 1.779 1.389 0.967 0.533 -0.325 -0.475 -0.700 -0.850 -1.107 -1.174 -1.518 -1.538 -1.786
0.0048313 -0.50000 9.80000 1.0661978722 2.4857893903    1.057  2.319  3.6386  1.650    3  0.000  0.433     0.00     0.00     0.00     0.00     0.00 -1 -3.45e-10      0.00 7.190e-01 2.761e-01 6.988e-04 4.198e-04 2.150e-03 -1.000 4.909e-03 -1.027 3.270 7.252 5.545 2.613 1.758 1.352 0.916 0.469 -0.407 -0.560 -0.788 -0.940 -1.200 -1.268 -1.615 -1.635 -1.887
0.0048313 -0.50000 9.80000 1.0662630796 2.4858011683    1.057  2.359  3.6357  1.598    3  0.000  0.433     0.00     0.00     0.00     0.00     0.00 -1 -4.02e-10      0.00 7.190e-01 2.761e-01 6.988e-04 4.198e-04 2.150e-03 -1.000 4.909e-03 -1.127 3.187 7.218 5.569 2.603 1.741 1.319 0.870 0.409 -0.485 -0.641 -0.872 -1.025 -1.288 -1.357 -1.708 -1.728 -1.984
0.0048313 -0.50000 9.80000 1.0663239956 2.4858121696    1.056  2.399  3.6327  1.546    3  0.000  0.433     0.00     0.00     0.00     0.00     0.00 -1 -4.69e-10      0.00 7.190e-01 2.761e-01 6.987e-04 4.199e-04 2.150e-03 -1.000 4.909e-03 -1.228 3.103 7.185 5.588 2.589 1.721 1.285 0.823 0.348 -0.563 -0.721 -0.956 -1.110 -1.376 -1.446 -1.801 -1.821 -2.081
0.0048313 -0.50000 9.80000 1.0663808584 2.4858224376    1.056  2.439  3.6298  1.493    3  0.000  0.433     0.00     0.00     0.00     0.00     0.00 -1 -5.47e-10      0.00 7.190e-01 2.761e-01 6.987e-04 4.199e-04 2.150e-03 -1.000 4.909e-03 -1.329 3.018 7.156 5.602 2.573 1.700 1.251 0.776 0.287 -0.641 -0.803 -1.040 -1.195 -1.465 -1.535 -1.894 -1.915 -2.178
0.0048313 -0.50000 9.80000 1.0664316416 2.4858316067    1.055  2.478  3.6269  1.443    3  0.000  0.433     0.00     0.00     0.00     0.00     0.00 -1 -6.35e-10      0.00 7.190e-01 2.761e-01 6.987e-04 4.199e-04 2.150e-03 -1.000 4.909e-03 -1.426 2.938 7.141 5.642 2.571 1.696 1.221 0.732 0.233 -0.711 -0.874 -1.116 -1.273 -1.547 -1.619 -1.984 -2.005 -2.273
0.0048313 -0.50000 9.80000 1.0664803982 2.4858404090    1.055  2.518  3.6239  1.391    3  0.000  0.433     9.29     6.98     4.94     3.79     3.07  4  -7.4e-10      0.00 7.190e-01 2.761e-01 6.987e-04 4.199e-04 2.150e-03 -1.000 4.909e-03 -1.525 2.856 7.123 5.680 2.568 1.692 1.190 0.687 0.178 -0.783 -0.948 -1.195 -1.354 -1.631 -1.705 -2.076 -2.097 -2.370
0.0048313 -0.50000 9.80000 1.0665246248 2.4858483926    1.054  2.557  3.6209  1.340    3  0.000  0.433    10.32     7.65     5.39     4.14     3.36  4 -8.58e-10      0.00 7.190e-01 2.761e-01 6.987e-04 4.200e-04 2.150e-03 -1.000 4.909e-03 -1.622 2.777 7.106 5.721 2.568 1.690 1.163 0.645 0.126 -0.851 -1.019 -1.270 -1.431 -1.713 -1.788 -2.165 -2.187 -2.464
0.0048313 -0.50000 9.80000 1.0665665865 2.4858559667    1.053  2.596  3.6179  1.288    3  0.000  0.433    11.49     8.40     5.89     4.53     3.68  3 -9.98e-10      0.00 7.190e-01 2.761e-01 6.986e-04 4.200e-04 2.150e-03 -1.000 4.909e-03 -1.720 2.696 7.081 5.756 2.567 1.688 1.136 0.603 0.074 -0.920 -1.090 -1.346 -1.508 -1.795 -1.872 -2.254 -2.277 -2.559
0.0048313 -0.50000 9.80000 1.0666058064 2.4858630452    1.052  2.635  3.6150  1.237    3  0.000  0.433    12.78     9.22     6.43     4.96     4.03  3 -1.16e-09      0.00 7.190e-01 2.761e-01 6.986e-04 4.200e-04 2.150e-03 -1.000 4.909e-03 -1.818 2.616 7.053 5.788 2.566 1.687 1.109 0.563 0.024 -0.987 -1.160 -1.420 -1.584 -1.875 -1.955 -2.344 -2.367 -2.654
0.0048313 -0.50000 9.80000 1.0666410923 2.4858694133    1.051  2.673  3.6120  1.187    3  0.000  0.433    14.17    10.08     7.01     5.41     4.39  3 -1.34e-09      0.00 7.190e-01 2.761e-01 6.986e-04 4.200e-04 2.150e-03 -1.000 4.909e-03 -1.912 2.540 7.026 5.822 2.568 1.689 1.086 0.526 -0.023 -1.051 -1.226 -1.491 -1.657 -1.952 -2.033 -2.429 -2.453 -2.745
0.0048313 -0.50000 9.80000 1.0666748285 2.4858755012    1.050  2.711  3.6090  1.137    3  0.000  0.433    15.74    11.05     7.65     5.91     4.80  3 -1.56e-09      0.00 7.190e-01 2.761e-01 6.986e-04 4.200e-04 2.150e-03 -1.000 4.909e-03 -2.007 2.462 6.994 5.853 2.569 1.691 1.063 0.490 -0.070 -1.115 -1.292 -1.562 -1.729 -2.030 -2.113 -2.515 -2.540 -2.837
0.0048313 -0.50000 9.80000 1.0667058229 2.4858810939    1.049  2.748  3.6060  1.087    3  0.000  0.433    17.44    12.08     8.33     6.45     5.24  3  -1.8e-09      0.00 7.189e-01 2.761e-01 6.986e-04 4.201e-04 2.150e-03 -1.000 4.909e-03 -2.100 2.388 6.959 5.879 2.570 1.693 1.044 0.458 -0.112 -1.175 -1.354 -1.629 -1.798 -2.103 -2.189 -2.598 -2.623 -2.926
0.0048313 -0.50000 9.80000 1.0667350292 2.4858863637    1.048  2.786  3.6031  1.037    3  0.000  0.433    19.34    13.21     9.08     7.03     5.71  3 -2.08e-09      0.00 7.189e-01 2.761e-01 6.986e-04 4.201e-04 2.150e-03 -1.000 4.909e-03 -2.194 2.313 6.923 5.904 2.571 1.696 1.025 0.426 -0.155 -1.234 -1.416 -1.696 -1.867 -2.177 -2.265 -2.682 -2.707 -3.016
0.0048313 -0.50000 9.80000 1.0667630434 2.4858914180    1.047  2.824  3.6000  0.986    3  0.000  0.433    21.50    14.49     9.91     7.69     6.25  3 -2.42e-09      0.00 7.189e-01 2.761e-01 6.986e-04 4.201e-04 2.150e-03 -1.000 4.909e-03 -2.289 2.237 6.886 5.931 2.573 1.701 1.008 0.395 -0.197 -1.295 -1.479 -1.764 -1.936 -2.252 -2.342 -2.767 -2.793 -3.107
0.0048313 -0.50000 9.80000 1.0667941570 2.4858970312    1.045  2.869  3.5962  0.925    3  0.000  0.433    24.38    16.16    11.00     8.55     6.95  3 -2.88e-09      0.00 7.189e-01 2.761e-01 6.986e-04 4.201e-04 2.150e-03 -1.000 4.909e-03 -2.402 2.149 6.836 5.955 2.577 1.710 0.996 0.368 -0.237 -1.358 -1.546 -1.837 -2.012 -2.335 -2.430 -2.866 -2.893 -3.214
0.0048313 -0.50000 9.80000 1.0668228865 2.4859022139    1.043  2.914  3.5925  0.865    3  0.000  0.433    27.64    18.02    12.21     9.50     7.73  2 -3.44e-09      0.00 7.189e-01 2.761e-01 6.986e-04 4.201e-04 2.150e-03 -1.000 4.909e-03 -2.514 2.062 6.784 5.977 2.579 1.717 0.986 0.343 -0.277 -1.422 -1.612 -1.911 -2.087 -2.418 -2.516 -2.965 -2.992 -3.321
0.0048313 -0.50000 9.80000 1.0668497086 2.4859070523    1.041  2.958  3.5887  0.804    3  0.000  0.433    31.34    20.10    13.55    10.57     8.59  2  -4.1e-09      0.00 7.189e-01 2.761e-01 6.985e-04 4.201e-04 2.150e-03 -1.000 4.909e-03 -2.626 1.976 6.731 5.996 2.579 1.724 0.977 0.320 -0.314 -1.482 -1.676 -1.981 -2.159 -2.498 -2.601 -3.062 -3.090 -3.427
0.0048313 -0.50000 9.80000 1.0668704510 2.4859107938    1.040  2.995  3.5856  0.754    3  0.000  0.433    34.76    21.99    14.76    11.53     9.38  2 -4.75e-09      0.00 7.189e-01 2.761e-01 6.985e-04 4.201e-04 2.150e-03 -1.000 4.909e-03 -2.718 1.906 6.684 6.005 2.575 1.726 0.969 0.302 -0.342 -1.528 -1.724 -2.035 -2.214 -2.560 -2.668 -3.141 -3.170 -3.515
0.0048313 -0.50000 9.80000 1.0668932199 2.4859149006    1.037  3.038  3.5819  0.695    3  0.000  0.433    39.28    24.45    16.33    12.78    10.40  2 -5.63e-09      0.00 7.189e-01 2.761e-01 6.985e-04 4.201e-04 2.150e-03 -1.000 4.909e-03 -2.825 1.826 6.631 6.018 2.572 1.731 0.964 0.285 -0.372 -1.580 -1.779 -2.096 -2.277 -2.632 -2.745 -3.233 -3.263 -3.617
0.0048313 -0.50000 9.80000 1.0669140816 2.4859186632    1.034  3.080  3.5781  0.637    3  0.000  0.433    44.29    27.14    18.04    14.14    11.51  2 -6.66e-09      0.00 7.189e-01 2.761e-01 6.985e-04 4.202e-04 2.150e-03 -1.000 4.909e-03 -2.930 1.750 6.578 6.028 2.565 1.733 0.961 0.273 -0.395 -1.623 -1.825 -2.149 -2.331 -2.695 -2.816 -3.321 -3.352 -3.715
0.0048313 -0.50000 9.80000 1.0669338703 2.4859222321    1.031  3.122  3.5743  0.578    3  0.000  0.433    50.01    30.15    19.95    15.66    12.75  2  -7.9e-09      0.00 7.189e-01 2.761e-01 6.985e-04 4.202e-04 2.150e-03 -1.000 4.909e-03 -3.035 1.674 6.522 6.033 2.553 1.732 0.959 0.264 -0.414 -1.661 -1.865 -2.196 -2.378 -2.753 -2.882 -3.409 -3.440 -3.815
0.0048313 -0.50000 9.80000 1.0669524670 2.4859255860    1.028  3.164  3.5704  0.520    3  0.000  0.433    56.46    33.50    22.06    17.34    14.12  2 -9.36e-09      0.00 7.189e-01 2.761e-01 6.985e-04 4.202e-04 2.150e-03 -1.000 4.909e-03 -3.140 1.601 6.467 6.039 2.543 1.732 0.959 0.257 -0.431 -1.697 -1.904 -2.240 -2.424 -2.810 -2.948 -3.495 -3.527 -3.913
0.0048313 -0.50000 9.80000 1.0669695139 2.4859286602    1.025  3.205  3.5665  0.462    3  0.000  0.433    63.68    37.18    24.37    19.19    15.63  1 -1.11e-08      0.00 7.189e-01 2.761e-01 6.985e-04 4.202e-04 2.150e-03 -1.000 4.909e-03 -3.242 1.533 6.412 6.041 2.524 1.728 0.964 0.262 -0.433 -1.713 -1.923 -2.266 -2.449 -2.850 -3.002 -3.577 -3.611 -4.010
0.0048313 -0.50000 9.80000 1.0669854879 2.4859315408    1.021  3.245  3.5625  0.404    3  0.000  0.433    71.79    41.25    26.90    21.22    17.29  1 -1.31e-08      0.00 7.189e-01 2.761e-01 6.985e-04 4.202e-04 2.150e-03 -1.000 4.909e-03 -3.343 1.467 6.356 6.042 2.502 1.720 0.975 0.273 -0.428 -1.725 -1.937 -2.287 -2.469 -2.886 -3.052 -3.657 -3.692 -4.105
0.0048313 -0.50000 9.80000 1.0670002699 2.4859342064    1.016  3.284  3.5585  0.347    3  0.000  0.433    80.76    45.67    29.64    23.43    19.08  1 -1.54e-08      0.00 7.189e-01 2.761e-01 6.985e-04 4.202e-04 2.150e-03 -1.000 4.909e-03 -3.441 1.407 6.303 6.043 2.479 1.713 0.989 0.291 -0.416 -1.725 -1.939 -2.297 -2.477 -2.912 -3.094 -3.732 -3.768 -4.196
0.0048313 -0.50000 9.80000 1.0670138597 2.4859366569    1.011  3.322  3.5546  0.291    3  0.000  0.433    90.62    50.45    32.60    25.80    21.03  1  -1.8e-08      0.00 7.189e-01 2.761e-01 6.985e-04 4.202e-04 2.150e-03 -1.000 4.909e-03 -3.536 1.352 6.254 6.047 2.458 1.709 1.004 0.314 -0.393 -1.710 -1.926 -2.291 -2.467 -2.924 -3.126 -3.801 -3.839 -4.284
0.0048313 -0.50000 9.80000 1.0670267344 2.4859389784    1.006  3.357  3.5509  0.239    3  0.000  0.433   100.95    55.38    35.63    28.25    23.02  1 -2.09e-08      0.00 7.189e-01 2.761e-01 6.985e-04 4.202e-04 2.150e-03 -1.000 4.909e-03 -3.623 1.302 6.209 6.051 2.439 1.706 1.019 0.338 -0.371 -1.694 -1.912 -2.283 -2.456 -2.934 -3.155 -3.865 -3.904 -4.366
0.0048313 -0.50000 9.80000 1.0670318604 2.4859399027    1.004  3.371  3.5495  0.219    3  0.000  0.433   105.14    57.35    36.84    29.22    23.82  1 -2.21e-08      0.00 7.189e-01 2.761e-01 6.985e-04 4.202e-04 2.150e-03 -1.000 4.909e-03 -3.657 1.284 6.191 6.052 2.431 1.705 1.024 0.347 -0.361 -1.685 -1.903 -2.277 -2.449 -2.936 -3.165 -3.888 -3.928 -4.396
0.0048313 -0.50000 9.80000 1.0670318604 2.4859399027    1.004  1.761  3.6975  2.421    4  0.000  0.453     0.00     0.00     0.00     0.00     0.00 -1    -1e-30      0.00 7.173e-01 2.778e-01 7.358e-04 3.849e-04 2.165e-03 -1.000 4.931e-03 0.367 4.370 6.596 4.311 2.419 1.771 1.759 1.548 1.262 0.659 0.544 0.378 0.261 0.055 0.005 -0.271 -0.285 -0.468
0.0048313 -0.50000 9.80000 1.0671610832 2.4859631997    1.004  1.772  3.6966  2.406    4  0.000  0.453     0.00     0.00     0.00     0.00     0.00 -1    -1e-30      0.00 7.173e-01 2.778e-01 7.357e-04 3.850e-04 2.165e-03 -1.000 4.931e-03 0.340 4.348 6.614 4.318 2.412 1.761 1.744 1.530 1.242 0.636 0.520 0.354 0.236 0.029 -0.021 -0.298 -0.312 -0.496
0.0048313 -0.50000 9.80000 1.0672954321 2.4859874140    1.005  1.777  3.6963  2.401    4  0.000  0.453     0.00     0.00     0.00     0.00     0.00 -1    -1e-30      0.00 7.173e-01 2.778e-01 7.357e-04 3.851e-04 2.165e-03 -1.000 4.931e-03 0.328 4.337 6.617 4.318 2.407 1.755 1.736 1.521 1.232 0.625 0.510 0.343 0.224 0.018 -0.033 -0.310 -0.324 -0.508
0.0048313 -0.50000 9.80000 1.0674309731 2.4860118361    1.005  1.779  3.6964  2.399    4  0.000  0.453     0.00     0.00     0.00     0.00     0.00 -1    -1e-30      0.00 7.173e-01 2.778e-01 7.356e-04 3.851e-04 2.165e-03 -1.000 4.931e-03 0.324 4.332 6.609 4.311 2.401 1.750 1.730 1.516 1.227 0.620 0.505 0.338 0.220 0.013 -0.037 -0.314 -0.328 -0.513
0.0048313 -0.50000 9.80000 1.0675672293 2.4860363798    1.005  1.779  3.6967  2.400    4  0.000  0.453     0.00     0.00     0.00     0.00     0.00 -1    -1e-30      0.00 7.173e-01 2.778e-01 7.355e-04 3.852e-04 2.165e-03 -1.000 4.931e-03 0.323 4.331 6.594 4.300 2.395 1.745 1.726 1.513 1.225 0.619 0.503 0.337 0.219 0.012 -0.038 -0.315 -0.329 -0.513
0.0048313 -0.50000 9.80000 1.0677064657 2.4860614529    1.005  1.778  3.6971  2.403    4  0.000  0.453     0.00     0.00     0.00     0.00     0.00 -1    -1e-30      0.00 7.173e-01 2.778e-01 7.355e-04 3.853e-04 2.165e-03 -1.000 4.931e-03 0.325 4.330 6.575 4.288 2.389 1.740 1.723 1.511 1.223 0.619 0.503 0.337 0.219 0.014 -0.037 -0.313 -0.327 -0.511
0.0048313 -0.50000 9.80000 1.0678441525 2.4860862396    1.005  1.777  3.6976  2.405    4  0.000  0.453     0.00     0.00     0.00     0.00     0.00 -1    -1e-30      0.00 7.173e-01 2.778e-01 7.354e-04 3.854e-04 2.165e-03 -1.000 4.931e-03 0.328 4.330 6.555 4.274 2.382 1.734 1.720 1.509 1.222 0.620 0.504 0.338 0.221 0.015 -0.035 -0.310 -0.324 -0.508
0.0048313 -0.50000 9.80000 1.0679826736 2.4861111691    1.005  1.776  3.6980  2.408    4  0.000  0.453     0.00     0.00     0.00     0.00     0.00 -1    -1e-30      0.00 7.173e-01 2.778e-01 7.353e-04 3.855e-04 2.165e-03 -1.000 4.931e-03 0.330 4.331 6.535 4.261 2.375 1.729 1.717 1.507 1.221 0.620 0.505 0.340 0.222 0.017 -0.033 -0.308 -0.322 -0.505
0.0048313 -0.50000 9.80000 1.0681208372 2.4861360268    1.005  1.775  3.6985  2.411    4  0.000  0.453     0.00     0.00     0.00     0.00     0.00 -1    -1e-30      0.00 7.172e-01 2.778e-01 7.353e-04 3.856e-04 2.165e-03 -1.000 4.931e-03 0.333 4.331 6.515 4.247 2.369 1.724 1.714 1.506 1.221 0.621 0.506 0.341 0.224 0.019 -0.031 -0.305 -0.319 -0.502
0.0048313 -0.50000 9.80000 1.0682613850 2.4861613058    1.006  1.774  3.6989  2.414    4  0.000  0.453     0.00     0.00     0.00     0.00     0.00 -1    -1e-30      0.00 7.172e-01 2.778e-01 7.352e-04 3.856e-04 2.165e-03 -1.000 4.931e-03 0.334 4.331 6.495 4.234 2.362 1.719 1.711 1.504 1.219 0.621 0.506 0.341 0.225 0.020 -0.030 -0.304 -0.317 -0.499
0.0048313 -0.50000 9.80000 1.0683879852 2.4861840697    1.006  1.774  3.6993  2.416    4  0.000  0.453     0.00     0.00     0.00     0.00     0.00 -1    -1e-30      0.00 7.172e-01 2.778e-01 7.351e-04 3.857e-04 2.165e-03 -1.000 4.931e-03 0.335 4.330 6.478 4.222 2.356 1.714 1.707 1.501 1.217 0.620 0.506 0.341 0.225 0.021 -0.029 -0.303 -0.316 -0.498
0.0048313 -0.50000 9.80000 1.0685155392 2.4862069989    1.006  1.774  3.6996  2.417    4  0.000  0.453     0.00     0.00     0.00     0.00     0.00 -1    -1e-30      0.00 7.172e-01 2.778e-01 7.351e-04 3.858e-04 2.165e-03 -1.000 4.931e-03 0.336 4.329 6.462 4.212 2.350 1.709 1.704 1.499 1.216 0.620 0.505 0.341 0.225 0.021 -0.029 -0.302 -0.316 -0.497
0.0048313 -0.50000 9.80000 1.0686439276 2.4862300716    1.006  1.773  3.6999  2.419    4  0.000  0.453     0.00     0.00     0.00     0.00     0.00 -1    -1e-30      0.00 7.172e-01 2.778e-01 7.350e-04 3.859e-04 2.165e-03 -1.000 4.931e-03 0.336 4.328 6.447 4.201 2.344 1.704 1.701 1.497 1.214 0.619 0.504 0.341 0.224 0.021 -0.029 -0.302 -0.315 -0.496
0.0048313 -0.50000 9.80000 1.0687729120 2.4862532451    1.006  1.773  3.7002  2.420    4  0.000  0.453     0.00     0.00     0.00     0.00     0.00 -1    -1e-30      0.00 7.172e-01 2.778e-01 7.350e-04 3.860e-04 2.165e-03 -1.000 4.931e-03 0.337 4.327 6.432 4.192 2.339 1.700 1.698 1.494 1.212 0.618 0.504 0.340 0.224 0.021 -0.029 -0.301 -0.315 -0.495
0.0048313 -0.50000 9.80000 1.0689090490 2.4862776966    1.006  1.773  3.7005  2.421    4  0.000  0.452     0.00     0.00     0.00     0.00     0.00 -1    -1e-30      0.00 7.172e-01 2.778e-01 7.349e-04 3.860e-04 2.165e-03 -1.000 4.931e-03 0.337 4.325 6.417 4.183 2.334 1.696 1.694 1.492 1.210 0.617 0.503 0.339 0.223 0.020 -0.029 -0.301 -0.315 -0.495
0.0048313 -0.50000 9.80000 1.0689535141 2.4862856814    1.006  1.773  3.7005  2.422    4  0.000  0.452     0.00     0.00     0.00     0.00     0.00 -1    -1e-30      0.00 7.172e-01 2.778e-01 7.349e-04 3.861e-04 2.165e-03 -1.000 4.932e-03 0.336 4.325 6.413 4.180 2.332 1.694 1.693 1.491 1.209 0.616 0.502 0.339 0.223 0.020 -0.029 -0.301 -0.315 -0.495
0.0048313 -0.50000 9.80000 1.0690236092 2.4862982671    1.007  1.774  3.7007  2.422    4  0.000  0.452     0.00     0.00     0.00     0.00     0.00 -1    -1e-30      0.00 7.172e-01 2.778e-01 7.348e-04 3.861e-04 2.165e-03 -1.000 4.931e-03 0.336 4.324 6.406 4.176 2.330 1.692 1.691 1.490 1.208 0.615 0.502 0.338 0.222 0.019 -0.030 -0.302 -0.315 -0.495
0.0048313 -0.50000 9.80000 1.0691497326 2.4863209082    1.007  1.774  3.7009  2.422    4  0.000  0.452     0.00     0.00     0.00     0.00     0.00 -1    -1e-30      0.00 7.172e-01 2.778e-01 7.348e-04 3.862e-04 2.165e-03 -1.000 4.931e-03 0.335 4.322 6.395 4.169 2.325 1.688 1.688 1.487 1.206 0.614 0.500 0.337 0.221 0.019 -0.031 -0.302 -0.316 -0.496
0.0048313 -0.50000 9.80000 1.0692746639 2.4863433291    1.007  1.774  3.7010  2.423    4  0.000  0.452     0.00     0.00     0.00     0.00     0.00 -1    -1e-30      0.00 7.172e-01 2.778e-01 7.347e-04 3.863e-04 2.165e-03 -1.000 4.931e-03 0.334 4.320 6.385 4.162 2.321 1.685 1.686 1.485 1.204 0.612 0.499 0.336 0.220 0.017 -0.032 -0.303 -0.317 -0.497
0.0048313 -0.50000 9.80000 1.0694041252 2.4863665567    1.007  1.775  3.7012  2.423    4  0.000  0.452     0.00     0.00     0.00     0.00     0.00 -1    -1e-30      0.00 7.172e-01 2.778e-01 7.347e-04 3.863e-04 2.165e-03 -1.000 4.931e-03 0.333 4.318 6.375 4.156 2.317 1.681 1.682 1.482 1.201 0.610 0.497 0.334 0.218 0.016 -0.034 -0.305 -0.318 -0.498
0.0048313 -0.50000 9.80000 1.0695325136 2.4863895854    1.007  1.776  3.7013  2.423    4  0.000  0.452     0.00     0.00     0.00     0.00     0.00 -1    -1e-30      0.00 7.172e-01 2.778e-01 7.346e-04 3.864e-04 2.165e-03 -1.000 4.931e-03 0.331 4.315 6.368 4.151 2.314 1.678 1.679 1.479 1.199 0.608 0.494 0.332 0.216 0.014 -0.036 -0.307 -0.320 -0.500
0.0048313 -0.50000 9.80000 1.0696570873 2.4864119238    1.007  1.777  3.7013  2.422    4  0.000  0.452     0.00     0.00     0.00     0.00     0.00 -1    -1e-30      0.00 7.172e-01 2.779e-01 7.345e-04 3.865e-04 2.165e-03 -1.000 4.931e-03 0.328 4.312 6.362 4.147 2.310 1.675 1.676 1.476 1.196 0.605 0.492 0.329 0.213 0.011 -0.038 -0.309 -0.323 -0.502
0.0048313 -0.50000 9.80000 1.0697946548 2.4864365852    1.007  1.778  3.7014  2.421    4  0.000  0.452     0.00     0.00     0.00     0.00     0.00 -1    -1e-30      0.00 7.172e-01 2.779e-01 7.345e-04 3.866e-04 2.165e-03 -1.000 4.931e-03 0.325 4.309 6.358 4.144 2.307 1.671 1.673 1.473 1.192 0.602 0.488 0.326 0.210 0.008 -0.041 -0.312 -0.326 -0.505
0.0048313 -0.50000 9.80000 1.0699199438 2.4864590392    1.008  1.779  3.7013  2.419    4  0.000  0.452     0.00     0.00     0.00     0.00     0.00 -1    -1e-30      0.00 7.172e-01 2.779e-01 7.344e-04 3.866e-04 2.165e-03 -1.000 4.931e-03 0.322 4.306 6.357 4.142 2.304 1.669 1.670 1.470 1.189 0.598 0.485 0.322 0.207 0.004 -0.045 -0.316 -0.330 -0.509
0.0048313 -0.50000 9.80000 1.0699292421 2.4864607054    1.008  1.779  3.7013  2.419    4  0.000  0.452     0.00     0.00     0.00     0.00     0.00 -1    -1e-30      0.00 7.172e-01 2.779e-01 7.344e-04 3.866e-04 2.165e-03 -1.000 4.931e-03 0.321 4.305 6.357 4.142 2.304 1.669 1.670 1.469 1.189 0.598 0.485 0.322 0.206 0.004 -0.045 -0.316 -0.330 -0.509
0.0048313 -0.50000 9.80000 1.0699788332 2.4864695911    1.008  1.780  3.7013  2.418    4  0.000  0.452     0.00     0.00     0.00     0.00     0.00 -1    -1e-30      0.00 7.172e-01 2.779e-01 7.344e-04 3.867e-04 2.165e-03 -1.000 4.931e-03 0.320 4.304 6.357 4.141 2.303 1.667 1.668 1.468 1.187 0.596 0.483 0.320 0.204 0.002 -0.047 -0.318 -0.332 -0.511
0.0048313 -0.50000 9.80000 1.0701197386 2.4864948334    1.008  1.783  3.7011  2.415    4  0.000  0.452     0.00     0.00     0.00     0.00     0.00 -1    -1e-30      0.00 7.172e-01 2.779e-01 7.343e-04 3.868e-04 2.165e-03 -1.000 4.931e-03 0.314 4.299 6.359 4.141 2.300 1.664 1.664 1.463 1.182 0.591 0.477 0.315 0.199 -0.004 -0.053 -0.324 -0.338 -0.517
0.0048313 -0.50000 9.80000 1.0702557564 2.4865191929    1.008  1.785  3.7009  2.412    4  0.000  0.452     0.00     0.00     0.00     0.00     0.00 -1    -1e-30      0.00 7.172e-01 2.779e-01 7.342e-04 3.868e-04 2.165e-03 -1.000 4.931e-03 0.307 4.293 6.365 4.142 2.298 1.662 1.660 1.459 1.177 0.585 0.471 0.308 0.192 -0.010 -0.060 -0.331 -0.345 -0.524
0.0048313 -0.50000 9.80000 1.0703933239 2.4865438226    1.008  1.789  3.7006  2.407    4  0.000  0.452     0.00     0.00     0.00     0.00     0.00 -1    -1e-30      0.00 7.172e-01 2.779e-01 7.342e-04 3.869e-04 2.165e-03 -1.000 4.931e-03 0.298 4.286 6.375 4.145 2.297 1.659 1.655 1.453 1.171 0.578 0.464 0.300 0.184 -0.019 -0.068 -0.340 -0.354 -0.534
0.0048313 -0.50000 9.80000 1.0705345869 2.4865691064    1.008  1.793  3.7002  2.401    4  0.000  0.452     0.00     0.00     0.00     0.00     0.00 -1    -1e-30      0.00 7.172e-01 2.779e-01 7.341e-04 3.870e-04 2.165e-03 -1.000 4.931e-03 0.288 4.278 6.388 4.150 2.295 1.656 1.650 1.446 1.163 0.569 0.454 0.291 0.174 -0.029 -0.078 -0.351 -0.364 -0.545
0.0048313 -0.50000 9.80000 1.0706734657 2.4865939560    1.008  1.798  3.6996  2.394    4  0.000  0.452     0.00     0.00     0.00     0.00     0.00 -1    -1e-30      0.00 7.172e-01 2.779e-01 7.340e-04 3.871e-04 2.165e-03 -1.000 4.931e-03 0.275 4.268 6.403 4.157 2.294 1.653 1.644 1.439 1.155 0.558 0.444 0.280 0.163 -0.041 -0.090 -0.363 -0.377 -0.558
0.0048313 -0.50000 9.80000 1.0708124638 2.4866188195    1.009  1.804  3.6990  2.386    4  0.000  0.452     0.00     0.00     0.00     0.00     0.00 -1    -1e-30      0.00 7.172e-01 2.779e-01 7.340e-04 3.872e-04 2.165e-03 -1.000 4.931e-03 0.261 4.257 6.421 4.167 2.293 1.650 1.638 1.430 1.145 0.546 0.432 0.267 0.150 -0.054 -0.104 -0.378 -0.392 -0.573
0.0048313 -0.50000 9.80000 1.0709486008 2.4866431641    1.009  1.809  3.6984  2.378    4  0.000  0.452     0.00     0.00     0.00     0.00     0.00 -1    -1e-30      0.00 7.172e-01 2.779e-01 7.339e-04 3.873e-04 2.165e-03 -1.000 4.932e-03 0.247 4.247 6.439 4.176 2.293 1.648 1.632 1.422 1.136 0.535 0.420 0.255 0.138 -0.067 -0.117 -0.391 -0.405 -0.588
0.0048313 -0.50000 9.80000 1.0710835457 2.4866672884    1.009  1.813  3.6981  2.373    4  0.000  0.452     0.00     0.00     0.00     0.00     0.00 -1    -1e-30      0.00 7.172e-01 2.779e-01 7.339e-04 3.873e-04 2.165e-03 -1.000 4.931e-03 0.238 4.239 6.447 4.179 2.291 1.645 1.627 1.416 1.130 0.527 0.412 0.247 0.129 -0.076 -0.126 -0.401 -0.415 -0.597
0.0048313 -0.50000 9.80000 1.0712206364 2.4866917892    1.009  1.826  3.6965  2.354    4  0.000  0.452     0.00     0.00     0.00     0.00     0.00 -1    -1e-30      0.00 7.172e-01 2.779e-01 7.338e-04 3.874e-04 2.165e-03 -1.000 4.931e-03 0.204 4.213 6.492 4.203 2.290 1.639 1.613 1.397 1.107 0.500 0.384 0.217 0.099 -0.108 -0.158 -0.435 -0.449 -0.633
0.0048313 -0.50000 9.80000 1.0713571310 2.4867161763    1.009  1.847  3.6943  2.324    4  0.000  0.452     0.00     0.00     0.00     0.00     0.00 -1    -1e-30      0.00 7.172e-01 2.779e-01 7.337e-04 3.875e-04 2.165e-03 -1.000 4.931e-03 0.152 4.172 6.556 4.236 2.288 1.630 1.590 1.367 1.073 0.457 0.340 0.171 0.052 -0.157 -0.208 -0.487 -0.501 -0.688
0.0048313 -0.50000 9.80000 1.0714640617 2.4867352763    1.009  1.882  3.6905  2.274    4  0.000  0.452     0.00     0.00     0.00     0.00     0.00 -1    -1e-30      0.00 7.172e-01 2.779e-01 7.337e-04 3.876e-04 2.165e-03 -1.000 4.931e-03 0.064 4.104 6.664 4.291 2.284 1.613 1.552 1.317 1.015 0.385 0.266 0.094 -0.027 -0.239 -0.291 -0.575 -0.590 -0.781
0.0048313 -0.50000 9.80000 1.0715163946 2.4867446224    1.009  1.923  3.6863  2.216    4  0.000  0.452     0.00     0.00     0.00     0.00     0.00 -1    -1e-30      0.00 7.172e-01 2.779e-01 7.336e-04 3.876e-04 2.165e-03 -1.000 4.931e-03 -0.037 4.023 6.740 4.355 2.281 1.598 1.508 1.259 0.949 0.304 0.183 0.006 -0.117 -0.333 -0.386 -0.675 -0.690 -0.886
0.0048313 -0.50000 9.80000 1.0715404749 2.4867489226    1.009  1.962  3.6823  2.161    4  0.000  0.452     0.00     0.00     0.00     0.00     0.00 -1    -1e-30      0.00 7.172e-01 2.779e-01 7.336e-04 3.876e-04 2.165e-03 -1.000 4.931e-03 -0.135 3.944 6.804 4.412 2.276 1.580 1.465 1.202 0.884 0.224 0.101 -0.079 -0.205 -0.424 -0.478 -0.772 -0.788 -0.988
0.0048313 -0.50000 9.80000 1.0715525150 2.4867510725    1.009  2.005  3.6781  2.102    4  0.000  0.452     0.00     0.00     0.00     0.00     0.00 -1    -1e-30      0.00 7.172e-01 2.779e-01 7.336e-04 3.876e-04 2.165e-03 -1.000 4.931e-03 -0.241 3.858 6.871 4.479 2.272 1.562 1.419 1.141 0.815 0.139 0.013 -0.171 -0.299 -0.521 -0.577 -0.876 -0.893 -1.098
0.0048313 -0.50000 9.80000 1.0715583563 2.4867521156    1.009  2.044  3.6743  2.047    4  0.000  0.452     0.00     0.00     0.00     0.00     0.00 -1    -1e-30      0.00 7.172e-01 2.779e-01 7.336e-04 3.876e-04 2.165e-03 -1.000 4.931e-03 -0.341 3.777 6.930 4.550 2.269 1.547 1.376 1.085 0.751 0.059 -0.068 -0.257 -0.387 -0.613 -0.670 -0.974 -0.991 -1.200
0.0048313 -0.50000 9.80000 1.0715616941 2.4867527116    1.009  2.081  3.6709  1.996    4  0.000  0.452     0.00     0.00     0.00     0.00     0.00 -1    -1e-30      0.00 7.172e-01 2.779e-01 7.336e-04 3.876e-04 2.165e-03 -1.000 4.932e-03 -0.433 3.701 6.978 4.613 2.266 1.532 1.337 1.033 0.691 -0.015 -0.145 -0.337 -0.469 -0.698 -0.756 -1.065 -1.082 -1.296
0.0048313 -0.50000 9.80000 1.0715627670 2.4867529032    1.009  2.097  3.6694  1.975    7  0.000  0.452     0.00     0.00     0.00     0.00     0.00 -1 -1.78e-20      0.00 7.172e-01 2.773e-01 7.336e-04 3.876e-04 2.165e-03 -1.000 5.516e-03 -0.473 3.669 6.981 4.652 2.274 1.532 1.325 1.015 0.667 -0.047 -0.178 -0.372 -0.505 -0.735 -0.794 -1.104 -1.121 -1.336
0.0048313 -0.50000 9.80000 1.0715639591 2.4867531160    1.009  2.117  3.6676  1.948    7  0.000  0.452     0.00     0.00     0.00     0.00     0.00 -1 -1.88e-20      0.00 7.172e-01 2.773e-01 7.336e-04 3.876e-04 2.165e-03 -1.000 5.516e-03 -0.521 3.629 6.980 4.700 2.283 1.531 1.310 0.992 0.638 -0.087 -0.219 -0.415 -0.549 -0.781 -0.840 -1.152 -1.169 -1.386
0.0048313 -0.50000 9.80000 1.0715662241 2.4867535205    1.009  2.157  3.6641  1.894    7  0.000  0.452     0.00     0.00     0.00     0.00     0.00 -1 -2.09e-20      0.00 7.172e-01 2.773e-01 7.336e-04 3.876e-04 2.165e-03 -1.000 5.516e-03 -0.622 3.546 6.981 4.792 2.298 1.528 1.278 0.945 0.577 -0.169 -0.304 -0.503 -0.640 -0.875 -0.935 -1.250 -1.268 -1.488
0.0048313 -0.50000 9.80000 1.0715683699 2.4867539036    1.009  2.187  3.6614  1.852    7  0.000  0.452     0.00     0.00     0.00     0.00     0.00 -1 -2.28e-20      0.00 7.172e-01 2.773e-01 7.336e-04 3.876e-04 2.165e-03 -1.000 5.516e-03 -0.698 3.483 6.985 4.858 2.308 1.524 1.255 0.910 0.531 -0.231 -0.368 -0.570 -0.709 -0.946 -1.006 -1.325 -1.342 -1.566
0.0048313 -0.50000 9.80000 1.0715705156 2.4867542868    1.009  2.204  3.6600  1.830    7  0.000  0.452     0.00     0.00     0.00     0.00     0.00 -1 -2.35e-20      0.00 7.172e-01 2.773e-01 7.336e-04 3.876e-04 2.165e-03 -1.000 5.516e-03 -0.739 3.449 6.988 4.891 2.313 1.522 1.242 0.891 0.507 -0.264 -0.402 -0.606 -0.745 -0.984 -1.045 -1.364 -1.382 -1.607
0.0048313 -0.50000 9.80000 1.0715728998 2.4867547125    1.009  2.206  3.6598  1.827    7  0.000  0.452     0.00     0.00     0.00     0.00     0.00 -1 -2.38e-20      0.00 7.172e-01 2.773e-01 7.336e-04 3.876e-04 2.165e-03 -1.000 5.516e-03 -0.745 3.445 6.986 4.895 2.313 1.522 1.240 0.888 0.503 -0.268 -0.407 -0.611 -0.751 -0.989 -1.050 -1.370 -1.388 -1.613
0.0048313 -0.50000 9.80000 1.0715783834 2.4867556916    1.009  2.192  3.6611  1.847    7  0.000  0.452     0.00     0.00     0.00     0.00     0.00 -1 -2.26e-20      0.00 7.172e-01 2.773e-01 7.336e-04 3.876e-04 2.165e-03 -1.000 5.516e-03 -0.709 3.474 6.983 4.864 2.308 1.522 1.250 0.904 0.524 -0.240 -0.378 -0.580 -0.719 -0.957 -1.017 -1.336 -1.353 -1.577
0.0048313 -0.50000 9.80000 1.0715820789 2.4867563515    1.009  2.184  3.6617  1.857    7  0.000  0.452     0.00     0.00     0.00     0.00     0.00 -1 -2.52e-20      0.00 7.172e-01 2.773e-01 7.336e-04 3.876e-04 2.165e-03 -1.000 5.519e-03 -0.691 3.489 6.981 4.848 2.305 1.523 1.255 0.912 0.535 -0.225 -0.362 -0.564 -0.702 -0.940 -1.000 -1.318 -1.335 -1.558
0.0048313 -0.50000 9.80000 1.0715914965 2.4867580330    1.009  2.176  3.6625  1.868    7  0.000  0.452     0.00     0.00     0.00     0.00     0.00 -1 -7.19e-20      0.00 7.172e-01 2.773e-01 7.336e-04 3.876e-04 2.165e-03 -1.000 5.543e-03 -0.671 3.505 6.980 4.830 2.302 1.524 1.261 0.921 0.547 -0.209 -0.345 -0.547 -0.684 -0.921 -0.981 -1.298 -1.316 -1.538
0.0048313 -0.50000 9.80000 1.0716488361 2.4867682704    1.009  2.171  3.6629  1.875    7  0.000  0.452     0.00     0.00     0.00     0.00     0.00 -1 -2.51e-14      0.00 7.172e-01 2.770e-01 7.336e-04 3.877e-04 2.165e-03 -1.000 5.829e-03 -0.656 3.517 6.981 4.821 2.302 1.525 1.267 0.929 0.556 -0.197 -0.333 -0.534 -0.671 -0.908 -0.968 -1.284 -1.302 -1.524
0.0048313 -0.50000 9.80000 1.0717028379 2.4867779108    1.008  2.183  3.6617  1.857    7  0.000  0.452     0.00     0.00     0.00     0.00     0.00 -1  -8.3e-10      0.00 7.172e-01 2.768e-01 7.336e-04 3.877e-04 2.165e-03 -1.000 6.059e-03 -0.688 3.492 6.985 4.851 2.308 1.526 1.258 0.915 0.538 -0.222 -0.359 -0.561 -0.699 -0.936 -0.997 -1.315 -1.332 -1.555
0.0048313 -0.50000 9.80000 1.0717560053 2.4867874010    1.007  2.226  3.6578  1.798    7  0.000  0.452     0.00     0.00     0.00     0.00     0.00 -1 -1.13e-09      0.00 7.172e-01 2.768e-01 7.335e-04 3.877e-04 2.165e-03 -1.000 6.061e-03 -0.795 3.404 6.983 4.945 2.325 1.525 1.229 0.868 0.476 -0.307 -0.447 -0.654 -0.794 -1.035 -1.096 -1.418 -1.436 -1.664
0.0048313 -0.50000 9.80000 1.0718035698 2.4867958903    1.006  2.270  3.6539  1.738    7  0.000  0.452     0.00     0.00     0.00     0.00     0.00 -1 -1.43e-09      0.00 7.172e-01 2.768e-01 7.335e-04 3.878e-04 2.165e-03 -1.000 6.061e-03 -0.905 3.314 6.974 5.030 2.338 1.522 1.199 0.821 0.413 -0.393 -0.537 -0.747 -0.890 -1.134 -1.197 -1.523 -1.541 -1.773
0.0048313 -0.50000 9.80000 1.0718448162 2.4868032512    1.004  2.313  3.6501  1.680    7  0.000  0.452     0.00     0.00     0.00     0.00     0.00 -1 -1.79e-09      0.00 7.172e-01 2.768e-01 7.335e-04 3.878e-04 2.165e-03 -1.000 6.061e-03 -1.012 3.226 6.971 5.104 2.346 1.515 1.168 0.774 0.351 -0.477 -0.624 -0.838 -0.984 -1.231 -1.294 -1.625 -1.643 -1.879
0.0048313 -0.50000 9.80000 1.0718805790 2.4868096330    1.003  2.355  3.6464  1.622    7  0.000  0.452     0.00     0.00     0.00     0.00     0.00 -1 -2.24e-09      0.00 7.172e-01 2.768e-01 7.335e-04 3.878e-04 2.165e-03 -1.000 6.061e-03 -1.118 3.140 6.957 5.172 2.355 1.512 1.142 0.731 0.292 -0.558 -0.708 -0.926 -1.074 -1.325 -1.389 -1.724 -1.742 -1.983
0.0048313 -0.50000 9.80000 1.0719115734 2.4868151635    1.002  2.397  3.6428  1.565    7  0.000  0.452     0.00     0.00     0.00     0.00     0.00 -1 -2.79e-09      0.00 7.172e-01 2.768e-01 7.335e-04 3.878e-04 2.165e-03 -1.000 6.060e-03 -1.222 3.056 6.949 5.234 2.360 1.506 1.117 0.689 0.234 -0.637 -0.790 -1.012 -1.161 -1.416 -1.481 -1.820 -1.839 -2.084
0.0048313 -0.50000 9.80000 1.0719385147 2.4868199704    1.000  2.438  3.6392  1.509    7  0.000  0.452     0.00     0.00     0.00     0.00     0.00 -1 -3.45e-09      0.00 7.172e-01 2.768e-01 7.334e-04 3.879e-04 2.165e-03 -1.000 6.060e-03 -1.325 2.972 6.942 5.288 2.362 1.499 1.092 0.648 0.177 -0.714 -0.870 -1.096 -1.247 -1.505 -1.571 -1.915 -1.934 -2.184
0.0048313 -0.50000 9.80000 1.0719627142 2.4868242879    0.998  2.479  3.6356  1.452    7  0.000  0.452     0.00     0.00     0.00     0.00     0.00 -1 -4.31e-09      0.00 7.172e-01 2.768e-01 7.334e-04 3.879e-04 2.165e-03 -1.000 6.060e-03 -1.428 2.889 6.945 5.349 2.370 1.502 1.067 0.606 0.124 -0.788 -0.946 -1.177 -1.330 -1.592 -1.660 -2.010 -2.029 -2.285
0.0048313 -0.50000 9.80000 1.0719845295 2.4868281799    0.996  2.521  3.6320  1.395    7  0.000  0.451     9.01     6.82     4.82     3.71     3.01  4 -5.38e-09      0.00 7.172e-01 2.768e-01 7.333e-04 3.879e-04 2.165e-03 -1.000 6.060e-03 -1.532 2.806 6.953 5.416 2.380 1.508 1.044 0.565 0.070 -0.860 -1.021 -1.257 -1.412 -1.679 -1.749 -2.105 -2.125 -2.386
0.0048313 -0.50000 9.80000 1.0720044374 2.4868317314    0.993  2.562  3.6280  1.337    7  0.000  0.451    10.18     7.58     5.33     4.11     3.33  3 -6.65e-09      0.00 7.172e-01 2.768e-01 7.330e-04 3.880e-04 2.165e-03 -1.000 6.060e-03 -1.636 2.724 6.961 5.491 2.399 1.524 1.027 0.529 0.023 -0.929 -1.093 -1.334 -1.492 -1.764 -1.836 -2.199 -2.220 -2.487
0.0048313 -0.50000 9.80000 1.0720186234 2.4868342620    0.991  2.594  3.6241  1.289    7  0.000  0.451    11.25     8.27     5.79     4.47     3.62  3 -7.83e-09      0.00 7.172e-01 2.768e-01 7.325e-04 3.883e-04 2.165e-03 -1.000 6.060e-03 -1.715 2.667 6.977 5.575 2.435 1.558 1.032 0.518 -0.001 -0.971 -1.138 -1.386 -1.545 -1.823 -1.897 -2.268 -2.289 -2.562
0.0048313 -0.50000 9.80000 1.0720360279 2.4868373667    0.988  2.636  3.6176  1.219    7  0.000  0.450    12.98     9.36     6.52     5.04     4.09  3 -9.77e-09      0.00 7.172e-01 2.768e-01 7.308e-04 3.896e-04 2.165e-03 -1.000 6.060e-03 -1.819 2.600 7.017 5.727 2.517 1.638 1.066 0.525 -0.011 -1.014 -1.186 -1.442 -1.606 -1.893 -1.971 -2.354 -2.377 -2.660
0.0048313 -0.50000 9.80000 1.0720525980 2.4868403225    0.985  2.678  3.6139  1.161    7  0.000  0.448    14.65    10.40     7.21     5.58     4.53  3 -1.22e-08      0.00 7.172e-01 2.768e-01 7.277e-04 3.928e-04 2.165e-03 -1.000 6.060e-03 -1.924 2.517 6.994 5.778 2.529 1.650 1.049 0.491 -0.058 -1.081 -1.256 -1.518 -1.683 -1.977 -2.057 -2.448 -2.472 -2.761
0.0048313 -0.50000 9.80000 1.0720685720 2.4868431718    0.980  2.720  3.6101  1.102    7  0.000  0.445    16.56    11.56     7.98     6.19     5.02  3 -1.52e-08      0.00 7.172e-01 2.768e-01 7.237e-04 3.975e-04 2.165e-03 -1.000 6.054e-03 -2.030 2.434 6.970 5.831 2.543 1.664 1.033 0.458 -0.104 -1.148 -1.326 -1.594 -1.761 -2.060 -2.143 -2.543 -2.567 -2.862
0.0048313 -0.50000 9.80000 1.0720834732 2.4868458296    0.975  2.762  3.6063  1.042    7  0.000  0.443    18.74    12.87     8.83     6.86     5.57  3  -1.9e-08      0.00 7.172e-01 2.768e-01 7.195e-04 4.026e-04 2.165e-03 -1.000 6.048e-03 -2.136 2.352 6.937 5.875 2.556 1.680 1.022 0.430 -0.145 -1.211 -1.391 -1.666 -1.835 -2.141 -2.226 -2.635 -2.660 -2.963
0.0048313 -0.50000 9.80000 1.0720976591 2.4868483598    0.969  2.804  3.6024  0.982    7  0.000  0.440    21.18    14.30     9.77     7.60     6.18  3 -2.36e-08      0.00 7.172e-01 2.768e-01 7.159e-04 4.071e-04 2.165e-03 -1.000 6.009e-03 -2.240 2.272 6.904 5.920 2.573 1.699 1.014 0.406 -0.182 -1.271 -1.454 -1.735 -1.907 -2.219 -2.307 -2.726 -2.752 -3.061
0.0048313 -0.50000 9.80000 1.0721117258 2.4868508687    0.962  2.846  3.5984  0.921    7  0.000  0.438    24.04    15.96    10.85     8.46     6.87  2 -2.95e-08      0.00 7.172e-01 2.769e-01 7.127e-04 4.109e-04 2.165e-03 -1.000 5.972e-03 -2.345 2.193 6.869 5.966 2.593 1.724 1.014 0.390 -0.214 -1.328 -1.514 -1.802 -1.976 -2.296 -2.388 -2.818 -2.844 -3.162
0.0048313 -0.50000 9.80000 1.0721240044 2.4868530586    0.953  2.889  3.5943  0.857    7  0.000  0.437    27.37    17.85    12.07     9.43     7.66  2 -3.68e-08      0.00 7.171e-01 2.769e-01 7.101e-04 4.141e-04 2.165e-03 -1.000 5.999e-03 -2.453 2.113 6.828 6.004 2.610 1.747 1.017 0.377 -0.242 -1.381 -1.571 -1.867 -2.043 -2.370 -2.467 -2.910 -2.937 -3.263
0.0048313 -0.50000 9.80000 1.0721328259 2.4868546318    0.946  2.931  3.5902  0.795    7  0.000  0.435    31.11    19.93    13.41    10.50     8.53  2 -4.59e-08      0.00 7.171e-01 2.769e-01 7.078e-04 4.169e-04 2.165e-03 -1.000 6.011e-03 -2.559 2.034 6.786 6.041 2.626 1.769 1.022 0.366 -0.268 -1.433 -1.626 -1.929 -2.108 -2.444 -2.545 -3.000 -3.029 -3.363
0.0048313 -0.50000 9.80000 1.0721392632 2.4868557799    0.940  2.973  3.5861  0.735    7  0.000  0.434    35.27    22.21    14.86    11.66     9.47  2 -5.68e-08      0.00 7.171e-01 2.769e-01 7.058e-04 4.194e-04 2.165e-03 -1.000 6.008e-03 -2.662 1.960 6.742 6.068 2.636 1.787 1.028 0.359 -0.288 -1.476 -1.672 -1.983 -2.163 -2.508 -2.615 -3.087 -3.116 -3.460
0.0048313 -0.50000 9.80000 1.0721452236 2.4868568429    0.932  3.016  3.5816  0.670    7  0.000  0.433    40.33    24.92    16.59    13.04    10.60  2 -7.12e-08      0.00 7.171e-01 2.769e-01 7.040e-04 4.216e-04 2.165e-03 -1.000 6.008e-03 -2.771 1.882 6.694 6.097 2.646 1.806 1.037 0.354 -0.307 -1.520 -1.720 -2.038 -2.220 -2.575 -2.689 -3.178 -3.208 -3.562
0.0048313 -0.50000 9.80000 1.0721505880 2.4868577995    0.923  3.060  3.5770  0.603    7  0.000  0.432    46.28    28.05    18.57    14.62    11.89  2 -8.93e-08      0.00 7.171e-01 2.769e-01 7.026e-04 4.233e-04 2.165e-03 -1.000 6.010e-03 -2.881 1.808 6.645 6.122 2.651 1.823 1.049 0.357 -0.317 -1.553 -1.756 -2.083 -2.265 -2.632 -2.756 -3.267 -3.298 -3.665
0.0048313 -0.50000 9.80000 1.0721551180 2.4868586074    0.914  3.100  3.5725  0.541    7  0.000  0.432    52.60    31.30    20.62    16.27    13.23  1  -1.1e-07      0.00 7.171e-01 2.769e-01 7.016e-04 4.245e-04 2.165e-03 -1.000 6.006e-03 -2.981 1.743 6.601 6.145 2.656 1.840 1.066 0.367 -0.317 -1.575 -1.781 -2.114 -2.298 -2.677 -2.811 -3.346 -3.379 -3.758
0.0048313 -0.50000 9.80000 1.0721598864 2.4868594578    0.902  3.144  3.5674  0.471    7  0.000  0.431    60.67    35.36    23.16    18.31    14.90  1 -1.39e-07      0.00 7.171e-01 2.769e-01 7.010e-04 4.253e-04 2.165e-03 -1.000 6.009e-03 -3.089 1.677 6.555 6.173 2.660 1.861 1.094 0.390 -0.303 -1.581 -1.791 -2.132 -2.315 -2.713 -2.861 -3.429 -3.462 -3.858
0.0048313 -0.50000 9.80000 1.0721628666 2.4868599892    0.893  3.166  3.5647  0.434    7  0.000  0.431    65.49    37.74    24.63    19.51    15.87  1 -1.57e-07      0.00 7.171e-01 2.769e-01 7.008e-04 4.255e-04 2.165e-03 -1.000 5.978e-03 -3.144 1.647 6.531 6.187 2.660 1.870 1.115 0.412 -0.286 -1.575 -1.786 -2.132 -2.315 -2.723 -2.881 -3.469 -3.503 -3.909
0.0048313 -0.50000 9.80000 1.0721638203 2.4868601593    0.889  3.186  3.5623  0.402    7  0.000  0.431    69.97    39.93    26.00    20.61    16.76  1 -1.75e-07      0.00 7.171e-01 2.769e-01 7.006e-04 4.257e-04 2.165e-03 -1.000 5.973e-03 -3.195 1.618 6.508 6.196 2.656 1.875 1.131 0.429 -0.273 -1.571 -1.783 -2.134 -2.316 -2.733 -2.900 -3.507 -3.541 -3.956
0.0048313 -0.50000 9.80000 1.0721640587 2.4868602018    0.889  3.190  3.5618  0.397    7  0.000  0.431    70.78    40.33    26.25    20.81    16.93  1 -1.78e-07      0.00 7.171e-01 2.769e-01 7.005e-04 4.258e-04 2.165e-03 -1.000 5.973e-03 -3.204 1.613 6.503 6.197 2.655 1.876 1.134 0.432 -0.271 -1.570 -1.782 -2.134 -2.316 -2.735 -2.904 -3.514 -3.548 -3.964
0.0048313 -0.50000 9.80000 1.0721644163 2.4868602656    0.888  3.201  3.5605  0.379    7  0.000  0.431    73.42    41.61    27.04    21.45    17.45  1 -1.88e-07      0.00 7.171e-01 2.769e-01 7.004e-04 4.261e-04 2.165e-03 -1.000 5.973e-03 -3.233 1.596 6.489 6.201 2.651 1.877 1.142 0.440 -0.264 -1.568 -1.782 -2.136 -2.317 -2.742 -2.915 -3.535 -3.570 -3.991
0.0048313 -0.50000 9.80000 1.0721646547 2.4868603081    0.887  3.210  3.5594  0.365    7  0.000  0.431    75.52    42.63    27.67    21.96    17.87  1 -1.96e-07      0.00 7.171e-01 2.769e-01 7.002e-04 4.262e-04 2.165e-03 -1.000 5.973e-03 -3.255 1.584 6.479 6.204 2.648 1.878 1.148 0.448 -0.257 -1.564 -1.778 -2.134 -2.315 -2.745 -2.922 -3.551 -3.587 -4.012
0.0048313 -0.50000 9.80000 1.0721648932 2.4868603506    0.885  3.230  3.5571  0.336    7  0.000  0.430    80.34    44.95    29.11    23.12    18.81  1 -2.14e-07      0.00 7.171e-01 2.769e-01 6.993e-04 4.274e-04 2.165e-03 -1.000 6.010e-03 -3.304 1.559 6.456 6.211 2.641 1.881 1.161 0.466 -0.239 -1.549 -1.764 -2.124 -2.303 -2.745 -2.934 -3.585 -3.622 -4.057
0.0048313 -0.50000 9.80000 1.0721652508 2.4868604144    0.884  3.248  3.5549  0.308    7  0.000  0.430    85.23    47.29    30.55    24.28    19.76  1 -2.33e-07      0.00 7.171e-01 2.769e-01 6.990e-04 4.277e-04 2.164e-03 -1.000 6.011e-03 -3.350 1.536 6.435 6.220 2.636 1.885 1.175 0.485 -0.219 -1.533 -1.748 -2.112 -2.289 -2.744 -2.944 -3.617 -3.655 -4.099
0.0048313 -0.50000 9.80000 1.0721657276 2.4868604994    0.881  3.265  3.5526  0.280    7  0.000  0.430    90.31    49.68    32.03    25.47    20.73  1 -2.54e-07      0.00 7.171e-01 2.769e-01 6.987e-04 4.281e-04 2.164e-03 -1.000 6.003e-03 -3.394 1.516 6.418 6.230 2.634 1.892 1.192 0.507 -0.197 -1.513 -1.730 -2.097 -2.272 -2.739 -2.952 -3.645 -3.684 -4.139
0.0048313 -0.50000 9.80000 1.0721666813 2.4868606695    0.874  3.289  3.5494  0.241    7  0.000  0.429    97.99    53.25    34.21    27.25    22.18  1 -2.86e-07      0.00 7.171e-01 2.770e-01 6.984e-04 4.285e-04 2.164e-03 -1.000 5.969e-03 -3.452 1.491 6.395 6.248 2.632 1.905 1.219 0.543 -0.159 -1.479 -1.697 -2.070 -2.241 -2.728 -2.957 -3.682 -3.722 -4.191
0.0048313 -0.50000 9.80000 1.0721675158 2.4868608183    0.867  3.288  3.5489  0.236    7  0.000  0.429    98.77    53.57    34.40    27.41    22.31  1 -2.92e-07      0.00 7.171e-01 2.770e-01 6.983e-04 4.287e-04 2.164e-03 -1.000 5.977e-03 -3.450 1.498 6.403 6.261 2.643 1.917 1.233 0.560 -0.142 -1.460 -1.679 -2.052 -2.223 -2.713 -2.946 -3.676 -3.716 -4.187
0.0048313 -0.50000 9.80000 1.0721676350 2.4868608396    0.866  3.298  3.5478  0.221    7  0.000  0.429   102.00    55.06    35.32    28.15    22.92  1 -3.07e-07      0.00 7.170e-01 2.770e-01 6.982e-04 4.289e-04 2.164e-03 -1.000 5.980e-03 -3.476 1.486 6.390 6.263 2.637 1.919 1.240 0.572 -0.128 -1.446 -1.664 -2.040 -2.209 -2.708 -2.949 -3.692 -3.733 -4.210
0.0048313 -0.50000 9.80000 1.0721677542 2.4868608608    0.865  3.294  3.5482  0.226    7  0.000  0.429   100.78    54.49    34.96    27.87    22.68  1 -3.02e-07      0.00 7.170e-01 2.770e-01 6.982e-04 4.289e-04 2.164e-03 -1.000 5.982e-03 -3.464 1.492 6.397 6.264 2.641 1.920 1.239 0.569 -0.132 -1.450 -1.668 -2.043 -2.213 -2.709 -2.946 -3.685 -3.725 -4.200
0.0048313 -0.50000 9.80000 1.0721678734 2.4868608821    0.864  3.248  3.5528  0.290    7  0.000  0.429    88.15    48.57    31.32    24.93    20.28  1 -2.47e-07      0.00 7.170e-01 2.770e-01 6.982e-04 4.289e-04 2.164e-03 -1.000 5.984e-03 -3.350 1.556 6.457 6.264 2.670 1.927 1.224 0.539 -0.163 -1.477 -1.694 -2.061 -2.235 -2.701 -2.912 -3.604 -3.642 -4.096
0.0048313 -0.50000 9.80000 1.0721679926 2.4868609034    0.863  3.266  3.5511  0.265    7  0.000  0.429    92.90    50.80    32.70    26.04    21.19  1 -2.68e-07      0.00 7.170e-01 2.770e-01 6.978e-04 4.294e-04 2.164e-03 -1.000 5.984e-03 -3.395 1.530 6.433 6.263 2.658 1.923 1.229 0.548 -0.155 -1.473 -1.690 -2.060 -2.233 -2.709 -2.929 -3.637 -3.676 -4.137
0.0048313 -0.50000 9.80000 1.0721681118 2.4868609246    0.862  3.273  3.5504  0.255    7  0.000  0.429    94.84    51.71    33.25    26.49    21.56  1 -2.78e-07      0.00 7.170e-01 2.770e-01 6.976e-04 4.297e-04 2.164e-03 -1.000 5.984e-03 -3.411 1.520 6.424 6.264 2.655 1.922 1.231 0.552 -0.151 -1.470 -1.688 -2.059 -2.232 -2.711 -2.935 -3.649 -3.688 -4.152
0.0048313 -0.50000 9.80000 1.0721685886 2.4868610097    0.858  3.277  3.5495  0.245    7  0.000  0.429    96.77    52.58    33.79    26.92    21.91  1 -2.87e-07      0.00 7.170e-01 2.770e-01 6.976e-04 4.297e-04 2.164e-03 -1.000 5.984e-03 -3.422 1.519 6.423 6.274 2.659 1.931 1.244 0.568 -0.134 -1.453 -1.671 -2.044 -2.216 -2.701 -2.930 -3.653 -3.693 -4.161
0.0048313 -0.50000 9.80000 1.0721690655 2.4868610947    0.854  3.312  3.5453  0.191    7  0.000  0.429   108.32    57.89    37.03    29.56    24.06  1 -3.38e-07      0.00 7.170e-01 2.770e-01 6.976e-04 4.297e-04 2.164e-03 -1.000 5.984e-03 -3.509 1.482 6.385 6.289 2.647 1.942 1.274 0.619 -0.078 -1.393 -1.612 -1.993 -2.158 -2.676 -2.934 -3.705 -3.748 -4.237
0.0048313 -0.50000 9.80000 1.0721694231 2.4868611585    0.850  3.336  3.5423  0.153    7  0.000  0.429   117.35    61.97    39.52    31.58    25.71  1  -3.8e-07      0.00 7.170e-01 2.770e-01 6.975e-04 4.299e-04 2.164e-03 -1.000 5.986e-03 -3.570 1.457 6.360 6.301 2.639 1.951 1.298 0.657 -0.036 -1.348 -1.568 -1.954 -2.114 -2.656 -2.935 -3.740 -3.785 -4.289
0.0048313 -0.50000 9.80000 1.0721697807 2.4868612222    0.845  3.359  3.5394  0.116    7  0.000  0.429   126.71    66.14    42.05    33.64    27.39  1 -4.26e-07      0.00 7.170e-01 2.770e-01 6.972e-04 4.302e-04 2.164e-03 -1.000 5.994e-03 -3.627 1.436 6.339 6.316 2.635 1.963 1.324 0.698 0.011 -1.297 -1.519 -1.910 -2.065 -2.631 -2.932 -3.771 -3.817 -4.337
0.0048313 -0.50000 9.80000 1.0721701384 2.4868612860    0.841  3.376  3.5371  0.087    7  0.000  0.428   134.61    69.61    44.14    35.35    28.78  1 -4.68e-07      0.00 7.170e-01 2.770e-01 6.968e-04 4.307e-04 2.164e-03 -1.000 6.010e-03 -3.670 1.424 6.326 6.331 2.635 1.976 1.347 0.736 0.056 -1.245 -1.468 -1.864 -2.014 -2.602 -2.923 -3.790 -3.838 -4.372
0.0048313 -0.50000 9.80000 1.0721704960 2.4868613498    0.834  3.394  3.5345  0.055    7  0.000  0.428   143.82    73.59    46.55    37.32    30.39  1 -5.18e-07      0.00 7.170e-01 2.770e-01 6.965e-04 4.310e-04 2.164e-03 -1.000 6.012e-03 -3.716 1.413 6.314 6.349 2.637 1.994 1.375 0.780 0.110 -1.185 -1.408 -1.809 -1.953 -2.566 -2.909 -3.809 -3.859 -4.409
0.0048313 -0.50000 9.80000 1.0721710920 2.4868614561    0.826  3.414  3.5318  0.020    7  0.529  0.428   151.51    78.16    49.29    39.57    32.22  1 -5.78e-07      0.00 7.170e-01 2.770e-01 6.962e-04 4.314e-04 2.164e-03 -1.000 5.998e-03 -3.765 1.403 6.302 6.372 2.642 2.017 1.409 0.832 0.172 -1.114 -1.338 -1.746 -1.883 -2.523 -2.892 -3.827 -3.879 -4.446
0.0048313 -0.50000 9.80000 1.0721720457 2.4868616261    0.812  3.433  3.5287 -0.019    7  0.529  0.428   159.89    83.52    52.49    42.20    34.37  1 -6.61e-07      0.00 7.170e-01 2.770e-01 6.961e-04 4.315e-04 2.163e-03 -1.000 5.988e-03 -3.814 1.401 6.297 6.403 2.654 2.049 1.455 0.903 0.257 -1.018 -1.243 -1.657 -1.787 -2.461 -2.862 -3.836 -3.891 -4.481
0.0048313 -0.50000 9.80000 1.0721724033 2.4868616899    0.806  3.379  3.5368  0.064    8  0.529  0.449   140.24    71.70    45.37    36.40    29.64  1 -5.41e-07      0.00 7.171e-01 2.779e-01 7.311e-04 4.327e-04 2.169e-03 -1.000 4.929e-03 -3.678 1.422 6.326 6.344 2.643 1.987 1.364 0.751 0.068 -1.238 -1.461 -1.859 -2.009 -2.600 -2.923 -3.795 -3.843 -4.379
0.0048313 -0.50000 9.80000 1.0721725225 2.4868617112    0.806  3.144  3.5587  0.386    8  0.530  0.449    70.94    40.06    26.02    20.70    16.83  1 -1.96e-07      0.00 7.171e-01 2.779e-01 7.311e-04 4.327e-04 2.169e-03 -1.000 4.929e-03 -3.091 1.755 6.646 6.367 2.814 2.045 1.311 0.616 -0.082 -1.383 -1.597 -1.952 -2.132 -2.565 -2.746 -3.382 -3.418 -3.846
0.0048313 -0.50000 9.80000 1.0721725225 2.4868617112    0.805  3.020  3.5738  0.571    8  0.530  0.449    47.98    28.68    18.91    14.97    12.16  1 -1.14e-07      0.00 7.171e-01 2.779e-01 7.311e-04 4.327e-04 2.169e-03 -1.000 4.929e-03 -2.780 1.934 6.784 6.303 2.821 2.001 1.228 0.532 -0.147 -1.396 -1.601 -1.932 -2.115 -2.491 -2.622 -3.151 -3.182 -3.558
0.0048313 -0.50000 9.80000 1.0721727610 2.4868617537    0.803  2.837  3.5959  0.841    8  0.530  0.449    27.07    17.59    11.86     9.32     7.56  2 -4.99e-08      0.00 7.171e-01 2.779e-01 7.311e-04 4.327e-04 2.169e-03 -1.000 4.929e-03 -2.323 2.232 6.944 6.110 2.717 1.853 1.124 0.484 -0.134 -1.270 -1.459 -1.753 -1.929 -2.254 -2.349 -2.787 -2.814 -3.137
0.0048313 -0.50000 9.80000 1.0721729994 2.4868617962    0.800  2.851  3.5942  0.819    8  0.530  0.449    28.33    18.28    12.30     9.67     7.85  2 -5.37e-08      0.00 7.171e-01 2.779e-01 7.311e-04 4.327e-04 2.169e-03 -1.000 4.929e-03 -2.357 2.210 6.936 6.133 2.732 1.870 1.135 0.489 -0.136 -1.281 -1.472 -1.769 -1.945 -2.274 -2.370 -2.814 -2.841 -3.168
0.0048313 -0.50000 9.80000 1.0721732378 2.4868618387    0.797  2.966  3.5800  0.646    8  0.530  0.449    40.88    25.00    16.58    13.11    10.64  1 -9.22e-08      0.00 7.171e-01 2.779e-01 7.311e-04 4.327e-04 2.169e-03 -1.000 4.929e-03 -2.645 2.020 6.842 6.273 2.815 1.979 1.206 0.519 -0.148 -1.371 -1.572 -1.893 -2.075 -2.434 -2.550 -3.045 -3.076 -3.434
0.0048313 -0.50000 9.80000 1.0721735954 2.4868619025    0.793  3.123  3.5607  0.409    8  0.530  0.449    67.44    38.31    24.92    19.83    16.11  1 -1.88e-07      0.00 7.171e-01 2.779e-01 7.311e-04 4.327e-04 2.169e-03 -1.000 4.929e-03 -3.039 1.787 6.676 6.372 2.830 2.053 1.310 0.612 -0.086 -1.384 -1.596 -1.949 -2.129 -2.552 -2.724 -3.342 -3.377 -3.797
0.0048313 -0.50000 9.80000 1.0721740723 2.4868619875    0.788  3.255  3.5446  0.210    8  0.530  0.449   102.71    54.81    35.09    28.06    22.83  1 -3.38e-07      0.00 7.171e-01 2.779e-01 7.311e-04 4.327e-04 2.169e-03 -1.000 4.929e-03 -3.368 1.632 6.531 6.431 2.791 2.088 1.416 0.768 0.078 -1.229 -1.448 -1.828 -1.992 -2.515 -2.778 -3.557 -3.600 -4.093
0.0048313 -0.50000 9.80000 1.0721745491 2.4868620726    0.783  3.339  3.5341  0.081    8  0.530  0.449   134.78    69.04    43.73    35.11    28.57  1 -4.93e-07      0.00 7.171e-01 2.779e-01 7.311e-04 4.327e-04 2.169e-03 -1.000 4.929e-03 -3.578 1.555 6.452 6.477 2.769 2.125 1.500 0.911 0.249 -1.038 -1.260 -1.661 -1.804 -2.418 -2.764 -3.667 -3.718 -4.269
0.0048313 -0.50000 9.80000 1.0721751451 2.4868621789    0.777  3.381  3.5287  0.014    8  0.531  0.449   149.57    77.83    49.03    39.44    32.10  1 -6.03e-07      0.00 7.171e-01 2.779e-01 7.311e-04 4.327e-04 2.169e-03 -1.000 4.929e-03 -3.684 1.527 6.421 6.511 2.769 2.160 1.556 1.006 0.367 -0.901 -1.125 -1.538 -1.668 -2.338 -2.737 -3.708 -3.764 -4.352
0.0048313 -0.50000 9.80000 1.0721758604 2.4868623064    0.770  3.399  3.5263 -0.017    8  0.531  0.449   156.40    82.14    51.61    41.56    33.83  1 -6.67e-07      0.00 7.171e-01 2.779e-01 7.311e-04 4.327e-04 2.169e-03 -1.000 4.929e-03 -3.728 1.523 6.414 6.530 2.776 2.183 1.590 1.062 0.438 -0.819 -1.044 -1.463 -1.586 -2.286 -2.713 -3.715 -3.774 -4.381
0.0048313 -0.50000 9.80000 1.0721765757 2.4868624340    0.762  3.407  3.5251 -0.034    8  0.531  0.449   160.01    84.51    53.01    42.73    34.78  1 -7.11e-07      0.01 7.171e-01 2.779e-01 7.311e-04 4.327e-04 2.169e-03 -1.000 4.929e-03 -3.747 1.524 6.415 6.545 2.783 2.199 1.613 1.097 0.481 -0.772 -0.997 -1.419 -1.539 -2.255 -2.697 -3.715 -3.776 -4.393
0.0048313 -0.50000 9.80000 1.0721765757 2.4868624340    0.762  3.229  3.5467  0.230    8  0.531  0.449    97.94    52.42    33.60    26.89    21.86  1 -3.36e-07      0.00 7.171e-01 2.779e-01 7.311e-04 4.327e-04 2.169e-03 -1.000 4.929e-03 -3.302 1.672 6.573 6.450 2.822 2.108 1.428 0.768 0.074 -1.238 -1.456 -1.833 -2.000 -2.507 -2.755 -3.510 -3.551 -4.033
0.0048313 -0.50000 9.80000 1.0721766949 2.4868624552    0.760  3.053  3.5681  0.490    8  0.531  0.449    56.29    32.71    21.41    17.02    13.82  1 -1.58e-07      0.00 7.171e-01 2.779e-01 7.311e-04 4.327e-04 2.169e-03 -1.000 4.929e-03 -2.862 1.898 6.773 6.377 2.870 2.067 1.296 0.594 -0.096 -1.370 -1.579 -1.919 -2.102 -2.497 -2.642 -3.205 -3.238 -3.632
0.0048313 -0.50000 9.80000 1.0721769333 2.4868624977    0.757  2.871  3.5903  0.759    8  0.531  0.449    31.74    20.09    13.44    10.61     8.61  2 -7.03e-08      0.00 7.171e-01 2.779e-01 7.311e-04 4.327e-04 2.169e-03 -1.000 4.929e-03 -2.407 2.186 6.946 6.219 2.798 1.942 1.191 0.529 -0.110 -1.280 -1.474 -1.778 -1.956 -2.293 -2.394 -2.850 -2.878 -3.212
0.0048313 -0.50000 9.80000 1.0721771717 2.4868625403    0.752  2.885  3.5886  0.736    8  0.531  0.449    33.29    20.91    13.97    11.03     8.95  1 -7.63e-08      0.00 7.171e-01 2.779e-01 7.311e-04 4.327e-04 2.169e-03 -1.000 4.929e-03 -2.441 2.163 6.936 6.237 2.809 1.956 1.200 0.533 -0.111 -1.290 -1.485 -1.792 -1.972 -2.312 -2.415 -2.877 -2.906 -3.244
0.0048313 -0.50000 9.80000 1.0721775293 2.4868626040    0.747  2.999  3.5745  0.562    8  0.531  0.449    48.14    28.60    18.83    14.94    12.13  1 -1.31e-07      0.00 7.171e-01 2.779e-01 7.311e-04 4.327e-04 2.169e-03 -1.000 4.929e-03 -2.728 1.980 6.831 6.348 2.866 2.045 1.270 0.573 -0.107 -1.357 -1.561 -1.892 -2.075 -2.449 -2.578 -3.103 -3.135 -3.509
0.0048313 -0.50000 9.80000 1.0721780062 2.4868626891    0.740  3.156  3.5554  0.325    8  0.532  0.449    79.58    43.79    28.28    22.59    18.36  1 -2.68e-07      0.00 7.171e-01 2.779e-01 7.311e-04 4.327e-04 2.169e-03 -1.000 4.929e-03 -3.119 1.762 6.660 6.433 2.856 2.102 1.386 0.696 -0.005 -1.316 -1.531 -1.893 -2.071 -2.522 -2.721 -3.388 -3.426 -3.868
0.0048313 -0.50000 9.80000 1.0721784830 2.4868627741    0.732  3.286  3.5392  0.125    8  0.532  0.449   121.64    62.70    39.83    32.01    26.03  1 -4.86e-07      0.00 7.171e-01 2.779e-01 7.311e-04 4.327e-04 2.169e-03 -1.000 4.929e-03 -3.446 1.621 6.522 6.498 2.819 2.147 1.505 0.880 0.196 -1.110 -1.331 -1.723 -1.877 -2.444 -2.746 -3.588 -3.634 -4.155
0.0048313 -0.50000 9.80000 1.0721791983 2.4868629016    0.723  3.370  3.5288 -0.006    8  0.532  0.449   150.19    79.17    49.75    40.14    32.66  0 -7.18e-07      0.01 7.171e-01 2.779e-01 7.311e-04 4.327e-04 2.169e-03 -1.000 4.929e-03 -3.655 1.559 6.456 6.557 2.813 2.206 1.606 1.053 0.408 -0.866 -1.090 -1.504 -1.634 -2.306 -2.706 -3.678 -3.733 -4.322
0.0048313 -0.50000 9.80000 1.0721797943 2.4868630079    0.713  3.413  3.5235 -0.076    8  0.532  0.449   166.55    89.55    55.95    45.24    36.81  0 -8.97e-07      0.01 7.171e-01 2.779e-01 7.311e-04 4.327e-04 2.169e-03 -1.000 4.929e-03 -3.762 1.544 6.438 6.598 2.824 2.253 1.681 1.177 0.566 -0.685 -0.911 -1.340 -1.455 -2.194 -2.658 -3.700 -3.763 -4.395
0.0048313 -0.50000 9.80000 1.0721806288 2.4868631567    0.701  3.431  3.5212 -0.110    8  0.533  0.449   174.63    94.87    59.10    47.85    38.94  0 -1.02e-06      0.01 7.171e-01 2.779e-01 7.311e-04 4.327e-04 2.169e-03 -1.000 4.929e-03 -3.808 1.539 6.432 6.619 2.833 2.279 1.718 1.235 0.638 -0.604 -0.832 -1.267 -1.376 -2.145 -2.636 -3.709 -3.775 -4.425
0.0048313 -0.50000 9.80000 1.0721814632 2.4868633055    0.689  3.440  3.5202 -0.131    8  0.533  0.449   179.11    97.98    60.92    49.39    40.19  0 -1.11e-06      0.01 7.171e-01 2.779e-01 7.311e-04 4.327e-04 2.169e-03 -1.000 4.929e-03 -3.829 1.538 6.434 6.637 2.845 2.299 1.743 1.269 0.675 -0.565 -0.794 -1.233 -1.339 -2.122 -2.625 -3.712 -3.780 -4.439
0.0048313 -0.50000 9.80000 1.0721814632 2.4868633055    0.688  3.268  3.5419  0.127    8  0.533  0.449   120.08    61.50    39.05    31.44    25.55  1 -5.46e-07      0.00 7.171e-01 2.779e-01 7.311e-04 4.327e-04 2.169e-03 -1.000 4.929e-03 -3.401 1.637 6.543 6.502 2.835 2.150 1.503 0.860 0.163 -1.155 -1.377 -1.765 -1.924 -2.471 -2.753 -3.565 -3.609 -4.117
0.0048313 -0.50000 9.80000 1.0721817017 2.4868633481    0.686  3.093  3.5641  0.389    8  0.533  0.449    68.50    38.25    24.81    19.84    16.10  1  -2.6e-07      0.00 7.171e-01 2.779e-01 7.311e-04 4.327e-04 2.169e-03 -1.000 4.929e-03 -2.964 1.835 6.727 6.410 2.872 2.087 1.341 0.632 -0.074 -1.374 -1.586 -1.936 -2.119 -2.530 -2.691 -3.285 -3.319 -3.728
0.0048313 -0.50000 9.80000 1.0721818209 2.4868633693    0.681  2.912  3.5875  0.662    8  0.533  0.449    38.19    23.33    15.47    12.28     9.96  1 -1.18e-07      0.00 7.171e-01 2.779e-01 7.311e-04 4.327e-04 2.169e-03 -1.000 4.929e-03 -2.509 2.106 6.900 6.251 2.809 1.960 1.193 0.516 -0.142 -1.337 -1.534 -1.844 -2.024 -2.368 -2.473 -2.941 -2.969 -3.311
0.0048313 -0.50000 9.80000 1.0721821785 2.4868634331    0.675  2.926  3.5862  0.639    8  0.534  0.449    40.04    24.26    16.06    12.76    10.35  1 -1.29e-07      0.00 7.171e-01 2.779e-01 7.311e-04 4.327e-04 2.169e-03 -1.000 4.929e-03 -2.544 2.079 6.883 6.258 2.810 1.964 1.194 0.512 -0.151 -1.353 -1.552 -1.864 -2.045 -2.392 -2.499 -2.971 -3.000 -3.345
0.0048313 -0.50000 9.80000 1.0721826553 2.4868635181    0.668  3.040  3.5724  0.465    8  0.534  0.449    57.98    33.13    21.61    17.26    14.01  1 -2.23e-07      0.00 7.171e-01 2.779e-01 7.311e-04 4.327e-04 2.169e-03 -1.000 4.929e-03 -2.829 1.900 6.773 6.358 2.856 2.043 1.270 0.560 -0.138 -1.411 -1.619 -1.955 -2.140 -2.522 -2.656 -3.193 -3.226 -3.606
0.0048313 -0.50000 9.80000 1.0721831322 2.4868636032    0.659  3.194  3.5534  0.228    8  0.534  0.449    96.03    50.62    32.39    26.05    21.15  1 -4.58e-07      0.00 7.171e-01 2.779e-01 7.311e-04 4.327e-04 2.169e-03 -1.000 4.929e-03 -3.215 1.693 6.603 6.438 2.835 2.093 1.402 0.707 -0.012 -1.342 -1.561 -1.930 -2.107 -2.573 -2.781 -3.468 -3.507 -3.959
0.0048313 -0.50000 9.80000 1.0721837282 2.4868637095    0.648  3.323  3.5376  0.029    8  0.534  0.449   136.86    72.30    45.51    36.81    29.92  0 -8.36e-07      0.01 7.171e-01 2.779e-01 7.311e-04 4.327e-04 2.169e-03 -1.000 4.929e-03 -3.538 1.563 6.477 6.514 2.812 2.154 1.535 0.908 0.210 -1.111 -1.336 -1.736 -1.888 -2.475 -2.792 -3.655 -3.703 -4.236
0.0048313 -0.50000 9.80000 1.0721844435 2.4868638370    0.635  3.406  3.5280 -0.101    8  0.535  0.449   166.44    91.00    56.66    46.02    37.42  0 -1.26e-06      0.01 7.171e-01 2.779e-01 7.311e-04 4.327e-04 2.169e-03 -1.000 4.929e-03 -3.745 1.508 6.422 6.582 2.821 2.227 1.655 1.097 0.435 -0.860 -1.089 -1.513 -1.641 -2.334 -2.748 -3.739 -3.796 -4.396
0.0048313 -0.50000 9.80000 1.0721852779 2.4868639858    0.622  3.449  3.5238 -0.170    8  0.535  0.449   164.24    -1.00    -1.00    -1.00    -1.00  0 -1.61e-06      0.02 7.171e-01 2.779e-01 7.311e-04 4.327e-04 2.169e-03 -1.000 4.929e-03 -3.851 1.487 6.406 6.626 2.842 2.279 1.726 1.204 0.562 -0.720 -0.954 -1.390 -1.508 -2.257 -2.722 -3.770 -3.834 -4.469
0.0048313 -0.50000 9.80000 1.0721862316 2.4868641559    0.607  3.467  3.5231 -0.202    8  0.536  0.449   157.13    -1.00    -1.00    -1.00    -1.00  0 -1.89e-06      0.03 7.171e-01 2.779e-01 7.311e-04 4.327e-04 2.169e-03 -1.000 4.929e-03 -3.898 1.470 6.401 6.648 2.861 2.304 1.756 1.233 0.587 -0.703 -0.939 -1.380 -1.496 -2.259 -2.734 -3.794 -3.859 -4.503
0.0048313 -0.50000 9.80000 1.0721871853 2.4868643259    0.590  3.477  3.5242 -0.219    8  0.536  0.449   149.62    -1.00    -1.00    -1.00    -1.00  0 -2.15e-06      0.04 7.171e-01 2.779e-01 7.311e-04 4.327e-04 2.169e-03 -1.000 4.929e-03 -3.921 1.445 6.388 6.645 2.862 2.300 1.754 1.214 0.552 -0.755 -0.994 -1.435 -1.554 -2.309 -2.774 -3.823 -3.887 -4.526
0.0048313 -0.50000 9.80000 1.0721913576 2.4868650699    0.502 -9.999  4.0000  1.781    9  0.537  0.000     0.00     0.00     0.00     0.00     0.00 -1    -1e-30      0.00 7.171e-01 2.779e-01 7.311e-04 4.327e-04 2.169e-03 -1.000 4.929e-03 29.767 29.929 29.861 29.843 29.807 29.834 29.914 30.028 30.012 30.058 30.060 30.055 30.054 30.053 30.056 30.050 30.049 30.029
