 Zini     MH   logAge Mini        int_IMF         Mass   logL    logTe  logg  label   McoreTP C_O  period0  period1  period2  period3  period4  pmode  Mloss  tau1m   X   Y   Xc  Xn  Xo  Cexcess  Z 	 mbolmag  F170Wmag  F218Wmag  F255Wmag  F300Wmag  F336Wmag  F380Wmag  F439Wmag  F450Wmag  F555Wmag  F569Wmag  F606Wmag  F622Wmag  F675Wmag  F702Wmag  F791Wmag  F814Wmag  F850LPmag
0.0094713 -0.20000 9.95000 0.0900000036 1.0816895926    0.090 -3.383  3.3806  5.249    1  0.000  0.545     0.00     0.00     0.00     0.00     0.00 -1 -4.12e-17      0.00 7.233e-01 2.672e-01 1.711e-03 4.615e-04 4.186e-03 -1.000 9.513e-03 13.227 18.793 23.685 24.414 20.512 20.500 21.313 20.323 19.375 17.965 17.755 17.135 17.064 15.956 15.167 13.697 13.516 12.541
0.0094713 -0.20000 9.95000 0.1000000015 1.1711064122    0.100 -3.187  3.4090  5.213    1  0.000  0.545     0.00     0.00     0.00     0.00     0.00 -1  -6.4e-17      0.00 7.229e-01 2.676e-01 1.711e-03 4.615e-04 4.186e-03 -1.000 9.513e-03 12.737 18.304 23.195 23.921 20.017 19.994 20.769 19.795 18.860 17.457 17.248 16.632 16.563 15.457 14.672 13.207 13.027 12.053
0.0094713 -0.20000 9.95000 0.1200000048 1.3193154741    0.120 -2.921  3.4428  5.161    1  0.000  0.545     0.00     0.00     0.00     0.00     0.00 -1 -1.15e-16      0.00 7.220e-01 2.685e-01 1.711e-03 4.615e-04 4.186e-03 -1.000 9.513e-03 12.071 17.406 22.307 22.920 18.946 18.643 18.869 18.047 17.294 15.952 15.746 15.222 15.126 14.191 13.535 12.230 12.102 11.268
0.0094713 -0.20000 9.95000 0.1400000006 1.4384526719    0.140 -2.739  3.4618  5.122    1  0.000  0.545     0.00     0.00     0.00     0.00     0.00 -1 -1.69e-16      0.00 7.212e-01 2.693e-01 1.711e-03 4.615e-04 4.186e-03 -1.000 9.513e-03 11.617 16.790 21.690 22.140 18.164 17.687 17.620 16.884 16.230 14.923 14.718 14.250 14.135 13.325 12.767 11.579 11.480 10.743
0.0094713 -0.20000 9.95000 0.1502873600 1.4914309739    0.150 -2.663  3.4691  5.106    1  0.000  0.545     0.00     0.00     0.00     0.00     0.00 -1 -1.97e-16      0.00 7.208e-01 2.696e-01 1.711e-03 4.615e-04 4.186e-03 -1.000 9.513e-03 11.427 16.543 21.440 21.804 17.845 17.311 17.157 16.450 15.827 14.533 14.329 13.880 13.758 12.994 12.471 11.326 11.235 10.532
0.0094713 -0.20000 9.95000 0.1599999964 1.5372931554    0.160 -2.596  3.4755  5.092    1  0.000  0.545     0.00     0.00     0.00     0.00     0.00 -1 -2.27e-16      0.00 7.205e-01 2.700e-01 1.711e-03 4.615e-04 4.186e-03 -1.000 9.513e-03 11.260 16.326 21.218 21.495 17.559 16.981 16.760 16.076 15.477 14.194 13.990 13.558 13.430 12.705 12.212 11.106 11.022 10.347
0.0094713 -0.20000 9.95000 0.1607736647 1.5407901621    0.161 -2.591  3.4759  5.091    1  0.000  0.545     0.00     0.00     0.00     0.00     0.00 -1 -2.29e-16      0.00 7.205e-01 2.700e-01 1.711e-03 4.615e-04 4.186e-03 -1.000 9.513e-03 11.248 16.311 21.203 21.474 17.540 16.959 16.733 16.051 15.454 14.171 13.968 13.536 13.408 12.685 12.194 11.091 11.007 10.334
0.0094713 -0.20000 9.95000 0.2000000030 1.6938790862    0.200 -2.376  3.4941  5.043    1  0.000  0.545     0.00     0.00     0.00     0.00     0.00 -1 -3.56e-16      0.00 7.194e-01 2.711e-01 1.711e-03 4.615e-04 4.186e-03 -1.000 9.513e-03 10.709 15.638 20.507 20.473 16.653 15.965 15.594 14.972 14.428 13.170 12.967 12.573 12.427 11.810 11.409 10.420 10.353 9.758
0.0094713 -0.20000 9.95000 0.2500000000 1.8403257998    0.250 -2.167  3.5086  4.990    1  0.000  0.545     0.00     0.00     0.00     0.00     0.00 -1 -5.46e-16      0.00 7.186e-01 2.719e-01 1.711e-03 4.615e-04 4.186e-03 -1.000 9.513e-03 10.188 15.026 19.864 19.569 15.863 15.118 14.672 14.088 13.579 12.352 12.151 11.785 11.629 11.078 10.730 9.821 9.763 9.217
0.0094713 -0.20000 9.95000 0.3000000119 1.9529139769    0.300 -2.002  3.5191  4.945    1  0.000  0.545     0.00     0.00     0.00     0.00     0.00 -1 -7.69e-16      0.00 7.182e-01 2.723e-01 1.710e-03 4.615e-04 4.186e-03 -1.000 9.513e-03 9.774 14.552 19.362 18.881 15.268 14.493 14.010 13.447 12.957 11.752 11.554 11.201 11.040 10.527 10.215 9.359 9.307 8.794
0.0094713 -0.20000 9.95000 0.3500000238 2.0434175133    0.350 -1.854  3.5278  4.899    1  0.000  0.545     0.00     0.00     0.00     0.00     0.00 -1 -1.06e-15      0.00 7.242e-01 2.663e-01 1.711e-03 4.615e-04 4.186e-03 -1.000 9.513e-03 9.405 14.139 18.923 18.305 14.760 13.967 13.459 12.910 12.435 11.250 11.054 10.711 10.547 10.061 9.773 8.958 8.909 8.421
0.0094713 -0.20000 9.95000 0.4000000358 2.1185024810    0.400 -1.705  3.5389  4.853    1  0.000  0.545     0.00     0.00     0.00     0.00     0.00 -1 -1.47e-15      0.00 7.244e-01 2.661e-01 1.711e-03 4.615e-04 4.186e-03 -1.000 9.513e-03 9.033 13.714 18.466 17.702 14.227 13.416 12.883 12.346 11.886 10.725 10.531 10.200 10.033 9.577 9.317 8.550 8.505 8.046
0.0094713 -0.20000 9.95000 0.4126854539 2.1356285223    0.413 -1.663  3.5424  4.838    1  0.000  0.545     0.00     0.00     0.00     0.00     0.00 -1 -1.62e-15      0.00 7.244e-01 2.661e-01 1.711e-03 4.615e-04 4.186e-03 -1.000 9.513e-03 8.928 13.594 18.335 17.528 14.075 13.258 12.720 12.185 11.729 10.574 10.381 10.053 9.885 9.438 9.187 8.434 8.391 7.941
0.0094713 -0.20000 9.95000 0.4500000179 2.1822809362    0.450 -1.547  3.5523  4.799    1  0.000  0.545     0.00     0.00     0.00     0.00     0.00 -1 -2.12e-15      0.00 7.244e-01 2.661e-01 1.711e-03 4.615e-04 4.186e-03 -1.000 9.513e-03 8.637 13.259 17.971 17.053 13.657 12.829 12.276 11.745 11.297 10.160 9.970 9.649 9.477 9.054 8.826 8.117 8.077 7.651
0.0094713 -0.20000 9.95000 0.5000000000 2.2374541529    0.500 -1.377  3.5699  4.746    1  0.000  0.545     0.00     0.00     0.00     0.00     0.00 -1 -3.16e-15      0.00 7.244e-01 2.661e-01 1.711e-03 4.615e-04 4.186e-03 -1.000 9.513e-03 8.214 12.763 17.414 16.303 13.027 12.184 11.616 11.085 10.642 9.530 9.344 9.031 8.855 8.468 8.282 7.653 7.618 7.235
0.0094713 -0.20000 9.95000 0.5500000119 2.2836582633    0.550 -1.191  3.5926  4.691    1  0.000  0.545     0.00     0.00     0.00     0.00     0.00 -1 -4.93e-15      0.00 7.461e-01 2.451e-01 1.585e-03 4.279e-04 3.881e-03 -1.000 8.839e-03 7.747 12.211 16.772 15.448 12.305 11.450 10.881 10.345 9.907 8.837 8.659 8.354 8.174 7.824 7.684 7.150 7.119 6.786
0.0094713 -0.20000 9.95000 0.6000000238 2.3211213258    0.600 -1.009  3.6204  4.658    1  0.000  0.544     0.00     0.00     0.00     0.00     0.00 -1 -7.45e-15      0.00 7.494e-01 2.419e-01 1.567e-03 4.231e-04 3.839e-03 -1.000 8.703e-03 7.292 11.664 16.094 14.581 11.520 10.656 10.110 9.562 9.145 8.151 7.988 7.701 7.520 7.211 7.108 6.665 6.640 6.355
0.0094713 -0.20000 9.95000 0.6499999762 2.3520353107    0.650 -0.825  3.6530  4.640    1  0.000  0.544     0.00     0.00     0.00     0.00     0.00 -1 -1.12e-14      0.00 7.524e-01 2.390e-01 1.552e-03 4.189e-04 3.802e-03 -1.000 8.652e-03 6.832 11.075 15.171 13.332 10.442 9.582 9.170 8.649 8.277 7.417 7.277 7.025 6.853 6.595 6.524 6.178 6.158 5.927
0.0094713 -0.20000 9.95000 0.6760209799 2.3660591995    0.676 -0.732  3.6690  4.628    1  0.000  0.544     0.00     0.00     0.00     0.00     0.00 -1 -1.37e-14      0.00 7.540e-01 2.374e-01 1.543e-03 4.166e-04 3.781e-03 -1.000 8.620e-03 6.601 10.772 14.509 12.438 9.799 8.966 8.666 8.196 7.851 7.064 6.935 6.705 6.543 6.305 6.245 5.934 5.916 5.706
0.0094713 -0.20000 9.95000 0.7000000477 2.3779267258    0.700 -0.649  3.6833  4.617    1  0.000  0.544     0.00     0.00     0.00     0.00     0.00 -1 -1.65e-14      0.00 7.555e-01 2.359e-01 1.534e-03 4.144e-04 3.762e-03 -1.000 8.594e-03 6.393 10.500 13.788 11.600 9.229 8.434 8.229 7.814 7.490 6.765 6.643 6.433 6.282 6.060 6.006 5.717 5.702 5.509
0.0094713 -0.20000 9.95000 0.7118464708 2.3834514857    0.712 -0.608  3.6899  4.610    1  0.000  0.542     0.00     0.00     0.00     0.00     0.00 -1 -1.82e-14      0.00 7.565e-01 2.350e-01 1.524e-03 4.129e-04 3.749e-03 -1.000 8.547e-03 6.291 10.370 13.453 11.242 8.974 8.196 8.032 7.640 7.325 6.625 6.507 6.306 6.159 5.944 5.892 5.612 5.598 5.412
0.0094713 -0.20000 9.95000 0.7292401791 2.3911904655    0.729 -0.549  3.6995  4.599    1  0.000  0.539     0.00     0.00     0.00     0.00     0.00 -1 -2.09e-14      0.00 7.579e-01 2.337e-01 1.510e-03 4.108e-04 3.732e-03 -1.000 8.468e-03 6.141 10.178 12.907 10.712 8.598 7.851 7.747 7.392 7.090 6.428 6.313 6.124 5.986 5.779 5.730 5.462 5.449 5.274
0.0094713 -0.20000 9.95000 0.7459132671 2.3982205313    0.746 -0.492  3.7085  4.588    1  0.000  0.537     0.00     0.00     0.00     0.00     0.00 -1 -2.38e-14      0.00 7.591e-01 2.324e-01 1.496e-03 4.088e-04 3.716e-03 -1.000 8.447e-03 5.999 9.996 12.403 10.252 8.259 7.541 7.489 7.167 6.876 6.245 6.135 5.956 5.824 5.625 5.579 5.321 5.309 5.144
0.0094713 -0.20000 9.95000 0.7500000000 2.3998889087    0.750 -0.478  3.7107  4.585    1  0.000  0.536     0.00     0.00     0.00     0.00     0.00 -1 -2.46e-14      0.00 7.594e-01 2.322e-01 1.494e-03 4.083e-04 3.712e-03 -1.000 8.416e-03 5.964 9.952 12.280 10.142 8.178 7.467 7.426 7.112 6.825 6.201 6.091 5.915 5.784 5.588 5.542 5.287 5.275 5.112
0.0094713 -0.20000 9.95000 0.7569075227 2.4026618035    0.757 -0.454  3.7140  4.579    1  0.000  0.536     0.00     0.00     0.00     0.00     0.00 -1  -2.6e-14      0.00 7.601e-01 2.315e-01 1.490e-03 4.073e-04 3.703e-03 -1.000 8.402e-03 5.906 9.879 12.084 9.974 8.050 7.350 7.328 7.026 6.743 6.130 6.021 5.849 5.720 5.527 5.482 5.230 5.218 5.059
0.0094713 -0.20000 9.95000 0.7752388120 2.4097458239    0.775 -0.392  3.7226  4.562    1  0.000  0.536     0.00     0.00     0.00     0.00     0.00 -1 -3.02e-14      0.00 7.620e-01 2.297e-01 1.480e-03 4.047e-04 3.680e-03 -1.000 8.356e-03 5.751 9.684 11.568 9.540 7.718 7.046 7.070 6.800 6.528 5.943 5.838 5.674 5.551 5.365 5.322 5.079 5.068 4.918
0.0094713 -0.20000 9.95000 0.7914690971 2.4157039727    0.791 -0.337  3.7300  4.546    1  0.000  0.536     0.00     0.00     0.00     0.00     0.00 -1 -3.46e-14      0.00 7.636e-01 2.281e-01 1.471e-03 4.023e-04 3.659e-03 -1.000 8.313e-03 5.613 9.511 11.117 9.176 7.436 6.788 6.850 6.606 6.344 5.781 5.679 5.522 5.404 5.223 5.181 4.946 4.936 4.792
0.0094713 -0.20000 9.95000 0.7994468212 2.4185308236    0.799 -0.310  3.7336  4.537    1  0.000  0.536     0.00     0.00     0.00     0.00     0.00 -1  -3.7e-14      0.00 7.644e-01 2.273e-01 1.467e-03 4.011e-04 3.648e-03 -1.000 8.290e-03 5.546 9.425 10.898 9.005 7.301 6.665 6.743 6.512 6.255 5.703 5.602 5.449 5.333 5.154 5.113 4.882 4.872 4.732
0.0094713 -0.20000 9.95000 0.8088012934 2.4217639641    0.808 -0.278  3.7374  4.526    1  0.000  0.536     0.00     0.00     0.00     0.00     0.00 -1 -4.01e-14      0.00 7.656e-01 2.262e-01 1.461e-03 3.995e-04 3.634e-03 -1.000 8.259e-03 5.466 9.324 10.651 8.812 7.148 6.524 6.620 6.403 6.151 5.612 5.512 5.363 5.249 5.073 5.033 4.806 4.797 4.661
0.0094713 -0.20000 9.95000 0.8226050735 2.4263807860    0.822 -0.231  3.7430  4.508    1  0.000  0.536     0.00     0.00     0.00     0.00     0.00 -1 -4.52e-14      0.00 7.673e-01 2.245e-01 1.451e-03 3.970e-04 3.611e-03 -1.000 8.235e-03 5.348 9.173 10.273 8.520 6.922 6.318 6.442 6.244 6.001 5.479 5.381 5.237 5.127 4.955 4.917 4.695 4.686 4.555
0.0094713 -0.20000 9.95000 0.8359630704 2.4306819803    0.835 -0.185  3.7482  4.490    1  0.000  0.536     0.00     0.00     0.00     0.00     0.00 -1 -5.09e-14      0.00 7.690e-01 2.228e-01 1.442e-03 3.946e-04 3.590e-03 -1.000 8.196e-03 5.233 9.023 9.895 8.232 6.706 6.122 6.271 6.094 5.857 5.351 5.255 5.117 5.010 4.842 4.805 4.588 4.580 4.454
0.0094713 -0.20000 9.95000 0.8481848836 2.4344811503    0.847 -0.143  3.7528  4.472    1  0.000  0.536     0.00     0.00     0.00     0.00     0.00 -1 -5.68e-14      0.00 7.705e-01 2.213e-01 1.434e-03 3.924e-04 3.570e-03 -1.000 8.150e-03 5.127 8.883 9.568 7.984 6.518 5.951 6.119 5.958 5.728 5.235 5.141 5.006 4.902 4.738 4.702 4.489 4.481 4.359
0.0094713 -0.20000 9.95000 0.8488935828 2.4346975947    0.848 -0.140  3.7530  4.471    1  0.000  0.536     0.00     0.00     0.00     0.00     0.00 -1 -5.72e-14      0.00 7.706e-01 2.212e-01 1.434e-03 3.923e-04 3.569e-03 -1.000 8.147e-03 5.121 8.875 9.550 7.970 6.507 5.941 6.110 5.950 5.720 5.229 5.134 5.000 4.896 4.732 4.696 4.483 4.475 4.353
0.0094713 -0.20000 9.95000 0.8526234627 2.4358299239    0.852 -0.127  3.7543  4.465    1  0.000  0.536     0.00     0.00     0.00     0.00     0.00 -1 -5.92e-14      0.00 7.712e-01 2.207e-01 1.431e-03 3.914e-04 3.561e-03 -1.000 8.120e-03 5.088 8.832 9.457 7.899 6.452 5.891 6.065 5.909 5.681 5.194 5.100 4.966 4.863 4.700 4.664 4.452 4.445 4.324
0.0094713 -0.20000 9.95000 0.8668479919 2.4400455859    0.866 -0.076  3.7590  4.440    1  0.000  0.535     0.00     0.00     0.00     0.00     0.00 -1 -6.79e-14      0.00 7.735e-01 2.184e-01 1.418e-03 3.881e-04 3.531e-03 -1.000 8.020e-03 4.961 8.669 9.105 7.631 6.244 5.700 5.892 5.752 5.530 5.057 4.965 4.836 4.735 4.576 4.540 4.333 4.326 4.209
0.0094713 -0.20000 9.95000 0.8797076941 2.4437221302    0.879 -0.029  3.7631  4.415    1  0.000  0.535     0.00     0.00     0.00     0.00     0.00 -1 -7.73e-14      0.00 7.757e-01 2.164e-01 1.407e-03 3.850e-04 3.504e-03 -1.000 7.940e-03 4.843 8.515 8.804 7.399 6.062 5.532 5.736 5.609 5.393 4.932 4.842 4.716 4.618 4.461 4.427 4.224 4.217 4.104
0.0094713 -0.20000 9.95000 0.8920593858 2.4471389070    0.891  0.017  3.7667  4.390    1  0.000  0.535     0.00     0.00     0.00     0.00     0.00 -1 -8.78e-14      0.00 7.778e-01 2.143e-01 1.396e-03 3.820e-04 3.477e-03 -1.000 7.885e-03 4.729 8.366 8.526 7.182 5.890 5.373 5.587 5.471 5.261 4.811 4.723 4.600 4.504 4.350 4.316 4.116 4.110 4.000
0.0094713 -0.20000 9.95000 0.8983402848 2.4488349713    0.897  0.041  3.7685  4.376    1  0.000  0.535     0.00     0.00     0.00     0.00     0.00 -1 -9.39e-14      0.00 7.788e-01 2.133e-01 1.390e-03 3.805e-04 3.463e-03 -1.000 7.881e-03 4.669 8.289 8.388 7.075 5.804 5.293 5.511 5.400 5.193 4.749 4.660 4.539 4.444 4.291 4.258 4.060 4.054 3.945
0.0094713 -0.20000 9.95000 0.9059121609 2.4508437315    0.905  0.070  3.7704  4.358    1  0.000  0.535     0.00     0.00     0.00     0.00     0.00 -1 -1.02e-13      0.00 7.805e-01 2.116e-01 1.381e-03 3.780e-04 3.441e-03 -1.000 7.864e-03 4.596 8.197 8.230 6.950 5.702 5.198 5.421 5.315 5.111 4.673 4.585 4.466 4.372 4.221 4.187 3.992 3.985 3.879
0.0094713 -0.20000 9.95000 0.9215963483 2.4548841334    0.920  0.131  3.7737  4.318    1  0.000  0.535     0.00     0.00     0.00     0.00     0.00 -1 -1.22e-13      0.00 7.841e-01 2.082e-01 1.361e-03 3.729e-04 3.395e-03 -1.000 7.760e-03 4.443 8.004 7.929 6.706 5.501 5.010 5.237 5.140 4.942 4.515 4.429 4.312 4.220 4.072 4.039 3.847 3.841 3.737
0.0094713 -0.20000 9.95000 0.9348582029 2.4581791459    0.934  0.182  3.7757  4.281    1  0.000  0.534     0.00     0.00     0.00     0.00     0.00 -1 -1.42e-13      0.00 7.870e-01 2.053e-01 1.346e-03 3.687e-04 3.357e-03 -1.000 7.661e-03 4.315 7.852 7.714 6.526 5.345 4.861 5.090 4.999 4.804 4.384 4.299 4.184 4.093 3.946 3.914 3.724 3.718 3.616
0.0094713 -0.20000 9.95000 0.9455419779 2.4607564492    0.944  0.227  3.7771  4.247    1  0.000  0.534     0.00     0.00     0.00     0.00     0.00 -1 -1.63e-13      0.00 7.875e-01 2.048e-01 1.344e-03 3.681e-04 3.352e-03 -1.000 7.659e-03 4.203 7.723 7.539 6.376 5.213 4.735 4.964 4.877 4.684 4.269 4.185 4.071 3.981 3.836 3.804 3.615 3.609 3.508
0.0094713 -0.20000 9.95000 0.9477870464 2.4612895497    0.946  0.237  3.7774  4.239    1  0.000  0.534     0.00     0.00     0.00     0.00     0.00 -1 -1.69e-13      0.00 7.875e-01 2.049e-01 1.344e-03 3.681e-04 3.353e-03 -1.000 7.612e-03 4.178 7.696 7.504 6.346 5.186 4.709 4.938 4.851 4.659 4.245 4.160 4.047 3.957 3.812 3.780 3.591 3.585 3.485
0.0094713 -0.20000 9.95000 0.9489385486 2.4615618533    0.948  0.242  3.7775  4.235    1  0.000  0.534     0.00     0.00     0.00     0.00     0.00 -1 -1.72e-13      0.00 7.876e-01 2.048e-01 1.343e-03 3.680e-04 3.352e-03 -1.000 7.585e-03 4.166 7.682 7.487 6.331 5.172 4.695 4.924 4.837 4.646 4.232 4.147 4.034 3.944 3.799 3.767 3.579 3.573 3.473
0.0094713 -0.20000 9.95000 0.9543196559 2.4628243493    0.953  0.266  3.7778  4.214    1  0.000  0.534     0.00     0.00     0.00     0.00     0.00 -1 -1.85e-13      0.00 7.878e-01 2.045e-01 1.342e-03 3.678e-04 3.349e-03 -1.000 7.646e-03 4.105 7.617 7.412 6.262 5.108 4.633 4.860 4.774 4.583 4.170 4.086 3.973 3.883 3.739 3.707 3.519 3.513 3.413
0.0094713 -0.20000 9.95000 0.9648571014 2.4652497650    0.964  0.316  3.7776  4.168    1  0.000  0.534     0.00     0.00     0.00     0.00     0.00 -1 -2.16e-13      0.00 7.878e-01 2.046e-01 1.345e-03 3.684e-04 3.355e-03 -1.000 7.629e-03 3.981 7.495 7.293 6.144 4.988 4.513 4.736 4.650 4.459 4.046 3.962 3.849 3.759 3.615 3.583 3.395 3.389 3.289
0.0094713 -0.20000 9.95000 0.9724912643 2.4669692204    0.971  0.353  3.7765  4.130    1  0.000  0.534     0.00     0.00     0.00     0.00     0.00 -1 -2.46e-13      0.00 7.868e-01 2.055e-01 1.352e-03 3.705e-04 3.375e-03 -1.000 7.692e-03 3.887 7.412 7.239 6.076 4.909 4.432 4.649 4.561 4.369 3.954 3.869 3.755 3.665 3.520 3.488 3.299 3.293 3.192
0.0094713 -0.20000 9.95000 0.9784574509 2.4682915363    0.977  0.384  3.7750  4.096    1  0.000  0.534     0.00     0.00     0.00     0.00     0.00 -1 -2.74e-13      0.00 7.848e-01 2.074e-01 1.366e-03 3.743e-04 3.410e-03 -1.000 7.780e-03 3.811 7.353 7.221 6.038 4.854 4.372 4.584 4.493 4.298 3.880 3.794 3.679 3.589 3.443 3.410 3.220 3.214 3.111
0.0094713 -0.20000 9.95000 0.9801949263 2.4686731429    0.979  0.393  3.7743  4.085    2  0.000  0.534     0.00     0.00     0.00     0.00     0.00 -1 -2.84e-13      0.00 7.835e-01 2.087e-01 1.374e-03 3.766e-04 3.430e-03 -1.000 7.797e-03 3.788 7.338 7.226 6.033 4.841 4.357 4.567 4.474 4.279 3.858 3.772 3.657 3.566 3.419 3.387 3.195 3.189 3.086
0.0094713 -0.20000 9.95000 0.9883472919 2.4704430843    0.987  0.435  3.7685  4.023    2  0.000  0.534     0.00     0.00     0.00     0.00     0.00 -1 -3.33e-13      0.00 7.735e-01 2.183e-01 1.434e-03 3.929e-04 3.578e-03 -1.000 8.153e-03 3.682 7.295 7.352 6.072 4.814 4.312 4.507 4.401 4.198 3.760 3.673 3.553 3.460 3.308 3.275 3.078 3.072 2.963
0.0094713 -0.20000 9.95000 0.9943574667 2.4717265887    0.993  0.462  3.7603  3.966    2  0.000  0.535     0.00     0.00     0.00     0.00     0.00 -1 -3.78e-13      0.00 7.622e-01 2.293e-01 1.497e-03 4.098e-04 3.730e-03 -1.000 8.475e-03 3.614 7.302 7.621 6.212 4.859 4.333 4.506 4.382 4.167 3.706 3.615 3.490 3.392 3.235 3.200 2.995 2.988 2.872
0.0094713 -0.20000 9.95000 0.9972338676 2.4723345680    0.996  0.470  3.7533  3.931    2  0.000  0.535     0.00     0.00     0.00     0.00     0.00 -1 -4.01e-13      0.00 7.553e-01 2.360e-01 1.533e-03 4.195e-04 3.817e-03 -1.000 8.678e-03 3.594 7.336 7.921 6.388 4.949 4.401 4.551 4.408 4.183 3.701 3.607 3.476 3.375 3.213 3.176 2.964 2.957 2.834
0.0094713 -0.20000 9.95000 0.9977088571 2.4724345778    0.996  0.472  3.7521  3.925    2  0.000  0.535     0.00     0.00     0.00     0.00     0.00 -1 -4.05e-13      0.00 7.541e-01 2.372e-01 1.539e-03 4.211e-04 3.832e-03 -1.000 8.713e-03 3.591 7.342 7.971 6.417 4.964 4.412 4.559 4.412 4.185 3.701 3.606 3.474 3.372 3.209 3.172 2.959 2.951 2.828
0.0094713 -0.20000 9.95000 1.0000766516 2.4729314917    0.999  0.471  3.7424  3.888    2  0.000  0.536     0.00     0.00     0.00     0.00     0.00 -1 -4.21e-13      0.00 7.479e-01 2.432e-01 1.570e-03 4.295e-04 3.906e-03 -1.000 8.895e-03 3.591 7.407 8.425 6.695 5.118 4.535 4.649 4.475 4.235 3.723 3.625 3.486 3.379 3.209 3.170 2.948 2.939 2.807
0.0094713 -0.20000 9.95000 1.0017077923 2.4732722376    1.000  0.470  3.7338  3.855    2  0.000  0.536     0.00     0.00     0.00     0.00     0.00 -1 -4.35e-13      0.00 7.438e-01 2.472e-01 1.590e-03 4.348e-04 3.953e-03 -1.000 9.028e-03 3.595 7.459 8.817 6.934 5.264 4.656 4.736 4.538 4.286 3.751 3.649 3.503 3.392 3.215 3.175 2.944 2.934 2.794
0.0094713 -0.20000 9.95000 1.0032303333 2.4735891475    1.002  0.473  3.7251  3.818    2  0.000  0.537     0.00     0.00     0.00     0.00     0.00 -1 -4.55e-13      0.00 7.404e-01 2.505e-01 1.607e-03 4.392e-04 3.992e-03 -1.000 9.116e-03 3.587 7.495 9.193 7.167 5.405 4.772 4.817 4.594 4.330 3.769 3.665 3.511 3.396 3.213 3.170 2.930 2.920 2.771
0.0094713 -0.20000 9.95000 1.0050514936 2.4739667637    1.004  0.492  3.7155  3.761    2  0.000  0.537     0.00     0.00     0.00     0.00     0.00 -1 -5.05e-13      0.00 7.367e-01 2.541e-01 1.623e-03 4.435e-04 4.031e-03 -1.000 9.153e-03 3.539 7.492 9.560 7.400 5.530 4.869 4.871 4.619 4.343 3.754 3.646 3.484 3.364 3.174 3.129 2.879 2.868 2.709
0.0094713 -0.20000 9.95000 1.0066349506 2.4742938156    1.005  0.527  3.7090  3.701    2  0.000  0.537     0.00     0.00     0.00     0.00     0.00 -1 -5.84e-13      0.00 7.336e-01 2.572e-01 1.634e-03 4.466e-04 4.058e-03 -1.000 9.228e-03 3.453 7.435 9.744 7.507 5.562 4.883 4.854 4.584 4.299 3.692 3.581 3.413 3.290 3.095 3.048 2.791 2.779 2.613
0.0094713 -0.20000 9.95000 1.0070570707 2.4743808019    1.006  0.539  3.7076  3.684    2  0.000  0.537     0.00     0.00     0.00     0.00     0.00 -1 -6.13e-13      0.00 7.327e-01 2.580e-01 1.637e-03 4.473e-04 4.064e-03 -1.000 9.240e-03 3.423 7.411 9.770 7.522 5.559 4.876 4.840 4.566 4.279 3.668 3.556 3.388 3.263 3.067 3.020 2.761 2.750 2.582
0.0094713 -0.20000 9.95000 1.0076707602 2.4745071154    1.006  0.560  3.7059  3.657    3  0.000  0.537     0.00     0.00     0.00     0.00     0.00 -1 -6.62e-13      0.00 7.315e-01 2.593e-01 1.641e-03 4.482e-04 4.073e-03 -1.000 9.255e-03 3.371 7.367 9.783 7.521 5.538 4.851 4.807 4.529 4.239 3.623 3.511 3.341 3.215 3.018 2.971 2.710 2.698 2.528
0.0094713 -0.20000 9.95000 1.0088540316 2.4747501651    1.007  0.604  3.7033  3.602    3  0.000  0.537     0.00     0.00     0.00     0.00     0.00 -1 -7.76e-13      0.00 7.288e-01 2.619e-01 1.645e-03 4.501e-04 4.087e-03 -1.000 9.317e-03 3.259 7.266 9.769 7.485 5.472 4.778 4.722 4.438 4.145 3.521 3.408 3.236 3.110 2.910 2.862 2.598 2.586 2.413
0.0094713 -0.20000 9.95000 1.0100921392 2.4750037774    1.008  0.658  3.7010  3.540    3  0.000  0.534     0.00     0.00     0.00     0.00     0.00 -1  -9.4e-13      0.00 7.256e-01 2.651e-01 1.642e-03 4.545e-04 4.099e-03 -1.000 9.278e-03 3.124 7.141 9.717 7.412 5.375 4.676 4.610 4.322 4.026 3.396 3.282 3.108 2.981 2.779 2.731 2.464 2.452 2.277
0.0094713 -0.20000 9.95000 1.0112097263 2.4752320893    1.010  0.712  3.6993  3.479    3  0.000  0.525     0.00     0.00     0.00     0.00     0.00 -1 -1.14e-12      0.00 7.222e-01 2.684e-01 1.618e-03 4.727e-04 4.109e-03 -1.000 9.334e-03 2.989 7.013 9.648 7.328 5.270 4.568 4.493 4.201 3.903 3.268 3.153 2.978 2.850 2.647 2.598 2.330 2.317 2.140
0.0094713 -0.20000 9.95000 1.0120246410 2.4753982028    1.010  0.756  3.6981  3.431    3  0.000  0.513     0.00     0.00     0.00     0.00     0.00 -1 -1.33e-12      0.00 7.197e-01 2.710e-01 1.584e-03 5.081e-04 4.115e-03 -1.000 9.335e-03 2.881 6.910 9.595 7.268 5.189 4.484 4.399 4.105 3.805 3.165 3.050 2.874 2.745 2.541 2.492 2.222 2.209 2.030
0.0094713 -0.20000 9.95000 1.0127305984 2.4755418577    1.011  0.796  3.6969  3.386    3  0.000  0.501     0.00     0.00     0.00     0.00     0.00 -1 -1.54e-12      0.00 7.175e-01 2.731e-01 1.549e-03 5.510e-04 4.119e-03 -1.000 9.398e-03 2.780 6.814 9.546 7.211 5.113 4.405 4.312 4.015 3.712 3.069 2.953 2.776 2.647 2.442 2.392 2.121 2.108 1.928
0.0094713 -0.20000 9.95000 1.0134124756 2.4756803940    1.012  0.838  3.6957  3.340    3  0.000  0.488     0.00     0.00     0.00     0.00     0.00 -1 -1.78e-12      0.00 7.152e-01 2.753e-01 1.510e-03 5.999e-04 4.123e-03 -1.000 9.420e-03 2.675 6.715 9.495 7.152 5.034 4.323 4.222 3.922 3.617 2.970 2.853 2.675 2.546 2.340 2.290 2.017 2.004 1.822
0.0094713 -0.20000 9.95000 1.0142153502 2.4758432387    1.012  0.892  3.6942  3.280    3  0.000  0.477     0.00     0.00     0.00     0.00     0.00 -1 -2.15e-12      0.00 7.130e-01 2.776e-01 1.474e-03 6.447e-04 4.126e-03 -1.000 9.380e-03 2.540 6.587 9.431 7.077 4.933 4.218 4.106 3.802 3.495 2.842 2.724 2.545 2.415 2.208 2.157 1.883 1.869 1.686
0.0094713 -0.20000 9.95000 1.0147981644 2.4759612635    1.013  0.934  3.6929  3.233    3  0.000  0.470     0.00     0.00     0.00     0.00     0.00 -1 -2.51e-12      0.00 7.115e-01 2.791e-01 1.454e-03 6.714e-04 4.129e-03 -1.000 9.420e-03 2.435 6.487 9.384 7.021 4.855 4.137 4.016 3.709 3.399 2.742 2.623 2.443 2.313 2.104 2.054 1.777 1.764 1.579
0.0094713 -0.20000 9.95000 1.0154557228 2.4760942377    1.013  0.987  3.6912  3.174    3  0.000  0.463     0.00     0.00     0.00     0.00     0.00 -1 -3.02e-12      0.00 7.101e-01 2.805e-01 1.435e-03 6.950e-04 4.131e-03 -1.000 9.428e-03 2.303 6.364 9.332 6.957 4.763 4.040 3.907 3.595 3.282 2.619 2.499 2.317 2.186 1.977 1.925 1.646 1.633 1.446
0.0094713 -0.20000 9.95000 1.0159180164 2.4761876061    1.014  1.027  3.6898  3.129    3  0.000  0.460     0.00     0.00     0.00     0.00     0.00 -1 -3.49e-12      0.00 7.092e-01 2.814e-01 1.425e-03 7.084e-04 4.132e-03 -1.000 9.415e-03 2.204 6.270 9.294 6.911 4.693 3.967 3.824 3.509 3.193 2.525 2.405 2.222 2.090 1.879 1.827 1.547 1.533 1.345
0.0094713 -0.20000 9.95000 1.0163660049 2.4762779922    1.014  1.069  3.6884  3.081    3  0.000  0.457     0.00     0.00     0.00     0.00     0.00 -1 -4.06e-12      0.00 7.085e-01 2.821e-01 1.417e-03 7.183e-04 4.133e-03 -1.000 9.423e-03 2.099 6.171 9.248 6.867 4.622 3.892 3.739 3.420 3.101 2.428 2.306 2.122 1.990 1.777 1.725 1.443 1.429 1.239
0.0094713 -0.20000 9.95000 1.0168790817 2.4763813980    1.015  1.121  3.6864  3.021    3  0.000  0.455     0.00     0.00     0.00     0.00     0.00 -1  -4.9e-12      0.00 7.078e-01 2.827e-01 1.410e-03 7.275e-04 4.133e-03 -1.000 9.460e-03 1.967 6.049 9.197 6.819 4.536 3.801 3.634 3.310 2.987 2.306 2.184 1.998 1.864 1.651 1.598 1.313 1.298 1.106
0.0094713 -0.20000 9.95000 1.0173344612 2.4764730749    1.015  1.173  3.6843  2.961    3  0.000  0.454     0.00     0.00     0.00     0.00     0.00 -1 -5.91e-12      0.00 7.075e-01 2.831e-01 1.406e-03 7.327e-04 4.134e-03 -1.000 9.455e-03 1.838 5.929 9.143 6.773 4.454 3.712 3.531 3.202 2.875 2.188 2.064 1.876 1.742 1.526 1.472 1.185 1.170 0.975
0.0094713 -0.20000 9.95000 1.0177378654 2.4765542094    1.015  1.223  3.6822  2.902    3  0.000  0.453     0.00     0.00     0.00     0.00     0.00 -1 -7.09e-12      0.00 7.073e-01 2.833e-01 1.404e-03 7.360e-04 4.134e-03 -1.000 9.416e-03 1.713 5.812 9.091 6.729 4.375 3.628 3.433 3.097 2.767 2.072 1.948 1.758 1.622 1.405 1.351 1.060 1.046 0.848
0.0094713 -0.20000 9.95000 1.0181113482 2.4766292600    1.016  1.275  3.6799  2.842    3  0.000  0.453     0.00     0.00     0.00     0.00     0.00 -1 -8.56e-12      0.00 7.072e-01 2.833e-01 1.404e-03 7.364e-04 4.134e-03 -1.000 9.413e-03 1.583 5.693 9.040 6.689 4.297 3.543 3.333 2.991 2.657 1.954 1.829 1.637 1.500 1.281 1.226 0.933 0.918 0.717
0.0094713 -0.20000 9.95000 1.0184386969 2.4766949881    1.016  1.324  3.6776  2.783    3  0.000  0.453     0.00     0.00     0.00     0.00     0.00 -1 -1.03e-11      0.00 7.072e-01 2.834e-01 1.403e-03 7.368e-04 4.134e-03 -1.000 9.413e-03 1.459 5.579 8.987 6.662 4.226 3.465 3.240 2.891 2.553 1.843 1.716 1.522 1.384 1.163 1.107 0.811 0.796 0.592
0.0094713 -0.20000 9.95000 1.0187369585 2.4767548335    1.016  1.374  3.6753  2.724    3  0.000  0.453     0.00     0.00     0.00     0.00     0.00 -1 -1.23e-11      0.00 7.072e-01 2.834e-01 1.403e-03 7.371e-04 4.135e-03 -1.000 9.413e-03 1.336 5.466 8.939 6.640 4.158 3.390 3.149 2.793 2.451 1.732 1.604 1.408 1.269 1.045 0.989 0.690 0.674 0.467
0.0094713 -0.20000 9.95000 1.0190085173 2.4768092859    1.016  1.423  3.6729  2.666    3  0.000  0.452     0.00     0.00     0.00     0.00     0.00 -1 -1.47e-11      0.00 7.072e-01 2.834e-01 1.403e-03 7.373e-04 4.135e-03 -1.000 9.413e-03 1.213 5.354 8.892 6.617 4.091 3.316 3.059 2.696 2.350 1.623 1.493 1.295 1.155 0.929 0.872 0.569 0.554 0.344
0.0094713 -0.20000 9.95000 1.0192576647 2.4768592152    1.016  1.471  3.6704  2.607    3  0.000  0.452     0.00     0.00     0.00     0.00     0.00 -1 -1.76e-11      0.00 7.072e-01 2.834e-01 1.403e-03 7.376e-04 4.135e-03 -1.000 9.413e-03 1.092 5.244 8.849 6.599 4.027 3.246 2.972 2.602 2.251 1.515 1.385 1.184 1.042 0.814 0.756 0.451 0.435 0.222
0.0094713 -0.20000 9.95000 1.0194890499 2.4769055598    1.016  1.519  3.6679  2.550    3  0.000  0.452     0.00     0.00     0.00     0.00     0.00 -1  -2.1e-11      0.00 7.072e-01 2.834e-01 1.403e-03 7.378e-04 4.135e-03 -1.000 9.413e-03 0.972 5.135 8.798 6.586 3.967 3.178 2.888 2.510 2.155 1.410 1.278 1.075 0.932 0.702 0.643 0.334 0.317 0.101
0.0094713 -0.20000 9.95000 1.0197076797 2.4769493273    1.017  1.565  3.6654  2.493    3  0.000  0.452     0.00     0.00     0.00     0.00     0.00 -1 -2.49e-11      0.00 7.072e-01 2.834e-01 1.402e-03 7.380e-04 4.135e-03 -1.000 9.413e-03 0.857 5.031 8.753 6.583 3.914 3.119 2.809 2.423 2.064 1.310 1.176 0.970 0.826 0.594 0.534 0.221 0.204 -0.015
0.0094713 -0.20000 9.95000 1.0199793577 2.4770036845    1.017  1.612  3.6629  2.436    3  0.000  0.452     0.00     0.00     0.00     0.00     0.00 -1 -2.97e-11      0.00 7.072e-01 2.834e-01 1.402e-03 7.383e-04 4.135e-03 -1.000 9.413e-03 0.739 4.925 8.717 6.597 3.874 3.071 2.736 2.339 1.974 1.207 1.072 0.863 0.717 0.482 0.421 0.105 0.088 -0.134
0.0094713 -0.20000 9.95000 1.0200647116 2.4770207552    1.017  1.620  3.6626  2.427    3  0.000  0.452     0.00     0.00     0.00     0.00     0.00 -1 -3.07e-11      0.00 7.072e-01 2.834e-01 1.402e-03 7.384e-04 4.135e-03 -1.000 9.413e-03 0.720 4.908 8.710 6.597 3.866 3.062 2.724 2.325 1.959 1.190 1.055 0.845 0.699 0.464 0.403 0.086 0.069 -0.154
0.0094713 -0.20000 9.95000 1.0202347040 2.4770547437    1.017  1.589  3.6647  2.467    3  0.000  0.452     0.00     0.00     0.00     0.00     0.00 -1 -2.76e-11      0.00 7.072e-01 2.834e-01 1.402e-03 7.386e-04 4.135e-03 -1.000 9.413e-03 0.797 4.975 8.719 6.564 3.879 3.082 2.763 2.374 2.012 1.254 1.120 0.913 0.769 0.535 0.475 0.161 0.145 -0.076
0.0094713 -0.20000 9.95000 1.0203537941 2.4770785470    1.017  1.556  3.6669  2.508    3  0.000  0.452     0.00     0.00     0.00     0.00     0.00 -1 -2.44e-11      0.00 7.072e-01 2.834e-01 1.402e-03 7.387e-04 4.135e-03 -1.000 9.413e-03 0.879 5.046 8.731 6.534 3.897 3.106 2.808 2.428 2.071 1.322 1.190 0.986 0.843 0.611 0.552 0.241 0.225 0.007
0.0094713 -0.20000 9.95000 1.0203688145 2.4770815487    1.017  1.552  3.6672  2.514    3  0.000  0.452     0.00     0.00     0.00     0.00     0.00 -1  -2.4e-11      0.00 7.072e-01 2.834e-01 1.402e-03 7.387e-04 4.135e-03 -1.000 9.413e-03 0.891 5.057 8.734 6.532 3.901 3.111 2.816 2.436 2.080 1.332 1.200 0.996 0.853 0.623 0.563 0.253 0.237 0.020
0.0094713 -0.20000 9.95000 1.0204143524 2.4770906487    1.017  1.565  3.6665  2.499    3  0.000  0.452     0.00     0.00     0.00     0.00     0.00 -1 -2.49e-11      0.00 7.072e-01 2.834e-01 1.402e-03 7.387e-04 4.135e-03 -1.000 9.413e-03 0.859 5.028 8.723 6.533 3.887 3.095 2.794 2.412 2.055 1.305 1.172 0.967 0.824 0.592 0.533 0.222 0.205 -0.013
0.0094713 -0.20000 9.95000 1.0205907822 2.4771258963    1.017  1.612  3.6638  2.440    3  0.000  0.452     0.00     0.00     0.00     0.00     0.00 -1 -2.95e-11      0.00 7.072e-01 2.834e-01 1.402e-03 7.389e-04 4.135e-03 -1.000 9.413e-03 0.739 4.921 8.692 6.556 3.851 3.051 2.723 2.329 1.965 1.202 1.067 0.859 0.714 0.480 0.419 0.104 0.088 -0.134
0.0094713 -0.20000 9.95000 1.0207597017 2.4771596303    1.017  1.660  3.6610  2.382    3  0.000  0.452     0.00     0.00     0.00     0.00     0.00 -1 -3.52e-11      0.00 7.072e-01 2.834e-01 1.402e-03 7.391e-04 4.135e-03 -1.000 9.413e-03 0.621 4.816 8.663 6.581 3.817 3.010 2.654 2.248 1.877 1.100 0.964 0.753 0.606 0.369 0.307 -0.011 -0.028 -0.253
0.0094713 -0.20000 9.95000 1.0209134817 2.4771903297    1.017  1.705  3.6584  2.325    3  0.000  0.452     0.00     0.00     0.00     0.00     0.00 -1 -4.17e-11      0.00 7.072e-01 2.834e-01 1.402e-03 7.392e-04 4.135e-03 -1.000 9.413e-03 0.507 4.715 8.631 6.612 3.788 2.973 2.589 2.172 1.793 1.003 0.865 0.651 0.502 0.263 0.200 -0.123 -0.140 -0.368
0.0094713 -0.20000 9.95000 1.0210566521 2.4772189016    1.017  1.751  3.6556  2.269    3  0.000  0.452     0.00     0.00     0.00     0.00     0.00 -1 -4.95e-11      0.00 7.071e-01 2.834e-01 1.401e-03 7.394e-04 4.135e-03 -1.000 9.413e-03 0.393 4.614 8.597 6.649 3.762 2.939 2.526 2.097 1.711 0.908 0.768 0.550 0.399 0.157 0.093 -0.234 -0.252 -0.484
0.0094713 -0.20000 9.95000 1.0211913586 2.4772457759    1.016  1.798  3.6528  2.210    3  0.000  0.452     0.00     0.00     0.00     0.00     0.00 -1 -5.89e-11      0.00 7.071e-01 2.834e-01 1.401e-03 7.395e-04 4.135e-03 -1.000 9.413e-03 0.276 4.511 8.564 6.688 3.736 2.906 2.463 2.021 1.628 0.810 0.668 0.447 0.294 0.049 -0.016 -0.347 -0.365 -0.601
0.0094713 -0.20000 9.95000 1.0213074684 2.4772689336    1.016  1.841  3.6500  2.156    3  0.000  0.452     0.00     0.00     0.00     0.00     0.00 -1 -6.94e-11      0.00 7.071e-01 2.834e-01 1.401e-03 7.396e-04 4.135e-03 -1.000 9.413e-03 0.167 4.416 8.535 6.729 3.714 2.878 2.406 1.953 1.552 0.720 0.576 0.351 0.197 -0.051 -0.117 -0.452 -0.471 -0.710
0.0094713 -0.20000 9.95000 1.0214194059 2.4772912534    1.016  1.887  3.6472  2.099    3  0.000  0.452     0.00     0.00     0.00     0.00     0.00 -1 -8.23e-11      0.00 7.071e-01 2.835e-01 1.401e-03 7.398e-04 4.135e-03 -1.000 9.413e-03 0.053 4.316 8.495 6.772 3.695 2.853 2.349 1.883 1.475 0.628 0.482 0.253 0.097 -0.155 -0.222 -0.562 -0.581 -0.824
0.0094713 -0.20000 9.95000 1.0215202570 2.4773113578    1.016  1.931  3.6443  2.043    3  0.000  0.452     0.00     0.00     0.00     0.00     0.00 -1 -9.71e-11      0.00 7.071e-01 2.835e-01 1.401e-03 7.399e-04 4.135e-03 -1.000 9.413e-03 -0.057 4.220 8.457 6.817 3.679 2.830 2.295 1.816 1.401 0.539 0.391 0.158 0.000 -0.255 -0.323 -0.668 -0.687 -0.934
0.0094713 -0.20000 9.95000 1.0216135979 2.4773299611    1.016  1.975  3.6415  1.988    3  0.000  0.452     0.00     0.00     0.00     0.00     0.00 -1 -1.15e-10      0.00 7.071e-01 2.835e-01 1.401e-03 7.400e-04 4.135e-03 -1.000 9.413e-03 -0.167 4.124 8.411 6.852 3.661 2.806 2.243 1.752 1.328 0.450 0.300 0.064 -0.096 -0.354 -0.424 -0.773 -0.793 -1.044
0.0094713 -0.20000 9.95000 1.0216985941 2.4773468977    1.015  2.019  3.6385  1.932    3  0.000  0.452     0.00     0.00     0.00     0.00     0.00 -1 -1.35e-10      0.00 7.071e-01 2.835e-01 1.401e-03 7.400e-04 4.135e-03 -1.000 9.413e-03 -0.277 4.029 8.330 6.835 3.632 2.771 2.195 1.695 1.258 0.363 0.210 -0.029 -0.190 -0.452 -0.523 -0.876 -0.896 -1.151
0.0094713 -0.20000 9.95000 1.0217763186 2.4773623826    1.015  2.062  3.6356  1.877    3  0.000  0.452     0.00     0.00     0.00     0.00     0.00 -1 -1.59e-10      0.00 7.071e-01 2.835e-01 1.401e-03 7.401e-04 4.135e-03 -1.000 9.413e-03 -0.385 3.936 8.250 6.810 3.600 2.735 2.148 1.639 1.190 0.277 0.122 -0.120 -0.282 -0.547 -0.620 -0.978 -0.998 -1.256
0.0094713 -0.20000 9.95000 1.0218492746 2.4773769150    1.015  2.106  3.6326  1.821    3  0.000  0.452     0.00     0.00     0.00     0.00     0.00 -1 -1.88e-10      0.00 7.071e-01 2.835e-01 1.401e-03 7.402e-04 4.135e-03 -1.000 9.413e-03 -0.495 3.841 8.172 6.779 3.563 2.694 2.099 1.582 1.120 0.190 0.033 -0.213 -0.376 -0.644 -0.718 -1.080 -1.101 -1.363
0.0094713 -0.20000 9.95000 1.0219140053 2.4773898069    1.015  2.148  3.6296  1.766    3  0.000  0.452     0.00     0.00     0.00     0.00     0.00 -1 -2.21e-10      0.00 7.071e-01 2.835e-01 1.401e-03 7.403e-04 4.135e-03 -1.000 9.413e-03 -0.601 3.751 8.100 6.747 3.525 2.653 2.053 1.527 1.053 0.107 -0.053 -0.301 -0.465 -0.737 -0.812 -1.179 -1.200 -1.466
0.0094713 -0.20000 9.95000 1.0219738483 2.4774017238    1.014  2.191  3.6267  1.712    3  0.000  0.452     0.00     0.00     0.00     0.00     0.00 -1 -2.59e-10      0.00 7.071e-01 2.835e-01 1.401e-03 7.403e-04 4.135e-03 -1.000 9.413e-03 -0.707 3.661 8.025 6.702 3.482 2.608 2.006 1.473 0.987 0.026 -0.136 -0.388 -0.552 -0.827 -0.904 -1.276 -1.297 -1.568
0.0094713 -0.20000 9.95000 1.0220290422 2.4774127134    1.014  2.233  3.6237  1.658    3  0.000  0.452     0.00     0.00     0.00     0.00     0.00 -1 -3.04e-10      0.00 7.071e-01 2.835e-01 1.401e-03 7.404e-04 4.135e-03 -1.000 9.413e-03 -0.812 3.572 7.955 6.657 3.437 2.561 1.958 1.419 0.921 -0.054 -0.219 -0.473 -0.638 -0.917 -0.995 -1.372 -1.394 -1.668
0.0094713 -0.20000 9.95000 1.0220804214 2.4774229422    1.013  2.275  3.6207  1.603    3  0.000  0.452     0.00     0.00     0.00     0.00     0.00 -1 -3.57e-10      0.00 7.071e-01 2.835e-01 1.401e-03 7.404e-04 4.135e-03 -1.000 9.413e-03 -0.918 3.483 7.888 6.613 3.390 2.512 1.911 1.365 0.855 -0.134 -0.301 -0.558 -0.724 -1.007 -1.086 -1.468 -1.490 -1.769
0.0094713 -0.20000 9.95000 1.0221282244 2.4774324580    1.013  2.317  3.6176  1.548    3  0.000  0.452     0.00     0.00     0.00     0.00     0.00 -1  -4.2e-10      0.00 7.071e-01 2.835e-01 1.401e-03 7.405e-04 4.135e-03 -1.000 9.413e-03 -1.024 3.395 7.816 6.561 3.340 2.461 1.863 1.312 0.790 -0.212 -0.382 -0.642 -0.808 -1.095 -1.175 -1.563 -1.585 -1.869
0.0094713 -0.20000 9.95000 1.0221706629 2.4774409051    1.012  2.358  3.6146  1.496    3  0.000  0.452     0.00     0.00     0.00     0.00     0.00 -1  -4.9e-10      0.00 7.071e-01 2.835e-01 1.401e-03 7.405e-04 4.135e-03 -1.000 9.413e-03 -1.125 3.311 7.752 6.517 3.294 2.415 1.820 1.262 0.729 -0.285 -0.457 -0.720 -0.887 -1.178 -1.260 -1.653 -1.676 -1.965
0.0094713 -0.20000 9.95000 1.0222110748 2.4774489481    1.011  2.400  3.6115  1.441    3  0.000  0.452     0.00     0.00     0.00     0.00     0.00 -1 -5.74e-10      0.00 7.071e-01 2.835e-01 1.401e-03 7.406e-04 4.135e-03 -1.000 9.413e-03 -1.229 3.225 7.711 6.533 3.285 2.406 1.787 1.216 0.673 -0.357 -0.531 -0.799 -0.967 -1.263 -1.348 -1.748 -1.772 -2.066
0.0094713 -0.20000 9.95000 1.0222480297 2.4774563023    1.011  2.440  3.6084  1.388    3  0.000  0.452     0.00     0.00     0.00     0.00     0.00 -1 -6.72e-10      0.00 7.071e-01 2.835e-01 1.401e-03 7.406e-04 4.135e-03 -1.000 9.413e-03 -1.331 3.142 7.667 6.544 3.275 2.398 1.756 1.173 0.621 -0.425 -0.602 -0.874 -1.043 -1.344 -1.432 -1.841 -1.865 -2.165
0.0094713 -0.20000 9.95000 1.0222817659 2.4774630156    1.010  2.481  3.6053  1.335    3  0.000  0.452     0.00     0.00     0.00     0.00     0.00 -1 -7.84e-10      0.00 7.071e-01 2.835e-01 1.401e-03 7.406e-04 4.135e-03 -1.000 9.413e-03 -1.432 3.060 7.621 6.553 3.266 2.391 1.728 1.133 0.572 -0.490 -0.668 -0.945 -1.116 -1.423 -1.514 -1.932 -1.957 -2.263
0.0094713 -0.20000 9.95000 1.0223133564 2.4774693013    1.009  2.521  3.6022  1.282    3  0.000  0.452    11.48     8.41     5.89     4.54     3.69  4 -9.16e-10      0.00 7.071e-01 2.835e-01 1.400e-03 7.407e-04 4.135e-03 -1.000 9.413e-03 -1.533 2.978 7.574 6.561 3.256 2.384 1.700 1.094 0.523 -0.555 -0.736 -1.017 -1.189 -1.502 -1.596 -2.023 -2.048 -2.361
0.0094713 -0.20000 9.95000 1.0223419666 2.4774749937    1.008  2.561  3.5991  1.229    3  0.000  0.452    12.80     9.24     6.45     4.98     4.04  3 -1.07e-09      0.00 7.071e-01 2.835e-01 1.400e-03 7.407e-04 4.135e-03 -1.000 9.413e-03 -1.631 2.900 7.527 6.568 3.247 2.379 1.674 1.058 0.477 -0.615 -0.798 -1.084 -1.258 -1.576 -1.674 -2.111 -2.137 -2.455
0.0094713 -0.20000 9.95000 1.0223686695 2.4774803063    1.007  2.600  3.5959  1.177    3  0.000  0.452    14.27    10.16     7.05     5.45     4.43  3 -1.24e-09      0.00 7.071e-01 2.835e-01 1.400e-03 7.407e-04 4.135e-03 -1.000 9.413e-03 -1.730 2.822 7.479 6.572 3.236 2.371 1.648 1.023 0.435 -0.672 -0.857 -1.147 -1.322 -1.646 -1.749 -2.198 -2.225 -2.550
0.0094713 -0.20000 9.95000 1.0223937035 2.4774852865    1.006  2.640  3.5927  1.124    3  0.000  0.452    15.93    11.17     7.73     5.98     4.86  3 -1.45e-09      0.00 7.071e-01 2.835e-01 1.400e-03 7.407e-04 4.135e-03 -1.000 9.413e-03 -1.829 2.745 7.430 6.575 3.225 2.365 1.624 0.989 0.393 -0.728 -0.915 -1.210 -1.386 -1.717 -1.824 -2.286 -2.313 -2.646
0.0094713 -0.20000 9.95000 1.0224159956 2.4774897210    1.005  2.677  3.5896  1.074    3  0.000  0.452    17.69    12.23     8.42     6.53     5.30  3 -1.67e-09      0.00 7.071e-01 2.835e-01 1.400e-03 7.408e-04 4.135e-03 -1.000 9.413e-03 -1.922 2.672 7.385 6.580 3.216 2.360 1.604 0.960 0.356 -0.779 -0.968 -1.268 -1.444 -1.782 -1.894 -2.367 -2.395 -2.735
0.0094713 -0.20000 9.95000 1.0224374533 2.4774939894    1.004  2.715  3.5864  1.022    3  0.000  0.452    19.70    13.43     9.21     7.15     5.81  3 -1.94e-09      0.00 7.071e-01 2.835e-01 1.400e-03 7.408e-04 4.135e-03 -1.000 9.413e-03 -2.018 2.600 7.334 6.578 3.201 2.352 1.582 0.932 0.322 -0.826 -1.017 -1.321 -1.498 -1.844 -1.961 -2.450 -2.479 -2.827
0.0094713 -0.20000 9.95000 1.0224575996 2.4774979967    1.003  2.754  3.5831  0.970    3  0.000  0.452    21.95    14.75    10.07     7.83     6.36  3 -2.26e-09      0.00 7.071e-01 2.835e-01 1.400e-03 7.408e-04 4.135e-03 -1.000 9.413e-03 -2.114 2.528 7.282 6.576 3.188 2.345 1.566 0.909 0.292 -0.870 -1.063 -1.372 -1.550 -1.904 -2.028 -2.533 -2.562 -2.919
0.0094713 -0.20000 9.95000 1.0224797726 2.4775024069    1.001  2.799  3.5790  0.908    3  0.000  0.452    24.97    16.50    11.21     8.73     7.09  3 -2.69e-09      0.00 7.071e-01 2.835e-01 1.400e-03 7.408e-04 4.135e-03 -1.000 9.413e-03 -2.227 2.446 7.223 6.576 3.173 2.340 1.553 0.889 0.264 -0.914 -1.109 -1.425 -1.602 -1.968 -2.101 -2.629 -2.658 -3.027
0.0094713 -0.20000 9.95000 1.0225001574 2.4775064612    0.999  2.843  3.5750  0.846    3  0.000  0.452    28.38    18.43    12.46     9.72     7.90  2 -3.21e-09      0.00 7.071e-01 2.835e-01 1.400e-03 7.408e-04 4.135e-03 -1.000 9.413e-03 -2.338 2.369 7.163 6.573 3.153 2.331 1.541 0.876 0.246 -0.943 -1.141 -1.462 -1.639 -2.019 -2.165 -2.720 -2.751 -3.133
0.0094713 -0.20000 9.95000 1.0225191116 2.4775102309    0.997  2.888  3.5709  0.785    3  0.000  0.452    32.26    20.59    13.85    10.82     8.80  2 -3.82e-09      0.00 7.071e-01 2.835e-01 1.400e-03 7.409e-04 4.135e-03 -1.000 9.413e-03 -2.449 2.292 7.102 6.569 3.131 2.321 1.531 0.864 0.229 -0.973 -1.173 -1.500 -1.676 -2.070 -2.229 -2.811 -2.843 -3.239
0.0094713 -0.20000 9.95000 1.0225367546 2.4775137396    0.995  2.932  3.5667  0.723    3  0.000  0.452    36.66    23.01    15.39    12.05     9.80  2 -4.55e-09      0.00 7.071e-01 2.835e-01 1.400e-03 7.409e-04 4.135e-03 -1.000 9.413e-03 -2.559 2.221 7.044 6.565 3.108 2.311 1.522 0.860 0.224 -0.984 -1.186 -1.520 -1.693 -2.106 -2.282 -2.898 -2.931 -3.343
0.0094713 -0.20000 9.95000 1.0225527287 2.4775169163    0.992  2.975  3.5626  0.662    3  0.000  0.452    41.58    25.66    17.08    13.40    10.90  2 -5.41e-09      0.00 7.071e-01 2.835e-01 1.400e-03 7.409e-04 4.135e-03 -1.000 9.413e-03 -2.667 2.153 6.988 6.564 3.085 2.302 1.516 0.860 0.225 -0.989 -1.192 -1.532 -1.702 -2.136 -2.330 -2.981 -3.016 -3.444
0.0094713 -0.20000 9.95000 1.0225675106 2.4775198558    0.990  3.017  3.5584  0.602    3  0.000  0.452    47.09    28.57    18.93    14.87    12.10  2  -6.4e-09      0.00 7.071e-01 2.835e-01 1.400e-03 7.409e-04 4.135e-03 -1.000 9.413e-03 -2.772 2.091 6.934 6.565 3.063 2.296 1.515 0.869 0.236 -0.980 -1.184 -1.531 -1.697 -2.154 -2.369 -3.059 -3.096 -3.541
0.0094713 -0.20000 9.95000 1.0225812197 2.4775225819    0.987  3.058  3.5541  0.543    3  0.000  0.452    53.27    31.78    20.96    16.49    13.42  2 -7.57e-09      0.00 7.071e-01 2.835e-01 1.400e-03 7.409e-04 4.135e-03 -1.000 9.413e-03 -2.874 2.036 6.885 6.569 3.041 2.293 1.520 0.889 0.262 -0.951 -1.158 -1.511 -1.672 -2.157 -2.397 -3.130 -3.169 -3.634
0.0094713 -0.20000 9.95000 1.0225937366 2.4775250708    0.983  3.098  3.5499  0.484    3  0.000  0.452    60.17    35.31    23.17    18.26    14.86  2 -8.91e-09      0.00 7.071e-01 2.835e-01 1.400e-03 7.409e-04 4.135e-03 -1.000 9.413e-03 -2.975 1.982 6.837 6.575 3.020 2.290 1.528 0.913 0.291 -0.920 -1.127 -1.489 -1.644 -2.157 -2.423 -3.199 -3.240 -3.725
0.0094713 -0.20000 9.95000 1.0226054192 2.4775273938    0.980  3.137  3.5457  0.427    3  0.000  0.452    67.84    39.17    25.58    20.20    16.44  1 -1.05e-08      0.00 7.071e-01 2.835e-01 1.400e-03 7.410e-04 4.135e-03 -1.000 9.413e-03 -3.073 1.939 6.794 6.583 2.998 2.289 1.548 0.958 0.349 -0.853 -1.062 -1.433 -1.580 -2.130 -2.430 -3.255 -3.300 -3.810
0.0094713 -0.20000 9.95000 1.0226161480 2.4775295271    0.976  3.176  3.5414  0.369    3  0.000  0.452    76.42    43.41    28.22    22.31    18.17  1 -1.23e-08      0.00 7.071e-01 2.835e-01 1.400e-03 7.410e-04 4.135e-03 -1.000 9.413e-03 -3.170 1.898 6.753 6.593 2.979 2.292 1.571 1.008 0.412 -0.781 -0.991 -1.372 -1.511 -2.099 -2.433 -3.309 -3.357 -3.892
0.0094713 -0.20000 9.95000 1.0226260424 2.4775314944    0.972  3.213  3.5371  0.313    3  0.000  0.452    85.84    47.98    31.05    24.59    20.03  1 -1.43e-08      0.00 7.071e-01 2.835e-01 1.400e-03 7.410e-04 4.135e-03 -1.000 9.413e-03 -3.262 1.867 6.721 6.608 2.965 2.300 1.602 1.071 0.493 -0.688 -0.900 -1.291 -1.421 -2.051 -2.423 -3.351 -3.403 -3.965
0.0094713 -0.20000 9.95000 1.0226355791 2.4775333906    0.967  3.251  3.5327  0.256    3  0.000  0.452    96.70    53.17    34.24    27.17    22.13  1 -1.68e-08      0.00 7.071e-01 2.835e-01 1.400e-03 7.410e-04 4.135e-03 -1.000 9.413e-03 -3.357 1.838 6.690 6.624 2.951 2.308 1.634 1.138 0.582 -0.586 -0.800 -1.202 -1.323 -1.997 -2.410 -3.389 -3.446 -4.038
0.0094713 -0.20000 9.95000 1.0226442814 2.4775351208    0.962  3.287  3.5284  0.200    3  0.000  0.452   108.55    58.72    37.64    29.92    24.38  1 -1.95e-08      0.00 7.071e-01 2.835e-01 1.400e-03 7.410e-04 4.135e-03 -1.000 9.413e-03 -3.448 1.818 6.668 6.646 2.945 2.324 1.675 1.218 0.688 -0.467 -0.683 -1.097 -1.210 -1.928 -2.385 -3.414 -3.477 -4.101
0.0094713 -0.20000 9.95000 1.0226527452 2.4775368036    0.957  3.323  3.5241  0.144    3  0.000  0.452   121.98    64.91    41.42    32.98    26.87  1 -2.27e-08      0.00 7.071e-01 2.835e-01 1.400e-03 7.410e-04 4.135e-03 -1.000 9.413e-03 -3.538 1.810 6.657 6.674 2.949 2.353 1.729 1.317 0.823 -0.317 -0.536 -0.965 -1.069 -1.837 -2.344 -3.422 -3.493 -4.154
0.0094713 -0.20000 9.95000 1.0226606131 2.4775383678    0.951  3.358  3.5198  0.089    3  0.000  0.452   136.67    71.56    45.45    36.25    29.55  1 -2.63e-08      0.00 7.071e-01 2.835e-01 1.400e-03 7.410e-04 4.135e-03 -1.000 9.413e-03 -3.626 1.806 6.648 6.706 2.957 2.385 1.785 1.420 0.961 -0.164 -0.387 -0.830 -0.925 -1.742 -2.299 -3.426 -3.504 -4.202
0.0094713 -0.20000 9.95000 1.0226688385 2.4775400031    0.943  3.393  3.5155  0.034    3  0.000  0.452   153.17    78.89    49.88    39.85    32.49  1 -3.06e-08      0.00 7.071e-01 2.835e-01 1.400e-03 7.410e-04 4.135e-03 -1.000 9.413e-03 -3.713 1.821 6.656 6.742 2.976 2.424 1.855 1.543 1.131 0.025 -0.201 -0.660 -0.749 -1.618 -2.232 -3.402 -3.491 -4.231
0.0094713 -0.20000 9.95000 1.0226688385 2.4775400031    0.943  1.707  3.6798  2.376    4  0.000  0.475     0.00     0.00     0.00     0.00     0.00 -1    -1e-30      0.00 7.103e-01 2.803e-01 1.466e-03 6.523e-04 4.118e-03 -1.000 9.401e-03 0.501 4.612 7.964 5.632 3.245 2.500 2.258 1.920 1.576 0.869 0.741 0.552 0.418 0.199 0.144 -0.150 -0.164 -0.366
0.0094713 -0.20000 9.95000 1.0227662325 2.4775593640    0.943  1.716  3.6792  2.365    4  0.000  0.475     0.00     0.00     0.00     0.00     0.00 -1    -1e-30      0.00 7.103e-01 2.803e-01 1.466e-03 6.523e-04 4.118e-03 -1.000 9.401e-03 0.479 4.593 7.965 5.641 3.241 2.494 2.246 1.906 1.560 0.850 0.722 0.532 0.397 0.178 0.122 -0.172 -0.186 -0.389
0.0094713 -0.20000 9.95000 1.0228599310 2.4775779862    0.943  1.720  3.6790  2.361    4  0.000  0.475     0.00     0.00     0.00     0.00     0.00 -1    -1e-30      0.00 7.103e-01 2.803e-01 1.466e-03 6.524e-04 4.118e-03 -1.000 9.401e-03 0.470 4.585 7.962 5.641 3.237 2.490 2.240 1.900 1.553 0.842 0.714 0.524 0.389 0.170 0.114 -0.180 -0.195 -0.398
0.0094713 -0.20000 9.95000 1.0229537487 2.4775966281    0.944  1.720  3.6792  2.361    4  0.000  0.475     0.00     0.00     0.00     0.00     0.00 -1    -1e-30      0.00 7.103e-01 2.803e-01 1.466e-03 6.525e-04 4.118e-03 -1.000 9.402e-03 0.469 4.583 7.955 5.632 3.232 2.485 2.236 1.896 1.550 0.840 0.712 0.522 0.387 0.168 0.113 -0.181 -0.196 -0.399
0.0094713 -0.20000 9.95000 1.0230501890 2.4776157871    0.944  1.719  3.6796  2.364    4  0.000  0.475     0.00     0.00     0.00     0.00     0.00 -1    -1e-30      0.00 7.103e-01 2.803e-01 1.466e-03 6.526e-04 4.118e-03 -1.000 9.402e-03 0.472 4.584 7.946 5.618 3.225 2.479 2.234 1.895 1.550 0.841 0.713 0.524 0.389 0.170 0.115 -0.179 -0.193 -0.395
0.0094713 -0.20000 9.95000 1.0231472254 2.4776350603    0.944  1.717  3.6801  2.368    4  0.000  0.475     0.00     0.00     0.00     0.00     0.00 -1    -1e-30      0.00 7.103e-01 2.803e-01 1.466e-03 6.526e-04 4.118e-03 -1.000 9.402e-03 0.477 4.587 7.934 5.602 3.218 2.474 2.231 1.895 1.551 0.844 0.716 0.527 0.393 0.174 0.119 -0.174 -0.188 -0.390
0.0094713 -0.20000 9.95000 1.0232409239 2.4776536666    0.944  1.715  3.6805  2.372    4  0.000  0.474     0.00     0.00     0.00     0.00     0.00 -1    -1e-30      0.00 7.103e-01 2.803e-01 1.466e-03 6.527e-04 4.118e-03 -1.000 9.402e-03 0.483 4.591 7.922 5.587 3.212 2.469 2.230 1.895 1.552 0.847 0.719 0.531 0.397 0.179 0.124 -0.168 -0.183 -0.384
0.0094713 -0.20000 9.95000 1.0233408213 2.4776734994    0.944  1.712  3.6811  2.377    4  0.000  0.474     0.00     0.00     0.00     0.00     0.00 -1    -1e-30      0.00 7.103e-01 2.803e-01 1.466e-03 6.528e-04 4.119e-03 -1.000 9.403e-03 0.489 4.595 7.910 5.572 3.205 2.464 2.229 1.896 1.554 0.851 0.723 0.536 0.402 0.184 0.129 -0.162 -0.177 -0.377
0.0094713 -0.20000 9.95000 1.0234384537 2.4776928784    0.944  1.710  3.6815  2.381    4  0.000  0.474     0.00     0.00     0.00     0.00     0.00 -1    -1e-30      0.00 7.103e-01 2.803e-01 1.466e-03 6.529e-04 4.119e-03 -1.000 9.403e-03 0.495 4.598 7.898 5.558 3.199 2.460 2.227 1.896 1.555 0.854 0.727 0.540 0.406 0.189 0.134 -0.157 -0.171 -0.371
0.0094713 -0.20000 9.95000 1.0235369205 2.4777124186    0.944  1.708  3.6820  2.385    4  0.000  0.474     0.00     0.00     0.00     0.00     0.00 -1    -1e-30      0.00 7.103e-01 2.803e-01 1.466e-03 6.529e-04 4.119e-03 -1.000 9.403e-03 0.500 4.601 7.886 5.544 3.193 2.455 2.226 1.896 1.556 0.857 0.730 0.543 0.410 0.193 0.139 -0.152 -0.166 -0.365
0.0094713 -0.20000 9.95000 1.0236405134 2.4777329714    0.944  1.706  3.6825  2.389    4  0.000  0.474     0.00     0.00     0.00     0.00     0.00 -1    -1e-30      0.00 7.103e-01 2.803e-01 1.465e-03 6.530e-04 4.119e-03 -1.000 9.403e-03 0.505 4.604 7.874 5.530 3.186 2.450 2.224 1.896 1.557 0.859 0.732 0.546 0.414 0.197 0.142 -0.147 -0.162 -0.360
0.0094713 -0.20000 9.95000 1.0237437487 2.4777534485    0.944  1.705  3.6829  2.392    4  0.000  0.474     0.00     0.00     0.00     0.00     0.00 -1    -1e-30      0.00 7.103e-01 2.803e-01 1.465e-03 6.531e-04 4.119e-03 -1.000 9.403e-03 0.509 4.606 7.863 5.517 3.180 2.445 2.222 1.895 1.557 0.861 0.734 0.549 0.416 0.200 0.146 -0.144 -0.158 -0.356
0.0094713 -0.20000 9.95000 1.0238391161 2.4777723607    0.945  1.703  3.6832  2.395    4  0.000  0.474     0.00     0.00     0.00     0.00     0.00 -1    -1e-30      0.00 7.103e-01 2.803e-01 1.465e-03 6.532e-04 4.119e-03 -1.000 9.404e-03 0.511 4.607 7.853 5.505 3.175 2.441 2.219 1.895 1.557 0.862 0.736 0.550 0.418 0.202 0.148 -0.141 -0.155 -0.353
0.0094713 -0.20000 9.95000 1.0239409208 2.4777925451    0.945  1.702  3.6836  2.397    4  0.000  0.474     0.00     0.00     0.00     0.00     0.00 -1    -1e-30      0.00 7.103e-01 2.803e-01 1.465e-03 6.532e-04 4.119e-03 -1.000 9.404e-03 0.514 4.608 7.843 5.494 3.169 2.436 2.217 1.894 1.556 0.863 0.737 0.552 0.420 0.204 0.150 -0.138 -0.153 -0.350
0.0094713 -0.20000 9.95000 1.0240058899 2.4778054238    0.945  1.702  3.6838  2.399    4  0.000  0.474     0.00     0.00     0.00     0.00     0.00 -1    -1e-30      0.00 7.103e-01 2.803e-01 1.465e-03 6.533e-04 4.119e-03 -1.000 9.404e-03 0.516 4.609 7.838 5.487 3.166 2.434 2.216 1.893 1.556 0.864 0.738 0.553 0.421 0.205 0.151 -0.137 -0.151 -0.348
0.0094713 -0.20000 9.95000 1.0240406990 2.4778123232    0.945  1.701  3.6839  2.399    4  0.000  0.474     0.00     0.00     0.00     0.00     0.00 -1    -1e-30      0.00 7.103e-01 2.803e-01 1.465e-03 6.533e-04 4.119e-03 -1.000 9.404e-03 0.516 4.609 7.835 5.484 3.164 2.433 2.215 1.893 1.556 0.864 0.738 0.553 0.421 0.206 0.152 -0.136 -0.151 -0.348
0.0094713 -0.20000 9.95000 1.0241384506 2.4778316953    0.945  1.701  3.6841  2.401    4  0.000  0.474     0.00     0.00     0.00     0.00     0.00 -1    -1e-30      0.00 7.103e-01 2.803e-01 1.465e-03 6.534e-04 4.119e-03 -1.000 9.404e-03 0.518 4.610 7.828 5.476 3.160 2.429 2.213 1.892 1.555 0.864 0.738 0.554 0.422 0.207 0.153 -0.135 -0.149 -0.346
0.0094713 -0.20000 9.95000 1.0242356062 2.4778509450    0.945  1.701  3.6843  2.402    4  0.000  0.474     0.00     0.00     0.00     0.00     0.00 -1    -1e-30      0.00 7.103e-01 2.803e-01 1.465e-03 6.535e-04 4.119e-03 -1.000 9.405e-03 0.519 4.610 7.821 5.469 3.156 2.426 2.211 1.890 1.554 0.864 0.738 0.554 0.422 0.207 0.153 -0.134 -0.149 -0.345
0.0094713 -0.20000 9.95000 1.0243312120 2.4778698836    0.945  1.700  3.6845  2.403    4  0.000  0.474     0.00     0.00     0.00     0.00     0.00 -1    -1e-30      0.00 7.103e-01 2.803e-01 1.465e-03 6.535e-04 4.119e-03 -1.000 9.405e-03 0.519 4.609 7.816 5.463 3.153 2.423 2.209 1.889 1.553 0.863 0.738 0.554 0.422 0.207 0.153 -0.134 -0.148 -0.345
0.0094713 -0.20000 9.95000 1.0244283676 2.4778891250    0.945  1.701  3.6846  2.403    4  0.000  0.474     0.00     0.00     0.00     0.00     0.00 -1    -1e-30      0.00 7.103e-01 2.803e-01 1.465e-03 6.536e-04 4.119e-03 -1.000 9.405e-03 0.518 4.608 7.812 5.458 3.150 2.420 2.207 1.887 1.552 0.862 0.736 0.553 0.421 0.206 0.152 -0.135 -0.149 -0.345
0.0094713 -0.20000 9.95000 1.0245254040 2.4779083387    0.945  1.701  3.6846  2.403    4  0.000  0.474     0.00     0.00     0.00     0.00     0.00 -1    -1e-30      0.00 7.103e-01 2.803e-01 1.465e-03 6.537e-04 4.119e-03 -1.000 9.405e-03 0.517 4.606 7.808 5.454 3.147 2.418 2.205 1.885 1.550 0.860 0.735 0.551 0.419 0.204 0.151 -0.136 -0.151 -0.347
0.0094713 -0.20000 9.95000 1.0246243477 2.4779279256    0.946  1.702  3.6846  2.402    4  0.000  0.474     0.00     0.00     0.00     0.00     0.00 -1    -1e-30      0.00 7.102e-01 2.803e-01 1.465e-03 6.538e-04 4.119e-03 -1.000 9.405e-03 0.514 4.604 7.806 5.452 3.145 2.416 2.203 1.883 1.547 0.858 0.732 0.548 0.417 0.202 0.148 -0.139 -0.153 -0.349
0.0094713 -0.20000 9.95000 1.0247017145 2.4779432382    0.946  1.703  3.6846  2.401    4  0.000  0.474     0.00     0.00     0.00     0.00     0.00 -1    -1e-30      0.00 7.102e-01 2.803e-01 1.465e-03 6.538e-04 4.119e-03 -1.000 9.406e-03 0.512 4.601 7.805 5.451 3.143 2.414 2.201 1.881 1.545 0.855 0.730 0.546 0.414 0.200 0.146 -0.141 -0.156 -0.352
0.0094713 -0.20000 9.95000 1.0247452259 2.4779518489    0.946  1.704  3.6845  2.400    4  0.000  0.474     0.00     0.00     0.00     0.00     0.00 -1    -1e-30      0.00 7.102e-01 2.803e-01 1.465e-03 6.538e-04 4.119e-03 -1.000 9.406e-03 0.510 4.600 7.805 5.452 3.143 2.413 2.199 1.879 1.544 0.854 0.728 0.544 0.413 0.198 0.144 -0.143 -0.158 -0.354
0.0094713 -0.20000 9.95000 1.0248355865 2.4779697281    0.946  1.706  3.6844  2.397    4  0.000  0.474     0.00     0.00     0.00     0.00     0.00 -1    -1e-30      0.00 7.102e-01 2.804e-01 1.465e-03 6.539e-04 4.119e-03 -1.000 9.406e-03 0.505 4.595 7.805 5.453 3.142 2.412 2.197 1.876 1.540 0.850 0.724 0.540 0.408 0.193 0.139 -0.148 -0.162 -0.359
0.0094713 -0.20000 9.95000 1.0249254704 2.4779875094    0.946  1.708  3.6842  2.394    4  0.000  0.474     0.00     0.00     0.00     0.00     0.00 -1    -1e-30      0.00 7.102e-01 2.804e-01 1.465e-03 6.540e-04 4.119e-03 -1.000 9.406e-03 0.499 4.590 7.807 5.456 3.141 2.411 2.194 1.872 1.536 0.845 0.719 0.535 0.403 0.188 0.134 -0.154 -0.168 -0.365
0.0094713 -0.20000 9.95000 1.0250210762 2.4780064187    0.946  1.712  3.6839  2.390    4  0.000  0.474     0.00     0.00     0.00     0.00     0.00 -1    -1e-30      0.00 7.102e-01 2.804e-01 1.465e-03 6.541e-04 4.119e-03 -1.000 9.406e-03 0.491 4.584 7.810 5.461 3.141 2.409 2.191 1.868 1.531 0.838 0.712 0.528 0.396 0.180 0.126 -0.162 -0.176 -0.373
0.0094713 -0.20000 9.95000 1.0251177549 2.4780255360    0.946  1.716  3.6835  2.384    4  0.000  0.474     0.00     0.00     0.00     0.00     0.00 -1    -1e-30      0.00 7.102e-01 2.804e-01 1.465e-03 6.541e-04 4.119e-03 -1.000 9.407e-03 0.481 4.576 7.815 5.468 3.141 2.408 2.187 1.862 1.524 0.830 0.704 0.519 0.387 0.171 0.117 -0.172 -0.186 -0.383
0.0094713 -0.20000 9.95000 1.0252079964 2.4780433767    0.946  1.720  3.6830  2.378    4  0.000  0.474     0.00     0.00     0.00     0.00     0.00 -1    -1e-30      0.00 7.102e-01 2.804e-01 1.465e-03 6.542e-04 4.119e-03 -1.000 9.407e-03 0.469 4.566 7.823 5.478 3.142 2.408 2.182 1.856 1.517 0.821 0.694 0.509 0.376 0.160 0.106 -0.184 -0.198 -0.396
0.0094713 -0.20000 9.95000 1.0252999067 2.4780615437    0.946  1.726  3.6824  2.370    4  0.000  0.474     0.00     0.00     0.00     0.00     0.00 -1    -1e-30      0.00 7.102e-01 2.804e-01 1.465e-03 6.543e-04 4.119e-03 -1.000 9.407e-03 0.455 4.555 7.830 5.489 3.144 2.407 2.177 1.849 1.509 0.810 0.683 0.497 0.364 0.147 0.093 -0.197 -0.211 -0.410
0.0094713 -0.20000 9.95000 1.0253897905 2.4780793064    0.946  1.732  3.6818  2.361    4  0.000  0.474     0.00     0.00     0.00     0.00     0.00 -1    -1e-30      0.00 7.102e-01 2.804e-01 1.465e-03 6.543e-04 4.119e-03 -1.000 9.407e-03 0.440 4.542 7.839 5.501 3.144 2.406 2.171 1.840 1.499 0.797 0.670 0.483 0.350 0.133 0.078 -0.212 -0.227 -0.426
0.0094713 -0.20000 9.95000 1.0254818201 2.4780974895    0.947  1.740  3.6810  2.351    4  0.000  0.474     0.00     0.00     0.00     0.00     0.00 -1    -1e-30      0.00 7.102e-01 2.804e-01 1.465e-03 6.544e-04 4.119e-03 -1.000 9.407e-03 0.421 4.527 7.847 5.514 3.145 2.404 2.164 1.830 1.486 0.782 0.654 0.467 0.333 0.115 0.061 -0.231 -0.246 -0.446
0.0094713 -0.20000 9.95000 1.0255799294 2.4781168697    0.947  1.749  3.6801  2.338    4  0.000  0.474     0.00     0.00     0.00     0.00     0.00 -1    -1e-30      0.00 7.102e-01 2.804e-01 1.464e-03 6.545e-04 4.119e-03 -1.000 9.408e-03 0.397 4.507 7.859 5.530 3.145 2.402 2.154 1.817 1.471 0.763 0.635 0.447 0.312 0.094 0.038 -0.254 -0.269 -0.470
0.0094713 -0.20000 9.95000 1.0256594419 2.4781325732    0.947  1.749  3.6802  2.338    4  0.000  0.474     0.00     0.00     0.00     0.00     0.00 -1    -1e-30      0.00 7.102e-01 2.804e-01 1.464e-03 6.545e-04 4.119e-03 -1.000 9.408e-03 0.398 4.508 7.857 5.529 3.145 2.401 2.154 1.817 1.472 0.764 0.636 0.447 0.313 0.094 0.039 -0.253 -0.268 -0.469
0.0094713 -0.20000 9.95000 1.0257533789 2.4781511219    0.947  1.763  3.6787  2.318    4  0.000  0.474     0.00     0.00     0.00     0.00     0.00 -1    -1e-30      0.00 7.102e-01 2.804e-01 1.464e-03 6.546e-04 4.119e-03 -1.000 9.408e-03 0.362 4.478 7.872 5.561 3.148 2.400 2.141 1.798 1.449 0.735 0.606 0.416 0.281 0.061 0.005 -0.289 -0.304 -0.507
0.0094713 -0.20000 9.95000 1.0258445740 2.4781691254    0.947  1.797  3.6754  2.271    4  0.000  0.474     0.00     0.00     0.00     0.00     0.00 -1    -1e-30      0.00 7.102e-01 2.804e-01 1.464e-03 6.547e-04 4.119e-03 -1.000 9.408e-03 0.279 4.410 7.905 5.635 3.156 2.397 2.111 1.755 1.399 0.670 0.539 0.346 0.208 -0.015 -0.071 -0.370 -0.385 -0.593
0.0094713 -0.20000 9.95000 1.0258973837 2.4781795493    0.947  1.834  3.6717  2.219    4  0.000  0.474     0.00     0.00     0.00     0.00     0.00 -1    -1e-30      0.00 7.102e-01 2.804e-01 1.464e-03 6.547e-04 4.119e-03 -1.000 9.408e-03 0.185 4.334 7.940 5.715 3.164 2.394 2.077 1.706 1.341 0.597 0.464 0.266 0.127 -0.100 -0.157 -0.461 -0.477 -0.688
0.0094713 -0.20000 9.95000 1.0259240866 2.4781848197    0.947  1.873  3.6680  2.166    4  0.000  0.474     0.00     0.00     0.00     0.00     0.00 -1    -1e-30      0.00 7.102e-01 2.804e-01 1.464e-03 6.547e-04 4.119e-03 -1.000 9.408e-03 0.089 4.254 7.966 5.799 3.173 2.391 2.043 1.657 1.283 0.522 0.387 0.185 0.043 -0.187 -0.246 -0.554 -0.571 -0.787
0.0094713 -0.20000 9.95000 1.0259382725 2.4781876194    0.947  1.911  3.6643  2.112    4  0.000  0.474     0.00     0.00     0.00     0.00     0.00 -1    -1e-30      0.00 7.102e-01 2.804e-01 1.464e-03 6.548e-04 4.119e-03 -1.000 9.408e-03 -0.008 4.174 7.983 5.885 3.182 2.390 2.009 1.608 1.225 0.448 0.311 0.104 -0.040 -0.274 -0.334 -0.648 -0.664 -0.885
0.0094713 -0.20000 9.95000 1.0259454250 2.4781890310    0.947  1.949  3.6607  2.060    4  0.000  0.474     0.00     0.00     0.00     0.00     0.00 -1    -1e-30      0.00 7.102e-01 2.804e-01 1.464e-03 6.548e-04 4.119e-03 -1.000 9.408e-03 -0.103 4.096 7.998 5.967 3.190 2.387 1.976 1.560 1.169 0.375 0.236 0.025 -0.122 -0.359 -0.420 -0.739 -0.756 -0.981
0.0094713 -0.20000 9.95000 1.0259494781 2.4781898309    0.947  1.987  3.6572  2.008    4  0.000  0.474     0.00     0.00     0.00     0.00     0.00 -1    -1e-30      0.00 7.102e-01 2.804e-01 1.464e-03 6.548e-04 4.119e-03 -1.000 9.408e-03 -0.197 4.019 8.004 6.056 3.201 2.389 1.945 1.514 1.115 0.305 0.163 -0.052 -0.201 -0.442 -0.505 -0.828 -0.846 -1.076
0.0094713 -0.20000 9.95000 1.0259519815 2.4781903249    0.947  2.024  3.6538  1.958    4  0.000  0.474     0.00     0.00     0.00     0.00     0.00 -1    -1e-30      0.00 7.102e-01 2.804e-01 1.464e-03 6.548e-04 4.119e-03 -1.000 9.408e-03 -0.290 3.943 7.975 6.124 3.209 2.385 1.919 1.475 1.064 0.235 0.090 -0.129 -0.280 -0.524 -0.588 -0.916 -0.934 -1.168
0.0094713 -0.20000 9.95000 1.0259536505 2.4781906543    0.947  2.056  3.6508  1.913    4  0.000  0.474     0.00     0.00     0.00     0.00     0.00 -1    -1e-30      0.00 7.102e-01 2.804e-01 1.464e-03 6.548e-04 4.119e-03 -1.000 9.408e-03 -0.371 3.875 7.945 6.169 3.210 2.376 1.894 1.440 1.018 0.172 0.026 -0.197 -0.350 -0.596 -0.662 -0.993 -1.011 -1.249
0.0094713 -0.20000 9.95000 1.0259537697 2.4781906778    0.947  2.058  3.6506  1.911    7  0.000  0.474     0.00     0.00     0.00     0.00     0.00 -1 -1.42e-14      0.00 7.102e-01 2.793e-01 1.464e-03 6.548e-04 4.119e-03 -1.000 1.050e-02 -0.376 3.871 7.944 6.172 3.210 2.376 1.893 1.438 1.016 0.169 0.022 -0.201 -0.354 -0.601 -0.666 -0.998 -1.016 -1.254
0.0094713 -0.20000 9.95000 1.0259544849 2.4781908190    0.947  2.078  3.6489  1.884    7  0.000  0.474     0.00     0.00     0.00     0.00     0.00 -1 -1.55e-14      0.00 7.102e-01 2.793e-01 1.464e-03 6.548e-04 4.119e-03 -1.000 1.050e-02 -0.425 3.831 7.923 6.194 3.210 2.370 1.878 1.417 0.989 0.132 -0.016 -0.241 -0.395 -0.644 -0.709 -1.044 -1.062 -1.302
0.0094713 -0.20000 9.95000 1.0259562731 2.4781911718    0.947  2.122  3.6450  1.824    7  0.000  0.474     0.00     0.00     0.00     0.00     0.00 -1 -1.85e-14      0.00 7.102e-01 2.793e-01 1.464e-03 6.548e-04 4.119e-03 -1.000 1.050e-02 -0.535 3.739 7.873 6.234 3.203 2.354 1.844 1.370 0.927 0.049 -0.102 -0.331 -0.487 -0.740 -0.807 -1.147 -1.165 -1.410
0.0094713 -0.20000 9.95000 1.0259578228 2.4781914777    0.947  2.158  3.6418  1.775    7  0.000  0.474     0.00     0.00     0.00     0.00     0.00 -1 -2.14e-14      0.00 7.102e-01 2.793e-01 1.464e-03 6.548e-04 4.119e-03 -1.000 1.050e-02 -0.626 3.664 7.837 6.261 3.195 2.338 1.815 1.331 0.877 -0.019 -0.173 -0.405 -0.562 -0.819 -0.887 -1.231 -1.250 -1.499
0.0094713 -0.20000 9.95000 1.0259623528 2.4781923716    0.947  2.159  3.6418  1.774    7  0.000  0.474     0.00     0.00     0.00     0.00     0.00 -1 -2.15e-14      0.00 7.102e-01 2.793e-01 1.464e-03 6.548e-04 4.119e-03 -1.000 1.050e-02 -0.628 3.662 7.835 6.260 3.194 2.337 1.814 1.330 0.875 -0.021 -0.175 -0.407 -0.564 -0.821 -0.889 -1.233 -1.252 -1.501
0.0094713 -0.20000 9.95000 1.0259672403 2.4781933362    0.947  2.127  3.6447  1.818    7  0.000  0.474     0.00     0.00     0.00     0.00     0.00 -1 -1.84e-14      0.00 7.102e-01 2.793e-01 1.464e-03 6.548e-04 4.119e-03 -1.000 1.050e-02 -0.547 3.729 7.867 6.236 3.201 2.351 1.839 1.364 0.920 0.040 -0.112 -0.341 -0.497 -0.750 -0.818 -1.158 -1.176 -1.422
0.0094713 -0.20000 9.95000 1.0260130167 2.4782023694    0.946  2.114  3.6457  1.835    7  0.000  0.474     0.00     0.00     0.00     0.00     0.00 -1 -1.47e-11      0.00 7.102e-01 2.791e-01 1.464e-03 6.548e-04 4.119e-03 -1.000 1.069e-02 -0.515 3.756 7.882 6.228 3.205 2.358 1.850 1.379 0.939 0.064 -0.086 -0.315 -0.470 -0.722 -0.789 -1.128 -1.146 -1.390
0.0094713 -0.20000 9.95000 1.0260622501 2.4782120837    0.945  2.149  3.6427  1.787    7  0.000  0.474     0.00     0.00     0.00     0.00     0.00 -1 -8.99e-10      0.00 7.102e-01 2.790e-01 1.464e-03 6.548e-04 4.119e-03 -1.000 1.079e-02 -0.601 3.685 7.847 6.256 3.198 2.344 1.824 1.343 0.891 -0.000 -0.153 -0.385 -0.542 -0.797 -0.865 -1.208 -1.227 -1.475
0.0094713 -0.20000 9.95000 1.0260934830 2.4782182458    0.944  2.189  3.6389  1.731    7  0.000  0.474     0.00     0.00     0.00     0.00     0.00 -1 -1.12e-09      0.00 7.102e-01 2.790e-01 1.464e-03 6.549e-04 4.119e-03 -1.000 1.079e-02 -0.703 3.602 7.807 6.281 3.189 2.326 1.794 1.301 0.836 -0.074 -0.231 -0.466 -0.624 -0.884 -0.953 -1.301 -1.321 -1.573
0.0094713 -0.20000 9.95000 1.0261241198 2.4782242899    0.943  2.227  3.6356  1.680    7  0.000  0.474     0.00     0.00     0.00     0.00     0.00 -1 -1.36e-09      0.00 7.102e-01 2.790e-01 1.464e-03 6.549e-04 4.119e-03 -1.000 1.079e-02 -0.798 3.524 7.760 6.288 3.173 2.305 1.764 1.261 0.784 -0.144 -0.302 -0.541 -0.701 -0.964 -1.035 -1.388 -1.408 -1.665
0.0094713 -0.20000 9.95000 1.0261534452 2.4782300748    0.942  2.268  3.6320  1.624    7  0.000  0.474     0.00     0.00     0.00     0.00     0.00 -1 -1.68e-09      0.00 7.102e-01 2.790e-01 1.464e-03 6.549e-04 4.119e-03 -1.000 1.079e-02 -0.901 3.440 7.713 6.290 3.151 2.278 1.731 1.217 0.726 -0.219 -0.380 -0.623 -0.783 -1.050 -1.123 -1.481 -1.501 -1.763
0.0094713 -0.20000 9.95000 1.0261788368 2.4782350835    0.940  2.309  3.6284  1.568    7  0.000  0.474     0.00     0.00     0.00     0.00     0.00 -1  -2.1e-09      0.00 7.102e-01 2.790e-01 1.464e-03 6.549e-04 4.119e-03 -1.000 1.079e-02 -1.003 3.357 7.666 6.284 3.125 2.249 1.698 1.174 0.670 -0.291 -0.456 -0.702 -0.863 -1.135 -1.209 -1.573 -1.593 -1.860
0.0094713 -0.20000 9.95000 1.0262017250 2.4782395980    0.939  2.350  3.6248  1.512    7  0.000  0.474     0.00     0.00     0.00     0.00     0.00 -1  -2.6e-09      0.00 7.102e-01 2.790e-01 1.464e-03 6.550e-04 4.119e-03 -1.000 1.079e-02 -1.105 3.274 7.615 6.267 3.094 2.215 1.662 1.130 0.613 -0.364 -0.531 -0.780 -0.942 -1.219 -1.294 -1.664 -1.685 -1.957
0.0094713 -0.20000 9.95000 1.0262221098 2.4782436186    0.937  2.391  3.6212  1.455    7  0.000  0.474     0.00     0.00     0.00     0.00     0.00 -1  -3.2e-09      0.00 7.102e-01 2.790e-01 1.464e-03 6.550e-04 4.119e-03 -1.000 1.079e-02 -1.208 3.191 7.586 6.296 3.092 2.211 1.636 1.090 0.561 -0.434 -0.603 -0.857 -1.021 -1.303 -1.380 -1.758 -1.779 -2.057
0.0094713 -0.20000 9.95000 1.0262402296 2.4782471923    0.935  2.433  3.6176  1.398    7  0.000  0.474     0.00     0.00     0.00     0.00     0.00 -1 -4.02e-09      0.00 7.102e-01 2.790e-01 1.464e-03 6.550e-04 4.119e-03 -1.000 1.079e-02 -1.312 3.109 7.558 6.331 3.097 2.217 1.614 1.052 0.513 -0.501 -0.672 -0.932 -1.098 -1.385 -1.465 -1.851 -1.873 -2.157
0.0094713 -0.20000 9.95000 1.0262562037 2.4782503427    0.933  2.474  3.6140  1.342    7  0.000  0.474     0.00     0.00     0.00     0.00     0.00 -1 -4.95e-09      0.00 7.102e-01 2.790e-01 1.464e-03 6.550e-04 4.119e-03 -1.000 1.079e-02 -1.414 3.027 7.525 6.362 3.101 2.222 1.592 1.016 0.466 -0.566 -0.740 -1.005 -1.173 -1.465 -1.548 -1.943 -1.966 -2.256
0.0094713 -0.20000 9.95000 1.0262708664 2.4782532344    0.930  2.515  3.6103  1.285    7  0.000  0.474    11.09     8.18     5.73     4.43     3.59  3  -6.1e-09      0.00 7.102e-01 2.790e-01 1.464e-03 6.550e-04 4.119e-03 -1.000 1.079e-02 -1.517 2.946 7.491 6.393 3.106 2.228 1.571 0.981 0.419 -0.631 -0.808 -1.078 -1.247 -1.546 -1.632 -2.035 -2.059 -2.356
0.0094713 -0.20000 9.95000 1.0262843370 2.4782558909    0.928  2.556  3.6068  1.229    7  0.000  0.474    12.47     9.06     6.31     4.89     3.96  3 -7.52e-09      0.00 7.102e-01 2.790e-01 1.463e-03 6.553e-04 4.119e-03 -1.000 1.079e-02 -1.620 2.865 7.450 6.413 3.106 2.231 1.551 0.947 0.375 -0.692 -0.872 -1.147 -1.318 -1.623 -1.712 -2.126 -2.151 -2.454
0.0094713 -0.20000 9.95000 1.0262972116 2.4782584298    0.924  2.597  3.5992  1.156    7  0.000  0.473    14.51    10.32     7.15     5.54     4.50  3 -9.26e-09      0.00 7.102e-01 2.791e-01 1.461e-03 6.563e-04 4.119e-03 -1.000 1.072e-02 -1.722 2.809 7.458 6.530 3.194 2.326 1.608 0.983 0.394 -0.706 -0.890 -1.177 -1.351 -1.669 -1.766 -2.203 -2.228 -2.547
0.0094713 -0.20000 9.95000 1.0263091326 2.4782607805    0.921  2.638  3.5944  1.094    7  0.000  0.472    16.50    11.53     7.95     6.18     5.01  3 -1.14e-08      0.00 7.102e-01 2.791e-01 1.458e-03 6.596e-04 4.119e-03 -1.000 1.071e-02 -1.824 2.739 7.426 6.570 3.215 2.354 1.612 0.974 0.376 -0.744 -0.931 -1.225 -1.400 -1.728 -1.832 -2.288 -2.314 -2.644
0.0094713 -0.20000 9.95000 1.0263208151 2.4782630842    0.916  2.679  3.5906  1.036    7  0.000  0.470    18.62    12.80     8.78     6.83     5.54  3 -1.41e-08      0.00 7.102e-01 2.791e-01 1.452e-03 6.661e-04 4.119e-03 -1.000 1.071e-02 -1.927 2.661 7.380 6.584 3.214 2.357 1.596 0.948 0.340 -0.798 -0.987 -1.286 -1.463 -1.798 -1.908 -2.377 -2.404 -2.742
0.0094713 -0.20000 9.95000 1.0263319016 2.4782652703    0.911  2.720  3.5866  0.976    7  0.000  0.468    21.09    14.24     9.72     7.58     6.15  3 -1.74e-08      0.00 7.102e-01 2.791e-01 1.446e-03 6.737e-04 4.119e-03 -1.000 1.071e-02 -2.031 2.586 7.331 6.594 3.210 2.361 1.587 0.930 0.314 -0.840 -1.032 -1.337 -1.514 -1.860 -1.977 -2.464 -2.493 -2.841
0.0094713 -0.20000 9.95000 1.0263421535 2.4782672918    0.905  2.761  3.5825  0.916    7  0.000  0.466    23.85    15.83    10.75     8.40     6.82  2 -2.15e-08      0.00 7.102e-01 2.791e-01 1.439e-03 6.813e-04 4.119e-03 -1.000 1.071e-02 -2.131 2.515 7.283 6.606 3.208 2.368 1.585 0.921 0.295 -0.876 -1.070 -1.381 -1.559 -1.915 -2.040 -2.548 -2.577 -2.936
0.0094713 -0.20000 9.95000 1.0263519287 2.4782692192    0.898  2.802  3.5782  0.854    7  0.000  0.464    27.15    17.70    11.95     9.36     7.60  2 -2.66e-08      0.00 7.102e-01 2.791e-01 1.434e-03 6.878e-04 4.119e-03 -1.000 1.072e-02 -2.236 2.444 7.233 6.618 3.205 2.375 1.585 0.916 0.283 -0.904 -1.100 -1.418 -1.596 -1.965 -2.101 -2.634 -2.664 -3.036
0.0094713 -0.20000 9.95000 1.0263594389 2.4782707000    0.892  2.846  3.5736  0.789    7  0.000  0.463    31.04    19.86    13.34    10.47     8.50  2 -3.33e-08      0.00 7.102e-01 2.791e-01 1.429e-03 6.935e-04 4.119e-03 -1.000 1.071e-02 -2.345 2.374 7.181 6.627 3.194 2.378 1.587 0.916 0.278 -0.922 -1.121 -1.445 -1.622 -2.007 -2.157 -2.720 -2.752 -3.138
0.0094713 -0.20000 9.95000 1.0263644457 2.4782716872    0.886  2.886  3.5693  0.728    7  0.000  0.461    35.20    22.11    14.79    11.62     9.44  2 -4.06e-08      0.00 7.102e-01 2.791e-01 1.425e-03 6.984e-04 4.119e-03 -1.000 1.069e-02 -2.446 2.310 7.131 6.634 3.184 2.380 1.589 0.919 0.277 -0.934 -1.135 -1.466 -1.642 -2.043 -2.207 -2.800 -2.833 -3.234
0.0094713 -0.20000 9.95000 1.0263683796 2.4782724628    0.881  2.926  3.5649  0.668    7  0.000  0.460    39.89    24.62    16.38    12.89    10.48  2 -4.95e-08      0.00 7.102e-01 2.791e-01 1.421e-03 7.029e-04 4.119e-03 -1.000 1.069e-02 -2.546 2.252 7.085 6.644 3.172 2.383 1.595 0.931 0.291 -0.924 -1.127 -1.464 -1.637 -2.059 -2.243 -2.874 -2.908 -3.327
0.0094713 -0.20000 9.95000 1.0263720751 2.4782731914    0.875  2.967  3.5601  0.606    7  0.000  0.459    45.45    27.53    18.22    14.37    11.68  2 -5.98e-08      0.00 7.102e-01 2.791e-01 1.419e-03 7.063e-04 4.119e-03 -1.000 1.070e-02 -2.648 2.196 7.040 6.659 3.163 2.391 1.607 0.951 0.312 -0.908 -1.113 -1.457 -1.626 -2.072 -2.276 -2.948 -2.984 -3.421
0.0094713 -0.20000 9.95000 1.0263755322 2.4782738730    0.868  3.008  3.5553  0.542    7  0.000  0.458    51.85    30.81    20.29    16.03    13.03  1 -7.37e-08      0.00 7.102e-01 2.791e-01 1.416e-03 7.093e-04 4.119e-03 -1.000 1.072e-02 -2.749 2.148 6.999 6.677 3.153 2.401 1.626 0.988 0.356 -0.861 -1.067 -1.419 -1.582 -2.059 -2.292 -3.014 -3.052 -3.512
0.0094713 -0.20000 9.95000 1.0263783932 2.4782744371    0.861  3.045  3.5507  0.483    7  0.000  0.458    58.63    34.22    22.42    17.75    14.43  1 -8.85e-08      0.00 7.102e-01 2.791e-01 1.415e-03 7.112e-04 4.119e-03 -1.000 1.071e-02 -2.843 2.106 6.962 6.696 3.143 2.411 1.648 1.027 0.402 -0.811 -1.019 -1.380 -1.536 -2.044 -2.304 -3.073 -3.113 -3.595
0.0094713 -0.20000 9.95000 1.0263816118 2.4782750717    0.852  3.086  3.5452  0.415    7  0.000  0.458    67.49    38.57    25.13    19.94    16.22  1  -1.1e-07      0.00 7.102e-01 2.791e-01 1.414e-03 7.124e-04 4.119e-03 -1.000 1.071e-02 -2.945 2.074 6.929 6.726 3.138 2.431 1.693 1.105 0.496 -0.707 -0.916 -1.288 -1.434 -1.989 -2.291 -3.123 -3.168 -3.680
0.0094713 -0.20000 9.95000 1.0263848305 2.4782757063    0.840  3.125  3.5399  0.349    7  0.000  0.457    77.39    43.32    28.07    22.32    18.15  1 -1.36e-07      0.00 7.102e-01 2.791e-01 1.414e-03 7.126e-04 4.119e-03 -1.000 1.071e-02 -3.042 2.047 6.900 6.759 3.135 2.456 1.743 1.189 0.596 -0.593 -0.804 -1.187 -1.323 -1.926 -2.271 -3.166 -3.215 -3.759
0.0094713 -0.20000 9.95000 1.0263884068 2.4782764114    0.823  3.163  3.5343  0.280    7  0.000  0.457    89.25    48.85    31.46    25.08    20.40  1 -1.69e-07      0.00 7.102e-01 2.791e-01 1.414e-03 7.126e-04 4.119e-03 -1.000 1.071e-02 -3.137 2.037 6.889 6.805 3.144 2.493 1.810 1.302 0.738 -0.434 -0.647 -1.046 -1.170 -1.829 -2.227 -3.188 -3.243 -3.825
0.0094713 -0.20000 9.95000 1.0263917446 2.4782770695    0.804  3.200  3.5285  0.209    7  0.000  0.457   103.18    55.15    35.31    28.22    22.96  1 -2.11e-07      0.00 7.102e-01 2.791e-01 1.414e-03 7.126e-04 4.119e-03 -1.000 1.071e-02 -3.230 2.038 6.888 6.862 3.165 2.543 1.890 1.433 0.904 -0.250 -0.466 -0.880 -0.992 -1.711 -2.167 -3.196 -3.258 -3.882
0.0094713 -0.20000 9.95000 1.0263925791 2.4782772340    0.799  3.216  3.5259  0.180    7  0.000  0.457   109.71    58.07    37.09    29.68    24.14  1 -2.33e-07      0.00 7.102e-01 2.791e-01 1.414e-03 7.126e-04 4.119e-03 -1.000 1.071e-02 -3.271 2.045 6.893 6.889 3.178 2.570 1.932 1.502 0.995 -0.151 -0.369 -0.791 -0.899 -1.646 -2.131 -3.188 -3.255 -3.901
0.0094713 -0.20000 9.95000 1.0263930559 2.4782773280    0.795  3.245  3.5217  0.132    7  0.000  0.457   121.22    63.20    40.21    32.21    26.22  1 -2.65e-07      0.00 7.102e-01 2.792e-01 1.412e-03 7.151e-04 4.119e-03 -1.000 1.064e-02 -3.343 2.053 6.898 6.930 3.197 2.612 1.995 1.611 1.138 0.007 -0.214 -0.650 -0.749 -1.543 -2.075 -3.180 -3.254 -3.936
0.0094713 -0.20000 9.95000 1.0263931751 2.4782773515    0.794  3.097  3.5415  0.359    7  0.000  0.457    75.02    41.96    27.19    21.65    17.60  1 -1.44e-07      0.00 7.102e-01 2.792e-01 1.412e-03 7.151e-04 4.119e-03 -1.000 1.064e-02 -2.973 2.095 6.950 6.795 3.180 2.493 1.775 1.208 0.609 -0.587 -0.797 -1.178 -1.317 -1.905 -2.238 -3.114 -3.161 -3.696
0.0094713 -0.20000 9.95000 1.0263934135 2.4782773985    0.793  3.135  3.5366  0.301    7  0.000  0.457    84.79    46.57    30.04    23.96    19.48  1  -1.7e-07      0.00 7.102e-01 2.792e-01 1.412e-03 7.151e-04 4.119e-03 -1.000 1.064e-02 -3.067 2.071 6.925 6.821 3.174 2.512 1.817 1.289 0.712 -0.469 -0.681 -1.074 -1.203 -1.839 -2.216 -3.149 -3.201 -3.767
0.0094713 -0.20000 9.95000 1.0263937712 2.4782774690    0.792  3.185  3.5300  0.224    7  0.000  0.457    99.75    53.49    34.28    27.40    22.29  1  -2.1e-07      0.00 7.102e-01 2.792e-01 1.412e-03 7.151e-04 4.119e-03 -1.000 1.064e-02 -3.191 2.048 6.899 6.862 3.173 2.544 1.882 1.409 0.867 -0.292 -0.508 -0.917 -1.032 -1.734 -2.174 -3.185 -3.245 -3.857
0.0094713 -0.20000 9.95000 1.0263938904 2.4782774925    0.791  3.213  3.5262  0.180    7  0.000  0.457   109.52    57.92    36.99    29.60    24.08  1 -2.37e-07      0.00 7.102e-01 2.792e-01 1.412e-03 7.151e-04 4.119e-03 -1.000 1.064e-02 -3.262 2.050 6.898 6.893 3.183 2.574 1.935 1.502 0.992 -0.155 -0.373 -0.795 -0.903 -1.647 -2.129 -3.184 -3.251 -3.894
0.0094713 -0.20000 9.95000 1.0263941288 2.4782775395    0.789  3.252  3.5207  0.117    7  0.000  0.457   124.99    64.80    41.17    33.01    26.86  1  -2.8e-07      0.00 7.102e-01 2.792e-01 1.412e-03 7.152e-04 4.119e-03 -1.000 1.064e-02 -3.361 2.056 6.900 6.944 3.204 2.626 2.015 1.642 1.178 0.050 -0.172 -0.611 -0.708 -1.515 -2.060 -3.177 -3.254 -3.944
0.0094713 -0.20000 9.95000 1.0263943672 2.4782775865    0.787  3.283  3.5164  0.069    7  0.000  0.457   138.01    70.66    44.72    35.90    29.22  1 -3.19e-07      0.00 7.102e-01 2.792e-01 1.411e-03 7.152e-04 4.119e-03 -1.000 1.064e-02 -3.437 2.080 6.918 6.989 3.233 2.674 2.092 1.770 1.352 0.243 0.018 -0.438 -0.528 -1.385 -1.986 -3.146 -3.233 -3.965
0.0094713 -0.20000 9.95000 1.0263946056 2.4782776335    0.783  3.321  3.5109  0.006    7  0.000  0.457   151.79    79.07    49.78    40.04    32.60  1 -3.78e-07      0.00 7.102e-01 2.792e-01 1.411e-03 7.155e-04 4.119e-03 -1.000 1.064e-02 -3.533 2.117 6.948 7.053 3.276 2.742 2.199 1.946 1.590 0.507 0.277 -0.200 -0.280 -1.207 -1.881 -3.097 -3.199 -3.985
0.0094713 -0.20000 9.95000 1.0263950825 2.4782777275    0.778  3.357  3.5054 -0.054    7  0.000  0.457   166.10    87.98    55.12    44.41    36.17  1  -4.5e-07      0.00 7.102e-01 2.792e-01 1.411e-03 7.156e-04 4.119e-03 -1.000 1.064e-02 -3.622 2.162 6.984 7.112 3.319 2.804 2.309 2.122 1.823 0.762 0.526 0.028 -0.045 -1.033 -1.773 -3.035 -3.152 -3.991
0.0094713 -0.20000 9.95000 1.0263954401 2.4782777981    0.772  3.388  3.5005 -0.108    7  0.000  0.457   180.03    96.83    60.39    48.75    39.70  0  -5.2e-07      0.01 7.102e-01 2.792e-01 1.411e-03 7.157e-04 4.119e-03 -1.000 1.064e-02 -3.699 2.212 7.027 7.175 3.371 2.874 2.419 2.293 2.047 1.004 0.763 0.245 0.177 -0.866 -1.666 -2.969 -3.100 -3.988
0.0094713 -0.20000 9.95000 1.0263961554 2.4782779391    0.760  3.420  3.4951 -0.169    7  0.525  0.457   196.67   107.68    66.81    54.05    44.02  0 -6.15e-07      0.01 7.102e-01 2.792e-01 1.411e-03 7.157e-04 4.119e-03 -1.000 1.064e-02 -3.780 2.259 7.069 7.238 3.421 2.937 2.532 2.463 2.260 1.224 0.977 0.438 0.373 -0.716 -1.565 -2.900 -3.046 -3.982
0.0094713 -0.20000 9.95000 1.0263967514 2.4782780566    0.748  3.434  3.4926 -0.199    8  0.525  0.478   204.98   113.30    70.12    56.79    46.26  0 -6.84e-07      0.01 7.102e-01 2.805e-01 1.480e-03 7.169e-04 4.129e-03 -1.000 9.360e-03 -3.814 2.287 7.095 7.275 3.452 2.974 2.592 2.548 2.365 1.331 1.081 0.531 0.466 -0.643 -1.513 -2.863 -3.015 -3.974
0.0094713 -0.20000 9.95000 1.0263967514 2.4782780566    0.747  3.174  3.5277  0.200    8  0.525  0.478   103.97    55.03    35.18    28.19    22.92  1 -2.37e-07      0.00 7.102e-01 2.805e-01 1.480e-03 7.169e-04 4.129e-03 -1.000 9.360e-03 -3.165 2.118 6.968 6.949 3.248 2.630 1.981 1.533 1.011 -0.141 -0.358 -0.774 -0.885 -1.613 -2.078 -3.115 -3.179 -3.810
0.0094713 -0.20000 9.95000 1.0263968706 2.4782780801    0.746  3.043  3.5467  0.407    8  0.525  0.478    66.95    37.85    24.60    19.61    15.93  1 -1.38e-07      0.00 7.102e-01 2.805e-01 1.480e-03 7.169e-04 4.129e-03 -1.000 9.360e-03 -2.837 2.163 7.022 6.814 3.230 2.518 1.778 1.177 0.558 -0.654 -0.863 -1.233 -1.383 -1.925 -2.216 -3.030 -3.073 -3.578
0.0094713 -0.20000 9.95000 1.0263968706 2.4782780801    0.744  2.876  3.5710  0.670    8  0.525  0.478    38.23    23.51    15.61    12.36    10.03  1 -6.72e-08      0.00 7.102e-01 2.805e-01 1.480e-03 7.169e-04 4.129e-03 -1.000 9.360e-03 -2.420 2.322 7.154 6.672 3.215 2.410 1.617 0.934 0.278 -0.942 -1.144 -1.474 -1.652 -2.047 -2.204 -2.783 -2.815 -3.211
0.0094713 -0.20000 9.95000 1.0263969898 2.4782781036    0.741  2.897  3.5680  0.635    8  0.525  0.478    41.19    25.03    16.58    13.14    10.66  1 -7.49e-08      0.00 7.102e-01 2.805e-01 1.480e-03 7.169e-04 4.129e-03 -1.000 9.360e-03 -2.473 2.296 7.135 6.690 3.220 2.425 1.634 0.954 0.299 -0.926 -1.129 -1.464 -1.640 -2.047 -2.217 -2.820 -2.853 -3.260
0.0094713 -0.20000 9.95000 1.0263971090 2.4782781271    0.737  3.022  3.5500  0.436    8  0.525  0.478    62.78    35.79    23.32    18.58    15.09  1 -1.31e-07      0.00 7.102e-01 2.805e-01 1.480e-03 7.169e-04 4.129e-03 -1.000 9.360e-03 -2.784 2.173 7.034 6.794 3.230 2.502 1.750 1.126 0.494 -0.727 -0.936 -1.299 -1.455 -1.968 -2.233 -3.009 -3.050 -3.536
0.0094713 -0.20000 9.95000 1.0263973475 2.4782781741    0.733  3.179  3.5272  0.184    8  0.525  0.478   107.21    56.34    35.96    28.85    23.46  1 -2.59e-07      0.00 7.102e-01 2.805e-01 1.480e-03 7.169e-04 4.129e-03 -1.000 9.360e-03 -3.179 2.114 6.964 6.955 3.249 2.635 1.991 1.546 1.025 -0.127 -0.345 -0.763 -0.873 -1.607 -2.077 -3.120 -3.185 -3.820
0.0094713 -0.20000 9.95000 1.0263975859 2.4782782211    0.727  3.308  3.5087 -0.022    8  0.525  0.478   154.28    81.62    51.23    41.34    33.64  1 -4.48e-07      0.00 7.102e-01 2.805e-01 1.480e-03 7.169e-04 4.129e-03 -1.000 9.360e-03 -3.500 2.206 7.034 7.151 3.368 2.842 2.319 2.092 1.759 0.685 0.452 -0.034 -0.111 -1.064 -1.767 -3.003 -3.111 -3.919
0.0094713 -0.20000 9.95000 1.0263978243 2.4782782681    0.721  3.389  3.4971 -0.152    8  0.525  0.478   188.18   103.11    64.03    51.86    42.22  0 -6.37e-07      0.01 7.102e-01 2.805e-01 1.480e-03 7.169e-04 4.129e-03 -1.000 9.360e-03 -3.702 2.294 7.108 7.275 3.462 2.974 2.551 2.459 2.240 1.200 0.955 0.423 0.357 -0.717 -1.550 -2.874 -3.015 -3.934
0.0094713 -0.20000 9.95000 1.0263980627 2.4782783151    0.714  3.428  3.4916 -0.218    8  0.525  0.478   207.67   115.86    71.55    58.08    47.29  0  -7.7e-07      0.01 7.102e-01 2.805e-01 1.480e-03 7.169e-04 4.129e-03 -1.000 9.360e-03 -3.800 2.333 7.144 7.333 3.509 3.035 2.662 2.627 2.451 1.414 1.161 0.606 0.542 -0.577 -1.458 -2.814 -2.970 -3.939
0.0094713 -0.20000 9.95000 1.0263984203 2.4782783856    0.706  3.443  3.4896 -0.246    8  0.526  0.478   206.59    -1.00    -1.00    -1.00    -1.00  0 -8.47e-07      0.01 7.102e-01 2.805e-01 1.480e-03 7.169e-04 4.129e-03 -1.000 9.360e-03 -3.838 2.345 7.158 7.359 3.531 3.062 2.707 2.691 2.527 1.485 1.230 0.665 0.601 -0.532 -1.428 -2.794 -2.956 -3.942
0.0094713 -0.20000 9.95000 1.0263987780 2.4782784561    0.697  3.449  3.4889 -0.260    8  0.526  0.478   202.05    -1.00    -1.00    -1.00    -1.00  0    -9e-07      0.02 7.102e-01 2.805e-01 1.480e-03 7.169e-04 4.129e-03 -1.000 9.360e-03 -3.852 2.346 7.161 7.369 3.540 3.074 2.724 2.711 2.546 1.499 1.243 0.675 0.610 -0.525 -1.423 -2.792 -2.955 -3.946
0.0094713 -0.20000 9.95000 1.0263987780 2.4782784561    0.697  3.245  3.5186  0.063    8  0.526  0.478   133.27    69.28    43.76    35.28    28.69  1 -3.96e-07      0.00 7.102e-01 2.805e-01 1.480e-03 7.169e-04 4.129e-03 -1.000 9.360e-03 -3.342 2.128 6.974 7.050 3.297 2.734 2.139 1.786 1.337 0.211 -0.013 -0.462 -0.555 -1.389 -1.964 -3.104 -3.185 -3.898
0.0094713 -0.20000 9.95000 1.0263988972 2.4782784796    0.695  3.063  3.5450  0.350    8  0.526  0.478    74.72    41.23    26.66    21.33    17.32  1 -1.87e-07      0.00 7.102e-01 2.805e-01 1.480e-03 7.169e-04 4.129e-03 -1.000 9.360e-03 -2.887 2.138 7.001 6.829 3.227 2.526 1.801 1.206 0.584 -0.631 -0.842 -1.217 -1.363 -1.922 -2.227 -3.062 -3.107 -3.621
0.0094713 -0.20000 9.95000 1.0263988972 2.4782784796    0.693  2.896  3.5693  0.612    8  0.526  0.478    42.59    25.62    16.92    13.45    10.91  1 -9.19e-08      0.00 7.102e-01 2.805e-01 1.480e-03 7.169e-04 4.129e-03 -1.000 9.360e-03 -2.469 2.288 7.132 6.689 3.218 2.420 1.628 0.940 0.278 -0.953 -1.156 -1.490 -1.667 -2.069 -2.232 -2.824 -2.856 -3.258
0.0094713 -0.20000 9.95000 1.0263991356 2.4782785266    0.690  2.917  3.5663  0.576    8  0.526  0.478    45.94    27.30    17.98    14.30    11.60  1 -1.03e-07      0.00 7.102e-01 2.805e-01 1.480e-03 7.169e-04 4.129e-03 -1.000 9.360e-03 -2.523 2.263 7.114 6.708 3.223 2.435 1.645 0.963 0.302 -0.931 -1.135 -1.474 -1.649 -2.065 -2.242 -2.860 -2.893 -3.307
0.0094713 -0.20000 9.95000 1.0263992548 2.4782785501    0.686  3.041  3.5484  0.379    8  0.526  0.478    70.01    38.96    25.24    20.19    16.39  1 -1.78e-07      0.00 7.102e-01 2.805e-01 1.480e-03 7.169e-04 4.129e-03 -1.000 9.360e-03 -2.832 2.148 7.014 6.809 3.226 2.509 1.771 1.152 0.518 -0.708 -0.918 -1.286 -1.440 -1.968 -2.246 -3.041 -3.083 -3.579
0.0094713 -0.20000 9.95000 1.0263994932 2.4782785971    0.681  3.197  3.5258  0.128    8  0.526  0.478   119.34    61.14    38.82    31.27    25.41  1 -3.52e-07      0.00 7.102e-01 2.805e-01 1.480e-03 7.169e-04 4.129e-03 -1.000 9.360e-03 -3.224 2.101 6.955 6.979 3.259 2.658 2.027 1.592 1.074 -0.081 -0.301 -0.726 -0.833 -1.586 -2.074 -3.135 -3.203 -3.851
0.0094713 -0.20000 9.95000 1.0263997316 2.4782786441    0.675  3.325  3.5074 -0.077    8  0.526  0.478   163.57    88.42    55.20    44.72    36.38  0 -6.09e-07      0.01 7.102e-01 2.805e-01 1.480e-03 7.169e-04 4.129e-03 -1.000 9.360e-03 -3.543 2.206 7.040 7.186 3.393 2.878 2.373 2.157 1.829 0.751 0.515 0.021 -0.053 -1.028 -1.750 -3.001 -3.112 -3.936
0.0094713 -0.20000 9.95000 1.0264000893 2.4782787147    0.668  3.405  3.4959 -0.207    8  0.527  0.478   187.06    -1.00    -1.00    -1.00    -1.00  0 -8.68e-07      0.02 7.102e-01 2.805e-01 1.480e-03 7.169e-04 4.129e-03 -1.000 9.360e-03 -3.744 2.301 7.127 7.324 3.507 3.029 2.619 2.536 2.317 1.268 1.018 0.478 0.413 -0.680 -1.529 -2.866 -3.011 -3.945
0.0094713 -0.20000 9.95000 1.0264003277 2.4782787617    0.660  3.445  3.4903 -0.274    8  0.527  0.478   183.24    -1.00    -1.00    -1.00    -1.00  0 -1.05e-06      0.02 7.102e-01 2.805e-01 1.480e-03 7.169e-04 4.129e-03 -1.000 9.360e-03 -3.842 2.344 7.169 7.391 3.563 3.100 2.739 2.712 2.537 1.487 1.230 0.664 0.600 -0.536 -1.434 -2.801 -2.962 -3.948
0.0094713 -0.20000 9.95000 1.0264008045 2.4782788557    0.652  3.460  3.4883 -0.303    8  0.527  0.478   179.07    -1.00    -1.00    -1.00    -1.00  0 -1.17e-06      0.03 7.102e-01 2.805e-01 1.480e-03 7.169e-04 4.129e-03 -1.000 9.360e-03 -3.880 2.356 7.189 7.427 3.597 3.138 2.792 2.777 2.605 1.540 1.279 0.705 0.639 -0.506 -1.410 -2.786 -2.951 -3.952
0.0094713 -0.20000 9.95000 1.0264011621 2.4782789262    0.643  3.466  3.4876 -0.317    8  0.527  0.478   174.56    -1.00    -1.00    -1.00    -1.00  0 -1.25e-06      0.03 7.102e-01 2.805e-01 1.480e-03 7.169e-04 4.129e-03 -1.000 9.360e-03 -3.895 2.361 7.202 7.449 3.619 3.162 2.820 2.808 2.633 1.560 1.297 0.720 0.653 -0.495 -1.402 -2.780 -2.947 -3.954
0.0094713 -0.20000 9.95000 1.0264045000 2.4782795842    0.529 -9.999  4.0000  1.862    9  0.529  0.000     0.00     0.00     0.00     0.00     0.00 -1    -1e-30      0.00 7.102e-01 2.805e-01 1.480e-03 7.169e-04 4.129e-03 -1.000 9.360e-03 29.767 29.960 29.873 29.864 29.800 29.810 29.894 30.008 29.993 30.040 30.043 30.038 30.036 30.037 30.040 30.036 30.035 30.017
