 Zini     MH   logAge Mini        int_IMF         Mass   logL    logTe  logg  label   McoreTP C_O  period0  period1  period2  period3  period4  pmode  Mloss  tau1m   X   Y   Xc  Xn  Xo  Cexcess  Z 	 mbolmag  F170Wmag  F218Wmag  F255Wmag  F300Wmag  F336Wmag  F380Wmag  F439Wmag  F450Wmag  F555Wmag  F569Wmag  F606Wmag  F622Wmag  F675Wmag  F702Wmag  F791Wmag  F814Wmag  F850LPmag
0.0019443 -0.90000 7.80000 0.0900000036 1.0816895926    0.090 -2.497  3.4891  4.798    0  0.000  0.545     0.00     0.00     0.00     0.00     0.00 -1 -5.38e-16      0.00 7.460e-01 2.520e-01 3.523e-04 9.504e-05 8.620e-04 -1.000 1.959e-03 11.014 15.842 20.750 20.833 16.935 16.242 16.103 15.353 14.721 13.306 13.092 12.692 12.514 11.949 11.564 10.612 10.553 9.997
0.0019443 -0.90000 7.80000 0.0937082320 1.1162903972    0.094 -2.470  3.4924  4.801    0  0.000  0.545     0.00     0.00     0.00     0.00     0.00 -1  -5.6e-16      0.00 7.460e-01 2.520e-01 3.523e-04 9.504e-05 8.620e-04 -1.000 1.959e-03 10.945 15.757 20.660 20.690 16.813 16.105 15.939 15.201 14.579 13.172 12.958 12.563 12.383 11.832 11.462 10.530 10.473 9.927
0.0019443 -0.90000 7.80000 0.1000000015 1.1711064122    0.100 -2.423  3.4981  4.805    0  0.000  0.545     0.00     0.00     0.00     0.00     0.00 -1 -6.01e-16      0.00 7.460e-01 2.520e-01 3.523e-04 9.504e-05 8.620e-04 -1.000 1.959e-03 10.828 15.611 20.505 20.442 16.601 15.869 15.659 14.940 14.337 12.945 12.732 12.346 12.163 11.636 11.289 10.392 10.337 9.809
0.0019443 -0.90000 7.80000 0.1098356918 1.2483809445    0.110 -2.358  3.5052  4.810    0  0.000  0.545     0.00     0.00     0.00     0.00     0.00 -1 -6.62e-16      0.00 7.460e-01 2.520e-01 3.523e-04 9.504e-05 8.620e-04 -1.000 1.959e-03 10.665 15.413 20.294 20.108 16.320 15.562 15.304 14.610 14.027 12.655 12.443 12.066 11.880 11.380 11.061 10.205 10.153 9.647
0.0019443 -0.90000 7.80000 0.1199999973 1.3193154249    0.120 -2.295  3.5126  4.814    0  0.000  0.545     0.00     0.00     0.00     0.00     0.00 -1  -7.3e-16      0.00 7.460e-01 2.520e-01 3.523e-04 9.504e-05 8.620e-04 -1.000 1.959e-03 10.507 15.220 20.084 19.766 16.040 15.259 14.957 14.287 13.723 12.372 12.162 11.792 11.605 11.128 10.837 10.023 9.974 9.490
0.0019443 -0.90000 7.80000 0.1249134392 1.3508622222    0.125 -2.268  3.5154  4.816    0  0.000  0.545     0.00     0.00     0.00     0.00     0.00 -1 -7.58e-16      0.00 7.460e-01 2.520e-01 3.523e-04 9.504e-05 8.620e-04 -1.000 1.959e-03 10.440 15.140 19.997 19.626 15.927 15.138 14.822 14.161 13.603 12.260 12.052 11.684 11.495 11.027 10.747 9.948 9.900 9.425
0.0019443 -0.90000 7.80000 0.1400000006 1.4384526719    0.140 -2.190  3.5236  4.820    0  0.000  0.545     0.00     0.00     0.00     0.00     0.00 -1 -8.52e-16      0.00 7.460e-01 2.520e-01 3.523e-04 9.504e-05 8.620e-04 -1.000 1.959e-03 10.246 14.909 19.741 19.219 15.594 14.785 14.431 13.796 13.258 11.943 11.736 11.375 11.185 10.739 10.485 9.731 9.686 9.233
0.0019443 -0.90000 7.80000 0.1427108645 1.4528931343    0.143 -2.178  3.5247  4.821    0  0.000  0.545     0.00     0.00     0.00     0.00     0.00 -1 -8.68e-16      0.00 7.460e-01 2.520e-01 3.523e-04 9.504e-05 8.620e-04 -1.000 1.959e-03 10.215 14.872 19.701 19.158 15.543 14.732 14.373 13.742 13.206 11.895 11.689 11.329 11.139 10.695 10.445 9.697 9.652 9.202
0.0019443 -0.90000 7.80000 0.1599999964 1.5372931554    0.160 -2.100  3.5318  4.822    0  0.000  0.545     0.00     0.00     0.00     0.00     0.00 -1  -9.8e-16      0.00 7.460e-01 2.520e-01 3.523e-04 9.504e-05 8.620e-04 -1.000 1.959e-03 10.021 14.648 19.451 18.782 15.229 14.404 14.020 13.409 12.891 11.606 11.402 11.048 10.857 10.429 10.200 9.486 9.444 9.010
0.0019443 -0.90000 7.80000 0.2000000179 1.6938791367    0.200 -1.955  3.5443  4.823    0  0.000  0.545     0.00     0.00     0.00     0.00     0.00 -1 -1.22e-15      0.00 7.460e-01 2.520e-01 3.523e-04 9.504e-05 8.620e-04 -1.000 1.959e-03 9.657 14.232 18.978 18.092 14.652 13.811 13.395 12.819 12.329 11.090 10.890 10.544 10.353 9.949 9.752 9.097 9.058 8.653
0.0019443 -0.90000 7.80000 0.2500000000 1.8403257998    0.250 -1.811  3.5556  4.821    0  0.000  0.545     0.00     0.00     0.00     0.00     0.00 -1 -1.53e-15      0.00 7.460e-01 2.520e-01 3.523e-04 9.504e-05 8.620e-04 -1.000 1.959e-03 9.298 13.828 18.511 17.433 14.100 13.250 12.817 12.270 11.801 10.605 10.410 10.071 9.880 9.493 9.323 8.719 8.682 8.300
0.0019443 -0.90000 7.80000 0.3000000417 1.9529140366    0.300 -1.689  3.5652  4.817    0  0.000  0.545     0.00     0.00     0.00     0.00     0.00 -1 -1.85e-15      0.00 7.460e-01 2.520e-01 3.523e-04 9.504e-05 8.620e-04 -1.000 1.959e-03 8.993 13.488 18.101 16.858 13.633 12.779 12.339 11.815 11.362 10.203 10.011 9.677 9.487 9.114 8.964 8.401 8.367 8.004
0.0019443 -0.90000 7.80000 0.3500000238 2.0434175133    0.350 -1.573  3.5743  4.805    0  0.000  0.545     0.00     0.00     0.00     0.00     0.00 -1 -2.27e-15      0.00 7.460e-01 2.520e-01 3.523e-04 9.504e-05 8.620e-04 -1.000 1.959e-03 8.704 13.166 17.708 16.325 13.188 12.332 11.893 11.390 10.951 9.827 9.640 9.312 9.124 8.761 8.629 8.101 8.068 7.722
0.0019443 -0.90000 7.80000 0.4000000060 2.1185024399    0.400 -1.452  3.5851  4.784    0  0.000  0.545     0.00     0.00     0.00     0.00     0.00 -1 -2.88e-15      0.00 7.460e-01 2.520e-01 3.523e-04 9.504e-05 8.620e-04 -1.000 1.959e-03 8.400 12.825 17.267 15.734 12.697 11.841 11.414 10.934 10.511 9.432 9.250 8.930 8.745 8.396 8.279 7.787 7.756 7.428
0.0019443 -0.90000 7.80000 0.4499999881 2.1822809009    0.450 -1.304  3.6010  4.751    0  0.000  0.545     0.00     0.00     0.00     0.00     0.00 -1 -3.95e-15      0.00 7.460e-01 2.520e-01 3.523e-04 9.504e-05 8.620e-04 -1.000 1.959e-03 8.030 12.404 16.676 14.949 12.044 11.192 10.798 10.348 9.949 8.938 8.766 8.462 8.282 7.952 7.853 7.405 7.377 7.073
0.0019443 -0.90000 7.80000 0.5000000000 2.2374541529    0.500 -1.107  3.6324  4.725    0  0.000  0.545     0.00     0.00     0.00     0.00     0.00 -1 -6.04e-15      0.00 7.460e-01 2.520e-01 3.523e-04 9.504e-05 8.620e-04 -1.000 1.959e-03 7.537 11.811 15.667 13.657 10.961 10.121 9.852 9.446 9.099 8.227 8.076 7.813 7.645 7.358 7.280 6.899 6.875 6.613
0.0019443 -0.90000 7.80000 0.5109987259 2.2485122324    0.511 -1.058  3.6425  4.726    0  0.000  0.545     0.00     0.00     0.00     0.00     0.00 -1 -6.68e-15      0.00 7.460e-01 2.520e-01 3.523e-04 9.504e-05 8.620e-04 -1.000 1.959e-03 7.415 11.652 15.334 13.245 10.628 9.794 9.582 9.191 8.860 8.035 7.892 7.642 7.480 7.207 7.135 6.773 6.751 6.503
0.0019443 -0.90000 7.80000 0.5462186337 2.2805025914    0.546 -0.933  3.6687  4.735    0  0.000  0.545     0.00     0.00     0.00     0.00     0.00 -1 -8.57e-15      0.00 7.461e-01 2.519e-01 3.522e-04 9.502e-05 8.618e-04 -1.000 1.959e-03 7.102 11.228 14.279 12.009 9.712 8.922 8.876 8.547 8.256 7.549 7.424 7.212 7.065 6.828 6.768 6.453 6.435 6.221
0.0019443 -0.90000 7.80000 0.5500000715 2.2836583126    0.550 -0.922  3.6711  4.736    0  0.000  0.545     0.00     0.00     0.00     0.00     0.00 -1 -8.75e-15      0.00 7.461e-01 2.519e-01 3.522e-04 9.502e-05 8.618e-04 -1.000 1.959e-03 7.074 11.190 14.142 11.876 9.630 8.848 8.816 8.493 8.206 7.508 7.385 7.175 7.030 6.796 6.737 6.425 6.407 6.196
0.0019443 -0.90000 7.80000 0.5697098970 2.2993297556    0.569 -0.875  3.6810  4.744    0  0.000  0.545     0.00     0.00     0.00     0.00     0.00 -1 -9.52e-15      0.00 7.461e-01 2.519e-01 3.522e-04 9.501e-05 8.617e-04 -1.000 1.959e-03 6.956 11.025 13.583 11.340 9.284 8.536 8.561 8.271 7.994 7.336 7.218 7.021 6.883 6.659 6.604 6.306 6.290 6.090
0.0019443 -0.90000 7.80000 0.5925670862 2.3160107476    0.592 -0.838  3.6880  4.752    0  0.000  0.545     0.00     0.00     0.00     0.00     0.00 -1 -1.01e-14      0.00 7.461e-01 2.519e-01 3.522e-04 9.501e-05 8.617e-04 -1.000 1.959e-03 6.865 10.900 13.296 11.013 9.036 8.310 8.373 8.111 7.841 7.209 7.094 6.905 6.773 6.555 6.502 6.213 6.197 6.006
0.0019443 -0.90000 7.80000 0.6000000238 2.3211213258    0.600 -0.829  3.6895  4.755    0  0.000  0.545     0.00     0.00     0.00     0.00     0.00 -1 -1.02e-14      0.00 7.462e-01 2.519e-01 3.522e-04 9.500e-05 8.616e-04 -1.000 1.959e-03 6.843 10.869 13.231 10.938 8.978 8.258 8.329 8.073 7.805 7.178 7.064 6.877 6.746 6.530 6.477 6.190 6.175 5.985
0.0019443 -0.90000 7.80000 0.6006017327 2.3215286757    0.600 -0.828  3.6896  4.755    0  0.000  0.545     0.00     0.00     0.00     0.00     0.00 -1 -1.02e-14      0.00 7.462e-01 2.519e-01 3.522e-04 9.500e-05 8.616e-04 -1.000 1.959e-03 6.841 10.867 13.225 10.932 8.974 8.254 8.326 8.070 7.802 7.176 7.062 6.875 6.744 6.528 6.475 6.188 6.173 5.983
0.0019443 -0.90000 7.80000 0.6158550978 2.3315500744    0.616 -0.804  3.6936  4.757    0  0.000  0.545     0.00     0.00     0.00     0.00     0.00 -1 -1.06e-14      0.00 7.462e-01 2.518e-01 3.522e-04 9.500e-05 8.616e-04 -1.000 1.959e-03 6.779 10.785 12.972 10.724 8.830 8.125 8.217 7.975 7.711 7.097 6.984 6.803 6.674 6.461 6.409 6.127 6.112 5.927
0.0019443 -0.90000 7.80000 0.6409652233 2.3468587840    0.641 -0.745  3.7018  4.749    0  0.000  0.545     0.00     0.00     0.00     0.00     0.00 -1  -1.2e-14      0.00 7.462e-01 2.518e-01 3.521e-04 9.499e-05 8.616e-04 -1.000 1.959e-03 6.632 10.593 12.395 10.266 8.511 7.838 7.972 7.760 7.503 6.916 6.806 6.633 6.510 6.304 6.255 5.981 5.968 5.791
0.0019443 -0.90000 7.80000 0.6499999762 2.3520353107    0.650 -0.717  3.7061  4.744    0  0.000  0.545     0.00     0.00     0.00     0.00     0.00 -1 -1.27e-14      0.00 7.462e-01 2.518e-01 3.521e-04 9.499e-05 8.615e-04 -1.000 1.959e-03 6.562 10.496 12.087 10.040 8.353 7.698 7.853 7.656 7.403 6.830 6.721 6.553 6.432 6.230 6.181 5.913 5.900 5.727
0.0019443 -0.90000 7.80000 0.6674782038 2.3615936602    0.668 -0.661  3.7150  4.736    0  0.000  0.545     0.00     0.00     0.00     0.00     0.00 -1 -1.44e-14      0.00 7.463e-01 2.518e-01 3.520e-04 9.498e-05 8.615e-04 -1.000 1.959e-03 6.423 10.301 11.466 9.598 8.043 7.422 7.619 7.451 7.208 6.662 6.556 6.396 6.281 6.086 6.039 5.780 5.768 5.604
0.0019443 -0.90000 7.80000 0.7000000477 2.3779267258    0.700 -0.562  3.7310  4.721    0  0.000  0.545     0.00     0.00     0.00     0.00     0.00 -1  -1.8e-14      0.00 7.463e-01 2.517e-01 3.520e-04 9.497e-05 8.614e-04 -1.000 1.959e-03 6.175 9.934 10.432 8.869 7.518 6.954 7.215 7.096 6.871 6.369 6.269 6.123 6.016 5.832 5.790 5.547 5.536 5.387
0.0019443 -0.90000 7.80000 0.7500000000 2.3998889087    0.750 -0.419  3.7542  4.701    0  0.000  0.538     0.00     0.00     0.00     0.00     0.00 -1 -2.47e-14      0.00 7.463e-01 2.517e-01 3.473e-04 9.483e-05 8.613e-04 -1.000 1.959e-03 5.817 9.331 9.060 7.886 6.814 6.334 6.665 6.607 6.407 5.966 5.874 5.745 5.650 5.482 5.445 5.224 5.216 5.088
0.0019443 -0.90000 7.80000 0.7862352729 2.4138135237    0.786 -0.324  3.7670  4.677    0  0.000  0.538     0.00     0.00     0.00     0.00     0.00 -1 -3.08e-14      0.00 7.464e-01 2.516e-01 3.472e-04 9.481e-05 8.611e-04 -1.000 1.959e-03 5.580 8.906 8.327 7.332 6.406 5.974 6.334 6.304 6.119 5.712 5.624 5.505 5.415 5.258 5.222 5.014 5.007 4.890
0.0019443 -0.90000 7.80000 0.8000000119 2.4187244405    0.800 -0.289  3.7719  4.670    0  0.000  0.538     0.00     0.00     0.00     0.00     0.00 -1 -3.34e-14      0.00 7.465e-01 2.516e-01 3.471e-04 9.479e-05 8.611e-04 -1.000 1.959e-03 5.493 8.739 8.073 7.135 6.259 5.845 6.215 6.194 6.014 5.621 5.535 5.419 5.331 5.177 5.143 4.939 4.932 4.820
0.0019443 -0.90000 7.80000 0.8500000238 2.4350346840    0.850 -0.168  3.7871  4.635    0  0.000  0.538     0.00     0.00     0.00     0.00     0.00 -1 -4.46e-14      0.00 7.467e-01 2.514e-01 3.470e-04 9.474e-05 8.605e-04 -1.000 1.956e-03 5.189 8.151 7.305 6.521 5.790 5.428 5.818 5.820 5.659 5.305 5.226 5.120 5.038 4.896 4.864 4.675 4.669 4.570
0.0019443 -0.90000 7.80000 0.8999999762 2.4492786016    0.899 -0.053  3.8005  4.599    0  0.000  0.538     0.00     0.00     0.00     0.00     0.00 -1 -5.89e-14      0.00 7.468e-01 2.512e-01 3.467e-04 9.467e-05 8.598e-04 -1.000 1.952e-03 4.902 7.592 6.676 6.004 5.384 5.067 5.460 5.475 5.330 5.010 4.936 4.839 4.763 4.630 4.601 4.425 4.420 4.331
0.0019443 -0.90000 7.80000 0.9499999881 2.4618121868    0.950  0.057  3.8128  4.562    0  0.000  0.538     0.00     0.00     0.00     0.00     0.00 -1 -7.71e-14      0.00 7.468e-01 2.512e-01 3.468e-04 9.469e-05 8.601e-04 -1.000 1.947e-03 4.628 7.068 6.142 5.558 5.027 4.750 5.132 5.152 5.022 4.730 4.661 4.572 4.501 4.378 4.351 4.186 4.183 4.104
0.0019443 -0.90000 7.80000 1.0000000000 2.4729154477    1.000  0.162  3.8248  4.528    0  0.000  0.538     0.00     0.00     0.00     0.00     0.00 -1 -9.95e-14      0.00 7.469e-01 2.511e-01 3.467e-04 9.467e-05 8.600e-04 -1.000 1.959e-03 4.366 6.595 5.684 5.165 4.703 4.458 4.823 4.844 4.726 4.459 4.395 4.314 4.248 4.133 4.108 3.955 3.952 3.884
0.0019443 -0.90000 7.80000 1.0499999523 2.4828114860    1.050  0.259  3.8368  4.499    0  0.000  0.538     0.00     0.00     0.00     0.00     0.00 -1 -1.17e-13      0.00 7.469e-01 2.511e-01 3.467e-04 9.468e-05 8.600e-04 -1.000 1.954e-03 4.122 6.160 5.274 4.812 4.413 4.198 4.539 4.558 4.451 4.207 4.147 4.074 4.013 3.908 3.885 3.744 3.742 3.683
0.0019443 -0.90000 7.80000 1.1000000238 2.4916801480    1.099  0.351  3.8495  4.478    0  0.000  0.538     0.00     0.00     0.00     0.00     0.00 -1 -1.33e-13      0.00 7.469e-01 2.511e-01 3.467e-04 9.466e-05 8.599e-04 -1.000 1.959e-03 3.893 5.746 4.895 4.487 4.148 3.963 4.270 4.284 4.189 3.968 3.913 3.848 3.792 3.697 3.677 3.548 3.547 3.498
0.0019443 -0.90000 7.80000 1.1499999762 2.4996678137    1.149  0.438  3.8635  4.467    0  0.000  0.538     0.00     0.00     0.00     0.00     0.00 -1 -1.48e-13      0.00 7.470e-01 2.511e-01 3.466e-04 9.465e-05 8.597e-04 -1.000 1.959e-03 3.675 5.343 4.534 4.181 3.901 3.747 4.014 4.021 3.937 3.740 3.691 3.635 3.585 3.502 3.484 3.370 3.370 3.332
0.0019443 -0.90000 7.80000 1.2000000477 2.5068948796    1.200  0.520  3.8796  4.467    0  0.000  0.538     0.00     0.00     0.00     0.00     0.00 -1 -1.59e-13      0.00 7.470e-01 2.510e-01 3.466e-04 9.464e-05 8.596e-04 -1.000 1.959e-03 3.470 4.939 4.185 3.890 3.669 3.548 3.769 3.767 3.695 3.525 3.482 3.436 3.393 3.324 3.309 3.213 3.213 3.187
0.0019443 -0.90000 7.80000 1.2500000000 2.5134610955    1.250  0.598  3.8968  4.477    1  0.000  0.538     0.00     0.00     0.00     0.00     0.00 -1 -1.65e-13      0.00 7.471e-01 2.510e-01 3.465e-04 9.462e-05 8.595e-04 -1.000 1.959e-03 3.276 4.543 3.856 3.618 3.453 3.364 3.537 3.526 3.467 3.324 3.287 3.254 3.218 3.164 3.151 3.074 3.075 3.060
0.0019443 -0.90000 7.80000 1.2999999523 2.5194498592    1.300  0.671  3.9136  4.487    0  0.000  0.537     0.00     0.00     0.00     0.00     0.00 -1 -1.69e-13      0.00 7.471e-01 2.509e-01 3.465e-04 9.461e-05 8.594e-04 -1.000 1.959e-03 3.091 4.153 3.552 3.368 3.251 3.190 3.321 3.302 3.255 3.139 3.109 3.087 3.059 3.019 3.010 2.950 2.951 2.947
0.0019443 -0.90000 7.80000 1.3500000238 2.5249313598    1.350  0.741  3.9299  4.498    1  0.000  0.538     0.00     0.00     0.00     0.00     0.00 -1 -1.68e-13      0.00 7.472e-01 2.508e-01 3.464e-04 9.460e-05 8.593e-04 -1.000 1.959e-03 2.917 3.753 3.277 3.143 3.063 3.024 3.124 3.097 3.064 2.975 2.953 2.940 2.920 2.893 2.886 2.843 2.844 2.847
0.0019443 -0.90000 7.80000 1.4000000954 2.5299650415    1.400  0.809  3.9452  4.508    1  0.000  0.538     0.00     0.00     0.00     0.00     0.00 -1 -1.63e-13      0.00 7.472e-01 2.508e-01 3.464e-04 9.459e-05 8.592e-04 -1.000 1.959e-03 2.748 3.343 3.031 2.938 2.885 2.863 2.951 2.923 2.902 2.838 2.822 2.817 2.803 2.787 2.781 2.750 2.752 2.760
0.0019443 -0.90000 7.80000 1.4500000477 2.5346015836    1.450  0.874  3.9599  4.518    1  0.000  0.538     0.00     0.00     0.00     0.00     0.00 -1 -1.54e-13      0.00 7.473e-01 2.508e-01 3.464e-04 9.458e-05 8.591e-04 -1.000 1.939e-03 2.586 2.986 2.796 2.734 2.709 2.704 2.796 2.772 2.759 2.716 2.705 2.705 2.696 2.688 2.684 2.664 2.665 2.678
0.0019443 -0.90000 7.80000 1.4987123013 2.5387782747    1.499  0.934  3.9735  4.526    1  0.000  0.537     0.00     0.00     0.00     0.00     0.00 -1 -1.38e-13      0.00 7.473e-01 2.508e-01 3.463e-04 9.457e-05 8.590e-04 -1.000 1.959e-03 2.435 2.688 2.580 2.540 2.539 2.553 2.660 2.644 2.636 2.610 2.602 2.606 2.601 2.599 2.596 2.585 2.586 2.605
0.0019443 -0.90000 7.80000 1.5000000000 2.5388844597    1.500  0.936  3.9739  4.526    1  0.000  0.537     0.00     0.00     0.00     0.00     0.00 -1 -1.38e-13      0.00 7.473e-01 2.508e-01 3.463e-04 9.457e-05 8.590e-04 -1.000 1.959e-03 2.431 2.680 2.574 2.535 2.535 2.549 2.657 2.641 2.633 2.607 2.600 2.604 2.598 2.597 2.594 2.583 2.584 2.603
0.0019443 -0.90000 7.80000 1.5499999523 2.5428511323    1.550  0.995  3.9872  4.534    1  0.000  0.538     0.00     0.00     0.00     0.00     0.00 -1 -1.16e-13      0.00 7.474e-01 2.507e-01 3.463e-04 9.456e-05 8.589e-04 -1.000 1.959e-03 2.282 2.409 2.364 2.344 2.367 2.397 2.531 2.525 2.521 2.509 2.505 2.512 2.510 2.513 2.511 2.507 2.509 2.532
0.0019443 -0.90000 7.80000 1.6000000238 2.5465340628    1.600  1.052  3.9996  4.540    1  0.000  0.538     0.00     0.00     0.00     0.00     0.00 -1 -8.59e-14      0.00 7.474e-01 2.507e-01 3.463e-04 9.455e-05 8.588e-04 -1.000 1.956e-03 2.140 2.172 2.168 2.165 2.207 2.252 2.415 2.420 2.419 2.420 2.419 2.427 2.427 2.434 2.434 2.435 2.438 2.464
0.0019443 -0.90000 7.80000 1.6266493797 2.5483909855    1.626  1.081  4.0060  4.544    1  0.000  0.538     0.00     0.00     0.00     0.00     0.00 -1 -6.98e-23      0.00 7.473e-01 2.507e-01 3.463e-04 9.455e-05 8.588e-04 -1.000 1.958e-03 2.066 2.057 2.068 2.073 2.124 2.176 2.357 2.369 2.369 2.376 2.376 2.385 2.386 2.395 2.395 2.399 2.401 2.430
0.0019443 -0.90000 7.80000 1.6499999762 2.5499614773    1.649  1.107  4.0115  4.547    1  0.000  0.538     0.00     0.00     0.00     0.00     0.00 -1    -1e-30      0.00 7.473e-01 2.507e-01 3.462e-04 9.454e-05 8.588e-04 -1.000 1.959e-03 2.003 1.959 1.983 1.995 2.054 2.111 2.307 2.325 2.326 2.339 2.339 2.349 2.351 2.361 2.361 2.367 2.370 2.400
0.0019443 -0.90000 7.80000 1.7000000477 2.5531580802    1.699  1.160  4.0228  4.552    1  0.000  0.538     0.00     0.00     0.00     0.00     0.00 -1    -1e-30      0.00 7.474e-01 2.507e-01 3.462e-04 9.453e-05 8.587e-04 -1.000 1.958e-03 1.871 1.766 1.810 1.834 1.908 1.978 2.207 2.237 2.240 2.262 2.264 2.275 2.279 2.290 2.292 2.302 2.305 2.338
0.0019443 -0.90000 7.80000 1.7500000000 2.5561455243    1.749  1.210  4.0334  4.556    1  0.000  0.537     0.00     0.00     0.00     0.00     0.00 -1    -1e-30      0.00 7.475e-01 2.506e-01 3.461e-04 9.452e-05 8.586e-04 -1.000 1.885e-03 1.744 1.586 1.647 1.684 1.771 1.851 2.114 2.154 2.158 2.189 2.193 2.204 2.209 2.223 2.225 2.238 2.241 2.278
0.0019443 -0.90000 7.80000 1.7999999523 2.5589429085    1.799  1.259  4.0434  4.559    1  0.000  0.538     0.00     0.00     0.00     0.00     0.00 -1    -1e-30      0.00 7.475e-01 2.506e-01 3.461e-04 9.451e-05 8.585e-04 -1.000 1.959e-03 1.621 1.420 1.494 1.542 1.641 1.731 2.026 2.076 2.081 2.118 2.124 2.135 2.142 2.157 2.159 2.176 2.179 2.219
0.0019443 -0.90000 7.80000 1.8500000238 2.5615671203    1.849  1.307  4.0528  4.561    1  0.000  0.538     0.00     0.00     0.00     0.00     0.00 -1    -1e-30      0.00 7.475e-01 2.505e-01 3.461e-04 9.451e-05 8.585e-04 -1.000 1.959e-03 1.503 1.265 1.350 1.408 1.518 1.616 1.941 2.001 2.006 2.050 2.057 2.069 2.076 2.093 2.096 2.115 2.119 2.161
0.0019443 -0.90000 7.80000 1.8587433100 2.5620093571    1.858  1.315  4.0543  4.562    1  0.000  0.538     0.00     0.00     0.00     0.00     0.00 -1    -1e-30      0.00 7.475e-01 2.505e-01 3.461e-04 9.451e-05 8.585e-04 -1.000 1.959e-03 1.483 1.239 1.326 1.385 1.497 1.597 1.927 1.988 1.993 2.038 2.045 2.057 2.065 2.082 2.085 2.104 2.108 2.151
0.0019443 -0.90000 7.80000 1.8999999762 2.5640331260    1.899  1.352  4.0616  4.563    1  0.000  0.538     0.00     0.00     0.00     0.00     0.00 -1    -1e-30      0.00 7.475e-01 2.505e-01 3.461e-04 9.451e-05 8.584e-04 -1.000 1.959e-03 1.389 1.118 1.213 1.280 1.399 1.506 1.860 1.928 1.934 1.983 1.991 2.003 2.012 2.030 2.033 2.054 2.059 2.104
0.0019443 -0.90000 7.80000 1.9500000477 2.5663542714    1.950  1.397  4.0699  4.563    1  0.000  0.537     0.00     0.00     0.00     0.00     0.00 -1    -1e-30      0.00 7.476e-01 2.505e-01 3.460e-04 9.450e-05 8.584e-04 -1.000 1.959e-03 1.279 0.980 1.084 1.159 1.287 1.401 1.782 1.858 1.864 1.918 1.927 1.940 1.949 1.968 1.972 1.995 2.000 2.048
0.0019443 -0.90000 7.80000 2.0000000000 2.5685424513    2.000  1.439  4.0778  4.563    1  0.000  0.537     0.00     0.00     0.00     0.00     0.00 -1    -1e-30      0.00 7.476e-01 2.505e-01 3.460e-04 9.449e-05 8.584e-04 -1.000 1.959e-03 1.172 0.849 0.961 1.043 1.179 1.299 1.707 1.790 1.797 1.855 1.865 1.878 1.887 1.907 1.912 1.937 1.942 1.993
0.0019443 -0.90000 7.80000 2.0499999523 2.5706083333    2.050  1.481  4.0853  4.562    1  0.000  0.538     0.00     0.00     0.00     0.00     0.00 -1    -1e-30      0.00 7.476e-01 2.505e-01 3.460e-04 9.449e-05 8.583e-04 -1.000 1.907e-03 1.068 0.723 0.842 0.932 1.075 1.201 1.634 1.723 1.731 1.792 1.803 1.817 1.827 1.848 1.852 1.880 1.885 1.938
0.0019443 -0.90000 7.80000 2.0999999046 2.5725614918    2.099  1.521  4.0924  4.561    1  0.000  0.538     0.00     0.00     0.00     0.00     0.00 -1    -1e-30      0.00 7.476e-01 2.504e-01 3.460e-04 9.449e-05 8.582e-04 -1.000 1.958e-03 0.967 0.603 0.729 0.825 0.974 1.106 1.563 1.658 1.666 1.731 1.743 1.756 1.767 1.789 1.794 1.823 1.828 1.885
0.0019443 -0.90000 7.80000 2.1500000954 2.5744105556    2.149  1.561  4.0993  4.559    1  0.000  0.538     0.00     0.00     0.00     0.00     0.00 -1    -1e-30      0.00 7.476e-01 2.504e-01 3.460e-04 9.448e-05 8.582e-04 -1.000 1.959e-03 0.869 0.487 0.619 0.721 0.877 1.014 1.493 1.595 1.603 1.671 1.683 1.697 1.709 1.731 1.736 1.767 1.773 1.832
0.0019443 -0.90000 7.80000 2.2000000477 2.5761632879    2.199  1.599  4.1060  4.557    1  0.000  0.537     0.00     0.00     0.00     0.00     0.00 -1    -1e-30      0.00 7.476e-01 2.504e-01 3.460e-04 9.448e-05 8.582e-04 -1.000 1.959e-03 0.772 0.375 0.513 0.621 0.783 0.925 1.425 1.532 1.541 1.612 1.625 1.639 1.651 1.675 1.680 1.713 1.719 1.780
0.0019443 -0.90000 7.80000 2.2500000000 2.5778267375    2.249  1.637  4.1124  4.555    1  0.000  0.538     0.00     0.00     0.00     0.00     0.00 -1    -1e-30      0.00 7.476e-01 2.504e-01 3.460e-04 9.448e-05 8.582e-04 -1.000 1.959e-03 0.678 0.267 0.411 0.524 0.691 0.838 1.359 1.472 1.480 1.555 1.568 1.583 1.595 1.619 1.625 1.659 1.665 1.729
0.0019443 -0.90000 7.80000 2.2999999523 2.5794072884    2.299  1.674  4.1187  4.552    1  0.000  0.538     0.00     0.00     0.00     0.00     0.00 -1    -1e-30      0.00 7.477e-01 2.504e-01 3.460e-04 9.448e-05 8.582e-04 -1.000 1.959e-03 0.586 0.163 0.313 0.430 0.603 0.755 1.294 1.412 1.421 1.498 1.512 1.527 1.540 1.565 1.570 1.606 1.612 1.678
0.0019443 -0.90000 7.80000 2.3214979172 2.5800628411    2.320  1.689  4.1213  4.551    1  0.000  0.538     0.00     0.00     0.00     0.00     0.00 -1    -1e-30      0.00 7.476e-01 2.504e-01 3.460e-04 9.448e-05 8.582e-04 -1.000 1.953e-03 0.547 0.119 0.271 0.391 0.566 0.720 1.267 1.387 1.396 1.474 1.488 1.503 1.516 1.541 1.547 1.583 1.590 1.657
0.0019443 -0.90000 7.80000 2.3499999046 2.5809107422    2.349  1.710  4.1247  4.550    1  0.000  0.538     0.00     0.00     0.00     0.00     0.00 -1    -1e-30      0.00 7.476e-01 2.505e-01 3.460e-04 9.448e-05 8.582e-04 -1.000 1.947e-03 0.495 0.062 0.217 0.339 0.517 0.674 1.231 1.354 1.363 1.443 1.457 1.472 1.486 1.511 1.517 1.554 1.560 1.629
0.0019443 -0.90000 7.80000 2.4000000954 2.5823423892    2.399  1.745  4.1306  4.547    1  0.000  0.538     0.00     0.00     0.00     0.00     0.00 -1    -1e-30      0.00 7.460e-01 2.520e-01 3.477e-04 9.493e-05 8.622e-04 -1.000 1.959e-03 0.407 -0.036 0.124 0.251 0.434 0.594 1.169 1.297 1.306 1.389 1.403 1.419 1.433 1.459 1.465 1.503 1.510 1.580
0.0019443 -0.90000 7.80000 2.5574746132 2.5864337189    2.557  1.851  4.1478  4.538    1  0.000  0.538     0.00     0.00     0.00     0.00     0.00 -1    -1e-30      0.00 7.460e-01 2.520e-01 3.477e-04 9.493e-05 8.622e-04 -1.000 1.959e-03 0.142 -0.330 -0.155 -0.015 0.183 0.356 0.981 1.122 1.132 1.222 1.238 1.255 1.270 1.298 1.304 1.346 1.354 1.430
0.0019443 -0.90000 7.80000 2.5999999046 2.5874412955    2.600  1.879  4.1522  4.535    1  0.000  0.538     0.00     0.00     0.00     0.00     0.00 -1    -1e-30      0.00 7.460e-01 2.520e-01 3.477e-04 9.493e-05 8.622e-04 -1.000 1.959e-03 0.072 -0.405 -0.226 -0.083 0.119 0.295 0.932 1.077 1.087 1.179 1.195 1.212 1.227 1.256 1.262 1.305 1.313 1.391
0.0019443 -0.90000 7.80000 2.6726164818 2.5890769009    2.673  1.925  4.1595  4.530    1  0.000  0.538     0.00     0.00     0.00     0.00     0.00 -1    -1e-30      0.00 7.460e-01 2.520e-01 3.477e-04 9.493e-05 8.622e-04 -1.000 1.959e-03 -0.043 -0.529 -0.344 -0.195 0.013 0.194 0.850 1.000 1.011 1.106 1.123 1.140 1.156 1.185 1.192 1.237 1.244 1.325
0.0019443 -0.90000 7.80000 2.8000001907 2.5917117867    2.800  2.004  4.1717  4.520    1  0.000  0.538     0.00     0.00     0.00     0.00     0.00 -1    -1e-30      0.00 7.460e-01 2.520e-01 3.477e-04 9.493e-05 8.622e-04 -1.000 1.959e-03 -0.240 -0.739 -0.543 -0.386 -0.168 0.022 0.710 0.870 0.881 0.980 0.999 1.016 1.033 1.064 1.071 1.118 1.127 1.211
0.0019443 -0.90000 7.80000 2.9279718399 2.5940951198    2.928  2.080  4.1831  4.509    1  0.000  0.538     0.00     0.00     0.00     0.00     0.00 -1    -1e-30      0.00 7.460e-01 2.520e-01 3.477e-04 9.493e-05 8.622e-04 -1.000 1.959e-03 -0.429 -0.937 -0.732 -0.567 -0.340 -0.141 0.575 0.743 0.754 0.859 0.878 0.896 0.914 0.946 0.953 1.003 1.012 1.100
0.0019443 -0.90000 7.80000 3.0000000000 2.5953341962    3.000  2.121  4.1892  4.503    1  0.000  0.538     0.00     0.00     0.00     0.00     0.00 -1    -1e-30      0.00 7.460e-01 2.520e-01 3.477e-04 9.493e-05 8.622e-04 -1.000 1.959e-03 -0.532 -1.045 -0.835 -0.666 -0.433 -0.230 0.501 0.673 0.685 0.792 0.812 0.830 0.848 0.880 0.888 0.939 0.948 1.038
0.0019443 -0.90000 7.80000 3.1306536198 2.5974153500    3.130  2.193  4.1997  4.491    1  0.000  0.538     0.00     0.00     0.00     0.00     0.00 -1    -1e-30      0.00 7.460e-01 2.520e-01 3.477e-04 9.493e-05 8.622e-04 -1.000 1.959e-03 -0.713 -1.232 -1.013 -0.837 -0.596 -0.385 0.370 0.550 0.562 0.673 0.694 0.713 0.732 0.765 0.773 0.827 0.836 0.929
0.0019443 -0.90000 7.80000 3.2000000477 2.5984409005    3.199  2.231  4.2051  4.485    1  0.000  0.538     0.00     0.00     0.00     0.00     0.00 -1    -1e-30      0.00 7.460e-01 2.520e-01 3.477e-04 9.493e-05 8.622e-04 -1.000 1.959e-03 -0.807 -1.328 -1.105 -0.925 -0.679 -0.465 0.302 0.485 0.498 0.611 0.633 0.651 0.671 0.705 0.714 0.768 0.777 0.872
0.0019443 -0.90000 7.80000 3.3454136848 2.6004334989    3.344  2.307  4.2157  4.470    1  0.000  0.538     0.00     0.00     0.00     0.00     0.00 -1    -1e-30      0.00 7.460e-01 2.520e-01 3.477e-04 9.493e-05 8.622e-04 -1.000 1.959e-03 -0.998 -1.523 -1.291 -1.104 -0.850 -0.628 0.162 0.353 0.366 0.484 0.506 0.525 0.546 0.581 0.590 0.646 0.656 0.754
0.0019443 -0.90000 7.80000 3.4000000954 2.6011310876    3.398  2.335  4.2195  4.464    1  0.000  0.538     0.00     0.00     0.00     0.00     0.00 -1    -1e-30      0.00 7.460e-01 2.520e-01 3.477e-04 9.493e-05 8.622e-04 -1.000 1.959e-03 -1.068 -1.594 -1.359 -1.170 -0.912 -0.687 0.110 0.304 0.317 0.436 0.459 0.478 0.499 0.535 0.544 0.601 0.611 0.710
0.0019443 -0.90000 7.80000 3.5071504116 2.6024280785    3.505  2.389  4.2267  4.453    1  0.000  0.538     0.00     0.00     0.00     0.00     0.00 -1    -1e-30      0.00 7.460e-01 2.520e-01 3.477e-04 9.493e-05 8.622e-04 -1.000 1.959e-03 -1.202 -1.730 -1.490 -1.296 -1.033 -0.803 0.011 0.209 0.223 0.345 0.368 0.388 0.409 0.446 0.455 0.513 0.523 0.625
0.0019443 -0.90000 7.80000 3.5999999046 2.6034804580    3.598  2.435  4.2327  4.442    1  0.000  0.538     0.00     0.00     0.00     0.00     0.00 -1    -1e-30      0.00 7.460e-01 2.520e-01 3.477e-04 9.493e-05 8.622e-04 -1.000 1.959e-03 -1.317 -1.846 -1.601 -1.403 -1.135 -0.901 -0.075 0.128 0.142 0.266 0.290 0.310 0.332 0.369 0.378 0.438 0.448 0.551
0.0019443 -0.90000 7.80000 3.6474909782 2.6039949785    3.645  2.458  4.2357  4.437    1  0.000  0.538     0.00     0.00     0.00     0.00     0.00 -1    -1e-30      0.00 7.460e-01 2.520e-01 3.477e-04 9.493e-05 8.622e-04 -1.000 1.959e-03 -1.374 -1.903 -1.656 -1.457 -1.186 -0.950 -0.118 0.087 0.101 0.226 0.250 0.271 0.292 0.330 0.339 0.400 0.410 0.514
0.0019443 -0.90000 7.80000 3.8000001907 2.6055477311    3.798  2.531  4.2447  4.418    1  0.000  0.538     0.00     0.00     0.00     0.00     0.00 -1    -1e-30      0.00 7.460e-01 2.520e-01 3.477e-04 9.493e-05 8.622e-04 -1.000 1.959e-03 -1.556 -2.085 -1.831 -1.627 -1.349 -1.107 -0.258 -0.046 -0.032 0.098 0.122 0.143 0.165 0.204 0.213 0.276 0.286 0.392
0.0019443 -0.90000 7.80000 4.0000000000 2.6073790840    4.001  2.624  4.2553  4.390    1  0.000  0.538     0.00     0.00     0.00     0.00     0.00 -1    -1e-30      0.00 7.460e-01 2.520e-01 3.477e-04 9.493e-05 8.622e-04 -1.000 1.959e-03 -1.789 -2.317 -2.055 -1.844 -1.559 -1.309 -0.439 -0.220 -0.206 -0.072 -0.046 -0.025 -0.002 0.038 0.048 0.112 0.123 0.232
0.0019443 -0.90000 7.80000 4.0417957306 2.6077355626    4.042  2.642  4.2574  4.384    1  0.000  0.538     0.00     0.00     0.00     0.00     0.00 -1    -1e-30      0.00 7.460e-01 2.520e-01 3.477e-04 9.493e-05 8.622e-04 -1.000 1.959e-03 -1.836 -2.364 -2.100 -1.889 -1.602 -1.351 -0.477 -0.256 -0.242 -0.107 -0.081 -0.060 -0.036 0.004 0.013 0.078 0.089 0.199
0.0019443 -0.90000 7.80000 4.1999998093 2.6090113217    4.198  2.714  4.2649  4.359    1  0.000  0.538     0.00     0.00     0.00     0.00     0.00 -1    -1e-30      0.00 7.460e-01 2.520e-01 3.477e-04 9.493e-05 8.622e-04 -1.000 1.959e-03 -2.014 -2.540 -2.272 -2.056 -1.764 -1.508 -0.620 -0.394 -0.379 -0.241 -0.214 -0.193 -0.169 -0.128 -0.118 -0.052 -0.041 0.071
0.0019443 -0.90000 7.80000 4.2238869667 2.6091944219    4.222  2.724  4.2660  4.355    1  0.000  0.538     0.00     0.00     0.00     0.00     0.00 -1    -1e-30      0.00 7.460e-01 2.520e-01 3.477e-04 9.493e-05 8.622e-04 -1.000 1.959e-03 -2.041 -2.566 -2.297 -2.081 -1.788 -1.531 -0.641 -0.414 -0.399 -0.261 -0.234 -0.213 -0.188 -0.148 -0.137 -0.071 -0.060 0.052
0.0019443 -0.90000 7.80000 4.4000000954 2.6104741055    4.397  2.802  4.2734  4.325    1  0.000  0.538     0.00     0.00     0.00     0.00     0.00 -1    -1e-30      0.00 7.460e-01 2.520e-01 3.477e-04 9.493e-05 8.622e-04 -1.000 1.959e-03 -2.234 -2.758 -2.484 -2.264 -1.965 -1.704 -0.800 -0.567 -0.552 -0.411 -0.384 -0.362 -0.337 -0.295 -0.285 -0.217 -0.206 -0.092
0.0019443 -0.90000 7.80000 4.4859676361 2.6110569649    4.483  2.839  4.2767  4.310    1  0.000  0.538     0.00     0.00     0.00     0.00     0.00 -1    -1e-30      0.00 7.460e-01 2.520e-01 3.477e-04 9.493e-05 8.622e-04 -1.000 1.959e-03 -2.327 -2.850 -2.573 -2.352 -2.051 -1.787 -0.877 -0.642 -0.627 -0.484 -0.457 -0.435 -0.410 -0.368 -0.357 -0.289 -0.278 -0.163
0.0019443 -0.90000 7.80000 4.5999999046 2.6117915791    4.597  2.888  4.2804  4.286    1  0.000  0.538     0.00     0.00     0.00     0.00     0.00 -1    -1e-30      0.00 7.460e-01 2.520e-01 3.477e-04 9.493e-05 8.622e-04 -1.000 1.959e-03 -2.451 -2.973 -2.694 -2.471 -2.168 -1.902 -0.985 -0.747 -0.732 -0.587 -0.559 -0.537 -0.512 -0.469 -0.459 -0.390 -0.378 -0.263
0.0019443 -0.90000 7.80000 4.6259717941 2.6119530814    4.623  2.900  4.2812  4.280    1  0.000  0.538     0.00     0.00     0.00     0.00     0.00 -1    -1e-30      0.00 7.460e-01 2.520e-01 3.477e-04 9.493e-05 8.622e-04 -1.000 1.959e-03 -2.479 -3.000 -2.722 -2.498 -2.194 -1.927 -1.009 -0.771 -0.755 -0.610 -0.583 -0.560 -0.535 -0.493 -0.482 -0.413 -0.401 -0.286
0.0019443 -0.90000 7.80000 4.7651271820 2.6127840252    4.763  2.960  4.2851  4.248    1  0.000  0.538     0.00     0.00     0.00     0.00     0.00 -1    -1e-30      0.00 7.460e-01 2.520e-01 3.477e-04 9.493e-05 8.622e-04 -1.000 1.959e-03 -2.630 -3.149 -2.869 -2.643 -2.337 -2.068 -1.143 -0.901 -0.886 -0.739 -0.711 -0.688 -0.663 -0.620 -0.609 -0.539 -0.528 -0.412
0.0019443 -0.90000 7.80000 4.8000001907 2.6129836005    4.798  2.975  4.2860  4.240    1  0.000  0.538     0.00     0.00     0.00     0.00     0.00 -1    -1e-30      0.00 7.460e-01 2.520e-01 3.477e-04 9.493e-05 8.622e-04 -1.000 1.959e-03 -2.668 -3.187 -2.905 -2.680 -2.373 -2.103 -1.177 -0.934 -0.919 -0.772 -0.743 -0.721 -0.695 -0.653 -0.642 -0.571 -0.560 -0.444
0.0019443 -0.90000 7.80000 4.9166584015 2.6136276278    4.915  3.025  4.2886  4.211    1  0.000  0.538     0.00     0.00     0.00     0.00     0.00 -1    -1e-30      0.00 7.460e-01 2.520e-01 3.477e-04 9.493e-05 8.622e-04 -1.000 1.959e-03 -2.792 -3.310 -3.028 -2.802 -2.493 -2.222 -1.291 -1.046 -1.030 -0.882 -0.853 -0.831 -0.805 -0.762 -0.751 -0.680 -0.669 -0.552
0.0019443 -0.90000 7.80000 5.0000000000 2.6140666223    4.999  3.061  4.2898  4.187    1  0.000  0.538     0.00     0.00     0.00     0.00     0.00 -1    -1e-30      0.00 7.460e-01 2.520e-01 3.477e-04 9.493e-05 8.622e-04 -1.000 1.959e-03 -2.883 -3.400 -3.118 -2.891 -2.582 -2.310 -1.377 -1.131 -1.115 -0.966 -0.937 -0.915 -0.889 -0.846 -0.835 -0.764 -0.752 -0.635
0.0019443 -0.90000 7.80000 5.0063343048 2.6140993010    5.005  3.064  4.2899  4.185    1  0.000  0.538     0.00     0.00     0.00     0.00     0.00 -1    -1e-30      0.00 7.460e-01 2.520e-01 3.477e-04 9.493e-05 8.622e-04 -1.000 1.959e-03 -2.890 -3.407 -3.125 -2.898 -2.589 -2.317 -1.383 -1.137 -1.122 -0.972 -0.944 -0.921 -0.895 -0.852 -0.841 -0.770 -0.759 -0.641
0.0019443 -0.90000 7.80000 5.1423296928 2.6147786317    5.142  3.124  4.2908  4.141    1  0.000  0.538     0.00     0.00     0.00     0.00     0.00 -1    -1e-30      0.00 7.460e-01 2.520e-01 3.477e-04 9.493e-05 8.622e-04 -1.000 1.959e-03 -3.039 -3.555 -3.274 -3.047 -2.737 -2.465 -1.530 -1.282 -1.267 -1.116 -1.087 -1.065 -1.039 -0.996 -0.985 -0.914 -0.902 -0.785
0.0019443 -0.90000 7.80000 5.2040743828 2.6150736182    5.204  3.151  4.2908  4.119    1  0.000  0.538     0.00     0.00     0.00     0.00     0.00 -1    -1e-30      0.00 7.460e-01 2.520e-01 3.477e-04 9.493e-05 8.622e-04 -1.000 1.959e-03 -3.107 -3.623 -3.343 -3.117 -2.807 -2.534 -1.599 -1.351 -1.336 -1.185 -1.156 -1.134 -1.108 -1.065 -1.054 -0.982 -0.971 -0.854
0.0019443 -0.90000 7.80000 5.2642536163 2.6153534814    5.264  3.177  4.2906  4.097    1  0.000  0.538     0.00     0.00     0.00     0.00     0.00 -1    -1e-30      0.00 7.460e-01 2.520e-01 3.477e-04 9.493e-05 8.622e-04 -1.000 1.959e-03 -3.173 -3.689 -3.409 -3.184 -2.874 -2.601 -1.667 -1.419 -1.403 -1.252 -1.223 -1.201 -1.175 -1.132 -1.121 -1.050 -1.038 -0.922
0.0019443 -0.90000 7.80000 5.3664388657 2.6158121997    5.367  3.223  4.2891  4.053    1  0.000  0.538     0.00     0.00     0.00     0.00     0.00 -1    -1e-30      0.00 7.460e-01 2.520e-01 3.477e-04 9.493e-05 8.622e-04 -1.000 1.959e-03 -3.288 -3.804 -3.527 -3.303 -2.995 -2.723 -1.792 -1.543 -1.528 -1.377 -1.348 -1.326 -1.300 -1.257 -1.246 -1.175 -1.164 -1.048
0.0019443 -0.90000 7.80000 5.4081487656 2.6159937198    5.408  3.242  4.2882  4.033    1  0.000  0.538     0.00     0.00     0.00     0.00     0.00 -1    -1e-30      0.00 7.460e-01 2.520e-01 3.477e-04 9.493e-05 8.622e-04 -1.000 1.959e-03 -3.336 -3.852 -3.576 -3.353 -3.045 -2.774 -1.845 -1.596 -1.581 -1.430 -1.401 -1.380 -1.354 -1.311 -1.300 -1.229 -1.218 -1.103
0.0019443 -0.90000 7.80000 5.4878940582 2.6163319520    5.488  3.279  4.2859  3.994    1  0.000  0.538     0.00     0.00     0.00     0.00     0.00 -1    -1e-30      0.00 7.460e-01 2.520e-01 3.477e-04 9.493e-05 8.622e-04 -1.000 1.959e-03 -3.428 -3.944 -3.672 -3.451 -3.144 -2.875 -1.950 -1.702 -1.687 -1.536 -1.507 -1.486 -1.460 -1.418 -1.407 -1.336 -1.325 -1.211
0.0019443 -0.90000 7.80000 5.5864691734 2.6167347399    5.587  3.325  4.2818  3.939    1  0.000  0.538     0.00     0.00     0.00     0.00     0.00 -1    -1e-30      0.00 7.460e-01 2.520e-01 3.477e-04 9.493e-05 8.622e-04 -1.000 1.959e-03 -3.543 -4.060 -3.794 -3.576 -3.273 -3.005 -2.088 -1.840 -1.826 -1.676 -1.648 -1.626 -1.601 -1.559 -1.548 -1.479 -1.468 -1.355
0.0019443 -0.90000 7.80000 5.6122236252 2.6168372978    5.613  3.338  4.2801  3.922    1  0.000  0.538     0.00     0.00     0.00     0.00     0.00 -1    -1e-30      0.00 7.460e-01 2.520e-01 3.477e-04 9.493e-05 8.622e-04 -1.000 1.959e-03 -3.574 -4.092 -3.828 -3.612 -3.310 -3.043 -2.129 -1.882 -1.867 -1.718 -1.690 -1.669 -1.644 -1.602 -1.591 -1.522 -1.511 -1.399
0.0019443 -0.90000 7.80000 5.6691937447 2.6170603587    5.670  3.366  4.2760  3.882    1  0.000  0.538     0.00     0.00     0.00     0.00     0.00 -1    -1e-30      0.00 7.460e-01 2.520e-01 3.477e-04 9.493e-05 8.622e-04 -1.000 1.959e-03 -3.644 -4.163 -3.904 -3.691 -3.391 -3.127 -2.220 -1.975 -1.961 -1.812 -1.785 -1.764 -1.739 -1.698 -1.687 -1.619 -1.608 -1.497
0.0019443 -0.90000 7.80000 5.7481255531 2.6173610214    5.748  3.405  4.2693  3.822    1  0.000  0.538     0.00     0.00     0.00     0.00     0.00 -1    -1e-30      0.00 7.460e-01 2.520e-01 3.477e-04 9.493e-05 8.622e-04 -1.000 1.959e-03 -3.742 -4.262 -4.011 -3.803 -3.509 -3.249 -2.354 -2.111 -2.098 -1.951 -1.924 -1.904 -1.879 -1.839 -1.828 -1.761 -1.751 -1.643
0.0019443 -0.90000 7.80000 5.8140268326 2.6176048707    5.814  3.439  4.2626  3.765    1  0.000  0.538     0.00     0.00     0.00     0.00     0.00 -1    -1e-30      0.00 7.460e-01 2.520e-01 3.477e-04 9.493e-05 8.622e-04 -1.000 1.959e-03 -3.829 -4.349 -4.106 -3.903 -3.613 -3.357 -2.475 -2.235 -2.222 -2.077 -2.051 -2.031 -2.007 -1.968 -1.957 -1.892 -1.881 -1.775
0.0019443 -0.90000 7.80000 5.8162984848 2.6176131631    5.816  3.441  4.2624  3.763    1  0.000  0.538     0.00     0.00     0.00     0.00     0.00 -1    -1e-30      0.00 7.460e-01 2.520e-01 3.477e-04 9.493e-05 8.622e-04 -1.000 1.959e-03 -3.832 -4.352 -4.109 -3.907 -3.617 -3.361 -2.480 -2.240 -2.227 -2.082 -2.055 -2.035 -2.011 -1.972 -1.962 -1.896 -1.886 -1.780
0.0019443 -0.90000 7.80000 5.8673458099 2.6177975593    5.867  3.469  4.2574  3.719    1  0.000  0.538     0.00     0.00     0.00     0.00     0.00 -1    -1e-30      0.00 7.460e-01 2.520e-01 3.477e-04 9.493e-05 8.622e-04 -1.000 1.959e-03 -3.903 -4.423 -4.186 -3.987 -3.702 -3.449 -2.577 -2.339 -2.327 -2.183 -2.157 -2.137 -2.114 -2.075 -2.065 -2.001 -1.990 -1.887
0.0019443 -0.90000 7.80000 5.8942451477 2.6178932504    5.894  3.485  4.2562  3.700    1  0.000  0.538     0.00     0.00     0.00     0.00     0.00 -1    -1e-30      0.00 7.460e-01 2.520e-01 3.477e-04 9.493e-05 8.622e-04 -1.000 1.959e-03 -3.943 -4.463 -4.228 -4.030 -3.745 -3.493 -2.624 -2.386 -2.374 -2.230 -2.204 -2.185 -2.161 -2.123 -2.113 -2.048 -2.038 -1.935
0.0019443 -0.90000 7.80000 5.9090785980 2.6179455901    5.909  3.497  4.2605  3.707    1  0.000  0.538     0.00     0.00     0.00     0.00     0.00 -1    -1e-30      0.00 7.460e-01 2.520e-01 3.477e-04 9.493e-05 8.622e-04 -1.000 1.959e-03 -3.972 -4.492 -4.253 -4.053 -3.764 -3.509 -2.631 -2.391 -2.378 -2.233 -2.207 -2.187 -2.164 -2.125 -2.114 -2.049 -2.039 -1.934
0.0019443 -0.90000 7.80000 5.9300312996 2.6180190088    5.930  3.517  4.2723  3.736    1  0.000  0.538     0.00     0.00     0.00     0.00     0.00 -1    -1e-30      0.00 7.460e-01 2.520e-01 3.477e-04 9.493e-05 8.622e-04 -1.000 1.959e-03 -4.021 -4.540 -4.292 -4.084 -3.787 -3.525 -2.623 -2.376 -2.363 -2.214 -2.187 -2.167 -2.142 -2.102 -2.091 -2.023 -2.013 -1.904
0.0019443 -0.90000 7.80000 5.9353785515 2.6180376503    5.935  3.529  4.2835  3.768    1  0.000  0.538     0.00     0.00     0.00     0.00     0.00 -1    -1e-30      0.00 7.460e-01 2.520e-01 3.477e-04 9.493e-05 8.622e-04 -1.000 1.959e-03 -4.053 -4.570 -4.312 -4.097 -3.792 -3.523 -2.600 -2.346 -2.332 -2.180 -2.152 -2.131 -2.105 -2.064 -2.053 -1.983 -1.972 -1.860
0.0019443 -0.90000 7.80000 5.9374952316 2.6180450187    5.937  3.543  4.2944  3.798    1  0.000  0.538     0.00     0.00     0.00     0.00     0.00 -1    -1e-30      0.00 7.460e-01 2.520e-01 3.477e-04 9.493e-05 8.622e-04 -1.000 1.959e-03 -4.089 -4.603 -4.335 -4.114 -3.802 -3.526 -2.582 -2.323 -2.308 -2.152 -2.123 -2.102 -2.075 -2.033 -2.021 -1.949 -1.938 -1.822
0.0019443 -0.90000 7.80000 5.9385342598 2.6180486335    5.938  3.558  4.3034  3.819    1  0.000  0.538     0.00     0.00     0.00     0.00     0.00 -1    -1e-30      0.00 7.460e-01 2.520e-01 3.477e-04 9.493e-05 8.622e-04 -1.000 1.959e-03 -4.125 -4.636 -4.361 -4.134 -3.816 -3.535 -2.574 -2.310 -2.295 -2.136 -2.107 -2.084 -2.057 -2.014 -2.002 -1.928 -1.917 -1.798
0.0019443 -0.90000 7.80000 5.9389095306 2.6180499387    5.939  3.565  4.3072  3.828    1  0.000  0.538     0.00     0.00     0.00     0.00     0.00 -1    -1e-30      0.00 7.460e-01 2.520e-01 3.477e-04 9.493e-05 8.622e-04 -1.000 1.959e-03 -4.142 -4.652 -4.373 -4.144 -3.823 -3.540 -2.573 -2.306 -2.291 -2.131 -2.101 -2.079 -2.051 -2.007 -1.995 -1.921 -1.909 -1.790
0.0019443 -0.90000 7.80000 5.9392948151 2.6180512785    5.939  3.544  4.2991  3.816    2  0.000  0.538     0.00     0.00     0.00     0.00     0.00 -1    -1e-30      0.00 7.460e-01 2.520e-01 3.477e-04 9.493e-05 8.622e-04 -1.000 1.959e-03 -4.091 -4.604 -4.332 -4.108 -3.792 -3.514 -2.561 -2.299 -2.284 -2.127 -2.098 -2.076 -2.049 -2.006 -1.994 -1.922 -1.910 -1.793
0.0019443 -0.90000 7.80000 5.9396448135 2.6180524955    5.939  3.528  4.2873  3.785    2  0.000  0.538     0.00     0.00     0.00     0.00     0.00 -1    -1e-30      0.00 7.460e-01 2.520e-01 3.477e-04 9.493e-05 8.622e-04 -1.000 1.959e-03 -4.051 -4.567 -4.305 -4.088 -3.781 -3.509 -2.579 -2.323 -2.309 -2.156 -2.127 -2.106 -2.080 -2.038 -2.027 -1.957 -1.945 -1.832
0.0019443 -0.90000 7.80000 5.9399609566 2.6180535946    5.940  3.528  4.2749  3.735    2  0.000  0.538     0.00     0.00     0.00     0.00     0.00 -1    -1e-30      0.00 7.460e-01 2.520e-01 3.477e-04 9.493e-05 8.622e-04 -1.000 1.959e-03 -4.051 -4.570 -4.319 -4.110 -3.811 -3.547 -2.640 -2.392 -2.378 -2.229 -2.201 -2.180 -2.156 -2.115 -2.104 -2.036 -2.026 -1.916
0.0019443 -0.90000 7.80000 5.9402818680 2.6180547101    5.940  3.541  4.2629  3.675    2  0.000  0.538     0.00     0.00     0.00     0.00     0.00 -1    -1e-30      0.00 7.460e-01 2.520e-01 3.477e-04 9.493e-05 8.622e-04 -1.000 1.959e-03 -4.082 -4.602 -4.363 -4.162 -3.872 -3.616 -2.732 -2.489 -2.477 -2.331 -2.304 -2.284 -2.261 -2.221 -2.211 -2.145 -2.135 -2.030
0.0019443 -0.90000 7.80000 5.9406161308 2.6180558719    5.940  3.557  4.2509  3.611    2  0.000  0.538     0.00     0.00     0.00     0.00     0.00 -1    -1e-30      0.00 7.460e-01 2.520e-01 3.477e-04 9.493e-05 8.622e-04 -1.000 1.959e-03 -4.122 -4.641 -4.414 -4.221 -3.940 -3.691 -2.832 -2.595 -2.583 -2.441 -2.415 -2.396 -2.373 -2.336 -2.325 -2.262 -2.252 -2.152
0.0019443 -0.90000 7.80000 5.9409594536 2.6180570651    5.941  3.570  4.2390  3.549    2  0.000  0.538     0.00     0.00     0.00     0.00     0.00 -1    -1e-30      0.00 7.460e-01 2.520e-01 3.477e-04 9.493e-05 8.622e-04 -1.000 1.959e-03 -4.156 -4.674 -4.458 -4.273 -4.001 -3.761 -2.927 -2.696 -2.684 -2.546 -2.521 -2.503 -2.481 -2.445 -2.435 -2.374 -2.365 -2.268
0.0019443 -0.90000 7.80000 5.9413061142 2.6180582697    5.941  3.581  4.2270  3.491    2  0.000  0.538     0.00     0.00     0.00     0.00     0.00 -1    -1e-30      0.00 7.460e-01 2.520e-01 3.477e-04 9.493e-05 8.622e-04 -1.000 1.959e-03 -4.183 -4.698 -4.493 -4.317 -4.055 -3.822 -3.014 -2.789 -2.778 -2.643 -2.619 -2.602 -2.581 -2.547 -2.537 -2.479 -2.470 -2.378
0.0019443 -0.90000 7.80000 5.9416522980 2.6180594724    5.941  3.590  4.2151  3.434    2  0.000  0.538     0.00     0.00     0.00     0.00     0.00 -1    -1e-30      0.00 7.460e-01 2.520e-01 3.477e-04 9.493e-05 8.622e-04 -1.000 1.959e-03 -4.205 -4.714 -4.522 -4.354 -4.102 -3.878 -3.095 -2.876 -2.866 -2.735 -2.712 -2.696 -2.676 -2.643 -2.634 -2.579 -2.570 -2.483
0.0019443 -0.90000 7.80000 5.9419946671 2.6180606618    5.942  3.597  4.2031  3.380    2  0.000  0.538     0.00     0.00     0.00     0.00     0.00 -1    -1e-30      0.00 7.460e-01 2.520e-01 3.477e-04 9.493e-05 8.622e-04 -1.000 1.959e-03 -4.222 -4.724 -4.544 -4.385 -4.144 -3.929 -3.171 -2.958 -2.950 -2.823 -2.801 -2.786 -2.767 -2.735 -2.726 -2.674 -2.665 -2.583
0.0019443 -0.90000 7.80000 5.9423298836 2.6180618261    5.942  3.602  4.1911  3.326    2  0.000  0.538     0.00     0.00     0.00     0.00     0.00 -1    -1e-30      0.00 7.460e-01 2.520e-01 3.477e-04 9.493e-05 8.622e-04 -1.000 1.959e-03 -4.236 -4.728 -4.560 -4.411 -4.180 -3.974 -3.244 -3.037 -3.030 -2.907 -2.886 -2.872 -2.854 -2.824 -2.815 -2.766 -2.758 -2.680
0.0019443 -0.90000 7.80000 5.9426555634 2.6180629572    5.942  3.607  4.1791  3.274    2  0.000  0.538     0.00     0.00     0.00     0.00     0.00 -1    -1e-30      0.00 7.460e-01 2.520e-01 3.477e-04 9.493e-05 8.622e-04 -1.000 1.959e-03 -4.247 -4.729 -4.572 -4.432 -4.213 -4.016 -3.315 -3.113 -3.107 -2.988 -2.968 -2.955 -2.938 -2.910 -2.901 -2.855 -2.847 -2.774
0.0019443 -0.90000 7.80000 5.9429707527 2.6180640517    5.943  3.610  4.1671  3.222    2  0.000  0.538     0.00     0.00     0.00     0.00     0.00 -1    -1e-30      0.00 7.460e-01 2.520e-01 3.477e-04 9.493e-05 8.622e-04 -1.000 1.959e-03 -4.256 -4.724 -4.579 -4.447 -4.240 -4.052 -3.382 -3.187 -3.181 -3.067 -3.048 -3.035 -3.020 -2.993 -2.985 -2.941 -2.934 -2.866
0.0019443 -0.90000 7.80000 5.9432730675 2.6180651014    5.943  3.613  4.1551  3.171    2  0.000  0.538     0.00     0.00     0.00     0.00     0.00 -1    -1e-30      0.00 7.460e-01 2.520e-01 3.477e-04 9.493e-05 8.622e-04 -1.000 1.959e-03 -4.263 -4.714 -4.581 -4.458 -4.264 -4.086 -3.447 -3.259 -3.254 -3.143 -3.125 -3.114 -3.099 -3.074 -3.067 -3.026 -3.019 -2.956
0.0019443 -0.90000 7.80000 5.9435625076 2.6180661062    5.943  3.616  4.1431  3.121    2  0.000  0.538     0.00     0.00     0.00     0.00     0.00 -1    -1e-30      0.00 7.460e-01 2.520e-01 3.477e-04 9.493e-05 8.622e-04 -1.000 1.959e-03 -4.269 -4.700 -4.578 -4.465 -4.284 -4.115 -3.510 -3.328 -3.324 -3.218 -3.201 -3.190 -3.177 -3.153 -3.146 -3.108 -3.102 -3.044
0.0019443 -0.90000 7.80000 5.9438385963 2.6180670646    5.943  3.617  4.1311  3.071    2  0.000  0.538     0.00     0.00     0.00     0.00     0.00 -1    -1e-30      0.00 7.460e-01 2.520e-01 3.477e-04 9.493e-05 8.622e-04 -1.000 1.959e-03 -4.273 -4.681 -4.570 -4.467 -4.298 -4.140 -3.571 -3.396 -3.393 -3.291 -3.275 -3.265 -3.252 -3.231 -3.224 -3.189 -3.183 -3.131
0.0019443 -0.90000 7.80000 5.9441003799 2.6180679733    5.944  3.618  4.1191  3.022    2  0.000  0.538     0.00     0.00     0.00     0.00     0.00 -1    -1e-30      0.00 7.460e-01 2.520e-01 3.477e-04 9.493e-05 8.622e-04 -1.000 1.959e-03 -4.276 -4.659 -4.559 -4.465 -4.311 -4.163 -3.630 -3.462 -3.460 -3.362 -3.347 -3.338 -3.326 -3.306 -3.300 -3.268 -3.263 -3.216
0.0019443 -0.90000 7.80000 5.9443488121 2.6180688355    5.944  3.619  4.1071  2.973    2  0.000  0.538     0.00     0.00     0.00     0.00     0.00 -1    -1e-30      0.00 7.460e-01 2.520e-01 3.477e-04 9.493e-05 8.622e-04 -1.000 1.959e-03 -4.278 -4.633 -4.544 -4.461 -4.320 -4.182 -3.688 -3.526 -3.525 -3.431 -3.417 -3.409 -3.399 -3.381 -3.374 -3.346 -3.341 -3.300
0.0019443 -0.90000 7.80000 5.9445838928 2.6180696513    5.944  3.620  4.0951  2.925    2  0.000  0.538     0.00     0.00     0.00     0.00     0.00 -1    -1e-30      0.00 7.460e-01 2.520e-01 3.477e-04 9.493e-05 8.622e-04 -1.000 1.959e-03 -4.279 -4.600 -4.524 -4.450 -4.324 -4.197 -3.742 -3.587 -3.587 -3.498 -3.486 -3.479 -3.469 -3.453 -3.447 -3.421 -3.417 -3.383
0.0019443 -0.90000 7.80000 5.9448056221 2.6180704207    5.944  3.620  4.0830  2.877    2  0.000  0.538     0.00     0.00     0.00     0.00     0.00 -1    -1e-30      0.00 7.460e-01 2.520e-01 3.477e-04 9.493e-05 8.622e-04 -1.000 1.959e-03 -4.279 -4.563 -4.498 -4.435 -4.323 -4.206 -3.795 -3.647 -3.648 -3.564 -3.552 -3.547 -3.538 -3.523 -3.518 -3.495 -3.492 -3.463
0.0019443 -0.90000 7.80000 5.9450144768 2.6180711454    5.945  3.619  4.0710  2.829    2  0.000  0.538     0.00     0.00     0.00     0.00     0.00 -1    -1e-30      0.00 7.460e-01 2.520e-01 3.477e-04 9.493e-05 8.622e-04 -1.000 1.959e-03 -4.278 -4.520 -4.467 -4.414 -4.317 -4.211 -3.845 -3.706 -3.707 -3.628 -3.617 -3.612 -3.605 -3.592 -3.587 -3.568 -3.565 -3.543
0.0019443 -0.90000 7.80000 5.9452114105 2.6180718286    5.945  3.619  4.0590  2.781    2  0.000  0.538     0.00     0.00     0.00     0.00     0.00 -1    -1e-30      0.00 7.460e-01 2.520e-01 3.477e-04 9.493e-05 8.622e-04 -1.000 1.959e-03 -4.277 -4.472 -4.430 -4.388 -4.305 -4.209 -3.894 -3.762 -3.765 -3.690 -3.680 -3.676 -3.670 -3.658 -3.654 -3.638 -3.636 -3.621
0.0019443 -0.90000 7.80000 5.9453969002 2.6180724721    5.945  3.618  4.0470  2.734    2  0.000  0.538     0.00     0.00     0.00     0.00     0.00 -1    -1e-30      0.00 7.460e-01 2.520e-01 3.477e-04 9.493e-05 8.622e-04 -1.000 1.959e-03 -4.275 -4.416 -4.386 -4.354 -4.287 -4.201 -3.940 -3.817 -3.820 -3.750 -3.741 -3.738 -3.733 -3.723 -3.719 -3.706 -3.705 -3.697
0.0019443 -0.90000 7.80000 5.9455714226 2.6180730776    5.945  3.617  4.0350  2.687    2  0.000  0.538     0.00     0.00     0.00     0.00     0.00 -1    -1e-30      0.00 7.460e-01 2.520e-01 3.477e-04 9.493e-05 8.622e-04 -1.000 1.959e-03 -4.272 -4.355 -4.335 -4.315 -4.263 -4.188 -3.985 -3.869 -3.874 -3.808 -3.801 -3.798 -3.794 -3.785 -3.782 -3.773 -3.772 -3.773
0.0019443 -0.90000 7.80000 5.9457354546 2.6180736465    5.945  3.616  4.0230  2.641    2  0.000  0.538     0.00     0.00     0.00     0.00     0.00 -1    -1e-30      0.00 7.460e-01 2.520e-01 3.477e-04 9.493e-05 8.622e-04 -1.000 1.959e-03 -4.269 -4.286 -4.276 -4.268 -4.233 -4.168 -4.027 -3.920 -3.926 -3.864 -3.858 -3.857 -3.853 -3.846 -3.843 -3.838 -3.838 -3.846
0.0019443 -0.90000 7.80000 5.9458894730 2.6180741808    5.945  3.614  4.0111  2.595    2  0.000  0.538     0.00     0.00     0.00     0.00     0.00 -1    -1e-30      0.00 7.460e-01 2.520e-01 3.477e-04 9.493e-05 8.622e-04 -1.000 1.959e-03 -4.265 -4.209 -4.210 -4.214 -4.196 -4.142 -4.067 -3.970 -3.976 -3.919 -3.913 -3.913 -3.910 -3.905 -3.902 -3.901 -3.902 -3.919
0.0019443 -0.90000 7.80000 5.9460339546 2.6180746819    5.946  3.612  3.9993  2.549    2  0.000  0.538     0.00     0.00     0.00     0.00     0.00 -1    -1e-30      0.00 7.460e-01 2.520e-01 3.477e-04 9.493e-05 8.622e-04 -1.000 1.959e-03 -4.261 -4.123 -4.134 -4.151 -4.153 -4.109 -4.105 -4.017 -4.024 -3.971 -3.966 -3.967 -3.965 -3.961 -3.959 -3.962 -3.963 -3.989
0.0019443 -0.90000 7.80000 5.9461703300 2.6180751548    5.946  3.610  3.9873  2.503    2  0.000  0.538     0.00     0.00     0.00     0.00     0.00 -1    -1e-30      0.00 7.460e-01 2.520e-01 3.477e-04 9.493e-05 8.622e-04 -1.000 1.959e-03 -4.256 -4.023 -4.045 -4.076 -4.100 -4.069 -4.140 -4.061 -4.069 -4.021 -4.017 -4.018 -4.018 -4.015 -4.013 -4.020 -4.023 -4.058
0.0019443 -0.90000 7.80000 5.9462981224 2.6180755980    5.946  3.608  3.9756  2.458    2  0.000  0.538     0.00     0.00     0.00     0.00     0.00 -1    -1e-30      0.00 7.460e-01 2.520e-01 3.477e-04 9.493e-05 8.622e-04 -1.000 1.959e-03 -4.251 -3.912 -3.948 -3.996 -4.044 -4.027 -4.169 -4.101 -4.109 -4.067 -4.065 -4.067 -4.067 -4.067 -4.066 -4.076 -4.080 -4.123
0.0019443 -0.90000 7.80000 5.9464187622 2.6180760164    5.946  3.606  3.9638  2.413    2  0.000  0.538     0.00     0.00     0.00     0.00     0.00 -1    -1e-30      0.00 7.460e-01 2.520e-01 3.477e-04 9.493e-05 8.622e-04 -1.000 1.959e-03 -4.245 -3.786 -3.841 -3.906 -3.982 -3.980 -4.193 -4.136 -4.145 -4.110 -4.110 -4.112 -4.114 -4.116 -4.115 -4.130 -4.135 -4.186
0.0019443 -0.90000 7.80000 5.9465317726 2.6180764082    5.946  3.604  3.9522  2.369    2  0.000  0.538     0.00     0.00     0.00     0.00     0.00 -1    -1e-30      0.00 7.460e-01 2.520e-01 3.477e-04 9.493e-05 8.622e-04 -1.000 1.959e-03 -4.239 -3.644 -3.722 -3.808 -3.915 -3.930 -4.213 -4.167 -4.177 -4.149 -4.150 -4.154 -4.157 -4.161 -4.161 -4.182 -4.187 -4.245
0.0019443 -0.90000 7.80000 5.9466390610 2.6180767803    5.946  3.601  3.9405  2.325    2  0.000  0.538     0.00     0.00     0.00     0.00     0.00 -1    -1e-30      0.00 7.460e-01 2.520e-01 3.477e-04 9.493e-05 8.622e-04 -1.000 1.959e-03 -4.233 -3.481 -3.592 -3.701 -3.843 -3.877 -4.227 -4.193 -4.204 -4.184 -4.187 -4.192 -4.197 -4.204 -4.205 -4.231 -4.237 -4.303
0.0019443 -0.90000 7.80000 5.9467396736 2.6180771291    5.946  3.598  3.9290  2.282    2  0.000  0.538     0.00     0.00     0.00     0.00     0.00 -1    -1e-30      0.00 7.460e-01 2.520e-01 3.477e-04 9.493e-05 8.622e-04 -1.000 1.959e-03 -4.226 -3.294 -3.454 -3.591 -3.770 -3.824 -4.232 -4.211 -4.223 -4.214 -4.218 -4.226 -4.232 -4.243 -4.245 -4.277 -4.284 -4.356
0.0019443 -0.90000 7.80000 5.9468588829 2.6180775424    5.947  3.595  3.9144  2.227    2  0.000  0.538     0.00     0.00     0.00     0.00     0.00 -1    -1e-30      0.00 7.460e-01 2.520e-01 3.477e-04 9.493e-05 8.622e-04 -1.000 1.959e-03 -4.217 -3.021 -3.268 -3.446 -3.678 -3.760 -4.225 -4.217 -4.233 -4.240 -4.247 -4.259 -4.269 -4.286 -4.290 -4.332 -4.339 -4.418
0.0019443 -0.90000 7.80000 5.9469480515 2.6180778516    5.947  3.592  3.9028  2.184    2  0.000  0.538     0.00     0.00     0.00     0.00     0.00 -1    -1e-30      0.00 7.460e-01 2.520e-01 3.477e-04 9.493e-05 8.622e-04 -1.000 1.959e-03 -4.209 -2.789 -3.114 -3.330 -3.605 -3.710 -4.209 -4.212 -4.231 -4.253 -4.264 -4.280 -4.294 -4.317 -4.322 -4.373 -4.381 -4.463
0.0019443 -0.90000 7.80000 5.9470324516 2.6180781442    5.947  3.589  3.8911  2.140    2  0.000  0.538     0.00     0.00     0.00     0.00     0.00 -1    -1e-30      0.00 7.460e-01 2.520e-01 3.477e-04 9.493e-05 8.622e-04 -1.000 1.959e-03 -4.201 -2.548 -2.955 -3.213 -3.534 -3.663 -4.183 -4.195 -4.219 -4.260 -4.275 -4.295 -4.313 -4.344 -4.351 -4.412 -4.420 -4.505
0.0019443 -0.90000 7.80000 5.9471125603 2.6180784219    5.947  3.585  3.8794  2.097    2  0.000  0.538     0.00     0.00     0.00     0.00     0.00 -1    -1e-30      0.00 7.460e-01 2.520e-01 3.477e-04 9.493e-05 8.622e-04 -1.000 1.959e-03 -4.193 -2.319 -2.795 -3.100 -3.470 -3.623 -4.145 -4.164 -4.195 -4.257 -4.277 -4.303 -4.327 -4.367 -4.376 -4.447 -4.455 -4.543
0.0019443 -0.90000 7.80000 5.9471879005 2.6180786831    5.947  3.582  3.8677  2.053    2  0.000  0.538     0.00     0.00     0.00     0.00     0.00 -1    -1e-30      0.00 7.460e-01 2.520e-01 3.477e-04 9.493e-05 8.622e-04 -1.000 1.959e-03 -4.185 -2.100 -2.636 -2.991 -3.411 -3.588 -4.098 -4.123 -4.163 -4.249 -4.275 -4.308 -4.337 -4.387 -4.398 -4.481 -4.489 -4.578
0.0019443 -0.90000 7.80000 5.9472584724 2.6180789278    5.947  3.578  3.8561  2.010    2  0.000  0.538     0.00     0.00     0.00     0.00     0.00 -1    -1e-30      0.00 7.460e-01 2.520e-01 3.477e-04 9.493e-05 8.622e-04 -1.000 1.959e-03 -4.176 -1.894 -2.479 -2.887 -3.357 -3.560 -4.041 -4.072 -4.123 -4.237 -4.269 -4.309 -4.345 -4.405 -4.418 -4.514 -4.521 -4.612
0.0019443 -0.90000 7.80000 5.9473261833 2.6180791625    5.947  3.575  3.8444  1.967    2  0.000  0.538     0.00     0.00     0.00     0.00     0.00 -1    -1e-30      0.00 7.460e-01 2.520e-01 3.477e-04 9.493e-05 8.622e-04 -1.000 1.959e-03 -4.167 -1.695 -2.315 -2.784 -3.308 -3.537 -3.975 -4.008 -4.073 -4.220 -4.259 -4.308 -4.350 -4.421 -4.437 -4.545 -4.552 -4.644
0.0019443 -0.90000 7.80000 5.9473891258 2.6180793807    5.947  3.571  3.8328  1.925    2  0.000  0.538     0.00     0.00     0.00     0.00     0.00 -1    -1e-30      0.00 7.460e-01 2.520e-01 3.477e-04 9.493e-05 8.622e-04 -1.000 1.959e-03 -4.158 -1.502 -2.141 -2.675 -3.257 -3.513 -3.907 -3.944 -4.022 -4.200 -4.245 -4.303 -4.351 -4.434 -4.452 -4.573 -4.580 -4.674
0.0019443 -0.90000 7.80000 5.9474487305 2.6180795873    5.947  3.567  3.8213  1.882    2  0.000  0.538     0.00     0.00     0.00     0.00     0.00 -1    -1e-30      0.00 7.460e-01 2.520e-01 3.477e-04 9.493e-05 8.622e-04 -1.000 1.959e-03 -4.148 -1.315 -1.943 -2.553 -3.201 -3.487 -3.836 -3.876 -3.967 -4.175 -4.227 -4.293 -4.348 -4.442 -4.462 -4.596 -4.604 -4.700
0.0019443 -0.90000 7.80000 5.9475049973 2.6180797823    5.947  3.563  3.8099  1.841    2  0.000  0.538     0.00     0.00     0.00     0.00     0.00 -1    -1e-30      0.00 7.460e-01 2.520e-01 3.477e-04 9.493e-05 8.622e-04 -1.000 1.959e-03 -4.138 -1.140 -1.739 -2.429 -3.145 -3.459 -3.762 -3.806 -3.910 -4.149 -4.207 -4.281 -4.342 -4.447 -4.470 -4.618 -4.625 -4.725
0.0019443 -0.90000 7.80000 5.9475584030 2.6180799674    5.947  3.559  3.7986  1.799    2  0.000  0.538     0.00     0.00     0.00     0.00     0.00 -1    -1e-30      0.00 7.460e-01 2.520e-01 3.477e-04 9.493e-05 8.622e-04 -1.000 1.959e-03 -4.128 -0.993 -1.542 -2.309 -3.092 -3.434 -3.681 -3.728 -3.846 -4.117 -4.181 -4.265 -4.332 -4.449 -4.474 -4.635 -4.642 -4.747
0.0019443 -0.90000 7.80000 5.9476089478 2.6180801426    5.947  3.555  3.7872  1.758    2  0.000  0.538     0.00     0.00     0.00     0.00     0.00 -1    -1e-30      0.00 7.460e-01 2.520e-01 3.477e-04 9.493e-05 8.622e-04 -1.000 1.959e-03 -4.118 -0.853 -1.324 -2.172 -3.028 -3.401 -3.596 -3.647 -3.779 -4.083 -4.154 -4.247 -4.320 -4.447 -4.475 -4.649 -4.657 -4.768
0.0019443 -0.90000 7.80000 5.9476566315 2.6180803079    5.947  3.551  3.7761  1.718    2  0.000  0.538     0.00     0.00     0.00     0.00     0.00 -1    -1e-30      0.00 7.460e-01 2.520e-01 3.477e-04 9.493e-05 8.622e-04 -1.000 1.959e-03 -4.107 -0.717 -1.076 -2.006 -2.946 -3.349 -3.506 -3.566 -3.712 -4.049 -4.125 -4.227 -4.306 -4.444 -4.475 -4.661 -4.669 -4.787
0.0019443 -0.90000 7.80000 5.9477024078 2.6180804666    5.947  3.546  3.7651  1.679    2  0.000  0.538     0.00     0.00     0.00     0.00     0.00 -1    -1e-30      0.00 7.460e-01 2.520e-01 3.477e-04 9.493e-05 8.622e-04 -1.000 1.959e-03 -4.095 -0.587 -0.798 -1.819 -2.850 -3.283 -3.408 -3.478 -3.640 -4.011 -4.093 -4.204 -4.289 -4.437 -4.471 -4.671 -4.680 -4.804
0.0019443 -0.90000 7.80000 5.9477458000 2.6180806170    5.947  3.541  3.7545  1.641    2  0.000  0.538     0.00     0.00     0.00     0.00     0.00 -1    -1e-30      0.00 7.460e-01 2.520e-01 3.477e-04 9.493e-05 8.622e-04 -1.000 1.959e-03 -4.083 -0.475 -0.507 -1.623 -2.751 -3.214 -3.308 -3.390 -3.568 -3.972 -4.060 -4.179 -4.269 -4.427 -4.463 -4.676 -4.685 -4.818
0.0019443 -0.90000 7.80000 5.9477877617 2.6180807624    5.947  3.536  3.7445  1.606    2  0.000  0.538     0.00     0.00     0.00     0.00     0.00 -1    -1e-30      0.00 7.460e-01 2.520e-01 3.477e-04 9.493e-05 8.622e-04 -1.000 1.959e-03 -4.070 -0.378 -0.209 -1.422 -2.647 -3.138 -3.209 -3.302 -3.496 -3.932 -4.025 -4.152 -4.246 -4.414 -4.452 -4.676 -4.686 -4.827
0.0019443 -0.90000 7.80000 5.9478282928 2.6180809029    5.948  3.530  3.7357  1.577    2  0.000  0.538     0.00     0.00     0.00     0.00     0.00 -1    -1e-30      0.00 7.460e-01 2.520e-01 3.477e-04 9.493e-05 8.622e-04 -1.000 1.959e-03 -4.056 -0.293 0.113 -1.211 -2.535 -3.051 -3.111 -3.219 -3.428 -3.893 -3.990 -4.124 -4.223 -4.398 -4.438 -4.673 -4.684 -4.832
0.0019443 -0.90000 7.80000 5.9478688240 2.6180810433    5.948  3.524  3.7279  1.552    2  0.000  0.538     0.00     0.00     0.00     0.00     0.00 -1    -1e-30      0.00 7.460e-01 2.520e-01 3.477e-04 9.493e-05 8.622e-04 -1.000 1.959e-03 -4.041 -0.220 0.442 -1.001 -2.418 -2.958 -3.017 -3.138 -3.363 -3.854 -3.956 -4.096 -4.198 -4.379 -4.422 -4.665 -4.677 -4.832
0.0019443 -0.90000 7.80000 5.9479155540 2.6180812053    5.948  3.516  3.7209  1.532    2  0.000  0.538     0.00     0.00     0.00     0.00     0.00 -1    -1e-30      0.00 7.460e-01 2.520e-01 3.477e-04 9.493e-05 8.622e-04 -1.000 1.959e-03 -4.020 -0.153 0.763 -0.795 -2.300 -2.860 -2.922 -3.057 -3.296 -3.812 -3.917 -4.063 -4.168 -4.356 -4.400 -4.652 -4.664 -4.826
0.0019443 -0.90000 7.80000 5.9479780197 2.6180814218    5.948  3.505  3.7131  1.512    2  0.000  0.538     0.00     0.00     0.00     0.00     0.00 -1    -1e-30      0.00 7.460e-01 2.520e-01 3.477e-04 9.493e-05 8.622e-04 -1.000 1.959e-03 -3.992 -0.077 1.147 -0.550 -2.152 -2.735 -2.806 -2.957 -3.212 -3.756 -3.865 -4.017 -4.126 -4.320 -4.367 -4.628 -4.641 -4.810
0.0019443 -0.90000 7.80000 5.9480686188 2.6180817358    5.948  3.488  3.7048  1.496    2  0.000  0.538     0.00     0.00     0.00     0.00     0.00 -1    -1e-30      0.00 7.460e-01 2.520e-01 3.477e-04 9.493e-05 8.622e-04 -1.000 1.959e-03 -3.950 0.010 1.581 -0.272 -1.979 -2.584 -2.669 -2.839 -3.111 -3.684 -3.797 -3.956 -4.068 -4.270 -4.319 -4.589 -4.603 -4.781
0.0019443 -0.90000 7.80000 5.9482126236 2.6180822348    5.948  3.466  3.6942  1.475    2  0.000  0.538     0.00     0.00     0.00     0.00     0.00 -1    -1e-30      0.00 7.460e-01 2.520e-01 3.477e-04 9.493e-05 8.622e-04 -1.000 1.959e-03 -3.896 0.118 2.160 0.102 -1.745 -2.379 -2.486 -2.682 -2.976 -3.587 -3.706 -3.873 -3.990 -4.202 -4.253 -4.536 -4.552 -4.741
0.0019443 -0.90000 7.80000 5.9482560158 2.6180823852    5.948  3.462  3.6913  1.468    2  0.000  0.538     0.00     0.00     0.00     0.00     0.00 -1    -1e-30      0.00 7.460e-01 2.520e-01 3.477e-04 9.493e-05 8.622e-04 -1.000 1.959e-03 -3.884 0.144 2.321 0.207 -1.680 -2.322 -2.437 -2.640 -2.941 -3.563 -3.683 -3.853 -3.971 -4.185 -4.238 -4.525 -4.540 -4.733
0.0019443 -0.90000 7.80000 5.9483847618 2.6180828313    5.948  3.481  3.6823  1.413    3  0.000  0.538    12.60    10.46     7.55     5.47     4.50  4    -1e-30      0.00 7.460e-01 2.520e-01 3.476e-04 9.494e-05 8.622e-04 -1.000 1.959e-03 -3.932 0.141 2.638 0.516 -1.508 -2.186 -2.348 -2.583 -2.910 -3.572 -3.697 -3.875 -3.998 -4.220 -4.275 -4.572 -4.588 -4.791
0.0019443 -0.90000 7.80000 5.9484720230 2.6180831336    5.948  3.516  3.6759  1.352    3  0.000  0.536    14.38    11.67     8.38     6.08     5.01  4    -1e-30      0.00 7.460e-01 2.520e-01 3.464e-04 9.530e-05 8.622e-04 -1.000 1.959e-03 -4.019 0.086 2.790 0.780 -1.376 -2.091 -2.309 -2.575 -2.929 -3.631 -3.762 -3.948 -4.075 -4.302 -4.359 -4.662 -4.679 -4.887
0.0019443 -0.90000 7.80000 5.9485468864 2.6180833930    5.948  3.555  3.6707  1.292    3  0.000  0.518    16.40    13.01     9.30     6.76     5.56  4    -1e-30      0.00 7.460e-01 2.520e-01 3.353e-04 1.017e-04 8.622e-04 -1.000 1.959e-03 -4.118 0.015 2.912 0.993 -1.282 -2.026 -2.292 -2.587 -2.967 -3.705 -3.841 -4.032 -4.164 -4.396 -4.453 -4.762 -4.779 -4.992
0.0019443 -0.90000 7.80000 5.9485821724 2.6180835153    5.948  3.574  3.6684  1.264    3  0.000  0.497    17.42    13.69     9.76     7.10     5.84  4    -1e-30      0.00 7.460e-01 2.520e-01 3.214e-04 1.154e-04 8.622e-04 -1.000 1.959e-03 -4.165 -0.020 2.963 1.088 -1.242 -1.999 -2.286 -2.595 -2.986 -3.740 -3.878 -4.073 -4.206 -4.440 -4.498 -4.809 -4.826 -5.042
0.0019443 -0.90000 7.80000 5.9486198425 2.6180836458    5.948  3.593  3.6663  1.236    3  0.000  0.470    18.51    14.39    10.24     7.45     6.14  4    -1e-30      0.00 7.459e-01 2.521e-01 3.037e-04 1.360e-04 8.622e-04 -1.000 1.959e-03 -4.213 -0.056 3.010 1.179 -1.204 -1.972 -2.282 -2.603 -3.005 -3.776 -3.916 -4.113 -4.248 -4.485 -4.543 -4.857 -4.874 -5.092
0.0019443 -0.90000 7.80000 5.9486813545 2.6180838589    5.948  3.621  3.6633  1.196    3  0.000  0.434    20.19    15.46    10.96     7.99     6.58  4    -1e-30      0.00 7.459e-01 2.521e-01 2.806e-04 1.644e-04 8.622e-04 -1.000 1.959e-03 -4.282 -0.108 3.077 1.304 -1.151 -1.935 -2.275 -2.616 -3.034 -3.828 -3.972 -4.172 -4.310 -4.550 -4.609 -4.925 -4.943 -5.164
0.0019443 -0.90000 7.80000 5.9487290382 2.6180840241    5.948  3.637  3.6615  1.173    3  0.000  0.417    21.23    16.12    11.41     8.32     6.85  4    -1e-30      0.00 7.459e-01 2.521e-01 2.697e-04 1.778e-04 8.622e-04 -1.000 1.959e-03 -4.323 -0.139 3.115 1.374 -1.121 -1.914 -2.271 -2.623 -3.051 -3.858 -4.004 -4.207 -4.346 -4.587 -4.647 -4.965 -4.983 -5.206
0.0019443 -0.90000 7.80000 5.9489264488 2.6180847081    5.949  3.675  3.6575  1.119    3  0.000  0.386    23.89    17.79    12.53     9.15     7.54  4    -1e-30      0.00 7.458e-01 2.522e-01 2.497e-04 2.026e-04 8.621e-04 -1.000 1.959e-03 -4.419 -0.211 3.195 1.534 -1.052 -1.862 -2.259 -2.637 -3.088 -3.927 -4.077 -4.286 -4.428 -4.674 -4.734 -5.058 -5.076 -5.303
0.0019443 -0.90000 7.80000 5.9494705200 2.6180865927    5.949  3.720  3.6530  1.056    3  0.000  0.355    27.40    19.93    13.97    10.22     8.42  4    -1e-30      0.00 7.457e-01 2.524e-01 2.292e-04 2.291e-04 8.603e-04 -1.000 1.960e-03 -4.530 -0.299 3.298 1.653 -1.022 -1.842 -2.273 -2.674 -3.141 -4.006 -4.160 -4.374 -4.519 -4.770 -4.832 -5.163 -5.181 -5.414
0.0019443 -0.90000 7.80000 5.9501776695 2.6180890417    5.950  3.759  3.6492  1.003    3  0.000  0.344    30.77    21.94    15.32    11.22     9.25  4    -1e-30      0.00 7.450e-01 2.530e-01 2.175e-04 2.572e-04 8.443e-04 -1.000 1.961e-03 -4.626 -0.374 3.374 1.748 -1.001 -1.828 -2.288 -2.708 -3.188 -4.074 -4.231 -4.450 -4.597 -4.853 -4.916 -5.252 -5.271 -5.510
0.0019443 -0.90000 7.80000 5.9516720772 2.6180942148    5.951  3.781  3.6473  0.973    3  0.000  0.342    32.84    23.16    16.13    11.82     9.75  4    -1e-30      0.00 7.439e-01 2.542e-01 2.131e-04 2.757e-04 8.294e-04 -1.000 1.962e-03 -4.682 -0.419 3.400 1.795 -0.988 -1.818 -2.295 -2.725 -3.215 -4.113 -4.271 -4.493 -4.642 -4.900 -4.965 -5.304 -5.323 -5.564
0.0019443 -0.90000 7.80000 5.9658021927 2.6181429813    5.965  3.762  3.6501  1.004    4  0.000  0.342     0.00     0.00     0.00     0.00     0.00 -1    -1e-30      0.00 7.439e-01 2.542e-01 2.131e-04 2.759e-04 8.292e-04 -1.000 1.962e-03 -4.635 -0.388 3.337 1.706 -1.030 -1.856 -2.312 -2.728 -3.207 -4.090 -4.246 -4.464 -4.610 -4.865 -4.928 -5.263 -5.281 -5.519
0.0019443 -0.90000 7.80000 5.9952945709 2.6182439156    5.995  3.732  3.6553  1.057    4  0.000  0.342     0.00     0.00     0.00     0.00     0.00 -1    -1e-30      0.00 7.438e-01 2.542e-01 2.130e-04 2.761e-04 8.290e-04 -1.000 1.962e-03 -4.560 -0.340 3.180 1.535 -1.105 -1.920 -2.342 -2.735 -3.196 -4.052 -4.204 -4.416 -4.559 -4.808 -4.870 -5.197 -5.214 -5.445
0.0019443 -0.90000 7.80000 6.0203728676 2.6183288491    6.020  3.718  3.6600  1.091    4  0.000  0.342     0.00     0.00     0.00     0.00     0.00 -1    -1e-30      0.00 7.438e-01 2.542e-01 2.129e-04 2.764e-04 8.289e-04 -1.000 1.963e-03 -4.526 -0.331 3.028 1.329 -1.223 -2.024 -2.414 -2.782 -3.224 -4.050 -4.198 -4.404 -4.545 -4.789 -4.849 -5.170 -5.187 -5.412
0.0019443 -0.90000 7.80000 6.0377221107 2.6183871317    6.037  3.710  3.6632  1.114    4  0.000  0.342     0.00     0.00     0.00     0.00     0.00 -1    -1e-30      0.00 7.438e-01 2.542e-01 2.130e-04 2.764e-04 8.288e-04 -1.000 1.962e-03 -4.504 -0.326 2.912 1.155 -1.326 -2.111 -2.473 -2.821 -3.246 -4.047 -4.192 -4.394 -4.532 -4.773 -4.832 -5.149 -5.167 -5.388
0.0019443 -0.90000 7.80000 6.0445413589 2.6184099349    6.044  3.709  3.6650  1.122    4  0.000  0.342     0.00     0.00     0.00     0.00     0.00 -1    -1e-30      0.00 7.438e-01 2.542e-01 2.130e-04 2.764e-04 8.288e-04 -1.000 1.962e-03 -4.503 -0.335 2.843 1.054 -1.389 -2.166 -2.514 -2.852 -3.268 -4.057 -4.200 -4.399 -4.536 -4.775 -4.834 -5.149 -5.167 -5.386
0.0019443 -0.90000 7.80000 6.0498728752 2.6184277219    6.049  3.714  3.6676  1.128    4  0.000  0.342     0.00     0.00     0.00     0.00     0.00 -1    -1e-30      0.00 7.438e-01 2.542e-01 2.130e-04 2.764e-04 8.288e-04 -1.000 1.962e-03 -4.514 -0.360 2.730 0.892 -1.495 -2.259 -2.586 -2.910 -3.312 -4.083 -4.223 -4.420 -4.554 -4.791 -4.849 -5.162 -5.179 -5.396
0.0019443 -0.90000 7.80000 6.0542259216 2.6184422179    6.053  3.718  3.6700  1.134    5  0.000  0.343     0.00     0.00     0.00     0.00     0.00 -1    -1e-30      0.00 7.438e-01 2.542e-01 2.130e-04 2.764e-04 8.287e-04 -1.000 1.962e-03 -4.525 -0.383 2.627 0.743 -1.591 -2.343 -2.652 -2.962 -3.353 -4.107 -4.245 -4.438 -4.571 -4.806 -4.863 -5.174 -5.191 -5.405
0.0019443 -0.90000 7.80000 6.0554327965 2.6184462326    6.055  3.720  3.6708  1.136    5  0.000  0.343     0.00     0.00     0.00     0.00     0.00 -1    -1e-30      0.00 7.438e-01 2.542e-01 2.130e-04 2.764e-04 8.287e-04 -1.000 1.962e-03 -4.529 -0.391 2.591 0.694 -1.623 -2.370 -2.673 -2.979 -3.366 -4.114 -4.252 -4.444 -4.577 -4.810 -4.868 -5.177 -5.194 -5.408
0.0019443 -0.90000 7.80000 6.0559973717 2.6184481101    6.055  3.720  3.6713  1.137    5  0.000  0.343     0.00     0.00     0.00     0.00     0.00 -1    -1e-30      0.00 7.438e-01 2.542e-01 2.130e-04 2.764e-04 8.287e-04 -1.000 1.962e-03 -4.531 -0.395 2.569 0.663 -1.643 -2.388 -2.687 -2.990 -3.374 -4.119 -4.256 -4.448 -4.580 -4.813 -4.870 -5.179 -5.196 -5.409
0.0019443 -0.90000 7.80000 6.0562844276 2.6184490645    6.055  3.721  3.6716  1.138    5  0.000  0.343     0.00     0.00     0.00     0.00     0.00 -1    -1e-30      0.00 7.438e-01 2.542e-01 2.130e-04 2.764e-04 8.287e-04 -1.000 1.962e-03 -4.532 -0.398 2.556 0.645 -1.654 -2.398 -2.694 -2.996 -3.379 -4.121 -4.258 -4.450 -4.581 -4.814 -4.871 -5.180 -5.197 -5.410
0.0019443 -0.90000 7.80000 6.0565638542 2.6184499935    6.056  3.721  3.6720  1.139    5  0.000  0.343     0.00     0.00     0.00     0.00     0.00 -1    -1e-30      0.00 7.438e-01 2.542e-01 2.130e-04 2.764e-04 8.287e-04 -1.000 1.962e-03 -4.533 -0.401 2.542 0.626 -1.667 -2.408 -2.703 -3.002 -3.383 -4.124 -4.260 -4.451 -4.583 -4.815 -4.872 -5.181 -5.198 -5.410
0.0019443 -0.90000 7.80000 6.0568499565 2.6184509446    6.056  3.721  3.6723  1.140    5  0.000  0.343     0.00     0.00     0.00     0.00     0.00 -1    -1e-30      0.00 7.438e-01 2.542e-01 2.130e-04 2.764e-04 8.287e-04 -1.000 1.962e-03 -4.533 -0.403 2.526 0.603 -1.681 -2.421 -2.712 -3.009 -3.389 -4.126 -4.262 -4.453 -4.584 -4.816 -4.874 -5.182 -5.199 -5.411
0.0019443 -0.90000 7.80000 6.0570859909 2.6184517291    6.056  3.722  3.6727  1.141    5  0.000  0.343     0.00     0.00     0.00     0.00     0.00 -1    -1e-30      0.00 7.438e-01 2.542e-01 2.130e-04 2.764e-04 8.287e-04 -1.000 1.962e-03 -4.534 -0.406 2.511 0.582 -1.694 -2.432 -2.721 -3.016 -3.394 -4.129 -4.265 -4.455 -4.586 -4.818 -4.875 -5.182 -5.199 -5.411
0.0019443 -0.90000 7.80000 6.0573501587 2.6184526071    6.056  3.722  3.6731  1.143    5  0.000  0.343     0.00     0.00     0.00     0.00     0.00 -1    -1e-30      0.00 7.438e-01 2.542e-01 2.130e-04 2.764e-04 8.287e-04 -1.000 1.962e-03 -4.535 -0.409 2.495 0.559 -1.709 -2.445 -2.730 -3.023 -3.399 -4.132 -4.267 -4.457 -4.587 -4.819 -4.876 -5.183 -5.200 -5.411
0.0019443 -0.90000 7.80000 6.0576581955 2.6184536307    6.057  3.722  3.6736  1.144    5  0.000  0.343     0.00     0.00     0.00     0.00     0.00 -1    -1e-30      0.00 7.438e-01 2.542e-01 2.130e-04 2.764e-04 8.287e-04 -1.000 1.962e-03 -4.536 -0.412 2.475 0.531 -1.727 -2.460 -2.742 -3.032 -3.406 -4.135 -4.270 -4.459 -4.589 -4.820 -4.877 -5.184 -5.201 -5.411
0.0019443 -0.90000 7.80000 6.0580348969 2.6184548824    6.057  3.723  3.6742  1.146    5  0.000  0.343     0.00     0.00     0.00     0.00     0.00 -1    -1e-30      0.00 7.438e-01 2.542e-01 2.130e-04 2.764e-04 8.287e-04 -1.000 1.962e-03 -4.537 -0.416 2.450 0.495 -1.749 -2.479 -2.756 -3.044 -3.414 -4.139 -4.273 -4.462 -4.591 -4.822 -4.878 -5.185 -5.201 -5.412
0.0019443 -0.90000 7.80000 6.0585126877 2.6184564698    6.058  3.723  3.6750  1.149    5  0.000  0.343     0.00     0.00     0.00     0.00     0.00 -1    -1e-30      0.00 7.438e-01 2.542e-01 2.130e-04 2.764e-04 8.287e-04 -1.000 1.962e-03 -4.538 -0.421 2.417 0.448 -1.779 -2.505 -2.775 -3.058 -3.425 -4.144 -4.277 -4.465 -4.594 -4.824 -4.880 -5.186 -5.202 -5.412
0.0019443 -0.90000 7.80000 6.0593309402 2.6184591875    6.058  3.724  3.6762  1.153    5  0.000  0.343     0.00     0.00     0.00     0.00     0.00 -1    -1e-30      0.00 7.438e-01 2.542e-01 2.130e-04 2.764e-04 8.287e-04 -1.000 1.962e-03 -4.540 -0.429 2.369 0.379 -1.823 -2.542 -2.803 -3.080 -3.441 -4.152 -4.284 -4.470 -4.598 -4.827 -4.883 -5.187 -5.204 -5.412
0.0019443 -0.90000 7.80000 6.0602335930 2.6184621846    6.059  3.725  3.6775  1.157    5  0.000  0.343     0.00     0.00     0.00     0.00     0.00 -1    -1e-30      0.00 7.438e-01 2.542e-01 2.130e-04 2.764e-04 8.287e-04 -1.000 1.962e-03 -4.543 -0.439 2.316 0.302 -1.872 -2.585 -2.835 -3.104 -3.459 -4.161 -4.293 -4.477 -4.604 -4.832 -4.888 -5.190 -5.207 -5.414
0.0019443 -0.90000 7.80000 6.0613365173 2.6184658452    6.060  3.730  3.6800  1.163    5  0.000  0.343     0.00     0.00     0.00     0.00     0.00 -1    -1e-30      0.00 7.438e-01 2.542e-01 2.130e-04 2.764e-04 8.287e-04 -1.000 1.962e-03 -4.554 -0.462 2.215 0.157 -1.967 -2.666 -2.897 -3.154 -3.498 -4.184 -4.313 -4.495 -4.620 -4.845 -4.900 -5.200 -5.217 -5.422
0.0019443 -0.90000 7.80000 6.0626187325 2.6184700990    6.062  3.735  3.6827  1.169    5  0.000  0.343     0.00     0.00     0.00     0.00     0.00 -1    -1e-30      0.00 7.438e-01 2.542e-01 2.130e-04 2.764e-04 8.287e-04 -1.000 1.962e-03 -4.566 -0.488 2.112 0.009 -2.067 -2.752 -2.963 -3.207 -3.539 -4.208 -4.334 -4.513 -4.636 -4.859 -4.914 -5.212 -5.228 -5.430
0.0019443 -0.90000 7.80000 6.0640835762 2.6184749562    6.063  3.740  3.6858  1.176    5  0.000  0.343     0.00     0.00     0.00     0.00     0.00 -1    -1e-30      0.00 7.438e-01 2.542e-01 2.130e-04 2.764e-04 8.287e-04 -1.000 1.962e-03 -4.581 -0.518 2.004 -0.150 -2.177 -2.847 -3.036 -3.266 -3.584 -4.234 -4.358 -4.534 -4.656 -4.876 -4.930 -5.225 -5.241 -5.440
0.0019443 -0.90000 7.80000 6.0656747818 2.6184802293    6.065  3.748  3.6907  1.188    5  0.000  0.343     0.00     0.00     0.00     0.00     0.00 -1    -1e-30      0.00 7.438e-01 2.542e-01 2.130e-04 2.764e-04 8.287e-04 -1.000 1.962e-03 -4.600 -0.560 1.780 -0.324 -2.289 -2.946 -3.120 -3.336 -3.644 -4.277 -4.398 -4.570 -4.689 -4.905 -4.958 -5.246 -5.262 -5.456
0.0019443 -0.90000 7.80000 6.0673990250 2.6184859397    6.067  3.758  3.6990  1.211    5  0.000  0.343     0.00     0.00     0.00     0.00     0.00 -1    -1e-30      0.00 7.438e-01 2.542e-01 2.130e-04 2.764e-04 8.287e-04 -1.000 1.962e-03 -4.625 -0.624 1.356 -0.611 -2.464 -3.099 -3.253 -3.448 -3.737 -4.337 -4.455 -4.619 -4.734 -4.942 -4.993 -5.271 -5.286 -5.471
0.0019443 -0.90000 7.80000 6.0697464943 2.6184937080    6.069  3.770  3.7187  1.278    5  0.000  0.343     0.00     0.00     0.00     0.00     0.00 -1    -1e-30      0.00 7.438e-01 2.542e-01 2.130e-04 2.764e-04 8.287e-04 -1.000 1.962e-03 -4.655 -0.758 0.398 -1.227 -2.818 -3.397 -3.521 -3.670 -3.915 -4.442 -4.549 -4.697 -4.803 -4.993 -5.038 -5.293 -5.305 -5.470
0.0019443 -0.90000 7.80000 6.0718135834 2.6185005429    6.071  3.776  3.7406  1.360    5  0.000  0.343     0.00     0.00     0.00     0.00     0.00 -1    -1e-30      0.00 7.438e-01 2.542e-01 2.130e-04 2.764e-04 8.287e-04 -1.000 1.962e-03 -4.669 -0.919 -0.529 -1.813 -3.129 -3.641 -3.767 -3.876 -4.076 -4.526 -4.621 -4.751 -4.847 -5.018 -5.057 -5.285 -5.296 -5.441
0.0019443 -0.90000 7.80000 6.0740423203 2.6185079062    6.073  3.780  3.7611  1.438    5  0.000  0.343     0.00     0.00     0.00     0.00     0.00 -1    -1e-30      0.00 7.438e-01 2.542e-01 2.131e-04 2.764e-04 8.287e-04 -1.000 1.962e-03 -4.679 -1.090 -1.124 -2.212 -3.326 -3.780 -3.960 -4.043 -4.210 -4.593 -4.678 -4.791 -4.877 -5.029 -5.063 -5.267 -5.276 -5.405
0.0019443 -0.90000 7.80000 6.0764479637 2.6185158470    6.076  3.784  3.7782  1.503    5  0.000  0.343     0.00     0.00     0.00     0.00     0.00 -1    -1e-30      0.00 7.438e-01 2.542e-01 2.131e-04 2.764e-04 8.287e-04 -1.000 1.962e-03 -4.689 -1.268 -1.561 -2.505 -3.472 -3.879 -4.109 -4.174 -4.317 -4.645 -4.720 -4.819 -4.896 -5.030 -5.061 -5.243 -5.252 -5.370
0.0019443 -0.90000 7.80000 6.0790657997 2.6185244800    6.078  3.787  3.7941  1.563    5  0.000  0.343     0.00     0.00     0.00     0.00     0.00 -1    -1e-30      0.00 7.438e-01 2.542e-01 2.131e-04 2.764e-04 8.287e-04 -1.000 1.962e-03 -4.699 -1.452 -1.903 -2.732 -3.578 -3.939 -4.232 -4.286 -4.407 -4.687 -4.753 -4.840 -4.908 -5.027 -5.053 -5.218 -5.226 -5.336
0.0019443 -0.90000 7.80000 6.0817279816 2.6185332505    6.081  3.791  3.8086  1.617    5  0.000  0.343     0.00     0.00     0.00     0.00     0.00 -1    -1e-30      0.00 7.438e-01 2.542e-01 2.131e-04 2.764e-04 8.286e-04 -1.000 1.962e-03 -4.708 -1.623 -2.161 -2.890 -3.647 -3.970 -4.336 -4.384 -4.488 -4.725 -4.782 -4.857 -4.917 -5.021 -5.044 -5.192 -5.200 -5.305
0.0019443 -0.90000 7.80000 6.0850014687 2.6185440228    6.084  3.795  3.8244  1.677    5  0.000  0.343     0.00     0.00     0.00     0.00     0.00 -1    -1e-30      0.00 7.438e-01 2.542e-01 2.131e-04 2.764e-04 8.286e-04 -1.000 1.962e-03 -4.718 -1.857 -2.449 -3.064 -3.725 -4.007 -4.441 -4.482 -4.567 -4.759 -4.807 -4.869 -4.921 -5.009 -5.028 -5.157 -5.165 -5.267
0.0019443 -0.90000 7.80000 6.0881881714 2.6185544967    6.087  3.799  3.8382  1.728    5  0.000  0.343     0.00     0.00     0.00     0.00     0.00 -1    -1e-30      0.00 7.438e-01 2.542e-01 2.131e-04 2.764e-04 8.286e-04 -1.000 1.962e-03 -4.728 -2.082 -2.681 -3.207 -3.791 -4.038 -4.527 -4.563 -4.631 -4.783 -4.823 -4.875 -4.919 -4.994 -5.010 -5.124 -5.132 -5.231
0.0019443 -0.90000 7.80000 6.0914983749 2.6185653633    6.090  3.803  3.8511  1.776    5  0.000  0.343     0.00     0.00     0.00     0.00     0.00 -1    -1e-30      0.00 7.438e-01 2.542e-01 2.131e-04 2.764e-04 8.286e-04 -1.000 1.962e-03 -4.737 -2.303 -2.880 -3.332 -3.851 -4.067 -4.602 -4.632 -4.685 -4.802 -4.835 -4.877 -4.914 -4.976 -4.990 -5.090 -5.098 -5.197
0.0019443 -0.90000 7.80000 6.0952520370 2.6185776691    6.094  3.807  3.8642  1.825    5  0.000  0.343     0.00     0.00     0.00     0.00     0.00 -1    -1e-30      0.00 7.438e-01 2.542e-01 2.131e-04 2.764e-04 8.286e-04 -1.000 1.962e-03 -4.747 -2.542 -3.074 -3.458 -3.915 -4.102 -4.669 -4.693 -4.733 -4.818 -4.843 -4.877 -4.906 -4.957 -4.968 -5.054 -5.063 -5.160
0.0019443 -0.90000 7.80000 6.0998611450 2.6185927556    6.099  3.812  3.8786  1.878    5  0.000  0.343     0.00     0.00     0.00     0.00     0.00 -1    -1e-30      0.00 7.438e-01 2.542e-01 2.131e-04 2.764e-04 8.286e-04 -1.000 1.962e-03 -4.759 -2.824 -3.287 -3.604 -3.995 -4.150 -4.729 -4.744 -4.774 -4.829 -4.847 -4.873 -4.895 -4.934 -4.943 -5.014 -5.023 -5.118
0.0019443 -0.90000 7.80000 6.1056184769 2.6186115637    6.105  3.817  3.8940  1.935    5  0.000  0.343     0.00     0.00     0.00     0.00     0.00 -1    -1e-30      0.00 7.438e-01 2.542e-01 2.131e-04 2.764e-04 8.285e-04 -1.000 1.962e-03 -4.773 -3.147 -3.516 -3.768 -4.092 -4.214 -4.778 -4.782 -4.804 -4.832 -4.845 -4.863 -4.879 -4.906 -4.912 -4.970 -4.978 -5.071
0.0019443 -0.90000 7.80000 6.1119909286 2.6186323337    6.111  3.823  3.9084  1.987    5  0.000  0.343     0.00     0.00     0.00     0.00     0.00 -1    -1e-30      0.00 7.438e-01 2.542e-01 2.131e-04 2.764e-04 8.285e-04 -1.000 1.962e-03 -4.787 -3.457 -3.726 -3.925 -4.191 -4.284 -4.810 -4.800 -4.817 -4.824 -4.833 -4.845 -4.857 -4.876 -4.880 -4.926 -4.934 -5.022
0.0019443 -0.90000 7.80000 6.1180357933 2.6186519900    6.117  3.828  3.9194  2.026    5  0.000  0.343     0.00     0.00     0.00     0.00     0.00 -1    -1e-30      0.00 7.438e-01 2.542e-01 2.132e-04 2.764e-04 8.285e-04 -1.000 1.962e-03 -4.800 -3.684 -3.885 -4.049 -4.271 -4.342 -4.824 -4.803 -4.818 -4.813 -4.819 -4.829 -4.837 -4.851 -4.853 -4.892 -4.900 -4.983
0.0019443 -0.90000 7.80000 6.1270766258 2.6186813052    6.126  3.835  3.9307  2.065    5  0.000  0.343     0.00     0.00     0.00     0.00     0.00 -1    -1e-30      0.00 7.438e-01 2.542e-01 2.132e-04 2.764e-04 8.285e-04 -1.000 1.961e-03 -4.817 -3.905 -4.050 -4.182 -4.361 -4.411 -4.834 -4.802 -4.815 -4.800 -4.804 -4.811 -4.817 -4.827 -4.829 -4.860 -4.867 -4.944
0.0019443 -0.90000 7.80000 6.1408138275 2.6187256587    6.140  3.846  3.9409  2.096    5  0.000  0.343     0.00     0.00     0.00     0.00     0.00 -1    -1e-30      0.00 7.438e-01 2.542e-01 2.132e-04 2.764e-04 8.284e-04 -1.000 1.961e-03 -4.844 -4.091 -4.201 -4.309 -4.454 -4.485 -4.846 -4.802 -4.815 -4.792 -4.795 -4.801 -4.805 -4.813 -4.813 -4.840 -4.847 -4.917
0.0019443 -0.90000 7.80000 6.1529741287 2.6187647307    6.152  3.853  3.9497  2.124    5  0.000  0.343     0.00     0.00     0.00     0.00     0.00 -1    -1e-30      0.00 7.438e-01 2.542e-01 2.132e-04 2.764e-04 8.284e-04 -1.000 1.961e-03 -4.864 -4.232 -4.321 -4.411 -4.528 -4.545 -4.848 -4.795 -4.808 -4.780 -4.781 -4.787 -4.790 -4.796 -4.796 -4.819 -4.825 -4.889
0.0019443 -0.90000 7.80000 6.1658329964 2.6188058546    6.164  3.861  3.9413  2.084    6  0.000  0.343     0.00     0.00     0.00     0.00     0.00 -1    -1e-30      0.00 7.438e-01 2.542e-01 2.133e-04 2.764e-04 8.283e-04 -1.000 1.961e-03 -4.883 -4.135 -4.244 -4.351 -4.495 -4.526 -4.884 -4.840 -4.853 -4.830 -4.832 -4.838 -4.843 -4.850 -4.851 -4.877 -4.884 -4.955
0.0019443 -0.90000 7.80000 6.1736664772 2.6188308103    6.172  3.866  3.9339  2.050    6  0.000  0.343     0.00     0.00     0.00     0.00     0.00 -1    -1e-30      0.00 7.438e-01 2.542e-01 2.133e-04 2.764e-04 8.283e-04 -1.000 1.961e-03 -4.894 -4.031 -4.164 -4.289 -4.458 -4.502 -4.908 -4.871 -4.884 -4.866 -4.869 -4.876 -4.882 -4.891 -4.892 -4.922 -4.930 -5.005
0.0019443 -0.90000 7.80000 6.1797509193 2.6188501437    6.178  3.869  3.9244  2.009    6  0.000  0.343     0.00     0.00     0.00     0.00     0.00 -1    -1e-30      0.00 7.438e-01 2.542e-01 2.133e-04 2.765e-04 8.283e-04 -1.000 1.961e-03 -4.903 -3.877 -4.051 -4.200 -4.405 -4.466 -4.927 -4.899 -4.914 -4.903 -4.908 -4.917 -4.924 -4.936 -4.938 -4.973 -4.981 -5.063
0.0019443 -0.90000 7.80000 6.1810088158 2.6188541353    6.180  3.870  3.9224  2.001    6  0.000  0.343     0.00     0.00     0.00     0.00     0.00 -1    -1e-30      0.00 7.438e-01 2.542e-01 2.133e-04 2.765e-04 8.283e-04 -1.000 1.961e-03 -4.905 -3.844 -4.027 -4.182 -4.394 -4.459 -4.930 -4.905 -4.919 -4.911 -4.916 -4.925 -4.932 -4.945 -4.947 -4.984 -4.992 -5.074
0.0019443 -0.90000 7.80000 6.1832504272 2.6188612437    6.182  3.871  3.9177  1.981    6  0.000  0.343     0.00     0.00     0.00     0.00     0.00 -1    -1e-30      0.00 7.438e-01 2.542e-01 2.133e-04 2.765e-04 8.283e-04 -1.000 1.961e-03 -4.907 -3.758 -3.968 -4.137 -4.367 -4.441 -4.934 -4.913 -4.928 -4.924 -4.930 -4.941 -4.949 -4.964 -4.967 -5.006 -5.014 -5.099
0.0019443 -0.90000 7.80000 6.1869664192 2.6188730145    6.185  3.872  3.9071  1.937    6  0.000  0.343     0.00     0.00     0.00     0.00     0.00 -1    -1e-30      0.00 7.438e-01 2.542e-01 2.133e-04 2.765e-04 8.282e-04 -1.000 1.961e-03 -4.911 -3.554 -3.830 -4.033 -4.305 -4.400 -4.934 -4.924 -4.942 -4.951 -4.959 -4.973 -4.984 -5.004 -5.008 -5.055 -5.063 -5.153
0.0019443 -0.90000 7.80000 6.1905984879 2.6188845037    6.189  3.874  3.8932  1.881    6  0.000  0.343     0.00     0.00     0.00     0.00     0.00 -1    -1e-30      0.00 7.438e-01 2.542e-01 2.133e-04 2.765e-04 8.282e-04 -1.000 1.961e-03 -4.914 -3.266 -3.637 -3.893 -4.224 -4.347 -4.922 -4.924 -4.947 -4.975 -4.988 -5.006 -5.022 -5.050 -5.056 -5.114 -5.123 -5.217
0.0019443 -0.90000 7.80000 6.1932063103 2.6188927435    6.192  3.874  3.8774  1.818    6  0.000  0.343     0.00     0.00     0.00     0.00     0.00 -1    -1e-30      0.00 7.438e-01 2.542e-01 2.133e-04 2.765e-04 8.282e-04 -1.000 1.961e-03 -4.914 -2.945 -3.411 -3.734 -4.136 -4.294 -4.885 -4.899 -4.930 -4.985 -5.004 -5.030 -5.053 -5.092 -5.100 -5.173 -5.182 -5.279
0.0019443 -0.90000 7.80000 6.1950731277 2.6188986370    6.193  3.873  3.8600  1.749    6  0.000  0.343     0.00     0.00     0.00     0.00     0.00 -1    -1e-30      0.00 7.438e-01 2.542e-01 2.133e-04 2.765e-04 8.282e-04 -1.000 1.961e-03 -4.913 -2.612 -3.156 -3.565 -4.048 -4.245 -4.825 -4.851 -4.893 -4.984 -5.011 -5.047 -5.078 -5.132 -5.143 -5.233 -5.242 -5.342
0.0019443 -0.90000 7.80000 6.1966948509 2.6189037534    6.195  3.872  3.8401  1.670    6  0.000  0.343     0.00     0.00     0.00     0.00     0.00 -1    -1e-30      0.00 7.438e-01 2.542e-01 2.133e-04 2.765e-04 8.282e-04 -1.000 1.961e-03 -4.910 -2.272 -2.859 -3.381 -3.963 -4.207 -4.726 -4.761 -4.825 -4.969 -5.007 -5.057 -5.099 -5.171 -5.187 -5.299 -5.307 -5.408
0.0019443 -0.90000 7.80000 6.1983518600 2.6189089780    6.197  3.870  3.8133  1.566    6  0.000  0.343     0.00     0.00     0.00     0.00     0.00 -1    -1e-30      0.00 7.438e-01 2.542e-01 2.133e-04 2.765e-04 8.282e-04 -1.000 1.961e-03 -4.904 -1.854 -2.394 -3.101 -3.841 -4.155 -4.567 -4.614 -4.711 -4.932 -4.986 -5.056 -5.114 -5.212 -5.234 -5.375 -5.383 -5.489
0.0019443 -0.90000 7.80000 6.1995186806 2.6189126551    6.198  3.867  3.7879  1.467    6  0.000  0.343     0.00     0.00     0.00     0.00     0.00 -1    -1e-30      0.00 7.438e-01 2.542e-01 2.133e-04 2.765e-04 8.282e-04 -1.000 1.961e-03 -4.897 -1.565 -1.937 -2.822 -3.723 -4.104 -4.391 -4.450 -4.579 -4.876 -4.945 -5.036 -5.108 -5.232 -5.260 -5.431 -5.439 -5.554
0.0019443 -0.90000 7.80000 6.2003283501 2.6189152058    6.199  3.864  3.7654  1.380    6  0.000  0.343     0.00     0.00     0.00     0.00     0.00 -1    -1e-30      0.00 7.438e-01 2.542e-01 2.133e-04 2.765e-04 8.282e-04 -1.000 1.961e-03 -4.889 -1.327 -1.391 -2.454 -3.545 -3.990 -4.206 -4.286 -4.448 -4.816 -4.898 -5.008 -5.092 -5.239 -5.272 -5.471 -5.480 -5.607
0.0019443 -0.90000 7.80000 6.2012033463 2.6189179613    6.200  3.857  3.7366  1.271    6  0.000  0.343     0.00     0.00     0.00     0.00     0.00 -1    -1e-30      0.00 7.438e-01 2.542e-01 2.133e-04 2.765e-04 8.282e-04 -1.000 1.961e-03 -4.874 -1.087 -0.527 -1.880 -3.261 -3.788 -3.930 -4.048 -4.256 -4.720 -4.817 -4.951 -5.049 -5.222 -5.263 -5.496 -5.507 -5.656
0.0019443 -0.90000 7.80000 6.2018013000 2.6189198439    6.200  3.851  3.7164  1.197    6  0.000  0.343     0.00     0.00     0.00     0.00     0.00 -1    -1e-30      0.00 7.438e-01 2.542e-01 2.133e-04 2.765e-04 8.282e-04 -1.000 1.961e-03 -4.858 -0.944 0.350 -1.323 -2.961 -3.550 -3.694 -3.851 -4.101 -4.638 -4.746 -4.896 -5.003 -5.196 -5.241 -5.498 -5.511 -5.679
0.0019443 -0.90000 7.80000 6.2023224831 2.6189214845    6.201  3.839  3.7032  1.156    6  0.000  0.343     0.00     0.00     0.00     0.00     0.00 -1    -1e-30      0.00 7.438e-01 2.542e-01 2.133e-04 2.765e-04 8.282e-04 -1.000 1.961e-03 -4.828 -0.846 0.997 -0.902 -2.716 -3.342 -3.504 -3.691 -3.972 -4.558 -4.673 -4.834 -4.948 -5.152 -5.202 -5.475 -5.489 -5.670
0.0019443 -0.90000 7.80000 6.2027769089 2.6189229146    6.201  3.829  3.6919  1.122    6  0.000  0.343     0.00     0.00     0.00     0.00     0.00 -1    -1e-30      0.00 7.438e-01 2.542e-01 2.134e-04 2.765e-04 8.282e-04 -1.000 1.961e-03 -4.802 -0.765 1.558 -0.522 -2.488 -3.146 -3.331 -3.547 -3.854 -4.483 -4.605 -4.776 -4.894 -5.109 -5.162 -5.449 -5.465 -5.657
0.0019443 -0.90000 7.80000 6.2031822205 2.6189241900    6.202  3.827  3.6856  1.098    6  0.000  0.343     0.00     0.00     0.00     0.00     0.00 -1    -1e-30      0.00 7.438e-01 2.542e-01 2.134e-04 2.765e-04 8.282e-04 -1.000 1.961e-03 -4.796 -0.730 1.833 -0.309 -2.359 -3.034 -3.240 -3.474 -3.795 -4.449 -4.574 -4.750 -4.871 -5.092 -5.146 -5.442 -5.458 -5.658
0.0019443 -0.90000 7.80000 6.2035369873 2.6189253062    6.202  3.825  3.6800  1.078    6  0.000  0.343     0.00     0.00     0.00     0.00     0.00 -1    -1e-30      0.00 7.438e-01 2.542e-01 2.134e-04 2.765e-04 8.282e-04 -1.000 1.961e-03 -4.793 -0.699 2.019 -0.030 -2.174 -2.877 -3.126 -3.387 -3.733 -4.422 -4.552 -4.734 -4.859 -5.085 -5.140 -5.441 -5.458 -5.662
0.0019443 -0.90000 7.80000 6.2038369179 2.6189262497    6.202  3.824  3.6754  1.060    6  0.000  0.343     0.00     0.00     0.00     0.00     0.00 -1    -1e-30      0.00 7.438e-01 2.542e-01 2.134e-04 2.765e-04 8.282e-04 -1.000 1.961e-03 -4.791 -0.674 2.198 0.235 -2.008 -2.734 -3.022 -3.309 -3.677 -4.399 -4.533 -4.720 -4.849 -5.079 -5.136 -5.441 -5.458 -5.667
0.0019443 -0.90000 7.80000 6.2040915489 2.6189270506    6.202  3.824  3.6714  1.044    6  0.000  0.343     0.00     0.00     0.00     0.00     0.00 -1    -1e-30      0.00 7.438e-01 2.542e-01 2.134e-04 2.765e-04 8.282e-04 -1.000 1.961e-03 -4.790 -0.652 2.361 0.467 -1.862 -2.609 -2.929 -3.238 -3.627 -4.377 -4.515 -4.708 -4.840 -5.074 -5.131 -5.441 -5.458 -5.671
0.0019443 -0.90000 7.80000 6.2043085098 2.6189277330    6.203  3.824  3.6679  1.031    6  0.000  0.343     0.00     0.00     0.00     0.00     0.00 -1    -1e-30      0.00 7.438e-01 2.542e-01 2.134e-04 2.765e-04 8.282e-04 -1.000 1.961e-03 -4.789 -0.633 2.505 0.677 -1.731 -2.496 -2.845 -3.175 -3.581 -4.357 -4.499 -4.696 -4.831 -5.068 -5.126 -5.439 -5.457 -5.673
0.0019443 -0.90000 7.80000 6.2044944763 2.6189283179    6.203  3.824  3.6649  1.019    6  0.000  0.343     0.00     0.00     0.00     0.00     0.00 -1    -1e-30      0.00 7.438e-01 2.542e-01 2.134e-04 2.765e-04 8.282e-04 -1.000 1.961e-03 -4.790 -0.618 2.626 0.858 -1.618 -2.397 -2.772 -3.120 -3.542 -4.341 -4.485 -4.686 -4.823 -5.064 -5.123 -5.439 -5.456 -5.676
0.0019443 -0.90000 7.80000 6.2046542168 2.6189288202    6.203  3.830  3.6632  1.005    6  0.000  0.343     0.00     0.00     0.00     0.00     0.00 -1    -1e-30      0.00 7.438e-01 2.542e-01 2.134e-04 2.765e-04 8.282e-04 -1.000 1.961e-03 -4.805 -0.624 2.688 0.955 -1.562 -2.350 -2.741 -3.101 -3.533 -4.346 -4.492 -4.695 -4.834 -5.076 -5.136 -5.454 -5.471 -5.693
0.0019443 -0.90000 7.80000 6.2047924995 2.6189292551    6.203  3.835  3.6615  0.993    6  0.000  0.343     0.00     0.00     0.00     0.00     0.00 -1    -1e-30      0.00 7.438e-01 2.542e-01 2.134e-04 2.765e-04 8.282e-04 -1.000 1.961e-03 -4.819 -0.628 2.745 1.045 -1.510 -2.305 -2.711 -3.081 -3.523 -4.349 -4.497 -4.703 -4.843 -5.087 -5.147 -5.467 -5.484 -5.707
0.0019443 -0.90000 7.80000 6.2049412727 2.6189297229    6.203  3.841  3.6597  0.980    6  0.000  0.343     0.00     0.00     0.00     0.00     0.00 -1    -1e-30      0.00 7.438e-01 2.542e-01 2.134e-04 2.765e-04 8.282e-04 -1.000 1.961e-03 -4.833 -0.633 2.808 1.146 -1.449 -2.252 -2.675 -3.057 -3.510 -4.352 -4.502 -4.710 -4.852 -5.098 -5.158 -5.480 -5.498 -5.723
0.0019443 -0.90000 7.80000 6.2050437927 2.6189300452    6.203  3.845  3.6584  0.971    6  0.000  0.343     0.00     0.00     0.00     0.00     0.00 -1    -1e-30      0.00 7.438e-01 2.542e-01 2.134e-04 2.765e-04 8.282e-04 -1.000 1.961e-03 -4.843 -0.635 2.849 1.220 -1.403 -2.212 -2.647 -3.039 -3.499 -4.352 -4.504 -4.714 -4.857 -5.105 -5.165 -5.489 -5.506 -5.733
0.0019443 -0.90000 7.80000 6.2051343918 2.6189303301    6.203  3.849  3.6571  0.963    6  0.000  0.343     0.00     0.00     0.00     0.00     0.00 -1    -1e-30      0.00 7.438e-01 2.542e-01 2.134e-04 2.765e-04 8.282e-04 -1.000 1.961e-03 -4.852 -0.637 2.890 1.273 -1.372 -2.184 -2.628 -3.026 -3.492 -4.352 -4.505 -4.717 -4.861 -5.109 -5.170 -5.496 -5.513 -5.742
0.0019443 -0.90000 7.80000 6.2052149773 2.6189305835    6.204  3.852  3.6560  0.955    6  0.000  0.343     0.00     0.00     0.00     0.00     0.00 -1    -1e-30      0.00 7.438e-01 2.542e-01 2.134e-04 2.765e-04 8.282e-04 -1.000 1.961e-03 -4.859 -0.639 2.931 1.316 -1.348 -2.163 -2.612 -3.015 -3.485 -4.351 -4.505 -4.718 -4.863 -5.113 -5.174 -5.501 -5.519 -5.749
0.0019443 -0.90000 7.80000 6.2052879333 2.6189308128    6.204  3.854  3.6549  0.948    6  0.000  0.343     0.00     0.00     0.00     0.00     0.00 -1    -1e-30      0.00 7.438e-01 2.542e-01 2.134e-04 2.765e-04 8.282e-04 -1.000 1.961e-03 -4.866 -0.640 2.969 1.357 -1.325 -2.142 -2.597 -3.005 -3.478 -4.350 -4.505 -4.719 -4.864 -5.116 -5.177 -5.506 -5.524 -5.756
0.0019443 -0.90000 7.80000 6.2053542137 2.6189310212    6.204  3.857  3.6539  0.941    6  0.000  0.343     0.00     0.00     0.00     0.00     0.00 -1    -1e-30      0.00 7.438e-01 2.542e-01 2.134e-04 2.765e-04 8.282e-04 -1.000 1.961e-03 -4.873 -0.641 3.005 1.396 -1.303 -2.122 -2.583 -2.995 -3.472 -4.349 -4.504 -4.720 -4.866 -5.118 -5.180 -5.511 -5.529 -5.762
0.0019443 -0.90000 7.80000 6.2054152489 2.6189312131    6.204  3.859  3.6529  0.935    6  0.000  0.343     0.00     0.00     0.00     0.00     0.00 -1    -1e-30      0.00 7.438e-01 2.542e-01 2.134e-04 2.765e-04 8.282e-04 -1.000 1.961e-03 -4.878 -0.642 3.039 1.433 -1.283 -2.103 -2.569 -2.986 -3.466 -4.348 -4.504 -4.721 -4.867 -5.121 -5.183 -5.515 -5.533 -5.767
0.0019443 -0.90000 7.80000 6.2054743767 2.6189313990    6.204  3.862  3.6520  0.929    6  0.000  0.343     0.00     0.00     0.00     0.00     0.00 -1    -1e-30      0.00 7.438e-01 2.542e-01 2.134e-04 2.765e-04 8.282e-04 -1.000 1.961e-03 -4.884 -0.643 3.072 1.469 -1.262 -2.085 -2.556 -2.976 -3.460 -4.346 -4.503 -4.721 -4.868 -5.123 -5.186 -5.519 -5.537 -5.773
0.0019443 -0.90000 7.80000 6.2055373192 2.6189315969    6.204  3.864  3.6510  0.923    6  0.000  0.343     0.00     0.00     0.00     0.00     0.00 -1    -1e-30      0.00 7.438e-01 2.542e-01 2.134e-04 2.765e-04 8.282e-04 -1.000 1.961e-03 -4.890 -0.644 3.105 1.505 -1.242 -2.066 -2.543 -2.967 -3.454 -4.345 -4.503 -4.722 -4.869 -5.125 -5.188 -5.523 -5.541 -5.778
0.0019443 -0.90000 7.80000 6.2056140900 2.6189318382    6.204  3.867  3.6500  0.916    6  0.000  0.343     0.00     0.00     0.00     0.00     0.00 -1    -1e-30      0.00 7.438e-01 2.542e-01 2.134e-04 2.765e-04 8.282e-04 -1.000 1.961e-03 -4.897 -0.646 3.141 1.544 -1.220 -2.046 -2.528 -2.958 -3.447 -4.344 -4.503 -4.723 -4.871 -5.128 -5.192 -5.528 -5.546 -5.785
0.0019443 -0.90000 7.80000 6.2056956291 2.6189320945    6.204  3.870  3.6489  0.908    6  0.000  0.343     0.00     0.00     0.00     0.00     0.00 -1    -1e-30      0.00 7.438e-01 2.542e-01 2.134e-04 2.765e-04 8.282e-04 -1.000 1.961e-03 -4.905 -0.649 3.171 1.584 -1.198 -2.026 -2.514 -2.948 -3.442 -4.344 -4.504 -4.725 -4.874 -5.132 -5.196 -5.534 -5.553 -5.793
0.0019443 -0.90000 7.80000 6.2058062553 2.6189324423    6.204  3.877  3.6474  0.896    6  0.000  0.343     0.00     0.00     0.00     0.00     0.00 -1    -1e-30      0.00 7.438e-01 2.542e-01 2.134e-04 2.765e-04 8.282e-04 -1.000 1.961e-03 -4.922 -0.657 3.210 1.635 -1.170 -2.000 -2.499 -2.940 -3.438 -4.349 -4.509 -4.733 -4.882 -5.143 -5.207 -5.547 -5.566 -5.808
0.0019443 -0.90000 7.80000 6.2058305740 2.6189325187    6.204  3.878  3.6471  0.893    6  0.000  0.343     0.00     0.00     0.00     0.00     0.00 -1    -1e-30      0.00 7.438e-01 2.542e-01 2.134e-04 2.765e-04 8.282e-04 -1.000 1.961e-03 -4.926 -0.659 3.218 1.646 -1.165 -1.995 -2.495 -2.938 -3.437 -4.350 -4.510 -4.735 -4.884 -5.145 -5.209 -5.550 -5.569 -5.812
0.0019443 -0.90000 7.80000 6.2059412003 2.6189328664    6.204  3.896  3.6447  0.865    7  0.000  0.343    41.89    28.45    19.65    14.43    11.90  4    -1e-30      0.00 7.438e-01 2.542e-01 2.134e-04 2.765e-04 8.282e-04 -1.000 1.961e-03 -4.971 -0.691 3.268 1.719 -1.133 -1.967 -2.485 -2.940 -3.448 -4.375 -4.537 -4.765 -4.916 -5.180 -5.246 -5.591 -5.610 -5.856
0.0019443 -0.90000 7.80000 6.2060732841 2.6189332816    6.204  3.913  3.6425  0.840    7  0.000  0.343    44.30    29.80    20.53    15.09    12.45  4    -1e-30      0.00 7.438e-01 2.542e-01 2.134e-04 2.765e-04 8.282e-04 -1.000 1.961e-03 -5.013 -0.721 3.311 1.784 -1.105 -1.943 -2.477 -2.942 -3.460 -4.399 -4.563 -4.794 -4.946 -5.213 -5.280 -5.628 -5.648 -5.897
0.0019443 -0.90000 7.80000 6.2061433792 2.6189335019    6.204  3.915  3.6423  0.837    7  0.000  0.343    44.54    29.93    20.62    15.16    12.50  4    -1e-30      0.00 7.438e-01 2.542e-01 2.134e-04 2.765e-04 8.282e-04 -1.000 1.961e-03 -5.017 -0.724 3.314 1.789 -1.103 -1.941 -2.476 -2.943 -3.461 -4.401 -4.566 -4.797 -4.950 -5.217 -5.283 -5.632 -5.652 -5.902
0.0019443 -0.90000 7.80000 6.2062091827 2.6189337087    6.205  3.917  3.6422  0.835    7  0.000  0.343    44.78    30.06    20.71    15.22    12.56  4    -1e-30      0.00 7.438e-01 2.542e-01 2.134e-04 2.765e-04 8.282e-04 -1.000 1.961e-03 -5.022 -0.728 3.316 1.793 -1.102 -1.940 -2.477 -2.945 -3.463 -4.405 -4.569 -4.801 -4.953 -5.221 -5.287 -5.637 -5.656 -5.906
0.0019443 -0.90000 7.80000 6.2064471245 2.6189344565    6.205  3.919  3.6422  0.833    7  0.000  0.343    44.99    30.18    20.78    15.28    12.60  4    -1e-30      0.00 7.438e-01 2.542e-01 2.134e-04 2.765e-04 8.282e-04 -1.000 1.961e-03 -5.027 -0.733 3.313 1.791 -1.105 -1.944 -2.481 -2.949 -3.468 -4.410 -4.574 -4.806 -4.959 -5.226 -5.293 -5.642 -5.661 -5.911
0.0019443 -0.90000 7.80000 6.2076148987 2.6189381256    6.206  3.913  3.6424  0.839    7  0.000  0.343    44.32    29.81    20.54    15.10    12.45  4    -1e-30      0.00 7.438e-01 2.542e-01 2.134e-04 2.765e-04 8.282e-04 -1.000 1.961e-03 -5.012 -0.719 3.317 1.790 -1.101 -1.939 -2.473 -2.939 -3.457 -4.397 -4.561 -4.792 -4.945 -5.212 -5.279 -5.627 -5.647 -5.896
0.0019443 -0.90000 7.80000 6.2081737518 2.6189398809    6.206  3.952  3.6380  0.783    7  0.000  0.343    50.18    33.02    22.65    16.67    13.76  4    -1e-30      0.00 7.438e-01 2.542e-01 2.134e-04 2.765e-04 8.282e-04 -1.000 1.961e-03 -5.111 -0.793 3.375 1.908 -1.054 -1.898 -2.465 -2.954 -3.490 -4.457 -4.625 -4.863 -5.018 -5.291 -5.360 -5.716 -5.736 -5.993
0.0019443 -0.90000 7.80000 6.2086262703 2.6189413020    6.207  3.988  3.6343  0.732    7  0.000  0.343    56.08    36.20    24.73    18.22    15.04  4    -1e-30      0.00 7.438e-01 2.542e-01 2.134e-04 2.765e-04 8.282e-04 -1.000 1.961e-03 -5.200 -0.861 3.402 2.002 -1.017 -1.864 -2.459 -2.968 -3.520 -4.511 -4.683 -4.926 -5.084 -5.363 -5.433 -5.797 -5.817 -6.080
0.0019443 -0.90000 7.80000 6.2091622353 2.6189429848    6.208  4.025  3.6306  0.680    7  0.000  0.343    62.85    39.77    27.05    19.97    16.48  4    -1e-30      0.00 7.438e-01 2.542e-01 2.134e-04 2.765e-04 8.282e-04 -1.000 1.961e-03 -5.293 -0.932 3.425 2.095 -0.981 -1.831 -2.454 -2.983 -3.552 -4.568 -4.743 -4.993 -5.153 -5.437 -5.510 -5.880 -5.901 -6.170
0.0019443 -0.90000 7.80000 6.2099423409 2.6189454335    6.208  4.072  3.6261  0.616    7  0.000  0.343    72.38    44.69    30.24    22.35    18.46  4    -1e-30      0.00 7.438e-01 2.542e-01 2.132e-04 2.768e-04 8.280e-04 -1.000 1.959e-03 -5.409 -1.021 3.435 2.199 -0.941 -1.793 -2.449 -3.002 -3.591 -4.637 -4.816 -5.074 -5.237 -5.529 -5.604 -5.983 -6.005 -6.281
0.0019443 -0.90000 7.80000 6.2107281685 2.6189478995    6.209  4.112  3.6223  0.560    7  0.000  0.343    81.74    49.41    33.28    24.64    20.35  3    -1e-30      0.00 7.437e-01 2.543e-01 2.128e-04 2.779e-04 8.272e-04 -1.000 1.961e-03 -5.510 -1.099 3.436 2.280 -0.911 -1.765 -2.447 -3.021 -3.627 -4.699 -4.882 -5.146 -5.311 -5.609 -5.686 -6.073 -6.096 -6.378
0.0019443 -0.90000 7.80000 6.2116703987 2.6189508554    6.210  4.156  3.6181  0.500    7  0.000  0.342    93.32    55.12    36.95    27.40    22.64  3    -1e-30      0.00 7.426e-01 2.554e-01 2.102e-04 2.885e-04 8.185e-04 -1.000 1.965e-03 -5.620 -1.183 3.428 2.365 -0.879 -1.733 -2.443 -3.039 -3.664 -4.763 -4.950 -5.222 -5.390 -5.695 -5.775 -6.171 -6.194 -6.483
0.0019443 -0.90000 7.80000 6.2126126289 2.6189538102    6.211  4.199  3.6142  0.441    7  0.000  0.342   106.02    61.24    40.85    30.34    25.08  3    -1e-30      0.00 7.408e-01 2.573e-01 2.072e-04 3.021e-04 8.072e-04 -1.000 1.959e-03 -5.727 -1.264 3.404 2.437 -0.853 -1.706 -2.428 -3.044 -3.690 -4.821 -5.012 -5.292 -5.464 -5.776 -5.859 -6.264 -6.289 -6.585
0.0019443 -0.90000 7.80000 6.2134823799 2.6189565368    6.212  4.242  3.6103  0.383    7  0.000  0.342   120.57    68.10    45.21    33.63    27.80  3    -1e-30      0.00 7.389e-01 2.592e-01 2.049e-04 3.132e-04 7.979e-04 -1.000 1.979e-03 -5.835 -1.346 3.374 2.504 -0.831 -1.682 -2.412 -3.048 -3.715 -4.879 -5.074 -5.363 -5.537 -5.858 -5.943 -6.359 -6.384 -6.688
0.0019443 -0.90000 7.80000 6.2142434120 2.6189589219    6.213  4.287  3.6063  0.322    7  0.000  0.342   137.69    75.99    50.20    37.41    30.93  3    -1e-30      0.00 7.370e-01 2.610e-01 2.028e-04 3.227e-04 7.899e-04 -1.000 2.021e-03 -5.946 -1.431 3.335 2.563 -0.814 -1.661 -2.395 -3.051 -3.739 -4.936 -5.135 -5.434 -5.611 -5.941 -6.029 -6.456 -6.482 -6.794
0.0019443 -0.90000 7.80000 6.2149515152 2.6189611405    6.213  4.332  3.6021  0.260    7  0.000  0.342   157.78    85.03    55.90    41.72    34.50  3    -1e-30      0.00 7.331e-01 2.649e-01 2.004e-04 3.338e-04 7.806e-04 -1.000 2.005e-03 -6.060 -1.516 3.296 2.623 -0.795 -1.638 -2.375 -3.050 -3.761 -4.993 -5.196 -5.505 -5.685 -6.024 -6.116 -6.554 -6.580 -6.901
0.0019443 -0.90000 7.80000 6.2153143883 2.6189622772    6.214  4.346  3.6010  0.241    7  0.000  0.342   164.41    87.96    57.74    43.11    35.66  3    -1e-30      0.00 7.269e-01 2.712e-01 1.982e-04 3.445e-04 7.717e-04 -1.000 1.963e-03 -6.096 -1.544 3.280 2.636 -0.794 -1.636 -2.373 -3.054 -3.771 -5.013 -5.218 -5.529 -5.710 -6.051 -6.144 -6.585 -6.612 -6.935
