 Zini     MH   logAge Mini        int_IMF         Mass   logL    logTe  logg  label   McoreTP C_O  period0  period1  period2  period3  period4  pmode  Mloss  tau1m   X   Y   Xc  Xn  Xo  Cexcess  Z 	 mbolmag  F170Wmag  F218Wmag  F255Wmag  F300Wmag  F336Wmag  F380Wmag  F439Wmag  F450Wmag  F555Wmag  F569Wmag  F606Wmag  F622Wmag  F675Wmag  F702Wmag  F791Wmag  F814Wmag  F850LPmag
0.0030686 -0.70000 9.75000 0.0900000036 1.0816895926    0.090 -3.289  3.4215  5.320    1  0.000  0.545     0.00     0.00     0.00     0.00     0.00 -1 -4.71e-17      0.00 7.414e-01 2.554e-01 5.817e-04 1.569e-04 1.423e-03 -1.000 3.235e-03 12.993 18.245 23.158 23.893 19.948 19.907 21.066 19.995 18.925 17.372 17.150 16.546 16.417 15.369 14.516 13.072 12.935 12.056
0.0030686 -0.70000 9.75000 0.0984079018 1.1576677431    0.098 -3.106  3.4472  5.277    1  0.000  0.545     0.00     0.00     0.00     0.00     0.00 -1 -7.23e-17      0.00 7.410e-01 2.557e-01 5.817e-04 1.569e-04 1.423e-03 -1.000 3.235e-03 12.534 17.633 22.555 23.187 19.186 18.884 19.479 18.511 17.627 16.142 15.928 15.399 15.254 14.381 13.698 12.409 12.307 11.544
0.0030686 -0.70000 9.75000 0.0996865481 1.1684826845    0.100 -3.079  3.4510  5.271    1  0.000  0.545     0.00     0.00     0.00     0.00     0.00 -1 -7.69e-17      0.00 7.410e-01 2.558e-01 5.817e-04 1.569e-04 1.423e-03 -1.000 3.235e-03 12.468 17.545 22.467 23.077 19.072 18.735 19.259 18.305 17.444 15.968 15.754 15.237 15.089 14.241 13.581 12.316 12.218 11.471
0.0030686 -0.70000 9.75000 0.1190596223 1.3130860414    0.119 -2.810  3.4836  5.210    1  0.000  0.545     0.00     0.00     0.00     0.00     0.00 -1  -1.4e-16      0.00 7.402e-01 2.566e-01 5.817e-04 1.569e-04 1.423e-03 -1.000 3.235e-03 11.796 16.685 21.600 21.860 17.909 17.298 17.300 16.494 15.812 14.392 14.181 13.755 13.583 12.950 12.490 11.444 11.376 10.769
0.0030686 -0.70000 9.75000 0.1384327114 1.4299370102    0.138 -2.626  3.5027  5.168    1  0.000  0.545     0.00     0.00     0.00     0.00     0.00 -1 -2.08e-16      0.00 7.396e-01 2.572e-01 5.817e-04 1.569e-04 1.423e-03 -1.000 3.235e-03 11.336 16.119 21.009 20.945 17.111 16.390 16.196 15.474 14.868 13.492 13.282 12.896 12.713 12.180 11.816 10.897 10.841 10.305
0.0030686 -0.70000 9.75000 0.1578058004 1.5272545334    0.158 -2.486  3.5154  5.135    1  0.000  0.545     0.00     0.00     0.00     0.00     0.00 -1  -2.8e-16      0.00 7.390e-01 2.577e-01 5.817e-04 1.569e-04 1.423e-03 -1.000 3.235e-03 10.984 15.701 20.561 20.242 16.526 15.754 15.464 14.794 14.228 12.890 12.682 12.315 12.128 11.644 11.337 10.499 10.450 9.957
0.0030686 -0.70000 9.75000 0.1636382937 1.5535503797    0.163 -2.451  3.5182  5.127    1  0.000  0.545     0.00     0.00     0.00     0.00     0.00 -1 -3.01e-16      0.00 7.389e-01 2.579e-01 5.817e-04 1.569e-04 1.423e-03 -1.000 3.235e-03 10.897 15.599 20.452 20.074 16.387 15.605 15.298 14.638 14.080 12.751 12.544 12.179 11.991 11.518 11.222 10.402 10.354 9.870
0.0030686 -0.70000 9.75000 0.1965519786 1.6820487999    0.196 -2.273  3.5321  5.084    1  0.000  0.545     0.00     0.00     0.00     0.00     0.00 -1 -4.35e-16      0.00 7.381e-01 2.587e-01 5.817e-04 1.569e-04 1.423e-03 -1.000 3.235e-03 10.452 15.089 19.890 19.243 15.686 14.869 14.494 13.883 13.365 12.086 11.883 11.533 11.343 10.909 10.661 9.918 9.875 9.430
0.0030686 -0.70000 9.75000 0.2321189344 1.7927057804    0.232 -2.121  3.5419  5.044    1  0.000  0.545     0.00     0.00     0.00     0.00     0.00 -1 -5.94e-16      0.00 7.376e-01 2.592e-01 5.817e-04 1.569e-04 1.423e-03 -1.000 3.235e-03 10.073 14.666 19.422 18.595 15.129 14.295 13.886 13.306 12.813 11.572 11.373 11.030 10.840 10.428 10.209 9.517 9.477 9.056
0.0030686 -0.70000 9.75000 0.2449847013 1.8274270256    0.244 -2.072  3.5451  5.031    1  0.000  0.545     0.00     0.00     0.00     0.00     0.00 -1 -6.57e-16      0.00 7.374e-01 2.593e-01 5.817e-04 1.569e-04 1.423e-03 -1.000 3.235e-03 9.950 14.529 19.270 18.387 14.949 14.112 13.694 13.123 12.638 11.409 11.211 10.870 10.680 10.274 10.064 9.387 9.348 8.935
0.0030686 -0.70000 9.75000 0.2934174240 1.9395402136    0.293 -1.911  3.5543  4.985    1  0.000  0.545     0.00     0.00     0.00     0.00     0.00 -1 -9.15e-16      0.00 7.371e-01 2.596e-01 5.817e-04 1.570e-04 1.423e-03 -1.000 3.235e-03 9.548 14.089 18.780 17.741 14.388 13.542 13.102 12.556 12.091 10.897 10.702 10.367 10.178 9.787 9.601 8.969 8.932 8.541
0.0030686 -0.70000 9.75000 0.3269047439 2.0038546075    0.326 -1.811  3.5597  4.953    1  0.000  0.545     0.00     0.00     0.00     0.00     0.00 -1 -1.13e-15      0.00 7.403e-01 2.565e-01 5.817e-04 1.569e-04 1.423e-03 -1.000 3.235e-03 9.297 13.817 18.476 17.351 14.048 13.197 12.748 12.215 11.759 10.585 10.392 10.060 9.871 9.489 9.316 8.710 8.674 8.294
0.0030686 -0.70000 9.75000 0.3418501019 2.0298541757    0.341 -1.769  3.5619  4.940    1  0.000  0.545     0.00     0.00     0.00     0.00     0.00 -1 -1.24e-15      0.00 7.414e-01 2.554e-01 5.817e-04 1.569e-04 1.423e-03 -1.000 3.235e-03 9.192 13.704 18.348 17.187 13.908 13.056 12.603 12.076 11.623 10.457 10.265 9.934 9.745 9.366 9.199 8.603 8.567 8.192
0.0030686 -0.70000 9.75000 0.3902828395 2.1048988427    0.390 -1.622  3.5723  4.893    1  0.000  0.545     0.00     0.00     0.00     0.00     0.00 -1 -1.72e-15      0.00 7.422e-01 2.546e-01 5.817e-04 1.569e-04 1.423e-03 -1.000 3.235e-03 8.826 13.300 17.873 16.557 13.376 12.520 12.061 11.554 11.115 9.986 9.798 9.472 9.284 8.919 8.774 8.224 8.191 7.837
0.0030686 -0.70000 9.75000 0.3957614303 2.1126220374    0.395 -1.603  3.5739  4.886    1  0.000  0.545     0.00     0.00     0.00     0.00     0.00 -1  -1.8e-15      0.00 7.422e-01 2.546e-01 5.817e-04 1.569e-04 1.423e-03 -1.000 3.235e-03 8.779 13.247 17.810 16.476 13.304 12.447 11.988 11.484 11.048 9.924 9.737 9.412 9.224 8.861 8.719 8.175 8.142 7.791
0.0030686 -0.70000 9.75000 0.4387155771 2.1687189900    0.438 -1.463  3.5858  4.838    1  0.000  0.545     0.00     0.00     0.00     0.00     0.00 -1 -2.49e-15      0.00 7.422e-01 2.546e-01 5.817e-04 1.569e-04 1.423e-03 -1.000 3.235e-03 8.428 12.857 17.329 15.848 12.763 11.904 11.454 10.970 10.549 9.469 9.288 8.970 8.785 8.436 8.314 7.813 7.782 7.452
0.0030686 -0.70000 9.75000 0.4871482849 2.2239800449    0.487 -1.289  3.6045  4.785    1  0.000  0.545     0.00     0.00     0.00     0.00     0.00 -1 -3.75e-15      0.00 7.422e-01 2.546e-01 5.817e-04 1.569e-04 1.423e-03 -1.000 3.235e-03 7.993 12.363 16.693 15.018 12.020 11.159 10.747 10.290 9.896 8.890 8.719 8.419 8.239 7.913 7.812 7.365 7.337 7.036
0.0030686 -0.70000 9.75000 0.5355810523 2.2713497283    0.535 -1.101  3.6304  4.741    1  0.000  0.545     0.00     0.00     0.00     0.00     0.00 -1  -5.8e-15      0.00 7.538e-01 2.431e-01 5.537e-04 1.494e-04 1.356e-03 -1.000 3.096e-03 7.522 11.814 15.868 13.960 11.092 10.234 9.918 9.488 9.134 8.239 8.086 7.816 7.645 7.354 7.274 6.885 6.861 6.596
0.0030686 -0.70000 9.75000 0.5526087880 2.2858064362    0.552 -1.034  3.6411  4.731    1  0.000  0.545     0.00     0.00     0.00     0.00     0.00 -1 -6.73e-15      0.00 7.560e-01 2.410e-01 5.504e-04 1.485e-04 1.347e-03 -1.000 3.059e-03 7.356 11.611 15.506 13.508 10.712 9.856 9.600 9.181 8.844 7.997 7.853 7.597 7.431 7.155 7.082 6.716 6.694 6.443
0.0030686 -0.70000 9.75000 0.5840137005 2.3099442816    0.583 -0.916  3.6600  4.712    1  0.000  0.545     0.00     0.00     0.00     0.00     0.00 -1 -8.77e-15      0.00 7.601e-01 2.369e-01 5.441e-04 1.468e-04 1.332e-03 -1.000 2.996e-03 7.061 11.237 14.893 12.657 9.967 9.125 8.997 8.620 8.317 7.564 7.435 7.208 7.053 6.807 6.742 6.413 6.394 6.170
0.0030686 -0.70000 9.75000 0.6324464083 2.3418217577    0.632 -0.741  3.6893  4.689    1  0.000  0.544     0.00     0.00     0.00     0.00     0.00 -1  -1.3e-14      0.00 7.629e-01 2.341e-01 5.389e-04 1.455e-04 1.320e-03 -1.000 3.010e-03 6.622 10.663 13.339 10.930 8.832 8.088 8.136 7.860 7.590 6.957 6.843 6.656 6.522 6.307 6.254 5.969 5.954 5.764
0.0030686 -0.70000 9.75000 0.6541287303 2.3543462375    0.654 -0.665  3.7016  4.677    1  0.000  0.544     0.00     0.00     0.00     0.00     0.00 -1 -1.54e-14      0.00 7.644e-01 2.325e-01 5.362e-04 1.448e-04 1.314e-03 -1.000 3.016e-03 6.432 10.411 12.530 10.253 8.380 7.685 7.796 7.565 7.307 6.714 6.605 6.430 6.306 6.100 6.051 5.780 5.766 5.590
0.0030686 -0.70000 9.75000 0.6808791757 2.3685413071    0.680 -0.573  3.7165  4.662    1  0.000  0.544     0.00     0.00     0.00     0.00     0.00 -1  -1.9e-14      0.00 7.664e-01 2.306e-01 5.330e-04 1.439e-04 1.306e-03 -1.000 2.984e-03 6.203 10.095 11.443 9.482 7.852 7.218 7.402 7.222 6.978 6.432 6.328 6.168 6.053 5.860 5.814 5.559 5.547 5.385
0.0030686 -0.70000 9.75000 0.7001356483 2.3779911826    0.700 -0.508  3.7267  4.650    1  0.000  0.542     0.00     0.00     0.00     0.00     0.00 -1  -2.2e-14      0.00 7.681e-01 2.290e-01 5.277e-04 1.430e-04 1.299e-03 -1.000 2.939e-03 6.041 9.864 10.732 8.997 7.509 6.913 7.138 6.990 6.758 6.240 6.139 5.989 5.879 5.693 5.650 5.405 5.394 5.243
0.0030686 -0.70000 9.75000 0.7212507725 2.3876890363    0.721 -0.438  3.7375  4.636    1  0.000  0.540     0.00     0.00     0.00     0.00     0.00 -1 -2.59e-14      0.00 7.699e-01 2.271e-01 5.219e-04 1.420e-04 1.291e-03 -1.000 2.963e-03 5.866 9.601 10.022 8.510 7.156 6.597 6.862 6.747 6.527 6.039 5.941 5.799 5.695 5.517 5.476 5.241 5.231 5.090
0.0030686 -0.70000 9.75000 0.7299686670 2.3915053499    0.729 -0.410  3.7419  4.630    1  0.000  0.539     0.00     0.00     0.00     0.00     0.00 -1 -2.77e-14      0.00 7.707e-01 2.263e-01 5.195e-04 1.416e-04 1.287e-03 -1.000 2.954e-03 5.795 9.489 9.744 8.317 7.016 6.474 6.753 6.649 6.434 5.957 5.861 5.723 5.621 5.446 5.406 5.175 5.166 5.028
0.0030686 -0.70000 9.75000 0.7485468984 2.3992980911    0.748 -0.349  3.7503  4.614    1  0.000  0.538     0.00     0.00     0.00     0.00     0.00 -1  -3.2e-14      0.00 7.729e-01 2.242e-01 5.148e-04 1.405e-04 1.277e-03 -1.000 2.903e-03 5.643 9.251 9.210 7.934 6.744 6.234 6.535 6.453 6.245 5.790 5.696 5.565 5.467 5.298 5.259 5.037 5.028 4.899
0.0030686 -0.70000 9.75000 0.7729750872 2.4088919135    0.772 -0.270  3.7609  4.592    1  0.000  0.537     0.00     0.00     0.00     0.00     0.00 -1 -3.88e-14      0.00 7.759e-01 2.212e-01 5.083e-04 1.389e-04 1.263e-03 -1.000 2.842e-03 5.446 8.926 8.577 7.467 6.402 5.930 6.256 6.198 6.003 5.575 5.485 5.362 5.268 5.107 5.071 4.859 4.852 4.731
0.0030686 -0.70000 9.75000 0.7790581584 2.4111736091    0.778 -0.251  3.7634  4.586    1  0.000  0.537     0.00     0.00     0.00     0.00     0.00 -1 -4.07e-14      0.00 7.767e-01 2.204e-01 5.066e-04 1.385e-04 1.259e-03 -1.000 2.834e-03 5.397 8.840 8.432 7.356 6.321 5.858 6.188 6.136 5.944 5.522 5.434 5.312 5.220 5.061 5.025 4.816 4.808 4.690
0.0030686 -0.70000 9.75000 0.7907117009 2.4154321830    0.790 -0.213  3.7677  4.571    1  0.000  0.536     0.00     0.00     0.00     0.00     0.00 -1 -4.47e-14      0.00 7.788e-01 2.183e-01 5.026e-04 1.374e-04 1.250e-03 -1.000 2.833e-03 5.303 8.684 8.182 7.161 6.173 5.727 6.064 6.021 5.833 5.423 5.336 5.217 5.127 4.971 4.936 4.731 4.724 4.610
0.0030686 -0.70000 9.75000 0.8074165583 2.4212907953    0.806 -0.159  3.7736  4.550    1  0.000  0.536     0.00     0.00     0.00     0.00     0.00 -1 -5.13e-14      0.00 7.820e-01 2.151e-01 4.964e-04 1.358e-04 1.235e-03 -1.000 2.816e-03 5.168 8.459 7.845 6.892 5.967 5.541 5.889 5.857 5.677 5.282 5.198 5.083 4.995 4.844 4.810 4.610 4.604 4.495
0.0030686 -0.70000 9.75000 0.8234148622 2.4266461059    0.822 -0.108  3.7790  4.529    1  0.000  0.536     0.00     0.00     0.00     0.00     0.00 -1 -5.86e-14      0.00 7.854e-01 2.119e-01 4.900e-04 1.341e-04 1.220e-03 -1.000 2.779e-03 5.039 8.243 7.538 6.645 5.773 5.366 5.724 5.701 5.528 5.148 5.066 4.955 4.869 4.722 4.689 4.494 4.488 4.384
0.0030686 -0.70000 9.75000 0.8281476498 2.4281848334    0.827 -0.092  3.7805  4.522    1  0.000  0.535     0.00     0.00     0.00     0.00     0.00 -1  -6.1e-14      0.00 7.864e-01 2.108e-01 4.881e-04 1.335e-04 1.215e-03 -1.000 2.759e-03 5.001 8.179 7.451 6.574 5.718 5.316 5.675 5.656 5.484 5.109 5.027 4.917 4.832 4.686 4.653 4.460 4.454 4.351
0.0030686 -0.70000 9.75000 0.8354195356 2.4305100503    0.834 -0.069  3.7827  4.511    1  0.000  0.535     0.00     0.00     0.00     0.00     0.00 -1 -6.49e-14      0.00 7.886e-01 2.086e-01 4.839e-04 1.324e-04 1.205e-03 -1.000 2.725e-03 4.942 8.082 7.331 6.475 5.640 5.246 5.604 5.587 5.418 5.048 4.967 4.858 4.775 4.630 4.598 4.407 4.401 4.300
0.0030686 -0.70000 9.75000 0.8525728583 2.4358146375    0.851 -0.013  3.7877  4.484    1  0.000  0.535     0.00     0.00     0.00     0.00     0.00 -1 -7.54e-14      0.00 7.942e-01 2.031e-01 4.734e-04 1.296e-04 1.180e-03 -1.000 2.678e-03 4.803 7.853 7.053 6.245 5.455 5.078 5.435 5.423 5.261 4.904 4.825 4.719 4.638 4.497 4.466 4.280 4.274 4.177
0.0030686 -0.70000 9.75000 0.8680523634 2.4403952314    0.867  0.038  3.7919  4.458    1  0.000  0.535     0.00     0.00     0.00     0.00     0.00 -1 -8.65e-14      0.00 7.995e-01 1.978e-01 4.633e-04 1.269e-04 1.155e-03 -1.000 2.642e-03 4.676 7.649 6.815 6.045 5.293 4.930 5.283 5.276 5.119 4.773 4.696 4.593 4.514 4.376 4.346 4.164 4.158 4.065
0.0030686 -0.70000 9.75000 0.8772370815 2.4430254061    0.876  0.068  3.7943  4.442    1  0.000  0.534     0.00     0.00     0.00     0.00     0.00 -1  -9.4e-14      0.00 8.028e-01 1.946e-01 4.570e-04 1.252e-04 1.140e-03 -1.000 2.600e-03 4.600 7.527 6.678 5.929 5.197 4.842 5.194 5.188 5.035 4.695 4.618 4.518 4.439 4.303 4.273 4.094 4.089 3.997
0.0030686 -0.70000 9.75000 0.8972550631 2.4485438742    0.896  0.136  3.7995  4.404    1  0.000  0.534     0.00     0.00     0.00     0.00     0.00 -1 -1.13e-13      0.00 8.072e-01 1.903e-01 4.508e-04 1.236e-04 1.126e-03 -1.000 2.550e-03 4.431 7.263 6.383 5.678 4.989 4.651 4.996 4.995 4.848 4.521 4.447 4.350 4.274 4.142 4.113 3.938 3.934 3.846
0.0030686 -0.70000 9.75000 0.9173256755 2.4537997013    0.916  0.205  3.8044  4.364    1  0.000  0.533     0.00     0.00     0.00     0.00     0.00 -1 -1.38e-13      0.00 8.108e-01 1.867e-01 4.466e-04 1.225e-04 1.117e-03 -1.000 2.512e-03 4.256 6.992 6.100 5.434 4.783 4.460 4.796 4.797 4.656 4.342 4.270 4.177 4.102 3.975 3.947 3.777 3.773 3.689
0.0030686 -0.70000 9.75000 0.9263266325 2.4560718604    0.925  0.238  3.8065  4.344    1  0.000  0.533     0.00     0.00     0.00     0.00     0.00 -1 -1.51e-13      0.00 8.121e-01 1.854e-01 4.454e-04 1.222e-04 1.115e-03 -1.000 2.503e-03 4.175 6.871 5.974 5.325 4.689 4.373 4.704 4.705 4.567 4.259 4.188 4.096 4.022 3.896 3.869 3.701 3.697 3.615
0.0030686 -0.70000 9.75000 0.9349622726 2.4582045781    0.933  0.269  3.8086  4.325    1  0.000  0.533     0.00     0.00     0.00     0.00     0.00 -1 -1.65e-13      0.00 8.121e-01 1.854e-01 4.465e-04 1.225e-04 1.118e-03 -1.000 2.516e-03 4.097 6.753 5.853 5.220 4.599 4.290 4.615 4.618 4.482 4.179 4.109 4.018 3.946 3.822 3.794 3.629 3.625 3.545
0.0030686 -0.70000 9.75000 0.9507408738 2.4619865390    0.949  0.327  3.8121  4.288    1  0.000  0.532     0.00     0.00     0.00     0.00     0.00 -1 -1.95e-13      0.00 8.119e-01 1.855e-01 4.487e-04 1.232e-04 1.124e-03 -1.000 2.535e-03 3.952 6.544 5.643 5.035 4.438 4.139 4.453 4.456 4.325 4.030 3.962 3.873 3.803 3.681 3.655 3.493 3.489 3.412
0.0030686 -0.70000 9.75000 0.9656060934 2.4654198455    0.964  0.382  3.8147  4.251    1  0.000  0.532     0.00     0.00     0.00     0.00     0.00 -1  -2.3e-13      0.00 8.116e-01 1.858e-01 4.509e-04 1.239e-04 1.130e-03 -1.000 2.546e-03 3.815 6.361 5.463 4.873 4.292 4.001 4.304 4.307 4.179 3.891 3.823 3.737 3.667 3.548 3.522 3.363 3.359 3.284
0.0030686 -0.70000 9.75000 0.9754160643 2.4676197829    0.974  0.419  3.8161  4.224    1  0.000  0.532     0.00     0.00     0.00     0.00     0.00 -1 -2.57e-13      0.00 8.114e-01 1.861e-01 4.524e-04 1.243e-04 1.134e-03 -1.000 2.555e-03 3.722 6.243 5.348 4.767 4.195 3.908 4.203 4.206 4.080 3.795 3.728 3.643 3.574 3.456 3.430 3.273 3.269 3.195
0.0030686 -0.70000 9.75000 0.9773144126 2.4680396365    0.976  0.427  3.8164  4.218    1  0.000  0.532     0.00     0.00     0.00     0.00     0.00 -1 -2.62e-13      0.00 8.114e-01 1.860e-01 4.524e-04 1.243e-04 1.134e-03 -1.000 2.555e-03 3.704 6.220 5.325 4.746 4.176 3.889 4.184 4.186 4.060 3.777 3.710 3.625 3.556 3.438 3.412 3.255 3.252 3.178
0.0030686 -0.70000 9.75000 0.9861443639 2.4699681293    0.984  0.462  3.8176  4.191    1  0.000  0.532     0.00     0.00     0.00     0.00     0.00 -1  -2.9e-13      0.00 8.104e-01 1.870e-01 4.544e-04 1.248e-04 1.139e-03 -1.000 2.595e-03 3.614 6.110 5.217 4.646 4.084 3.800 4.088 4.090 3.966 3.685 3.619 3.535 3.466 3.350 3.324 3.169 3.165 3.092
0.0030686 -0.70000 9.75000 0.9968597889 2.4722557279    0.995  0.508  3.8186  4.154    1  0.000  0.532     0.00     0.00     0.00     0.00     0.00 -1 -3.32e-13      0.00 8.082e-01 1.891e-01 4.583e-04 1.258e-04 1.148e-03 -1.000 2.609e-03 3.499 5.978 5.088 4.525 3.969 3.689 3.967 3.969 3.846 3.568 3.503 3.419 3.352 3.236 3.211 3.056 3.053 2.981
0.0030686 -0.70000 9.75000 0.9976032972 2.4724123615    0.996  0.512  3.8187  4.151    1  0.000  0.532     0.00     0.00     0.00     0.00     0.00 -1 -3.35e-13      0.00 8.081e-01 1.893e-01 4.585e-04 1.259e-04 1.149e-03 -1.000 2.611e-03 3.491 5.969 5.079 4.516 3.961 3.681 3.959 3.960 3.837 3.560 3.494 3.411 3.343 3.228 3.203 3.048 3.045 2.973
0.0030686 -0.70000 9.75000 0.9990281463 2.4727117827    0.997  0.518  3.8187  4.146    1  0.000  0.532     0.00     0.00     0.00     0.00     0.00 -1 -3.42e-13      0.00 8.078e-01 1.896e-01 4.590e-04 1.261e-04 1.150e-03 -1.000 2.613e-03 3.475 5.952 5.063 4.501 3.945 3.665 3.942 3.943 3.821 3.543 3.478 3.395 3.327 3.212 3.186 3.032 3.029 2.956
0.0030686 -0.70000 9.75000 1.0082863569 2.4746336438    1.006  0.561  3.8187  4.106    1  0.000  0.532     0.00     0.00     0.00     0.00     0.00 -1 -3.89e-13      0.00 8.060e-01 1.914e-01 4.624e-04 1.270e-04 1.158e-03 -1.000 2.626e-03 3.367 5.847 4.961 4.399 3.844 3.564 3.833 3.833 3.711 3.435 3.369 3.286 3.219 3.103 3.078 2.924 2.921 2.848
0.0030686 -0.70000 9.75000 1.0166944265 2.4763441963    1.015  0.603  3.8175  4.063    1  0.000  0.532     0.00     0.00     0.00     0.00     0.00 -1 -4.44e-13      0.00 8.044e-01 1.930e-01 4.653e-04 1.278e-04 1.165e-03 -1.000 2.639e-03 3.262 5.764 4.880 4.313 3.751 3.469 3.731 3.730 3.607 3.329 3.263 3.180 3.112 2.996 2.971 2.816 2.812 2.739
0.0030686 -0.70000 9.75000 1.0245054960 2.4779043972    1.022  0.645  3.8152  4.016    1  0.000  0.532     0.00     0.00     0.00     0.00     0.00 -1  -5.1e-13      0.00 8.028e-01 1.945e-01 4.681e-04 1.285e-04 1.172e-03 -1.000 2.650e-03 3.158 5.702 4.821 4.241 3.665 3.378 3.635 3.633 3.508 3.226 3.159 3.074 3.006 2.888 2.863 2.706 2.702 2.627
0.0030686 -0.70000 9.75000 1.0247508287 2.4779529576    1.023  0.646  3.8152  4.014    1  0.000  0.532     0.00     0.00     0.00     0.00     0.00 -1 -5.13e-13      0.00 8.028e-01 1.945e-01 4.682e-04 1.285e-04 1.172e-03 -1.000 2.650e-03 3.155 5.700 4.819 4.238 3.663 3.375 3.632 3.630 3.505 3.222 3.156 3.071 3.002 2.885 2.859 2.702 2.699 2.623
0.0030686 -0.70000 9.75000 1.0263758898 2.4782739435    1.024  0.655  3.8145  4.003    1  0.000  0.532     0.00     0.00     0.00     0.00     0.00 -1 -5.31e-13      0.00 8.025e-01 1.949e-01 4.687e-04 1.287e-04 1.174e-03 -1.000 2.653e-03 3.132 5.689 4.809 4.224 3.645 3.356 3.612 3.609 3.483 3.200 3.133 3.048 2.979 2.861 2.835 2.678 2.674 2.598
0.0030686 -0.70000 9.75000 1.0277090073 2.4785363926    1.026  0.663  3.8137  3.993    1  0.000  0.532     0.00     0.00     0.00     0.00     0.00 -1 -5.47e-13      0.00 8.022e-01 1.951e-01 4.692e-04 1.288e-04 1.175e-03 -1.000 2.656e-03 3.112 5.685 4.805 4.216 3.631 3.340 3.595 3.592 3.466 3.180 3.113 3.028 2.958 2.840 2.814 2.656 2.652 2.575
0.0030686 -0.70000 9.75000 1.0334346294 2.4796547398    1.031  0.697  3.8092  3.943    2  0.000  0.533     0.00     0.00     0.00     0.00     0.00 -1 -6.17e-13      0.00 8.011e-01 1.962e-01 4.712e-04 1.293e-04 1.179e-03 -1.000 2.666e-03 3.026 5.683 4.808 4.189 3.576 3.273 3.527 3.522 3.392 3.097 3.028 2.940 2.869 2.747 2.720 2.558 2.554 2.474
0.0030686 -0.70000 9.75000 1.0389877558 2.4807258649    1.037  0.732  3.8024  3.884    2  0.000  0.533     0.00     0.00     0.00     0.00     0.00 -1 -7.07e-13      0.00 8.000e-01 1.973e-01 4.731e-04 1.298e-04 1.184e-03 -1.000 2.676e-03 2.941 5.723 4.865 4.198 3.539 3.217 3.472 3.464 3.326 3.017 2.946 2.853 2.779 2.652 2.624 2.455 2.451 2.365
0.0030686 -0.70000 9.75000 1.0429980755 2.4814912515    1.041  0.756  3.7940  3.828    2  0.000  0.533     0.00     0.00     0.00     0.00     0.00 -1 -7.93e-13      0.00 7.983e-01 1.990e-01 4.760e-04 1.306e-04 1.191e-03 -1.000 2.692e-03 2.881 5.810 4.987 4.258 3.539 3.195 3.454 3.441 3.294 2.965 2.890 2.792 2.715 2.581 2.552 2.375 2.369 2.277
0.0030686 -0.70000 9.75000 1.0463378429 2.4821235139    1.044  0.770  3.7829  3.770    2  0.000  0.534     0.00     0.00     0.00     0.00     0.00 -1 -8.72e-13      0.00 7.894e-01 2.078e-01 4.918e-04 1.348e-04 1.228e-03 -1.000 2.789e-03 2.845 5.958 5.204 4.388 3.584 3.208 3.479 3.458 3.298 2.943 2.863 2.758 2.676 2.534 2.502 2.314 2.308 2.207
0.0030686 -0.70000 9.75000 1.0486340523 2.4825555311    1.046  0.771  3.7720  3.726    2  0.000  0.535     0.00     0.00     0.00     0.00     0.00 -1 -9.18e-13      0.00 7.775e-01 2.196e-01 5.111e-04 1.400e-04 1.274e-03 -1.000 2.890e-03 2.841 6.122 5.491 4.574 3.679 3.272 3.542 3.509 3.337 2.954 2.870 2.757 2.671 2.521 2.487 2.288 2.281 2.170
0.0030686 -0.70000 9.75000 1.0503374338 2.4828746084    1.048  0.766  3.7618  3.691    2  0.000  0.536     0.00     0.00     0.00     0.00     0.00 -1 -9.43e-13      0.00 7.658e-01 2.312e-01 5.311e-04 1.453e-04 1.322e-03 -1.000 3.009e-03 2.855 6.280 5.807 4.784 3.793 3.354 3.623 3.578 3.392 2.983 2.895 2.775 2.685 2.527 2.492 2.282 2.275 2.155
0.0030686 -0.70000 9.75000 1.0515263081 2.4830966040    1.049  0.760  3.7537  3.665    2  0.000  0.536     0.00     0.00     0.00     0.00     0.00 -1 -9.57e-13      0.00 7.591e-01 2.378e-01 5.433e-04 1.486e-04 1.351e-03 -1.000 3.094e-03 2.869 6.391 6.082 4.964 3.891 3.429 3.694 3.637 3.442 3.012 2.921 2.796 2.703 2.539 2.501 2.284 2.276 2.148
0.0030686 -0.70000 9.75000 1.0524283648 2.4832646580    1.050  0.760  3.7476  3.641    2  0.000  0.537     0.00     0.00     0.00     0.00     0.00 -1  -9.8e-13      0.00 7.557e-01 2.412e-01 5.497e-04 1.503e-04 1.366e-03 -1.000 3.128e-03 2.870 6.458 6.289 5.093 3.957 3.475 3.738 3.671 3.470 3.025 2.932 2.803 2.707 2.538 2.500 2.276 2.267 2.134
0.0030686 -0.70000 9.75000 1.0535629988 2.4834755716    1.051  0.764  3.7402  3.608    2  0.000  0.537     0.00     0.00     0.00     0.00     0.00 -1 -1.02e-12      0.00 7.526e-01 2.443e-01 5.551e-04 1.517e-04 1.378e-03 -1.000 3.138e-03 2.859 6.522 6.542 5.241 4.025 3.522 3.780 3.701 3.492 3.030 2.934 2.800 2.701 2.527 2.487 2.256 2.246 2.107
0.0030686 -0.70000 9.75000 1.0549006462 2.4837235527    1.052  0.787  3.7335  3.559    2  0.000  0.537     0.00     0.00     0.00     0.00     0.00 -1 -1.14e-12      0.00 7.501e-01 2.468e-01 5.589e-04 1.527e-04 1.388e-03 -1.000 3.152e-03 2.802 6.526 6.771 5.346 4.058 3.536 3.778 3.686 3.468 2.989 2.890 2.752 2.650 2.471 2.430 2.192 2.182 2.035
0.0030686 -0.70000 9.75000 1.0559883118 2.4839246581    1.053  0.817  3.7294  3.513    2  0.000  0.537     0.00     0.00     0.00     0.00     0.00 -1 -1.28e-12      0.00 7.482e-01 2.486e-01 5.610e-04 1.533e-04 1.393e-03 -1.000 3.140e-03 2.728 6.488 6.871 5.370 4.039 3.506 3.737 3.637 3.414 2.925 2.825 2.683 2.580 2.399 2.356 2.114 2.104 1.953
0.0030686 -0.70000 9.75000 1.0565618277 2.4840305075    1.054  0.837  3.7278  3.487    3  0.000  0.537     0.00     0.00     0.00     0.00     0.00 -1 -1.38e-12      0.00 7.472e-01 2.497e-01 5.617e-04 1.535e-04 1.395e-03 -1.000 3.170e-03 2.677 6.450 6.898 5.361 4.012 3.474 3.700 3.597 3.372 2.878 2.778 2.635 2.532 2.349 2.306 2.063 2.052 1.900
0.0030686 -0.70000 9.75000 1.0577130318 2.4842425778    1.055  0.880  3.7249  3.432    3  0.000  0.536     0.00     0.00     0.00     0.00     0.00 -1 -1.62e-12      0.00 7.450e-01 2.518e-01 5.622e-04 1.542e-04 1.398e-03 -1.000 3.208e-03 2.569 6.365 6.933 5.331 3.948 3.402 3.617 3.508 3.279 2.778 2.677 2.532 2.428 2.243 2.199 1.953 1.941 1.786
0.0030686 -0.70000 9.75000 1.0587903261 2.4844405524    1.056  0.926  3.7225  3.378    3  0.000  0.532     0.00     0.00     0.00     0.00     0.00 -1 -1.91e-12      0.00 7.425e-01 2.543e-01 5.583e-04 1.572e-04 1.401e-03 -1.000 3.199e-03 2.455 6.269 6.927 5.277 3.869 3.317 3.523 3.409 3.177 2.670 2.568 2.422 2.317 2.130 2.086 1.837 1.825 1.668
0.0030686 -0.70000 9.75000 1.0597993135 2.4846255546    1.057  0.973  3.7205  3.324    3  0.000  0.522     0.00     0.00     0.00     0.00     0.00 -1 -2.26e-12      0.00 7.400e-01 2.568e-01 5.471e-04 1.671e-04 1.404e-03 -1.000 3.189e-03 2.338 6.167 6.900 5.210 3.781 3.224 3.423 3.305 3.071 2.559 2.456 2.309 2.202 2.014 1.970 1.719 1.707 1.548
0.0030686 -0.70000 9.75000 1.0607248545 2.4847949007    1.058  1.019  3.7187  3.270    3  0.000  0.504     0.00     0.00     0.00     0.00     0.00 -1 -2.67e-12      0.00 7.373e-01 2.595e-01 5.287e-04 1.874e-04 1.405e-03 -1.000 3.198e-03 2.222 6.063 6.872 5.144 3.694 3.132 3.322 3.201 2.964 2.448 2.344 2.196 2.089 1.900 1.855 1.602 1.590 1.429
0.0030686 -0.70000 9.75000 1.0615785122 2.4849507932    1.059  1.065  3.7170  3.218    3  0.000  0.486     0.00     0.00     0.00     0.00     0.00 -1 -3.15e-12      0.00 7.348e-01 2.620e-01 5.095e-04 2.106e-04 1.407e-03 -1.000 3.183e-03 2.107 5.959 6.842 5.076 3.606 3.040 3.222 3.098 2.858 2.337 2.233 2.083 1.976 1.785 1.740 1.486 1.473 1.311
0.0030686 -0.70000 9.75000 1.0624301434 2.4851060287    1.059  1.115  3.7152  3.161    3  0.000  0.469     0.00     0.00     0.00     0.00     0.00 -1 -3.76e-12      0.00 7.323e-01 2.645e-01 4.923e-04 2.322e-04 1.408e-03 -1.000 3.206e-03 1.982 5.846 6.810 5.003 3.511 2.940 3.114 2.986 2.744 2.218 2.113 1.962 1.854 1.662 1.617 1.360 1.348 1.183
0.0030686 -0.70000 9.75000 1.0631409883 2.4852353826    1.060  1.160  3.7135  3.109    3  0.000  0.458     0.00     0.00     0.00     0.00     0.00 -1 -4.42e-12      0.00 7.304e-01 2.664e-01 4.807e-04 2.469e-04 1.409e-03 -1.000 3.209e-03 1.869 5.745 6.783 4.937 3.425 2.850 3.016 2.885 2.641 2.111 2.005 1.853 1.744 1.551 1.505 1.246 1.234 1.067
0.0030686 -0.70000 9.75000 1.0638380051 2.4853620272    1.061  1.209  3.7118  3.054    3  0.000  0.449     0.00     0.00     0.00     0.00     0.00 -1 -5.26e-12      0.00 7.286e-01 2.682e-01 4.717e-04 2.583e-04 1.410e-03 -1.000 3.198e-03 1.749 5.636 6.754 4.867 3.333 2.754 2.913 2.778 2.531 1.996 1.889 1.736 1.627 1.432 1.386 1.125 1.112 0.944
0.0030686 -0.70000 9.75000 1.0644743443 2.4854774804    1.061  1.256  3.7099  2.999    3  0.000  0.442     0.00     0.00     0.00     0.00     0.00 -1 -6.25e-12      0.00 7.271e-01 2.697e-01 4.652e-04 2.667e-04 1.410e-03 -1.000 3.209e-03 1.629 5.530 6.732 4.801 3.244 2.660 2.811 2.673 2.423 1.882 1.775 1.620 1.511 1.315 1.268 1.005 0.992 0.822
0.0030686 -0.70000 9.75000 1.0650496483 2.4855817233    1.062  1.303  3.7080  2.944    3  0.000  0.438     0.00     0.00     0.00     0.00     0.00 -1 -7.41e-12      0.00 7.261e-01 2.707e-01 4.607e-04 2.724e-04 1.410e-03 -1.000 3.222e-03 1.511 5.424 6.726 4.747 3.162 2.572 2.713 2.570 2.317 1.771 1.663 1.507 1.396 1.199 1.151 0.887 0.874 0.701
0.0030686 -0.70000 9.75000 1.0655493736 2.4856721666    1.062  1.348  3.7061  2.893    3  0.000  0.435     0.00     0.00     0.00     0.00     0.00 -1 -8.71e-12      0.00 7.253e-01 2.715e-01 4.576e-04 2.763e-04 1.411e-03 -1.000 3.235e-03 1.400 5.324 6.725 4.698 3.086 2.490 2.621 2.473 2.218 1.667 1.558 1.400 1.289 1.090 1.042 0.775 0.762 0.587
0.0030686 -0.70000 9.75000 1.0660212040 2.4857574717    1.063  1.394  3.7041  2.839    3  0.000  0.432     0.00     0.00     0.00     0.00     0.00 -1 -1.03e-11      0.00 7.247e-01 2.721e-01 4.554e-04 2.792e-04 1.411e-03 -1.000 3.235e-03 1.286 5.222 6.728 4.650 3.008 2.406 2.528 2.375 2.117 1.559 1.450 1.291 1.179 0.978 0.929 0.660 0.647 0.470
0.0030686 -0.70000 9.75000 1.0664485693 2.4858346628    1.063  1.439  3.7021  2.786    3  0.000  0.431     0.00     0.00     0.00     0.00     0.00 -1 -1.21e-11      0.00 7.243e-01 2.724e-01 4.540e-04 2.810e-04 1.411e-03 -1.000 3.219e-03 1.173 5.122 6.733 4.604 2.932 2.324 2.436 2.279 2.017 1.454 1.343 1.183 1.070 0.868 0.819 0.547 0.533 0.354
0.0030686 -0.70000 9.75000 1.0668462515 2.4859064287    1.063  1.484  3.7000  2.732    3  0.000  0.430     0.00     0.00     0.00     0.00     0.00 -1 -1.43e-11      0.00 7.241e-01 2.727e-01 4.531e-04 2.821e-04 1.411e-03 -1.000 3.235e-03 1.059 5.021 6.744 4.560 2.858 2.243 2.345 2.182 1.918 1.348 1.236 1.074 0.961 0.757 0.707 0.433 0.419 0.237
0.0030686 -0.70000 9.75000 1.0671947002 2.4859692593    1.063  1.528  3.6979  2.681    3  0.000  0.430     0.00     0.00     0.00     0.00     0.00 -1 -1.68e-11      0.00 7.240e-01 2.728e-01 4.526e-04 2.827e-04 1.411e-03 -1.000 3.235e-03 0.951 4.925 6.755 4.526 2.790 2.169 2.260 2.092 1.824 1.249 1.136 0.972 0.858 0.652 0.602 0.325 0.311 0.127
0.0030686 -0.70000 9.75000 1.0675332546 2.4860302606    1.064  1.573  3.6957  2.626    3  0.000  0.429     0.00     0.00     0.00     0.00     0.00 -1 -1.98e-11      0.00 7.239e-01 2.728e-01 4.524e-04 2.829e-04 1.411e-03 -1.000 3.213e-03 0.837 4.824 6.770 4.491 2.719 2.091 2.172 1.998 1.727 1.144 1.031 0.865 0.750 0.542 0.491 0.212 0.197 0.011
0.0030686 -0.70000 9.75000 1.0678328276 2.4860842011    1.064  1.617  3.6935  2.574    3  0.000  0.429     0.00     0.00     0.00     0.00     0.00 -1 -2.33e-11      0.00 7.239e-01 2.729e-01 4.524e-04 2.830e-04 1.411e-03 -1.000 3.213e-03 0.729 4.727 6.786 4.458 2.652 2.017 2.087 1.908 1.634 1.045 0.930 0.763 0.647 0.437 0.386 0.104 0.089 -0.100
0.0030686 -0.70000 9.75000 1.0681051016 2.4861331961    1.064  1.659  3.6913  2.523    3  0.000  0.429     0.00     0.00     0.00     0.00     0.00 -1 -2.72e-11      0.00 7.239e-01 2.729e-01 4.523e-04 2.831e-04 1.411e-03 -1.000 3.213e-03 0.622 4.633 6.802 4.425 2.586 1.944 2.005 1.820 1.542 0.947 0.832 0.663 0.546 0.335 0.283 -0.002 -0.017 -0.209
0.0030686 -0.70000 9.75000 1.0683568716 2.4861784758    1.064  1.702  3.6890  2.471    3  0.000  0.429     0.00     0.00     0.00     0.00     0.00 -1 -3.18e-11      0.00 7.239e-01 2.729e-01 4.522e-04 2.832e-04 1.411e-03 -1.000 3.213e-03 0.516 4.539 6.812 4.405 2.530 1.881 1.927 1.736 1.454 0.851 0.735 0.564 0.446 0.233 0.180 -0.108 -0.123 -0.317
0.0030686 -0.70000 9.75000 1.0685957670 2.4862214174    1.064  1.745  3.6866  2.419    3  0.000  0.429     0.00     0.00     0.00     0.00     0.00 -1 -3.73e-11      0.00 7.239e-01 2.729e-01 4.522e-04 2.833e-04 1.411e-03 -1.000 3.213e-03 0.408 4.445 6.805 4.391 2.480 1.823 1.852 1.652 1.366 0.754 0.637 0.464 0.344 0.129 0.075 -0.215 -0.231 -0.427
0.0030686 -0.70000 9.75000 1.0688093901 2.4862597976    1.064  1.786  3.6843  2.369    3  0.000  0.429     0.00     0.00     0.00     0.00     0.00 -1 -4.35e-11      0.00 7.239e-01 2.729e-01 4.521e-04 2.833e-04 1.411e-03 -1.000 3.213e-03 0.306 4.355 6.804 4.381 2.434 1.770 1.782 1.574 1.283 0.662 0.544 0.369 0.248 0.031 -0.023 -0.316 -0.332 -0.532
0.0030686 -0.70000 9.75000 1.0690171719 2.4862971114    1.064  1.827  3.6820  2.318    3  0.000  0.429     0.00     0.00     0.00     0.00     0.00 -1 -5.07e-11      0.00 7.239e-01 2.729e-01 4.521e-04 2.834e-04 1.411e-03 -1.000 3.213e-03 0.202 4.264 6.804 4.371 2.387 1.716 1.711 1.494 1.199 0.569 0.449 0.272 0.150 -0.069 -0.124 -0.420 -0.436 -0.638
0.0030686 -0.70000 9.75000 1.0692108870 2.4863318841    1.064  1.865  3.6798  2.271    3  0.000  0.429     0.00     0.00     0.00     0.00     0.00 -1 -5.84e-11      0.00 7.239e-01 2.729e-01 4.520e-04 2.835e-04 1.411e-03 -1.000 3.212e-03 0.107 4.181 6.809 4.365 2.346 1.667 1.647 1.422 1.122 0.485 0.364 0.184 0.061 -0.160 -0.215 -0.514 -0.530 -0.735
0.0030686 -0.70000 9.75000 1.0694538355 2.4863754738    1.064  1.902  3.6777  2.225    3  0.000  0.429     0.00     0.00     0.00     0.00     0.00 -1 -6.73e-11      0.00 7.239e-01 2.729e-01 4.519e-04 2.836e-04 1.411e-03 -1.000 3.212e-03 0.014 4.098 6.828 4.375 2.308 1.621 1.584 1.352 1.048 0.402 0.279 0.098 -0.026 -0.249 -0.305 -0.607 -0.624 -0.831
0.0030686 -0.70000 9.75000 1.0695257187 2.4863883668    1.064  1.911  3.6772  2.215    3  0.000  0.429     0.00     0.00     0.00     0.00     0.00 -1 -6.97e-11      0.00 7.239e-01 2.729e-01 4.519e-04 2.836e-04 1.411e-03 -1.000 3.212e-03 -0.007 4.080 6.830 4.376 2.299 1.610 1.570 1.337 1.032 0.383 0.261 0.079 -0.045 -0.269 -0.325 -0.627 -0.644 -0.852
0.0030686 -0.70000 9.75000 1.0696635246 2.4864130779    1.064  1.885  3.6791  2.248    3  0.000  0.429     0.00     0.00     0.00     0.00     0.00 -1 -6.38e-11      0.00 7.239e-01 2.729e-01 4.519e-04 2.836e-04 1.411e-03 -1.000 3.212e-03 0.057 4.134 6.799 4.352 2.316 1.635 1.607 1.380 1.079 0.438 0.317 0.137 0.013 -0.209 -0.264 -0.564 -0.581 -0.786
0.0030686 -0.70000 9.75000 1.0697753429 2.4864331237    1.064  1.856  3.6811  2.286    3  0.000  0.429     0.00     0.00     0.00     0.00     0.00 -1 -5.72e-11      0.00 7.239e-01 2.729e-01 4.519e-04 2.837e-04 1.411e-03 -1.000 3.212e-03 0.131 4.198 6.774 4.338 2.340 1.666 1.653 1.433 1.135 0.502 0.382 0.204 0.081 -0.139 -0.194 -0.491 -0.507 -0.710
0.0030686 -0.70000 9.75000 1.0698068142 2.4864387647    1.064  1.845  3.6818  2.299    3  0.000  0.429     0.00     0.00     0.00     0.00     0.00 -1  -5.5e-11      0.00 7.239e-01 2.729e-01 4.519e-04 2.837e-04 1.411e-03 -1.000 3.212e-03 0.157 4.220 6.769 4.337 2.350 1.677 1.669 1.452 1.155 0.525 0.405 0.228 0.105 -0.114 -0.169 -0.465 -0.481 -0.684
0.0030686 -0.70000 9.75000 1.0698318481 2.4864432516    1.064  1.850  3.6815  2.293    3  0.000  0.429     0.00     0.00     0.00     0.00     0.00 -1 -5.56e-11      0.00 7.239e-01 2.729e-01 4.519e-04 2.837e-04 1.411e-03 -1.000 3.212e-03 0.145 4.209 6.770 4.336 2.344 1.671 1.661 1.442 1.145 0.514 0.394 0.216 0.094 -0.126 -0.181 -0.477 -0.494 -0.696
0.0030686 -0.70000 9.75000 1.0699900389 2.4864715988    1.064  1.892  3.6791  2.242    3  0.000  0.429     0.00     0.00     0.00     0.00     0.00 -1 -6.43e-11      0.00 7.239e-01 2.729e-01 4.518e-04 2.837e-04 1.411e-03 -1.000 3.212e-03 0.041 4.118 6.783 4.338 2.301 1.619 1.591 1.364 1.062 0.421 0.300 0.120 -0.004 -0.225 -0.281 -0.580 -0.597 -0.803
0.0030686 -0.70000 9.75000 1.0701534748 2.4865008759    1.064  1.934  3.6765  2.189    3  0.000  0.429     0.00     0.00     0.00     0.00     0.00 -1 -7.53e-11      0.00 7.239e-01 2.729e-01 4.518e-04 2.838e-04 1.411e-03 -1.000 3.212e-03 -0.065 4.026 6.813 4.356 2.262 1.571 1.523 1.287 0.980 0.329 0.206 0.023 -0.102 -0.326 -0.383 -0.685 -0.702 -0.911
0.0030686 -0.70000 9.75000 1.0703065395 2.4865282858    1.064  1.976  3.6740  2.137    3  0.000  0.429     0.00     0.00     0.00     0.00     0.00 -1  -8.8e-11      0.00 7.239e-01 2.729e-01 4.517e-04 2.838e-04 1.411e-03 -1.000 3.212e-03 -0.169 3.935 6.841 4.373 2.224 1.522 1.456 1.211 0.899 0.237 0.113 -0.072 -0.199 -0.425 -0.483 -0.789 -0.806 -1.018
0.0030686 -0.70000 9.75000 1.0704526901 2.4865544491    1.064  2.018  3.6713  2.084    3  0.000  0.429     0.00     0.00     0.00     0.00     0.00 -1 -1.03e-10      0.00 7.239e-01 2.729e-01 4.517e-04 2.839e-04 1.411e-03 -1.000 3.212e-03 -0.275 3.843 6.873 4.393 2.186 1.475 1.390 1.135 0.817 0.145 0.019 -0.169 -0.296 -0.526 -0.584 -0.893 -0.911 -1.126
0.0030686 -0.70000 9.75000 1.0705869198 2.4865784712    1.064  2.059  3.6687  2.032    3  0.000  0.429     0.00     0.00     0.00     0.00     0.00 -1  -1.2e-10      0.00 7.239e-01 2.729e-01 4.517e-04 2.839e-04 1.411e-03 -1.000 3.212e-03 -0.378 3.753 6.903 4.423 2.151 1.431 1.326 1.062 0.739 0.055 -0.072 -0.262 -0.392 -0.624 -0.683 -0.996 -1.014 -1.231
0.0030686 -0.70000 9.75000 1.0707111359 2.4866006950    1.064  2.100  3.6660  1.980    3  0.000  0.429     0.00     0.00     0.00     0.00     0.00 -1 -1.41e-10      0.00 7.238e-01 2.729e-01 4.516e-04 2.840e-04 1.411e-03 -1.000 3.212e-03 -0.481 3.664 6.918 4.479 2.133 1.399 1.270 0.995 0.663 -0.034 -0.163 -0.357 -0.488 -0.722 -0.782 -1.098 -1.116 -1.337
0.0030686 -0.70000 9.75000 1.0708261728 2.4866212713    1.063  2.142  3.6633  1.928    3  0.000  0.429     0.00     0.00     0.00     0.00     0.00 -1 -1.64e-10      0.00 7.238e-01 2.729e-01 4.516e-04 2.840e-04 1.411e-03 -1.000 3.212e-03 -0.584 3.575 6.900 4.548 2.134 1.383 1.225 0.936 0.592 -0.124 -0.255 -0.452 -0.585 -0.822 -0.882 -1.201 -1.220 -1.443
0.0030686 -0.70000 9.75000 1.0709328651 2.4866403505    1.063  2.183  3.6606  1.876    3  0.000  0.429     0.00     0.00     0.00     0.00     0.00 -1 -1.92e-10      0.00 7.238e-01 2.729e-01 4.516e-04 2.841e-04 1.411e-03 -1.000 3.212e-03 -0.687 3.487 6.886 4.613 2.136 1.369 1.182 0.879 0.521 -0.213 -0.347 -0.547 -0.682 -0.921 -0.982 -1.304 -1.322 -1.548
0.0030686 -0.70000 9.75000 1.0710294247 2.4866576139    1.063  2.223  3.6579  1.825    3  0.000  0.429     0.00     0.00     0.00     0.00     0.00 -1 -2.23e-10      0.00 7.238e-01 2.729e-01 4.515e-04 2.841e-04 1.411e-03 -1.000 3.212e-03 -0.787 3.402 6.846 4.672 2.141 1.360 1.144 0.826 0.456 -0.298 -0.435 -0.638 -0.774 -1.016 -1.078 -1.402 -1.421 -1.649
0.0030686 -0.70000 9.75000 1.0711210966 2.4866740002    1.062  2.263  3.6551  1.773    3  0.000  0.429     0.00     0.00     0.00     0.00     0.00 -1  -2.6e-10      0.00 7.238e-01 2.730e-01 4.515e-04 2.841e-04 1.411e-03 -1.000 3.212e-03 -0.889 3.315 6.803 4.723 2.144 1.350 1.106 0.773 0.389 -0.384 -0.523 -0.729 -0.868 -1.112 -1.174 -1.501 -1.520 -1.752
0.0030686 -0.70000 9.75000 1.0712040663 2.4866888282    1.062  2.303  3.6523  1.722    3  0.000  0.429     0.00     0.00     0.00     0.00     0.00 -1 -3.03e-10      0.00 7.238e-01 2.730e-01 4.515e-04 2.841e-04 1.411e-03 -1.000 3.212e-03 -0.988 3.231 6.775 4.775 2.149 1.342 1.071 0.723 0.325 -0.466 -0.608 -0.818 -0.958 -1.205 -1.268 -1.598 -1.617 -1.851
0.0030686 -0.70000 9.75000 1.0712831020 2.4867029506    1.062  2.344  3.6495  1.671    3  0.000  0.429     0.00     0.00     0.00     0.00     0.00 -1 -3.53e-10      0.00 7.238e-01 2.730e-01 4.515e-04 2.842e-04 1.411e-03 -1.000 3.212e-03 -1.089 3.146 6.749 4.823 2.153 1.334 1.036 0.672 0.260 -0.550 -0.695 -0.908 -1.050 -1.299 -1.363 -1.695 -1.715 -1.952
0.0030686 -0.70000 9.75000 1.0713543892 2.4867156865    1.061  2.383  3.6466  1.620    3  0.000  0.428     0.00     0.00     0.00     0.00     0.00 -1  -4.1e-10      0.00 7.238e-01 2.730e-01 4.515e-04 2.842e-04 1.411e-03 -1.000 3.212e-03 -1.187 3.064 6.721 4.872 2.160 1.331 1.008 0.628 0.201 -0.629 -0.777 -0.993 -1.137 -1.389 -1.453 -1.789 -1.808 -2.050
0.0030686 -0.70000 9.75000 1.0714205503 2.4867275048    1.061  2.422  3.6438  1.569    3  0.000  0.428     0.00     0.00     0.00     0.00     0.00 -1 -4.76e-10      0.00 7.238e-01 2.730e-01 4.515e-04 2.842e-04 1.411e-03 -1.000 3.212e-03 -1.285 2.981 6.700 4.918 2.166 1.327 0.979 0.583 0.142 -0.709 -0.859 -1.078 -1.224 -1.479 -1.544 -1.883 -1.902 -2.147
0.0030686 -0.70000 9.75000 1.0714819431 2.4867384698    1.060  2.461  3.6410  1.518    3  0.000  0.428     0.00     0.00     0.00     0.00     0.00 -1 -5.52e-10      0.00 7.238e-01 2.730e-01 4.514e-04 2.842e-04 1.411e-03 -1.000 3.212e-03 -1.383 2.900 6.690 4.966 2.172 1.325 0.953 0.541 0.083 -0.787 -0.940 -1.162 -1.310 -1.567 -1.633 -1.975 -1.995 -2.243
0.0030686 -0.70000 9.75000 1.0715380907 2.4867484968    1.060  2.499  3.6381  1.468    3  0.000  0.428     0.00     0.00     0.00     0.00     0.00 -1  -6.4e-10      0.00 7.238e-01 2.730e-01 4.514e-04 2.843e-04 1.411e-03 -1.000 3.212e-03 -1.479 2.821 6.692 5.014 2.174 1.321 0.925 0.497 0.028 -0.859 -1.015 -1.241 -1.390 -1.651 -1.718 -2.065 -2.085 -2.337
0.0030686 -0.70000 9.75000 1.0715918541 2.4867580969    1.059  2.539  3.6354  1.418    3  0.000  0.428     8.80     6.66     4.72     3.62     2.93  4 -7.43e-10      0.00 7.238e-01 2.730e-01 4.514e-04 2.843e-04 1.411e-03 -1.000 3.212e-03 -1.576 2.739 6.694 5.058 2.170 1.313 0.892 0.449 -0.030 -0.933 -1.091 -1.321 -1.472 -1.737 -1.805 -2.157 -2.177 -2.433
0.0030686 -0.70000 9.75000 1.0716401339 2.4867667168    1.058  2.576  3.6324  1.369    3  0.000  0.428     9.74     7.28     5.13     3.94     3.20  4 -8.57e-10      0.00 7.238e-01 2.730e-01 4.514e-04 2.843e-04 1.411e-03 -1.000 3.212e-03 -1.669 2.663 6.704 5.111 2.172 1.312 0.865 0.408 -0.081 -1.001 -1.161 -1.395 -1.548 -1.817 -1.886 -2.243 -2.264 -2.525
0.0030686 -0.70000 9.75000 1.0716865063 2.4867749954    1.058  2.614  3.6296  1.319    3  0.000  0.428    10.80     7.96     5.60     4.30     3.49  3 -9.92e-10      0.00 7.238e-01 2.730e-01 4.514e-04 2.843e-04 1.411e-03 -1.000 3.212e-03 -1.765 2.584 6.707 5.159 2.172 1.309 0.836 0.364 -0.135 -1.071 -1.234 -1.472 -1.627 -1.900 -1.970 -2.332 -2.354 -2.619
0.0030686 -0.70000 9.75000 1.0717288256 2.4867825497    1.057  2.651  3.6267  1.269    3  0.000  0.428    11.96     8.70     6.09     4.69     3.81  3 -1.15e-09      0.00 7.238e-01 2.730e-01 4.514e-04 2.843e-04 1.411e-03 -1.000 3.212e-03 -1.858 2.507 6.699 5.205 2.175 1.309 0.811 0.324 -0.185 -1.137 -1.302 -1.545 -1.702 -1.978 -2.051 -2.418 -2.440 -2.710
0.0030686 -0.70000 9.75000 1.0717688799 2.4867896990    1.056  2.689  3.6238  1.220    3  0.000  0.428    13.26     9.51     6.63     5.11     4.15  3 -1.32e-09      0.00 7.238e-01 2.730e-01 4.514e-04 2.843e-04 1.411e-03 -1.000 3.212e-03 -1.952 2.431 6.691 5.253 2.179 1.311 0.787 0.286 -0.234 -1.203 -1.371 -1.618 -1.776 -2.057 -2.131 -2.504 -2.526 -2.801
0.0030686 -0.70000 9.75000 1.0718070269 2.4867965073    1.055  2.727  3.6209  1.170    3  0.000  0.428    14.71    10.41     7.23     5.58     4.53  3 -1.53e-09      0.00 7.238e-01 2.730e-01 4.514e-04 2.843e-04 1.411e-03 -1.000 3.212e-03 -2.048 2.353 6.678 5.298 2.181 1.312 0.762 0.246 -0.285 -1.271 -1.441 -1.693 -1.853 -2.138 -2.213 -2.592 -2.615 -2.893
0.0030686 -0.70000 9.75000 1.0718489885 2.4868039958    1.054  2.772  3.6173  1.110    3  0.000  0.428    16.65    11.60     8.01     6.20     5.03  3 -1.82e-09      0.00 7.238e-01 2.730e-01 4.513e-04 2.844e-04 1.411e-03 -1.000 3.212e-03 -2.159 2.263 6.661 5.355 2.190 1.320 0.739 0.205 -0.338 -1.346 -1.519 -1.776 -1.939 -2.230 -2.307 -2.693 -2.717 -3.001
0.0030686 -0.70000 9.75000 1.0718814135 2.4868097819    1.053  2.809  3.6144  1.061    3  0.000  0.428    18.42    12.67     8.72     6.75     5.48  3 -2.11e-09      0.00 7.238e-01 2.730e-01 4.513e-04 2.844e-04 1.411e-03 -1.000 3.212e-03 -2.252 2.188 6.640 5.395 2.194 1.324 0.719 0.171 -0.384 -1.408 -1.584 -1.846 -2.010 -2.305 -2.384 -2.777 -2.801 -3.090
0.0030686 -0.70000 9.75000 1.0719120502 2.4868152485    1.052  2.846  3.6115  1.012    3  0.000  0.428    20.39    13.83     9.48     7.35     5.98  3 -2.43e-09      0.00 7.238e-01 2.730e-01 4.513e-04 2.844e-04 1.411e-03 -1.000 3.212e-03 -2.344 2.113 6.617 5.434 2.198 1.328 0.698 0.136 -0.429 -1.471 -1.649 -1.916 -2.082 -2.382 -2.463 -2.861 -2.885 -3.179
0.0030686 -0.70000 9.75000 1.0719466209 2.4868214167    1.050  2.890  3.6079  0.952    3  0.000  0.428    23.09    15.41    10.51     8.17     6.64  3  -2.9e-09      0.00 7.238e-01 2.730e-01 4.513e-04 2.844e-04 1.411e-03 -1.000 3.212e-03 -2.456 2.025 6.587 5.485 2.212 1.343 0.686 0.106 -0.474 -1.541 -1.722 -1.995 -2.163 -2.470 -2.553 -2.960 -2.986 -3.286
0.0030686 -0.70000 9.75000 1.0719785690 2.4868271165    1.048  2.935  3.6042  0.893    3  0.000  0.428    26.12    17.16    11.65     9.06     7.37  2 -3.44e-09      0.00 7.238e-01 2.730e-01 4.513e-04 2.844e-04 1.411e-03 -1.000 3.212e-03 -2.567 1.938 6.552 5.531 2.225 1.359 0.677 0.080 -0.516 -1.607 -1.792 -2.072 -2.243 -2.556 -2.642 -3.059 -3.084 -3.392
0.0030686 -0.70000 9.75000 1.0720033646 2.4868315400    1.046  2.971  3.6014  0.844    3  0.000  0.428    28.89    18.73    12.66     9.87     8.02  2 -3.98e-09      0.00 7.238e-01 2.730e-01 4.513e-04 2.844e-04 1.411e-03 -1.000 3.212e-03 -2.658 1.865 6.519 5.564 2.231 1.367 0.667 0.055 -0.553 -1.664 -1.851 -2.138 -2.310 -2.628 -2.717 -3.141 -3.167 -3.480
0.0030686 -0.70000 9.75000 1.0720310211 2.4868364736    1.044  3.014  3.5978  0.786    3  0.000  0.428    32.59    20.80    14.00    10.92     8.88  2 -4.71e-09      0.00 7.238e-01 2.730e-01 4.513e-04 2.844e-04 1.411e-03 -1.000 3.212e-03 -2.766 1.781 6.478 5.601 2.240 1.380 0.660 0.032 -0.591 -1.727 -1.917 -2.210 -2.384 -2.710 -2.802 -3.236 -3.263 -3.582
0.0030686 -0.70000 9.75000 1.0720567703 2.4868410667    1.042  3.057  3.5942  0.727    3  0.000  0.428    36.79    23.11    15.48    12.10     9.84  2 -5.59e-09      0.00 7.238e-01 2.730e-01 4.513e-04 2.844e-04 1.411e-03 -1.000 3.212e-03 -2.873 1.699 6.434 5.635 2.248 1.393 0.657 0.014 -0.624 -1.786 -1.979 -2.280 -2.456 -2.789 -2.885 -3.329 -3.357 -3.684
0.0030686 -0.70000 9.75000 1.0720808506 2.4868453618    1.039  3.100  3.5905  0.669    3  0.000  0.428    41.51    25.66    17.10    13.39    10.90  2 -6.63e-09      0.00 7.238e-01 2.730e-01 4.513e-04 2.844e-04 1.411e-03 -1.000 3.212e-03 -2.980 1.617 6.388 5.667 2.255 1.405 0.656 -0.003 -0.657 -1.844 -2.041 -2.348 -2.527 -2.868 -2.967 -3.422 -3.450 -3.785
0.0030686 -0.70000 9.75000 1.0721035004 2.4868494016    1.036  3.143  3.5869  0.610    3  0.000  0.428    46.85    28.50    18.91    14.83    12.07  2 -7.86e-09      0.00 7.238e-01 2.730e-01 4.513e-04 2.844e-04 1.411e-03 -1.000 3.212e-03 -3.087 1.535 6.338 5.690 2.255 1.412 0.654 -0.019 -0.688 -1.899 -2.099 -2.414 -2.594 -2.943 -3.046 -3.514 -3.544 -3.886
0.0030686 -0.70000 9.75000 1.0721241236 2.4868530798    1.033  3.184  3.5833  0.553    3  0.000  0.428    52.74    31.59    20.85    16.38    13.33  2  -9.3e-09      0.00 7.238e-01 2.730e-01 4.513e-04 2.845e-04 1.411e-03 -1.000 3.212e-03 -3.191 1.457 6.288 5.712 2.256 1.419 0.655 -0.031 -0.714 -1.950 -2.153 -2.475 -2.657 -3.014 -3.122 -3.603 -3.633 -3.983
0.0030686 -0.70000 9.75000 1.0721434355 2.4868565240    1.030  3.225  3.5797  0.496    3  0.000  0.428    59.34    34.98    22.99    18.09    14.73  1  -1.1e-08      0.00 7.238e-01 2.730e-01 4.513e-04 2.845e-04 1.411e-03 -1.000 3.212e-03 -3.293 1.381 6.239 5.734 2.256 1.427 0.660 -0.039 -0.736 -1.997 -2.203 -2.533 -2.717 -3.082 -3.195 -3.689 -3.720 -4.079
0.0030686 -0.70000 9.75000 1.0721615553 2.4868597554    1.026  3.266  3.5760  0.439    3  0.000  0.428    66.78    38.75    25.34    19.97    16.27  1  -1.3e-08      0.00 7.238e-01 2.730e-01 4.513e-04 2.845e-04 1.411e-03 -1.000 3.212e-03 -3.395 1.309 6.185 5.745 2.244 1.425 0.673 -0.034 -0.746 -2.031 -2.241 -2.578 -2.764 -3.140 -3.261 -3.774 -3.806 -4.175
0.0030686 -0.70000 9.75000 1.0721783638 2.4868627528    1.021  3.305  3.5723  0.383    3  0.000  0.428    74.92    42.81    27.87    22.00    17.92  1 -1.52e-08      0.00 7.238e-01 2.730e-01 4.513e-04 2.845e-04 1.411e-03 -1.000 3.212e-03 -3.493 1.240 6.133 5.756 2.232 1.424 0.689 -0.026 -0.752 -2.063 -2.275 -2.621 -2.807 -3.194 -3.323 -3.855 -3.888 -4.267
0.0030686 -0.70000 9.75000 1.0721940994 2.4868655589    1.017  3.342  3.5688  0.330    3  0.000  0.428    83.66    47.09    30.53    24.13    19.66  1 -1.78e-08      0.00 7.238e-01 2.730e-01 4.513e-04 2.845e-04 1.411e-03 -1.000 3.212e-03 -3.586 1.176 6.083 5.764 2.217 1.420 0.705 -0.016 -0.753 -2.087 -2.303 -2.656 -2.843 -3.241 -3.379 -3.930 -3.964 -4.354
0.0030686 -0.70000 9.75000 1.0721994638 2.4868665154    1.015  3.354  3.5677  0.314    3  0.000  0.428    86.48    48.46    31.37    24.82    20.22  1 -1.88e-08      0.00 7.238e-01 2.730e-01 4.513e-04 2.845e-04 1.411e-03 -1.000 3.212e-03 -3.614 1.157 6.067 5.765 2.211 1.418 0.709 -0.012 -0.753 -2.092 -2.309 -2.664 -2.851 -3.253 -3.394 -3.953 -3.987 -4.381
0.0030686 -0.70000 9.75000 1.0721994638 2.4868665154    1.014  1.787  3.7084  2.442    4  0.000  0.446     0.00     0.00     0.00     0.00     0.00 -1    -1e-30      0.00 7.217e-01 2.751e-01 4.804e-04 2.559e-04 1.421e-03 -1.000 3.235e-03 0.302 4.220 5.499 3.579 1.992 1.406 1.504 1.362 1.108 0.562 0.453 0.299 0.189 -0.008 -0.056 -0.321 -0.335 -0.508
0.0030686 -0.70000 9.75000 1.0723396540 2.4868915102    1.014  1.799  3.7074  2.427    4  0.000  0.446     0.00     0.00     0.00     0.00     0.00 -1    -1e-30      0.00 7.217e-01 2.751e-01 4.803e-04 2.560e-04 1.421e-03 -1.000 3.235e-03 0.274 4.198 5.533 3.586 1.984 1.394 1.487 1.342 1.086 0.537 0.427 0.272 0.162 -0.036 -0.084 -0.351 -0.364 -0.538
0.0030686 -0.70000 9.75000 1.0724817514 2.4869168373    1.014  1.803  3.7071  2.421    4  0.000  0.446     0.00     0.00     0.00     0.00     0.00 -1    -1e-30      0.00 7.217e-01 2.751e-01 4.803e-04 2.561e-04 1.421e-03 -1.000 3.235e-03 0.262 4.188 5.541 3.586 1.978 1.388 1.479 1.333 1.076 0.526 0.416 0.261 0.151 -0.048 -0.096 -0.363 -0.376 -0.551
0.0030686 -0.70000 9.75000 1.0726251602 2.4869423903    1.014  1.806  3.7071  2.419    4  0.000  0.446     0.00     0.00     0.00     0.00     0.00 -1    -1e-30      0.00 7.217e-01 2.751e-01 4.802e-04 2.561e-04 1.421e-03 -1.000 3.235e-03 0.256 4.181 5.534 3.580 1.972 1.382 1.473 1.326 1.070 0.520 0.410 0.255 0.144 -0.054 -0.102 -0.369 -0.382 -0.557
0.0030686 -0.70000 9.75000 1.0727732182 2.4869687634    1.014  1.807  3.7074  2.419    4  0.000  0.445     0.00     0.00     0.00     0.00     0.00 -1    -1e-30      0.00 7.217e-01 2.751e-01 4.802e-04 2.562e-04 1.421e-03 -1.000 3.235e-03 0.253 4.178 5.515 3.569 1.966 1.376 1.467 1.322 1.066 0.516 0.407 0.252 0.142 -0.057 -0.105 -0.371 -0.384 -0.559
0.0030686 -0.70000 9.75000 1.0729213953 2.4869951494    1.015  1.807  3.7078  2.421    4  0.000  0.445     0.00     0.00     0.00     0.00     0.00 -1    -1e-30      0.00 7.217e-01 2.751e-01 4.801e-04 2.562e-04 1.421e-03 -1.000 3.235e-03 0.253 4.175 5.491 3.556 1.959 1.370 1.463 1.318 1.063 0.515 0.406 0.251 0.141 -0.057 -0.105 -0.371 -0.384 -0.558
0.0030686 -0.70000 9.75000 1.0730683804 2.4870213149    1.015  1.807  3.7082  2.423    4  0.000  0.445     0.00     0.00     0.00     0.00     0.00 -1    -1e-30      0.00 7.217e-01 2.751e-01 4.801e-04 2.563e-04 1.421e-03 -1.000 3.235e-03 0.254 4.173 5.466 3.543 1.951 1.365 1.459 1.315 1.060 0.514 0.405 0.250 0.140 -0.057 -0.105 -0.370 -0.384 -0.557
0.0030686 -0.70000 9.75000 1.0732139349 2.4870472176    1.015  1.806  3.7086  2.425    4  0.000  0.445     0.00     0.00     0.00     0.00     0.00 -1    -1e-30      0.00 7.217e-01 2.751e-01 4.800e-04 2.564e-04 1.421e-03 -1.000 3.235e-03 0.254 4.171 5.441 3.529 1.944 1.359 1.454 1.312 1.058 0.513 0.404 0.250 0.140 -0.057 -0.105 -0.370 -0.383 -0.556
0.0030686 -0.70000 9.75000 1.0733603239 2.4870732606    1.015  1.806  3.7091  2.427    4  0.000  0.445     0.00     0.00     0.00     0.00     0.00 -1    -1e-30      0.00 7.217e-01 2.751e-01 4.800e-04 2.564e-04 1.421e-03 -1.000 3.235e-03 0.255 4.169 5.414 3.515 1.937 1.353 1.450 1.309 1.056 0.511 0.403 0.249 0.140 -0.057 -0.105 -0.369 -0.382 -0.555
0.0030686 -0.70000 9.75000 1.0735119581 2.4871002282    1.015  1.806  3.7095  2.429    4  0.000  0.445     0.00     0.00     0.00     0.00     0.00 -1    -1e-30      0.00 7.216e-01 2.751e-01 4.799e-04 2.565e-04 1.421e-03 -1.000 3.235e-03 0.255 4.166 5.387 3.500 1.929 1.347 1.445 1.305 1.052 0.510 0.402 0.248 0.139 -0.058 -0.105 -0.369 -0.382 -0.554
0.0030686 -0.70000 9.75000 1.0736541748 2.4871255129    1.015  1.806  3.7099  2.430    4  0.000  0.445     0.00     0.00     0.00     0.00     0.00 -1    -1e-30      0.00 7.216e-01 2.751e-01 4.799e-04 2.566e-04 1.421e-03 -1.000 3.235e-03 0.254 4.163 5.364 3.488 1.922 1.341 1.440 1.301 1.049 0.508 0.400 0.246 0.138 -0.059 -0.106 -0.369 -0.382 -0.554
0.0030686 -0.70000 9.75000 1.0737946033 2.4871504721    1.016  1.807  3.7102  2.431    4  0.000  0.445     0.00     0.00     0.00     0.00     0.00 -1    -1e-30      0.00 7.216e-01 2.751e-01 4.798e-04 2.566e-04 1.421e-03 -1.000 3.235e-03 0.253 4.160 5.345 3.477 1.916 1.336 1.436 1.298 1.046 0.506 0.398 0.245 0.136 -0.060 -0.107 -0.370 -0.383 -0.554
0.0030686 -0.70000 9.75000 1.0739471912 2.4871775840    1.016  1.807  3.7106  2.432    4  0.000  0.445     0.00     0.00     0.00     0.00     0.00 -1    -1e-30      0.00 7.216e-01 2.751e-01 4.797e-04 2.567e-04 1.421e-03 -1.000 3.235e-03 0.252 4.157 5.326 3.466 1.909 1.330 1.431 1.294 1.043 0.504 0.396 0.243 0.135 -0.061 -0.108 -0.371 -0.384 -0.555
0.0030686 -0.70000 9.75000 1.0740907192 2.4872030781    1.016  1.808  3.7109  2.433    4  0.000  0.445     0.00     0.00     0.00     0.00     0.00 -1    -1e-30      0.00 7.216e-01 2.751e-01 4.797e-04 2.568e-04 1.421e-03 -1.000 3.235e-03 0.251 4.154 5.309 3.457 1.904 1.325 1.427 1.291 1.040 0.502 0.394 0.241 0.133 -0.063 -0.110 -0.372 -0.385 -0.556
0.0030686 -0.70000 9.75000 1.0742304325 2.4872278870    1.016  1.808  3.7111  2.433    4  0.000  0.445     0.00     0.00     0.00     0.00     0.00 -1    -1e-30      0.00 7.216e-01 2.751e-01 4.796e-04 2.568e-04 1.421e-03 -1.000 3.235e-03 0.249 4.150 5.293 3.448 1.898 1.321 1.423 1.287 1.037 0.499 0.392 0.239 0.131 -0.064 -0.111 -0.373 -0.386 -0.557
0.0030686 -0.70000 9.75000 1.0742595196 2.4872330511    1.016  1.808  3.7112  2.433    4  0.000  0.445     0.00     0.00     0.00     0.00     0.00 -1    -1e-30      0.00 7.216e-01 2.751e-01 4.796e-04 2.568e-04 1.421e-03 -1.000 3.235e-03 0.249 4.150 5.290 3.446 1.897 1.320 1.422 1.286 1.036 0.499 0.391 0.239 0.130 -0.065 -0.112 -0.374 -0.387 -0.557
0.0030686 -0.70000 9.75000 1.0743346214 2.4872463831    1.016  1.809  3.7113  2.433    4  0.000  0.445     0.00     0.00     0.00     0.00     0.00 -1    -1e-30      0.00 7.216e-01 2.751e-01 4.796e-04 2.569e-04 1.421e-03 -1.000 3.235e-03 0.248 4.148 5.283 3.441 1.894 1.317 1.420 1.284 1.035 0.497 0.390 0.238 0.129 -0.066 -0.113 -0.375 -0.387 -0.558
0.0030686 -0.70000 9.75000 1.0744698048 2.4872703752    1.016  1.810  3.7115  2.434    4  0.000  0.445     0.00     0.00     0.00     0.00     0.00 -1    -1e-30      0.00 7.216e-01 2.751e-01 4.796e-04 2.569e-04 1.421e-03 -1.000 3.235e-03 0.246 4.145 5.270 3.434 1.889 1.313 1.416 1.281 1.031 0.495 0.387 0.235 0.127 -0.068 -0.115 -0.376 -0.389 -0.559
0.0030686 -0.70000 9.75000 1.0746035576 2.4872941066    1.017  1.810  3.7117  2.433    4  0.000  0.445     0.00     0.00     0.00     0.00     0.00 -1    -1e-30      0.00 7.216e-01 2.751e-01 4.795e-04 2.570e-04 1.421e-03 -1.000 3.235e-03 0.244 4.142 5.259 3.427 1.885 1.309 1.412 1.277 1.028 0.492 0.385 0.233 0.125 -0.070 -0.117 -0.378 -0.391 -0.561
0.0030686 -0.70000 9.75000 1.0747421980 2.4873186981    1.017  1.811  3.7118  2.433    4  0.000  0.445     0.00     0.00     0.00     0.00     0.00 -1    -1e-30      0.00 7.216e-01 2.751e-01 4.795e-04 2.571e-04 1.421e-03 -1.000 3.235e-03 0.242 4.138 5.248 3.420 1.880 1.305 1.408 1.274 1.025 0.489 0.382 0.230 0.122 -0.073 -0.119 -0.381 -0.394 -0.563
0.0030686 -0.70000 9.75000 1.0748796463 2.4873430709    1.017  1.813  3.7119  2.432    4  0.000  0.445     0.00     0.00     0.00     0.00     0.00 -1    -1e-30      0.00 7.216e-01 2.752e-01 4.794e-04 2.571e-04 1.421e-03 -1.000 3.235e-03 0.239 4.135 5.240 3.415 1.876 1.301 1.404 1.270 1.021 0.486 0.379 0.227 0.119 -0.076 -0.122 -0.384 -0.396 -0.566
0.0030686 -0.70000 9.75000 1.0750129223 2.4873666970    1.017  1.814  3.7120  2.431    4  0.000  0.445     0.00     0.00     0.00     0.00     0.00 -1    -1e-30      0.00 7.216e-01 2.752e-01 4.794e-04 2.572e-04 1.421e-03 -1.000 3.235e-03 0.236 4.131 5.234 3.410 1.872 1.297 1.401 1.266 1.018 0.483 0.375 0.224 0.116 -0.079 -0.126 -0.387 -0.400 -0.569
0.0030686 -0.70000 9.75000 1.0751602650 2.4873928089    1.017  1.815  3.7120  2.430    4  0.000  0.445     0.00     0.00     0.00     0.00     0.00 -1    -1e-30      0.00 7.216e-01 2.752e-01 4.793e-04 2.572e-04 1.421e-03 -1.000 3.235e-03 0.231 4.127 5.230 3.407 1.868 1.293 1.397 1.262 1.014 0.478 0.371 0.219 0.112 -0.083 -0.130 -0.391 -0.404 -0.573
0.0030686 -0.70000 9.75000 1.0752942562 2.4874165475    1.017  1.817  3.7120  2.428    4  0.000  0.445     0.00     0.00     0.00     0.00     0.00 -1    -1e-30      0.00 7.216e-01 2.752e-01 4.793e-04 2.573e-04 1.421e-03 -1.000 3.235e-03 0.227 4.123 5.228 3.404 1.865 1.290 1.393 1.258 1.010 0.474 0.367 0.215 0.107 -0.087 -0.134 -0.395 -0.408 -0.578
0.0030686 -0.70000 9.75000 1.0753042698 2.4874183213    1.017  1.817  3.7120  2.428    4  0.000  0.445     0.00     0.00     0.00     0.00     0.00 -1    -1e-30      0.00 7.216e-01 2.752e-01 4.793e-04 2.573e-04 1.421e-03 -1.000 3.235e-03 0.227 4.123 5.228 3.404 1.865 1.290 1.393 1.258 1.009 0.474 0.367 0.215 0.107 -0.088 -0.134 -0.395 -0.408 -0.578
0.0030686 -0.70000 9.75000 1.0753164291 2.4874204751    1.017  1.817  3.7120  2.428    4  0.000  0.445     0.00     0.00     0.00     0.00     0.00 -1    -1e-30      0.00 7.216e-01 2.752e-01 4.793e-04 2.573e-04 1.421e-03 -1.000 3.235e-03 0.227 4.122 5.228 3.404 1.864 1.289 1.392 1.258 1.009 0.474 0.366 0.215 0.107 -0.088 -0.135 -0.396 -0.409 -0.578
0.0030686 -0.70000 9.75000 1.0754399300 2.4874423481    1.017  1.819  3.7119  2.426    4  0.000  0.445     0.00     0.00     0.00     0.00     0.00 -1    -1e-30      0.00 7.216e-01 2.752e-01 4.792e-04 2.574e-04 1.421e-03 -1.000 3.235e-03 0.222 4.118 5.229 3.402 1.861 1.286 1.388 1.254 1.005 0.469 0.362 0.210 0.102 -0.093 -0.140 -0.401 -0.414 -0.583
0.0030686 -0.70000 9.75000 1.0755634308 2.4874642154    1.018  1.822  3.7117  2.423    4  0.000  0.445     0.00     0.00     0.00     0.00     0.00 -1    -1e-30      0.00 7.216e-01 2.752e-01 4.792e-04 2.574e-04 1.421e-03 -1.000 3.235e-03 0.216 4.114 5.232 3.402 1.859 1.283 1.385 1.249 1.000 0.464 0.357 0.205 0.097 -0.098 -0.145 -0.406 -0.419 -0.589
0.0030686 -0.70000 9.75000 1.0756901503 2.4874866465    1.018  1.824  3.7115  2.420    4  0.000  0.445     0.00     0.00     0.00     0.00     0.00 -1    -1e-30      0.00 7.216e-01 2.752e-01 4.791e-04 2.575e-04 1.421e-03 -1.000 3.235e-03 0.210 4.109 5.238 3.403 1.857 1.280 1.381 1.245 0.995 0.458 0.351 0.199 0.091 -0.104 -0.151 -0.413 -0.426 -0.596
0.0030686 -0.70000 9.75000 1.0758175850 2.4875091982    1.018  1.827  3.7112  2.415    4  0.000  0.445     0.00     0.00     0.00     0.00     0.00 -1    -1e-30      0.00 7.216e-01 2.752e-01 4.791e-04 2.575e-04 1.421e-03 -1.000 3.235e-03 0.202 4.103 5.248 3.406 1.855 1.277 1.376 1.240 0.989 0.452 0.344 0.192 0.083 -0.112 -0.159 -0.421 -0.434 -0.604
0.0030686 -0.70000 9.75000 1.0759425163 2.4875313008    1.018  1.831  3.7108  2.410    4  0.000  0.444     0.00     0.00     0.00     0.00     0.00 -1    -1e-30      0.00 7.216e-01 2.752e-01 4.790e-04 2.576e-04 1.421e-03 -1.000 3.235e-03 0.193 4.097 5.261 3.409 1.853 1.274 1.371 1.234 0.983 0.444 0.336 0.183 0.075 -0.121 -0.168 -0.430 -0.443 -0.614
0.0030686 -0.70000 9.75000 1.0760664940 2.4875532289    1.018  1.835  3.7104  2.405    4  0.000  0.444     0.00     0.00     0.00     0.00     0.00 -1    -1e-30      0.00 7.216e-01 2.752e-01 4.790e-04 2.576e-04 1.421e-03 -1.000 3.235e-03 0.183 4.091 5.277 3.414 1.851 1.271 1.366 1.228 0.976 0.435 0.327 0.174 0.066 -0.130 -0.177 -0.440 -0.453 -0.625
0.0030686 -0.70000 9.75000 1.0761915445 2.4875753409    1.018  1.839  3.7098  2.398    4  0.000  0.444     0.00     0.00     0.00     0.00     0.00 -1    -1e-30      0.00 7.216e-01 2.752e-01 4.790e-04 2.577e-04 1.421e-03 -1.000 3.235e-03 0.172 4.083 5.297 3.421 1.849 1.267 1.361 1.221 0.968 0.426 0.317 0.164 0.055 -0.141 -0.188 -0.452 -0.465 -0.637
0.0030686 -0.70000 9.75000 1.0763175488 2.4875976155    1.018  1.844  3.7092  2.390    4  0.000  0.444     0.00     0.00     0.00     0.00     0.00 -1    -1e-30      0.00 7.216e-01 2.752e-01 4.789e-04 2.577e-04 1.421e-03 -1.000 3.235e-03 0.159 4.074 5.324 3.430 1.849 1.265 1.355 1.213 0.960 0.415 0.307 0.153 0.043 -0.154 -0.201 -0.465 -0.478 -0.651
0.0030686 -0.70000 9.75000 1.0764533281 2.4876216114    1.019  1.851  3.7083  2.380    4  0.000  0.444     0.00     0.00     0.00     0.00     0.00 -1    -1e-30      0.00 7.216e-01 2.752e-01 4.789e-04 2.578e-04 1.421e-03 -1.000 3.235e-03 0.142 4.062 5.359 3.443 1.848 1.261 1.348 1.203 0.948 0.401 0.292 0.137 0.027 -0.170 -0.218 -0.483 -0.496 -0.670
0.0030686 -0.70000 9.75000 1.0765842199 2.4876447370    1.019  1.860  3.7073  2.367    4  0.000  0.444     0.00     0.00     0.00     0.00     0.00 -1    -1e-30      0.00 7.216e-01 2.752e-01 4.788e-04 2.579e-04 1.421e-03 -1.000 3.235e-03 0.120 4.046 5.403 3.459 1.847 1.256 1.338 1.190 0.933 0.382 0.273 0.117 0.007 -0.191 -0.239 -0.506 -0.519 -0.694
0.0030686 -0.70000 9.75000 1.0767043829 2.4876659613    1.019  1.865  3.7069  2.361    4  0.000  0.444     0.00     0.00     0.00     0.00     0.00 -1    -1e-30      0.00 7.216e-01 2.752e-01 4.788e-04 2.579e-04 1.421e-03 -1.000 3.235e-03 0.108 4.037 5.416 3.462 1.843 1.251 1.331 1.182 0.924 0.372 0.262 0.106 -0.004 -0.203 -0.251 -0.518 -0.531 -0.706
0.0030686 -0.70000 9.75000 1.0768344402 2.4876889272    1.019  1.881  3.7049  2.337    4  0.000  0.444     0.00     0.00     0.00     0.00     0.00 -1    -1e-30      0.00 7.216e-01 2.752e-01 4.787e-04 2.580e-04 1.421e-03 -1.000 3.235e-03 0.067 4.008 5.497 3.490 1.841 1.242 1.313 1.159 0.897 0.338 0.228 0.070 -0.041 -0.242 -0.290 -0.559 -0.573 -0.750
0.0030686 -0.70000 9.75000 1.0769610405 2.4877112764    1.019  1.918  3.7006  2.283    4  0.000  0.444     0.00     0.00     0.00     0.00     0.00 -1    -1e-30      0.00 7.216e-01 2.752e-01 4.787e-04 2.580e-04 1.421e-03 -1.000 3.235e-03 -0.024 3.943 5.664 3.548 1.832 1.220 1.271 1.105 0.836 0.262 0.150 -0.011 -0.125 -0.328 -0.378 -0.652 -0.666 -0.848
0.0030686 -0.70000 9.75000 1.0770170689 2.4877211654    1.019  1.959  3.6961  2.224    4  0.000  0.444     0.00     0.00     0.00     0.00     0.00 -1    -1e-30      0.00 7.216e-01 2.752e-01 4.787e-04 2.581e-04 1.421e-03 -1.000 3.235e-03 -0.127 3.865 5.832 3.612 1.821 1.193 1.222 1.043 0.765 0.176 0.061 -0.103 -0.219 -0.426 -0.477 -0.757 -0.771 -0.958
0.0030686 -0.70000 9.75000 1.0770416260 2.4877254993    1.019  2.001  3.6917  2.164    4  0.000  0.444     0.00     0.00     0.00     0.00     0.00 -1    -1e-30      0.00 7.216e-01 2.752e-01 4.787e-04 2.581e-04 1.421e-03 -1.000 3.235e-03 -0.232 3.784 5.987 3.670 1.807 1.165 1.171 0.979 0.693 0.089 -0.028 -0.197 -0.314 -0.525 -0.577 -0.862 -0.877 -1.068
0.0030686 -0.70000 9.75000 1.0770528316 2.4877274769    1.019  2.044  3.6874  2.104    4  0.000  0.444     0.00     0.00     0.00     0.00     0.00 -1    -1e-30      0.00 7.216e-01 2.752e-01 4.787e-04 2.581e-04 1.421e-03 -1.000 3.235e-03 -0.340 3.699 6.092 3.722 1.792 1.137 1.119 0.913 0.619 -0.000 -0.119 -0.291 -0.411 -0.626 -0.679 -0.969 -0.985 -1.181
0.0030686 -0.70000 9.75000 1.0770579576 2.4877283815    1.019  2.084  3.6836  2.048    4  0.000  0.444     0.00     0.00     0.00     0.00     0.00 -1    -1e-30      0.00 7.216e-01 2.752e-01 4.786e-04 2.581e-04 1.421e-03 -1.000 3.235e-03 -0.440 3.619 6.161 3.766 1.778 1.111 1.070 0.852 0.550 -0.083 -0.203 -0.379 -0.500 -0.719 -0.773 -1.067 -1.083 -1.284
0.0030686 -0.70000 9.75000 1.0770602226 2.4877287812    1.019  2.112  3.6810  2.010    4  0.000  0.444     0.00     0.00     0.00     0.00     0.00 -1    -1e-30      0.00 7.216e-01 2.752e-01 4.786e-04 2.581e-04 1.421e-03 -1.000 3.235e-03 -0.510 3.563 6.207 3.794 1.767 1.091 1.035 0.809 0.502 -0.140 -0.262 -0.440 -0.562 -0.783 -0.838 -1.135 -1.152 -1.355
0.0030686 -0.70000 9.75000 1.0770603418 2.4877288023    1.019  2.112  3.6809  2.010    7  0.000  0.444     0.00     0.00     0.00     0.00     0.00 -1 -3.11e-19      0.00 7.216e-01 2.746e-01 4.786e-04 2.581e-04 1.421e-03 -1.000 3.802e-03 -0.511 3.562 6.207 3.794 1.767 1.091 1.035 0.808 0.501 -0.141 -0.263 -0.441 -0.563 -0.784 -0.839 -1.137 -1.153 -1.357
0.0030686 -0.70000 9.75000 1.0770614147 2.4877289916    1.019  2.130  3.6793  1.986    7  0.000  0.444     0.00     0.00     0.00     0.00     0.00 -1 -3.25e-19      0.00 7.216e-01 2.746e-01 4.786e-04 2.581e-04 1.421e-03 -1.000 3.802e-03 -0.555 3.526 6.224 3.827 1.770 1.086 1.017 0.783 0.472 -0.178 -0.301 -0.480 -0.604 -0.826 -0.881 -1.181 -1.197 -1.402
0.0030686 -0.70000 9.75000 1.0770639181 2.4877294334    1.019  2.168  3.6760  1.934    7  0.000  0.444     0.00     0.00     0.00     0.00     0.00 -1 -3.65e-19      0.00 7.216e-01 2.746e-01 4.786e-04 2.581e-04 1.421e-03 -1.000 3.802e-03 -0.651 3.448 6.248 3.925 1.790 1.086 0.984 0.735 0.411 -0.259 -0.385 -0.568 -0.694 -0.919 -0.975 -1.278 -1.294 -1.503
0.0030686 -0.70000 9.75000 1.0770660639 2.4877298120    1.019  2.198  3.6734  1.894    7  0.000  0.444     0.00     0.00     0.00     0.00     0.00 -1 -4.01e-19      0.00 7.216e-01 2.746e-01 4.786e-04 2.581e-04 1.421e-03 -1.000 3.802e-03 -0.724 3.388 6.269 3.997 1.806 1.087 0.960 0.699 0.364 -0.321 -0.449 -0.635 -0.763 -0.990 -1.047 -1.352 -1.369 -1.579
0.0030686 -0.70000 9.75000 1.0770682096 2.4877301907    1.019  2.221  3.6714  1.863    7  0.000  0.444     0.00     0.00     0.00     0.00     0.00 -1 -4.33e-19      0.00 7.216e-01 2.746e-01 4.786e-04 2.581e-04 1.421e-03 -1.000 3.802e-03 -0.781 3.341 6.287 4.053 1.817 1.087 0.941 0.670 0.328 -0.370 -0.499 -0.688 -0.817 -1.045 -1.103 -1.410 -1.427 -1.639
0.0030686 -0.70000 9.75000 1.0770705938 2.4877306114    1.019  2.229  3.6707  1.852    7  0.000  0.444     0.00     0.00     0.00     0.00     0.00 -1 -4.55e-19      0.00 7.216e-01 2.746e-01 4.786e-04 2.581e-04 1.421e-03 -1.000 3.802e-03 -0.802 3.324 6.292 4.071 1.821 1.086 0.934 0.660 0.315 -0.387 -0.517 -0.706 -0.836 -1.065 -1.122 -1.430 -1.447 -1.661
0.0030686 -0.70000 9.75000 1.0770761967 2.4877316002    1.019  2.225  3.6711  1.858    7  0.000  0.444     0.00     0.00     0.00     0.00     0.00 -1 -4.49e-19      0.00 7.216e-01 2.746e-01 4.786e-04 2.581e-04 1.421e-03 -1.000 3.802e-03 -0.792 3.332 6.287 4.060 1.818 1.085 0.937 0.665 0.321 -0.379 -0.508 -0.697 -0.826 -1.055 -1.113 -1.420 -1.437 -1.650
0.0030686 -0.70000 9.75000 1.0770800114 2.4877322733    1.019  2.213  3.6721  1.873    7  0.000  0.444     0.00     0.00     0.00     0.00     0.00 -1 -4.25e-19      0.00 7.216e-01 2.746e-01 4.786e-04 2.581e-04 1.421e-03 -1.000 3.802e-03 -0.763 3.355 6.277 4.031 1.812 1.085 0.946 0.678 0.339 -0.355 -0.484 -0.671 -0.800 -1.028 -1.085 -1.391 -1.408 -1.620
0.0030686 -0.70000 9.75000 1.0770896673 2.4877339772    1.019  2.200  3.6732  1.891    7  0.000  0.444     0.00     0.00     0.00     0.00     0.00 -1 -1.36e-18      0.00 7.216e-01 2.746e-01 4.786e-04 2.581e-04 1.421e-03 -1.000 3.829e-03 -0.731 3.381 6.267 4.000 1.805 1.085 0.956 0.694 0.359 -0.328 -0.456 -0.642 -0.770 -0.997 -1.054 -1.359 -1.376 -1.587
0.0030686 -0.70000 9.75000 1.0771483183 2.4877443262    1.018  2.196  3.6736  1.896    7  0.000  0.444     0.00     0.00     0.00     0.00     0.00 -1 -5.39e-14      0.00 7.216e-01 2.744e-01 4.786e-04 2.581e-04 1.421e-03 -1.000 4.071e-03 -0.721 3.390 6.265 3.992 1.804 1.086 0.960 0.700 0.366 -0.319 -0.446 -0.632 -0.760 -0.987 -1.044 -1.348 -1.365 -1.576
0.0030686 -0.70000 9.75000 1.0772036314 2.4877540851    1.018  2.209  3.6723  1.878    7  0.000  0.444     0.00     0.00     0.00     0.00     0.00 -1 -9.88e-10      0.00 7.216e-01 2.742e-01 4.786e-04 2.581e-04 1.421e-03 -1.000 4.293e-03 -0.752 3.365 6.279 4.027 1.813 1.088 0.951 0.685 0.347 -0.345 -0.474 -0.661 -0.790 -1.017 -1.074 -1.380 -1.397 -1.609
0.0030686 -0.70000 9.75000 1.0772579908 2.4877636746    1.017  2.252  3.6686  1.820    7  0.000  0.444     0.00     0.00     0.00     0.00     0.00 -1 -1.24e-09      0.00 7.216e-01 2.742e-01 4.786e-04 2.582e-04 1.421e-03 -1.000 4.292e-03 -0.859 3.278 6.315 4.139 1.838 1.091 0.920 0.636 0.281 -0.434 -0.566 -0.757 -0.888 -1.119 -1.177 -1.487 -1.504 -1.720
0.0030686 -0.70000 9.75000 1.0773066282 2.4877722537    1.015  2.297  3.6645  1.757    7  0.000  0.444     0.00     0.00     0.00     0.00     0.00 -1  -1.6e-09      0.00 7.216e-01 2.742e-01 4.786e-04 2.582e-04 1.421e-03 -1.000 4.292e-03 -0.973 3.184 6.350 4.263 1.865 1.097 0.889 0.584 0.213 -0.528 -0.663 -0.859 -0.993 -1.228 -1.286 -1.600 -1.618 -1.838
0.0030686 -0.70000 9.75000 1.0773488283 2.4877796966    1.014  2.344  3.6606  1.695    7  0.000  0.444     0.00     0.00     0.00     0.00     0.00 -1 -2.06e-09      0.00 7.216e-01 2.742e-01 4.785e-04 2.582e-04 1.421e-03 -1.000 4.292e-03 -1.089 3.090 6.382 4.374 1.890 1.101 0.858 0.533 0.144 -0.622 -0.761 -0.962 -1.098 -1.336 -1.396 -1.714 -1.732 -1.955
0.0030686 -0.70000 9.75000 1.0773855448 2.4877861718    1.013  2.387  3.6568  1.636    7  0.000  0.444     0.00     0.00     0.00     0.00     0.00 -1  -2.6e-09      0.00 7.216e-01 2.742e-01 4.785e-04 2.582e-04 1.421e-03 -1.000 4.292e-03 -1.198 3.002 6.385 4.468 1.914 1.108 0.832 0.487 0.081 -0.709 -0.851 -1.056 -1.195 -1.436 -1.497 -1.819 -1.837 -2.065
0.0030686 -0.70000 9.75000 1.0774172544 2.4877917636    1.011  2.430  3.6531  1.578    7  0.000  0.444     0.00     0.00     0.00     0.00     0.00 -1 -3.27e-09      0.00 7.216e-01 2.742e-01 4.785e-04 2.582e-04 1.421e-03 -1.000 4.292e-03 -1.304 2.915 6.394 4.556 1.936 1.116 0.809 0.444 0.021 -0.793 -0.939 -1.147 -1.289 -1.533 -1.595 -1.921 -1.939 -2.171
0.0030686 -0.70000 9.75000 1.0774447918 2.4877966194    1.009  2.471  3.6495  1.521    7  0.000  0.444     0.00     0.00     0.00     0.00     0.00 -1 -4.07e-09      0.00 7.216e-01 2.742e-01 4.785e-04 2.582e-04 1.421e-03 -1.000 4.292e-03 -1.409 2.831 6.409 4.640 1.958 1.124 0.788 0.404 -0.037 -0.875 -1.024 -1.236 -1.380 -1.628 -1.691 -2.020 -2.038 -2.275
0.0030686 -0.70000 9.75000 1.0774694681 2.4878009704    1.007  2.513  3.6456  1.463    7  0.000  0.444     7.87     6.06     4.31     3.31     2.68  4  -5.1e-09      0.00 7.216e-01 2.742e-01 4.785e-04 2.583e-04 1.421e-03 -1.000 4.292e-03 -1.513 2.748 6.444 4.727 1.979 1.137 0.770 0.366 -0.090 -0.950 -1.102 -1.320 -1.465 -1.718 -1.782 -2.117 -2.136 -2.378
0.0030686 -0.70000 9.75000 1.0774917603 2.4878049008    1.005  2.555  3.6411  1.402    7  0.000  0.444     8.92     6.76     4.78     3.68     2.98  3 -6.43e-09      0.00 7.215e-01 2.742e-01 4.783e-04 2.583e-04 1.421e-03 -1.000 4.292e-03 -1.617 2.668 6.509 4.836 2.011 1.161 0.760 0.334 -0.136 -1.019 -1.175 -1.398 -1.546 -1.805 -1.870 -2.213 -2.232 -2.480
0.0030686 -0.70000 9.75000 1.0775121450 2.4878084948    1.002  2.597  3.6369  1.342    7  0.000  0.443    10.11     7.53     5.30     4.08     3.31  3    -8e-09      0.00 7.215e-01 2.742e-01 4.778e-04 2.587e-04 1.421e-03 -1.000 4.292e-03 -1.722 2.587 6.553 4.934 2.038 1.183 0.747 0.301 -0.182 -1.089 -1.247 -1.476 -1.627 -1.891 -1.958 -2.308 -2.328 -2.583
0.0030686 -0.70000 9.75000 1.0775266886 2.4878110588    1.000  2.629  3.6330  1.293    7  0.000  0.442    11.17     8.22     5.76     4.44     3.60  3 -9.49e-09      0.00 7.215e-01 2.742e-01 4.770e-04 2.593e-04 1.421e-03 -1.000 4.291e-03 -1.802 2.529 6.599 5.031 2.075 1.215 0.750 0.286 -0.209 -1.135 -1.297 -1.531 -1.684 -1.953 -2.022 -2.379 -2.400 -2.660
0.0030686 -0.70000 9.75000 1.0775444508 2.4878141901    0.996  2.671  3.6279  1.229    7  0.000  0.440    12.75     9.22     6.43     4.96     4.03  3 -1.18e-08      0.00 7.215e-01 2.742e-01 4.751e-04 2.611e-04 1.421e-03 -1.000 4.286e-03 -1.906 2.454 6.650 5.158 2.126 1.261 0.756 0.269 -0.242 -1.194 -1.360 -1.601 -1.758 -2.033 -2.105 -2.471 -2.492 -2.760
0.0030686 -0.70000 9.75000 1.0775613785 2.4878171743    0.992  2.713  3.6241  1.171    7  0.000  0.437    14.39    10.24     7.10     5.50     4.46  3 -1.48e-08      0.00 7.215e-01 2.742e-01 4.723e-04 2.642e-04 1.421e-03 -1.000 4.279e-03 -2.012 2.371 6.650 5.229 2.143 1.276 0.740 0.234 -0.291 -1.264 -1.432 -1.680 -1.838 -2.119 -2.193 -2.566 -2.588 -2.862
0.0030686 -0.70000 9.75000 1.0775778294 2.4878200743    0.987  2.755  3.6204  1.111    7  0.000  0.434    16.29    11.40     7.87     6.10     4.95  3 -1.86e-08      0.00 7.215e-01 2.742e-01 4.691e-04 2.680e-04 1.421e-03 -1.000 4.265e-03 -2.119 2.286 6.647 5.300 2.160 1.291 0.723 0.198 -0.340 -1.335 -1.506 -1.759 -1.920 -2.207 -2.283 -2.663 -2.685 -2.965
0.0030686 -0.70000 9.75000 1.0775930882 2.4878227640    0.982  2.798  3.6166  1.050    7  0.000  0.432    18.44    12.68     8.72     6.77     5.49  3 -2.31e-08      0.00 7.215e-01 2.742e-01 4.661e-04 2.717e-04 1.421e-03 -1.000 4.251e-03 -2.224 2.203 6.635 5.366 2.179 1.309 0.710 0.167 -0.384 -1.402 -1.576 -1.835 -1.999 -2.291 -2.369 -2.757 -2.780 -3.066
0.0030686 -0.70000 9.75000 1.0776076317 2.4878253276    0.975  2.839  3.6128  0.991    7  0.000  0.429    20.82    14.09     9.63     7.49     6.09  2  -2.9e-08      0.00 7.215e-01 2.742e-01 4.635e-04 2.750e-04 1.421e-03 -1.000 4.229e-03 -2.327 2.124 6.623 5.433 2.201 1.331 0.702 0.141 -0.425 -1.465 -1.642 -1.908 -2.073 -2.371 -2.452 -2.848 -2.872 -3.164
0.0030686 -0.70000 9.75000 1.0776219368 2.4878278491    0.966  2.880  3.6089  0.931    7  0.000  0.427    23.58    15.69    10.67     8.32     6.76  2 -3.63e-08      0.00 7.215e-01 2.743e-01 4.612e-04 2.777e-04 1.421e-03 -1.000 4.220e-03 -2.430 2.045 6.606 5.502 2.231 1.362 0.705 0.124 -0.458 -1.524 -1.705 -1.977 -2.145 -2.451 -2.534 -2.939 -2.963 -3.263
0.0030686 -0.70000 9.75000 1.0776344538 2.4878300553    0.957  2.921  3.6050  0.870    7  0.000  0.426    26.71    17.47    11.83     9.24     7.50  2 -4.54e-08      0.00 7.215e-01 2.743e-01 4.594e-04 2.800e-04 1.421e-03 -1.000 4.247e-03 -2.533 1.968 6.584 5.566 2.259 1.393 0.710 0.111 -0.487 -1.579 -1.764 -2.044 -2.214 -2.527 -2.613 -3.028 -3.054 -3.360
0.0030686 -0.70000 9.75000 1.0776435137 2.4878316521    0.949  2.959  3.6013  0.813    7  0.000  0.424    29.97    19.30    13.00    10.17     8.26  2 -5.56e-08      0.00 7.215e-01 2.743e-01 4.578e-04 2.819e-04 1.421e-03 -1.000 4.262e-03 -2.627 1.897 6.562 5.624 2.285 1.422 0.715 0.099 -0.514 -1.630 -1.818 -2.105 -2.278 -2.597 -2.686 -3.110 -3.137 -3.450
0.0030686 -0.70000 9.75000 1.0776501894 2.4878328288    0.942  2.995  3.5978  0.760    7  0.000  0.423    33.46    21.22    14.24    11.15     9.06  2 -6.74e-08      0.00 7.215e-01 2.743e-01 4.565e-04 2.836e-04 1.421e-03 -1.000 4.239e-03 -2.718 1.830 6.535 5.673 2.307 1.447 0.723 0.091 -0.536 -1.676 -1.867 -2.161 -2.336 -2.662 -2.754 -3.188 -3.215 -3.535
0.0030686 -0.70000 9.75000 1.0776562691 2.4878339003    0.933  3.036  3.5938  0.700    7  0.000  0.422    37.87    23.61    15.75    12.37    10.05  2 -8.37e-08      0.00 7.214e-01 2.743e-01 4.552e-04 2.851e-04 1.421e-03 -1.000 4.238e-03 -2.819 1.756 6.501 5.722 2.329 1.475 0.734 0.087 -0.557 -1.725 -1.919 -2.221 -2.398 -2.732 -2.828 -3.273 -3.301 -3.629
0.0030686 -0.70000 9.75000 1.0776617527 2.4878348668    0.924  3.075  3.5898  0.640    7  0.000  0.421    42.84    26.24    17.43    13.71    11.14  2 -1.03e-07      0.00 7.214e-01 2.743e-01 4.542e-04 2.863e-04 1.421e-03 -1.000 4.254e-03 -2.917 1.685 6.468 5.772 2.352 1.503 0.750 0.086 -0.575 -1.770 -1.967 -2.277 -2.456 -2.799 -2.899 -3.356 -3.385 -3.721
0.0030686 -0.70000 9.75000 1.0776662827 2.4878356652    0.914  3.111  3.5860  0.584    7  0.000  0.420    48.05    28.95    19.14    15.08    12.26  1 -1.26e-07      0.00 7.214e-01 2.743e-01 4.535e-04 2.872e-04 1.421e-03 -1.000 4.254e-03 -3.008 1.622 6.435 5.812 2.369 1.528 0.767 0.089 -0.585 -1.805 -2.006 -2.323 -2.504 -2.855 -2.960 -3.431 -3.461 -3.805
0.0030686 -0.70000 9.75000 1.0776712894 2.4878365476    0.901  3.151  3.5816  0.520    7  0.000  0.420    54.75    32.37    21.28    16.81    13.67  1 -1.58e-07      0.00 7.214e-01 2.743e-01 4.530e-04 2.879e-04 1.421e-03 -1.000 4.241e-03 -3.107 1.554 6.399 5.860 2.392 1.560 0.793 0.100 -0.591 -1.840 -2.044 -2.370 -2.553 -2.914 -3.025 -3.512 -3.542 -3.897
0.0030686 -0.70000 9.75000 1.0776742697 2.4878370728    0.892  3.179  3.5784  0.475    7  0.000  0.420    60.05    35.02    22.94    18.14    14.76  1 -1.84e-07      0.00 7.214e-01 2.744e-01 4.526e-04 2.883e-04 1.421e-03 -1.000 4.221e-03 -3.177 1.508 6.373 5.891 2.405 1.579 0.817 0.116 -0.587 -1.857 -2.064 -2.396 -2.581 -2.950 -3.066 -3.567 -3.598 -3.961
0.0030686 -0.70000 9.75000 1.0776753426 2.4878372619    0.887  3.211  3.5746  0.426    7  0.000  0.419    66.52    38.22    24.94    19.75    16.07  1 -2.15e-07      0.00 7.214e-01 2.744e-01 4.517e-04 2.894e-04 1.421e-03 -1.000 4.240e-03 -3.257 1.458 6.339 5.919 2.411 1.596 0.848 0.139 -0.576 -1.869 -2.080 -2.420 -2.605 -2.986 -3.110 -3.629 -3.661 -4.035
0.0030686 -0.70000 9.75000 1.0776754618 2.4878372829    0.887  3.208  3.5749  0.429    7  0.000  0.419    66.08    38.01    24.80    19.64    15.98  1 -2.14e-07      0.00 7.214e-01 2.744e-01 4.516e-04 2.896e-04 1.421e-03 -1.000 4.243e-03 -3.251 1.463 6.343 5.919 2.412 1.596 0.848 0.139 -0.575 -1.867 -2.077 -2.417 -2.602 -2.982 -3.106 -3.624 -3.656 -4.029
0.0030686 -0.70000 9.75000 1.0776758194 2.4878373459    0.885  3.222  3.5733  0.408    7  0.000  0.419    69.02    39.45    25.70    20.37    16.57  1 -2.27e-07      0.00 7.214e-01 2.744e-01 4.513e-04 2.899e-04 1.421e-03 -1.000 4.249e-03 -3.285 1.441 6.328 5.930 2.414 1.602 0.860 0.149 -0.571 -1.873 -2.084 -2.427 -2.613 -2.998 -3.125 -3.650 -3.684 -4.061
0.0030686 -0.70000 9.75000 1.0776760578 2.4878373880    0.884  3.238  3.5714  0.384    7  0.000  0.418    72.54    41.17    26.77    21.23    17.27  1 -2.45e-07      0.00 7.214e-01 2.744e-01 4.511e-04 2.902e-04 1.421e-03 -1.000 4.254e-03 -3.325 1.415 6.310 5.941 2.414 1.608 0.874 0.159 -0.567 -1.880 -2.093 -2.440 -2.627 -3.016 -3.147 -3.682 -3.716 -4.097
0.0030686 -0.70000 9.75000 1.0776764154 2.4878374510    0.883  3.255  3.5695  0.359    7  0.000  0.418    76.46    43.07    27.94    22.18    18.04  1 -2.66e-07      0.00 7.214e-01 2.744e-01 4.509e-04 2.905e-04 1.420e-03 -1.000 4.259e-03 -3.367 1.388 6.290 5.952 2.414 1.613 0.889 0.171 -0.561 -1.887 -2.101 -2.452 -2.639 -3.034 -3.169 -3.715 -3.749 -4.136
0.0030686 -0.70000 9.75000 1.0776767731 2.4878375140    0.881  3.273  3.5674  0.332    7  0.000  0.418    80.93    45.22    29.27    23.25    18.92  1 -2.88e-07      0.00 7.214e-01 2.744e-01 4.506e-04 2.908e-04 1.420e-03 -1.000 4.260e-03 -3.412 1.362 6.270 5.962 2.412 1.618 0.906 0.186 -0.550 -1.887 -2.103 -2.457 -2.644 -3.047 -3.189 -3.748 -3.783 -4.177
0.0030686 -0.70000 9.75000 1.0776772499 2.4878375981    0.878  3.297  3.5643  0.294    7  0.000  0.418    87.65    48.41    31.24    24.84    20.22  1 -3.24e-07      0.00 7.214e-01 2.744e-01 4.501e-04 2.915e-04 1.420e-03 -1.000 4.250e-03 -3.472 1.327 6.244 5.980 2.412 1.629 0.934 0.213 -0.531 -1.882 -2.100 -2.461 -2.647 -3.061 -3.212 -3.793 -3.827 -4.233
0.0030686 -0.70000 9.75000 1.0776782036 2.4878377661    0.871  3.327  3.5603  0.245    7  0.000  0.417    97.09    52.81    33.94    27.03    22.00  1 -3.76e-07      0.00 7.214e-01 2.744e-01 4.497e-04 2.921e-04 1.420e-03 -1.000 4.206e-03 -3.547 1.288 6.213 6.006 2.413 1.644 0.974 0.252 -0.501 -1.872 -2.092 -2.461 -2.647 -3.075 -3.239 -3.846 -3.882 -4.300
0.0030686 -0.70000 9.75000 1.0776790380 2.4878379132    0.862  3.281  3.5646  0.303    7  0.000  0.417    85.67    47.39    30.59    24.34    19.80  1 -3.16e-07      0.00 7.214e-01 2.744e-01 4.496e-04 2.922e-04 1.420e-03 -1.000 4.209e-03 -3.432 1.365 6.280 6.009 2.444 1.659 0.962 0.241 -0.500 -1.849 -2.067 -2.426 -2.613 -3.025 -3.176 -3.754 -3.789 -4.193
0.0030686 -0.70000 9.75000 1.0776791573 2.4878379342    0.861  3.328  3.5596  0.235    7  0.000  0.417    98.80    53.54    34.38    27.40    22.30  1 -3.92e-07      0.00 7.213e-01 2.744e-01 4.487e-04 2.934e-04 1.419e-03 -1.000 4.225e-03 -3.550 1.291 6.217 6.020 2.423 1.656 0.991 0.269 -0.485 -1.858 -2.079 -2.449 -2.636 -3.067 -3.233 -3.845 -3.881 -4.303
0.0030686 -0.70000 9.75000 1.0776792765 2.4878379552    0.860  3.292  3.5634  0.286    7  0.000  0.417    88.71    48.81    31.47    25.05    20.38  1 -3.34e-07      0.00 7.213e-01 2.744e-01 4.487e-04 2.934e-04 1.419e-03 -1.000 4.225e-03 -3.459 1.348 6.266 6.014 2.441 1.661 0.971 0.250 -0.495 -1.850 -2.069 -2.431 -2.617 -3.034 -3.188 -3.775 -3.810 -4.218
0.0030686 -0.70000 9.75000 1.0776793957 2.4878379762    0.859  3.328  3.5595  0.234    7  0.000  0.417    99.12    53.68    34.46    27.47    22.35  1 -3.95e-07      0.00 7.213e-01 2.744e-01 4.487e-04 2.934e-04 1.419e-03 -1.000 4.226e-03 -3.550 1.292 6.219 6.023 2.425 1.659 0.995 0.273 -0.481 -1.855 -2.076 -2.446 -2.632 -3.064 -3.231 -3.844 -3.881 -4.302
0.0030686 -0.70000 9.75000 1.0776795149 2.4878379972    0.858  3.311  3.5613  0.258    7  0.000  0.417    94.15    51.35    33.03    26.31    21.41  1 -3.66e-07      0.00 7.213e-01 2.744e-01 4.487e-04 2.934e-04 1.419e-03 -1.000 4.226e-03 -3.507 1.319 6.242 6.021 2.434 1.661 0.985 0.263 -0.487 -1.853 -2.073 -2.439 -2.626 -3.050 -3.211 -3.811 -3.847 -4.262
0.0030686 -0.70000 9.75000 1.0776796341 2.4878380182    0.857  3.307  3.5616  0.262    7  0.000  0.417    93.30    50.95    32.78    26.11    21.25  1 -3.63e-07      0.00 7.213e-01 2.744e-01 4.487e-04 2.934e-04 1.419e-03 -1.000 4.226e-03 -3.498 1.325 6.248 6.022 2.437 1.663 0.985 0.263 -0.486 -1.850 -2.070 -2.436 -2.622 -3.046 -3.205 -3.803 -3.839 -4.254
0.0030686 -0.70000 9.75000 1.0776801109 2.4878381023    0.852  3.319  3.5600  0.241    7  0.000  0.417    97.40    52.83    33.93    27.05    22.01  1 -3.89e-07      0.00 7.213e-01 2.744e-01 4.487e-04 2.935e-04 1.419e-03 -1.000 4.228e-03 -3.528 1.309 6.235 6.032 2.438 1.670 1.002 0.279 -0.474 -1.846 -2.067 -2.436 -2.622 -3.052 -3.216 -3.825 -3.861 -4.281
0.0030686 -0.70000 9.75000 1.0776805878 2.4878381863    0.848  3.333  3.5583  0.218    7  0.000  0.417   102.18    55.02    35.27    28.14    22.90  1 -4.21e-07      0.00 7.213e-01 2.744e-01 4.487e-04 2.935e-04 1.419e-03 -1.000 4.229e-03 -3.563 1.291 6.219 6.040 2.434 1.673 1.016 0.297 -0.458 -1.836 -2.058 -2.430 -2.616 -3.054 -3.226 -3.849 -3.886 -4.313
0.0030686 -0.70000 9.75000 1.0776809454 2.4878382493    0.844  3.345  3.5568  0.198    7  0.000  0.417   106.48    56.97    36.46    29.10    23.69  1  -4.5e-07      0.00 7.213e-01 2.744e-01 4.486e-04 2.936e-04 1.419e-03 -1.000 4.226e-03 -3.594 1.275 6.205 6.046 2.431 1.676 1.028 0.311 -0.446 -1.829 -2.052 -2.426 -2.611 -3.056 -3.235 -3.871 -3.908 -4.340
0.0030686 -0.70000 9.75000 1.0776813030 2.4878383124    0.838  3.359  3.5552  0.175    7  0.000  0.417   111.60    59.26    37.85    30.24    24.62  1 -4.86e-07      0.00 7.213e-01 2.745e-01 4.486e-04 2.936e-04 1.419e-03 -1.000 4.216e-03 -3.627 1.257 6.189 6.053 2.427 1.679 1.042 0.327 -0.432 -1.820 -2.044 -2.422 -2.606 -3.059 -3.244 -3.894 -3.932 -4.370
0.0030686 -0.70000 9.75000 1.0776816607 2.4878383754    0.833  3.370  3.5539  0.156    7  0.000  0.417   116.23    61.31    39.10    31.26    25.45  1 -5.19e-07      0.00 7.213e-01 2.745e-01 4.486e-04 2.937e-04 1.419e-03 -1.000 4.216e-03 -3.656 1.242 6.176 6.060 2.425 1.683 1.055 0.342 -0.420 -1.812 -2.036 -2.417 -2.600 -3.061 -3.252 -3.914 -3.953 -4.396
0.0030686 -0.70000 9.75000 1.0776821375 2.4878384594    0.826  3.384  3.5521  0.131    7  0.000  0.417   122.27    63.97    40.71    32.58    26.52  1 -5.67e-07      0.00 7.213e-01 2.745e-01 4.485e-04 2.938e-04 1.419e-03 -1.000 4.227e-03 -3.691 1.225 6.161 6.070 2.423 1.689 1.073 0.362 -0.402 -1.800 -2.026 -2.410 -2.592 -3.062 -3.261 -3.937 -3.977 -4.428
0.0030686 -0.70000 9.75000 1.0776827335 2.4878385645    0.817  3.399  3.5502  0.104    7  0.000  0.416   129.21    66.97    42.52    34.06    27.73  1 -6.26e-07      0.00 7.213e-01 2.745e-01 4.484e-04 2.939e-04 1.419e-03 -1.000 4.225e-03 -3.727 1.208 6.147 6.083 2.424 1.698 1.095 0.387 -0.380 -1.785 -2.012 -2.400 -2.581 -3.060 -3.268 -3.961 -4.002 -4.460
0.0030686 -0.70000 9.75000 1.0776836872 2.4878387326    0.802  3.419  3.5476  0.066    7  0.533  0.416   139.65    71.40    45.18    36.26    29.51  1 -7.18e-07      0.00 7.213e-01 2.745e-01 4.483e-04 2.942e-04 1.419e-03 -1.000 4.214e-03 -3.776 1.188 6.129 6.102 2.425 1.712 1.126 0.425 -0.342 -1.751 -1.979 -2.372 -2.551 -3.047 -3.270 -3.990 -4.032 -4.503
0.0030686 -0.70000 9.75000 1.0776840448 2.4878387956    0.796  3.353  3.5577  0.169    8  0.533  0.436   112.15    59.15    37.74    30.21    24.58  1  -5.6e-07      0.00 7.215e-01 2.753e-01 4.708e-04 2.953e-04 1.423e-03 -1.000 3.238e-03 -3.612 1.252 6.187 6.038 2.419 1.663 1.021 0.297 -0.469 -1.859 -2.083 -2.459 -2.645 -3.087 -3.262 -3.892 -3.930 -4.359
0.0030686 -0.70000 9.75000 1.0776841640 2.4878388166    0.795  3.136  3.5741  0.451    8  0.533  0.441    61.72    35.52    23.19    18.43    14.97  1 -2.16e-07      0.00 7.215e-01 2.753e-01 4.708e-04 2.953e-04 1.423e-03 -1.000 3.238e-03 -3.070 1.648 6.526 6.098 2.594 1.779 1.027 0.322 -0.389 -1.678 -1.888 -2.227 -2.412 -2.793 -2.918 -3.439 -3.472 -3.846
0.0030686 -0.70000 9.75000 1.0776842833 2.4878388376    0.794  3.013  3.5881  0.629    8  0.533  0.441    42.34    25.75    17.06    13.49    10.95  1 -1.25e-07      0.00 7.215e-01 2.753e-01 4.708e-04 2.953e-04 1.423e-03 -1.000 3.238e-03 -2.764 1.850 6.643 5.972 2.545 1.699 0.944 0.275 -0.389 -1.592 -1.791 -2.104 -2.284 -2.630 -2.732 -3.195 -3.224 -3.564
0.0030686 -0.70000 9.75000 1.0776845217 2.4878388796    0.791  2.824  3.6098  0.904    8  0.533  0.441    23.62    15.65    10.60     8.32     6.75  2 -5.22e-08      0.00 7.215e-01 2.753e-01 4.708e-04 2.953e-04 1.423e-03 -1.000 3.238e-03 -2.289 2.181 6.744 5.642 2.370 1.501 0.842 0.260 -0.324 -1.391 -1.572 -1.844 -2.012 -2.316 -2.399 -2.802 -2.826 -3.124
0.0030686 -0.70000 9.75000 1.0776847601 2.4878389216    0.787  2.834  3.6086  0.886    8  0.534  0.441    24.50    16.14    10.92     8.57     6.95  2 -5.58e-08      0.00 7.215e-01 2.753e-01 4.708e-04 2.953e-04 1.423e-03 -1.000 3.238e-03 -2.316 2.162 6.742 5.666 2.383 1.515 0.848 0.261 -0.329 -1.403 -1.585 -1.860 -2.028 -2.335 -2.418 -2.825 -2.849 -3.150
0.0030686 -0.70000 9.75000 1.0776852369 2.4878390057    0.782  2.945  3.5959  0.722    8  0.534  0.441    34.63    21.67    14.46    11.41     9.26  1 -9.58e-08      0.00 7.215e-01 2.753e-01 4.708e-04 2.953e-04 1.423e-03 -1.000 3.238e-03 -2.593 1.968 6.695 5.877 2.496 1.640 0.906 0.266 -0.371 -1.526 -1.718 -2.016 -2.192 -2.522 -2.616 -3.056 -3.083 -3.407
0.0030686 -0.70000 9.75000 1.0776858330 2.4878391107    0.776  3.103  3.5779  0.489    8  0.534  0.441    56.71    32.98    21.59    17.15    13.93  1 -2.01e-07      0.00 7.215e-01 2.753e-01 4.708e-04 2.953e-04 1.423e-03 -1.000 3.238e-03 -2.987 1.702 6.565 6.081 2.596 1.771 1.008 0.308 -0.392 -1.660 -1.868 -2.200 -2.384 -2.754 -2.871 -3.374 -3.405 -3.769
0.0030686 -0.70000 9.75000 1.0776864290 2.4878392158    0.769  3.237  3.5625  0.289    8  0.534  0.441    86.49    47.20    30.40    24.29    19.74  1 -3.74e-07      0.00 7.215e-01 2.753e-01 4.708e-04 2.953e-04 1.423e-03 -1.000 3.238e-03 -3.322 1.492 6.411 6.164 2.589 1.811 1.123 0.403 -0.341 -1.697 -1.916 -2.279 -2.465 -2.885 -3.041 -3.633 -3.668 -4.080
0.0030686 -0.70000 9.75000 1.0776871443 2.4878393418    0.760  3.324  3.5525  0.157    8  0.534  0.441   114.29    59.77    38.08    30.54    24.84  1 -5.65e-07      0.00 7.215e-01 2.753e-01 4.708e-04 2.953e-04 1.423e-03 -1.000 3.238e-03 -3.541 1.371 6.304 6.197 2.558 1.821 1.196 0.487 -0.272 -1.664 -1.889 -2.271 -2.453 -2.920 -3.117 -3.789 -3.829 -4.278
0.0030686 -0.70000 9.75000 1.0776879787 2.4878394889    0.751  3.370  3.5472  0.084    8  0.535  0.441   132.52    67.93    43.02    34.58    28.13  1 -7.16e-07      0.00 7.215e-01 2.753e-01 4.708e-04 2.953e-04 1.423e-03 -1.000 3.238e-03 -3.656 1.311 6.249 6.216 2.542 1.830 1.238 0.541 -0.220 -1.624 -1.852 -2.244 -2.422 -2.919 -3.145 -3.868 -3.910 -4.382
0.0030686 -0.70000 9.75000 1.0776889324 2.4878396570    0.741  3.392  3.5448  0.047    8  0.535  0.441   139.71    72.44    45.73    36.81    29.95  1 -8.19e-07      0.00 7.215e-01 2.753e-01 4.708e-04 2.953e-04 1.423e-03 -1.000 3.238e-03 -3.710 1.286 6.225 6.227 2.536 1.837 1.261 0.571 -0.190 -1.597 -1.827 -2.224 -2.399 -2.913 -3.154 -3.902 -3.945 -4.430
0.0030686 -0.70000 9.75000 1.0776900053 2.4878398460    0.730  3.404  3.5434  0.022    8  0.535  0.441   144.25    75.40    47.50    38.28    31.14  0 -9.05e-07      0.00 7.215e-01 2.753e-01 4.708e-04 2.953e-04 1.423e-03 -1.000 3.238e-03 -3.741 1.272 6.213 6.237 2.535 1.845 1.279 0.593 -0.170 -1.580 -1.811 -2.211 -2.384 -2.908 -3.158 -3.921 -3.965 -4.456
0.0030686 -0.70000 9.75000 1.0776900053 2.4878398460    0.729  3.245  3.5616  0.254    8  0.535  0.441    92.30    49.58    31.83    25.49    20.72  1 -4.58e-07      0.00 7.215e-01 2.753e-01 4.708e-04 2.953e-04 1.423e-03 -1.000 3.238e-03 -3.342 1.482 6.406 6.185 2.599 1.825 1.148 0.425 -0.326 -1.692 -1.913 -2.279 -2.466 -2.890 -3.049 -3.648 -3.683 -4.098
0.0030686 -0.70000 9.75000 1.0776902437 2.4878398881    0.726  3.072  3.5816  0.506    8  0.535  0.441    53.98    31.44    20.60    16.39    13.31  1 -2.16e-07      0.00 7.215e-01 2.753e-01 4.708e-04 2.953e-04 1.423e-03 -1.000 3.238e-03 -2.909 1.753 6.602 6.071 2.601 1.769 1.001 0.306 -0.387 -1.639 -1.844 -2.170 -2.354 -2.715 -2.825 -3.313 -3.343 -3.699
0.0030686 -0.70000 9.75000 1.0776906013 2.4878399511    0.721  2.882  3.6035  0.780    8  0.536  0.441    30.03    19.11    12.80    10.11     8.20  1 -9.22e-08      0.00 7.215e-01 2.753e-01 4.708e-04 2.953e-04 1.423e-03 -1.000 3.238e-03 -2.435 2.077 6.736 5.787 2.453 1.590 0.884 0.269 -0.346 -1.459 -1.646 -1.931 -2.103 -2.419 -2.507 -2.927 -2.953 -3.262
0.0030686 -0.70000 9.75000 1.0776909590 2.4878400141    0.715  2.893  3.6025  0.762    8  0.536  0.441    31.17    19.71    13.19    10.43     8.45  1 -9.97e-08      0.00 7.215e-01 2.753e-01 4.708e-04 2.953e-04 1.423e-03 -1.000 3.238e-03 -2.462 2.057 6.729 5.803 2.461 1.598 0.885 0.265 -0.353 -1.474 -1.662 -1.949 -2.121 -2.440 -2.528 -2.950 -2.976 -3.288
0.0030686 -0.70000 9.75000 1.0776915550 2.4878401192    0.706  3.002  3.5903  0.598    8  0.536  0.441    44.06    26.41    17.43    13.84    11.23  1 -1.72e-07      0.00 7.215e-01 2.753e-01 4.708e-04 2.953e-04 1.423e-03 -1.000 3.238e-03 -2.735 1.866 6.658 5.979 2.553 1.705 0.946 0.277 -0.389 -1.589 -1.788 -2.098 -2.277 -2.620 -2.719 -3.176 -3.205 -3.541
0.0030686 -0.70000 9.75000 1.0776922703 2.4878402452    0.696  3.157  3.5728  0.366    8  0.536  0.441    72.07    39.99    25.89    20.71    16.82  1 -3.61e-07      0.00 7.215e-01 2.753e-01 4.708e-04 2.953e-04 1.423e-03 -1.000 3.238e-03 -3.123 1.610 6.504 6.134 2.609 1.800 1.067 0.349 -0.380 -1.694 -1.908 -2.253 -2.441 -2.827 -2.956 -3.485 -3.518 -3.897
0.0030686 -0.70000 9.75000 1.0776929855 2.4878403713    0.684  3.289  3.5580  0.168    8  0.537  0.441   109.91    57.01    36.32    29.21    23.74  1 -6.78e-07      0.00 7.215e-01 2.753e-01 4.708e-04 2.953e-04 1.423e-03 -1.000 3.238e-03 -3.452 1.412 6.347 6.199 2.583 1.825 1.181 0.455 -0.311 -1.703 -1.927 -2.303 -2.489 -2.931 -3.105 -3.733 -3.770 -4.199
0.0030686 -0.70000 9.75000 1.0776939392 2.4878405393    0.670  3.374  3.5485  0.036    8  0.537  0.441   136.98    71.99    45.36    36.64    29.79  0 -1.04e-06      0.01 7.215e-01 2.753e-01 4.708e-04 2.953e-04 1.423e-03 -1.000 3.238e-03 -3.666 1.298 6.247 6.233 2.555 1.841 1.258 0.547 -0.232 -1.653 -1.883 -2.278 -2.458 -2.950 -3.169 -3.881 -3.923 -4.391
0.0030686 -0.70000 9.75000 1.0776950121 2.4878407284    0.655  3.419  3.5440 -0.037    8  0.537  0.441   152.20    81.67    51.14    41.42    33.68  0 -1.36e-06      0.01 7.215e-01 2.753e-01 4.708e-04 2.953e-04 1.423e-03 -1.000 3.238e-03 -3.778 1.244 6.197 6.252 2.542 1.852 1.304 0.607 -0.174 -1.606 -1.839 -2.244 -2.418 -2.944 -3.192 -3.954 -3.998 -4.489
0.0030686 -0.70000 9.75000 1.0776962042 2.4878409385    0.638  3.440  3.5423 -0.075    8  0.538  0.441   160.10    86.94    54.25    44.03    35.80  0 -1.61e-06      0.01 7.215e-01 2.753e-01 4.708e-04 2.953e-04 1.423e-03 -1.000 3.238e-03 -3.829 1.219 6.176 6.265 2.541 1.861 1.332 0.637 -0.149 -1.589 -1.825 -2.235 -2.407 -2.947 -3.207 -3.987 -4.032 -4.533
0.0030686 -0.70000 9.75000 1.0776975155 2.4878411696    0.620  3.451  3.5420 -0.100    8  0.538  0.441   163.62    -1.00    -1.00    -1.00    -1.00  0 -1.84e-06      0.02 7.215e-01 2.753e-01 4.708e-04 2.953e-04 1.423e-03 -1.000 3.238e-03 -3.857 1.202 6.164 6.270 2.542 1.865 1.345 0.648 -0.143 -1.592 -1.829 -2.242 -2.414 -2.960 -3.222 -4.008 -4.053 -4.557
0.0030686 -0.70000 9.75000 1.0777032375 2.4878421780    0.498 -9.999  4.0000  1.758    9  0.540  0.000     0.00     0.00     0.00     0.00     0.00 -1    -1e-30      0.00 7.215e-01 2.753e-01 4.708e-04 2.953e-04 1.423e-03 -1.000 3.238e-03 29.767 29.919 29.857 29.834 29.812 29.847 29.925 30.038 30.022 30.067 30.069 30.064 30.062 30.062 30.064 30.057 30.057 30.035
