 Zini     MH   logAge Mini        int_IMF         Mass   logL    logTe  logg  label   McoreTP C_O  period0  period1  period2  period3  period4  pmode  Mloss  tau1m   X   Y   Xc  Xn  Xo  Cexcess  Z 	 mbolmag  F170Wmag  F218Wmag  F255Wmag  F300Wmag  F336Wmag  F380Wmag  F439Wmag  F450Wmag  F555Wmag  F569Wmag  F606Wmag  F622Wmag  F675Wmag  F702Wmag  F791Wmag  F814Wmag  F850LPmag
0.0030686 -0.70000 10.15000 0.0900000036 1.0816895926    0.090 -3.286  3.4221  5.319    1  0.000  0.545     0.00     0.00     0.00     0.00     0.00 -1 -3.33e-18      0.00 7.400e-01 2.568e-01 5.817e-04 1.569e-04 1.423e-03 -1.000 3.235e-03 12.986 18.234 23.147 23.881 19.933 19.886 21.029 19.961 18.896 17.344 17.123 16.520 16.391 15.348 14.499 13.059 12.923 12.047
0.0030686 -0.70000 10.15000 0.0996865481 1.1684826845    0.100 -3.076  3.4515  5.271    1  0.000  0.545     0.00     0.00     0.00     0.00     0.00 -1 -5.25e-17      0.00 7.389e-01 2.579e-01 5.817e-04 1.569e-04 1.423e-03 -1.000 3.235e-03 12.460 17.533 22.456 23.062 19.057 18.713 19.227 18.275 17.418 15.943 15.729 15.213 15.065 14.221 13.565 12.304 12.206 11.462
0.0030686 -0.70000 10.15000 0.1190596223 1.3130860414    0.119 -2.807  3.4842  5.209    1  0.000  0.545     0.00     0.00     0.00     0.00     0.00 -1 -1.31e-16      0.00 7.370e-01 2.597e-01 5.817e-04 1.569e-04 1.423e-03 -1.000 3.235e-03 11.787 16.672 21.587 21.837 17.889 17.273 17.268 16.464 15.785 14.366 14.155 13.731 13.558 12.929 12.473 11.432 11.364 10.760
0.0030686 -0.70000 10.15000 0.1384327114 1.4299370102    0.138 -2.622  3.5034  5.166    1  0.000  0.545     0.00     0.00     0.00     0.00     0.00 -1 -7.69e-21      0.00 7.354e-01 2.613e-01 5.817e-04 1.569e-04 1.423e-03 -1.000 3.235e-03 11.324 16.104 20.992 20.914 17.087 16.362 16.162 15.443 14.839 13.465 13.256 12.871 12.688 12.157 11.797 10.883 10.827 10.294
0.0030686 -0.70000 10.15000 0.1578058004 1.5272545334    0.158 -2.479  3.5162  5.131    1  0.000  0.545     0.00     0.00     0.00     0.00     0.00 -1  -8.3e-19      0.00 7.341e-01 2.627e-01 5.817e-04 1.569e-04 1.423e-03 -1.000 3.235e-03 10.966 15.679 20.537 20.201 16.493 15.718 15.423 14.756 14.192 12.857 12.650 12.283 12.096 11.615 11.311 10.479 10.429 9.939
0.0030686 -0.70000 10.15000 0.1965519786 1.6820487999    0.196 -2.257  3.5328  5.070    1  0.000  0.545     0.00     0.00     0.00     0.00     0.00 -1 -4.27e-16      0.00 7.324e-01 2.644e-01 5.817e-04 1.570e-04 1.423e-03 -1.000 3.235e-03 10.412 15.045 19.843 19.180 15.630 14.812 14.432 13.825 13.310 12.035 11.832 11.483 11.293 10.861 10.615 9.877 9.834 9.391
0.0030686 -0.70000 10.15000 0.2449847013 1.8274270256    0.244 -2.049  3.5455  5.009    1  0.000  0.545     0.00     0.00     0.00     0.00     0.00 -1 -7.86e-20      0.00 7.318e-01 2.650e-01 5.817e-04 1.570e-04 1.423e-03 -1.000 3.235e-03 9.893 14.470 19.208 18.314 14.881 14.043 13.620 13.053 12.571 11.345 11.147 10.808 10.618 10.213 10.004 9.330 9.291 8.879
0.0030686 -0.70000 10.15000 0.2934174240 1.9395402136    0.293 -1.889  3.5546  4.964    1  0.000  0.545     0.00     0.00     0.00     0.00     0.00 -1 -3.12e-19      0.00 7.318e-01 2.649e-01 5.817e-04 1.570e-04 1.423e-03 -1.000 3.235e-03 9.493 14.034 18.722 17.679 14.328 13.481 13.038 12.495 12.031 10.839 10.644 10.310 10.120 9.730 9.545 8.915 8.878 8.487
0.0030686 -0.70000 10.15000 0.3418501019 2.0298541757    0.341 -1.754  3.5624  4.927    1  0.000  0.545     0.00     0.00     0.00     0.00     0.00 -1 -6.04e-18      0.00 7.402e-01 2.565e-01 5.817e-04 1.569e-04 1.423e-03 -1.000 3.235e-03 9.154 13.665 18.306 17.138 13.862 13.010 12.556 12.030 11.578 10.415 10.223 9.892 9.703 9.325 9.158 8.565 8.530 8.155
0.0030686 -0.70000 10.15000 0.3902828395 2.1048988427    0.390 -1.606  3.5733  4.880    1  0.000  0.545     0.00     0.00     0.00     0.00     0.00 -1 -1.52e-18      0.00 7.421e-01 2.547e-01 5.817e-04 1.569e-04 1.423e-03 -1.000 3.235e-03 8.785 13.256 17.824 16.499 13.321 12.465 12.005 11.500 11.063 9.937 9.750 9.424 9.237 8.872 8.729 8.183 8.149 7.797
0.0030686 -0.70000 10.15000 0.4387155771 2.1687189900    0.438 -1.440  3.5877  4.822    1  0.000  0.545     0.00     0.00     0.00     0.00     0.00 -1 -3.51e-16      0.00 7.422e-01 2.546e-01 5.817e-04 1.569e-04 1.423e-03 -1.000 3.235e-03 8.371 12.794 17.250 15.745 12.676 11.817 11.368 10.888 10.469 9.397 9.216 8.899 8.715 8.368 8.249 7.755 7.724 7.398
0.0030686 -0.70000 10.15000 0.4871482849 2.2239800449    0.487 -1.255  3.6085  4.766    1  0.000  0.545     0.00     0.00     0.00     0.00     0.00 -1 -1.44e-15      0.00 7.422e-01 2.546e-01 5.817e-04 1.569e-04 1.423e-03 -1.000 3.235e-03 7.908 12.267 16.581 14.876 11.868 11.005 10.604 10.153 9.765 8.777 8.609 8.313 8.134 7.814 7.716 7.278 7.251 6.955
0.0030686 -0.70000 10.15000 0.5355810523 2.2713497283    0.535 -1.042  3.6386  4.714    1  0.000  0.544     0.00     0.00     0.00     0.00     0.00 -1 -8.24e-16      0.00 7.693e-01 2.279e-01 5.170e-04 1.396e-04 1.267e-03 -1.000 2.836e-03 7.375 11.640 15.572 13.602 10.785 9.929 9.656 9.234 8.892 8.035 7.888 7.629 7.461 7.182 7.107 6.736 6.713 6.459
0.0030686 -0.70000 10.15000 0.5840137005 2.3099442816    0.583 -0.830  3.6722  4.675    1  0.000  0.544     0.00     0.00     0.00     0.00     0.00 -1 -8.79e-15      0.00 7.846e-01 2.126e-01 4.932e-04 1.332e-04 1.209e-03 -1.000 2.750e-03 6.846 10.969 14.148 11.846 9.460 8.656 8.606 8.264 7.977 7.276 7.154 6.944 6.797 6.565 6.507 6.198 6.181 5.972
0.0030686 -0.70000 10.15000 0.6324464083 2.3418217577    0.632 -0.623  3.7047  4.633    1  0.000  0.543     0.00     0.00     0.00     0.00     0.00 -1 -7.34e-16      0.00 7.913e-01 2.060e-01 4.809e-04 1.300e-04 1.180e-03 -1.000 2.716e-03 6.329 10.290 12.242 10.023 8.206 7.527 7.655 7.437 7.181 6.599 6.491 6.320 6.198 5.995 5.946 5.678 5.665 5.491
0.0030686 -0.70000 10.15000 0.6395490766 2.3460321306    0.639 -0.593  3.7093  4.625    1  0.000  0.543     0.00     0.00     0.00     0.00     0.00 -1 -7.32e-17      0.00 7.924e-01 2.049e-01 4.789e-04 1.294e-04 1.175e-03 -1.000 2.674e-03 6.252 10.188 11.900 9.771 8.034 7.374 7.525 7.324 7.073 6.505 6.398 6.233 6.113 5.914 5.867 5.604 5.591 5.422
0.0030686 -0.70000 10.15000 0.6502721310 2.3521886792    0.650 -0.546  3.7161  4.613    1  0.000  0.543     0.00     0.00     0.00     0.00     0.00 -1 -3.23e-24      0.00 7.942e-01 2.031e-01 4.758e-04 1.286e-04 1.168e-03 -1.000 2.654e-03 6.136 10.029 11.382 9.414 7.784 7.151 7.335 7.156 6.912 6.366 6.262 6.102 5.987 5.794 5.748 5.492 5.480 5.318
0.0030686 -0.70000 10.15000 0.6605607271 2.3578802198    0.660 -0.501  3.7226  4.601    1  0.000  0.543     0.00     0.00     0.00     0.00     0.00 -1 -8.06e-21      0.00 7.959e-01 2.014e-01 4.729e-04 1.278e-04 1.161e-03 -1.000 2.625e-03 6.023 9.873 10.904 9.088 7.552 6.944 7.155 6.998 6.761 6.234 6.131 5.978 5.867 5.678 5.634 5.385 5.373 5.218
0.0030686 -0.70000 10.15000 0.6709151864 2.3634059889    0.670 -0.456  3.7290  4.588    1  0.000  0.543     0.00     0.00     0.00     0.00     0.00 -1  -1.7e-18      0.00 7.977e-01 1.997e-01 4.699e-04 1.270e-04 1.154e-03 -1.000 2.610e-03 5.909 9.712 10.448 8.778 7.328 6.744 6.980 6.842 6.612 6.102 6.002 5.854 5.746 5.562 5.519 5.276 5.265 5.116
0.0030686 -0.70000 10.15000 0.6808791757 2.3685413071    0.680 -0.411  3.7351  4.574    1  0.000  0.543     0.00     0.00     0.00     0.00     0.00 -1 -6.75e-18      0.00 7.994e-01 1.980e-01 4.670e-04 1.263e-04 1.147e-03 -1.000 2.605e-03 5.797 9.549 10.034 8.493 7.117 6.554 6.812 6.693 6.470 5.976 5.878 5.735 5.630 5.450 5.408 5.171 5.161 5.017
0.0030686 -0.70000 10.15000 0.6856853366 2.3709570710    0.685 -0.389  3.7378  4.566    1  0.000  0.542     0.00     0.00     0.00     0.00     0.00 -1 -6.62e-20      0.00 8.004e-01 1.970e-01 4.646e-04 1.258e-04 1.143e-03 -1.000 2.597e-03 5.743 9.470 9.843 8.360 7.017 6.464 6.732 6.621 6.402 5.916 5.818 5.677 5.573 5.395 5.355 5.120 5.110 4.969
0.0030686 -0.70000 10.15000 0.6963526607 2.3761821272    0.696 -0.340  3.7439  4.548    1  0.000  0.541     0.00     0.00     0.00     0.00     0.00 -1 -1.58e-18      0.00 8.025e-01 1.949e-01 4.595e-04 1.247e-04 1.133e-03 -1.000 2.586e-03 5.620 9.288 9.433 8.067 6.803 6.272 6.558 6.463 6.250 5.780 5.685 5.548 5.447 5.274 5.234 5.005 4.996 4.861
0.0030686 -0.70000 10.15000 0.7065097094 2.3809889753    0.706 -0.292  3.7495  4.529    1  0.000  0.540     0.00     0.00     0.00     0.00     0.00 -1 -7.54e-21      0.00 8.046e-01 1.929e-01 4.546e-04 1.236e-04 1.124e-03 -1.000 2.528e-03 5.500 9.109 9.058 7.792 6.602 6.093 6.393 6.312 6.105 5.649 5.556 5.424 5.325 5.156 5.117 4.894 4.886 4.755
0.0030686 -0.70000 10.15000 0.7163631916 2.3855026759    0.716 -0.244  3.7547  4.508    1  0.000  0.539     0.00     0.00     0.00     0.00     0.00 -1 -9.36e-19      0.00 8.067e-01 1.908e-01 4.498e-04 1.225e-04 1.115e-03 -1.000 2.520e-03 5.380 8.927 8.722 7.538 6.411 5.922 6.233 6.165 5.963 5.520 5.429 5.301 5.205 5.040 5.002 4.784 4.776 4.650
0.0030686 -0.70000 10.15000 0.7252312303 2.3894445973    0.724 -0.200  3.7593  4.487    1  0.000  0.538     0.00     0.00     0.00     0.00     0.00 -1 -8.89e-18      0.00 8.086e-01 1.889e-01 4.455e-04 1.216e-04 1.106e-03 -1.000 2.502e-03 5.269 8.762 8.429 7.312 6.239 5.767 6.087 6.028 5.832 5.402 5.312 5.187 5.093 4.932 4.895 4.682 4.674 4.552
0.0030686 -0.70000 10.15000 0.7299686670 2.3915053499    0.729 -0.175  3.7616  4.474    1  0.000  0.537     0.00     0.00     0.00     0.00     0.00 -1 -1.41e-18      0.00 8.096e-01 1.879e-01 4.433e-04 1.211e-04 1.102e-03 -1.000 2.520e-03 5.208 8.669 8.279 7.194 6.148 5.684 6.008 5.954 5.761 5.337 5.248 5.125 5.032 4.872 4.836 4.625 4.617 4.498
0.0030686 -0.70000 10.15000 0.7338353395 2.3931646662    0.733 -0.155  3.7634  4.463    1  0.000  0.537     0.00     0.00     0.00     0.00     0.00 -1 -7.03e-20      0.00 8.106e-01 1.869e-01 4.412e-04 1.205e-04 1.097e-03 -1.000 2.534e-03 5.157 8.593 8.166 7.102 6.077 5.619 5.945 5.895 5.704 5.284 5.196 5.074 4.982 4.824 4.788 4.578 4.571 4.453
0.0030686 -0.70000 10.15000 0.7415699363 2.3964241995    0.741 -0.113  3.7667  4.439    1  0.000  0.537     0.00     0.00     0.00     0.00     0.00 -1 -6.62e-19      0.00 8.128e-01 1.847e-01 4.369e-04 1.194e-04 1.087e-03 -1.000 2.493e-03 5.053 8.440 7.940 6.919 5.931 5.486 5.815 5.772 5.585 5.175 5.088 4.969 4.878 4.722 4.687 4.481 4.474 4.358
0.0030686 -0.70000 10.15000 0.7491952777 2.3995620417    0.748 -0.070  3.7698  4.413    1  0.000  0.536     0.00     0.00     0.00     0.00     0.00 -1 -4.34e-19      0.00 8.149e-01 1.826e-01 4.325e-04 1.183e-04 1.077e-03 -1.000 2.465e-03 4.944 8.285 7.720 6.738 5.785 5.352 5.684 5.647 5.464 5.062 4.976 4.859 4.771 4.617 4.582 4.379 4.372 4.260
0.0030686 -0.70000 10.15000 0.7562211752 2.4023888879    0.755 -0.028  3.7725  4.386    1  0.000  0.535     0.00     0.00     0.00     0.00     0.00 -1 -7.75e-22      0.00 8.169e-01 1.807e-01 4.285e-04 1.173e-04 1.068e-03 -1.000 2.419e-03 4.839 8.136 7.526 6.574 5.650 5.226 5.561 5.528 5.349 4.955 4.870 4.755 4.667 4.515 4.481 4.281 4.274 4.164
0.0030686 -0.70000 10.15000 0.7649928331 2.4058344568    0.764  0.027  3.7754  4.348    1  0.000  0.535     0.00     0.00     0.00     0.00     0.00 -1 -6.68e-19      0.00 8.195e-01 1.781e-01 4.234e-04 1.159e-04 1.057e-03 -1.000 2.394e-03 4.703 7.952 7.292 6.374 5.481 5.068 5.404 5.377 5.201 4.816 4.732 4.619 4.533 4.383 4.350 4.152 4.146 4.039
0.0030686 -0.70000 10.15000 0.7733765841 2.4090437835    0.772  0.081  3.7777  4.308    1  0.000  0.534     0.00     0.00     0.00     0.00     0.00 -1 -4.17e-16      0.00 8.214e-01 1.763e-01 4.197e-04 1.150e-04 1.048e-03 -1.000 2.358e-03 4.568 7.778 7.082 6.190 5.321 4.916 5.252 5.229 5.057 4.678 4.595 4.484 4.399 4.251 4.218 4.023 4.016 3.911
0.0030686 -0.70000 10.15000 0.7790581584 2.4111736091    0.778  0.119  3.7789  4.277    1  0.000  0.534     0.00     0.00     0.00     0.00     0.00 -1 -6.76e-17      0.00 8.220e-01 1.756e-01 4.184e-04 1.147e-04 1.045e-03 -1.000 2.357e-03 4.472 7.661 6.945 6.068 5.212 4.812 5.147 5.125 4.955 4.580 4.498 4.388 4.303 4.156 4.123 3.930 3.923 3.819
0.0030686 -0.70000 10.15000 0.7819851637 2.4122569615    0.781  0.140  3.7794  4.260    1  0.000  0.534     0.00     0.00     0.00     0.00     0.00 -1 -8.81e-20      0.00 8.223e-01 1.753e-01 4.178e-04 1.145e-04 1.044e-03 -1.000 2.384e-03 4.420 7.601 6.878 6.006 5.155 4.758 5.092 5.070 4.901 4.527 4.445 4.336 4.251 4.105 4.072 3.879 3.873 3.769
0.0030686 -0.70000 10.15000 0.7855645418 2.4135691618    0.784  0.168  3.7795  4.235    1  0.000  0.534     0.00     0.00     0.00     0.00     0.00 -1 -2.47e-19      0.00 8.226e-01 1.750e-01 4.175e-04 1.145e-04 1.043e-03 -1.000 2.379e-03 4.351 7.529 6.803 5.935 5.086 4.690 5.021 5.000 4.831 4.458 4.377 4.267 4.183 4.036 4.004 3.811 3.804 3.701
0.0030686 -0.70000 10.15000 0.7914359570 2.4156920929    0.790  0.215  3.7789  4.188    1  0.000  0.533     0.00     0.00     0.00     0.00     0.00 -1 -1.35e-18      0.00 8.226e-01 1.750e-01 4.180e-04 1.146e-04 1.045e-03 -1.000 2.370e-03 4.231 7.416 6.697 5.825 4.974 4.577 4.903 4.882 4.713 4.339 4.257 4.147 4.063 3.916 3.884 3.690 3.684 3.580
0.0030686 -0.70000 10.15000 0.7974359989 2.4178244325    0.796  0.268  3.7769  4.130    1  0.000  0.533     0.00     0.00     0.00     0.00     0.00 -1 -7.78e-18      0.00 8.213e-01 1.763e-01 4.224e-04 1.158e-04 1.056e-03 -1.000 2.385e-03 4.099 7.312 6.619 5.730 4.864 4.463 4.782 4.757 4.586 4.209 4.126 4.015 3.930 3.782 3.749 3.554 3.547 3.441
0.0030686 -0.70000 10.15000 0.7984803915 2.4181918327    0.797  0.278  3.7764  4.119    1  0.000  0.533     0.00     0.00     0.00     0.00     0.00 -1 -1.06e-17      0.00 8.209e-01 1.767e-01 4.234e-04 1.161e-04 1.059e-03 -1.000 2.390e-03 4.075 7.294 6.607 5.715 4.846 4.443 4.761 4.736 4.564 4.185 4.103 3.991 3.906 3.758 3.725 3.529 3.523 3.416
0.0030686 -0.70000 10.15000 0.8025562763 2.4196151484    0.801  0.320  3.7722  4.062    2  0.000  0.533     0.00     0.00     0.00     0.00     0.00 -1 -3.56e-17      0.00 8.140e-01 1.835e-01 4.401e-04 1.207e-04 1.100e-03 -1.000 2.502e-03 3.970 7.251 6.620 5.690 4.786 4.372 4.681 4.650 4.474 4.085 4.001 3.887 3.800 3.649 3.615 3.416 3.409 3.299
0.0030686 -0.70000 10.15000 0.8063899875 2.4209388060    0.805  0.362  3.7648  3.992    2  0.000  0.534     0.00     0.00     0.00     0.00     0.00 -1 -3.13e-21      0.00 7.996e-01 1.977e-01 4.705e-04 1.290e-04 1.175e-03 -1.000 2.691e-03 3.864 7.250 6.734 5.728 4.757 4.322 4.621 4.580 4.395 3.989 3.902 3.783 3.694 3.537 3.502 3.295 3.288 3.171
0.0030686 -0.70000 10.15000 0.8089340329 2.4218092238    0.807  0.392  3.7555  3.927    2  0.000  0.535     0.00     0.00     0.00     0.00     0.00 -1 -1.78e-20      0.00 7.852e-01 2.120e-01 4.974e-04 1.363e-04 1.241e-03 -1.000 2.812e-03 3.789 7.292 6.962 5.850 4.784 4.321 4.608 4.552 4.358 3.929 3.838 3.714 3.620 3.457 3.420 3.204 3.196 3.071
0.0030686 -0.70000 10.15000 0.8105782866 2.4223684459    0.809  0.415  3.7462  3.868    2  0.000  0.535     0.00     0.00     0.00     0.00     0.00 -1 -6.81e-20      0.00 7.756e-01 2.215e-01 5.142e-04 1.408e-04 1.281e-03 -1.000 2.886e-03 3.733 7.339 7.234 6.000 4.834 4.343 4.618 4.546 4.342 3.891 3.797 3.666 3.569 3.399 3.360 3.135 3.125 2.992
0.0030686 -0.70000 10.15000 0.8117858171 2.4227774767    0.810  0.438  3.7381  3.812    2  0.000  0.536     0.00     0.00     0.00     0.00     0.00 -1 -1.86e-19      0.00 7.694e-01 2.277e-01 5.250e-04 1.436e-04 1.306e-03 -1.000 2.963e-03 3.674 7.361 7.492 6.131 4.875 4.358 4.619 4.533 4.320 3.849 3.752 3.616 3.515 3.339 3.299 3.065 3.056 2.914
0.0030686 -0.70000 10.15000 0.8129050732 2.4231553582    0.811  0.472  3.7306  3.749    2  0.000  0.536     0.00     0.00     0.00     0.00     0.00 -1 -4.88e-19      0.00 7.643e-01 2.327e-01 5.335e-04 1.459e-04 1.326e-03 -1.000 3.008e-03 3.590 7.345 7.734 6.231 4.895 4.357 4.598 4.496 4.273 3.783 3.683 3.542 3.438 3.257 3.215 2.974 2.963 2.815
0.0030686 -0.70000 10.15000 0.8137933016 2.4234543900    0.812  0.510  3.7255  3.692    2  0.000  0.537     0.00     0.00     0.00     0.00     0.00 -1 -1.08e-18      0.00 7.607e-01 2.363e-01 5.391e-04 1.474e-04 1.340e-03 -1.000 3.030e-03 3.495 7.290 7.885 6.269 4.874 4.322 4.547 4.434 4.205 3.702 3.601 3.455 3.350 3.165 3.122 2.876 2.865 2.711
0.0030686 -0.70000 10.15000 0.8142387867 2.4236040850    0.812  0.532  3.7232  3.661    2  0.000  0.537     0.00     0.00     0.00     0.00     0.00 -1 -1.62e-18      0.00 7.590e-01 2.380e-01 5.417e-04 1.481e-04 1.346e-03 -1.000 3.059e-03 3.441 7.254 7.942 6.274 4.853 4.294 4.512 4.394 4.162 3.654 3.552 3.405 3.299 3.112 3.068 2.820 2.809 2.653
0.0030686 -0.70000 10.15000 0.8143959641 2.4236568558    0.812  0.541  3.7226  3.649    2  0.000  0.537     0.00     0.00     0.00     0.00     0.00 -1 -1.87e-18      0.00 7.584e-01 2.386e-01 5.424e-04 1.483e-04 1.348e-03 -1.000 3.067e-03 3.417 7.234 7.946 6.265 4.838 4.277 4.493 4.374 4.142 3.632 3.530 3.382 3.276 3.089 3.045 2.796 2.785 2.628
0.0030686 -0.70000 10.15000 0.8151159883 2.4238982982    0.813  0.586  3.7199  3.594    3  0.000  0.537     0.00     0.00     0.00     0.00     0.00 -1 -3.68e-18      0.00 7.557e-01 2.412e-01 5.457e-04 1.491e-04 1.355e-03 -1.000 3.102e-03 3.306 7.143 7.960 6.220 4.763 4.196 4.404 4.280 4.044 3.528 3.425 3.276 3.169 2.980 2.935 2.684 2.672 2.512
0.0030686 -0.70000 10.15000 0.8157212734 2.4241008865    0.814  0.627  3.7180  3.545    3  0.000  0.537     0.00     0.00     0.00     0.00     0.00 -1 -6.57e-18      0.00 7.535e-01 2.434e-01 5.481e-04 1.498e-04 1.361e-03 -1.000 3.117e-03 3.202 7.052 7.953 6.167 4.688 4.116 4.317 4.189 3.951 3.430 3.327 3.176 3.068 2.878 2.833 2.579 2.567 2.406
0.0030686 -0.70000 10.15000 0.8163136840 2.4242988312    0.814  0.672  3.7164  3.495    3  0.000  0.537     0.00     0.00     0.00     0.00     0.00 -1 -1.17e-17      0.00 7.513e-01 2.456e-01 5.500e-04 1.504e-04 1.366e-03 -1.000 3.096e-03 3.091 6.951 7.920 6.097 4.600 4.024 4.219 4.089 3.849 3.324 3.220 3.069 2.960 2.769 2.723 2.468 2.456 2.293
0.0030686 -0.70000 10.15000 0.8168094754 2.4244642383    0.815  0.712  3.7151  3.450    3  0.000  0.537     0.00     0.00     0.00     0.00     0.00 -1 -1.93e-17      0.00 7.494e-01 2.475e-01 5.511e-04 1.508e-04 1.370e-03 -1.000 3.113e-03 2.991 6.858 7.883 6.033 4.520 3.941 4.130 3.997 3.756 3.228 3.123 2.971 2.862 2.669 2.624 2.367 2.355 2.190
0.0030686 -0.70000 10.15000 0.8173518181 2.4246449117    0.815  0.759  3.7137  3.397    3  0.000  0.536     0.00     0.00     0.00     0.00     0.00 -1 -3.35e-17      0.00 7.473e-01 2.496e-01 5.515e-04 1.515e-04 1.373e-03 -1.000 3.124e-03 2.872 6.749 7.833 5.953 4.424 3.842 4.024 3.889 3.645 3.113 3.008 2.855 2.746 2.552 2.506 2.248 2.235 2.070
0.0030686 -0.70000 10.15000 0.8178084493 2.4247968180    0.816  0.802  3.7126  3.350    3  0.000  0.534     0.00     0.00     0.00     0.00     0.00 -1 -5.39e-17      0.00 7.454e-01 2.515e-01 5.509e-04 1.524e-04 1.376e-03 -1.000 3.129e-03 2.765 6.650 7.782 5.878 4.336 3.751 3.928 3.790 3.545 3.010 2.904 2.750 2.641 2.446 2.400 2.140 2.128 1.961
0.0030686 -0.70000 10.15000 0.8182414174 2.4249406722    0.816  0.846  3.7114  3.302    3  0.000  0.532     0.00     0.00     0.00     0.00     0.00 -1 -8.55e-17      0.00 7.437e-01 2.532e-01 5.491e-04 1.541e-04 1.378e-03 -1.000 3.128e-03 2.656 6.548 7.729 5.800 4.245 3.658 3.828 3.688 3.442 2.904 2.797 2.643 2.533 2.338 2.291 2.030 2.018 1.849
0.0030686 -0.70000 10.15000 0.8186225295 2.4250671524    0.816  0.887  3.7103  3.256    3  0.000  0.530     0.00     0.00     0.00     0.00     0.00 -1  -1.3e-16      0.00 7.423e-01 2.546e-01 5.467e-04 1.564e-04 1.379e-03 -1.000 3.130e-03 2.552 6.451 7.680 5.727 4.160 3.570 3.735 3.593 3.344 2.804 2.697 2.542 2.431 2.235 2.188 1.926 1.913 1.744
0.0030686 -0.70000 10.15000 0.8190127611 2.4251965189    0.817  0.933  3.7090  3.205    3  0.000  0.526     0.00     0.00     0.00     0.00     0.00 -1 -2.01e-16      0.00 7.409e-01 2.560e-01 5.435e-04 1.598e-04 1.381e-03 -1.000 3.128e-03 2.437 6.344 7.633 5.652 4.067 3.474 3.632 3.488 3.237 2.693 2.586 2.430 2.319 2.122 2.075 1.811 1.798 1.627
0.0030686 -0.70000 10.15000 0.8193513155 2.4253086389    0.817  0.976  3.7078  3.157    3  0.000  0.523     0.00     0.00     0.00     0.00     0.00 -1 -2.97e-16      0.00 7.398e-01 2.571e-01 5.400e-04 1.636e-04 1.382e-03 -1.000 3.124e-03 2.330 6.244 7.592 5.582 3.982 3.385 3.537 3.390 3.138 2.590 2.482 2.326 2.214 2.016 1.969 1.704 1.691 1.519
0.0030686 -0.70000 10.15000 0.8196794391 2.4254172029    0.817  1.021  3.7064  3.107    3  0.000  0.519     0.00     0.00     0.00     0.00     0.00 -1  -4.4e-16      0.00 7.387e-01 2.582e-01 5.361e-04 1.682e-04 1.383e-03 -1.000 3.135e-03 2.217 6.139 7.549 5.508 3.891 3.292 3.436 3.287 3.033 2.482 2.373 2.215 2.103 1.905 1.857 1.591 1.577 1.404
0.0030686 -0.70000 10.15000 0.8199623227 2.4255107185    0.817  1.064  3.7050  3.059    3  0.000  0.516     0.00     0.00     0.00     0.00     0.00 -1 -6.23e-16      0.00 7.379e-01 2.590e-01 5.331e-04 1.719e-04 1.384e-03 -1.000 3.161e-03 2.110 6.040 7.514 5.441 3.807 3.205 3.343 3.191 2.935 2.380 2.271 2.112 2.000 1.800 1.752 1.484 1.471 1.296
0.0030686 -0.70000 10.15000 0.8202140927 2.4255938861    0.818  1.105  3.7036  3.012    3  0.000  0.514     0.00     0.00     0.00     0.00     0.00 -1 -8.58e-16      0.00 7.373e-01 2.596e-01 5.308e-04 1.748e-04 1.384e-03 -1.000 3.166e-03 2.008 5.945 7.486 5.378 3.728 3.122 3.254 3.099 2.841 2.282 2.173 2.013 1.900 1.699 1.651 1.381 1.368 1.191
0.0030686 -0.70000 10.15000 0.8204532862 2.4256728449    0.818  1.147  3.7022  2.964    3  0.000  0.512     0.00     0.00     0.00     0.00     0.00 -1 -1.18e-15      0.00 7.369e-01 2.600e-01 5.292e-04 1.768e-04 1.385e-03 -1.000 3.140e-03 1.902 5.848 7.464 5.320 3.648 3.039 3.163 3.005 2.744 2.182 2.071 1.910 1.797 1.595 1.546 1.275 1.261 1.083
0.0030686 -0.70000 10.15000 0.8206653595 2.4257428070    0.818  1.188  3.7007  2.918    3  0.000  0.511     0.00     0.00     0.00     0.00     0.00 -1 -1.57e-15      0.00 7.365e-01 2.603e-01 5.280e-04 1.783e-04 1.385e-03 -1.000 3.150e-03 1.801 5.757 7.449 5.268 3.575 2.961 3.078 2.916 2.653 2.086 1.975 1.813 1.699 1.496 1.446 1.174 1.160 0.980
0.0030686 -0.70000 10.15000 0.8208526969 2.4258045743    0.818  1.226  3.6992  2.874    3  0.000  0.510     0.00     0.00     0.00     0.00     0.00 -1 -2.05e-15      0.00 7.363e-01 2.605e-01 5.272e-04 1.793e-04 1.385e-03 -1.000 3.153e-03 1.705 5.670 7.440 5.225 3.508 2.890 2.998 2.832 2.568 1.996 1.884 1.721 1.607 1.402 1.353 1.078 1.064 0.882
0.0030686 -0.70000 10.15000 0.8210313320 2.4258634421    0.818  1.265  3.6977  2.828    3  0.000  0.510     0.00     0.00     0.00     0.00     0.00 -1 -2.66e-15      0.00 7.363e-01 2.606e-01 5.268e-04 1.797e-04 1.386e-03 -1.000 3.135e-03 1.607 5.581 7.433 5.184 3.442 2.818 2.918 2.748 2.481 1.905 1.792 1.628 1.513 1.307 1.257 0.980 0.966 0.783
0.0030686 -0.70000 10.15000 0.8212405443 2.4259323489    0.818  1.315  3.6956  2.770    3  0.000  0.510     0.00     0.00     0.00     0.00     0.00 -1 -3.67e-15      0.00 7.362e-01 2.607e-01 5.266e-04 1.800e-04 1.386e-03 -1.000 3.135e-03 1.482 5.467 7.425 5.133 3.357 2.727 2.816 2.640 2.370 1.788 1.675 1.509 1.393 1.185 1.135 0.856 0.841 0.655
0.0030686 -0.70000 10.15000 0.8213835359 2.4259794219    0.818  1.352  3.6940  2.727    3  0.000  0.510     0.00     0.00     0.00     0.00     0.00 -1 -4.61e-15      0.00 7.362e-01 2.607e-01 5.266e-04 1.800e-04 1.386e-03 -1.000 3.135e-03 1.389 5.383 7.424 5.097 3.296 2.660 2.741 2.562 2.289 1.702 1.588 1.421 1.304 1.095 1.044 0.763 0.748 0.561
0.0030686 -0.70000 10.15000 0.8215487599 2.4260337903    0.818  1.399  3.6920  2.672    3  0.000  0.509     0.00     0.00     0.00     0.00     0.00 -1 -6.07e-15      0.00 7.362e-01 2.607e-01 5.265e-04 1.801e-04 1.386e-03 -1.000 3.135e-03 1.273 5.278 7.422 5.051 3.218 2.577 2.647 2.463 2.187 1.594 1.479 1.311 1.193 0.983 0.931 0.648 0.633 0.442
0.0030686 -0.70000 10.15000 0.8216656446 2.4260722370    0.818  1.435  3.6904  2.630    3  0.000  0.509     0.00     0.00     0.00     0.00     0.00 -1 -7.44e-15      0.00 7.362e-01 2.607e-01 5.265e-04 1.801e-04 1.386e-03 -1.000 3.135e-03 1.184 5.198 7.423 5.017 3.159 2.513 2.576 2.387 2.109 1.512 1.396 1.226 1.108 0.896 0.844 0.559 0.543 0.351
0.0030686 -0.70000 10.15000 0.8218041062 2.4261177648    0.818  1.480  3.6883  2.576    3  0.000  0.509     0.00     0.00     0.00     0.00     0.00 -1 -9.56e-15      0.00 7.362e-01 2.607e-01 5.265e-04 1.802e-04 1.386e-03 -1.000 3.135e-03 1.071 5.096 7.393 4.973 3.089 2.436 2.488 2.294 2.013 1.409 1.292 1.121 1.002 0.788 0.735 0.447 0.432 0.237
0.0030686 -0.70000 10.15000 0.8219245672 2.4261573594    0.818  1.522  3.6863  2.526    3  0.000  0.509     0.00     0.00     0.00     0.00     0.00 -1  -1.2e-14      0.00 7.361e-01 2.607e-01 5.264e-04 1.802e-04 1.386e-03 -1.000 3.135e-03 0.965 5.001 7.360 4.932 3.023 2.365 2.407 2.207 1.923 1.312 1.195 1.022 0.902 0.687 0.633 0.343 0.327 0.130
0.0030686 -0.70000 10.15000 0.8220376372 2.4261945125    0.818  1.565  3.6842  2.475    3  0.000  0.509     0.00     0.00     0.00     0.00     0.00 -1  -1.5e-14      0.00 7.361e-01 2.607e-01 5.264e-04 1.803e-04 1.386e-03 -1.000 3.135e-03 0.858 4.905 7.337 4.903 2.964 2.299 2.328 2.121 1.834 1.216 1.098 0.922 0.801 0.584 0.530 0.237 0.221 0.022
0.0030686 -0.70000 10.15000 0.8221336603 2.4262260550    0.818  1.603  3.6822  2.428    3  0.000  0.509     0.00     0.00     0.00     0.00     0.00 -1 -1.83e-14      0.00 7.361e-01 2.607e-01 5.264e-04 1.803e-04 1.386e-03 -1.000 3.135e-03 0.761 4.819 7.327 4.885 2.916 2.245 2.258 2.045 1.753 1.128 1.009 0.832 0.710 0.491 0.436 0.141 0.125 -0.077
0.0030686 -0.70000 10.15000 0.8222220540 2.4262550838    0.818  1.640  3.6803  2.384    3  0.000  0.509     0.00     0.00     0.00     0.00     0.00 -1 -2.21e-14      0.00 7.361e-01 2.607e-01 5.264e-04 1.803e-04 1.386e-03 -1.000 3.135e-03 0.669 4.737 7.320 4.870 2.871 2.194 2.193 1.972 1.677 1.044 0.924 0.745 0.622 0.402 0.347 0.049 0.032 -0.172
0.0030686 -0.70000 10.15000 0.8223071694 2.4262830293    0.818  1.674  3.6786  2.343    3  0.000  0.509     0.00     0.00     0.00     0.00     0.00 -1 -2.62e-14      0.00 7.361e-01 2.607e-01 5.263e-04 1.804e-04 1.386e-03 -1.000 3.135e-03 0.586 4.663 7.327 4.870 2.833 2.149 2.134 1.908 1.609 0.969 0.848 0.668 0.544 0.322 0.266 -0.034 -0.051 -0.257
0.0030686 -0.70000 10.15000 0.8223946691 2.4263117506    0.818  1.702  3.6772  2.310    3  0.000  0.509     0.00     0.00     0.00     0.00     0.00 -1 -3.08e-14      0.00 7.361e-01 2.608e-01 5.263e-04 1.804e-04 1.386e-03 -1.000 3.135e-03 0.515 4.601 7.333 4.870 2.801 2.111 2.085 1.854 1.552 0.906 0.784 0.602 0.478 0.254 0.198 -0.104 -0.121 -0.328
0.0030686 -0.70000 10.15000 0.8224663138 2.4263352624    0.818  1.720  3.6763  2.287    3  0.000  0.509     0.00     0.00     0.00     0.00     0.00 -1 -3.47e-14      0.00 7.361e-01 2.608e-01 5.263e-04 1.804e-04 1.386e-03 -1.000 3.135e-03 0.469 4.559 7.334 4.868 2.778 2.085 2.052 1.817 1.513 0.864 0.742 0.559 0.434 0.210 0.153 -0.150 -0.167 -0.376
0.0030686 -0.70000 10.15000 0.8225461245 2.4263614485    0.818  1.699  3.6780  2.315    3  0.000  0.509     0.00     0.00     0.00     0.00     0.00 -1 -3.49e-14      0.00 7.361e-01 2.608e-01 5.263e-04 1.805e-04 1.386e-03 -1.000 3.135e-03 0.522 4.604 7.301 4.842 2.790 2.103 2.082 1.853 1.552 0.909 0.788 0.606 0.482 0.259 0.203 -0.097 -0.114 -0.321
0.0030686 -0.70000 10.15000 0.8225798607 2.4263725156    0.818  1.690  3.6787  2.328    3  0.000  0.509     0.00     0.00     0.00     0.00     0.00 -1  -3.5e-14      0.00 7.361e-01 2.608e-01 5.263e-04 1.805e-04 1.386e-03 -1.000 3.135e-03 0.546 4.623 7.286 4.831 2.795 2.111 2.095 1.868 1.569 0.929 0.808 0.628 0.504 0.282 0.226 -0.074 -0.091 -0.297
0.0030686 -0.70000 10.15000 0.8225920200 2.4263765043    0.818  1.695  3.6784  2.321    3  0.000  0.509     0.00     0.00     0.00     0.00     0.00 -1 -3.57e-14      0.00 7.361e-01 2.608e-01 5.263e-04 1.805e-04 1.386e-03 -1.000 3.135e-03 0.532 4.611 7.289 4.832 2.789 2.104 2.085 1.858 1.558 0.917 0.795 0.615 0.491 0.268 0.212 -0.088 -0.105 -0.311
0.0030686 -0.70000 10.15000 0.8226661086 2.4264008046    0.817  1.738  3.6760  2.268    3  0.000  0.509     0.00     0.00     0.00     0.00     0.00 -1 -4.32e-14      0.00 7.361e-01 2.608e-01 5.262e-04 1.805e-04 1.386e-03 -1.000 3.135e-03 0.424 4.516 7.310 4.843 2.744 2.050 2.013 1.776 1.471 0.821 0.698 0.515 0.389 0.165 0.108 -0.195 -0.212 -0.422
0.0030686 -0.70000 10.15000 0.8227405548 2.4264252171    0.817  1.783  3.6734  2.213    3  0.000  0.509     0.00     0.00     0.00     0.00     0.00 -1 -5.29e-14      0.00 7.361e-01 2.608e-01 5.262e-04 1.805e-04 1.386e-03 -1.000 3.135e-03 0.313 4.418 7.332 4.854 2.700 1.996 1.939 1.693 1.383 0.722 0.598 0.412 0.285 0.058 0.001 -0.306 -0.323 -0.535
0.0030686 -0.70000 10.15000 0.8228101134 2.4264480223    0.817  1.827  3.6708  2.158    3  0.000  0.509     0.00     0.00     0.00     0.00     0.00 -1 -6.46e-14      0.00 7.361e-01 2.608e-01 5.262e-04 1.806e-04 1.386e-03 -1.000 3.135e-03 0.201 4.320 7.355 4.866 2.655 1.942 1.865 1.611 1.295 0.624 0.498 0.310 0.182 -0.048 -0.106 -0.416 -0.434 -0.649
0.0030686 -0.70000 10.15000 0.8228733540 2.4264687522    0.817  1.871  3.6683  2.104    3  0.000  0.509     0.00     0.00     0.00     0.00     0.00 -1 -7.83e-14      0.00 7.361e-01 2.608e-01 5.262e-04 1.806e-04 1.386e-03 -1.000 3.135e-03 0.092 4.225 7.380 4.895 2.615 1.892 1.796 1.532 1.211 0.529 0.402 0.210 0.081 -0.151 -0.210 -0.524 -0.542 -0.760
0.0030686 -0.70000 10.15000 0.8229324818 2.4264881307    0.817  1.915  3.6656  2.050    3  0.000  0.509     0.00     0.00     0.00     0.00     0.00 -1 -9.47e-14      0.00 7.361e-01 2.608e-01 5.262e-04 1.806e-04 1.386e-03 -1.000 3.135e-03 -0.017 4.128 7.407 4.932 2.578 1.844 1.727 1.454 1.127 0.433 0.305 0.111 -0.021 -0.255 -0.315 -0.633 -0.651 -0.872
0.0030686 -0.70000 10.15000 0.8229847550 2.4265052600    0.816  1.957  3.6630  1.997    3  0.000  0.509     0.00     0.00     0.00     0.00     0.00 -1 -1.13e-13      0.00 7.361e-01 2.608e-01 5.262e-04 1.806e-04 1.386e-03 -1.000 3.135e-03 -0.122 4.037 7.433 4.972 2.545 1.801 1.663 1.381 1.048 0.343 0.213 0.016 -0.117 -0.354 -0.415 -0.736 -0.755 -0.979
0.0030686 -0.70000 10.15000 0.8230342865 2.4265214886    0.816  2.000  3.6604  1.944    3  0.000  0.509     0.00     0.00     0.00     0.00     0.00 -1 -1.35e-13      0.00 7.361e-01 2.608e-01 5.262e-04 1.806e-04 1.386e-03 -1.000 3.135e-03 -0.229 3.944 7.406 5.032 2.543 1.782 1.615 1.319 0.973 0.249 0.116 -0.084 -0.218 -0.458 -0.520 -0.843 -0.862 -1.089
0.0030686 -0.70000 10.15000 0.8230797052 2.4265363676    0.816  2.041  3.6577  1.891    3  0.000  0.509     0.00     0.00     0.00     0.00     0.00 -1 -1.61e-13      0.00 7.361e-01 2.608e-01 5.261e-04 1.807e-04 1.386e-03 -1.000 3.135e-03 -0.334 3.854 7.348 5.086 2.545 1.769 1.572 1.261 0.902 0.159 0.024 -0.179 -0.316 -0.558 -0.620 -0.946 -0.965 -1.195
0.0030686 -0.70000 10.15000 0.8231220841 2.4265502492    0.815  2.084  3.6550  1.837    3  0.000  0.509     0.00     0.00     0.00     0.00     0.00 -1 -1.92e-13      0.00 7.361e-01 2.608e-01 5.261e-04 1.807e-04 1.386e-03 -1.000 3.135e-03 -0.440 3.763 7.291 5.133 2.545 1.755 1.529 1.203 0.830 0.068 -0.069 -0.276 -0.414 -0.659 -0.721 -1.050 -1.069 -1.302
0.0030686 -0.70000 10.15000 0.8231598139 2.4265626064    0.815  2.125  3.6522  1.785    3  0.000  0.509     0.00     0.00     0.00     0.00     0.00 -1 -2.26e-13      0.00 7.360e-01 2.608e-01 5.261e-04 1.807e-04 1.386e-03 -1.000 3.135e-03 -0.542 3.676 7.248 5.179 2.546 1.744 1.490 1.149 0.763 -0.018 -0.158 -0.368 -0.508 -0.755 -0.818 -1.150 -1.169 -1.404
0.0030686 -0.70000 10.15000 0.8231952190 2.4265742012    0.815  2.166  3.6495  1.733    3  0.000  0.509     0.00     0.00     0.00     0.00     0.00 -1 -2.66e-13      0.00 7.360e-01 2.608e-01 5.261e-04 1.807e-04 1.386e-03 -1.000 3.135e-03 -0.646 3.587 7.210 5.221 2.546 1.732 1.451 1.095 0.695 -0.105 -0.248 -0.461 -0.603 -0.852 -0.916 -1.250 -1.270 -1.508
0.0030686 -0.70000 10.15000 0.8232274652 2.4265847604    0.814  2.207  3.6467  1.681    3  0.000  0.509     0.00     0.00     0.00     0.00     0.00 -1 -3.12e-13      0.00 7.360e-01 2.608e-01 5.261e-04 1.807e-04 1.386e-03 -1.000 3.135e-03 -0.747 3.501 7.168 5.261 2.549 1.725 1.417 1.045 0.631 -0.188 -0.334 -0.550 -0.694 -0.946 -1.011 -1.348 -1.367 -1.609
0.0030686 -0.70000 10.15000 0.8232575059 2.4265945966    0.814  2.248  3.6439  1.629    3  0.000  0.509     0.00     0.00     0.00     0.00     0.00 -1 -3.66e-13      0.00 7.360e-01 2.608e-01 5.261e-04 1.807e-04 1.386e-03 -1.000 3.135e-03 -0.849 3.415 7.136 5.303 2.552 1.718 1.385 0.997 0.568 -0.271 -0.420 -0.639 -0.785 -1.040 -1.105 -1.445 -1.465 -1.710
0.0030686 -0.70000 10.15000 0.8232846260 2.4266034758    0.813  2.287  3.6412  1.578    3  0.000  0.509     0.00     0.00     0.00     0.00     0.00 -1 -4.26e-13      0.00 7.360e-01 2.608e-01 5.261e-04 1.807e-04 1.386e-03 -1.000 3.135e-03 -0.948 3.332 7.114 5.344 2.555 1.712 1.355 0.951 0.507 -0.352 -0.503 -0.725 -0.872 -1.130 -1.196 -1.540 -1.559 -1.808
0.0030686 -0.70000 10.15000 0.8233102560 2.4266118664    0.813  2.327  3.6384  1.526    3  0.000  0.509     0.00     0.00     0.00     0.00     0.00 -1 -4.97e-13      0.00 7.360e-01 2.608e-01 5.261e-04 1.808e-04 1.386e-03 -1.000 3.135e-03 -1.049 3.248 7.095 5.385 2.559 1.708 1.327 0.907 0.447 -0.431 -0.586 -0.811 -0.960 -1.220 -1.287 -1.634 -1.654 -1.906
0.0030686 -0.70000 10.15000 0.8233340979 2.4266196712    0.812  2.368  3.6355  1.474    3  0.000  0.509     0.00     0.00     0.00     0.00     0.00 -1 -5.78e-13      0.00 7.360e-01 2.608e-01 5.261e-04 1.808e-04 1.386e-03 -1.000 3.135e-03 -1.149 3.164 7.086 5.426 2.558 1.702 1.296 0.861 0.388 -0.509 -0.666 -0.895 -1.045 -1.309 -1.377 -1.728 -1.749 -2.005
0.0030686 -0.70000 10.15000 0.8233553767 2.4266266365    0.811  2.406  3.6327  1.424    3  0.000  0.509     0.00     0.00     0.00     0.00     0.00 -1 -6.69e-13      0.00 7.360e-01 2.608e-01 5.261e-04 1.808e-04 1.386e-03 -1.000 3.135e-03 -1.246 3.084 7.090 5.474 2.556 1.697 1.265 0.815 0.332 -0.580 -0.740 -0.973 -1.125 -1.393 -1.462 -1.819 -1.839 -2.100
0.0030686 -0.70000 10.15000 0.8233758807 2.4266333478    0.811  2.446  3.6298  1.372    3  0.000  0.509     0.00     0.00     0.00     0.00     0.00 -1 -7.76e-13      0.00 7.360e-01 2.608e-01 5.261e-04 1.808e-04 1.386e-03 -1.000 3.135e-03 -1.346 3.000 7.091 5.519 2.552 1.689 1.231 0.766 0.273 -0.656 -0.818 -1.055 -1.209 -1.481 -1.551 -1.913 -1.934 -2.198
0.0030686 -0.70000 10.15000 0.8233982921 2.4266406829    0.810  2.494  3.6263  1.310    3  0.000  0.509     0.00     0.00     0.00     0.00     0.00 -1 -9.24e-13      0.00 7.360e-01 2.608e-01 5.261e-04 1.808e-04 1.386e-03 -1.000 3.135e-03 -1.464 2.903 7.080 5.574 2.553 1.687 1.197 0.714 0.208 -0.741 -0.906 -1.148 -1.305 -1.582 -1.654 -2.022 -2.044 -2.314
0.0030686 -0.70000 10.15000 0.8234147429 2.4266460669    0.809  2.531  3.6234  1.260    3  0.000  0.509    11.18     8.26     5.76     4.48     3.63  3 -1.06e-12      0.00 7.360e-01 2.608e-01 5.261e-04 1.808e-04 1.386e-03 -1.000 3.135e-03 -1.558 2.826 7.071 5.620 2.555 1.688 1.172 0.675 0.158 -0.808 -0.975 -1.222 -1.380 -1.661 -1.735 -2.109 -2.131 -2.405
0.0030686 -0.70000 10.15000 0.8234308958 2.4266513532    0.808  2.571  3.6206  1.209    3  0.000  0.509    12.46     9.06     6.30     4.90     3.97  3 -1.23e-12      0.00 7.360e-01 2.608e-01 5.261e-04 1.808e-04 1.386e-03 -1.000 3.135e-03 -1.657 2.744 7.056 5.663 2.555 1.686 1.144 0.632 0.104 -0.879 -1.048 -1.300 -1.460 -1.745 -1.821 -2.200 -2.222 -2.501
0.0030686 -0.70000 10.15000 0.8234483600 2.4266570683    0.807  2.616  3.6170  1.148    3  0.000  0.509    14.15    10.11     6.98     5.44     4.41  3 -1.45e-12      0.00 7.360e-01 2.608e-01 5.260e-04 1.808e-04 1.386e-03 -1.000 3.135e-03 -1.771 2.652 7.035 5.715 2.560 1.690 1.117 0.588 0.048 -0.956 -1.129 -1.386 -1.548 -1.839 -1.917 -2.303 -2.327 -2.611
0.0030686 -0.70000 10.15000 0.8234616518 2.4266614178    0.805  2.654  3.6142  1.099    3  0.000  0.509    15.70    11.05     7.60     5.93     4.81  3 -1.66e-12      0.00 7.360e-01 2.608e-01 5.260e-04 1.808e-04 1.386e-03 -1.000 3.135e-03 -1.865 2.576 7.014 5.754 2.562 1.692 1.095 0.551 0.001 -1.021 -1.195 -1.457 -1.621 -1.917 -1.996 -2.388 -2.412 -2.702
0.0030686 -0.70000 10.15000 0.8234742880 2.4266655526    0.804  2.692  3.6113  1.049    3  0.000  0.509    17.45    12.09     8.29     6.48     5.25  2  -1.9e-12      0.00 7.360e-01 2.608e-01 5.260e-04 1.808e-04 1.386e-03 -1.000 3.135e-03 -1.959 2.499 6.991 5.793 2.566 1.695 1.073 0.515 -0.046 -1.085 -1.262 -1.529 -1.695 -1.995 -2.076 -2.474 -2.499 -2.793
0.0030686 -0.70000 10.15000 0.8234883547 2.4266701554    0.803  2.737  3.6077  0.988    3  0.000  0.509    19.83    13.48     9.20     7.20     5.84  2 -2.24e-12      0.00 7.360e-01 2.608e-01 5.260e-04 1.808e-04 1.386e-03 -1.000 3.135e-03 -2.073 2.409 6.959 5.840 2.573 1.704 1.054 0.479 -0.097 -1.158 -1.338 -1.611 -1.779 -2.085 -2.169 -2.576 -2.601 -2.901
0.0030686 -0.70000 10.15000 0.8235014081 2.4266744264    0.801  2.782  3.6042  0.928    3  0.000  0.509    22.49    15.01    10.19     7.99     6.48  2 -2.63e-12      0.00 7.360e-01 2.608e-01 5.260e-04 1.808e-04 1.386e-03 -1.000 3.135e-03 -2.185 2.319 6.921 5.882 2.582 1.715 1.041 0.448 -0.142 -1.228 -1.411 -1.691 -1.861 -2.174 -2.260 -2.676 -2.702 -3.009
0.0030686 -0.70000 10.15000 0.8235115409 2.4266777418    0.799  2.820  3.6013  0.878    3  0.000  0.509    24.99    16.43    11.10     8.72     7.07  2 -3.01e-12      0.00 7.360e-01 2.608e-01 5.260e-04 1.808e-04 1.386e-03 -1.000 3.135e-03 -2.279 2.244 6.887 5.914 2.588 1.723 1.029 0.422 -0.181 -1.287 -1.473 -1.759 -1.930 -2.248 -2.337 -2.760 -2.787 -3.099
0.0030686 -0.70000 10.15000 0.8235224485 2.4266813105    0.797  2.863  3.5977  0.820    3  0.000  0.509    28.26    18.24    12.27     9.66     7.83  2 -3.51e-12      0.00 7.360e-01 2.608e-01 5.260e-04 1.808e-04 1.386e-03 -1.000 3.135e-03 -2.386 2.161 6.847 5.953 2.598 1.737 1.023 0.400 -0.218 -1.348 -1.538 -1.830 -2.004 -2.330 -2.421 -2.855 -2.882 -3.202
0.0030686 -0.70000 10.15000 0.8235328197 2.4266847036    0.795  2.906  3.5941  0.761    3  0.000  0.509    32.02    20.29    13.59    10.71     8.69  2  -4.1e-12      0.00 7.360e-01 2.608e-01 5.260e-04 1.808e-04 1.386e-03 -1.000 3.135e-03 -2.496 2.075 6.800 5.984 2.603 1.747 1.017 0.378 -0.255 -1.411 -1.604 -1.903 -2.079 -2.412 -2.507 -2.951 -2.979 -3.306
0.0030686 -0.70000 10.15000 0.8235423565 2.4266878236    0.793  2.950  3.5906  0.702    3  0.000  0.509    36.24    22.55    15.02    11.86     9.62  1 -4.79e-12      0.00 7.360e-01 2.608e-01 5.260e-04 1.808e-04 1.386e-03 -1.000 3.135e-03 -2.604 1.991 6.753 6.013 2.607 1.756 1.011 0.357 -0.291 -1.472 -1.668 -1.975 -2.153 -2.492 -2.591 -3.046 -3.074 -3.408
0.0030686 -0.70000 10.15000 0.8235512972 2.4266907486    0.790  2.993  3.5870  0.643    3  0.000  0.509    41.02    25.06    16.62    13.14    10.66  1 -5.58e-12      0.00 7.360e-01 2.608e-01 5.260e-04 1.808e-04 1.386e-03 -1.000 3.135e-03 -2.712 1.909 6.702 6.035 2.607 1.762 1.008 0.340 -0.323 -1.528 -1.727 -2.041 -2.221 -2.568 -2.672 -3.139 -3.168 -3.510
0.0030686 -0.70000 10.15000 0.8235592842 2.4266933615    0.787  3.034  3.5835  0.586    3  0.000  0.509    46.24    27.75    18.31    14.50    11.78  1 -6.47e-12      0.00 7.360e-01 2.608e-01 5.260e-04 1.808e-04 1.386e-03 -1.000 3.135e-03 -2.814 1.832 6.654 6.058 2.608 1.770 1.009 0.328 -0.349 -1.578 -1.780 -2.101 -2.283 -2.639 -2.747 -3.226 -3.257 -3.606
0.0030686 -0.70000 10.15000 0.8235668540 2.4266958378    0.784  3.075  3.5799  0.529    3  0.000  0.509    52.20    30.76    20.20    16.03    13.02  1  -7.5e-12      0.00 7.360e-01 2.609e-01 5.260e-04 1.809e-04 1.386e-03 -1.000 3.135e-03 -2.918 1.754 6.604 6.079 2.607 1.777 1.011 0.317 -0.375 -1.629 -1.834 -2.162 -2.346 -2.710 -2.823 -3.315 -3.346 -3.704
0.0030686 -0.70000 10.15000 0.8235738277 2.4266981191    0.780  3.115  3.5764  0.472    3  0.000  0.509    58.75    34.01    22.24    17.67    14.35  1 -8.67e-12      0.00 7.360e-01 2.609e-01 5.260e-04 1.809e-04 1.386e-03 -1.000 3.135e-03 -3.019 1.681 6.550 6.089 2.596 1.775 1.016 0.314 -0.391 -1.667 -1.875 -2.211 -2.395 -2.769 -2.889 -3.399 -3.431 -3.799
0.0030686 -0.70000 10.15000 0.8235803843 2.4267002639    0.777  3.156  3.5728  0.416    3  0.000  0.509    66.21    37.64    24.50    19.49    15.84  1    -1e-11      0.00 7.360e-01 2.609e-01 5.260e-04 1.809e-04 1.386e-03 -1.000 3.135e-03 -3.119 1.609 6.496 6.098 2.582 1.771 1.029 0.318 -0.401 -1.702 -1.914 -2.257 -2.443 -2.827 -2.955 -3.483 -3.516 -3.894
0.0030686 -0.70000 10.15000 0.8235863447 2.4267022137    0.772  3.194  3.5692  0.360    3  0.000  0.509    74.40    41.55    26.92    21.46    17.44  1 -1.15e-11      0.00 7.360e-01 2.609e-01 5.260e-04 1.809e-04 1.386e-03 -1.000 3.135e-03 -3.216 1.541 6.443 6.105 2.567 1.767 1.044 0.326 -0.405 -1.731 -1.945 -2.296 -2.483 -2.879 -3.015 -3.563 -3.597 -3.985
0.0030686 -0.70000 10.15000 0.8235918283 2.4267040074    0.768  3.232  3.5656  0.306    3  0.000  0.509    83.43    45.78    29.53    23.57    19.16  1 -1.32e-11      0.00 7.360e-01 2.609e-01 5.260e-04 1.809e-04 1.386e-03 -1.000 3.135e-03 -3.310 1.478 6.391 6.110 2.548 1.760 1.059 0.340 -0.402 -1.747 -1.964 -2.323 -2.509 -2.919 -3.066 -3.638 -3.673 -4.073
0.0030686 -0.70000 10.15000 0.8235969543 2.4267056842    0.763  3.269  3.5620  0.252    3  0.000  0.509    93.39    50.35    32.33    25.86    21.02  1 -1.51e-11      0.00 7.360e-01 2.609e-01 5.260e-04 1.809e-04 1.386e-03 -1.000 3.135e-03 -3.402 1.417 6.340 6.114 2.528 1.753 1.076 0.355 -0.397 -1.762 -1.982 -2.348 -2.535 -2.957 -3.115 -3.711 -3.746 -4.159
0.0030686 -0.70000 10.15000 0.8236018419 2.4267072829    0.758  3.305  3.5585  0.198    3  0.000  0.509   104.60    55.41    35.42    28.37    23.07  1 -1.73e-11      0.00 7.360e-01 2.609e-01 5.260e-04 1.809e-04 1.386e-03 -1.000 3.135e-03 -3.493 1.357 6.288 6.115 2.504 1.743 1.092 0.371 -0.389 -1.771 -1.993 -2.366 -2.552 -2.990 -3.161 -3.782 -3.819 -4.244
0.0030686 -0.70000 10.15000 0.8236064911 2.4267088036    0.752  3.341  3.5551  0.146    3  0.000  0.509   116.81    60.80    38.70    31.05    25.26  1 -1.97e-11      0.00 7.360e-01 2.609e-01 5.260e-04 1.809e-04 1.386e-03 -1.000 3.135e-03 -3.582 1.302 6.238 6.115 2.480 1.734 1.108 0.391 -0.374 -1.768 -1.993 -2.373 -2.557 -3.012 -3.198 -3.850 -3.888 -4.326
0.0030686 -0.70000 10.15000 0.8236099482 2.4267099344    0.747  3.366  3.5526  0.108    3  0.000  0.509   126.39    64.96    41.22    33.11    26.94  1 -2.17e-11      0.00 7.360e-01 2.609e-01 5.260e-04 1.809e-04 1.386e-03 -1.000 3.135e-03 -3.644 1.264 6.203 6.116 2.463 1.729 1.120 0.407 -0.362 -1.765 -1.991 -2.376 -2.559 -3.026 -3.224 -3.896 -3.935 -4.384
0.0030686 -0.70000 10.15000 0.8236099482 2.4267099344    0.734  1.699  3.7190  2.433    4  0.000  0.503     0.00     0.00     0.00     0.00     0.00 -1    -1e-30      0.00 7.336e-01 2.632e-01 5.240e-04 1.876e-04 1.393e-03 -1.000 3.197e-03 0.523 4.373 5.150 3.502 2.055 1.502 1.618 1.499 1.261 0.748 0.643 0.497 0.392 0.203 0.158 -0.095 -0.107 -0.270
0.0030686 -0.70000 10.15000 0.8236656785 2.4267281620    0.734  1.712  3.7180  2.416    4  0.000  0.503     0.00     0.00     0.00     0.00     0.00 -1    -1e-30      0.00 7.336e-01 2.632e-01 5.240e-04 1.876e-04 1.393e-03 -1.000 3.197e-03 0.490 4.347 5.175 3.504 2.041 1.484 1.596 1.474 1.235 0.717 0.613 0.466 0.360 0.171 0.125 -0.129 -0.141 -0.305
0.0030686 -0.70000 10.15000 0.8237184882 2.4267454316    0.734  1.715  3.7179  2.412    4  0.000  0.503     0.00     0.00     0.00     0.00     0.00 -1    -1e-30      0.00 7.336e-01 2.632e-01 5.240e-04 1.876e-04 1.393e-03 -1.000 3.197e-03 0.483 4.341 5.176 3.502 2.036 1.479 1.590 1.467 1.228 0.710 0.605 0.458 0.353 0.163 0.118 -0.137 -0.149 -0.313
0.0030686 -0.70000 10.15000 0.8237707615 2.4267625234    0.734  1.716  3.7180  2.412    4  0.000  0.503     0.00     0.00     0.00     0.00     0.00 -1    -1e-30      0.00 7.336e-01 2.632e-01 5.240e-04 1.876e-04 1.393e-03 -1.000 3.197e-03 0.480 4.337 5.165 3.494 2.031 1.474 1.585 1.463 1.224 0.707 0.602 0.455 0.349 0.160 0.115 -0.140 -0.152 -0.315
0.0030686 -0.70000 10.15000 0.8238247037 2.4267801582    0.734  1.716  3.7184  2.414    4  0.000  0.503     0.00     0.00     0.00     0.00     0.00 -1    -1e-30      0.00 7.336e-01 2.632e-01 5.240e-04 1.876e-04 1.393e-03 -1.000 3.197e-03 0.480 4.334 5.143 3.482 2.025 1.469 1.581 1.460 1.221 0.705 0.601 0.454 0.349 0.160 0.114 -0.139 -0.152 -0.315
0.0030686 -0.70000 10.15000 0.8238785267 2.4267977514    0.734  1.715  3.7190  2.417    4  0.000  0.503     0.00     0.00     0.00     0.00     0.00 -1    -1e-30      0.00 7.336e-01 2.632e-01 5.240e-04 1.876e-04 1.393e-03 -1.000 3.197e-03 0.483 4.333 5.111 3.466 2.017 1.464 1.577 1.458 1.220 0.706 0.602 0.456 0.351 0.162 0.117 -0.136 -0.148 -0.311
0.0030686 -0.70000 10.15000 0.8239329457 2.4268155368    0.734  1.713  3.7198  2.422    4  0.000  0.503     0.00     0.00     0.00     0.00     0.00 -1    -1e-30      0.00 7.336e-01 2.632e-01 5.240e-04 1.876e-04 1.393e-03 -1.000 3.197e-03 0.487 4.332 5.075 3.449 2.010 1.458 1.574 1.457 1.220 0.708 0.604 0.459 0.354 0.166 0.121 -0.131 -0.143 -0.305
0.0030686 -0.70000 10.15000 0.8239870667 2.4268332220    0.735  1.711  3.7206  2.427    4  0.000  0.503     0.00     0.00     0.00     0.00     0.00 -1    -1e-30      0.00 7.336e-01 2.632e-01 5.240e-04 1.876e-04 1.393e-03 -1.000 3.197e-03 0.492 4.331 5.041 3.431 2.003 1.454 1.572 1.456 1.220 0.711 0.608 0.462 0.358 0.171 0.126 -0.125 -0.137 -0.298
0.0030686 -0.70000 10.15000 0.8240416646 2.4268510604    0.735  1.709  3.7214  2.432    4  0.000  0.503     0.00     0.00     0.00     0.00     0.00 -1    -1e-30      0.00 7.336e-01 2.632e-01 5.240e-04 1.876e-04 1.393e-03 -1.000 3.197e-03 0.497 4.331 5.007 3.414 1.996 1.450 1.569 1.455 1.221 0.714 0.611 0.467 0.363 0.176 0.131 -0.119 -0.131 -0.291
0.0030686 -0.70000 10.15000 0.8240973949 2.4268692660    0.735  1.707  3.7221  2.438    4  0.000  0.503     0.00     0.00     0.00     0.00     0.00 -1    -1e-30      0.00 7.336e-01 2.632e-01 5.240e-04 1.876e-04 1.393e-03 -1.000 3.197e-03 0.502 4.330 4.975 3.398 1.989 1.445 1.567 1.454 1.222 0.717 0.614 0.470 0.367 0.180 0.136 -0.114 -0.125 -0.285
0.0030686 -0.70000 10.15000 0.8241539598 2.4268877413    0.735  1.705  3.7228  2.442    4  0.000  0.503     0.00     0.00     0.00     0.00     0.00 -1    -1e-30      0.00 7.336e-01 2.632e-01 5.240e-04 1.876e-04 1.393e-03 -1.000 3.197e-03 0.507 4.329 4.945 3.382 1.983 1.441 1.564 1.453 1.222 0.720 0.617 0.474 0.370 0.185 0.141 -0.108 -0.120 -0.279
0.0030686 -0.70000 10.15000 0.8242052794 2.4269045008    0.735  1.704  3.7235  2.446    4  0.000  0.503     0.00     0.00     0.00     0.00     0.00 -1    -1e-30      0.00 7.336e-01 2.632e-01 5.240e-04 1.876e-04 1.393e-03 -1.000 3.197e-03 0.510 4.328 4.919 3.369 1.977 1.437 1.562 1.453 1.222 0.722 0.619 0.476 0.373 0.188 0.144 -0.104 -0.116 -0.274
0.0030686 -0.70000 10.15000 0.8242622614 2.4269231068    0.735  1.702  3.7241  2.450    4  0.000  0.503     0.00     0.00     0.00     0.00     0.00 -1    -1e-30      0.00 7.336e-01 2.632e-01 5.240e-04 1.876e-04 1.393e-03 -1.000 3.197e-03 0.514 4.326 4.893 3.355 1.972 1.434 1.560 1.451 1.222 0.723 0.621 0.479 0.376 0.191 0.147 -0.100 -0.112 -0.269
0.0030686 -0.70000 10.15000 0.8243174553 2.4269411260    0.735  1.701  3.7246  2.453    4  0.000  0.503     0.00     0.00     0.00     0.00     0.00 -1    -1e-30      0.00 7.336e-01 2.632e-01 5.240e-04 1.876e-04 1.393e-03 -1.000 3.197e-03 0.517 4.325 4.871 3.344 1.967 1.430 1.558 1.450 1.222 0.725 0.623 0.481 0.378 0.194 0.150 -0.097 -0.109 -0.266
0.0030686 -0.70000 10.15000 0.8243712783 2.4269586950    0.735  1.701  3.7250  2.456    4  0.000  0.503     0.00     0.00     0.00     0.00     0.00 -1    -1e-30      0.00 7.336e-01 2.632e-01 5.240e-04 1.876e-04 1.393e-03 -1.000 3.197e-03 0.519 4.324 4.853 3.334 1.962 1.427 1.556 1.449 1.221 0.726 0.624 0.482 0.380 0.196 0.152 -0.095 -0.106 -0.263
0.0030686 -0.70000 10.15000 0.8243772388 2.4269606405    0.735  1.700  3.7250  2.456    4  0.000  0.503     0.00     0.00     0.00     0.00     0.00 -1    -1e-30      0.00 7.336e-01 2.632e-01 5.240e-04 1.876e-04 1.393e-03 -1.000 3.197e-03 0.519 4.324 4.851 3.333 1.962 1.427 1.555 1.449 1.221 0.726 0.624 0.482 0.380 0.196 0.152 -0.094 -0.106 -0.263
0.0030686 -0.70000 10.15000 0.8244011402 2.4269684415    0.735  1.700  3.7252  2.457    4  0.000  0.503     0.00     0.00     0.00     0.00     0.00 -1    -1e-30      0.00 7.336e-01 2.632e-01 5.240e-04 1.876e-04 1.393e-03 -1.000 3.197e-03 0.519 4.323 4.844 3.330 1.960 1.426 1.555 1.449 1.221 0.726 0.624 0.483 0.380 0.196 0.153 -0.094 -0.105 -0.262
0.0030686 -0.70000 10.15000 0.8244587183 2.4269872318    0.735  1.700  3.7255  2.458    4  0.000  0.503     0.00     0.00     0.00     0.00     0.00 -1    -1e-30      0.00 7.336e-01 2.632e-01 5.240e-04 1.876e-04 1.393e-03 -1.000 3.197e-03 0.520 4.322 4.830 3.322 1.957 1.423 1.553 1.447 1.220 0.726 0.625 0.483 0.381 0.197 0.154 -0.092 -0.104 -0.260
0.0030686 -0.70000 10.15000 0.8245118856 2.4270045800    0.735  1.700  3.7257  2.459    4  0.000  0.503     0.00     0.00     0.00     0.00     0.00 -1    -1e-30      0.00 7.336e-01 2.632e-01 5.240e-04 1.876e-04 1.393e-03 -1.000 3.197e-03 0.521 4.321 4.820 3.317 1.954 1.421 1.551 1.446 1.219 0.726 0.624 0.483 0.381 0.197 0.154 -0.092 -0.104 -0.260
0.0030686 -0.70000 10.15000 0.8245678544 2.4270228395    0.735  1.700  3.7258  2.459    4  0.000  0.503     0.00     0.00     0.00     0.00     0.00 -1    -1e-30      0.00 7.336e-01 2.632e-01 5.240e-04 1.876e-04 1.393e-03 -1.000 3.197e-03 0.520 4.319 4.815 3.313 1.952 1.419 1.549 1.444 1.218 0.724 0.623 0.482 0.380 0.196 0.153 -0.093 -0.104 -0.260
0.0030686 -0.70000 10.15000 0.8246247768 2.4270414072    0.735  1.701  3.7258  2.459    4  0.000  0.503     0.00     0.00     0.00     0.00     0.00 -1    -1e-30      0.00 7.336e-01 2.632e-01 5.240e-04 1.876e-04 1.393e-03 -1.000 3.197e-03 0.518 4.317 4.813 3.312 1.950 1.417 1.547 1.442 1.216 0.722 0.621 0.480 0.378 0.194 0.151 -0.095 -0.106 -0.262
0.0030686 -0.70000 10.15000 0.8246777654 2.4270586890    0.735  1.702  3.7257  2.457    4  0.000  0.503     0.00     0.00     0.00     0.00     0.00 -1    -1e-30      0.00 7.336e-01 2.632e-01 5.240e-04 1.876e-04 1.393e-03 -1.000 3.197e-03 0.515 4.315 4.815 3.312 1.949 1.416 1.545 1.440 1.213 0.720 0.619 0.477 0.375 0.192 0.148 -0.098 -0.109 -0.265
0.0030686 -0.70000 10.15000 0.8247339129 2.4270769983    0.735  1.704  3.7255  2.455    4  0.000  0.503     0.00     0.00     0.00     0.00     0.00 -1    -1e-30      0.00 7.336e-01 2.632e-01 5.240e-04 1.876e-04 1.393e-03 -1.000 3.197e-03 0.511 4.313 4.822 3.315 1.948 1.414 1.543 1.438 1.211 0.716 0.615 0.473 0.371 0.188 0.144 -0.102 -0.114 -0.270
0.0030686 -0.70000 10.15000 0.8247762322 2.4270907965    0.735  1.705  3.7253  2.452    4  0.000  0.503     0.00     0.00     0.00     0.00     0.00 -1    -1e-30      0.00 7.336e-01 2.632e-01 5.240e-04 1.876e-04 1.393e-03 -1.000 3.197e-03 0.507 4.311 4.829 3.317 1.948 1.413 1.542 1.436 1.208 0.713 0.612 0.470 0.368 0.184 0.140 -0.106 -0.118 -0.274
0.0030686 -0.70000 10.15000 0.8247876763 2.4270945275    0.735  1.706  3.7252  2.452    4  0.000  0.503     0.00     0.00     0.00     0.00     0.00 -1    -1e-30      0.00 7.336e-01 2.632e-01 5.240e-04 1.876e-04 1.393e-03 -1.000 3.197e-03 0.506 4.310 4.832 3.318 1.948 1.413 1.541 1.435 1.207 0.712 0.611 0.469 0.367 0.183 0.139 -0.107 -0.119 -0.275
0.0030686 -0.70000 10.15000 0.8248394132 2.4271113935    0.735  1.708  3.7247  2.447    4  0.000  0.503     0.00     0.00     0.00     0.00     0.00 -1    -1e-30      0.00 7.336e-01 2.632e-01 5.240e-04 1.876e-04 1.393e-03 -1.000 3.197e-03 0.499 4.307 4.848 3.325 1.949 1.412 1.539 1.432 1.203 0.707 0.605 0.463 0.360 0.176 0.132 -0.114 -0.126 -0.283
0.0030686 -0.70000 10.15000 0.8248931766 2.4271289175    0.736  1.712  3.7242  2.442    4  0.000  0.503     0.00     0.00     0.00     0.00     0.00 -1    -1e-30      0.00 7.336e-01 2.632e-01 5.240e-04 1.876e-04 1.393e-03 -1.000 3.197e-03 0.491 4.303 4.867 3.333 1.949 1.411 1.536 1.428 1.198 0.700 0.598 0.455 0.353 0.168 0.124 -0.123 -0.135 -0.292
0.0030686 -0.70000 10.15000 0.8249494433 2.4271472547    0.736  1.716  3.7235  2.435    4  0.000  0.503     0.00     0.00     0.00     0.00     0.00 -1    -1e-30      0.00 7.336e-01 2.632e-01 5.240e-04 1.876e-04 1.393e-03 -1.000 3.197e-03 0.481 4.298 4.892 3.343 1.950 1.410 1.533 1.423 1.192 0.692 0.589 0.446 0.343 0.158 0.114 -0.134 -0.146 -0.304
0.0030686 -0.70000 10.15000 0.8250033259 2.4271648122    0.736  1.720  3.7228  2.428    4  0.000  0.503     0.00     0.00     0.00     0.00     0.00 -1    -1e-30      0.00 7.336e-01 2.632e-01 5.240e-04 1.876e-04 1.393e-03 -1.000 3.197e-03 0.470 4.293 4.917 3.353 1.951 1.409 1.529 1.417 1.185 0.683 0.580 0.437 0.333 0.147 0.103 -0.146 -0.158 -0.316
0.0030686 -0.70000 10.15000 0.8250551820 2.4271817069    0.736  1.725  3.7220  2.420    4  0.000  0.503     0.00     0.00     0.00     0.00     0.00 -1    -1e-30      0.00 7.336e-01 2.632e-01 5.240e-04 1.876e-04 1.393e-03 -1.000 3.197e-03 0.458 4.287 4.943 3.364 1.951 1.406 1.524 1.411 1.178 0.673 0.570 0.426 0.322 0.136 0.092 -0.158 -0.170 -0.330
0.0030686 -0.70000 10.15000 0.8251070976 2.4271986185    0.736  1.730  3.7211  2.411    4  0.000  0.503     0.00     0.00     0.00     0.00     0.00 -1    -1e-30      0.00 7.336e-01 2.632e-01 5.240e-04 1.876e-04 1.393e-03 -1.000 3.197e-03 0.444 4.280 4.974 3.376 1.952 1.404 1.519 1.404 1.170 0.662 0.558 0.413 0.309 0.122 0.078 -0.173 -0.185 -0.345
0.0030686 -0.70000 10.15000 0.8251599073 2.4272158189    0.736  1.737  3.7201  2.401    4  0.000  0.503     0.00     0.00     0.00     0.00     0.00 -1    -1e-30      0.00 7.336e-01 2.632e-01 5.240e-04 1.876e-04 1.393e-03 -1.000 3.197e-03 0.429 4.273 5.008 3.390 1.952 1.401 1.514 1.396 1.160 0.649 0.545 0.399 0.295 0.107 0.062 -0.190 -0.202 -0.363
0.0030686 -0.70000 10.15000 0.8252120018 2.4272327838    0.736  1.743  3.7192  2.391    4  0.000  0.503     0.00     0.00     0.00     0.00     0.00 -1    -1e-30      0.00 7.336e-01 2.632e-01 5.240e-04 1.876e-04 1.393e-03 -1.000 3.197e-03 0.413 4.263 5.044 3.403 1.953 1.399 1.507 1.388 1.150 0.636 0.531 0.385 0.280 0.092 0.047 -0.206 -0.218 -0.381
0.0030686 -0.70000 10.15000 0.8252686858 2.4272512406    0.736  1.744  3.7192  2.390    4  0.000  0.503     0.00     0.00     0.00     0.00     0.00 -1    -1e-30      0.00 7.336e-01 2.632e-01 5.240e-04 1.876e-04 1.393e-03 -1.000 3.197e-03 0.411 4.261 5.040 3.401 1.950 1.396 1.505 1.385 1.148 0.634 0.529 0.383 0.278 0.090 0.045 -0.208 -0.220 -0.383
0.0030686 -0.70000 10.15000 0.8253220320 2.4272686079    0.736  1.752  3.7179  2.376    4  0.000  0.503     0.00     0.00     0.00     0.00     0.00 -1    -1e-30      0.00 7.336e-01 2.632e-01 5.240e-04 1.876e-04 1.393e-03 -1.000 3.197e-03 0.390 4.250 5.096 3.423 1.953 1.395 1.499 1.376 1.135 0.617 0.512 0.365 0.260 0.070 0.025 -0.230 -0.242 -0.406
0.0030686 -0.70000 10.15000 0.8253760338 2.4272861859    0.736  1.771  3.7152  2.347    4  0.000  0.503     0.00     0.00     0.00     0.00     0.00 -1    -1e-30      0.00 7.336e-01 2.632e-01 5.240e-04 1.876e-04 1.393e-03 -1.000 3.197e-03 0.342 4.221 5.200 3.462 1.953 1.386 1.479 1.349 1.105 0.578 0.472 0.322 0.216 0.024 -0.022 -0.280 -0.292 -0.459
0.0030686 -0.70000 10.15000 0.8254286647 2.4273033152    0.736  1.801  3.7113  2.301    4  0.000  0.503     0.00     0.00     0.00     0.00     0.00 -1    -1e-30      0.00 7.336e-01 2.632e-01 5.240e-04 1.876e-04 1.393e-03 -1.000 3.197e-03 0.267 4.173 5.347 3.514 1.949 1.369 1.447 1.307 1.055 0.515 0.407 0.255 0.147 -0.049 -0.096 -0.357 -0.370 -0.541
0.0030686 -0.70000 10.15000 0.8254600167 2.4273135179    0.736  1.836  3.7068  2.248    4  0.000  0.503     0.00     0.00     0.00     0.00     0.00 -1    -1e-30      0.00 7.336e-01 2.632e-01 5.240e-04 1.876e-04 1.393e-03 -1.000 3.197e-03 0.180 4.113 5.524 3.579 1.945 1.351 1.410 1.258 0.998 0.443 0.333 0.177 0.066 -0.133 -0.181 -0.448 -0.461 -0.636
0.0030686 -0.70000 10.15000 0.8254750967 2.4273184249    0.736  1.871  3.7025  2.196    4  0.000  0.503     0.00     0.00     0.00     0.00     0.00 -1    -1e-30      0.00 7.336e-01 2.632e-01 5.240e-04 1.876e-04 1.393e-03 -1.000 3.197e-03 0.093 4.052 5.696 3.641 1.941 1.333 1.373 1.209 0.941 0.371 0.259 0.100 -0.013 -0.215 -0.264 -0.536 -0.550 -0.730
0.0030686 -0.70000 10.15000 0.8254832029 2.4273210626    0.736  1.910  3.6978  2.139    4  0.000  0.503     0.00     0.00     0.00     0.00     0.00 -1    -1e-30      0.00 7.336e-01 2.632e-01 5.240e-04 1.876e-04 1.393e-03 -1.000 3.197e-03 -0.004 3.982 5.878 3.711 1.936 1.313 1.332 1.155 0.878 0.292 0.178 0.014 -0.100 -0.307 -0.357 -0.635 -0.649 -0.834
0.0030686 -0.70000 10.15000 0.8254869580 2.4273222845    0.736  1.947  3.6933  2.083    4  0.000  0.503     0.00     0.00     0.00     0.00     0.00 -1    -1e-30      0.00 7.336e-01 2.632e-01 5.240e-04 1.876e-04 1.393e-03 -1.000 3.197e-03 -0.098 3.912 6.047 3.780 1.933 1.295 1.293 1.102 0.817 0.216 0.100 -0.068 -0.184 -0.395 -0.446 -0.729 -0.744 -0.934
0.0030686 -0.70000 10.15000 0.8254890442 2.4273229633    0.736  1.985  3.6890  2.028    4  0.000  0.503     0.00     0.00     0.00     0.00     0.00 -1    -1e-30      0.00 7.336e-01 2.632e-01 5.240e-04 1.876e-04 1.393e-03 -1.000 3.197e-03 -0.192 3.841 6.191 3.843 1.928 1.277 1.253 1.050 0.756 0.140 0.021 -0.150 -0.269 -0.483 -0.536 -0.824 -0.839 -1.033
0.0030686 -0.70000 10.15000 0.8254902363 2.4273233512    0.736  2.019  3.6853  1.979    4  0.000  0.503     0.00     0.00     0.00     0.00     0.00 -1    -1e-30      0.00 7.336e-01 2.632e-01 5.240e-04 1.876e-04 1.393e-03 -1.000 3.197e-03 -0.277 3.775 6.263 3.906 1.933 1.269 1.220 1.004 0.703 0.072 -0.049 -0.223 -0.344 -0.561 -0.615 -0.907 -0.923 -1.121
0.0030686 -0.70000 10.15000 0.8254907727 2.4273235257    0.736  2.038  3.6832  1.952    7  0.000  0.503     0.00     0.00     0.00     0.00     0.00 -1 -2.44e-25      0.00 7.336e-01 2.628e-01 5.240e-04 1.876e-04 1.393e-03 -1.000 3.602e-03 -0.326 3.737 6.266 3.963 1.954 1.277 1.208 0.983 0.673 0.031 -0.091 -0.268 -0.390 -0.608 -0.663 -0.956 -0.973 -1.173
0.0030686 -0.70000 10.15000 0.8254908323 2.4273235451    0.736  2.039  3.6832  1.951    7  0.000  0.503     0.00     0.00     0.00     0.00     0.00 -1 -2.14e-10      0.00 7.336e-01 2.617e-01 5.240e-04 1.876e-04 1.393e-03 -1.000 4.723e-03 -0.327 3.736 6.266 3.964 1.954 1.277 1.208 0.982 0.673 0.030 -0.092 -0.269 -0.391 -0.609 -0.664 -0.958 -0.974 -1.174
0.0030686 -0.70000 10.15000 0.8254917860 2.4273238554    0.736  2.081  3.6789  1.892    7  0.000  0.503     0.00     0.00     0.00     0.00     0.00 -1 -1.39e-09      0.00 7.336e-01 2.616e-01 5.240e-04 1.876e-04 1.393e-03 -1.000 4.773e-03 -0.431 3.654 6.303 4.078 1.987 1.286 1.179 0.934 0.609 -0.058 -0.183 -0.364 -0.488 -0.710 -0.765 -1.063 -1.080 -1.284
0.0030686 -0.70000 10.15000 0.8254926801 2.4273241463    0.736  2.116  3.6754  1.842    7  0.000  0.503     0.00     0.00     0.00     0.00     0.00 -1 -1.68e-09      0.00 7.336e-01 2.616e-01 5.240e-04 1.876e-04 1.393e-03 -1.000 4.773e-03 -0.520 3.583 6.349 4.183 2.015 1.294 1.156 0.895 0.556 -0.131 -0.259 -0.443 -0.571 -0.795 -0.851 -1.153 -1.169 -1.377
0.0030686 -0.70000 10.15000 0.8254935145 2.4273244179    0.736  2.138  3.6732  1.811    7  0.000  0.503     0.00     0.00     0.00     0.00     0.00 -1  -1.9e-09      0.00 7.336e-01 2.616e-01 5.240e-04 1.876e-04 1.393e-03 -1.000 4.773e-03 -0.575 3.539 6.379 4.248 2.032 1.299 1.142 0.871 0.524 -0.176 -0.306 -0.493 -0.622 -0.848 -0.905 -1.208 -1.225 -1.435
0.0030686 -0.70000 10.15000 0.8254944086 2.4273247088    0.736  2.146  3.6725  1.801    7  0.000  0.503     0.00     0.00     0.00     0.00     0.00 -1 -1.99e-09      0.00 7.336e-01 2.616e-01 5.240e-04 1.876e-04 1.393e-03 -1.000 4.773e-03 -0.595 3.523 6.389 4.269 2.037 1.300 1.137 0.862 0.512 -0.193 -0.323 -0.511 -0.640 -0.867 -0.924 -1.228 -1.245 -1.456
0.0030686 -0.70000 10.15000 0.8254958391 2.4273251742    0.736  2.152  3.6720  1.793    7  0.000  0.503     0.00     0.00     0.00     0.00     0.00 -1 -2.05e-09      0.00 7.336e-01 2.616e-01 5.240e-04 1.876e-04 1.393e-03 -1.000 4.773e-03 -0.609 3.512 6.394 4.282 2.040 1.300 1.133 0.856 0.503 -0.204 -0.335 -0.523 -0.653 -0.880 -0.937 -1.242 -1.258 -1.470
0.0030686 -0.70000 10.15000 0.8254978657 2.4273258336    0.736  2.135  3.6736  1.816    7  0.000  0.503     0.00     0.00     0.00     0.00     0.00 -1 -1.87e-09      0.00 7.336e-01 2.616e-01 5.240e-04 1.876e-04 1.393e-03 -1.000 4.773e-03 -0.568 3.545 6.372 4.237 2.028 1.297 1.143 0.873 0.527 -0.171 -0.300 -0.487 -0.615 -0.841 -0.898 -1.201 -1.218 -1.427
0.0030686 -0.70000 10.15000 0.8255002499 2.4273266094    0.735  2.127  3.6744  1.827    7  0.000  0.503     0.00     0.00     0.00     0.00     0.00 -1 -1.79e-09      0.00 7.336e-01 2.616e-01 5.240e-04 1.876e-04 1.393e-03 -1.000 4.773e-03 -0.547 3.561 6.362 4.214 2.023 1.296 1.149 0.883 0.540 -0.154 -0.282 -0.468 -0.596 -0.822 -0.878 -1.180 -1.197 -1.406
0.0030686 -0.70000 10.15000 0.8255093694 2.4273295766    0.735  2.118  3.6752  1.839    7  0.000  0.503     0.00     0.00     0.00     0.00     0.00 -1 -1.71e-09      0.00 7.336e-01 2.616e-01 5.240e-04 1.876e-04 1.393e-03 -1.000 4.773e-03 -0.525 3.579 6.350 4.189 2.017 1.295 1.155 0.893 0.553 -0.135 -0.263 -0.448 -0.575 -0.800 -0.856 -1.158 -1.174 -1.382
0.0030686 -0.70000 10.15000 0.8255375028 2.4273387298    0.732  2.140  3.6730  1.807    7  0.000  0.503     0.00     0.00     0.00     0.00     0.00 -1 -1.96e-09      0.00 7.336e-01 2.616e-01 5.240e-04 1.876e-04 1.393e-03 -1.000 4.773e-03 -0.580 3.536 6.384 4.258 2.037 1.302 1.143 0.871 0.522 -0.180 -0.310 -0.497 -0.626 -0.853 -0.909 -1.213 -1.229 -1.440
0.0030686 -0.70000 10.15000 0.8255552053 2.4273444890    0.730  2.175  3.6695  1.757    7  0.000  0.503     0.00     0.00     0.00     0.00     0.00 -1 -2.39e-09      0.00 7.336e-01 2.616e-01 5.240e-04 1.876e-04 1.393e-03 -1.000 4.773e-03 -0.666 3.468 6.436 4.364 2.066 1.313 1.124 0.835 0.473 -0.250 -0.383 -0.573 -0.705 -0.935 -0.992 -1.299 -1.316 -1.530
0.0030686 -0.70000 10.15000 0.8255751133 2.4273509653    0.728  2.224  3.6645  1.686    7  0.000  0.503     0.00     0.00     0.00     0.00     0.00 -1 -3.18e-09      0.00 7.336e-01 2.616e-01 5.240e-04 1.876e-04 1.393e-03 -1.000 4.773e-03 -0.790 3.370 6.504 4.524 2.112 1.333 1.102 0.789 0.406 -0.348 -0.485 -0.681 -0.816 -1.050 -1.108 -1.421 -1.438 -1.657
0.0030686 -0.70000 10.15000 0.8255931139 2.4273568208    0.725  2.271  3.6600  1.619    7  0.000  0.503     0.00     0.00     0.00     0.00     0.00 -1 -4.17e-09      0.00 7.336e-01 2.616e-01 5.240e-04 1.876e-04 1.393e-03 -1.000 4.773e-03 -0.907 3.277 6.561 4.657 2.150 1.350 1.082 0.745 0.342 -0.440 -0.581 -0.782 -0.920 -1.158 -1.217 -1.534 -1.552 -1.776
0.0030686 -0.70000 10.15000 0.8256087899 2.4273619199    0.721  2.313  3.6560  1.559    7  0.000  0.503     0.00     0.00     0.00     0.00     0.00 -1  -5.3e-09      0.00 7.336e-01 2.616e-01 5.240e-04 1.876e-04 1.393e-03 -1.000 4.773e-03 -1.013 3.193 6.581 4.763 2.183 1.366 1.065 0.707 0.286 -0.521 -0.666 -0.872 -1.012 -1.254 -1.314 -1.636 -1.653 -1.881
0.0030686 -0.70000 10.15000 0.8256226182 2.4273664178    0.717  2.355  3.6521  1.499    7  0.000  0.503     0.00     0.00     0.00     0.00     0.00 -1 -6.77e-09      0.00 7.336e-01 2.616e-01 5.240e-04 1.876e-04 1.393e-03 -1.000 4.772e-03 -1.116 3.110 6.611 4.864 2.213 1.382 1.050 0.671 0.232 -0.601 -0.749 -0.959 -1.102 -1.347 -1.408 -1.734 -1.752 -1.985
0.0030686 -0.70000 10.15000 0.8256347179 2.4273703533    0.713  2.395  3.6483  1.441    7  0.000  0.503     0.00     0.00     0.00     0.00     0.00 -1 -8.56e-09      0.00 7.336e-01 2.617e-01 5.240e-04 1.876e-04 1.393e-03 -1.000 4.743e-03 -1.217 3.030 6.671 4.949 2.229 1.391 1.029 0.631 0.179 -0.674 -0.825 -1.040 -1.185 -1.434 -1.497 -1.829 -1.847 -2.085
0.0030686 -0.70000 10.15000 0.8256453872 2.4273738234    0.708  2.435  3.6446  1.384    7  0.000  0.503     0.00     0.00     0.00     0.00     0.00 -1 -1.08e-08      0.00 7.336e-01 2.617e-01 5.239e-04 1.876e-04 1.393e-03 -1.000 4.734e-03 -1.316 2.951 6.717 5.034 2.247 1.402 1.010 0.594 0.129 -0.744 -0.898 -1.117 -1.264 -1.519 -1.583 -1.921 -1.939 -2.183
0.0030686 -0.70000 10.15000 0.8256550431 2.4273769639    0.702  2.474  3.6409  1.326    7  0.000  0.502     0.00     0.00     0.00     0.00     0.00 -1 -1.35e-08      0.00 7.336e-01 2.617e-01 5.235e-04 1.877e-04 1.393e-03 -1.000 4.716e-03 -1.415 2.873 6.761 5.117 2.264 1.414 0.992 0.557 0.080 -0.813 -0.970 -1.194 -1.344 -1.603 -1.668 -2.012 -2.031 -2.280
0.0030686 -0.70000 10.15000 0.8256638050 2.4273798135    0.695  2.513  3.6369  1.267    7  0.000  0.501    10.53     7.86     5.47     4.27     3.46  3 -1.71e-08      0.00 7.336e-01 2.618e-01 5.225e-04 1.882e-04 1.393e-03 -1.000 4.613e-03 -1.514 2.797 6.803 5.211 2.291 1.436 0.981 0.526 0.036 -0.878 -1.038 -1.268 -1.420 -1.684 -1.752 -2.102 -2.122 -2.376
0.0030686 -0.70000 10.15000 0.8256718516 2.4273824304    0.688  2.553  3.6322  1.204    7  0.000  0.499    12.01     8.78     6.08     4.76     3.85  2 -2.18e-08      0.00 7.337e-01 2.618e-01 5.205e-04 1.898e-04 1.393e-03 -1.000 4.576e-03 -1.612 2.726 6.861 5.333 2.338 1.477 0.985 0.508 0.003 -0.936 -1.099 -1.336 -1.490 -1.761 -1.831 -2.189 -2.210 -2.471
0.0030686 -0.70000 10.15000 0.8256776333 2.4273843107    0.681  2.583  3.6280  1.153    7  0.000  0.496    13.35     9.60     6.63     5.19     4.20  2 -2.61e-08      0.00 7.336e-01 2.618e-01 5.175e-04 1.926e-04 1.393e-03 -1.000 4.598e-03 -1.687 2.674 6.906 5.444 2.389 1.524 1.001 0.505 -0.014 -0.974 -1.140 -1.383 -1.540 -1.816 -1.888 -2.254 -2.275 -2.543
0.0030686 -0.70000 10.15000 0.8256846666 2.4273865980    0.671  2.621  3.6225  1.085    7  0.000  0.491    15.36    10.80     7.41     5.82     4.71  2 -3.33e-08      0.00 7.336e-01 2.618e-01 5.128e-04 1.978e-04 1.393e-03 -1.000 4.616e-03 -1.783 2.610 6.953 5.591 2.464 1.595 1.030 0.509 -0.028 -1.018 -1.188 -1.439 -1.599 -1.883 -1.958 -2.334 -2.356 -2.633
0.0030686 -0.70000 10.15000 0.8256915212 2.4273888271    0.658  2.660  3.6180  1.020    7  0.000  0.485    17.57    12.09     8.25     6.50     5.26  2 -4.32e-08      0.00 7.336e-01 2.619e-01 5.070e-04 2.045e-04 1.393e-03 -1.000 4.552e-03 -1.880 2.540 6.970 5.696 2.511 1.641 1.040 0.498 -0.055 -1.070 -1.244 -1.502 -1.665 -1.955 -2.033 -2.418 -2.441 -2.725
0.0030686 -0.70000 10.15000 0.8256981373 2.4273909786    0.643  2.699  3.6143  0.956    7  0.000  0.479    20.04    13.49     9.16     7.23     5.85  2 -5.64e-08      0.00 7.336e-01 2.619e-01 5.012e-04 2.116e-04 1.393e-03 -1.000 4.575e-03 -1.977 2.466 6.961 5.771 2.543 1.673 1.043 0.481 -0.087 -1.127 -1.304 -1.569 -1.734 -2.031 -2.110 -2.504 -2.528 -2.818
0.0030686 -0.70000 10.15000 0.8257045150 2.4273930526    0.622  2.739  3.6113  0.890    7  0.000  0.474    22.91    15.07    10.17     8.05     6.52  1 -7.58e-08      0.00 7.336e-01 2.619e-01 4.958e-04 2.181e-04 1.393e-03 -1.000 4.568e-03 -2.076 2.386 6.938 5.823 2.559 1.691 1.034 0.455 -0.129 -1.191 -1.372 -1.642 -1.809 -2.112 -2.194 -2.594 -2.618 -2.914
0.0030686 -0.70000 10.15000 0.8257101774 2.4273948939    0.597  2.777  3.6095  0.827    7  0.000  0.470    26.00    16.72    11.22     8.91     7.21  1 -1.03e-07      0.00 7.335e-01 2.619e-01 4.912e-04 2.237e-04 1.393e-03 -1.000 4.510e-03 -2.172 2.303 6.896 5.839 2.549 1.682 1.005 0.412 -0.184 -1.265 -1.448 -1.722 -1.891 -2.197 -2.280 -2.685 -2.710 -3.009
0.0030686 -0.70000 10.15000 0.8257153630 2.4273965802    0.566  2.818  3.6103  0.766    7  0.000  0.466    29.33    18.41    12.29     9.79     7.92  1 -1.48e-07      0.00 7.335e-01 2.620e-01 4.872e-04 2.286e-04 1.393e-03 -1.000 4.494e-03 -2.274 2.199 6.807 5.774 2.476 1.609 0.922 0.323 -0.282 -1.369 -1.553 -1.828 -1.997 -2.304 -2.386 -2.791 -2.815 -3.114
0.0030686 -0.70000 10.15000 0.8257194161 2.4273978982    0.531  2.857  3.6202  0.740    7  0.000  0.463    30.69    19.01    12.65    10.11     8.18  1  -2.1e-07      0.00 7.335e-01 2.620e-01 4.838e-04 2.328e-04 1.393e-03 -1.000 4.503e-03 -2.371 2.046 6.564 5.410 2.176 1.311 0.652 0.078 -0.510 -1.562 -1.741 -2.002 -2.167 -2.461 -2.537 -2.922 -2.945 -3.229
0.0030686 -0.70000 10.15000 0.8257210255 2.4273984215    0.506  2.874  3.6390  0.775    7  0.000  0.461    28.12    17.59    11.74     9.38     7.58  1 -2.41e-07      0.00 7.335e-01 2.620e-01 4.817e-04 2.355e-04 1.393e-03 -1.000 4.517e-03 -2.416 1.899 6.145 4.723 1.676 0.820 0.240 -0.268 -0.806 -1.775 -1.943 -2.179 -2.335 -2.605 -2.672 -3.024 -3.043 -3.298
0.0030686 -0.70000 10.15000 1.0486643314 2.4825612134    0.536 -9.999  3.5753  7.941    9  0.536  0.000     0.00     0.00     0.00     0.00     0.00 -1    -1e-30      0.00 7.220e-01 2.748e-01 4.781e-04 2.865e-04 1.422e-03 -1.000 3.258e-03 29.767 34.225 38.805 37.485 34.374 33.523 33.206 32.623 32.131 30.944 30.756 30.426 30.232 29.868 29.702 29.122 29.088 28.741
