 Zini     MH   logAge Mini        int_IMF         Mass   logL    logTe  logg  label   McoreTP C_O  period0  period1  period2  period3  period4  pmode  Mloss  tau1m   X   Y   Xc  Xn  Xo  Cexcess  Z 	 mbolmag  F170Wmag  F218Wmag  F255Wmag  F300Wmag  F336Wmag  F380Wmag  F439Wmag  F450Wmag  F555Wmag  F569Wmag  F606Wmag  F622Wmag  F675Wmag  F702Wmag  F791Wmag  F814Wmag  F850LPmag
0.0060543 -0.40000 9.85000 0.0900000110 1.0816896640    0.090 -3.346  3.3972  5.279    1  0.000  0.545     0.00     0.00     0.00     0.00     0.00 -1 -4.34e-17      0.00 7.338e-01 2.601e-01 1.090e-03 2.941e-04 2.668e-03 -1.000 6.063e-03 13.134 18.570 23.470 24.204 20.283 20.264 21.253 20.217 19.219 17.761 17.549 16.936 16.848 15.740 14.905 13.439 13.278 12.341
0.0060543 -0.40000 9.85000 0.0992661491 1.1649468934    0.099 -3.154  3.4253  5.241    1  0.000  0.545     0.00     0.00     0.00     0.00     0.00 -1 -6.72e-17      0.00 7.334e-01 2.605e-01 1.090e-03 2.941e-04 2.668e-03 -1.000 6.063e-03 12.654 18.028 22.932 23.640 19.692 19.575 20.332 19.362 18.438 16.997 16.785 16.202 16.105 15.063 14.283 12.873 12.727 11.833
0.0060543 -0.40000 9.85000 0.1177984253 1.3046302703    0.118 -2.904  3.4555  5.186    1  0.000  0.545     0.00     0.00     0.00     0.00     0.00 -1 -1.17e-16      0.00 7.327e-01 2.612e-01 1.090e-03 2.941e-04 2.668e-03 -1.000 6.063e-03 12.029 17.176 22.085 22.616 18.624 18.211 18.372 17.551 16.821 15.455 15.248 14.758 14.635 13.795 13.187 11.958 11.858 11.111
0.0060543 -0.40000 9.85000 0.1363307089 1.4183172268    0.136 -2.723  3.4750  5.147    1  0.000  0.545     0.00     0.00     0.00     0.00     0.00 -1 -1.72e-16      0.00 7.320e-01 2.619e-01 1.090e-03 2.941e-04 2.668e-03 -1.000 6.063e-03 11.578 16.588 21.490 21.800 17.847 17.279 17.171 16.433 15.794 14.461 14.255 13.819 13.677 12.965 12.464 11.358 11.278 10.617
0.0060543 -0.40000 9.85000 0.1548629850 1.5135023696    0.155 -2.584  3.4885  5.117    1  0.000  0.545     0.00     0.00     0.00     0.00     0.00 -1 -2.31e-16      0.00 7.315e-01 2.625e-01 1.090e-03 2.941e-04 2.668e-03 -1.000 6.063e-03 11.229 16.147 21.036 21.134 17.253 16.596 16.348 15.662 15.072 13.759 13.553 13.147 12.993 12.364 11.935 10.919 10.851 10.247
0.0060543 -0.40000 9.85000 0.1919275373 1.6657517084    0.191 -2.372  3.5063  5.069    1  0.000  0.545     0.00     0.00     0.00     0.00     0.00 -1 -3.56e-16      0.00 7.305e-01 2.634e-01 1.090e-03 2.941e-04 2.668e-03 -1.000 6.063e-03 10.701 15.509 20.365 20.139 16.396 15.658 15.289 14.661 14.121 12.844 12.641 12.267 12.101 11.558 11.208 10.299 10.242 9.703
0.0060543 -0.40000 9.85000 0.2382582426 1.8095781049    0.237 -2.168  3.5213  5.019    1  0.000  0.545     0.00     0.00     0.00     0.00     0.00 -1 -5.42e-16      0.00 7.297e-01 2.643e-01 1.090e-03 2.941e-04 2.668e-03 -1.000 6.062e-03 10.191 14.916 19.731 19.208 15.619 14.834 14.398 13.810 13.301 12.056 11.855 11.500 11.327 10.841 10.549 9.728 9.679 9.187
0.0060543 -0.40000 9.85000 0.2845889330 1.9209782764    0.283 -2.006  3.5317  4.975    1  0.000  0.545     0.00     0.00     0.00     0.00     0.00 -1 -7.56e-16      0.00 7.293e-01 2.647e-01 1.090e-03 2.941e-04 2.668e-03 -1.000 6.063e-03 9.785 14.461 19.241 18.551 15.042 14.235 13.766 13.200 12.713 11.498 11.299 10.956 10.780 10.324 10.061 9.289 9.243 8.780
0.0060543 -0.40000 9.85000 0.3134022653 1.9790001809    0.312 -1.916  3.5370  4.948    1  0.000  0.545     0.00     0.00     0.00     0.00     0.00 -1 -9.15e-16      0.00 7.316e-01 2.624e-01 1.090e-03 2.941e-04 2.668e-03 -1.000 6.063e-03 9.559 14.212 18.973 18.207 14.734 13.919 13.436 12.880 12.403 11.202 11.005 10.666 10.489 10.046 9.797 9.049 9.005 8.555
0.0060543 -0.40000 9.85000 0.3309196234 2.0109886608    0.330 -1.865  3.5399  4.933    1  0.000  0.545     0.00     0.00     0.00     0.00     0.00 -1 -1.02e-15      0.00 7.328e-01 2.612e-01 1.090e-03 2.941e-04 2.668e-03 -1.000 6.063e-03 9.431 14.071 18.822 18.013 14.561 13.741 13.251 12.699 12.228 11.035 10.839 10.503 10.325 9.889 9.648 8.913 8.871 8.427
0.0060543 -0.40000 9.85000 0.3772503436 2.0859465211    0.376 -1.725  3.5491  4.887    1  0.000  0.545     0.00     0.00     0.00     0.00     0.00 -1 -1.39e-15      0.00 7.347e-01 2.593e-01 1.090e-03 2.941e-04 2.668e-03 -1.000 6.063e-03 9.083 13.684 18.401 17.473 14.079 13.247 12.739 12.200 11.743 10.574 10.380 10.051 9.872 9.456 9.237 8.543 8.504 8.082
0.0060543 -0.40000 9.85000 0.4099163711 2.1319490076    0.409 -1.620  3.5576  4.853    1  0.000  0.545     0.00     0.00     0.00     0.00     0.00 -1 -1.76e-15      0.00 7.347e-01 2.592e-01 1.090e-03 2.941e-04 2.668e-03 -1.000 6.063e-03 8.821 13.387 18.070 17.033 13.700 12.861 12.341 11.811 11.362 10.213 10.022 9.697 9.516 9.117 8.919 8.264 8.227 7.825
0.0060543 -0.40000 9.85000 0.4235810041 2.1498006987    0.423 -1.579  3.5610  4.839    1  0.000  0.545     0.00     0.00     0.00     0.00     0.00 -1 -1.94e-15      0.00 7.347e-01 2.592e-01 1.090e-03 2.941e-04 2.668e-03 -1.000 6.063e-03 8.718 13.271 17.939 16.858 13.552 12.710 12.186 11.659 11.213 10.071 9.881 9.557 9.376 8.983 8.793 8.154 8.118 7.724
0.0060543 -0.40000 9.85000 0.4699116945 2.2051652544    0.469 -1.423  3.5759  4.788    1  0.000  0.545     0.00     0.00     0.00     0.00     0.00 -1  -2.8e-15      0.00 7.347e-01 2.592e-01 1.090e-03 2.941e-04 2.668e-03 -1.000 6.063e-03 8.327 12.823 17.422 16.170 12.969 12.117 11.585 11.067 10.630 9.521 9.336 9.019 8.836 8.467 8.311 7.739 7.706 7.346
0.0060543 -0.40000 9.85000 0.5162424445 2.2535938952    0.516 -1.255  3.5952  4.738    1  0.000  0.545     0.00     0.00     0.00     0.00     0.00 -1 -4.16e-15      0.00 7.411e-01 2.530e-01 1.066e-03 2.875e-04 2.608e-03 -1.000 5.929e-03 7.908 12.337 16.830 15.382 12.300 11.443 10.921 10.413 9.988 8.929 8.751 8.443 8.261 7.918 7.795 7.297 7.267 6.945
0.0060543 -0.40000 9.85000 0.5216966867 2.2587551222    0.521 -1.234  3.5981  4.733    1  0.000  0.545     0.00     0.00     0.00     0.00     0.00 -1 -4.37e-15      0.00 7.427e-01 2.514e-01 1.059e-03 2.858e-04 2.593e-03 -1.000 5.895e-03 7.854 12.274 16.751 15.279 12.208 11.350 10.831 10.324 9.902 8.851 8.675 8.369 8.187 7.848 7.729 7.240 7.211 6.894
0.0060543 -0.40000 9.85000 0.5625730753 2.2938009803    0.562 -1.080  3.6193  4.697    1  0.000  0.545     0.00     0.00     0.00     0.00     0.00 -1 -6.24e-15      0.00 7.540e-01 2.404e-01 1.017e-03 2.744e-04 2.490e-03 -1.000 5.657e-03 7.471 11.826 16.171 14.541 11.532 10.668 10.187 9.684 9.285 8.307 8.143 7.854 7.675 7.365 7.270 6.842 6.816 6.532
0.0060543 -0.40000 9.85000 0.5645048022 2.2953133293    0.564 -1.073  3.6205  4.696    1  0.000  0.545     0.00     0.00     0.00     0.00     0.00 -1 -6.35e-15      0.00 7.541e-01 2.403e-01 1.016e-03 2.743e-04 2.489e-03 -1.000 5.655e-03 7.452 11.804 16.140 14.501 11.495 10.632 10.154 9.651 9.254 8.279 8.116 7.829 7.650 7.342 7.247 6.823 6.797 6.515
0.0060543 -0.40000 9.85000 0.6089037657 2.3270546771    0.608 -0.909  3.6472  4.672    1  0.000  0.544     0.00     0.00     0.00     0.00     0.00 -1 -9.15e-15      0.00 7.566e-01 2.378e-01 1.007e-03 2.719e-04 2.467e-03 -1.000 5.586e-03 7.043 11.299 15.366 13.504 10.589 9.724 9.362 8.876 8.520 7.662 7.520 7.265 7.094 6.827 6.755 6.397 6.376 6.135
0.0060543 -0.40000 9.85000 0.6377135515 2.3449543864    0.637 -0.804  3.6659  4.662    1  0.000  0.544     0.00     0.00     0.00     0.00     0.00 -1 -1.15e-14      0.00 7.582e-01 2.362e-01 1.002e-03 2.705e-04 2.455e-03 -1.000 5.557e-03 6.779 10.953 14.622 12.513 9.857 9.019 8.787 8.352 8.027 7.257 7.129 6.901 6.742 6.501 6.440 6.122 6.104 5.889
0.0060543 -0.40000 9.85000 0.6552345157 2.3549594791    0.655 -0.741  3.6770  4.656    1  0.000  0.544     0.00     0.00     0.00     0.00     0.00 -1 -1.32e-14      0.00 7.592e-01 2.353e-01 9.986e-04 2.696e-04 2.447e-03 -1.000 5.540e-03 6.623 10.747 14.077 11.863 9.422 8.613 8.457 8.061 7.751 7.030 6.908 6.696 6.545 6.317 6.261 5.961 5.944 5.743
0.0060543 -0.40000 9.85000 0.6826380491 2.3694299244    0.683 -0.646  3.6926  4.641    1  0.000  0.544     0.00     0.00     0.00     0.00     0.00 -1 -1.64e-14      0.00 7.611e-01 2.334e-01 9.916e-04 2.678e-04 2.431e-03 -1.000 5.507e-03 6.386 10.439 13.229 10.972 8.813 8.055 7.995 7.657 7.367 6.707 6.592 6.400 6.261 6.049 5.997 5.718 5.704 5.520
0.0060543 -0.40000 9.85000 0.7015651464 2.3786689422    0.701 -0.582  3.7032  4.631    1  0.000  0.544     0.00     0.00     0.00     0.00     0.00 -1  -1.9e-14      0.00 7.623e-01 2.321e-01 9.866e-04 2.666e-04 2.420e-03 -1.000 5.539e-03 6.225 10.230 12.602 10.405 8.415 7.693 7.696 7.398 7.120 6.497 6.387 6.207 6.076 5.873 5.825 5.558 5.545 5.372
0.0060543 -0.40000 9.85000 0.7188816667 2.3866335343    0.719 -0.524  3.7125  4.620    1  0.000  0.541     0.00     0.00     0.00     0.00     0.00 -1 -2.17e-14      0.00 7.637e-01 2.308e-01 9.772e-04 2.651e-04 2.408e-03 -1.000 5.491e-03 6.079 10.039 12.030 9.927 8.070 7.381 7.436 7.172 6.905 6.313 6.207 6.038 5.913 5.718 5.672 5.416 5.404 5.240
0.0060543 -0.40000 9.85000 0.7391012311 2.3953923541    0.739 -0.456  3.7231  4.607    1  0.000  0.538     0.00     0.00     0.00     0.00     0.00 -1 -2.54e-14      0.00 7.654e-01 2.292e-01 9.665e-04 2.635e-04 2.394e-03 -1.000 5.447e-03 5.910 9.816 11.369 9.414 7.690 7.039 7.147 6.920 6.666 6.107 6.004 5.846 5.728 5.541 5.498 5.253 5.242 5.089
0.0060543 -0.40000 9.85000 0.7514940500 2.4004936367    0.751 -0.415  3.7294  4.598    1  0.000  0.536     0.00     0.00     0.00     0.00     0.00 -1  -2.8e-14      0.00 7.663e-01 2.282e-01 9.601e-04 2.625e-04 2.386e-03 -1.000 5.417e-03 5.807 9.678 10.970 9.115 7.466 6.837 6.976 6.770 6.523 5.984 5.884 5.731 5.617 5.435 5.393 5.155 5.144 4.998
0.0060543 -0.40000 9.85000 0.7601854801 2.4039574201    0.760 -0.386  3.7334  4.591    1  0.000  0.536     0.00     0.00     0.00     0.00     0.00 -1    -3e-14      0.00 7.673e-01 2.274e-01 9.568e-04 2.616e-04 2.379e-03 -1.000 5.387e-03 5.736 9.583 10.715 8.928 7.323 6.707 6.863 6.672 6.429 5.902 5.803 5.654 5.542 5.363 5.322 5.087 5.077 4.935
0.0060543 -0.40000 9.85000 0.7796674371 2.4113998883    0.779 -0.322  3.7420  4.572    1  0.000  0.536     0.00     0.00     0.00     0.00     0.00 -1  -3.5e-14      0.00 7.694e-01 2.252e-01 9.493e-04 2.596e-04 2.360e-03 -1.000 5.358e-03 5.575 9.367 10.145 8.514 7.009 6.422 6.616 6.453 6.222 5.719 5.623 5.482 5.375 5.202 5.163 4.937 4.928 4.793
0.0060543 -0.40000 9.85000 0.7979640961 2.4180103466    0.798 -0.262  3.7498  4.553    1  0.000  0.536     0.00     0.00     0.00     0.00     0.00 -1 -4.06e-14      0.00 7.714e-01 2.233e-01 9.421e-04 2.576e-04 2.343e-03 -1.000 5.350e-03 5.425 9.155 9.601 8.119 6.722 6.166 6.390 6.254 6.032 5.552 5.458 5.323 5.221 5.054 5.016 4.798 4.790 4.662
0.0060543 -0.40000 9.85000 0.8014228940 2.4192210376    0.801 -0.251  3.7513  4.549    1  0.000  0.536     0.00     0.00     0.00     0.00     0.00 -1 -4.18e-14      0.00 7.718e-01 2.229e-01 9.406e-04 2.573e-04 2.339e-03 -1.000 5.349e-03 5.397 9.113 9.503 8.048 6.670 6.120 6.349 6.217 5.997 5.521 5.427 5.294 5.192 5.026 4.989 4.772 4.764 4.638
0.0060543 -0.40000 9.85000 0.8194765449 2.4253500845    0.819 -0.191  3.7581  4.527    1  0.000  0.536     0.00     0.00     0.00     0.00     0.00 -1 -4.86e-14      0.00 7.744e-01 2.203e-01 9.314e-04 2.548e-04 2.317e-03 -1.000 5.259e-03 5.248 8.902 9.033 7.700 6.413 5.888 6.139 6.029 5.817 5.359 5.268 5.140 5.043 4.881 4.845 4.635 4.627 4.507
0.0060543 -0.40000 9.85000 0.8378250599 2.4312690173    0.837 -0.130  3.7647  4.502    1  0.000  0.536     0.00     0.00     0.00     0.00     0.00 -1 -5.69e-14      0.00 7.772e-01 2.176e-01 9.216e-04 2.521e-04 2.293e-03 -1.000 5.217e-03 5.096 8.680 8.594 7.369 6.164 5.663 5.931 5.839 5.636 5.197 5.108 4.986 4.891 4.735 4.700 4.495 4.488 4.374
0.0060543 -0.40000 9.85000 0.8513517380 2.4354451314    0.851 -0.085  3.7693  4.482    1  0.000  0.536     0.00     0.00     0.00     0.00     0.00 -1  -6.4e-14      0.00 7.793e-01 2.155e-01 9.139e-04 2.500e-04 2.275e-03 -1.000 5.160e-03 4.983 8.515 8.290 7.136 5.986 5.503 5.781 5.701 5.504 5.078 4.991 4.872 4.780 4.627 4.593 4.393 4.386 4.276
0.0060543 -0.40000 9.85000 0.8722018003 2.4415913709    0.871 -0.015  3.7756  4.447    1  0.000  0.535     0.00     0.00     0.00     0.00     0.00 -1 -7.74e-14      0.00 7.838e-01 2.110e-01 8.977e-04 2.457e-04 2.236e-03 -1.000 5.148e-03 4.807 8.253 7.857 6.797 5.724 5.264 5.553 5.488 5.300 4.893 4.809 4.695 4.606 4.457 4.425 4.231 4.225 4.120
0.0060543 -0.40000 9.85000 0.8932923079 2.4474740035    0.892  0.059  3.7814  4.407    1  0.000  0.535     0.00     0.00     0.00     0.00     0.00 -1 -9.47e-14      0.00 7.888e-01 2.062e-01 8.799e-04 2.409e-04 2.193e-03 -1.000 4.965e-03 4.623 7.983 7.445 6.469 5.466 5.027 5.323 5.271 5.092 4.703 4.621 4.511 4.425 4.281 4.249 4.061 4.056 3.956
0.0060543 -0.40000 9.85000 0.9012805223 2.4496196038    0.900  0.087  3.7834  4.390    1  0.000  0.535     0.00     0.00     0.00     0.00     0.00 -1 -1.03e-13      0.00 7.908e-01 2.042e-01 8.728e-04 2.390e-04 2.176e-03 -1.000 4.953e-03 4.551 7.876 7.299 6.350 5.371 4.940 5.236 5.188 5.012 4.629 4.548 4.439 4.354 4.212 4.181 3.995 3.989 3.892
0.0060543 -0.40000 9.85000 0.9103620052 2.4520063295    0.909  0.120  3.7855  4.370    1  0.000  0.535     0.00     0.00     0.00     0.00     0.00 -1 -1.13e-13      0.00 7.940e-01 2.011e-01 8.614e-04 2.360e-04 2.149e-03 -1.000 4.935e-03 4.469 7.756 7.141 6.218 5.265 4.842 5.137 5.093 4.921 4.544 4.464 4.357 4.273 4.133 4.102 3.918 3.912 3.817
0.0060543 -0.40000 9.85000 0.9250315428 2.4557480649    0.924  0.175  3.7887  4.335    1  0.000  0.534     0.00     0.00     0.00     0.00     0.00 -1 -1.32e-13      0.00 7.995e-01 1.958e-01 8.421e-04 2.307e-04 2.102e-03 -1.000 4.730e-03 4.331 7.565 6.894 6.011 5.094 4.684 4.977 4.938 4.771 4.404 4.325 4.220 4.138 4.000 3.969 3.788 3.783 3.690
0.0060543 -0.40000 9.85000 0.9390274286 2.4591929354    0.938  0.228  3.7912  4.299    1  0.000  0.534     0.00     0.00     0.00     0.00     0.00 -1 -1.55e-13      0.00 8.048e-01 1.905e-01 8.230e-04 2.256e-04 2.056e-03 -1.000 4.674e-03 4.200 7.390 6.683 5.829 4.940 4.538 4.828 4.793 4.629 4.270 4.192 4.089 4.008 3.872 3.842 3.663 3.658 3.567
0.0060543 -0.40000 9.85000 0.9512094855 2.4620966558    0.950  0.274  3.7928  4.265    1  0.000  0.533     0.00     0.00     0.00     0.00     0.00 -1 -1.77e-13      0.00 8.095e-01 1.859e-01 8.066e-04 2.212e-04 2.016e-03 -1.000 4.603e-03 4.086 7.246 6.522 5.686 4.813 4.417 4.702 4.669 4.508 4.154 4.077 3.975 3.894 3.760 3.730 3.553 3.549 3.459
0.0060543 -0.40000 9.85000 0.9584245682 2.4637764750    0.957  0.301  3.7937  4.244    1  0.000  0.533     0.00     0.00     0.00     0.00     0.00 -1 -1.93e-13      0.00 8.107e-01 1.847e-01 8.042e-04 2.206e-04 2.012e-03 -1.000 4.569e-03 4.017 7.163 6.430 5.603 4.738 4.346 4.628 4.596 4.436 4.084 4.007 3.906 3.826 3.692 3.663 3.487 3.482 3.393
0.0060543 -0.40000 9.85000 0.9692364335 2.4662399383    0.968  0.346  3.7947  4.209    1  0.000  0.533     0.00     0.00     0.00     0.00     0.00 -1 -2.22e-13      0.00 8.105e-01 1.849e-01 8.080e-04 2.217e-04 2.022e-03 -1.000 4.589e-03 3.904 7.032 6.288 5.473 4.619 4.231 4.508 4.477 4.319 3.970 3.894 3.794 3.714 3.581 3.552 3.377 3.372 3.284
0.0060543 -0.40000 9.85000 0.9738696814 2.4672763812    0.973  0.366  3.7951  4.192    1  0.000  0.533     0.00     0.00     0.00     0.00     0.00 -1 -2.36e-13      0.00 8.101e-01 1.853e-01 8.106e-04 2.224e-04 2.029e-03 -1.000 4.599e-03 3.855 6.976 6.229 5.418 4.568 4.181 4.456 4.425 4.268 3.920 3.844 3.744 3.665 3.532 3.503 3.329 3.324 3.236
0.0060543 -0.40000 9.85000 0.9762696028 2.4678087905    0.975  0.377  3.7951  4.183    1  0.000  0.533     0.00     0.00     0.00     0.00     0.00 -1 -2.45e-13      0.00 8.099e-01 1.855e-01 8.120e-04 2.228e-04 2.032e-03 -1.000 4.604e-03 3.829 6.949 6.200 5.391 4.542 4.155 4.428 4.397 4.240 3.893 3.817 3.718 3.638 3.506 3.477 3.302 3.298 3.210
0.0060543 -0.40000 9.85000 0.9840840697 2.4695217126    0.983  0.412  3.7951  4.151    1  0.000  0.533     0.00     0.00     0.00     0.00     0.00 -1 -2.73e-13      0.00 8.091e-01 1.862e-01 8.169e-04 2.242e-04 2.045e-03 -1.000 4.620e-03 3.740 6.860 6.112 5.304 4.456 4.070 4.339 4.307 4.151 3.804 3.728 3.629 3.550 3.417 3.388 3.214 3.209 3.121
0.0060543 -0.40000 9.85000 0.9930292964 2.4714444886    0.992  0.455  3.7943  4.109    1  0.000  0.533     0.00     0.00     0.00     0.00     0.00 -1 -3.15e-13      0.00 8.083e-01 1.871e-01 8.225e-04 2.258e-04 2.059e-03 -1.000 4.638e-03 3.633 6.767 6.029 5.214 4.361 3.973 4.236 4.203 4.046 3.698 3.622 3.522 3.442 3.309 3.280 3.105 3.100 3.012
0.0060543 -0.40000 9.85000 1.0011383295 2.4731534217    1.000  0.496  3.7925  4.064    1  0.000  0.532     0.00     0.00     0.00     0.00     0.00 -1 -3.62e-13      0.00 8.078e-01 1.875e-01 8.262e-04 2.268e-04 2.069e-03 -1.000 4.655e-03 3.531 6.694 5.976 5.146 4.277 3.885 4.143 4.108 3.949 3.597 3.520 3.419 3.339 3.204 3.175 2.998 2.993 2.903
0.0060543 -0.40000 9.85000 1.0020207167 2.4733374618    1.001  0.500  3.7923  4.060    1  0.000  0.532     0.00     0.00     0.00     0.00     0.00 -1 -3.67e-13      0.00 8.076e-01 1.877e-01 8.271e-04 2.270e-04 2.071e-03 -1.000 4.662e-03 3.520 6.686 5.970 5.139 4.268 3.875 4.132 4.098 3.938 3.586 3.509 3.407 3.327 3.193 3.163 2.987 2.982 2.891
0.0060543 -0.40000 9.85000 1.0039350986 2.4737354669    1.003  0.510  3.7916  4.047    1  0.000  0.533     0.00     0.00     0.00     0.00     0.00 -1 -3.82e-13      0.00 8.072e-01 1.882e-01 8.290e-04 2.276e-04 2.076e-03 -1.000 4.678e-03 3.494 6.672 5.963 5.126 4.250 3.855 4.111 4.075 3.915 3.561 3.484 3.382 3.302 3.167 3.137 2.960 2.955 2.864
0.0060543 -0.40000 9.85000 1.0074222088 2.4744559783    1.006  0.529  3.7896  4.022    1  0.000  0.533     0.00     0.00     0.00     0.00     0.00 -1 -4.07e-13      0.00 8.050e-01 1.902e-01 8.372e-04 2.298e-04 2.096e-03 -1.000 4.735e-03 3.447 6.658 5.972 5.116 4.222 3.821 4.075 4.037 3.874 3.515 3.437 3.334 3.253 3.116 3.086 2.907 2.902 2.809
0.0060543 -0.40000 9.85000 1.0152618885 2.4760550603    1.014  0.571  3.7832  3.957    2  0.000  0.533     0.00     0.00     0.00     0.00     0.00 -1 -4.74e-13      0.00 7.957e-01 1.994e-01 8.720e-04 2.393e-04 2.182e-03 -1.000 4.965e-03 3.342 6.660 6.074 5.150 4.186 3.764 4.011 3.963 3.792 3.416 3.335 3.228 3.144 3.003 2.972 2.787 2.782 2.684
0.0060543 -0.40000 9.85000 1.0209901333 2.4772056279    1.020  0.598  3.7742  3.897    2  0.000  0.534     0.00     0.00     0.00     0.00     0.00 -1 -5.35e-13      0.00 7.804e-01 2.144e-01 9.250e-04 2.535e-04 2.310e-03 -1.000 5.276e-03 3.275 6.727 6.326 5.290 4.225 3.773 4.010 3.945 3.761 3.361 3.277 3.164 3.076 2.928 2.896 2.702 2.696 2.590
0.0060543 -0.40000 9.85000 1.0246158838 2.4779262503    1.023  0.606  3.7637  3.849    2  0.000  0.535     0.00     0.00     0.00     0.00     0.00 -1 -5.74e-13      0.00 7.659e-01 2.286e-01 9.735e-04 2.665e-04 2.425e-03 -1.000 5.511e-03 3.256 6.836 6.694 5.513 4.331 3.846 4.070 3.985 3.787 3.357 3.269 3.149 3.056 2.901 2.866 2.662 2.655 2.540
0.0060543 -0.40000 9.85000 1.0268750191 2.4783722983    1.025  0.602  3.7533  3.812    2  0.000  0.536     0.00     0.00     0.00     0.00     0.00 -1 -5.92e-13      0.00 7.569e-01 2.374e-01 1.003e-03 2.743e-04 2.495e-03 -1.000 5.695e-03 3.266 6.944 7.118 5.775 4.473 3.956 4.162 4.056 3.844 3.387 3.294 3.167 3.069 2.907 2.870 2.655 2.647 2.522
0.0060543 -0.40000 9.85000 1.0284917355 2.4786901228    1.027  0.596  3.7436  3.780    2  0.000  0.536     0.00     0.00     0.00     0.00     0.00 -1 -6.04e-13      0.00 7.518e-01 2.425e-01 1.019e-03 2.787e-04 2.534e-03 -1.000 5.760e-03 3.281 7.038 7.560 6.044 4.622 4.074 4.260 4.131 3.907 3.423 3.327 3.192 3.091 2.921 2.882 2.658 2.649 2.515
0.0060543 -0.40000 9.85000 1.0300529003 2.4789959381    1.028  0.597  3.7340  3.741    2  0.000  0.537     0.00     0.00     0.00     0.00     0.00 -1 -6.31e-13      0.00 7.480e-01 2.461e-01 1.031e-03 2.818e-04 2.561e-03 -1.000 5.818e-03 3.277 7.100 7.999 6.293 4.762 4.186 4.343 4.190 3.954 3.444 3.345 3.202 3.096 2.919 2.878 2.645 2.635 2.491
0.0060543 -0.40000 9.85000 1.0319203138 2.4793603467    1.030  0.619  3.7242  3.681    2  0.000  0.537     0.00     0.00     0.00     0.00     0.00 -1 -7.05e-13      0.00 7.445e-01 2.496e-01 1.041e-03 2.845e-04 2.585e-03 -1.000 5.859e-03 3.222 7.102 8.402 6.497 4.861 4.257 4.380 4.202 3.953 3.417 3.314 3.164 3.054 2.870 2.827 2.583 2.572 2.419
0.0060543 -0.40000 9.85000 1.0334537029 2.4796584415    1.032  0.654  3.7182  3.622    2  0.000  0.537     0.00     0.00     0.00     0.00     0.00 -1 -8.14e-13      0.00 7.418e-01 2.523e-01 1.047e-03 2.861e-04 2.600e-03 -1.000 5.942e-03 3.135 7.046 8.596 6.573 4.870 4.250 4.350 4.157 3.900 3.348 3.243 3.089 2.976 2.787 2.743 2.493 2.481 2.322
0.0060543 -0.40000 9.85000 1.0336716175 2.4797007221    1.032  0.660  3.7175  3.614    2  0.000  0.537     0.00     0.00     0.00     0.00     0.00 -1 -8.34e-13      0.00 7.414e-01 2.527e-01 1.048e-03 2.863e-04 2.602e-03 -1.000 5.962e-03 3.120 7.035 8.617 6.580 4.868 4.246 4.343 4.148 3.890 3.336 3.231 3.076 2.963 2.774 2.729 2.478 2.466 2.307
0.0060543 -0.40000 9.85000 1.0342916250 2.4798209063    1.032  0.681  3.7159  3.587    3  0.000  0.537     0.00     0.00     0.00     0.00     0.00 -1 -9.04e-13      0.00 7.403e-01 2.538e-01 1.050e-03 2.869e-04 2.606e-03 -1.000 5.915e-03 3.068 6.991 8.637 6.571 4.842 4.215 4.306 4.107 3.847 3.290 3.184 3.028 2.913 2.723 2.678 2.425 2.414 2.252
0.0060543 -0.40000 9.85000 1.0355477333 2.4800638870    1.034  0.726  3.7129  3.530    3  0.000  0.536     0.00     0.00     0.00     0.00     0.00 -1 -1.06e-12      0.00 7.378e-01 2.562e-01 1.052e-03 2.881e-04 2.614e-03 -1.000 5.962e-03 2.955 6.893 8.660 6.537 4.776 4.142 4.221 4.016 3.753 3.187 3.080 2.922 2.806 2.614 2.568 2.312 2.300 2.136
0.0060543 -0.40000 9.85000 1.0367212296 2.4802902755    1.035  0.774  3.7107  3.474    3  0.000  0.533     0.00     0.00     0.00     0.00     0.00 -1 -1.26e-12      0.00 7.351e-01 2.590e-01 1.047e-03 2.917e-04 2.620e-03 -1.000 5.975e-03 2.835 6.783 8.642 6.477 4.691 4.053 4.121 3.912 3.646 3.074 2.966 2.806 2.690 2.496 2.450 2.191 2.179 2.012
0.0060543 -0.40000 9.85000 1.0376899242 2.4804767106    1.036  0.817  3.7090  3.424    3  0.000  0.525     0.00     0.00     0.00     0.00     0.00 -1 -1.47e-12      0.00 7.324e-01 2.616e-01 1.034e-03 3.012e-04 2.625e-03 -1.000 6.033e-03 2.727 6.683 8.613 6.423 4.615 3.972 4.031 3.817 3.549 2.972 2.863 2.702 2.585 2.390 2.343 2.083 2.070 1.902
0.0060543 -0.40000 9.85000 1.0385199785 2.4806361448    1.037  0.858  3.7077  3.378    3  0.000  0.511     0.00     0.00     0.00     0.00     0.00 -1  -1.7e-12      0.00 7.299e-01 2.641e-01 1.007e-03 3.293e-04 2.628e-03 -1.000 5.974e-03 2.625 6.588 8.573 6.364 4.538 3.891 3.943 3.727 3.456 2.875 2.766 2.604 2.486 2.290 2.242 1.981 1.968 1.798
0.0060543 -0.40000 9.85000 1.0393116474 2.4807879332    1.037  0.900  3.7063  3.331    3  0.000  0.496     0.00     0.00     0.00     0.00     0.00 -1 -1.98e-12      0.00 7.275e-01 2.665e-01 9.777e-04 3.649e-04 2.631e-03 -1.000 6.010e-03 2.519 6.489 8.530 6.301 4.458 3.808 3.852 3.632 3.360 2.775 2.665 2.502 2.384 2.186 2.139 1.876 1.863 1.691
0.0060543 -0.40000 9.85000 1.0402104855 2.4809599473    1.038  0.951  3.7047  3.273    3  0.000  0.479     0.00     0.00     0.00     0.00     0.00 -1 -2.38e-12      0.00 7.250e-01 2.690e-01 9.466e-04 4.038e-04 2.634e-03 -1.000 5.996e-03 2.392 6.369 8.477 6.223 4.359 3.705 3.740 3.518 3.243 2.654 2.543 2.379 2.260 2.061 2.013 1.748 1.735 1.561
0.0060543 -0.40000 9.85000 1.0409017801 2.4810920107    1.039  0.994  3.7033  3.225    3  0.000  0.469     0.00     0.00     0.00     0.00     0.00 -1 -2.77e-12      0.00 7.231e-01 2.709e-01 9.269e-04 4.289e-04 2.635e-03 -1.000 5.964e-03 2.285 6.269 8.432 6.157 4.275 3.618 3.647 3.422 3.145 2.552 2.441 2.275 2.156 1.956 1.908 1.641 1.628 1.453
0.0060543 -0.40000 9.85000 1.0417028666 2.4812447963    1.039  1.048  3.7014  3.164    3  0.000  0.459     0.00     0.00     0.00     0.00     0.00 -1 -3.36e-12      0.00 7.211e-01 2.729e-01 9.083e-04 4.526e-04 2.637e-03 -1.000 6.002e-03 2.150 6.142 8.377 6.072 4.169 3.507 3.529 3.300 3.021 2.424 2.312 2.145 2.025 1.824 1.775 1.506 1.493 1.316
0.0060543 -0.40000 9.85000 1.0422517061 2.4813493167    1.040  1.088  3.7000  3.119    3  0.000  0.454     0.00     0.00     0.00     0.00     0.00 -1 -3.87e-12      0.00 7.198e-01 2.741e-01 8.979e-04 4.659e-04 2.638e-03 -1.000 6.045e-03 2.049 6.048 8.339 6.010 4.090 3.425 3.441 3.211 2.929 2.329 2.216 2.049 1.928 1.726 1.677 1.406 1.393 1.214
0.0060543 -0.40000 9.85000 1.0429161787 2.4814756889    1.041  1.142  3.6980  3.058    3  0.000  0.449     0.00     0.00     0.00     0.00     0.00 -1  -4.7e-12      0.00 7.186e-01 2.753e-01 8.884e-04 4.780e-04 2.639e-03 -1.000 6.024e-03 1.916 5.924 8.296 5.946 3.998 3.328 3.331 3.096 2.811 2.204 2.090 1.921 1.800 1.596 1.546 1.273 1.259 1.079
0.0060543 -0.40000 9.85000 1.0434850454 2.4815837313    1.041  1.192  3.6961  3.000    3  0.000  0.446     0.00     0.00     0.00     0.00     0.00 -1 -5.63e-12      0.00 7.178e-01 2.762e-01 8.820e-04 4.863e-04 2.639e-03 -1.000 5.997e-03 1.790 5.808 8.261 5.891 3.914 3.239 3.230 2.989 2.701 2.087 1.972 1.801 1.680 1.474 1.423 1.148 1.134 0.951
0.0060543 -0.40000 9.85000 1.0440226793 2.4816857174    1.041  1.244  3.6939  2.939    3  0.000  0.443     0.00     0.00     0.00     0.00     0.00 -1 -6.81e-12      0.00 7.171e-01 2.769e-01 8.774e-04 4.922e-04 2.640e-03 -1.000 6.013e-03 1.659 5.688 8.237 5.847 3.835 3.154 3.128 2.880 2.588 1.965 1.849 1.677 1.554 1.346 1.295 1.017 1.003 0.817
0.0060543 -0.40000 9.85000 1.0444979668 2.4817757761    1.042  1.296  3.6917  2.879    3  0.000  0.442     0.00     0.00     0.00     0.00     0.00 -1  -8.2e-12      0.00 7.168e-01 2.772e-01 8.751e-04 4.952e-04 2.640e-03 -1.000 5.968e-03 1.531 5.571 8.213 5.803 3.757 3.070 3.028 2.774 2.477 1.847 1.730 1.555 1.431 1.221 1.170 0.889 0.874 0.686
0.0060543 -0.40000 9.85000 1.0449205637 2.4818557718    1.042  1.346  3.6894  2.820    3  0.000  0.441     0.00     0.00     0.00     0.00     0.00 -1 -9.85e-12      0.00 7.166e-01 2.774e-01 8.738e-04 4.969e-04 2.641e-03 -1.000 5.974e-03 1.406 5.456 8.188 5.761 3.682 2.988 2.932 2.671 2.370 1.732 1.613 1.437 1.312 1.100 1.048 0.764 0.749 0.558
0.0060543 -0.40000 9.85000 1.0453121662 2.4819298340    1.042  1.397  3.6870  2.759    3  0.000  0.441     0.00     0.00     0.00     0.00     0.00 -1 -1.19e-11      0.00 7.166e-01 2.775e-01 8.733e-04 4.975e-04 2.641e-03 -1.000 5.975e-03 1.278 5.340 8.146 5.720 3.604 2.904 2.833 2.566 2.261 1.616 1.496 1.317 1.191 0.977 0.924 0.637 0.622 0.429
0.0060543 -0.40000 9.85000 1.0456550121 2.4819946227    1.043  1.446  3.6847  2.701    3  0.000  0.441     0.00     0.00     0.00     0.00     0.00 -1 -1.42e-11      0.00 7.165e-01 2.775e-01 8.731e-04 4.978e-04 2.641e-03 -1.000 5.975e-03 1.156 5.228 8.109 5.682 3.532 2.824 2.740 2.466 2.158 1.504 1.384 1.203 1.076 0.859 0.806 0.516 0.501 0.304
0.0060543 -0.40000 9.85000 1.0459665060 2.4820534443    1.043  1.494  3.6822  2.643    3  0.000  0.441     0.00     0.00     0.00     0.00     0.00 -1  -1.7e-11      0.00 7.165e-01 2.775e-01 8.730e-04 4.980e-04 2.641e-03 -1.000 5.974e-03 1.035 5.118 8.075 5.647 3.461 2.747 2.648 2.368 2.056 1.395 1.273 1.090 0.962 0.743 0.689 0.396 0.381 0.182
0.0060543 -0.40000 9.85000 1.0462501049 2.4821069633    1.043  1.542  3.6798  2.586    3  0.000  0.441     0.00     0.00     0.00     0.00     0.00 -1 -2.02e-11      0.00 7.165e-01 2.775e-01 8.729e-04 4.981e-04 2.641e-03 -1.000 5.974e-03 0.915 5.010 8.044 5.615 3.393 2.671 2.559 2.273 1.957 1.287 1.164 0.979 0.850 0.629 0.574 0.278 0.263 0.061
0.0060543 -0.40000 9.85000 1.0465034246 2.4821547400    1.043  1.588  3.6773  2.530    3  0.000  0.441     0.00     0.00     0.00     0.00     0.00 -1  -2.4e-11      0.00 7.165e-01 2.775e-01 8.727e-04 4.983e-04 2.641e-03 -1.000 5.973e-03 0.800 4.906 8.014 5.598 3.332 2.603 2.476 2.183 1.863 1.185 1.061 0.874 0.743 0.520 0.465 0.166 0.149 -0.056
0.0060543 -0.40000 9.85000 1.0467492342 2.4822010748    1.043  1.635  3.6747  2.472    3  0.000  0.441     0.00     0.00     0.00     0.00     0.00 -1 -2.86e-11      0.00 7.165e-01 2.775e-01 8.726e-04 4.985e-04 2.641e-03 -1.000 5.973e-03 0.682 4.800 7.994 5.596 3.279 2.542 2.396 2.093 1.768 1.081 0.955 0.765 0.633 0.408 0.351 0.048 0.032 -0.176
0.0060543 -0.40000 9.85000 1.0469805002 2.4822446454    1.043  1.682  3.6721  2.415    3  0.000  0.441     0.00     0.00     0.00     0.00     0.00 -1  -3.4e-11      0.00 7.165e-01 2.775e-01 8.725e-04 4.986e-04 2.641e-03 -1.000 5.972e-03 0.566 4.697 7.982 5.604 3.236 2.490 2.321 2.008 1.677 0.978 0.851 0.658 0.525 0.297 0.239 -0.066 -0.083 -0.294
0.0060543 -0.40000 9.85000 1.0472365618 2.4822928616    1.043  1.723  3.6698  2.365    3  0.000  0.441     0.00     0.00     0.00     0.00     0.00 -1 -3.96e-11      0.00 7.165e-01 2.775e-01 8.724e-04 4.988e-04 2.641e-03 -1.000 5.972e-03 0.463 4.605 7.969 5.611 3.198 2.444 2.255 1.933 1.596 0.887 0.759 0.563 0.428 0.199 0.140 -0.169 -0.186 -0.400
0.0060543 -0.40000 9.85000 1.0473804474 2.4823199433    1.043  1.741  3.6688  2.343    3  0.000  0.440     0.00     0.00     0.00     0.00     0.00 -1 -4.28e-11      0.00 7.165e-01 2.775e-01 8.723e-04 4.989e-04 2.641e-03 -1.000 5.972e-03 0.417 4.564 7.959 5.617 3.181 2.424 2.226 1.900 1.561 0.848 0.719 0.522 0.386 0.155 0.097 -0.213 -0.230 -0.446
0.0060543 -0.40000 9.85000 1.0475167036 2.4823455811    1.043  1.718  3.6705  2.373    3  0.000  0.440     0.00     0.00     0.00     0.00     0.00 -1 -3.94e-11      0.00 7.165e-01 2.775e-01 8.723e-04 4.990e-04 2.641e-03 -1.000 5.971e-03 0.476 4.614 7.955 5.591 3.192 2.441 2.257 1.938 1.603 0.896 0.768 0.574 0.439 0.210 0.152 -0.156 -0.173 -0.386
0.0060543 -0.40000 9.85000 1.0476520061 2.4823710319    1.043  1.684  3.6728  2.416    3  0.000  0.440     0.00     0.00     0.00     0.00     0.00 -1 -3.48e-11      0.00 7.165e-01 2.775e-01 8.722e-04 4.990e-04 2.641e-03 -1.000 5.971e-03 0.559 4.687 7.949 5.568 3.213 2.470 2.305 1.994 1.664 0.968 0.841 0.649 0.516 0.289 0.232 -0.073 -0.090 -0.300
0.0060543 -0.40000 9.85000 1.0476877689 2.4823777577    1.043  1.673  3.6736  2.429    3  0.000  0.440     0.00     0.00     0.00     0.00     0.00 -1 -3.34e-11      0.00 7.165e-01 2.775e-01 8.722e-04 4.991e-04 2.641e-03 -1.000 5.971e-03 0.587 4.711 7.948 5.561 3.221 2.480 2.321 2.013 1.685 0.992 0.865 0.674 0.541 0.315 0.258 -0.046 -0.063 -0.272
0.0060543 -0.40000 9.85000 1.0477231741 2.4823844157    1.043  1.682  3.6731  2.418    3  0.000  0.440     0.00     0.00     0.00     0.00     0.00 -1 -3.44e-11      0.00 7.165e-01 2.775e-01 8.722e-04 4.991e-04 2.641e-03 -1.000 5.971e-03 0.564 4.691 7.946 5.563 3.213 2.470 2.306 1.997 1.667 0.972 0.845 0.653 0.520 0.294 0.236 -0.068 -0.085 -0.295
0.0060543 -0.40000 9.85000 1.0479032993 2.4824182807    1.043  1.728  3.6704  2.362    3  0.000  0.440     0.00     0.00     0.00     0.00     0.00 -1 -4.03e-11      0.00 7.165e-01 2.776e-01 8.721e-04 4.992e-04 2.641e-03 -1.000 5.971e-03 0.450 4.590 7.937 5.576 3.173 2.421 2.235 1.915 1.579 0.872 0.744 0.549 0.414 0.185 0.127 -0.181 -0.198 -0.412
0.0060543 -0.40000 9.85000 1.0480775833 2.4824510348    1.043  1.773  3.6677  2.306    3  0.000  0.440     0.00     0.00     0.00     0.00     0.00 -1 -4.76e-11      0.00 7.165e-01 2.776e-01 8.720e-04 4.993e-04 2.641e-03 -1.000 5.970e-03 0.337 4.489 7.922 5.598 3.137 2.377 2.166 1.835 1.493 0.774 0.644 0.446 0.309 0.078 0.019 -0.293 -0.310 -0.527
0.0060543 -0.40000 9.85000 1.0482438803 2.4824822762    1.043  1.819  3.6649  2.249    3  0.000  0.440     0.00     0.00     0.00     0.00     0.00 -1 -5.65e-11      0.00 7.165e-01 2.776e-01 8.719e-04 4.994e-04 2.641e-03 -1.000 5.970e-03 0.222 4.388 7.906 5.624 3.103 2.333 2.097 1.756 1.407 0.675 0.544 0.342 0.204 -0.030 -0.090 -0.406 -0.424 -0.644
0.0060543 -0.40000 9.85000 1.0483962297 2.4825108873    1.043  1.864  3.6621  2.192    3  0.000  0.440     0.00     0.00     0.00     0.00     0.00 -1 -6.69e-11      0.00 7.165e-01 2.776e-01 8.718e-04 4.995e-04 2.641e-03 -1.000 5.970e-03 0.109 4.288 7.892 5.649 3.070 2.292 2.031 1.679 1.323 0.579 0.445 0.241 0.101 -0.137 -0.197 -0.517 -0.535 -0.758
0.0060543 -0.40000 9.85000 1.0485337973 2.4825367141    1.043  1.908  3.6593  2.137    3  0.000  0.440     0.00     0.00     0.00     0.00     0.00 -1  -7.9e-11      0.00 7.165e-01 2.776e-01 8.718e-04 4.996e-04 2.641e-03 -1.000 5.970e-03 -0.001 4.192 7.876 5.678 3.040 2.253 1.968 1.605 1.243 0.486 0.350 0.143 0.001 -0.239 -0.301 -0.624 -0.643 -0.870
0.0060543 -0.40000 9.85000 1.0486638546 2.4825611239    1.043  1.953  3.6565  2.081    3  0.000  0.440     0.00     0.00     0.00     0.00     0.00 -1 -9.33e-11      0.00 7.165e-01 2.776e-01 8.717e-04 4.997e-04 2.641e-03 -1.000 5.969e-03 -0.113 4.095 7.856 5.719 3.015 2.220 1.907 1.532 1.164 0.393 0.256 0.045 -0.099 -0.342 -0.405 -0.733 -0.751 -0.982
0.0060543 -0.40000 9.85000 1.0487796068 2.4825828429    1.043  1.996  3.6537  2.027    3  0.000  0.440     0.00     0.00     0.00     0.00     0.00 -1  -1.1e-10      0.00 7.165e-01 2.776e-01 8.717e-04 4.998e-04 2.641e-03 -1.000 5.969e-03 -0.219 4.002 7.836 5.759 2.992 2.188 1.849 1.463 1.088 0.304 0.166 -0.049 -0.194 -0.441 -0.505 -0.836 -0.855 -1.089
0.0060543 -0.40000 9.85000 1.0488891602 2.4826033937    1.043  2.040  3.6509  1.972    3  0.000  0.440     0.00     0.00     0.00     0.00     0.00 -1 -1.29e-10      0.00 7.165e-01 2.776e-01 8.716e-04 4.998e-04 2.641e-03 -1.000 5.969e-03 -0.329 3.907 7.799 5.797 2.975 2.160 1.796 1.398 1.013 0.213 0.072 -0.146 -0.293 -0.542 -0.607 -0.942 -0.961 -1.199
0.0060543 -0.40000 9.85000 1.0489896536 2.4826222407    1.042  2.083  3.6479  1.917    3  0.000  0.440     0.00     0.00     0.00     0.00     0.00 -1 -1.52e-10      0.00 7.164e-01 2.776e-01 8.716e-04 4.999e-04 2.641e-03 -1.000 5.969e-03 -0.438 3.813 7.744 5.835 2.965 2.139 1.752 1.341 0.943 0.124 -0.020 -0.242 -0.391 -0.642 -0.708 -1.046 -1.066 -1.307
0.0060543 -0.40000 9.85000 1.0490810871 2.4826393849    1.042  2.126  3.6450  1.862    3  0.000  0.440     0.00     0.00     0.00     0.00     0.00 -1 -1.79e-10      0.00 7.164e-01 2.776e-01 8.715e-04 5.000e-04 2.641e-03 -1.000 5.968e-03 -0.544 3.721 7.692 5.867 2.953 2.117 1.709 1.286 0.875 0.036 -0.110 -0.335 -0.485 -0.740 -0.807 -1.148 -1.168 -1.412
0.0060543 -0.40000 9.85000 1.0491644144 2.4826550062    1.042  2.168  3.6421  1.808    3  0.000  0.440     0.00     0.00     0.00     0.00     0.00 -1  -2.1e-10      0.00 7.164e-01 2.776e-01 8.715e-04 5.000e-04 2.641e-03 -1.000 5.968e-03 -0.650 3.631 7.645 5.893 2.939 2.093 1.667 1.231 0.807 -0.049 -0.198 -0.426 -0.579 -0.836 -0.903 -1.249 -1.268 -1.516
0.0060543 -0.40000 9.85000 1.0492409468 2.4826693511    1.041  2.210  3.6392  1.755    3  0.000  0.440     0.00     0.00     0.00     0.00     0.00 -1 -2.46e-10      0.00 7.164e-01 2.776e-01 8.714e-04 5.001e-04 2.641e-03 -1.000 5.968e-03 -0.754 3.541 7.599 5.911 2.922 2.068 1.626 1.178 0.741 -0.134 -0.285 -0.516 -0.670 -0.930 -0.999 -1.347 -1.367 -1.619
0.0060543 -0.40000 9.85000 1.0493119955 2.4826826661    1.041  2.251  3.6363  1.701    3  0.000  0.440     0.00     0.00     0.00     0.00     0.00 -1 -2.89e-10      0.00 7.164e-01 2.776e-01 8.714e-04 5.001e-04 2.641e-03 -1.000 5.968e-03 -0.859 3.453 7.549 5.922 2.904 2.044 1.586 1.127 0.676 -0.216 -0.370 -0.604 -0.759 -1.023 -1.092 -1.444 -1.465 -1.720
0.0060543 -0.40000 9.85000 1.0493762493 2.4826947058    1.041  2.292  3.6334  1.649    3  0.000  0.440     0.00     0.00     0.00     0.00     0.00 -1 -3.37e-10      0.00 7.164e-01 2.776e-01 8.714e-04 5.001e-04 2.641e-03 -1.000 5.968e-03 -0.960 3.368 7.504 5.931 2.886 2.020 1.550 1.079 0.615 -0.295 -0.452 -0.689 -0.845 -1.112 -1.182 -1.538 -1.559 -1.818
0.0060543 -0.40000 9.85000 1.0494376421 2.4827062079    1.040  2.334  3.6304  1.595    3  0.000  0.440     0.00     0.00     0.00     0.00     0.00 -1 -3.95e-10      0.00 7.164e-01 2.776e-01 8.714e-04 5.002e-04 2.641e-03 -1.000 5.968e-03 -1.064 3.280 7.461 5.936 2.863 1.991 1.511 1.028 0.550 -0.376 -0.536 -0.776 -0.933 -1.203 -1.274 -1.634 -1.655 -1.919
0.0060543 -0.40000 9.85000 1.0494921207 2.4827164133    1.040  2.374  3.6274  1.543    3  0.000  0.440     0.00     0.00     0.00     0.00     0.00 -1  -4.6e-10      0.00 7.164e-01 2.776e-01 8.713e-04 5.002e-04 2.641e-03 -1.000 5.968e-03 -1.164 3.197 7.415 5.930 2.838 1.963 1.475 0.982 0.490 -0.452 -0.614 -0.857 -1.015 -1.288 -1.361 -1.726 -1.747 -2.014
0.0060543 -0.40000 9.85000 1.0495437384 2.4827260816    1.039  2.414  3.6244  1.490    3  0.000  0.440     0.00     0.00     0.00     0.00     0.00 -1 -5.38e-10      0.00 7.164e-01 2.776e-01 8.713e-04 5.002e-04 2.641e-03 -1.000 5.968e-03 -1.266 3.112 7.373 5.930 2.815 1.937 1.439 0.934 0.430 -0.528 -0.693 -0.939 -1.099 -1.375 -1.449 -1.818 -1.840 -2.112
0.0060543 -0.40000 9.85000 1.0495909452 2.4827349228    1.039  2.455  3.6215  1.438    3  0.000  0.440     0.00     0.00     0.00     0.00     0.00 -1 -6.27e-10      0.00 7.164e-01 2.776e-01 8.713e-04 5.003e-04 2.641e-03 -1.000 5.968e-03 -1.367 3.028 7.350 5.963 2.810 1.930 1.407 0.888 0.373 -0.601 -0.768 -1.019 -1.180 -1.461 -1.536 -1.911 -1.933 -2.210
0.0060543 -0.40000 9.85000 1.0496342182 2.4827430264    1.038  2.494  3.6185  1.386    3  0.000  0.440     0.00     0.00     0.00     0.00     0.00 -1  -7.3e-10      0.00 7.164e-01 2.776e-01 8.713e-04 5.003e-04 2.641e-03 -1.000 5.967e-03 -1.466 2.947 7.323 5.994 2.806 1.926 1.377 0.844 0.320 -0.671 -0.840 -1.095 -1.258 -1.543 -1.621 -2.002 -2.025 -2.306
0.0060543 -0.40000 9.85000 1.0496755838 2.4827507722    1.037  2.535  3.6154  1.333    3  0.000  0.440    10.42     7.72     5.43     4.18     3.39  4 -8.53e-10      0.00 7.164e-01 2.776e-01 8.712e-04 5.003e-04 2.641e-03 -1.000 5.967e-03 -1.567 2.864 7.291 6.022 2.803 1.923 1.348 0.801 0.267 -0.741 -0.912 -1.172 -1.337 -1.627 -1.706 -2.095 -2.118 -2.405
0.0060543 -0.40000 9.85000 1.0497118235 2.4827575575    1.036  2.573  3.6125  1.282    3  0.000  0.440    11.57     8.46     5.92     4.56     3.70  3 -9.89e-10      0.00 7.164e-01 2.776e-01 8.712e-04 5.004e-04 2.641e-03 -1.000 5.967e-03 -1.662 2.786 7.260 6.050 2.801 1.921 1.322 0.762 0.218 -0.806 -0.980 -1.244 -1.410 -1.705 -1.787 -2.182 -2.205 -2.497
0.0060543 -0.40000 9.85000 1.0497460365 2.4827639628    1.036  2.611  3.6095  1.232    3  0.000  0.440    12.84     9.26     6.46     4.98     4.04  3 -1.15e-09      0.00 7.164e-01 2.776e-01 8.712e-04 5.004e-04 2.641e-03 -1.000 5.967e-03 -1.758 2.708 7.227 6.075 2.798 1.919 1.296 0.723 0.169 -0.871 -1.047 -1.316 -1.484 -1.783 -1.867 -2.269 -2.293 -2.590
0.0060543 -0.40000 9.85000 1.0497781038 2.4827699660    1.035  2.650  3.6066  1.181    3  0.000  0.440    14.27    10.15     7.05     5.45     4.42  3 -1.33e-09      0.00 7.164e-01 2.776e-01 8.712e-04 5.004e-04 2.641e-03 -1.000 5.967e-03 -1.854 2.630 7.187 6.094 2.794 1.917 1.273 0.687 0.123 -0.934 -1.112 -1.386 -1.555 -1.859 -1.946 -2.355 -2.380 -2.682
0.0060543 -0.40000 9.85000 1.0498071909 2.4827754110    1.034  2.687  3.6036  1.132    3  0.000  0.440    15.80    11.09     7.67     5.94     4.82  3 -1.53e-09      0.00 7.164e-01 2.776e-01 8.712e-04 5.004e-04 2.641e-03 -1.000 5.967e-03 -1.947 2.556 7.150 6.115 2.793 1.918 1.253 0.655 0.081 -0.992 -1.173 -1.451 -1.622 -1.931 -2.020 -2.438 -2.463 -2.770
0.0060543 -0.40000 9.85000 1.0498346090 2.4827805432    1.033  2.724  3.6006  1.083    3  0.000  0.440    17.51    12.12     8.36     6.47     5.26  3 -1.77e-09      0.00 7.164e-01 2.776e-01 8.712e-04 5.004e-04 2.641e-03 -1.000 5.967e-03 -2.039 2.482 7.112 6.135 2.793 1.920 1.233 0.623 0.039 -1.051 -1.234 -1.517 -1.690 -2.004 -2.095 -2.521 -2.546 -2.859
0.0060543 -0.40000 9.85000 1.0498597622 2.4827852511    1.032  2.760  3.5977  1.034    3  0.000  0.440    19.35    13.22     9.08     7.04     5.72  3 -2.04e-09      0.00 7.164e-01 2.776e-01 8.712e-04 5.005e-04 2.641e-03 -1.000 5.967e-03 -2.130 2.410 7.071 6.149 2.789 1.919 1.213 0.592 -0.001 -1.106 -1.291 -1.579 -1.752 -2.072 -2.167 -2.601 -2.627 -2.946
0.0060543 -0.40000 9.85000 1.0498830080 2.4827896018    1.030  2.796  3.5948  0.986    3  0.000  0.440    21.38    14.42     9.86     7.66     6.22  3 -2.35e-09      0.00 7.164e-01 2.776e-01 8.711e-04 5.005e-04 2.641e-03 -1.000 5.967e-03 -2.219 2.341 7.031 6.163 2.786 1.921 1.197 0.566 -0.036 -1.157 -1.344 -1.637 -1.812 -2.138 -2.236 -2.679 -2.706 -3.031
0.0060543 -0.40000 9.85000 1.0499055386 2.4827938185    1.029  2.832  3.5917  0.938    3  0.000  0.440    23.66    15.75    10.73     8.34     6.78  3 -2.71e-09      0.00 7.164e-01 2.776e-01 8.711e-04 5.005e-04 2.641e-03 -1.000 5.967e-03 -2.309 2.271 6.988 6.177 2.786 1.925 1.188 0.545 -0.068 -1.207 -1.397 -1.695 -1.872 -2.203 -2.305 -2.758 -2.786 -3.117
0.0060543 -0.40000 9.85000 1.0499305725 2.4827985034    1.027  2.875  3.5881  0.880    3  0.000  0.440    26.68    17.48    11.85     9.23     7.50  2  -3.2e-09      0.00 7.164e-01 2.776e-01 8.711e-04 5.005e-04 2.641e-03 -1.000 5.967e-03 -2.416 2.189 6.935 6.188 2.782 1.928 1.177 0.522 -0.103 -1.263 -1.455 -1.759 -1.937 -2.277 -2.384 -2.851 -2.880 -3.219
0.0060543 -0.40000 9.85000 1.0499535799 2.4828028088    1.025  2.917  3.5845  0.822    3  0.000  0.440    30.06    19.38    13.08    10.20     8.29  2 -3.78e-09      0.00 7.164e-01 2.776e-01 8.711e-04 5.005e-04 2.641e-03 -1.000 5.967e-03 -2.522 2.109 6.881 6.196 2.775 1.928 1.166 0.501 -0.135 -1.314 -1.509 -1.819 -1.998 -2.346 -2.459 -2.942 -2.971 -3.320
0.0060543 -0.40000 9.85000 1.0499747992 2.4828067794    1.023  2.958  3.5810  0.766    3  0.000  0.440    33.78    21.45    14.40    11.25     9.15  2 -4.46e-09      0.00 7.164e-01 2.776e-01 8.711e-04 5.005e-04 2.641e-03 -1.000 5.967e-03 -2.625 2.032 6.827 6.203 2.768 1.928 1.157 0.481 -0.165 -1.363 -1.561 -1.877 -2.058 -2.414 -2.533 -3.031 -3.061 -3.418
0.0060543 -0.40000 9.85000 1.0499943495 2.4828104376    1.021  2.998  3.5774  0.710    3  0.000  0.440    37.92    23.71    15.85    12.40    10.09  2 -5.24e-09      0.00 7.164e-01 2.776e-01 8.711e-04 5.005e-04 2.641e-03 -1.000 5.967e-03 -2.726 1.959 6.773 6.205 2.755 1.925 1.149 0.467 -0.187 -1.402 -1.602 -1.924 -2.105 -2.471 -2.598 -3.116 -3.147 -3.514
0.0060543 -0.40000 9.85000 1.0500123501 2.4828138057    1.019  3.038  3.5737  0.655    3  0.000  0.440    42.50    26.17    17.42    13.65    11.11  2 -6.14e-09      0.00 7.164e-01 2.776e-01 8.711e-04 5.005e-04 2.641e-03 -1.000 5.967e-03 -2.824 1.889 6.721 6.207 2.742 1.923 1.145 0.459 -0.204 -1.433 -1.636 -1.964 -2.145 -2.522 -2.659 -3.197 -3.229 -3.607
0.0060543 -0.40000 9.85000 1.0500289202 2.4828169059    1.016  3.076  3.5701  0.601    3  0.000  0.440    47.55    28.84    19.11    15.00    12.21  2 -7.18e-09      0.00 7.164e-01 2.776e-01 8.711e-04 5.006e-04 2.641e-03 -1.000 5.967e-03 -2.921 1.823 6.670 6.210 2.730 1.921 1.145 0.454 -0.217 -1.463 -1.667 -2.002 -2.183 -2.571 -2.717 -3.276 -3.308 -3.698
0.0060543 -0.40000 9.85000 1.0500439405 2.4828197161    1.013  3.113  3.5665  0.549    3  0.000  0.440    52.99    31.68    20.90    16.43    13.37  2 -8.35e-09      0.00 7.164e-01 2.776e-01 8.711e-04 5.006e-04 2.641e-03 -1.000 5.967e-03 -3.013 1.762 6.622 6.213 2.715 1.918 1.141 0.452 -0.222 -1.476 -1.682 -2.022 -2.201 -2.604 -2.763 -3.349 -3.383 -3.785
0.0060543 -0.40000 9.85000 1.0500580072 2.4828223479    1.010  3.150  3.5630  0.497    3  0.000  0.440    58.98    34.76    22.84    17.98    14.64  2 -9.69e-09      0.00 7.164e-01 2.776e-01 8.711e-04 5.006e-04 2.641e-03 -1.000 5.967e-03 -3.104 1.703 6.574 6.214 2.700 1.915 1.141 0.453 -0.223 -1.487 -1.695 -2.040 -2.218 -2.636 -2.808 -3.421 -3.456 -3.870
0.0060543 -0.40000 9.85000 1.0500710011 2.4828247788    1.007  3.185  3.5595  0.446    3  0.000  0.440    65.56    38.09    24.93    19.65    16.00  1 -1.12e-08      0.00 7.164e-01 2.776e-01 8.711e-04 5.006e-04 2.641e-03 -1.000 5.967e-03 -3.193 1.647 6.525 6.213 2.678 1.907 1.149 0.465 -0.216 -1.490 -1.701 -2.051 -2.228 -2.662 -2.848 -3.490 -3.526 -3.954
0.0060543 -0.40000 9.85000 1.0500831604 2.4828270535    1.004  3.220  3.5560  0.396    3  0.000  0.440    72.69    41.65    27.14    21.43    17.45  1  -1.3e-08      0.00 7.164e-01 2.776e-01 8.710e-04 5.006e-04 2.641e-03 -1.000 5.967e-03 -3.279 1.598 6.480 6.214 2.657 1.901 1.159 0.483 -0.197 -1.475 -1.687 -2.044 -2.217 -2.671 -2.876 -3.553 -3.590 -4.034
0.0060543 -0.40000 9.85000 1.0500943661 2.4828291498    1.000  3.253  3.5525  0.347    3  0.000  0.440    80.45    45.46    29.51    23.33    19.00  1 -1.49e-08      0.00 7.164e-01 2.776e-01 8.710e-04 5.006e-04 2.641e-03 -1.000 5.967e-03 -3.363 1.551 6.437 6.217 2.638 1.896 1.170 0.504 -0.175 -1.457 -1.670 -2.033 -2.203 -2.678 -2.902 -3.613 -3.652 -4.111
0.0060543 -0.40000 9.85000 1.0501050949 2.4828311568    0.996  3.286  3.5489  0.297    3  0.000  0.440    89.13    49.67    32.10    25.42    20.71  1 -1.71e-08      0.00 7.164e-01 2.776e-01 8.710e-04 5.006e-04 2.641e-03 -1.000 5.967e-03 -3.446 1.507 6.397 6.223 2.620 1.895 1.185 0.531 -0.145 -1.428 -1.643 -2.012 -2.178 -2.677 -2.922 -3.670 -3.710 -4.187
0.0060543 -0.40000 9.85000 1.0501149893 2.4828330077    0.991  3.318  3.5454  0.250    3  0.000  0.440    98.36    54.07    34.81    27.61    22.49  1 -1.95e-08      0.00 7.164e-01 2.776e-01 8.710e-04 5.006e-04 2.641e-03 -1.000 5.966e-03 -3.525 1.471 6.360 6.230 2.603 1.898 1.205 0.569 -0.101 -1.379 -1.594 -1.971 -2.130 -2.658 -2.930 -3.718 -3.761 -4.256
0.0060543 -0.40000 9.85000 1.0501245260 2.4828347916    0.986  3.349  3.5420  0.203    3  0.000  0.440   108.29    58.74    37.68    29.92    24.38  1 -2.21e-08      0.00 7.164e-01 2.776e-01 8.710e-04 5.006e-04 2.641e-03 -1.000 5.966e-03 -3.602 1.436 6.324 6.237 2.587 1.901 1.225 0.607 -0.057 -1.330 -1.547 -1.930 -2.084 -2.639 -2.936 -3.764 -3.809 -4.323
0.0060543 -0.40000 9.85000 1.0501341820 2.4828365978    0.981  3.379  3.5386  0.157    3  0.000  0.440   119.21    63.80    40.77    32.42    26.42  1 -2.51e-08      0.00 7.164e-01 2.776e-01 8.710e-04 5.006e-04 2.641e-03 -1.000 5.966e-03 -3.678 1.403 6.290 6.245 2.571 1.904 1.246 0.647 -0.008 -1.274 -1.492 -1.883 -2.029 -2.615 -2.939 -3.808 -3.855 -4.389
0.0060543 -0.40000 9.85000 1.0501341820 2.4828365978    0.982  1.744  3.6917  2.405    4  0.000  0.461     0.00     0.00     0.00     0.00     0.00 -1    -1e-30      0.00 7.164e-01 2.776e-01 9.159e-04 4.523e-04 2.649e-03 -1.000 6.026e-03 0.411 4.453 7.097 4.712 2.666 1.987 1.911 1.662 1.358 0.725 0.606 0.434 0.311 0.101 0.050 -0.232 -0.246 -0.435
0.0060543 -0.40000 9.85000 1.0502554178 2.4828592725    0.982  1.754  3.6909  2.391    4  0.000  0.461     0.00     0.00     0.00     0.00     0.00 -1    -1e-30      0.00 7.164e-01 2.776e-01 9.159e-04 4.524e-04 2.649e-03 -1.000 6.027e-03 0.385 4.430 7.110 4.717 2.659 1.977 1.896 1.644 1.339 0.702 0.583 0.410 0.287 0.076 0.024 -0.258 -0.273 -0.463
0.0060543 -0.40000 9.85000 1.0503731966 2.4828812947    0.982  1.758  3.6906  2.386    4  0.000  0.461     0.00     0.00     0.00     0.00     0.00 -1    -1e-30      0.00 7.164e-01 2.776e-01 9.158e-04 4.525e-04 2.649e-03 -1.000 6.027e-03 0.374 4.421 7.111 4.716 2.654 1.972 1.889 1.636 1.330 0.693 0.573 0.400 0.277 0.066 0.014 -0.269 -0.283 -0.473
0.0060543 -0.40000 9.85000 1.0504940748 2.4829038907    0.982  1.760  3.6907  2.385    4  0.000  0.461     0.00     0.00     0.00     0.00     0.00 -1    -1e-30      0.00 7.163e-01 2.776e-01 9.158e-04 4.526e-04 2.649e-03 -1.000 6.027e-03 0.371 4.417 7.103 4.709 2.649 1.967 1.884 1.632 1.326 0.689 0.569 0.396 0.273 0.062 0.010 -0.272 -0.287 -0.476
0.0060543 -0.40000 9.85000 1.0506138802 2.4829262801    0.982  1.759  3.6911  2.387    4  0.000  0.461     0.00     0.00     0.00     0.00     0.00 -1    -1e-30      0.00 7.163e-01 2.777e-01 9.157e-04 4.527e-04 2.649e-03 -1.000 6.028e-03 0.372 4.416 7.088 4.699 2.643 1.962 1.881 1.630 1.324 0.688 0.569 0.396 0.274 0.063 0.011 -0.271 -0.285 -0.475
0.0060543 -0.40000 9.85000 1.0507352352 2.4829489532    0.982  1.758  3.6915  2.390    4  0.000  0.461     0.00     0.00     0.00     0.00     0.00 -1    -1e-30      0.00 7.163e-01 2.777e-01 9.156e-04 4.528e-04 2.649e-03 -1.000 6.028e-03 0.375 4.417 7.071 4.686 2.637 1.957 1.878 1.628 1.324 0.690 0.571 0.398 0.275 0.065 0.014 -0.268 -0.282 -0.472
0.0060543 -0.40000 9.85000 1.0508576632 2.4829718206    0.982  1.757  3.6920  2.394    4  0.000  0.461     0.00     0.00     0.00     0.00     0.00 -1    -1e-30      0.00 7.163e-01 2.777e-01 9.156e-04 4.529e-04 2.649e-03 -1.000 6.028e-03 0.379 4.419 7.054 4.673 2.631 1.953 1.876 1.628 1.324 0.691 0.572 0.400 0.278 0.068 0.017 -0.264 -0.279 -0.467
0.0060543 -0.40000 9.85000 1.0509800911 2.4829946820    0.983  1.755  3.6924  2.397    4  0.000  0.461     0.00     0.00     0.00     0.00     0.00 -1    -1e-30      0.00 7.163e-01 2.777e-01 9.155e-04 4.530e-04 2.649e-03 -1.000 6.028e-03 0.383 4.421 7.035 4.660 2.625 1.948 1.874 1.627 1.324 0.693 0.575 0.403 0.281 0.071 0.020 -0.261 -0.275 -0.463
0.0060543 -0.40000 9.85000 1.0511015654 2.4830173591    0.983  1.753  3.6929  2.401    4  0.000  0.461     0.00     0.00     0.00     0.00     0.00 -1    -1e-30      0.00 7.163e-01 2.777e-01 9.155e-04 4.531e-04 2.649e-03 -1.000 6.029e-03 0.386 4.422 7.018 4.647 2.618 1.943 1.871 1.626 1.324 0.695 0.576 0.405 0.283 0.074 0.023 -0.257 -0.271 -0.459
0.0060543 -0.40000 9.85000 1.0512257814 2.4830405419    0.983  1.752  3.6933  2.404    4  0.000  0.461     0.00     0.00     0.00     0.00     0.00 -1    -1e-30      0.00 7.162e-01 2.777e-01 9.154e-04 4.533e-04 2.649e-03 -1.000 6.029e-03 0.389 4.423 7.000 4.635 2.612 1.938 1.869 1.625 1.324 0.696 0.578 0.407 0.285 0.077 0.025 -0.254 -0.268 -0.455
0.0060543 -0.40000 9.85000 1.0513411760 2.4830620727    0.983  1.752  3.6937  2.406    4  0.000  0.461     0.00     0.00     0.00     0.00     0.00 -1    -1e-30      0.00 7.162e-01 2.777e-01 9.154e-04 4.534e-04 2.649e-03 -1.000 6.029e-03 0.391 4.423 6.985 4.623 2.606 1.934 1.866 1.623 1.323 0.696 0.578 0.408 0.286 0.078 0.027 -0.252 -0.266 -0.453
0.0060543 -0.40000 9.85000 1.0514571667 2.4830837092    0.983  1.751  3.6941  2.408    4  0.000  0.461     0.00     0.00     0.00     0.00     0.00 -1    -1e-30      0.00 7.162e-01 2.778e-01 9.153e-04 4.535e-04 2.650e-03 -1.000 6.030e-03 0.393 4.423 6.971 4.613 2.601 1.929 1.863 1.622 1.322 0.696 0.579 0.408 0.287 0.079 0.028 -0.250 -0.264 -0.451
0.0060543 -0.40000 9.85000 1.0515714884 2.4831050290    0.983  1.750  3.6944  2.410    4  0.000  0.460     0.00     0.00     0.00     0.00     0.00 -1    -1e-30      0.00 7.162e-01 2.778e-01 9.153e-04 4.536e-04 2.650e-03 -1.000 6.030e-03 0.394 4.423 6.958 4.603 2.596 1.925 1.861 1.620 1.321 0.696 0.579 0.409 0.288 0.080 0.029 -0.249 -0.263 -0.449
0.0060543 -0.40000 9.85000 1.0516951084 2.4831280769    0.983  1.750  3.6947  2.412    4  0.000  0.460     0.00     0.00     0.00     0.00     0.00 -1    -1e-30      0.00 7.162e-01 2.778e-01 9.152e-04 4.537e-04 2.650e-03 -1.000 6.030e-03 0.395 4.423 6.944 4.593 2.590 1.921 1.858 1.618 1.319 0.696 0.579 0.409 0.288 0.081 0.030 -0.248 -0.262 -0.448
0.0060543 -0.40000 9.85000 1.0518183708 2.4831510519    0.984  1.750  3.6950  2.413    4  0.000  0.460     0.00     0.00     0.00     0.00     0.00 -1    -1e-30      0.00 7.162e-01 2.778e-01 9.152e-04 4.538e-04 2.650e-03 -1.000 6.030e-03 0.396 4.422 6.932 4.584 2.585 1.916 1.855 1.616 1.318 0.696 0.578 0.409 0.288 0.081 0.030 -0.247 -0.261 -0.447
0.0060543 -0.40000 9.85000 1.0518293381 2.4831530958    0.984  1.750  3.6950  2.413    4  0.000  0.460     0.00     0.00     0.00     0.00     0.00 -1    -1e-30      0.00 7.162e-01 2.778e-01 9.152e-04 4.538e-04 2.650e-03 -1.000 6.030e-03 0.396 4.422 6.931 4.583 2.585 1.916 1.855 1.616 1.318 0.696 0.578 0.409 0.288 0.081 0.030 -0.247 -0.261 -0.446
0.0060543 -0.40000 9.85000 1.0518571138 2.4831582719    0.984  1.750  3.6951  2.413    4  0.000  0.460     0.00     0.00     0.00     0.00     0.00 -1    -1e-30      0.00 7.162e-01 2.778e-01 9.152e-04 4.538e-04 2.650e-03 -1.000 6.030e-03 0.396 4.422 6.928 4.581 2.584 1.915 1.854 1.615 1.317 0.695 0.578 0.409 0.288 0.081 0.030 -0.247 -0.261 -0.446
0.0060543 -0.40000 9.85000 1.0519762039 2.4831804615    0.984  1.750  3.6953  2.414    4  0.000  0.460     0.00     0.00     0.00     0.00     0.00 -1    -1e-30      0.00 7.162e-01 2.778e-01 9.151e-04 4.539e-04 2.650e-03 -1.000 6.031e-03 0.396 4.421 6.918 4.574 2.579 1.911 1.851 1.613 1.316 0.694 0.577 0.408 0.288 0.081 0.030 -0.247 -0.261 -0.446
0.0060543 -0.40000 9.85000 1.0521039963 2.4832042660    0.984  1.750  3.6955  2.415    4  0.000  0.460     0.00     0.00     0.00     0.00     0.00 -1    -1e-30      0.00 7.161e-01 2.778e-01 9.150e-04 4.541e-04 2.650e-03 -1.000 6.031e-03 0.396 4.419 6.909 4.566 2.575 1.908 1.848 1.611 1.314 0.693 0.576 0.407 0.287 0.080 0.029 -0.248 -0.261 -0.446
0.0060543 -0.40000 9.85000 1.0522224903 2.4832263326    0.984  1.750  3.6956  2.416    4  0.000  0.460     0.00     0.00     0.00     0.00     0.00 -1    -1e-30      0.00 7.161e-01 2.778e-01 9.150e-04 4.542e-04 2.650e-03 -1.000 6.031e-03 0.395 4.418 6.901 4.560 2.571 1.904 1.846 1.609 1.312 0.692 0.575 0.406 0.286 0.079 0.028 -0.248 -0.262 -0.447
0.0060543 -0.40000 9.85000 1.0523409843 2.4832483935    0.984  1.751  3.6958  2.415    4  0.000  0.460     0.00     0.00     0.00     0.00     0.00 -1    -1e-30      0.00 7.161e-01 2.779e-01 9.149e-04 4.543e-04 2.650e-03 -1.000 6.032e-03 0.393 4.416 6.894 4.555 2.567 1.901 1.843 1.606 1.309 0.690 0.573 0.404 0.284 0.077 0.027 -0.250 -0.264 -0.448
0.0060543 -0.40000 9.85000 1.0524662733 2.4832717132    0.984  1.752  3.6958  2.415    4  0.000  0.460     0.00     0.00     0.00     0.00     0.00 -1    -1e-30      0.00 7.161e-01 2.779e-01 9.149e-04 4.544e-04 2.650e-03 -1.000 6.032e-03 0.391 4.413 6.889 4.551 2.564 1.898 1.840 1.604 1.307 0.687 0.570 0.402 0.281 0.075 0.024 -0.252 -0.266 -0.450
0.0060543 -0.40000 9.85000 1.0525860786 2.4832940063    0.984  1.753  3.6958  2.414    4  0.000  0.460     0.00     0.00     0.00     0.00     0.00 -1    -1e-30      0.00 7.161e-01 2.779e-01 9.148e-04 4.545e-04 2.650e-03 -1.000 6.032e-03 0.388 4.410 6.886 4.548 2.561 1.895 1.837 1.601 1.304 0.684 0.567 0.399 0.278 0.072 0.021 -0.255 -0.269 -0.453
0.0060543 -0.40000 9.85000 1.0526949167 2.4833142535    0.985  1.754  3.6958  2.412    4  0.000  0.460     0.00     0.00     0.00     0.00     0.00 -1    -1e-30      0.00 7.161e-01 2.779e-01 9.148e-04 4.546e-04 2.650e-03 -1.000 6.032e-03 0.385 4.407 6.885 4.546 2.559 1.893 1.834 1.598 1.301 0.681 0.564 0.395 0.275 0.069 0.018 -0.258 -0.272 -0.457
0.0060543 -0.40000 9.85000 1.0527075529 2.4833166040    0.985  1.754  3.6958  2.412    4  0.000  0.460     0.00     0.00     0.00     0.00     0.00 -1    -1e-30      0.00 7.161e-01 2.779e-01 9.148e-04 4.546e-04 2.650e-03 -1.000 6.032e-03 0.384 4.407 6.885 4.546 2.559 1.892 1.834 1.597 1.300 0.681 0.564 0.395 0.275 0.068 0.018 -0.259 -0.273 -0.457
0.0060543 -0.40000 9.85000 1.0528205633 2.4833376217    0.985  1.756  3.6957  2.410    4  0.000  0.460     0.00     0.00     0.00     0.00     0.00 -1    -1e-30      0.00 7.160e-01 2.779e-01 9.147e-04 4.547e-04 2.650e-03 -1.000 6.033e-03 0.380 4.403 6.886 4.546 2.557 1.890 1.831 1.594 1.296 0.676 0.559 0.390 0.270 0.064 0.013 -0.264 -0.278 -0.462
0.0060543 -0.40000 9.85000 1.0529360771 2.4833590997    0.985  1.758  3.6955  2.407    4  0.000  0.460     0.00     0.00     0.00     0.00     0.00 -1    -1e-30      0.00 7.160e-01 2.779e-01 9.147e-04 4.548e-04 2.651e-03 -1.000 6.033e-03 0.374 4.398 6.888 4.547 2.555 1.888 1.827 1.590 1.292 0.671 0.554 0.385 0.265 0.058 0.007 -0.270 -0.284 -0.468
0.0060543 -0.40000 9.85000 1.0530561209 2.4833814143    0.985  1.762  3.6952  2.403    4  0.000  0.460     0.00     0.00     0.00     0.00     0.00 -1    -1e-30      0.00 7.160e-01 2.779e-01 9.146e-04 4.549e-04 2.651e-03 -1.000 6.033e-03 0.366 4.391 6.894 4.550 2.554 1.886 1.823 1.585 1.287 0.665 0.547 0.378 0.258 0.051 -0.000 -0.277 -0.291 -0.476
0.0060543 -0.40000 9.85000 1.0531718731 2.4834029255    0.985  1.765  3.6949  2.398    4  0.000  0.460     0.00     0.00     0.00     0.00     0.00 -1    -1e-30      0.00 7.160e-01 2.780e-01 9.146e-04 4.550e-04 2.651e-03 -1.000 6.033e-03 0.357 4.384 6.901 4.554 2.552 1.883 1.819 1.579 1.280 0.657 0.539 0.370 0.249 0.042 -0.009 -0.287 -0.301 -0.486
0.0060543 -0.40000 9.85000 1.0532875061 2.4834244092    0.985  1.770  3.6944  2.392    4  0.000  0.460     0.00     0.00     0.00     0.00     0.00 -1    -1e-30      0.00 7.160e-01 2.780e-01 9.145e-04 4.551e-04 2.651e-03 -1.000 6.034e-03 0.346 4.375 6.911 4.560 2.552 1.881 1.814 1.573 1.273 0.648 0.530 0.360 0.239 0.032 -0.019 -0.297 -0.311 -0.497
0.0060543 -0.40000 9.85000 1.0534027815 2.4834458210    0.985  1.774  3.6939  2.385    4  0.000  0.460     0.00     0.00     0.00     0.00     0.00 -1    -1e-30      0.00 7.160e-01 2.780e-01 9.145e-04 4.552e-04 2.651e-03 -1.000 6.034e-03 0.334 4.365 6.924 4.568 2.551 1.879 1.808 1.565 1.265 0.638 0.520 0.349 0.228 0.020 -0.031 -0.310 -0.324 -0.510
0.0060543 -0.40000 9.85000 1.0535180569 2.4834672274    0.986  1.780  3.6932  2.376    4  0.000  0.460     0.00     0.00     0.00     0.00     0.00 -1    -1e-30      0.00 7.160e-01 2.780e-01 9.144e-04 4.553e-04 2.651e-03 -1.000 6.034e-03 0.319 4.353 6.940 4.577 2.551 1.877 1.802 1.557 1.255 0.626 0.507 0.336 0.215 0.006 -0.045 -0.325 -0.339 -0.526
0.0060543 -0.40000 9.85000 1.0536299944 2.4834880089    0.986  1.785  3.6928  2.370    4  0.000  0.460     0.00     0.00     0.00     0.00     0.00 -1    -1e-30      0.00 7.159e-01 2.780e-01 9.144e-04 4.554e-04 2.651e-03 -1.000 6.034e-03 0.307 4.344 6.951 4.584 2.550 1.874 1.797 1.550 1.247 0.616 0.498 0.326 0.204 -0.005 -0.056 -0.336 -0.351 -0.538
0.0060543 -0.40000 9.85000 1.0537500381 2.4835102896    0.986  1.788  3.6926  2.366    4  0.000  0.460     0.00     0.00     0.00     0.00     0.00 -1    -1e-30      0.00 7.159e-01 2.780e-01 9.143e-04 4.555e-04 2.651e-03 -1.000 6.035e-03 0.301 4.338 6.953 4.584 2.548 1.871 1.793 1.545 1.242 0.610 0.492 0.320 0.198 -0.011 -0.063 -0.343 -0.357 -0.545
0.0060543 -0.40000 9.85000 1.0538673401 2.4835320558    0.986  1.804  3.6907  2.342    4  0.000  0.460     0.00     0.00     0.00     0.00     0.00 -1    -1e-30      0.00 7.159e-01 2.780e-01 9.143e-04 4.557e-04 2.651e-03 -1.000 6.035e-03 0.259 4.306 7.000 4.613 2.548 1.866 1.776 1.522 1.215 0.576 0.457 0.283 0.161 -0.050 -0.102 -0.385 -0.399 -0.589
0.0060543 -0.40000 9.85000 1.0539829731 2.4835535069    0.986  1.831  3.6879  2.305    4  0.000  0.460     0.00     0.00     0.00     0.00     0.00 -1    -1e-30      0.00 7.159e-01 2.781e-01 9.142e-04 4.558e-04 2.651e-03 -1.000 6.035e-03 0.193 4.253 7.051 4.658 2.549 1.858 1.749 1.486 1.173 0.524 0.403 0.227 0.102 -0.111 -0.164 -0.450 -0.465 -0.658
0.0060543 -0.40000 9.85000 1.0540760756 2.4835707744    0.986  1.869  3.6840  2.251    4  0.000  0.460     0.00     0.00     0.00     0.00     0.00 -1    -1e-30      0.00 7.159e-01 2.781e-01 9.142e-04 4.558e-04 2.651e-03 -1.000 6.036e-03 0.098 4.177 7.113 4.722 2.549 1.846 1.710 1.433 1.112 0.447 0.324 0.144 0.017 -0.200 -0.254 -0.545 -0.560 -0.757
0.0060543 -0.40000 9.85000 1.0541155338 2.4835780916    0.986  1.902  3.6806  2.205    4  0.000  0.460     0.00     0.00     0.00     0.00     0.00 -1    -1e-30      0.00 7.159e-01 2.781e-01 9.142e-04 4.559e-04 2.651e-03 -1.000 6.036e-03 0.016 4.110 7.163 4.773 2.547 1.833 1.675 1.386 1.058 0.381 0.256 0.073 -0.056 -0.276 -0.331 -0.626 -0.641 -0.843
0.0060543 -0.40000 9.85000 1.0541365147 2.4835819820    0.986  1.933  3.6775  2.161    4  0.000  0.460     0.00     0.00     0.00     0.00     0.00 -1    -1e-30      0.00 7.159e-01 2.781e-01 9.142e-04 4.559e-04 2.651e-03 -1.000 6.036e-03 -0.063 4.046 7.204 4.832 2.548 1.824 1.643 1.342 1.008 0.318 0.191 0.005 -0.126 -0.348 -0.404 -0.703 -0.719 -0.924
0.0060543 -0.40000 9.85000 1.0541472435 2.4835839714    0.986  1.968  3.6741  2.113    4  0.000  0.460     0.00     0.00     0.00     0.00     0.00 -1    -1e-30      0.00 7.159e-01 2.781e-01 9.142e-04 4.559e-04 2.651e-03 -1.000 6.036e-03 -0.150 3.975 7.245 4.896 2.549 1.814 1.608 1.295 0.953 0.250 0.121 -0.069 -0.202 -0.428 -0.485 -0.788 -0.804 -1.013
0.0060543 -0.40000 9.85000 1.0541534424 2.4835851208    0.986  2.003  3.6708  2.064    4  0.000  0.460     0.00     0.00     0.00     0.00     0.00 -1    -1e-30      0.00 7.159e-01 2.781e-01 9.142e-04 4.559e-04 2.651e-03 -1.000 6.036e-03 -0.238 3.903 7.284 4.957 2.549 1.803 1.572 1.246 0.897 0.180 0.049 -0.145 -0.279 -0.508 -0.566 -0.874 -0.891 -1.104
0.0060543 -0.40000 9.85000 1.0541571379 2.4835858060    0.986  2.039  3.6674  2.015    4  0.000  0.460     0.00     0.00     0.00     0.00     0.00 -1    -1e-30      0.00 7.159e-01 2.781e-01 9.142e-04 4.559e-04 2.651e-03 -1.000 6.036e-03 -0.326 3.831 7.312 5.026 2.551 1.794 1.537 1.199 0.842 0.111 -0.022 -0.220 -0.356 -0.588 -0.648 -0.960 -0.977 -1.194
0.0060543 -0.40000 9.85000 1.0541596413 2.4835862702    0.986  2.074  3.6641  1.967    4  0.000  0.460     0.00     0.00     0.00     0.00     0.00 -1    -1e-30      0.00 7.159e-01 2.781e-01 9.141e-04 4.559e-04 2.651e-03 -1.000 6.036e-03 -0.414 3.758 7.311 5.102 2.562 1.791 1.508 1.157 0.790 0.041 -0.094 -0.295 -0.434 -0.669 -0.729 -1.045 -1.063 -1.283
0.0060543 -0.40000 9.85000 1.0541601181 2.4835863586    0.986  2.083  3.6633  1.954    7  0.000  0.460     0.00     0.00     0.00     0.00     0.00 -1 -1.72e-10      0.00 7.159e-01 2.769e-01 9.141e-04 4.559e-04 2.651e-03 -1.000 7.254e-03 -0.437 3.739 7.308 5.123 2.566 1.791 1.502 1.147 0.777 0.023 -0.113 -0.315 -0.454 -0.691 -0.751 -1.068 -1.085 -1.307
0.0060543 -0.40000 9.85000 1.0541617870 2.4835866680    0.986  2.115  3.6604  1.911    7  0.000  0.460     0.00     0.00     0.00     0.00     0.00 -1 -2.03e-10      0.00 7.159e-01 2.769e-01 9.141e-04 4.559e-04 2.651e-03 -1.000 7.254e-03 -0.517 3.673 7.299 5.185 2.575 1.787 1.477 1.111 0.730 -0.041 -0.179 -0.385 -0.526 -0.764 -0.825 -1.145 -1.163 -1.388
0.0060543 -0.40000 9.85000 1.0541635752 2.4835869996    0.986  2.153  3.6571  1.859    7  0.000  0.460     0.00     0.00     0.00     0.00     0.00 -1 -2.47e-10      0.00 7.159e-01 2.769e-01 9.141e-04 4.559e-04 2.651e-03 -1.000 7.254e-03 -0.612 3.595 7.285 5.265 2.588 1.785 1.450 1.070 0.676 -0.116 -0.256 -0.466 -0.609 -0.850 -0.912 -1.236 -1.254 -1.482
0.0060543 -0.40000 9.85000 1.0541666746 2.4835875743    0.986  2.207  3.6522  1.785    7  0.000  0.460     0.00     0.00     0.00     0.00     0.00 -1 -3.26e-10      0.00 7.159e-01 2.769e-01 9.141e-04 4.559e-04 2.651e-03 -1.000 7.254e-03 -0.748 3.484 7.271 5.369 2.602 1.779 1.412 1.011 0.598 -0.221 -0.366 -0.581 -0.727 -0.973 -1.036 -1.365 -1.384 -1.618
0.0060543 -0.40000 9.85000 1.0541766882 2.4835894309    0.986  2.174  3.6552  1.831    7  0.000  0.460     0.00     0.00     0.00     0.00     0.00 -1 -2.76e-10      0.00 7.159e-01 2.769e-01 9.141e-04 4.559e-04 2.651e-03 -1.000 7.254e-03 -0.664 3.552 7.277 5.304 2.593 1.782 1.435 1.046 0.645 -0.157 -0.299 -0.510 -0.655 -0.898 -0.960 -1.286 -1.304 -1.535
0.0060543 -0.40000 9.85000 1.0542626381 2.4836053652    0.984  2.165  3.6560  1.842    7  0.000  0.460     0.00     0.00     0.00     0.00     0.00 -1 -8.73e-10      0.00 7.159e-01 2.768e-01 9.141e-04 4.560e-04 2.651e-03 -1.000 7.286e-03 -0.642 3.570 7.280 5.289 2.592 1.784 1.442 1.057 0.658 -0.139 -0.281 -0.491 -0.635 -0.878 -0.940 -1.265 -1.283 -1.512
0.0060543 -0.40000 9.85000 1.0543181896 2.4836156623    0.983  2.211  3.6517  1.778    7  0.000  0.460     0.00     0.00     0.00     0.00     0.00 -1 -1.13e-09      0.00 7.159e-01 2.769e-01 9.141e-04 4.561e-04 2.651e-03 -1.000 7.286e-03 -0.759 3.475 7.271 5.378 2.604 1.780 1.410 1.007 0.593 -0.230 -0.375 -0.590 -0.736 -0.983 -1.046 -1.376 -1.394 -1.629
0.0060543 -0.40000 9.85000 1.0543625355 2.4836238815    0.982  2.259  3.6475  1.713    7  0.000  0.460     0.00     0.00     0.00     0.00     0.00 -1 -1.45e-09      0.00 7.159e-01 2.769e-01 9.141e-04 4.561e-04 2.651e-03 -1.000 7.286e-03 -0.877 3.378 7.256 5.458 2.612 1.773 1.378 0.958 0.527 -0.320 -0.469 -0.689 -0.837 -1.088 -1.152 -1.487 -1.505 -1.745
0.0060543 -0.40000 9.85000 1.0543996096 2.4836307523    0.981  2.303  3.6436  1.653    7  0.000  0.460     0.00     0.00     0.00     0.00     0.00 -1 -1.82e-09      0.00 7.159e-01 2.769e-01 9.140e-04 4.561e-04 2.651e-03 -1.000 7.286e-03 -0.986 3.289 7.239 5.521 2.615 1.764 1.350 0.913 0.466 -0.403 -0.554 -0.778 -0.929 -1.183 -1.249 -1.588 -1.607 -1.852
0.0060543 -0.40000 9.85000 1.0544315577 2.4836366726    0.979  2.345  3.6399  1.595    7  0.000  0.460     0.00     0.00     0.00     0.00     0.00 -1 -2.29e-09      0.00 7.158e-01 2.769e-01 9.140e-04 4.562e-04 2.652e-03 -1.000 7.286e-03 -1.092 3.202 7.225 5.573 2.613 1.753 1.321 0.869 0.407 -0.483 -0.637 -0.865 -1.017 -1.275 -1.342 -1.686 -1.705 -1.955
0.0060543 -0.40000 9.85000 1.0544590950 2.4836417753    0.977  2.386  3.6362  1.539    7  0.000  0.459     0.00     0.00     0.00     0.00     0.00 -1 -2.83e-09      0.00 7.158e-01 2.769e-01 9.140e-04 4.562e-04 2.652e-03 -1.000 7.286e-03 -1.196 3.119 7.200 5.611 2.609 1.741 1.295 0.829 0.351 -0.558 -0.716 -0.948 -1.102 -1.363 -1.432 -1.780 -1.800 -2.054
0.0060543 -0.40000 9.85000 1.0544832945 2.4836462592    0.976  2.427  3.6327  1.483    7  0.000  0.459     0.00     0.00     0.00     0.00     0.00 -1 -3.51e-09      0.00 7.158e-01 2.769e-01 9.140e-04 4.562e-04 2.652e-03 -1.000 7.286e-03 -1.299 3.035 7.184 5.651 2.605 1.731 1.269 0.787 0.296 -0.633 -0.793 -1.029 -1.184 -1.450 -1.520 -1.874 -1.894 -2.154
0.0060543 -0.40000 9.85000 1.0545043945 2.4836501686    0.974  2.468  3.6292  1.428    7  0.000  0.459     0.00     0.00     0.00     0.00     0.00 -1 -4.35e-09      0.00 7.158e-01 2.769e-01 9.140e-04 4.562e-04 2.652e-03 -1.000 7.285e-03 -1.399 2.955 7.181 5.708 2.613 1.736 1.245 0.747 0.245 -0.702 -0.866 -1.106 -1.264 -1.534 -1.605 -1.966 -1.986 -2.251
0.0060543 -0.40000 9.85000 1.0545231104 2.4836536361    0.972  2.507  3.6257  1.373    7  0.000  0.459     9.36     7.06     4.98     3.83     3.11  4 -5.31e-09      0.00 7.158e-01 2.769e-01 9.139e-04 4.562e-04 2.652e-03 -1.000 7.274e-03 -1.497 2.876 7.170 5.759 2.622 1.744 1.224 0.710 0.197 -0.768 -0.934 -1.180 -1.339 -1.615 -1.688 -2.055 -2.077 -2.347
0.0060543 -0.40000 9.85000 1.0545401573 2.4836567943    0.969  2.546  3.6222  1.319    7  0.000  0.459    10.47     7.78     5.46     4.21     3.42  3 -6.49e-09      0.00 7.158e-01 2.769e-01 9.136e-04 4.563e-04 2.652e-03 -1.000 7.263e-03 -1.595 2.797 7.157 5.811 2.632 1.752 1.204 0.674 0.149 -0.834 -1.003 -1.253 -1.415 -1.695 -1.771 -2.145 -2.166 -2.442
0.0060543 -0.40000 9.85000 1.0545557737 2.4836596874    0.967  2.585  3.6171  1.259    7  0.000  0.459    11.88     8.67     6.06     4.68     3.80  3 -7.94e-09      0.00 7.158e-01 2.769e-01 9.128e-04 4.568e-04 2.652e-03 -1.000 7.263e-03 -1.692 2.730 7.169 5.913 2.684 1.803 1.218 0.668 0.128 -0.881 -1.053 -1.311 -1.475 -1.763 -1.842 -2.227 -2.250 -2.534
0.0060543 -0.40000 9.85000 1.0545703173 2.4836623816    0.964  2.624  3.6111  1.195    7  0.000  0.458    13.56     9.73     6.76     5.23     4.25  3  -9.7e-09      0.00 7.158e-01 2.769e-01 9.110e-04 4.581e-04 2.652e-03 -1.000 7.263e-03 -1.789 2.669 7.188 6.034 2.756 1.876 1.251 0.677 0.122 -0.917 -1.093 -1.360 -1.527 -1.824 -1.907 -2.305 -2.329 -2.624
0.0060543 -0.40000 9.85000 1.0545809269 2.4836643470    0.961  2.653  3.6084  1.153    7  0.000  0.457    14.77    10.47     7.25     5.62     4.56  3 -1.13e-08      0.00 7.158e-01 2.769e-01 9.089e-04 4.600e-04 2.652e-03 -1.000 7.263e-03 -1.862 2.612 7.166 6.064 2.764 1.886 1.242 0.657 0.092 -0.960 -1.138 -1.410 -1.578 -1.880 -1.965 -2.370 -2.394 -2.693
0.0060543 -0.40000 9.85000 1.0545939207 2.4836667540    0.958  2.691  3.6051  1.101    7  0.000  0.455    16.46    11.50     7.94     6.16     5.00  3 -1.37e-08      0.00 7.158e-01 2.769e-01 9.050e-04 4.645e-04 2.652e-03 -1.000 7.263e-03 -1.956 2.538 7.132 6.094 2.771 1.895 1.227 0.629 0.054 -1.017 -1.197 -1.474 -1.645 -1.952 -2.039 -2.453 -2.478 -2.783
0.0060543 -0.40000 9.85000 1.0546066761 2.4836691168    0.953  2.729  3.6016  1.046    7  0.000  0.453    18.42    12.68     8.71     6.77     5.49  3  -1.7e-08      0.00 7.158e-01 2.769e-01 9.004e-04 4.701e-04 2.652e-03 -1.000 7.263e-03 -2.052 2.464 7.099 6.128 2.780 1.907 1.216 0.603 0.017 -1.073 -1.256 -1.539 -1.711 -2.024 -2.115 -2.537 -2.563 -2.874
0.0060543 -0.40000 9.85000 1.0546187162 2.4836713470    0.948  2.768  3.5980  0.991    7  0.000  0.450    20.65    13.99     9.56     7.45     6.04  3 -2.07e-08      0.00 7.158e-01 2.769e-01 8.959e-04 4.754e-04 2.652e-03 -1.000 7.250e-03 -2.149 2.390 7.062 6.157 2.788 1.919 1.205 0.580 -0.018 -1.127 -1.313 -1.601 -1.775 -2.094 -2.188 -2.622 -2.648 -2.966
0.0060543 -0.40000 9.85000 1.0546301603 2.4836734667    0.942  2.805  3.5945  0.937    7  0.000  0.449    23.09    15.41    10.48     8.18     6.64  2 -2.51e-08      0.00 7.158e-01 2.770e-01 8.923e-04 4.799e-04 2.652e-03 -1.000 7.201e-03 -2.242 2.321 7.025 6.185 2.800 1.936 1.205 0.566 -0.044 -1.173 -1.362 -1.656 -1.832 -2.158 -2.257 -2.702 -2.729 -3.055
0.0060543 -0.40000 9.85000 1.0546412468 2.4836755202    0.935  2.844  3.5906  0.879    7  0.000  0.447    26.04    17.09    11.57     9.04     7.34  2 -3.08e-08      0.00 7.158e-01 2.770e-01 8.890e-04 4.839e-04 2.652e-03 -1.000 7.188e-03 -2.341 2.247 6.984 6.215 2.812 1.954 1.207 0.554 -0.069 -1.221 -1.413 -1.714 -1.891 -2.226 -2.329 -2.786 -2.814 -3.148
0.0060543 -0.40000 9.85000 1.0546501875 2.4836771762    0.928  2.884  3.5867  0.820    7  0.000  0.445    29.41    18.98    12.79    10.01     8.13  2 -3.79e-08      0.00 7.158e-01 2.770e-01 8.861e-04 4.875e-04 2.652e-03 -1.000 7.169e-03 -2.441 2.175 6.940 6.237 2.819 1.968 1.208 0.544 -0.090 -1.263 -1.458 -1.765 -1.944 -2.288 -2.397 -2.871 -2.899 -3.243
0.0060543 -0.40000 9.85000 1.0546560287 2.4836782581    0.922  2.921  3.5830  0.766    7  0.000  0.444    32.85    20.87    14.00    10.98     8.92  2 -4.59e-08      0.00 7.158e-01 2.770e-01 8.838e-04 4.903e-04 2.652e-03 -1.000 7.164e-03 -2.532 2.111 6.900 6.256 2.824 1.982 1.212 0.538 -0.107 -1.299 -1.496 -1.810 -1.990 -2.342 -2.457 -2.946 -2.976 -3.329
0.0060543 -0.40000 9.85000 1.0546605587 2.4836790971    0.917  2.954  3.5796  0.716    7  0.000  0.443    36.43    22.81    15.24    11.97     9.73  2 -5.43e-08      0.00 7.158e-01 2.770e-01 8.818e-04 4.928e-04 2.652e-03 -1.000 7.164e-03 -2.616 2.052 6.862 6.274 2.829 1.993 1.217 0.535 -0.120 -1.330 -1.529 -1.849 -2.030 -2.390 -2.511 -3.016 -3.046 -3.408
0.0060543 -0.40000 9.85000 1.0546646118 2.4836798478    0.911  2.988  3.5760  0.666    7  0.000  0.442    40.44    24.95    16.60    13.06    10.61  2 -6.42e-08      0.00 7.158e-01 2.770e-01 8.801e-04 4.949e-04 2.652e-03 -1.000 7.166e-03 -2.701 1.995 6.821 6.285 2.826 2.000 1.222 0.536 -0.126 -1.350 -1.552 -1.877 -2.058 -2.429 -2.559 -3.084 -3.115 -3.487
0.0060543 -0.40000 9.85000 1.0546684265 2.4836805543    0.905  3.022  3.5724  0.615    7  0.000  0.442    44.93    27.31    18.10    14.25    11.59  2 -7.67e-08      0.00 7.158e-01 2.770e-01 8.787e-04 4.967e-04 2.652e-03 -1.000 7.170e-03 -2.785 1.940 6.782 6.298 2.824 2.009 1.230 0.540 -0.130 -1.369 -1.572 -1.903 -2.084 -2.466 -2.605 -3.151 -3.183 -3.566
0.0060543 -0.40000 9.85000 1.0546716452 2.4836811504    0.899  3.052  3.5690  0.568    7  0.000  0.441    49.50    29.68    19.59    15.45    12.56  1 -8.89e-08      0.00 7.158e-01 2.770e-01 8.776e-04 4.980e-04 2.652e-03 -1.000 7.186e-03 -2.860 1.892 6.747 6.311 2.823 2.018 1.240 0.547 -0.127 -1.379 -1.584 -1.920 -2.101 -2.494 -2.643 -3.210 -3.243 -3.636
0.0060543 -0.40000 9.85000 1.0546751022 2.4836817907    0.891  3.089  3.5647  0.510    7  0.000  0.441    55.79    32.87    21.59    17.06    13.88  1 -1.08e-07      0.00 7.158e-01 2.770e-01 8.766e-04 4.992e-04 2.652e-03 -1.000 7.188e-03 -2.952 1.840 6.709 6.331 2.823 2.033 1.257 0.566 -0.111 -1.372 -1.580 -1.922 -2.101 -2.512 -2.677 -3.278 -3.312 -3.721
0.0060543 -0.40000 9.85000 1.0546786785 2.4836824530    0.881  3.124  3.5603  0.452    7  0.000  0.440    62.93    36.42    23.81    18.85    15.33  1  -1.3e-07      0.00 7.158e-01 2.770e-01 8.760e-04 4.999e-04 2.652e-03 -1.000 7.188e-03 -3.041 1.792 6.670 6.351 2.820 2.046 1.286 0.598 -0.084 -1.358 -1.568 -1.917 -2.095 -2.525 -2.707 -3.342 -3.377 -3.803
0.0060543 -0.40000 9.85000 1.0546826124 2.4836831816    0.868  3.160  3.5557  0.391    7  0.000  0.440    71.19    40.45    26.31    20.87    16.98  1 -1.59e-07      0.00 7.158e-01 2.770e-01 8.758e-04 5.002e-04 2.652e-03 -1.000 7.188e-03 -3.129 1.752 6.635 6.374 2.815 2.060 1.320 0.644 -0.036 -1.315 -1.527 -1.884 -2.057 -2.513 -2.720 -3.400 -3.438 -3.883
0.0060543 -0.40000 9.85000 1.0546851158 2.4836836453    0.858  3.180  3.5529  0.355    7  0.000  0.440    76.72    43.08    27.93    22.19    18.05  1 -1.81e-07      0.00 7.158e-01 2.770e-01 8.757e-04 5.002e-04 2.652e-03 -1.000 7.188e-03 -3.180 1.730 6.616 6.390 2.814 2.071 1.342 0.674 -0.005 -1.286 -1.499 -1.861 -2.031 -2.504 -2.726 -3.432 -3.472 -3.930
0.0060543 -0.40000 9.85000 1.0546857119 2.4836837556    0.855  3.165  3.5546  0.375    7  0.000  0.440    73.43    41.48    26.94    21.39    17.40  1 -1.71e-07      0.00 7.158e-01 2.770e-01 8.757e-04 5.002e-04 2.652e-03 -1.000 7.188e-03 -3.142 1.750 6.635 6.388 2.822 2.072 1.337 0.664 -0.016 -1.296 -1.508 -1.868 -2.040 -2.503 -2.715 -3.406 -3.444 -3.894
0.0060543 -0.40000 9.85000 1.0546858311 2.4836837777    0.855  3.164  3.5547  0.377    7  0.000  0.440    73.17    41.36    26.86    21.33    17.35  1  -1.7e-07      0.00 7.158e-01 2.770e-01 8.757e-04 5.002e-04 2.652e-03 -1.000 7.188e-03 -3.139 1.752 6.636 6.388 2.823 2.072 1.336 0.663 -0.017 -1.297 -1.509 -1.868 -2.040 -2.502 -2.714 -3.403 -3.442 -3.892
0.0060543 -0.40000 9.85000 1.0546859503 2.4836837998    0.854  3.162  3.5548  0.379    7  0.000  0.440    72.95    41.25    26.79    21.28    17.30  1  -1.7e-07      0.00 7.158e-01 2.770e-01 8.757e-04 5.002e-04 2.652e-03 -1.000 7.188e-03 -3.136 1.754 6.638 6.389 2.824 2.073 1.336 0.663 -0.017 -1.297 -1.509 -1.869 -2.041 -2.502 -2.713 -3.401 -3.440 -3.889
0.0060543 -0.40000 9.85000 1.0546860695 2.4836838219    0.854  3.161  3.5549  0.380    7  0.000  0.440    72.74    41.14    26.73    21.22    17.26  1 -1.69e-07      0.00 7.158e-01 2.770e-01 8.757e-04 5.002e-04 2.652e-03 -1.000 7.188e-03 -3.134 1.755 6.639 6.389 2.825 2.073 1.336 0.662 -0.018 -1.297 -1.510 -1.869 -2.041 -2.502 -2.712 -3.399 -3.437 -3.886
0.0060543 -0.40000 9.85000 1.0546861887 2.4836838440    0.853  3.159  3.5552  0.383    7  0.000  0.440    72.26    40.91    26.58    21.11    17.17  1 -1.68e-07      0.00 7.158e-01 2.770e-01 8.757e-04 5.002e-04 2.652e-03 -1.000 7.188e-03 -3.127 1.759 6.643 6.389 2.827 2.074 1.336 0.662 -0.018 -1.298 -1.510 -1.869 -2.041 -2.500 -2.710 -3.394 -3.433 -3.880
0.0060543 -0.40000 9.85000 1.0546863079 2.4836838660    0.852  3.157  3.5554  0.386    7  0.000  0.440    71.84    40.70    26.45    21.00    17.08  1 -1.67e-07      0.00 7.158e-01 2.770e-01 8.757e-04 5.002e-04 2.652e-03 -1.000 7.188e-03 -3.122 1.762 6.646 6.390 2.828 2.075 1.336 0.661 -0.019 -1.299 -1.511 -1.869 -2.042 -2.500 -2.708 -3.390 -3.428 -3.875
0.0060543 -0.40000 9.85000 1.0546865463 2.4836839102    0.852  3.149  3.5562  0.396    7  0.000  0.440    70.33    39.96    25.99    20.64    16.78  1 -1.62e-07      0.00 7.158e-01 2.770e-01 8.757e-04 5.002e-04 2.652e-03 -1.000 7.188e-03 -3.104 1.772 6.655 6.389 2.832 2.076 1.334 0.656 -0.025 -1.303 -1.515 -1.872 -2.045 -2.499 -2.703 -3.378 -3.415 -3.859
0.0060543 -0.40000 9.85000 1.0546867847 2.4836839543    0.851  3.141  3.5571  0.407    7  0.000  0.440    68.66    39.15    25.49    20.23    16.45  1 -1.57e-07      0.00 7.158e-01 2.770e-01 8.757e-04 5.002e-04 2.652e-03 -1.000 7.188e-03 -3.083 1.783 6.665 6.388 2.837 2.076 1.331 0.651 -0.031 -1.309 -1.520 -1.875 -2.050 -2.498 -2.697 -3.363 -3.400 -3.840
0.0060543 -0.40000 9.85000 1.0546870232 2.4836839985    0.850  3.150  3.5559  0.393    7  0.000  0.440    70.74    40.15    26.11    20.73    16.86  1 -1.63e-07      0.00 7.158e-01 2.770e-01 8.757e-04 5.002e-04 2.652e-03 -1.000 7.188e-03 -3.106 1.772 6.655 6.392 2.834 2.078 1.337 0.661 -0.020 -1.299 -1.510 -1.868 -2.041 -2.496 -2.701 -3.378 -3.416 -3.861
0.0060543 -0.40000 9.85000 1.0546873808 2.4836840647    0.848  3.197  3.5504  0.324    7  0.000  0.440    81.79    45.47    29.40    23.39    19.02  1    -2e-07      0.00 7.158e-01 2.770e-01 8.757e-04 5.002e-04 2.652e-03 -1.000 7.188e-03 -3.222 1.715 6.603 6.409 2.818 2.085 1.367 0.705 0.028 -1.255 -1.469 -1.835 -2.003 -2.491 -2.726 -3.457 -3.497 -3.966
0.0060543 -0.40000 9.85000 1.0546878576 2.4836841530    0.846  3.256  3.5430  0.234    7  0.000  0.440    98.83    53.46    34.31    27.36    22.27  1 -2.59e-07      0.00 7.158e-01 2.770e-01 8.753e-04 5.007e-04 2.652e-03 -1.000 7.190e-03 -3.370 1.657 6.543 6.437 2.799 2.106 1.420 0.797 0.135 -1.137 -1.353 -1.734 -1.889 -2.436 -2.725 -3.541 -3.585 -4.093
0.0060543 -0.40000 9.85000 1.0546884537 2.4836842634    0.842  3.307  3.5363  0.154    7  0.000  0.439   116.87    61.68    39.33    31.44    25.59  1  -3.3e-07      0.00 7.157e-01 2.770e-01 8.739e-04 5.026e-04 2.652e-03 -1.000 7.237e-03 -3.496 1.618 6.502 6.473 2.792 2.135 1.479 0.900 0.259 -0.996 -1.215 -1.610 -1.751 -2.359 -2.703 -3.599 -3.649 -4.196
0.0060543 -0.40000 9.85000 1.0546891689 2.4836843959    0.835  3.352  3.5300  0.080    7  0.525  0.439   136.48    70.37    44.60    35.73    29.10  1 -4.05e-07      0.00 7.157e-01 2.771e-01 8.728e-04 5.039e-04 2.651e-03 -1.000 7.217e-03 -3.609 1.595 6.475 6.518 2.796 2.176 1.547 1.013 0.399 -0.836 -1.056 -1.465 -1.591 -2.262 -2.665 -3.639 -3.695 -4.283
0.0060543 -0.40000 9.85000 1.0546903610 2.4836846167    0.820  3.394  3.5236  0.005    8  0.527  0.460   154.78    80.25    50.54    40.59    33.06  1 -5.11e-07      0.00 7.157e-01 2.783e-01 9.162e-04 5.052e-04 2.658e-03 -1.000 5.991e-03 -3.714 1.601 6.477 6.585 2.829 2.250 1.645 1.174 0.606 -0.600 -0.823 -1.249 -1.359 -2.107 -2.584 -3.638 -3.703 -4.343
0.0060543 -0.40000 9.85000 1.0546904802 2.4836846388    0.819  3.148  3.5525  0.365    8  0.527  0.460    74.41    41.79    27.10    21.56    17.53  1 -1.81e-07      0.00 7.157e-01 2.783e-01 9.162e-04 5.052e-04 2.658e-03 -1.000 5.991e-03 -3.100 1.814 6.698 6.471 2.896 2.153 1.423 0.758 0.083 -1.195 -1.408 -1.770 -1.940 -2.414 -2.638 -3.349 -3.389 -3.848
0.0060543 -0.40000 9.85000 1.0546905994 2.4836846608    0.818  3.021  3.5684  0.555    8  0.527  0.460    49.79    29.63    19.52    15.45    12.55  1 -1.05e-07      0.00 7.157e-01 2.783e-01 9.162e-04 5.052e-04 2.658e-03 -1.000 5.991e-03 -2.783 1.976 6.834 6.409 2.917 2.114 1.336 0.643 -0.033 -1.286 -1.492 -1.829 -2.010 -2.406 -2.557 -3.129 -3.162 -3.557
0.0060543 -0.40000 9.85000 1.0546908379 2.4836847050    0.814  2.845  3.5905  0.818    8  0.527  0.460    28.52    18.40    12.38     9.73     7.90  2 -4.78e-08      0.00 7.157e-01 2.783e-01 9.162e-04 5.052e-04 2.658e-03 -1.000 5.991e-03 -2.341 2.249 7.001 6.263 2.850 1.994 1.239 0.578 -0.055 -1.217 -1.409 -1.712 -1.890 -2.225 -2.329 -2.787 -2.815 -3.150
0.0060543 -0.40000 9.85000 1.0546910763 2.4836847491    0.809  2.862  3.5882  0.789    8  0.527  0.460    30.27    19.36    12.99    10.22     8.30  2 -5.27e-08      0.00 7.157e-01 2.783e-01 9.162e-04 5.052e-04 2.658e-03 -1.000 5.991e-03 -2.384 2.223 6.990 6.288 2.867 2.016 1.254 0.587 -0.052 -1.225 -1.419 -1.726 -1.905 -2.245 -2.352 -2.820 -2.848 -3.189
0.0060543 -0.40000 9.85000 1.0546915531 2.4836848375    0.803  2.982  3.5727  0.604    8  0.527  0.460    44.74    27.01    17.86    14.13    11.47  1 -9.29e-08      0.00 7.157e-01 2.783e-01 9.162e-04 5.052e-04 2.658e-03 -1.000 5.991e-03 -2.684 2.038 6.882 6.401 2.925 2.110 1.331 0.639 -0.033 -1.273 -1.477 -1.807 -1.989 -2.370 -2.509 -3.052 -3.084 -3.466
0.0060543 -0.40000 9.85000 1.0546920300 2.4836849258    0.796  3.141  3.5522  0.358    8  0.528  0.460    75.15    42.03    27.23    21.69    17.63  1 -1.92e-07      0.00 7.157e-01 2.783e-01 9.162e-04 5.052e-04 2.658e-03 -1.000 5.991e-03 -3.083 1.834 6.719 6.497 2.920 2.179 1.450 0.786 0.110 -1.169 -1.382 -1.745 -1.914 -2.391 -2.617 -3.331 -3.370 -3.831
0.0060543 -0.40000 9.85000 1.0546926260 2.4836850362    0.787  3.274  3.5350  0.152    8  0.528  0.460   116.12    60.84    38.76    31.05    25.27  1  -3.5e-07      0.00 7.157e-01 2.783e-01 9.162e-04 5.052e-04 2.658e-03 -1.000 5.991e-03 -3.415 1.718 6.600 6.579 2.893 2.242 1.589 1.020 0.388 -0.861 -1.079 -1.476 -1.614 -2.235 -2.591 -3.503 -3.554 -4.109
0.0060543 -0.40000 9.85000 1.0546933413 2.4836851686    0.777  3.359  3.5237  0.017    8  0.528  0.460   148.90    77.42    48.78    39.24    31.94  1 -5.18e-07      0.00 7.157e-01 2.783e-01 9.162e-04 5.052e-04 2.658e-03 -1.000 5.991e-03 -3.626 1.686 6.561 6.662 2.910 2.329 1.721 1.248 0.681 -0.524 -0.746 -1.171 -1.282 -2.027 -2.502 -3.553 -3.618 -4.257
0.0060543 -0.40000 9.85000 1.0546941757 2.4836853232    0.765  3.402  3.5178 -0.057    8  0.529  0.460   165.90    88.11    55.17    44.49    36.22  0 -6.48e-07      0.01 7.157e-01 2.783e-01 9.162e-04 5.052e-04 2.658e-03 -1.000 5.991e-03 -3.735 1.692 6.561 6.717 2.936 2.393 1.817 1.408 0.891 -0.284 -0.510 -0.954 -1.049 -1.871 -2.423 -3.548 -3.624 -4.315
0.0060543 -0.40000 9.85000 1.0546951294 2.4836854998    0.753  3.421  3.5149 -0.094    8  0.529  0.460   174.71    93.87    58.59    47.32    38.53  0 -7.36e-07      0.01 7.157e-01 2.783e-01 9.162e-04 5.052e-04 2.658e-03 -1.000 5.991e-03 -3.782 1.708 6.574 6.754 2.961 2.434 1.878 1.502 1.013 -0.146 -0.374 -0.827 -0.915 -1.779 -2.371 -3.529 -3.612 -4.330
0.0060543 -0.40000 9.85000 1.0546960831 2.4836856764    0.739  3.430  3.5133 -0.118    8  0.530  0.460   180.06    97.53    60.75    49.11    39.99  0 -8.08e-07      0.01 7.157e-01 2.783e-01 9.162e-04 5.052e-04 2.658e-03 -1.000 5.991e-03 -3.805 1.722 6.588 6.782 2.983 2.466 1.920 1.564 1.091 -0.059 -0.288 -0.748 -0.831 -1.720 -2.336 -3.514 -3.600 -4.334
0.0060543 -0.40000 9.85000 1.0546960831 2.4836856764    0.738  3.244  3.5372  0.163    8  0.530  0.460   112.31    58.66    37.38    30.00    24.40  1 -3.75e-07      0.00 7.157e-01 2.783e-01 9.162e-04 5.052e-04 2.658e-03 -1.000 5.991e-03 -3.340 1.763 6.648 6.611 2.936 2.274 1.614 1.027 0.381 -0.877 -1.096 -1.489 -1.632 -2.232 -2.567 -3.453 -3.501 -4.043
0.0060543 -0.40000 9.85000 1.0546963215 2.4836857206    0.734  3.067  3.5602  0.430    8  0.530  0.460    63.54    36.15    23.54    18.76    15.24  1 -1.78e-07      0.00 7.157e-01 2.783e-01 9.162e-04 5.052e-04 2.658e-03 -1.000 5.991e-03 -2.897 1.938 6.819 6.510 2.974 2.202 1.447 0.756 0.070 -1.209 -1.420 -1.771 -1.949 -2.379 -2.562 -3.198 -3.233 -3.659
0.0060543 -0.40000 9.85000 1.0546965599 2.4836857647    0.728  2.891  3.5833  0.695    8  0.530  0.460    36.12    22.36    14.88    11.78     9.55  1 -8.39e-08      0.00 7.157e-01 2.783e-01 9.162e-04 5.052e-04 2.658e-03 -1.000 5.991e-03 -2.457 2.185 6.989 6.379 2.936 2.095 1.319 0.635 -0.021 -1.224 -1.422 -1.737 -1.918 -2.270 -2.385 -2.874 -2.903 -3.256
0.0060543 -0.40000 9.85000 1.0546969175 2.4836858309    0.720  2.909  3.5814  0.664    8  0.530  0.460    38.43    23.55    15.63    12.39    10.05  1 -9.45e-08      0.00 7.157e-01 2.783e-01 9.162e-04 5.052e-04 2.658e-03 -1.000 5.991e-03 -2.502 2.154 6.970 6.392 2.941 2.105 1.324 0.636 -0.027 -1.240 -1.440 -1.758 -1.939 -2.296 -2.414 -2.911 -2.940 -3.297
0.0060543 -0.40000 9.85000 1.0546975136 2.4836859413    0.709  3.028  3.5663  0.478    8  0.530  0.460    57.02    32.86    21.47    17.11    13.89  1 -1.69e-07      0.00 7.157e-01 2.783e-01 9.162e-04 5.052e-04 2.658e-03 -1.000 5.991e-03 -2.801 1.979 6.853 6.480 2.970 2.177 1.402 0.702 0.016 -1.252 -1.461 -1.802 -1.983 -2.388 -2.547 -3.135 -3.169 -3.573
0.0060543 -0.40000 9.85000 1.0546981096 2.4836860517    0.696  3.186  3.5461  0.231    8  0.531  0.460    96.32    51.11    32.73    26.27    21.35  1 -3.54e-07      0.00 7.157e-01 2.783e-01 9.162e-04 5.052e-04 2.658e-03 -1.000 5.991e-03 -3.195 1.797 6.690 6.568 2.942 2.235 1.543 0.899 0.220 -1.066 -1.283 -1.660 -1.821 -2.345 -2.611 -3.392 -3.435 -3.927
0.0060543 -0.40000 9.85000 1.0546988249 2.4836861842    0.680  3.318  3.5294  0.023    8  0.531  0.460   140.57    74.01    46.59    37.63    30.60  0 -6.61e-07      0.01 7.157e-01 2.783e-01 9.162e-04 5.052e-04 2.658e-03 -1.000 5.991e-03 -3.524 1.701 6.590 6.668 2.936 2.325 1.706 1.169 0.547 -0.697 -0.920 -1.333 -1.458 -2.141 -2.552 -3.537 -3.594 -4.189
0.0060543 -0.40000 9.85000 1.0546996593 2.4836863387    0.663  3.402  3.5192 -0.114    8  0.531  0.460   172.17    94.09    58.56    47.51    38.65  0 -1.02e-06      0.01 7.157e-01 2.783e-01 9.162e-04 5.052e-04 2.658e-03 -1.000 5.991e-03 -3.735 1.683 6.569 6.759 2.973 2.431 1.862 1.426 0.876 -0.327 -0.555 -1.000 -1.099 -1.913 -2.450 -3.566 -3.638 -4.320
0.0060543 -0.40000 9.85000 1.0547006130 2.4836865153    0.644  3.446  3.5150 -0.187    8  0.532  0.460   175.17    -1.00    -1.00    -1.00    -1.00  0 -1.34e-06      0.02 7.157e-01 2.783e-01 9.162e-04 5.052e-04 2.658e-03 -1.000 5.991e-03 -3.845 1.679 6.568 6.806 3.004 2.490 1.948 1.559 1.045 -0.137 -0.371 -0.832 -0.921 -1.800 -2.401 -3.569 -3.652 -4.377
0.0060543 -0.40000 9.85000 1.0547016859 2.4836867140    0.623  3.466  3.5148 -0.222    8  0.533  0.460   165.13    -1.00    -1.00    -1.00    -1.00  0 -1.63e-06      0.03 7.157e-01 2.783e-01 9.162e-04 5.052e-04 2.658e-03 -1.000 5.991e-03 -3.896 1.656 6.562 6.828 3.026 2.516 1.977 1.582 1.060 -0.135 -0.372 -0.838 -0.925 -1.816 -2.423 -3.598 -3.683 -4.414
0.0060543 -0.40000 9.85000 1.0547028780 2.4836869348    0.601  3.478  3.5169 -0.241    8  0.533  0.460   154.69    -1.00    -1.00    -1.00    -1.00  0 -1.93e-06      0.04 7.157e-01 2.783e-01 9.162e-04 5.052e-04 2.658e-03 -1.000 5.991e-03 -3.924 1.605 6.530 6.811 3.013 2.496 1.951 1.522 0.964 -0.260 -0.499 -0.962 -1.056 -1.924 -2.504 -3.659 -3.740 -4.455
0.0060543 -0.40000 9.85000 1.0547059774 2.4836875088    0.534 -9.999  4.0000  1.832    9  0.534  0.000     0.00     0.00     0.00     0.00     0.00 -1    -1e-30      0.00 7.157e-01 2.783e-01 9.162e-04 5.052e-04 2.658e-03 -1.000 5.991e-03 29.767 29.937 29.864 29.849 29.805 29.827 29.908 30.022 30.007 30.053 30.055 30.050 30.048 30.048 30.051 30.046 30.045 30.025
