 Zini     MH   logAge Mini        int_IMF         Mass   logL    logTe  logg  label   McoreTP C_O  period0  period1  period2  period3  period4  pmode  Mloss  tau1m   X   Y   Xc  Xn  Xo  Cexcess  Z 	 mbolmag  F170Wmag  F218Wmag  F255Wmag  F300Wmag  F336Wmag  F380Wmag  F439Wmag  F450Wmag  F555Wmag  F569Wmag  F606Wmag  F622Wmag  F675Wmag  F702Wmag  F791Wmag  F814Wmag  F850LPmag
0.0038518 -0.60000 9.65000 0.0900000036 1.0816895926    0.090 -3.307  3.4139  5.307    1  0.000  0.545     0.00     0.00     0.00     0.00     0.00 -1  -4.6e-17      0.00 7.396e-01 2.565e-01 6.997e-04 1.887e-04 1.712e-03 -1.000 3.891e-03 13.037 18.367 23.274 24.016 20.086 20.081 21.253 20.179 19.112 17.585 17.366 16.751 16.639 15.549 14.683 13.215 13.065 12.154
0.0038518 -0.60000 9.65000 0.0999553651 1.1707334411    0.100 -3.096  3.4433  5.259    1  0.000  0.545     0.00     0.00     0.00     0.00     0.00 -1 -7.48e-17      0.00 7.393e-01 2.568e-01 6.997e-04 1.887e-04 1.712e-03 -1.000 3.891e-03 12.511 17.672 22.589 23.233 19.240 18.964 19.535 18.588 17.715 16.254 16.041 15.506 15.373 14.468 13.770 12.461 12.350 11.562
0.0038518 -0.60000 9.65000 0.1198660880 1.3184322434    0.120 -2.825  3.4762  5.199    1  0.000  0.545     0.00     0.00     0.00     0.00     0.00 -1 -1.37e-16      0.00 7.388e-01 2.573e-01 6.997e-04 1.887e-04 1.712e-03 -1.000 3.891e-03 11.834 16.788 21.702 22.042 18.073 17.509 17.535 16.731 16.042 14.643 14.433 13.992 13.833 13.147 12.647 11.550 11.475 10.831
0.0038518 -0.60000 9.65000 0.1397768110 1.4372475872    0.140 -2.640  3.4954  5.157    1  0.000  0.545     0.00     0.00     0.00     0.00     0.00 -1 -2.03e-16      0.00 7.383e-01 2.578e-01 6.997e-04 1.887e-04 1.712e-03 -1.000 3.891e-03 11.371 16.211 21.105 21.144 17.275 16.588 16.402 15.679 15.067 13.704 13.495 13.097 12.925 12.349 11.951 10.983 10.922 10.355
0.0038518 -0.60000 9.65000 0.1596875340 1.5358745769    0.160 -2.498  3.5084  5.125    1  0.000  0.545     0.00     0.00     0.00     0.00     0.00 -1 -2.74e-16      0.00 7.378e-01 2.583e-01 6.997e-04 1.887e-04 1.712e-03 -1.000 3.891e-03 11.016 15.784 20.653 20.448 16.683 15.937 15.648 14.976 14.406 13.075 12.868 12.494 12.315 11.797 11.458 10.572 10.518 9.996
0.0038518 -0.60000 9.65000 0.1988852322 1.6900834582    0.199 -2.285  3.5257  5.076    1  0.000  0.545     0.00     0.00     0.00     0.00     0.00 -1 -4.23e-16      0.00 7.371e-01 2.590e-01 6.997e-04 1.887e-04 1.712e-03 -1.000 3.891e-03 10.483 15.161 19.980 19.431 15.836 15.036 14.654 14.040 13.515 12.235 12.032 11.678 11.494 11.036 10.763 9.979 9.933 9.465
0.0038518 -0.60000 9.65000 0.1995089799 1.6922106238    0.199 -2.282  3.5260  5.076    1  0.000  0.545     0.00     0.00     0.00     0.00     0.00 -1 -4.26e-16      0.00 7.371e-01 2.590e-01 6.997e-04 1.887e-04 1.712e-03 -1.000 3.891e-03 10.475 15.153 19.970 19.417 15.824 15.024 14.641 14.027 13.503 12.224 12.021 11.667 11.483 11.025 10.754 9.971 9.925 9.458
0.0038518 -0.60000 9.65000 0.2492858022 1.8385095998    0.249 -2.081  3.5394  5.025    1  0.000  0.545     0.00     0.00     0.00     0.00     0.00 -1 -6.42e-16      0.00 7.365e-01 2.596e-01 6.997e-04 1.887e-04 1.712e-03 -1.000 3.891e-03 9.972 14.588 19.351 18.559 15.084 14.258 13.827 13.251 12.761 11.528 11.329 10.987 10.801 10.378 10.146 9.432 9.391 8.959
0.0038518 -0.60000 9.65000 0.2990626395 1.9510329391    0.299 -1.920  3.5488  4.981    1  0.000  0.545     0.00     0.00     0.00     0.00     0.00 -1 -8.91e-16      0.00 7.361e-01 2.600e-01 6.996e-04 1.888e-04 1.712e-03 -1.000 3.891e-03 9.571 14.147 18.867 17.926 14.526 13.688 13.234 12.681 12.210 11.010 10.814 10.479 10.292 9.887 9.681 9.011 8.972 8.562
0.0038518 -0.60000 9.65000 0.3488394022 2.0415111777    0.349 -1.771  3.5565  4.930    1  0.000  0.545     0.00     0.00     0.00     0.00     0.00 -1 -1.24e-15      0.00 7.401e-01 2.560e-01 6.997e-04 1.887e-04 1.712e-03 -1.000 3.891e-03 9.198 13.743 18.423 17.364 14.030 13.185 12.716 12.179 11.722 10.547 10.354 10.023 9.837 9.445 9.258 8.625 8.588 8.195
0.0038518 -0.60000 9.65000 0.3986162245 2.1165915868    0.398 -1.620  3.5680  4.882    1  0.000  0.545     0.00     0.00     0.00     0.00     0.00 -1 -1.73e-15      0.00 7.402e-01 2.559e-01 6.997e-04 1.887e-04 1.712e-03 -1.000 3.891e-03 8.819 13.321 17.933 16.702 13.478 12.627 12.146 11.629 11.184 10.045 9.856 9.530 9.344 8.969 8.810 8.229 8.195 7.828
0.0038518 -0.60000 9.65000 0.4483930469 2.1803767862    0.448 -1.454  3.5821  4.824    1  0.000  0.545     0.00     0.00     0.00     0.00     0.00 -1 -2.55e-15      0.00 7.402e-01 2.559e-01 6.997e-04 1.887e-04 1.712e-03 -1.000 3.891e-03 8.406 12.857 17.384 15.992 12.857 11.999 11.518 11.021 10.593 9.499 9.316 8.997 8.812 8.457 8.323 7.799 7.767 7.427
0.0038518 -0.60000 9.65000 0.4981698394 2.2355629965    0.498 -1.276  3.6017  4.770    1  0.000  0.545     0.00     0.00     0.00     0.00     0.00 -1 -3.89e-15      0.00 7.402e-01 2.559e-01 6.997e-04 1.887e-04 1.712e-03 -1.000 3.891e-03 7.960 12.348 16.728 15.126 12.112 11.252 10.800 10.325 9.919 8.894 8.720 8.417 8.236 7.904 7.798 7.336 7.308 7.001
0.0038518 -0.60000 9.65000 0.5479466915 2.2819509216    0.548 -1.085  3.6285  4.727    1  0.000  0.545     0.00     0.00     0.00     0.00     0.00 -1 -6.04e-15      0.00 7.525e-01 2.438e-01 6.684e-04 1.803e-04 1.636e-03 -1.000 3.701e-03 7.482 11.790 15.938 14.111 11.192 10.330 9.963 9.509 9.142 8.225 8.070 7.795 7.622 7.327 7.243 6.846 6.822 6.553
0.0038518 -0.60000 9.65000 0.5866898298 2.3118641910    0.586 -0.942  3.6519  4.707    1  0.000  0.545     0.00     0.00     0.00     0.00     0.00 -1  -8.3e-15      0.00 7.544e-01 2.419e-01 6.643e-04 1.793e-04 1.626e-03 -1.000 3.697e-03 7.125 11.344 15.202 13.146 10.339 9.484 9.251 8.826 8.500 7.693 7.556 7.314 7.151 6.892 6.824 6.478 6.458 6.223
0.0038518 -0.60000 9.65000 0.5977234840 2.3195715965    0.597 -0.903  3.6583  4.702    1  0.000  0.545     0.00     0.00     0.00     0.00     0.00 -1 -9.06e-15      0.00 7.549e-01 2.414e-01 6.631e-04 1.790e-04 1.623e-03 -1.000 3.686e-03 7.026 11.218 14.962 12.817 10.084 9.237 9.048 8.640 8.324 7.548 7.416 7.183 7.024 6.775 6.710 6.377 6.358 6.132
0.0038518 -0.60000 9.65000 0.6475002170 2.3506196740    0.647 -0.727  3.6884  4.682    1  0.000  0.545     0.00     0.00     0.00     0.00     0.00 -1 -1.33e-14      0.00 7.571e-01 2.392e-01 6.581e-04 1.776e-04 1.611e-03 -1.000 3.680e-03 6.589 10.643 13.424 11.071 8.921 8.164 8.164 7.859 7.580 6.930 6.815 6.623 6.486 6.269 6.217 5.931 5.915 5.726
0.0038518 -0.60000 9.65000 0.6779699326 2.3670598557    0.678 -0.625  3.7052  4.667    1  0.000  0.544     0.00     0.00     0.00     0.00     0.00 -1 -1.68e-14      0.00 7.588e-01 2.376e-01 6.543e-04 1.766e-04 1.602e-03 -1.000 3.660e-03 6.333 10.305 12.358 10.162 8.300 7.608 7.699 7.455 7.193 6.600 6.492 6.319 6.194 5.992 5.944 5.677 5.664 5.492
0.0038518 -0.60000 9.65000 0.6972771287 2.3766262999    0.697 -0.562  3.7155  4.658    1  0.000  0.544     0.00     0.00     0.00     0.00     0.00 -1 -1.93e-14      0.00 7.598e-01 2.365e-01 6.518e-04 1.760e-04 1.597e-03 -1.000 3.659e-03 6.176 10.090 11.645 9.636 7.933 7.281 7.424 7.216 6.965 6.405 6.300 6.138 6.019 5.826 5.780 5.525 5.513 5.351
0.0038518 -0.60000 9.65000 0.7019696832 2.3788601666    0.702 -0.547  3.7180  4.655    1  0.000  0.544     0.00     0.00     0.00     0.00     0.00 -1    -2e-14      0.00 7.601e-01 2.362e-01 6.503e-04 1.758e-04 1.595e-03 -1.000 3.656e-03 6.138 10.038 11.474 9.515 7.847 7.205 7.359 7.160 6.912 6.359 6.255 6.095 5.978 5.786 5.742 5.489 5.477 5.318
0.0038518 -0.60000 9.65000 0.7286460400 2.3909331164    0.729 -0.463  3.7316  4.641    1  0.000  0.540     0.00     0.00     0.00     0.00     0.00 -1 -2.42e-14      0.00 7.619e-01 2.345e-01 6.418e-04 1.746e-04 1.586e-03 -1.000 3.627e-03 5.926 9.737 10.580 8.886 7.393 6.799 7.010 6.855 6.622 6.108 6.008 5.860 5.751 5.569 5.527 5.288 5.278 5.132
0.0038518 -0.60000 9.65000 0.7471474409 2.3987265857    0.747 -0.405  3.7407  4.631    1  0.000  0.537     0.00     0.00     0.00     0.00     0.00 -1 -2.76e-14      0.00 7.631e-01 2.333e-01 6.359e-04 1.738e-04 1.579e-03 -1.000 3.611e-03 5.782 9.521 10.003 8.483 7.096 6.533 6.780 6.652 6.430 5.941 5.845 5.704 5.600 5.424 5.384 5.154 5.145 5.007
0.0038518 -0.60000 9.65000 0.7530138493 2.4011059564    0.753 -0.387  3.7432  4.626    1  0.000  0.537     0.00     0.00     0.00     0.00     0.00 -1 -2.89e-14      0.00 7.637e-01 2.328e-01 6.347e-04 1.734e-04 1.576e-03 -1.000 3.598e-03 5.737 9.452 9.837 8.365 7.012 6.459 6.713 6.593 6.373 5.891 5.795 5.657 5.553 5.380 5.341 5.113 5.104 4.968
0.0038518 -0.60000 9.65000 0.7756481171 2.4098996081    0.775 -0.318  3.7527  4.608    1  0.000  0.537     0.00     0.00     0.00     0.00     0.00 -1  -3.4e-14      0.00 7.658e-01 2.307e-01 6.296e-04 1.721e-04 1.564e-03 -1.000 3.588e-03 5.564 9.186 9.226 7.924 6.695 6.178 6.461 6.367 6.157 5.700 5.607 5.476 5.378 5.211 5.174 4.955 4.947 4.820
0.0038518 -0.60000 9.65000 0.7970178127 2.4176770109    0.797 -0.253  3.7613  4.590    1  0.000  0.536     0.00     0.00     0.00     0.00     0.00 -1 -3.98e-14      0.00 7.679e-01 2.285e-01 6.246e-04 1.707e-04 1.552e-03 -1.000 3.535e-03 5.403 8.928 8.697 7.535 6.411 5.926 6.230 6.158 5.959 5.524 5.435 5.310 5.216 5.056 5.020 4.810 4.802 4.683
0.0038518 -0.60000 9.65000 0.8078599572 2.4214425093    0.807 -0.221  3.7651  4.578    1  0.000  0.536     0.00     0.00     0.00     0.00     0.00 -1 -4.31e-14      0.00 7.694e-01 2.271e-01 6.211e-04 1.698e-04 1.544e-03 -1.000 3.501e-03 5.322 8.796 8.466 7.357 6.278 5.807 6.120 6.057 5.862 5.438 5.350 5.228 5.136 4.979 4.943 4.737 4.730 4.614
0.0038518 -0.60000 9.65000 0.8296012282 2.4286533711    0.829 -0.156  3.7726  4.555    1  0.000  0.536     0.00     0.00     0.00     0.00     0.00 -1 -5.08e-14      0.00 7.726e-01 2.240e-01 6.138e-04 1.678e-04 1.526e-03 -1.000 3.441e-03 5.159 8.528 8.023 7.013 6.019 5.574 5.902 5.855 5.670 5.266 5.181 5.065 4.976 4.824 4.790 4.591 4.584 4.475
0.0038518 -0.60000 9.65000 0.8468881845 2.4340840458    0.846 -0.104  3.7783  4.535    1  0.000  0.536     0.00     0.00     0.00     0.00     0.00 -1 -5.78e-14      0.00 7.754e-01 2.212e-01 6.074e-04 1.661e-04 1.511e-03 -1.000 3.417e-03 5.031 8.313 7.692 6.752 5.819 5.394 5.733 5.697 5.520 5.132 5.049 4.937 4.850 4.703 4.670 4.476 4.470 4.366
0.0038518 -0.60000 9.65000 0.8561990857 2.4369047787    0.855 -0.077  3.7810  4.523    1  0.000  0.536     0.00     0.00     0.00     0.00     0.00 -1 -6.21e-14      0.00 7.775e-01 2.191e-01 6.024e-04 1.648e-04 1.499e-03 -1.000 3.402e-03 4.962 8.200 7.531 6.623 5.718 5.303 5.645 5.615 5.441 5.060 4.978 4.868 4.783 4.638 4.605 4.414 4.408 4.307
0.0038518 -0.60000 9.65000 0.8770865202 2.4429828012    0.876 -0.015  3.7869  4.495    1  0.000  0.536     0.00     0.00     0.00     0.00     0.00 -1 -7.31e-14      0.00 7.826e-01 2.140e-01 5.904e-04 1.615e-04 1.470e-03 -1.000 3.377e-03 4.808 7.941 7.194 6.349 5.504 5.111 5.453 5.431 5.265 4.900 4.821 4.715 4.632 4.491 4.460 4.275 4.269 4.173
0.0038518 -0.60000 9.65000 0.8961739540 2.4482530739    0.895  0.042  3.7920  4.468    1  0.000  0.535     0.00     0.00     0.00     0.00     0.00 -1 -8.51e-14      0.00 7.879e-01 2.088e-01 5.782e-04 1.582e-04 1.441e-03 -1.000 3.258e-03 4.666 7.708 6.906 6.112 5.315 4.939 5.280 5.265 5.105 4.755 4.677 4.575 4.494 4.357 4.327 4.146 4.141 4.049
0.0038518 -0.60000 9.65000 0.8967584968 2.4484104063    0.896  0.043  3.7921  4.467    1  0.000  0.535     0.00     0.00     0.00     0.00     0.00 -1 -8.55e-14      0.00 7.881e-01 2.086e-01 5.778e-04 1.581e-04 1.440e-03 -1.000 3.255e-03 4.662 7.700 6.898 6.105 5.310 4.934 5.275 5.259 5.101 4.750 4.673 4.570 4.490 4.353 4.323 4.142 4.137 4.045
0.0038518 -0.60000 9.65000 0.9096072316 2.4518100531    0.909  0.082  3.7953  4.448    1  0.000  0.535     0.00     0.00     0.00     0.00     0.00 -1 -9.48e-14      0.00 7.914e-01 2.054e-01 5.714e-04 1.565e-04 1.425e-03 -1.000 3.207e-03 4.566 7.545 6.716 5.953 5.186 4.822 5.160 5.148 4.993 4.651 4.575 4.475 4.396 4.262 4.232 4.055 4.050 3.960
0.0038518 -0.60000 9.65000 0.9235549569 2.4553776178    0.923  0.124  3.7987  4.426    1  0.000  0.534     0.00     0.00     0.00     0.00     0.00 -1 -1.06e-13      0.00 7.947e-01 2.021e-01 5.652e-04 1.548e-04 1.410e-03 -1.000 3.207e-03 4.461 7.378 6.523 5.791 5.054 4.700 5.036 5.027 4.877 4.544 4.469 4.372 4.294 4.162 4.133 3.959 3.955 3.868
0.0038518 -0.60000 9.65000 0.9370927215 2.4587237818    0.936  0.164  3.8019  4.404    1  0.000  0.534     0.00     0.00     0.00     0.00     0.00 -1 -1.19e-13      0.00 7.976e-01 1.992e-01 5.602e-04 1.535e-04 1.399e-03 -1.000 3.201e-03 4.359 7.215 6.343 5.638 4.928 4.585 4.916 4.910 4.764 4.439 4.366 4.270 4.194 4.065 4.037 3.865 3.861 3.777
0.0038518 -0.60000 9.65000 0.9466288090 2.4610148847    0.946  0.194  3.8041  4.388    1  0.000  0.534     0.00     0.00     0.00     0.00     0.00 -1 -1.29e-13      0.00 7.995e-01 1.974e-01 5.573e-04 1.528e-04 1.392e-03 -1.000 3.170e-03 4.286 7.099 6.220 5.533 4.840 4.504 4.832 4.826 4.683 4.364 4.292 4.197 4.123 3.995 3.967 3.798 3.794 3.711
0.0038518 -0.60000 9.65000 0.9608127475 2.4643261051    0.960  0.237  3.8074  4.365    1  0.000  0.533     0.00     0.00     0.00     0.00     0.00 -1 -1.45e-13      0.00 7.993e-01 1.975e-01 5.597e-04 1.535e-04 1.399e-03 -1.000 3.168e-03 4.177 6.925 6.034 5.375 4.709 4.383 4.705 4.702 4.563 4.252 4.181 4.090 4.016 3.891 3.864 3.698 3.694 3.614
0.0038518 -0.60000 9.65000 0.9817256927 2.4690080626    0.981  0.303  3.8121  4.327    1  0.000  0.533     0.00     0.00     0.00     0.00     0.00 -1 -1.74e-13      0.00 7.989e-01 1.979e-01 5.635e-04 1.546e-04 1.409e-03 -1.000 3.205e-03 4.012 6.670 5.771 5.149 4.518 4.207 4.517 4.515 4.382 4.084 4.015 3.926 3.855 3.734 3.707 3.547 3.543 3.467
0.0038518 -0.60000 9.65000 0.9964991808 2.4721796624    0.996  0.350  3.8152  4.299    1  0.000  0.533     0.00     0.00     0.00     0.00     0.00 -1 -1.99e-13      0.00 7.984e-01 1.983e-01 5.664e-04 1.554e-04 1.417e-03 -1.000 3.227e-03 3.895 6.496 5.599 4.997 4.387 4.084 4.385 4.384 4.255 3.963 3.896 3.809 3.739 3.621 3.595 3.437 3.434 3.360
0.0038518 -0.60000 9.65000 1.0053676367 2.4740321555    1.005  0.378  3.8169  4.282    1  0.000  0.533     0.00     0.00     0.00     0.00     0.00 -1 -2.12e-13      0.00 7.986e-01 1.982e-01 5.662e-04 1.554e-04 1.417e-03 -1.000 3.213e-03 3.826 6.395 5.498 4.909 4.309 4.011 4.308 4.306 4.179 3.892 3.825 3.740 3.671 3.554 3.528 3.372 3.369 3.296
0.0038518 -0.60000 9.65000 1.0195668936 2.4769211458    1.019  0.422  3.8194  4.254    1  0.000  0.533     0.00     0.00     0.00     0.00     0.00 -1 -2.37e-13      0.00 7.988e-01 1.980e-01 5.661e-04 1.554e-04 1.417e-03 -1.000 3.201e-03 3.715 6.238 5.343 4.771 4.188 3.897 4.185 4.184 4.059 3.778 3.713 3.629 3.561 3.446 3.421 3.268 3.264 3.194
0.0038518 -0.60000 9.65000 1.0330290794 2.4795759955    1.032  0.464  3.8213  4.224    1  0.000  0.533     0.00     0.00     0.00     0.00     0.00 -1 -2.63e-13      0.00 7.987e-01 1.980e-01 5.662e-04 1.554e-04 1.417e-03 -1.000 3.237e-03 3.609 6.099 5.207 4.648 4.076 3.791 4.070 4.068 3.946 3.670 3.605 3.523 3.456 3.343 3.318 3.167 3.164 3.094
0.0038518 -0.60000 9.65000 1.0443506241 2.4817478673    1.043  0.502  3.8227  4.197    1  0.000  0.533     0.00     0.00     0.00     0.00     0.00 -1 -2.91e-13      0.00 7.984e-01 1.984e-01 5.671e-04 1.556e-04 1.420e-03 -1.000 3.220e-03 3.514 5.980 5.091 4.542 3.978 3.697 3.968 3.966 3.846 3.573 3.509 3.428 3.361 3.249 3.225 3.075 3.072 3.004
0.0038518 -0.60000 9.65000 1.0463694334 2.4821294722    1.045  0.510  3.8230  4.191    1  0.000  0.533     0.00     0.00     0.00     0.00     0.00 -1 -2.96e-13      0.00 7.981e-01 1.986e-01 5.677e-04 1.558e-04 1.421e-03 -1.000 3.221e-03 3.496 5.958 5.070 4.522 3.960 3.679 3.949 3.947 3.827 3.555 3.491 3.410 3.344 3.232 3.207 3.058 3.055 2.987
0.0038518 -0.60000 9.65000 1.0535368919 2.4834707246    1.052  0.535  3.8239  4.173    1  0.000  0.533     0.00     0.00     0.00     0.00     0.00 -1 -3.16e-13      0.00 7.971e-01 1.997e-01 5.699e-04 1.564e-04 1.426e-03 -1.000 3.222e-03 3.433 5.879 4.993 4.452 3.896 3.617 3.882 3.879 3.761 3.491 3.427 3.347 3.281 3.170 3.146 2.998 2.995 2.928
0.0038518 -0.60000 9.65000 1.0646479130 2.4855089441    1.063  0.575  3.8252  4.142    1  0.000  0.533     0.00     0.00     0.00     0.00     0.00 -1 -3.51e-13      0.00 7.950e-01 2.018e-01 5.744e-04 1.576e-04 1.437e-03 -1.000 3.244e-03 3.333 5.757 4.875 4.342 3.794 3.519 3.775 3.772 3.655 3.388 3.325 3.246 3.181 3.071 3.047 2.900 2.897 2.831
0.0038518 -0.60000 9.65000 1.0654184818 2.4856484864    1.064  0.578  3.8252  4.140    1  0.000  0.533     0.00     0.00     0.00     0.00     0.00 -1 -3.54e-13      0.00 7.948e-01 2.019e-01 5.747e-04 1.577e-04 1.437e-03 -1.000 3.245e-03 3.326 5.749 4.867 4.335 3.787 3.512 3.767 3.764 3.647 3.381 3.318 3.239 3.174 3.064 3.040 2.893 2.890 2.824
0.0038518 -0.60000 9.65000 1.0748976469 2.4873462623    1.073  0.615  3.8256  4.108    1  0.000  0.533     0.00     0.00     0.00     0.00     0.00 -1 -3.91e-13      0.00 7.930e-01 2.037e-01 5.785e-04 1.587e-04 1.447e-03 -1.000 3.264e-03 3.233 5.651 4.772 4.243 3.697 3.424 3.671 3.668 3.552 3.287 3.224 3.146 3.081 2.971 2.948 2.801 2.798 2.732
0.0038518 -0.60000 9.65000 1.0814819336 2.4885054255    1.080  0.642  3.8254  4.083    1  0.000  0.533     0.00     0.00     0.00     0.00     0.00 -1 -4.23e-13      0.00 7.918e-01 2.049e-01 5.812e-04 1.594e-04 1.453e-03 -1.000 3.277e-03 3.166 5.588 4.712 4.182 3.635 3.361 3.604 3.600 3.484 3.219 3.156 3.078 3.013 2.903 2.879 2.733 2.730 2.664
0.0038518 -0.60000 9.65000 1.0877342224 2.4895912154    1.086  0.668  3.8248  4.057    1  0.000  0.533     0.00     0.00     0.00     0.00     0.00 -1 -4.57e-13      0.00 7.906e-01 2.061e-01 5.837e-04 1.601e-04 1.459e-03 -1.000 3.289e-03 3.100 5.535 4.660 4.127 3.577 3.302 3.540 3.535 3.418 3.153 3.090 3.011 2.946 2.837 2.813 2.666 2.663 2.596
0.0038518 -0.60000 9.65000 1.0889892578 2.4898074411    1.087  0.673  3.8246  4.052    1  0.000  0.534     0.00     0.00     0.00     0.00     0.00 -1 -4.65e-13      0.00 7.904e-01 2.063e-01 5.842e-04 1.602e-04 1.460e-03 -1.000 3.291e-03 3.087 5.525 4.650 4.117 3.565 3.290 3.527 3.522 3.405 3.140 3.077 2.998 2.933 2.823 2.799 2.652 2.649 2.583
0.0038518 -0.60000 9.65000 1.0910644531 2.4901637147    1.089  0.682  3.8243  4.043    2  0.000  0.534     0.00     0.00     0.00     0.00     0.00 -1 -4.78e-13      0.00 7.900e-01 2.067e-01 5.850e-04 1.604e-04 1.462e-03 -1.000 3.295e-03 3.065 5.510 4.635 4.100 3.547 3.270 3.506 3.501 3.384 3.118 3.055 2.976 2.911 2.801 2.777 2.630 2.627 2.560
0.0038518 -0.60000 9.65000 1.0962398052 2.4910454750    1.094  0.704  3.8231  4.018    2  0.000  0.534     0.00     0.00     0.00     0.00     0.00 -1 -5.11e-13      0.00 7.890e-01 2.077e-01 5.870e-04 1.610e-04 1.467e-03 -1.000 3.305e-03 3.010 5.476 4.602 4.060 3.500 3.221 3.454 3.448 3.330 3.062 2.999 2.919 2.854 2.743 2.719 2.571 2.568 2.500
0.0038518 -0.60000 9.65000 1.0969020128 2.4911576096    1.095  0.707  3.8230  4.014    2  0.000  0.534     0.00     0.00     0.00     0.00     0.00 -1 -5.16e-13      0.00 7.890e-01 2.077e-01 5.872e-04 1.610e-04 1.467e-03 -1.000 3.305e-03 3.002 5.471 4.597 4.055 3.494 3.214 3.447 3.441 3.323 3.055 2.991 2.911 2.845 2.735 2.711 2.562 2.559 2.491
0.0038518 -0.60000 9.65000 1.1029090881 2.4921677448    1.101  0.736  3.8205  3.978    2  0.000  0.534     0.00     0.00     0.00     0.00     0.00 -1 -5.66e-13      0.00 7.884e-01 2.083e-01 5.884e-04 1.613e-04 1.470e-03 -1.000 3.306e-03 2.930 5.447 4.574 4.017 3.440 3.154 3.384 3.377 3.257 2.984 2.919 2.838 2.771 2.659 2.634 2.484 2.480 2.410
0.0038518 -0.60000 9.65000 1.1079233885 2.4930012983    1.106  0.760  3.8179  3.945    2  0.000  0.534     0.00     0.00     0.00     0.00     0.00 -1 -6.14e-13      0.00 7.879e-01 2.088e-01 5.894e-04 1.616e-04 1.472e-03 -1.000 3.307e-03 2.870 5.437 4.567 3.993 3.400 3.108 3.334 3.325 3.203 2.925 2.860 2.777 2.709 2.595 2.570 2.417 2.414 2.341
0.0038518 -0.60000 9.65000 1.1137828827 2.4939644249    1.112  0.789  3.8131  3.899    2  0.000  0.534     0.00     0.00     0.00     0.00     0.00 -1 -6.84e-13      0.00 7.873e-01 2.094e-01 5.906e-04 1.619e-04 1.475e-03 -1.000 3.307e-03 2.798 5.457 4.591 3.986 3.361 3.056 3.281 3.270 3.143 2.855 2.788 2.702 2.633 2.515 2.489 2.332 2.328 2.252
0.0038518 -0.60000 9.65000 1.1192910671 2.4948592402    1.117  0.816  3.8057  3.845    2  0.000  0.534     0.00     0.00     0.00     0.00     0.00 -1 -7.66e-13      0.00 7.867e-01 2.100e-01 5.917e-04 1.622e-04 1.478e-03 -1.000 3.308e-03 2.730 5.527 4.679 4.020 3.344 3.019 3.247 3.233 3.098 2.793 2.723 2.632 2.560 2.436 2.409 2.245 2.240 2.158
0.0038518 -0.60000 9.65000 1.1233243942 2.4955080656    1.121  0.834  3.7972  3.795    2  0.000  0.534     0.00     0.00     0.00     0.00     0.00 -1 -8.39e-13      0.00 7.858e-01 2.109e-01 5.931e-04 1.626e-04 1.481e-03 -1.000 3.311e-03 2.686 5.636 4.825 4.100 3.361 3.012 3.247 3.228 3.083 2.758 2.684 2.588 2.511 2.381 2.352 2.180 2.175 2.086
0.0038518 -0.60000 9.65000 1.1262806654 2.4959802368    1.124  0.842  3.7884  3.753    2  0.000  0.534     0.00     0.00     0.00     0.00     0.00 -1 -8.93e-13      0.00 7.797e-01 2.169e-01 6.054e-04 1.659e-04 1.511e-03 -1.000 3.373e-03 2.666 5.763 5.013 4.216 3.408 3.034 3.275 3.250 3.094 2.747 2.670 2.568 2.488 2.351 2.321 2.139 2.134 2.038
0.0038518 -0.60000 9.65000 1.1284966469 2.4963323052    1.126  0.842  3.7793  3.717    2  0.000  0.535     0.00     0.00     0.00     0.00     0.00 -1 -9.29e-13      0.00 7.757e-01 2.209e-01 6.137e-04 1.681e-04 1.530e-03 -1.000 3.431e-03 2.665 5.908 5.249 4.369 3.480 3.079 3.330 3.296 3.129 2.759 2.677 2.569 2.486 2.341 2.309 2.119 2.113 2.010
0.0038518 -0.60000 9.65000 1.1302530766 2.4966102337    1.128  0.836  3.7701  3.687    2  0.000  0.535     0.00     0.00     0.00     0.00     0.00 -1 -9.45e-13      0.00 7.698e-01 2.266e-01 6.256e-04 1.713e-04 1.559e-03 -1.000 3.585e-03 2.681 6.059 5.546 4.567 3.590 3.162 3.408 3.361 3.182 2.787 2.703 2.588 2.501 2.350 2.316 2.116 2.109 1.997
0.0038518 -0.60000 9.65000 1.1317533255 2.4968468401    1.130  0.823  3.7607  3.663    2  0.000  0.536     0.00     0.00     0.00     0.00     0.00 -1 -9.42e-13      0.00 7.588e-01 2.376e-01 6.504e-04 1.779e-04 1.618e-03 -1.000 3.656e-03 2.713 6.211 5.877 4.787 3.718 3.260 3.506 3.446 3.254 2.835 2.746 2.626 2.534 2.376 2.340 2.131 2.123 2.003
0.0038518 -0.60000 9.65000 1.1328842640 2.4970247257    1.131  0.809  3.7527  3.646    2  0.000  0.537     0.00     0.00     0.00     0.00     0.00 -1 -9.29e-13      0.00 7.536e-01 2.427e-01 6.617e-04 1.809e-04 1.644e-03 -1.000 3.721e-03 2.748 6.330 6.193 4.996 3.842 3.360 3.601 3.527 3.326 2.886 2.794 2.667 2.573 2.409 2.371 2.154 2.146 2.018
0.0038518 -0.60000 9.65000 1.1340243816 2.4972036422    1.132  0.799  3.7450  3.624    2  0.000  0.537     0.00     0.00     0.00     0.00     0.00 -1 -9.29e-13      0.00 7.504e-01 2.458e-01 6.682e-04 1.826e-04 1.659e-03 -1.000 3.791e-03 2.771 6.428 6.506 5.194 3.954 3.448 3.682 3.594 3.384 2.925 2.830 2.699 2.600 2.431 2.392 2.167 2.158 2.023
0.0038518 -0.60000 9.65000 1.1357681751 2.4974764934    1.134  0.806  3.7354  3.580    2  0.000  0.537     0.00     0.00     0.00     0.00     0.00 -1 -9.83e-13      0.00 7.474e-01 2.488e-01 6.739e-04 1.841e-04 1.673e-03 -1.000 3.791e-03 2.755 6.497 6.890 5.409 4.061 3.528 3.744 3.637 3.415 2.931 2.833 2.695 2.593 2.416 2.375 2.140 2.130 1.986
0.0038518 -0.60000 9.65000 1.1373641491 2.4977253722    1.135  0.835  3.7294  3.528    2  0.000  0.537     0.00     0.00     0.00     0.00     0.00 -1 -1.11e-12      0.00 7.452e-01 2.509e-01 6.771e-04 1.849e-04 1.680e-03 -1.000 3.870e-03 2.683 6.473 7.078 5.481 4.071 3.522 3.722 3.603 3.374 2.874 2.774 2.631 2.527 2.346 2.304 2.063 2.052 1.903
0.0038518 -0.60000 9.65000 1.1380510330 2.4978322390    1.136  0.851  3.7275  3.504    2  0.000  0.537     0.00     0.00     0.00     0.00     0.00 -1 -1.19e-12      0.00 7.443e-01 2.519e-01 6.780e-04 1.853e-04 1.683e-03 -1.000 3.794e-03 2.641 6.444 7.128 5.489 4.058 3.503 3.697 3.574 3.342 2.838 2.737 2.593 2.488 2.305 2.263 2.020 2.009 1.858
0.0038518 -0.60000 9.65000 1.1387487650 2.4979406417    1.136  0.871  3.7257  3.478    3  0.000  0.537     0.00     0.00     0.00     0.00     0.00 -1 -1.28e-12      0.00 7.433e-01 2.529e-01 6.785e-04 1.855e-04 1.685e-03 -1.000 3.862e-03 2.593 6.408 7.163 5.487 4.036 3.476 3.664 3.537 3.303 2.794 2.693 2.548 2.442 2.258 2.215 1.970 1.959 1.806
0.0038518 -0.60000 9.65000 1.1401488781 2.4981577093    1.138  0.914  3.7229  3.424    3  0.000  0.534     0.00     0.00     0.00     0.00     0.00 -1 -1.49e-12      0.00 7.409e-01 2.553e-01 6.759e-04 1.872e-04 1.689e-03 -1.000 3.814e-03 2.485 6.321 7.193 5.456 3.973 3.405 3.582 3.449 3.211 2.695 2.592 2.445 2.338 2.152 2.108 1.861 1.850 1.694
0.0038518 -0.60000 9.65000 1.1414591074 2.4983602871    1.139  0.958  3.7205  3.370    3  0.000  0.522     0.00     0.00     0.00     0.00     0.00 -1 -1.75e-12      0.00 7.383e-01 2.578e-01 6.619e-04 1.979e-04 1.691e-03 -1.000 3.880e-03 2.374 6.226 7.192 5.407 3.898 3.324 3.492 3.353 3.112 2.590 2.486 2.338 2.230 2.042 1.998 1.748 1.736 1.578
0.0038518 -0.60000 9.65000 1.1426861286 2.4985495155    1.140  1.004  3.7185  3.317    3  0.000  0.498     0.00     0.00     0.00     0.00     0.00 -1 -2.06e-12      0.00 7.354e-01 2.607e-01 6.318e-04 2.313e-04 1.694e-03 -1.000 3.887e-03 2.260 6.125 7.176 5.349 3.817 3.238 3.396 3.254 3.010 2.482 2.378 2.228 2.119 1.930 1.885 1.633 1.621 1.461
0.0038518 -0.60000 9.65000 1.1438115835 2.4987226702    1.141  1.049  3.7167  3.265    3  0.000  0.475     0.00     0.00     0.00     0.00     0.00 -1 -2.42e-12      0.00 7.327e-01 2.635e-01 6.029e-04 2.667e-04 1.696e-03 -1.000 3.815e-03 2.147 6.022 7.154 5.289 3.734 3.150 3.300 3.154 2.907 2.374 2.269 2.118 2.009 1.818 1.773 1.519 1.507 1.345
0.0038518 -0.60000 9.65000 1.1448498964 2.4988820706    1.142  1.094  3.7150  3.214    3  0.000  0.456     0.00     0.00     0.00     0.00     0.00 -1 -2.84e-12      0.00 7.301e-01 2.660e-01 5.797e-04 2.960e-04 1.697e-03 -1.000 3.865e-03 2.035 5.921 7.128 5.227 3.651 3.063 3.204 3.054 2.805 2.268 2.162 2.009 1.900 1.708 1.662 1.406 1.394 1.230
0.0038518 -0.60000 9.65000 1.1458854675 2.4990407193    1.143  1.142  3.7132  3.159    3  0.000  0.442     0.00     0.00     0.00     0.00     0.00 -1 -3.37e-12      0.00 7.276e-01 2.685e-01 5.617e-04 3.187e-04 1.698e-03 -1.000 3.888e-03 1.914 5.811 7.098 5.157 3.560 2.968 3.100 2.947 2.695 2.153 2.046 1.892 1.782 1.589 1.543 1.285 1.272 1.106
0.0038518 -0.60000 9.65000 1.1461101770 2.4990751011    1.144  1.154  3.7128  3.146    3  0.000  0.439     0.00     0.00     0.00     0.00     0.00 -1 -3.51e-12      0.00 7.271e-01 2.690e-01 5.586e-04 3.226e-04 1.698e-03 -1.000 3.889e-03 1.886 5.786 7.091 5.142 3.539 2.946 3.076 2.922 2.670 2.126 2.019 1.865 1.755 1.561 1.515 1.256 1.244 1.077
0.0038518 -0.60000 9.65000 1.1467773914 2.4991770972    1.144  1.187  3.7115  3.107    3  0.000  0.432     0.00     0.00     0.00     0.00     0.00 -1 -3.96e-12      0.00 7.257e-01 2.704e-01 5.501e-04 3.334e-04 1.698e-03 -1.000 3.888e-03 1.802 5.711 7.074 5.096 3.478 2.881 3.005 2.848 2.594 2.047 1.939 1.784 1.673 1.479 1.432 1.172 1.160 0.992
0.0038518 -0.60000 9.65000 1.1476055384 2.4993035052    1.145  1.232  3.7097  3.056    3  0.000  0.426     0.00     0.00     0.00     0.00     0.00 -1 -4.64e-12      0.00 7.241e-01 2.720e-01 5.418e-04 3.439e-04 1.699e-03 -1.000 3.891e-03 1.691 5.610 7.052 5.035 3.395 2.794 2.911 2.750 2.493 1.941 1.833 1.677 1.565 1.369 1.322 1.060 1.047 0.878
0.0038518 -0.60000 9.65000 1.1483643055 2.4994191391    1.146  1.276  3.7079  3.005    3  0.000  0.421     0.00     0.00     0.00     0.00     0.00 -1 -5.45e-12      0.00 7.229e-01 2.732e-01 5.359e-04 3.513e-04 1.699e-03 -1.000 3.891e-03 1.580 5.509 7.033 4.977 3.315 2.709 2.818 2.653 2.394 1.837 1.728 1.571 1.458 1.261 1.214 0.950 0.937 0.765
0.0038518 -0.60000 9.65000 1.1490640640 2.4995256246    1.147  1.320  3.7061  2.954    3  0.000  0.418     0.00     0.00     0.00     0.00     0.00 -1 -6.38e-12      0.00 7.221e-01 2.740e-01 5.319e-04 3.565e-04 1.700e-03 -1.000 3.891e-03 1.470 5.409 7.023 4.927 3.238 2.627 2.726 2.557 2.296 1.733 1.624 1.465 1.352 1.153 1.105 0.839 0.826 0.652
0.0038518 -0.60000 9.65000 1.1496989727 2.4996221126    1.147  1.363  3.7042  2.903    3  0.000  0.415     0.00     0.00     0.00     0.00     0.00 -1 -7.47e-12      0.00 7.215e-01 2.747e-01 5.292e-04 3.598e-04 1.700e-03 -1.000 3.891e-03 1.362 5.312 7.018 4.879 3.164 2.547 2.637 2.464 2.199 1.632 1.521 1.361 1.247 1.047 0.999 0.731 0.717 0.541
0.0038518 -0.60000 9.65000 1.1503014565 2.4997135597    1.148  1.408  3.7021  2.850    3  0.000  0.414     0.00     0.00     0.00     0.00     0.00 -1 -8.78e-12      0.00 7.210e-01 2.751e-01 5.274e-04 3.621e-04 1.700e-03 -1.000 3.891e-03 1.250 5.211 7.017 4.833 3.089 2.466 2.546 2.368 2.101 1.527 1.416 1.254 1.139 0.938 0.889 0.618 0.605 0.427
0.0038518 -0.60000 9.65000 1.1508188248 2.4997919998    1.148  1.450  3.7002  2.801    3  0.000  0.413     0.00     0.00     0.00     0.00     0.00 -1 -1.02e-11      0.00 7.208e-01 2.753e-01 5.263e-04 3.636e-04 1.700e-03 -1.000 3.889e-03 1.146 5.119 7.020 4.792 3.021 2.392 2.463 2.280 2.010 1.430 1.318 1.155 1.040 0.836 0.787 0.514 0.501 0.320
0.0038518 -0.60000 9.65000 1.1513113976 2.4998666052    1.149  1.492  3.6982  2.750    3  0.000  0.413     0.00     0.00     0.00     0.00     0.00 -1 -1.19e-11      0.00 7.207e-01 2.754e-01 5.258e-04 3.643e-04 1.700e-03 -1.000 3.890e-03 1.039 5.023 7.025 4.760 2.956 2.321 2.380 2.192 1.918 1.332 1.219 1.054 0.938 0.733 0.683 0.408 0.393 0.211
0.0038518 -0.60000 9.65000 1.1517547369 2.4999336910    1.149  1.534  3.6961  2.701    3  0.000  0.412     0.00     0.00     0.00     0.00     0.00 -1 -1.39e-11      0.00 7.206e-01 2.755e-01 5.255e-04 3.646e-04 1.700e-03 -1.000 3.891e-03 0.935 4.930 7.033 4.730 2.895 2.253 2.301 2.107 1.830 1.237 1.123 0.957 0.839 0.632 0.582 0.304 0.290 0.105
0.0038518 -0.60000 9.65000 1.1521517038 2.4999937093    1.149  1.574  3.6941  2.653    3  0.000  0.412     0.00     0.00     0.00     0.00     0.00 -1 -1.61e-11      0.00 7.206e-01 2.755e-01 5.254e-04 3.647e-04 1.700e-03 -1.000 3.889e-03 0.836 4.842 7.041 4.703 2.835 2.188 2.225 2.025 1.745 1.146 1.031 0.863 0.745 0.536 0.485 0.205 0.191 0.003
0.0038518 -0.60000 9.65000 1.1525315046 2.5000510878    1.149  1.615  3.6920  2.604    3  0.000  0.412     0.00     0.00     0.00     0.00     0.00 -1 -1.87e-11      0.00 7.206e-01 2.755e-01 5.254e-04 3.648e-04 1.700e-03 -1.000 3.889e-03 0.734 4.751 7.049 4.672 2.774 2.120 2.146 1.942 1.658 1.053 0.937 0.767 0.648 0.438 0.386 0.103 0.088 -0.101
0.0038518 -0.60000 9.65000 1.1528803110 2.5001037454    1.150  1.655  3.6898  2.555    3  0.000  0.412     0.00     0.00     0.00     0.00     0.00 -1 -2.17e-11      0.00 7.206e-01 2.755e-01 5.253e-04 3.648e-04 1.700e-03 -1.000 3.889e-03 0.633 4.661 7.059 4.644 2.714 2.054 2.070 1.860 1.573 0.961 0.844 0.672 0.553 0.340 0.288 0.003 -0.012 -0.204
0.0038518 -0.60000 9.65000 1.1532044411 2.5001526450    1.150  1.695  3.6876  2.506    3  0.000  0.412     0.00     0.00     0.00     0.00     0.00 -1 -2.51e-11      0.00 7.206e-01 2.755e-01 5.252e-04 3.649e-04 1.700e-03 -1.000 3.889e-03 0.532 4.571 7.037 4.618 2.658 1.992 1.997 1.780 1.490 0.871 0.753 0.580 0.459 0.245 0.192 -0.096 -0.111 -0.306
0.0038518 -0.60000 9.65000 1.1535011530 2.5001973804    1.150  1.734  3.6854  2.459    3  0.000  0.412     0.00     0.00     0.00     0.00     0.00 -1  -2.9e-11      0.00 7.206e-01 2.755e-01 5.252e-04 3.649e-04 1.700e-03 -1.000 3.889e-03 0.435 4.486 7.032 4.608 2.615 1.941 1.930 1.706 1.411 0.784 0.665 0.490 0.367 0.152 0.098 -0.193 -0.208 -0.406
0.0038518 -0.60000 9.65000 1.1537759304 2.5002387852    1.150  1.772  3.6833  2.412    3  0.000  0.412     0.00     0.00     0.00     0.00     0.00 -1 -3.34e-11      0.00 7.206e-01 2.755e-01 5.252e-04 3.650e-04 1.700e-03 -1.000 3.889e-03 0.340 4.402 7.028 4.601 2.573 1.893 1.865 1.633 1.334 0.699 0.579 0.401 0.278 0.060 0.006 -0.287 -0.303 -0.503
0.0038518 -0.60000 9.65000 1.1540418863 2.5002788391    1.150  1.810  3.6812  2.366    3  0.000  0.412     0.00     0.00     0.00     0.00     0.00 -1 -3.84e-11      0.00 7.206e-01 2.755e-01 5.251e-04 3.650e-04 1.700e-03 -1.000 3.889e-03 0.246 4.319 7.027 4.595 2.533 1.846 1.802 1.562 1.258 0.615 0.494 0.314 0.190 -0.030 -0.085 -0.381 -0.397 -0.599
0.0038518 -0.60000 9.65000 1.1542969942 2.5003172393    1.151  1.843  3.6792  2.325    3  0.000  0.412     0.00     0.00     0.00     0.00     0.00 -1 -4.35e-11      0.00 7.206e-01 2.755e-01 5.251e-04 3.651e-04 1.700e-03 -1.000 3.889e-03 0.163 4.246 7.032 4.597 2.499 1.805 1.747 1.500 1.192 0.541 0.419 0.237 0.112 -0.109 -0.165 -0.463 -0.480 -0.684
0.0038518 -0.60000 9.65000 1.1546672583 2.5003729387    1.151  1.878  3.6773  2.282    3  0.000  0.412     0.00     0.00     0.00     0.00     0.00 -1 -4.99e-11      0.00 7.207e-01 2.755e-01 5.250e-04 3.652e-04 1.700e-03 -1.000 3.889e-03 0.075 4.168 7.039 4.603 2.464 1.762 1.688 1.434 1.122 0.463 0.340 0.156 0.030 -0.194 -0.250 -0.550 -0.567 -0.774
0.0038518 -0.60000 9.65000 1.1548554897 2.5004012389    1.151  1.854  3.6789  2.312    3  0.000  0.412     0.00     0.00     0.00     0.00     0.00 -1  -4.6e-11      0.00 7.207e-01 2.755e-01 5.250e-04 3.652e-04 1.700e-03 -1.000 3.889e-03 0.134 4.219 7.019 4.584 2.480 1.785 1.723 1.475 1.166 0.514 0.391 0.209 0.084 -0.138 -0.193 -0.492 -0.509 -0.714
0.0038518 -0.60000 9.65000 1.1550343037 2.5004281134    1.151  1.819  3.6814  2.357    3  0.000  0.412     0.00     0.00     0.00     0.00     0.00 -1 -4.04e-11      0.00 7.207e-01 2.754e-01 5.250e-04 3.652e-04 1.700e-03 -1.000 3.889e-03 0.222 4.294 6.997 4.567 2.507 1.820 1.776 1.536 1.233 0.590 0.468 0.289 0.165 -0.055 -0.109 -0.405 -0.421 -0.623
0.0038518 -0.60000 9.65000 1.1550813913 2.5004351888    1.151  1.808  3.6822  2.372    3  0.000  0.412     0.00     0.00     0.00     0.00     0.00 -1 -3.87e-11      0.00 7.207e-01 2.754e-01 5.250e-04 3.652e-04 1.700e-03 -1.000 3.889e-03 0.251 4.318 6.991 4.564 2.516 1.832 1.793 1.557 1.255 0.615 0.494 0.315 0.191 -0.028 -0.082 -0.377 -0.393 -0.594
0.0038518 -0.60000 9.65000 1.1552702188 2.5004635552    1.151  1.841  3.6801  2.330    3  0.000  0.412     0.00     0.00     0.00     0.00     0.00 -1 -4.32e-11      0.00 7.207e-01 2.754e-01 5.249e-04 3.653e-04 1.700e-03 -1.000 3.889e-03 0.167 4.245 6.995 4.562 2.482 1.792 1.738 1.494 1.188 0.540 0.418 0.238 0.113 -0.108 -0.163 -0.460 -0.476 -0.680
0.0038518 -0.60000 9.65000 1.1555136442 2.5005001078    1.151  1.885  3.6775  2.276    3  0.000  0.412     0.00     0.00     0.00     0.00     0.00 -1 -5.06e-11      0.00 7.207e-01 2.754e-01 5.249e-04 3.653e-04 1.701e-03 -1.000 3.889e-03 0.058 4.150 7.012 4.578 2.442 1.742 1.668 1.415 1.103 0.444 0.321 0.138 0.011 -0.212 -0.268 -0.568 -0.585 -0.791
0.0038518 -0.60000 9.65000 1.1557416916 2.5005343352    1.151  1.927  3.6750  2.224    3  0.000  0.412     0.00     0.00     0.00     0.00     0.00 -1 -5.92e-11      0.00 7.207e-01 2.754e-01 5.249e-04 3.654e-04 1.701e-03 -1.000 3.889e-03 -0.048 4.058 7.030 4.595 2.405 1.695 1.601 1.338 1.021 0.352 0.227 0.041 -0.086 -0.312 -0.369 -0.673 -0.690 -0.899
0.0038518 -0.60000 9.65000 1.1559591293 2.5005669557    1.151  1.970  3.6723  2.171    3  0.000  0.412     0.00     0.00     0.00     0.00     0.00 -1 -6.94e-11      0.00 7.207e-01 2.754e-01 5.248e-04 3.654e-04 1.701e-03 -1.000 3.889e-03 -0.154 3.965 7.050 4.614 2.368 1.649 1.535 1.262 0.939 0.259 0.133 -0.056 -0.185 -0.413 -0.471 -0.778 -0.795 -1.008
0.0038518 -0.60000 9.65000 1.1561614275 2.5005972923    1.151  2.012  3.6697  2.118    3  0.000  0.412     0.00     0.00     0.00     0.00     0.00 -1 -8.13e-11      0.00 7.207e-01 2.754e-01 5.248e-04 3.654e-04 1.701e-03 -1.000 3.889e-03 -0.259 3.873 7.070 4.635 2.333 1.605 1.470 1.188 0.859 0.168 0.040 -0.151 -0.282 -0.513 -0.571 -0.882 -0.899 -1.115
0.0038518 -0.60000 9.65000 1.1563465595 2.5006250439    1.151  2.053  3.6670  2.066    3  0.000  0.412     0.00     0.00     0.00     0.00     0.00 -1 -9.49e-11      0.00 7.207e-01 2.754e-01 5.248e-04 3.655e-04 1.701e-03 -1.000 3.889e-03 -0.362 3.783 7.090 4.675 2.303 1.565 1.409 1.117 0.783 0.080 -0.049 -0.244 -0.376 -0.610 -0.669 -0.984 -1.001 -1.220
0.0038518 -0.60000 9.65000 1.1565207243 2.5006511422    1.151  2.095  3.6643  2.013    3  0.000  0.412     0.00     0.00     0.00     0.00     0.00 -1 -1.11e-10      0.00 7.207e-01 2.754e-01 5.247e-04 3.655e-04 1.701e-03 -1.000 3.889e-03 -0.467 3.692 7.110 4.715 2.274 1.525 1.347 1.046 0.705 -0.009 -0.140 -0.338 -0.472 -0.708 -0.768 -1.087 -1.105 -1.327
0.0038518 -0.60000 9.65000 1.1566807032 2.5006751068    1.151  2.136  3.6615  1.961    3  0.000  0.412     0.00     0.00     0.00     0.00     0.00 -1  -1.3e-10      0.00 7.207e-01 2.754e-01 5.247e-04 3.655e-04 1.701e-03 -1.000 3.889e-03 -0.571 3.603 7.096 4.770 2.265 1.501 1.298 0.984 0.632 -0.099 -0.232 -0.433 -0.569 -0.807 -0.868 -1.190 -1.208 -1.433
0.0038518 -0.60000 9.65000 1.1568255424 2.5006967970    1.151  2.177  3.6588  1.910    3  0.000  0.412     0.00     0.00     0.00     0.00     0.00 -1 -1.51e-10      0.00 7.207e-01 2.754e-01 5.247e-04 3.656e-04 1.701e-03 -1.000 3.889e-03 -0.671 3.516 7.059 4.823 2.263 1.485 1.255 0.928 0.564 -0.185 -0.321 -0.525 -0.663 -0.903 -0.965 -1.289 -1.308 -1.535
0.0038518 -0.60000 9.65000 1.1569639444 2.5007175173    1.151  2.218  3.6559  1.857    3  0.000  0.412     0.00     0.00     0.00     0.00     0.00 -1 -1.77e-10      0.00 7.207e-01 2.754e-01 5.247e-04 3.656e-04 1.701e-03 -1.000 3.889e-03 -0.775 3.427 7.010 4.878 2.264 1.472 1.215 0.873 0.496 -0.272 -0.410 -0.617 -0.757 -1.001 -1.063 -1.390 -1.408 -1.639
0.0038518 -0.60000 9.65000 1.1570892334 2.5007362695    1.150  2.258  3.6532  1.805    3  0.000  0.412     0.00     0.00     0.00     0.00     0.00 -1 -2.06e-10      0.00 7.207e-01 2.754e-01 5.247e-04 3.656e-04 1.701e-03 -1.000 3.889e-03 -0.876 3.342 6.971 4.925 2.263 1.458 1.176 0.820 0.430 -0.356 -0.497 -0.707 -0.849 -1.095 -1.158 -1.487 -1.506 -1.740
0.0038518 -0.60000 9.65000 1.1572074890 2.5007539648    1.150  2.299  3.6503  1.753    3  0.000  0.412     0.00     0.00     0.00     0.00     0.00 -1  -2.4e-10      0.00 7.207e-01 2.754e-01 5.246e-04 3.656e-04 1.701e-03 -1.000 3.889e-03 -0.977 3.255 6.939 4.969 2.260 1.443 1.137 0.767 0.364 -0.441 -0.585 -0.798 -0.941 -1.190 -1.253 -1.586 -1.605 -1.842
0.0038518 -0.60000 9.65000 1.1573139429 2.5007698905    1.150  2.339  3.6475  1.702    3  0.000  0.412     0.00     0.00     0.00     0.00     0.00 -1 -2.79e-10      0.00 7.207e-01 2.754e-01 5.246e-04 3.656e-04 1.701e-03 -1.000 3.889e-03 -1.076 3.172 6.903 5.012 2.260 1.433 1.104 0.719 0.303 -0.521 -0.668 -0.884 -1.029 -1.280 -1.345 -1.680 -1.699 -1.940
0.0038518 -0.60000 9.65000 1.1574147940 2.5007849749    1.150  2.379  3.6446  1.650    3  0.000  0.412     0.00     0.00     0.00     0.00     0.00 -1 -3.26e-10      0.00 7.207e-01 2.754e-01 5.246e-04 3.657e-04 1.701e-03 -1.000 3.889e-03 -1.177 3.087 6.871 5.053 2.259 1.422 1.070 0.671 0.240 -0.603 -0.752 -0.971 -1.118 -1.372 -1.437 -1.776 -1.796 -2.040
0.0038518 -0.60000 9.65000 1.1575059891 2.5007986125    1.149  2.418  3.6417  1.599    3  0.000  0.412     0.00     0.00     0.00     0.00     0.00 -1 -3.79e-10      0.00 7.207e-01 2.754e-01 5.246e-04 3.657e-04 1.701e-03 -1.000 3.889e-03 -1.276 3.004 6.849 5.092 2.258 1.411 1.039 0.625 0.180 -0.682 -0.833 -1.056 -1.204 -1.461 -1.527 -1.869 -1.889 -2.136
0.0038518 -0.60000 9.65000 1.1575913429 2.5008113743    1.149  2.458  3.6388  1.548    3  0.000  0.412     0.00     0.00     0.00     0.00     0.00 -1  -4.4e-10      0.00 7.207e-01 2.754e-01 5.246e-04 3.657e-04 1.701e-03 -1.000 3.889e-03 -1.375 2.921 6.827 5.129 2.255 1.400 1.009 0.580 0.120 -0.760 -0.915 -1.140 -1.290 -1.550 -1.617 -1.962 -1.982 -2.233
0.0038518 -0.60000 9.65000 1.1576714516 2.5008233499    1.149  2.498  3.6358  1.496    3  0.000  0.412     0.00     0.00     0.00     0.00     0.00 -1 -5.13e-10      0.00 7.207e-01 2.754e-01 5.246e-04 3.657e-04 1.701e-03 -1.000 3.889e-03 -1.474 2.839 6.807 5.165 2.253 1.392 0.981 0.537 0.063 -0.836 -0.994 -1.223 -1.374 -1.637 -1.705 -2.055 -2.074 -2.330
0.0038518 -0.60000 9.65000 1.1577444077 2.5008342546    1.148  2.536  3.6329  1.445    3  0.000  0.412     8.56     6.47     4.60     3.51     2.85  4 -5.95e-10      0.00 7.207e-01 2.754e-01 5.246e-04 3.657e-04 1.701e-03 -1.000 3.889e-03 -1.571 2.758 6.807 5.210 2.251 1.386 0.950 0.491 0.007 -0.909 -1.068 -1.301 -1.454 -1.721 -1.790 -2.145 -2.165 -2.425
0.0038518 -0.60000 9.65000 1.1578141451 2.5008446768    1.148  2.576  3.6300  1.394    3  0.000  0.412     9.52     7.10     5.02     3.85     3.12  4 -6.92e-10      0.00 7.207e-01 2.754e-01 5.246e-04 3.657e-04 1.701e-03 -1.000 3.889e-03 -1.670 2.677 6.807 5.258 2.249 1.381 0.919 0.445 -0.050 -0.981 -1.143 -1.381 -1.536 -1.806 -1.877 -2.237 -2.258 -2.522
0.0038518 -0.60000 9.65000 1.1578778028 2.5008541890    1.147  2.614  3.6270  1.343    3  0.000  0.412    10.57     7.78     5.48     4.20     3.41  4 -8.02e-10      0.00 7.207e-01 2.754e-01 5.245e-04 3.658e-04 1.701e-03 -1.000 3.889e-03 -1.766 2.598 6.797 5.303 2.251 1.381 0.892 0.404 -0.101 -1.050 -1.214 -1.456 -1.613 -1.888 -1.960 -2.326 -2.347 -2.616
0.0038518 -0.60000 9.65000 1.1579374075 2.5008630946    1.146  2.653  3.6240  1.293    3  0.000  0.412    11.73     8.52     5.98     4.59     3.73  4  -9.3e-10      0.00 7.207e-01 2.754e-01 5.245e-04 3.658e-04 1.701e-03 -1.000 3.889e-03 -1.862 2.519 6.783 5.345 2.251 1.379 0.865 0.362 -0.153 -1.118 -1.285 -1.531 -1.690 -1.969 -2.043 -2.414 -2.436 -2.709
0.0038518 -0.60000 9.65000 1.1579940319 2.5008715538    1.146  2.692  3.6210  1.241    3  0.000  0.412    13.04     9.35     6.53     5.02     4.08  3 -1.08e-09      0.00 7.207e-01 2.754e-01 5.245e-04 3.658e-04 1.701e-03 -1.000 3.889e-03 -1.960 2.439 6.769 5.390 2.253 1.380 0.839 0.321 -0.205 -1.188 -1.357 -1.608 -1.768 -2.052 -2.127 -2.504 -2.527 -2.805
0.0038518 -0.60000 9.65000 1.1580456495 2.5008792643    1.145  2.730  3.6180  1.191    3  0.000  0.412    14.47    10.23     7.12     5.48     4.45  3 -1.25e-09      0.00 7.207e-01 2.754e-01 5.245e-04 3.658e-04 1.701e-03 -1.000 3.889e-03 -2.055 2.362 6.750 5.432 2.257 1.383 0.816 0.283 -0.253 -1.252 -1.424 -1.680 -1.842 -2.130 -2.207 -2.590 -2.613 -2.896
0.0038518 -0.60000 9.65000 1.1580947638 2.5008866001    1.144  2.768  3.6150  1.140    3  0.000  0.412    16.06    11.21     7.77     5.99     4.87  3 -1.45e-09      0.00 7.207e-01 2.754e-01 5.245e-04 3.658e-04 1.701e-03 -1.000 3.889e-03 -2.150 2.285 6.727 5.471 2.261 1.386 0.794 0.247 -0.300 -1.317 -1.490 -1.751 -1.915 -2.208 -2.287 -2.677 -2.700 -2.988
0.0038518 -0.60000 9.65000 1.1581513882 2.5008950567    1.143  2.816  3.6113  1.078    3  0.000  0.411    18.28    12.56     8.66     6.69     5.43  3 -1.74e-09      0.00 7.207e-01 2.754e-01 5.245e-04 3.658e-04 1.701e-03 -1.000 3.889e-03 -2.269 2.189 6.695 5.518 2.265 1.390 0.767 0.202 -0.358 -1.397 -1.574 -1.840 -2.007 -2.305 -2.386 -2.784 -2.808 -3.103
0.0038518 -0.60000 9.65000 1.1582033634 2.5009028182    1.142  2.862  3.6075  1.015    3  0.000  0.411    20.78    14.05     9.64     7.45     6.06  3 -2.09e-09      0.00 7.207e-01 2.754e-01 5.245e-04 3.658e-04 1.701e-03 -1.000 3.889e-03 -2.385 2.096 6.659 5.561 2.271 1.397 0.745 0.164 -0.411 -1.472 -1.652 -1.925 -2.093 -2.398 -2.482 -2.888 -2.913 -3.214
0.0038518 -0.60000 9.65000 1.1582428217 2.5009087100    1.141  2.900  3.6044  0.965    3  0.000  0.411    23.07    15.39    10.52     8.15     6.62  3 -2.43e-09      0.00 7.207e-01 2.754e-01 5.245e-04 3.658e-04 1.701e-03 -1.000 3.889e-03 -2.480 2.021 6.626 5.594 2.278 1.407 0.733 0.137 -0.449 -1.531 -1.713 -1.992 -2.162 -2.472 -2.559 -2.973 -2.998 -3.305
0.0038518 -0.60000 9.65000 1.1582796574 2.5009142097    1.139  2.938  3.6014  0.914    3  0.000  0.411    25.59    16.85    11.47     8.90     7.24  3 -2.81e-09      0.00 7.207e-01 2.754e-01 5.245e-04 3.658e-04 1.701e-03 -1.000 3.889e-03 -2.574 1.946 6.591 5.627 2.286 1.417 0.723 0.112 -0.487 -1.588 -1.773 -2.057 -2.229 -2.545 -2.634 -3.057 -3.083 -3.395
0.0038518 -0.60000 9.65000 1.1583216190 2.5009204743    1.138  2.984  3.5977  0.853    3  0.000  0.411    29.02    18.81    12.74     9.90     8.05  2 -3.37e-09      0.00 7.207e-01 2.754e-01 5.245e-04 3.658e-04 1.701e-03 -1.000 3.889e-03 -2.689 1.856 6.543 5.657 2.290 1.425 0.710 0.083 -0.530 -1.656 -1.844 -2.136 -2.310 -2.633 -2.725 -3.158 -3.185 -3.504
0.0038518 -0.60000 9.65000 1.1583608389 2.5009263291    1.136  3.029  3.5938  0.791    3  0.000  0.411    32.97    21.03    14.17    11.03     8.97  2 -4.03e-09      0.00 7.207e-01 2.754e-01 5.245e-04 3.658e-04 1.701e-03 -1.000 3.889e-03 -2.803 1.768 6.495 5.688 2.297 1.438 0.705 0.062 -0.567 -1.719 -1.910 -2.209 -2.385 -2.716 -2.813 -3.258 -3.285 -3.612
0.0038518 -0.60000 9.65000 1.1583914757 2.5009309023    1.134  3.067  3.5907  0.740    3  0.000  0.411    36.64    23.06    15.48    12.06     9.81  2 -4.68e-09      0.00 7.207e-01 2.754e-01 5.245e-04 3.659e-04 1.701e-03 -1.000 3.889e-03 -2.897 1.695 6.452 5.710 2.299 1.445 0.699 0.043 -0.599 -1.771 -1.966 -2.271 -2.449 -2.786 -2.886 -3.340 -3.369 -3.702
0.0038518 -0.60000 9.65000 1.1584254503 2.5009359734    1.132  3.112  3.5869  0.679    3  0.000  0.411    41.52    25.73    17.18    13.41    10.92  2 -5.59e-09      0.00 7.207e-01 2.754e-01 5.245e-04 3.659e-04 1.701e-03 -1.000 3.889e-03 -3.009 1.610 6.398 5.730 2.298 1.451 0.694 0.024 -0.632 -1.828 -2.026 -2.338 -2.518 -2.864 -2.969 -3.437 -3.466 -3.808
0.0038518 -0.60000 9.65000 1.1584575176 2.5009407595    1.129  3.157  3.5830  0.618    3  0.000  0.411    47.12    28.73    19.09    14.92    12.15  2 -6.69e-09      0.00 7.207e-01 2.754e-01 5.245e-04 3.659e-04 1.701e-03 -1.000 3.889e-03 -3.122 1.525 6.343 5.747 2.296 1.457 0.690 0.008 -0.663 -1.884 -2.085 -2.404 -2.586 -2.940 -3.050 -3.533 -3.563 -3.914
0.0038518 -0.60000 9.65000 1.1584870815 2.5009451717    1.126  3.201  3.5790  0.557    3  0.000  0.411    53.46    32.08    21.20    16.61    13.53  2    -8e-09      0.00 7.207e-01 2.754e-01 5.245e-04 3.659e-04 1.701e-03 -1.000 3.889e-03 -3.232 1.444 6.289 5.765 2.293 1.463 0.692 -0.003 -0.687 -1.933 -2.137 -2.464 -2.647 -3.011 -3.128 -3.626 -3.657 -4.018
0.0038518 -0.60000 9.65000 1.1585150957 2.5009493524    1.123  3.245  3.5750  0.495    3  0.000  0.411    60.71    35.84    23.57    18.49    15.07  2 -9.58e-09      0.00 7.207e-01 2.754e-01 5.244e-04 3.659e-04 1.701e-03 -1.000 3.889e-03 -3.343 1.364 6.231 5.775 2.283 1.463 0.693 -0.010 -0.706 -1.974 -2.181 -2.515 -2.699 -3.074 -3.199 -3.719 -3.751 -4.123
0.0038518 -0.60000 9.65000 1.1585412025 2.5009532482    1.119  3.289  3.5709  0.434    3  0.000  0.411    68.86    40.00    26.18    20.58    16.77  1 -1.15e-08      0.00 7.207e-01 2.754e-01 5.244e-04 3.659e-04 1.701e-03 -1.000 3.889e-03 -3.452 1.287 6.172 5.782 2.268 1.460 0.705 -0.006 -0.716 -2.008 -2.219 -2.561 -2.746 -3.134 -3.268 -3.809 -3.842 -4.226
0.0038518 -0.60000 9.65000 1.1585652828 2.5009568414    1.116  3.331  3.5669  0.374    3  0.000  0.411    77.83    44.50    28.98    22.82    18.60  1 -1.36e-08      0.00 7.207e-01 2.754e-01 5.244e-04 3.659e-04 1.701e-03 -1.000 3.889e-03 -3.557 1.217 6.114 5.786 2.247 1.454 0.718 0.005 -0.715 -2.028 -2.242 -2.591 -2.777 -3.179 -3.325 -3.893 -3.927 -4.324
0.0038518 -0.60000 9.65000 1.1585837603 2.5009595985    1.112  3.361  3.5640  0.331    3  0.000  0.411    85.04    48.07    31.20    24.59    20.05  1 -1.55e-08      0.00 7.207e-01 2.754e-01 5.244e-04 3.659e-04 1.701e-03 -1.000 3.889e-03 -3.633 1.167 6.072 5.786 2.230 1.446 0.728 0.014 -0.713 -2.040 -2.255 -2.611 -2.795 -3.209 -3.365 -3.953 -3.988 -4.395
0.0038518 -0.60000 9.65000 1.1585837603 2.5009595985    1.112  1.794  3.7040  2.458    4  0.000  0.420     0.00     0.00     0.00     0.00     0.00 -1    -1e-30      0.00 7.172e-01 2.789e-01 5.394e-04 3.555e-04 1.713e-03 -1.000 3.891e-03 0.285 4.241 5.954 3.850 2.128 1.514 1.567 1.395 1.127 0.557 0.445 0.286 0.173 -0.028 -0.076 -0.345 -0.359 -0.536
0.0038518 -0.60000 9.65000 1.1587868929 2.5009899017    1.112  1.805  3.7030  2.443    4  0.000  0.419     0.00     0.00     0.00     0.00     0.00 -1    -1e-30      0.00 7.172e-01 2.789e-01 5.393e-04 3.555e-04 1.713e-03 -1.000 3.891e-03 0.257 4.219 5.986 3.859 2.120 1.504 1.551 1.376 1.106 0.532 0.420 0.260 0.147 -0.055 -0.104 -0.374 -0.388 -0.566
0.0038518 -0.60000 9.65000 1.1590013504 2.5010218811    1.112  1.811  3.7026  2.436    4  0.000  0.419     0.00     0.00     0.00     0.00     0.00 -1    -1e-30      0.00 7.172e-01 2.789e-01 5.393e-04 3.556e-04 1.713e-03 -1.000 3.891e-03 0.244 4.208 5.994 3.859 2.115 1.497 1.542 1.366 1.095 0.520 0.408 0.247 0.134 -0.068 -0.117 -0.388 -0.401 -0.580
0.0038518 -0.60000 9.65000 1.1592179537 2.5010541667    1.113  1.813  3.7026  2.434    4  0.000  0.419     0.00     0.00     0.00     0.00     0.00 -1    -1e-30      0.00 7.172e-01 2.789e-01 5.392e-04 3.557e-04 1.713e-03 -1.000 3.891e-03 0.237 4.202 5.987 3.853 2.109 1.491 1.536 1.359 1.088 0.514 0.401 0.241 0.128 -0.074 -0.123 -0.394 -0.408 -0.586
0.0038518 -0.60000 9.65000 1.1594324112 2.5010861187    1.113  1.814  3.7029  2.434    4  0.000  0.419     0.00     0.00     0.00     0.00     0.00 -1    -1e-30      0.00 7.172e-01 2.789e-01 5.391e-04 3.558e-04 1.713e-03 -1.000 3.891e-03 0.235 4.198 5.970 3.842 2.102 1.485 1.531 1.355 1.085 0.511 0.399 0.239 0.125 -0.077 -0.125 -0.396 -0.409 -0.588
0.0038518 -0.60000 9.65000 1.1596574783 2.5011196369    1.113  1.814  3.7033  2.436    4  0.000  0.419     0.00     0.00     0.00     0.00     0.00 -1    -1e-30      0.00 7.172e-01 2.789e-01 5.390e-04 3.559e-04 1.713e-03 -1.000 3.891e-03 0.235 4.196 5.948 3.830 2.095 1.479 1.526 1.351 1.082 0.509 0.397 0.237 0.124 -0.077 -0.126 -0.396 -0.410 -0.588
0.0038518 -0.60000 9.65000 1.1598761082 2.5011521821    1.113  1.814  3.7037  2.437    4  0.000  0.419     0.00     0.00     0.00     0.00     0.00 -1    -1e-30      0.00 7.172e-01 2.789e-01 5.389e-04 3.560e-04 1.713e-03 -1.000 3.891e-03 0.235 4.194 5.926 3.817 2.088 1.473 1.522 1.348 1.079 0.507 0.396 0.236 0.123 -0.078 -0.126 -0.396 -0.410 -0.587
0.0038518 -0.60000 9.65000 1.1600956917 2.5011848550    1.114  1.814  3.7041  2.439    4  0.000  0.419     0.00     0.00     0.00     0.00     0.00 -1    -1e-30      0.00 7.172e-01 2.789e-01 5.389e-04 3.561e-04 1.713e-03 -1.000 3.891e-03 0.235 4.191 5.903 3.804 2.081 1.468 1.517 1.345 1.076 0.506 0.395 0.235 0.122 -0.078 -0.127 -0.396 -0.409 -0.586
0.0038518 -0.60000 9.65000 1.1603143215 2.5012173719    1.114  1.814  3.7045  2.441    4  0.000  0.419     0.00     0.00     0.00     0.00     0.00 -1    -1e-30      0.00 7.172e-01 2.789e-01 5.388e-04 3.562e-04 1.713e-03 -1.000 3.891e-03 0.235 4.189 5.880 3.791 2.074 1.461 1.513 1.341 1.073 0.504 0.393 0.234 0.122 -0.079 -0.127 -0.396 -0.409 -0.586
0.0038518 -0.60000 9.65000 1.1605178118 2.5012476245    1.114  1.814  3.7048  2.442    4  0.000  0.419     0.00     0.00     0.00     0.00     0.00 -1    -1e-30      0.00 7.172e-01 2.789e-01 5.387e-04 3.563e-04 1.713e-03 -1.000 3.891e-03 0.234 4.186 5.861 3.780 2.067 1.456 1.508 1.338 1.071 0.503 0.391 0.233 0.120 -0.080 -0.128 -0.396 -0.410 -0.586
0.0038518 -0.60000 9.65000 1.1607369184 2.5012801850    1.114  1.815  3.7051  2.443    4  0.000  0.419     0.00     0.00     0.00     0.00     0.00 -1    -1e-30      0.00 7.172e-01 2.789e-01 5.386e-04 3.564e-04 1.713e-03 -1.000 3.891e-03 0.233 4.183 5.842 3.768 2.060 1.450 1.503 1.334 1.067 0.500 0.389 0.231 0.118 -0.082 -0.130 -0.398 -0.411 -0.587
0.0038518 -0.60000 9.65000 1.1609652042 2.5013140946    1.115  1.815  3.7054  2.443    4  0.000  0.419     0.00     0.00     0.00     0.00     0.00 -1    -1e-30      0.00 7.172e-01 2.789e-01 5.386e-04 3.565e-04 1.713e-03 -1.000 3.891e-03 0.231 4.180 5.823 3.757 2.053 1.444 1.499 1.330 1.063 0.497 0.386 0.228 0.116 -0.083 -0.132 -0.399 -0.413 -0.588
0.0038518 -0.60000 9.65000 1.1611790657 2.5013458477    1.115  1.816  3.7057  2.444    4  0.000  0.419     0.00     0.00     0.00     0.00     0.00 -1    -1e-30      0.00 7.172e-01 2.789e-01 5.385e-04 3.566e-04 1.713e-03 -1.000 3.891e-03 0.230 4.177 5.806 3.747 2.047 1.439 1.494 1.326 1.060 0.495 0.384 0.226 0.114 -0.085 -0.133 -0.401 -0.414 -0.589
0.0038518 -0.60000 9.65000 1.1614068747 2.5013796569    1.115  1.817  3.7059  2.444    4  0.000  0.419     0.00     0.00     0.00     0.00     0.00 -1    -1e-30      0.00 7.172e-01 2.789e-01 5.384e-04 3.567e-04 1.713e-03 -1.000 3.891e-03 0.228 4.173 5.790 3.737 2.040 1.433 1.489 1.322 1.056 0.492 0.381 0.223 0.111 -0.088 -0.136 -0.403 -0.416 -0.591
0.0038518 -0.60000 9.65000 1.1616327763 2.5014131679    1.115  1.818  3.7062  2.444    4  0.000  0.419     0.00     0.00     0.00     0.00     0.00 -1    -1e-30      0.00 7.172e-01 2.789e-01 5.383e-04 3.568e-04 1.713e-03 -1.000 3.891e-03 0.225 4.170 5.774 3.727 2.034 1.427 1.484 1.317 1.052 0.489 0.378 0.221 0.109 -0.090 -0.138 -0.405 -0.418 -0.593
0.0038518 -0.60000 9.65000 1.1616519690 2.5014160143    1.115  1.818  3.7062  2.444    4  0.000  0.419     0.00     0.00     0.00     0.00     0.00 -1    -1e-30      0.00 7.172e-01 2.789e-01 5.383e-04 3.568e-04 1.713e-03 -1.000 3.891e-03 0.225 4.169 5.773 3.727 2.034 1.427 1.484 1.317 1.052 0.488 0.378 0.220 0.108 -0.090 -0.139 -0.405 -0.419 -0.593
0.0038518 -0.60000 9.65000 1.1618639231 2.5014474415    1.116  1.819  3.7064  2.444    4  0.000  0.419     0.00     0.00     0.00     0.00     0.00 -1    -1e-30      0.00 7.172e-01 2.789e-01 5.382e-04 3.569e-04 1.713e-03 -1.000 3.891e-03 0.223 4.166 5.760 3.718 2.028 1.422 1.479 1.313 1.048 0.485 0.375 0.217 0.106 -0.093 -0.141 -0.408 -0.421 -0.596
0.0038518 -0.60000 9.65000 1.1620898247 2.5014809223    1.116  1.820  3.7066  2.444    4  0.000  0.419     0.00     0.00     0.00     0.00     0.00 -1    -1e-30      0.00 7.172e-01 2.789e-01 5.381e-04 3.570e-04 1.713e-03 -1.000 3.891e-03 0.220 4.162 5.747 3.710 2.022 1.417 1.475 1.309 1.044 0.482 0.371 0.214 0.102 -0.096 -0.144 -0.410 -0.424 -0.598
0.0038518 -0.60000 9.65000 1.1623100042 2.5015135405    1.116  1.821  3.7067  2.443    4  0.000  0.418     0.00     0.00     0.00     0.00     0.00 -1    -1e-30      0.00 7.172e-01 2.789e-01 5.381e-04 3.571e-04 1.713e-03 -1.000 3.891e-03 0.217 4.158 5.736 3.703 2.017 1.412 1.470 1.304 1.040 0.478 0.368 0.211 0.099 -0.099 -0.147 -0.413 -0.427 -0.601
0.0038518 -0.60000 9.65000 1.1625201702 2.5015446621    1.116  1.823  3.7068  2.443    4  0.000  0.418     0.00     0.00     0.00     0.00     0.00 -1    -1e-30      0.00 7.172e-01 2.789e-01 5.380e-04 3.572e-04 1.713e-03 -1.000 3.891e-03 0.214 4.155 5.727 3.696 2.012 1.407 1.466 1.300 1.036 0.474 0.364 0.207 0.096 -0.103 -0.151 -0.417 -0.430 -0.604
0.0038518 -0.60000 9.65000 1.1627440453 2.5015777994    1.117  1.824  3.7069  2.441    4  0.000  0.418     0.00     0.00     0.00     0.00     0.00 -1    -1e-30      0.00 7.172e-01 2.789e-01 5.379e-04 3.573e-04 1.713e-03 -1.000 3.891e-03 0.210 4.150 5.720 3.691 2.007 1.403 1.461 1.296 1.032 0.470 0.360 0.203 0.091 -0.107 -0.155 -0.421 -0.434 -0.608
0.0038518 -0.60000 9.65000 1.1629551649 2.5016090354    1.117  1.826  3.7069  2.440    4  0.000  0.418     0.00     0.00     0.00     0.00     0.00 -1    -1e-30      0.00 7.172e-01 2.789e-01 5.378e-04 3.574e-04 1.713e-03 -1.000 3.891e-03 0.205 4.146 5.715 3.687 2.003 1.399 1.457 1.291 1.027 0.466 0.356 0.199 0.087 -0.111 -0.159 -0.425 -0.438 -0.612
0.0038518 -0.60000 9.65000 1.1631631851 2.5016397999    1.117  1.828  3.7069  2.438    4  0.000  0.418     0.00     0.00     0.00     0.00     0.00 -1    -1e-30      0.00 7.172e-01 2.790e-01 5.378e-04 3.575e-04 1.713e-03 -1.000 3.891e-03 0.201 4.142 5.712 3.683 1.999 1.395 1.453 1.287 1.023 0.461 0.351 0.194 0.083 -0.116 -0.163 -0.429 -0.443 -0.617
0.0038518 -0.60000 9.65000 1.1631847620 2.5016429903    1.117  1.828  3.7069  2.438    4  0.000  0.418     0.00     0.00     0.00     0.00     0.00 -1    -1e-30      0.00 7.172e-01 2.790e-01 5.377e-04 3.575e-04 1.713e-03 -1.000 3.891e-03 0.200 4.141 5.711 3.683 1.999 1.394 1.452 1.287 1.023 0.461 0.351 0.194 0.082 -0.116 -0.164 -0.430 -0.443 -0.617
0.0038518 -0.60000 9.65000 1.1633745432 2.5016710452    1.117  1.830  3.7068  2.435    4  0.000  0.418     0.00     0.00     0.00     0.00     0.00 -1    -1e-30      0.00 7.172e-01 2.790e-01 5.377e-04 3.575e-04 1.713e-03 -1.000 3.891e-03 0.195 4.137 5.712 3.682 1.996 1.391 1.448 1.282 1.018 0.456 0.346 0.189 0.077 -0.121 -0.169 -0.435 -0.448 -0.623
0.0038518 -0.60000 9.65000 1.1635828018 2.5017018195    1.118  1.832  3.7066  2.432    4  0.000  0.418     0.00     0.00     0.00     0.00     0.00 -1    -1e-30      0.00 7.172e-01 2.790e-01 5.376e-04 3.576e-04 1.713e-03 -1.000 3.891e-03 0.189 4.131 5.715 3.681 1.993 1.388 1.444 1.278 1.013 0.450 0.340 0.183 0.071 -0.127 -0.175 -0.441 -0.455 -0.629
0.0038518 -0.60000 9.65000 1.1637848616 2.5017316657    1.118  1.835  3.7064  2.429    4  0.000  0.418     0.00     0.00     0.00     0.00     0.00 -1    -1e-30      0.00 7.172e-01 2.790e-01 5.375e-04 3.577e-04 1.713e-03 -1.000 3.891e-03 0.182 4.126 5.720 3.682 1.990 1.384 1.439 1.272 1.007 0.444 0.334 0.176 0.065 -0.134 -0.182 -0.448 -0.462 -0.636
0.0038518 -0.60000 9.65000 1.1639901400 2.5017619752    1.118  1.838  3.7062  2.425    4  0.000  0.418     0.00     0.00     0.00     0.00     0.00 -1    -1e-30      0.00 7.171e-01 2.790e-01 5.375e-04 3.578e-04 1.713e-03 -1.000 3.891e-03 0.174 4.119 5.728 3.684 1.988 1.381 1.434 1.267 1.001 0.437 0.326 0.169 0.057 -0.142 -0.190 -0.457 -0.470 -0.645
0.0038518 -0.60000 9.65000 1.1641951799 2.5017922371    1.118  1.842  3.7058  2.420    4  0.000  0.418     0.00     0.00     0.00     0.00     0.00 -1    -1e-30      0.00 7.171e-01 2.790e-01 5.374e-04 3.579e-04 1.713e-03 -1.000 3.891e-03 0.165 4.112 5.739 3.687 1.986 1.378 1.429 1.260 0.994 0.429 0.318 0.160 0.048 -0.151 -0.199 -0.466 -0.479 -0.655
0.0038518 -0.60000 9.65000 1.1643960476 2.5018218714    1.119  1.846  3.7054  2.414    4  0.000  0.418     0.00     0.00     0.00     0.00     0.00 -1    -1e-30      0.00 7.171e-01 2.790e-01 5.373e-04 3.580e-04 1.713e-03 -1.000 3.891e-03 0.154 4.104 5.753 3.691 1.984 1.374 1.423 1.254 0.987 0.420 0.309 0.151 0.039 -0.161 -0.209 -0.477 -0.490 -0.666
0.0038518 -0.60000 9.65000 1.1645976305 2.5018515993    1.119  1.851  3.7049  2.408    4  0.000  0.418     0.00     0.00     0.00     0.00     0.00 -1    -1e-30      0.00 7.171e-01 2.790e-01 5.372e-04 3.581e-04 1.713e-03 -1.000 3.891e-03 0.143 4.095 5.770 3.697 1.982 1.371 1.417 1.246 0.978 0.410 0.299 0.140 0.028 -0.172 -0.221 -0.489 -0.502 -0.678
0.0038518 -0.60000 9.65000 1.1648007631 2.5018815439    1.119  1.856  3.7043  2.400    4  0.000  0.418     0.00     0.00     0.00     0.00     0.00 -1    -1e-30      0.00 7.171e-01 2.790e-01 5.372e-04 3.582e-04 1.713e-03 -1.000 3.891e-03 0.129 4.085 5.792 3.705 1.980 1.367 1.411 1.238 0.969 0.399 0.287 0.128 0.015 -0.185 -0.234 -0.502 -0.516 -0.693
0.0038518 -0.60000 9.65000 1.1650042534 2.5019115291    1.119  1.862  3.7037  2.391    4  0.000  0.418     0.00     0.00     0.00     0.00     0.00 -1    -1e-30      0.00 7.171e-01 2.790e-01 5.371e-04 3.583e-04 1.713e-03 -1.000 3.891e-03 0.114 4.074 5.815 3.713 1.979 1.364 1.404 1.229 0.959 0.386 0.274 0.115 0.002 -0.199 -0.248 -0.517 -0.531 -0.709
0.0038518 -0.60000 9.65000 1.1652098894 2.5019418183    1.119  1.868  3.7031  2.384    4  0.000  0.418     0.00     0.00     0.00     0.00     0.00 -1    -1e-30      0.00 7.171e-01 2.790e-01 5.370e-04 3.584e-04 1.713e-03 -1.000 3.891e-03 0.100 4.063 5.835 3.719 1.976 1.359 1.397 1.220 0.949 0.374 0.262 0.102 -0.011 -0.213 -0.262 -0.532 -0.545 -0.723
0.0038518 -0.60000 9.65000 1.1654233932 2.5019732534    1.120  1.880  3.7017  2.366    4  0.000  0.418     0.00     0.00     0.00     0.00     0.00 -1    -1e-30      0.00 7.171e-01 2.790e-01 5.369e-04 3.584e-04 1.713e-03 -1.000 3.891e-03 0.069 4.040 5.888 3.739 1.974 1.352 1.382 1.202 0.928 0.348 0.235 0.074 -0.040 -0.243 -0.292 -0.564 -0.577 -0.757
0.0038518 -0.60000 9.65000 1.1656279564 2.5020033596    1.120  1.908  3.6985  2.325    4  0.000  0.418     0.00     0.00     0.00     0.00     0.00 -1    -1e-30      0.00 7.171e-01 2.790e-01 5.369e-04 3.585e-04 1.713e-03 -1.000 3.891e-03 -0.001 3.988 5.999 3.785 1.969 1.337 1.351 1.161 0.881 0.290 0.176 0.012 -0.104 -0.309 -0.359 -0.634 -0.649 -0.832
0.0038518 -0.60000 9.65000 1.1657613516 2.5020229853    1.120  1.945  3.6944  2.272    4  0.000  0.418     0.00     0.00     0.00     0.00     0.00 -1    -1e-30      0.00 7.171e-01 2.790e-01 5.368e-04 3.586e-04 1.713e-03 -1.000 3.891e-03 -0.094 3.917 6.132 3.844 1.963 1.317 1.309 1.106 0.819 0.214 0.097 -0.070 -0.188 -0.396 -0.448 -0.728 -0.742 -0.930
0.0038518 -0.60000 9.65000 1.1658233404 2.5020321036    1.120  1.988  3.6901  2.212    4  0.000  0.418     0.00     0.00     0.00     0.00     0.00 -1    -1e-30      0.00 7.171e-01 2.790e-01 5.368e-04 3.586e-04 1.713e-03 -1.000 3.891e-03 -0.199 3.834 6.269 3.902 1.951 1.291 1.259 1.042 0.747 0.126 0.008 -0.163 -0.283 -0.496 -0.548 -0.833 -0.848 -1.041
0.0038518 -0.60000 9.65000 1.1658492088 2.5020359084    1.120  2.028  3.6861  2.156    4  0.000  0.418     0.00     0.00     0.00     0.00     0.00 -1    -1e-30      0.00 7.171e-01 2.790e-01 5.368e-04 3.586e-04 1.713e-03 -1.000 3.891e-03 -0.300 3.753 6.337 3.954 1.942 1.270 1.212 0.982 0.679 0.044 -0.077 -0.252 -0.374 -0.589 -0.643 -0.933 -0.949 -1.146
0.0038518 -0.60000 9.65000 1.1658608913 2.5020376267    1.120  2.067  3.6824  2.102    4  0.000  0.417     0.00     0.00     0.00     0.00     0.00 -1    -1e-30      0.00 7.171e-01 2.790e-01 5.368e-04 3.586e-04 1.713e-03 -1.000 3.891e-03 -0.397 3.675 6.396 3.999 1.930 1.247 1.166 0.924 0.613 -0.035 -0.158 -0.336 -0.460 -0.679 -0.734 -1.028 -1.044 -1.245
0.0038518 -0.60000 9.65000 1.1658670902 2.5020385384    1.120  2.104  3.6790  2.051    4  0.000  0.417     0.00     0.00     0.00     0.00     0.00 -1    -1e-30      0.00 7.171e-01 2.790e-01 5.368e-04 3.586e-04 1.713e-03 -1.000 3.891e-03 -0.489 3.600 6.454 4.045 1.918 1.224 1.121 0.867 0.550 -0.111 -0.235 -0.417 -0.543 -0.765 -0.820 -1.119 -1.136 -1.341
0.0038518 -0.60000 9.65000 1.1658699512 2.5020389592    1.120  2.126  3.6769  2.021    7  0.000  0.417     0.00     0.00     0.00     0.00     0.00 -1 -1.79e-22      0.00 7.171e-01 2.787e-01 5.368e-04 3.586e-04 1.713e-03 -1.000 4.211e-03 -0.546 3.554 6.492 4.082 1.913 1.212 1.095 0.834 0.512 -0.157 -0.283 -0.466 -0.593 -0.817 -0.873 -1.175 -1.192 -1.399
0.0038518 -0.60000 9.65000 1.1658722162 2.5020392923    1.120  2.150  3.6748  1.989    7  0.000  0.417     0.00     0.00     0.00     0.00     0.00 -1 -1.89e-22      0.00 7.171e-01 2.787e-01 5.368e-04 3.586e-04 1.713e-03 -1.000 4.211e-03 -0.605 3.505 6.519 4.124 1.913 1.202 1.070 0.800 0.473 -0.206 -0.333 -0.518 -0.646 -0.872 -0.929 -1.233 -1.250 -1.460
0.0038518 -0.60000 9.65000 1.1658765078 2.5020399234    1.120  2.193  3.6710  1.930    7  0.000  0.417     0.00     0.00     0.00     0.00     0.00 -1 -2.07e-22      0.00 7.171e-01 2.787e-01 5.368e-04 3.586e-04 1.713e-03 -1.000 4.211e-03 -0.713 3.415 6.532 4.221 1.930 1.198 1.032 0.746 0.404 -0.298 -0.427 -0.617 -0.748 -0.977 -1.035 -1.342 -1.359 -1.573
0.0038518 -0.60000 9.65000 1.1658825874 2.5020408176    1.120  2.228  3.6681  1.884    7  0.000  0.417     0.00     0.00     0.00     0.00     0.00 -1 -2.19e-22      0.00 7.171e-01 2.787e-01 5.368e-04 3.586e-04 1.713e-03 -1.000 4.211e-03 -0.799 3.345 6.543 4.304 1.945 1.196 1.004 0.704 0.351 -0.369 -0.501 -0.694 -0.827 -1.058 -1.117 -1.428 -1.445 -1.661
0.0038518 -0.60000 9.65000 1.1659116745 2.5020450953    1.120  2.196  3.6710  1.927    7  0.000  0.417     0.00     0.00     0.00     0.00     0.00 -1 -2.13e-22      0.00 7.171e-01 2.787e-01 5.368e-04 3.587e-04 1.713e-03 -1.000 4.212e-03 -0.719 3.410 6.527 4.220 1.928 1.195 1.028 0.741 0.399 -0.303 -0.433 -0.623 -0.754 -0.983 -1.040 -1.348 -1.365 -1.579
0.0038518 -0.60000 9.65000 1.1660889387 2.5020711595    1.119  2.213  3.6693  1.903    7  0.000  0.417     0.00     0.00     0.00     0.00     0.00 -1  -7.4e-10      0.00 7.171e-01 2.781e-01 5.367e-04 3.587e-04 1.713e-03 -1.000 4.810e-03 -0.762 3.375 6.539 4.267 1.939 1.197 1.016 0.722 0.373 -0.338 -0.469 -0.661 -0.793 -1.023 -1.081 -1.391 -1.408 -1.623
0.0038518 -0.60000 9.65000 1.1661685705 2.5020828652    1.118  2.257  3.6654  1.844    7  0.000  0.417     0.00     0.00     0.00     0.00     0.00 -1 -9.41e-10      0.00 7.171e-01 2.781e-01 5.367e-04 3.588e-04 1.713e-03 -1.000 4.810e-03 -0.872 3.285 6.557 4.380 1.961 1.198 0.983 0.671 0.307 -0.428 -0.562 -0.759 -0.893 -1.127 -1.186 -1.499 -1.517 -1.736
0.0038518 -0.60000 9.65000 1.1662408113 2.5020934829    1.117  2.302  3.6615  1.782    7  0.000  0.417     0.00     0.00     0.00     0.00     0.00 -1 -1.19e-09      0.00 7.171e-01 2.781e-01 5.366e-04 3.588e-04 1.713e-03 -1.000 4.809e-03 -0.986 3.191 6.575 4.486 1.979 1.196 0.949 0.619 0.238 -0.521 -0.659 -0.859 -0.996 -1.234 -1.294 -1.611 -1.629 -1.852
0.0038518 -0.60000 9.65000 1.1663008928 2.5021023123    1.116  2.345  3.6578  1.724    7  0.000  0.417     0.00     0.00     0.00     0.00     0.00 -1  -1.5e-09      0.00 7.171e-01 2.781e-01 5.366e-04 3.588e-04 1.713e-03 -1.000 4.809e-03 -1.092 3.104 6.576 4.574 1.996 1.196 0.920 0.572 0.176 -0.607 -0.747 -0.952 -1.091 -1.332 -1.393 -1.714 -1.732 -1.959
0.0038518 -0.60000 9.65000 1.1663535833 2.5021100547    1.115  2.387  3.6542  1.667    7  0.000  0.417     0.00     0.00     0.00     0.00     0.00 -1 -1.88e-09      0.00 7.171e-01 2.781e-01 5.366e-04 3.589e-04 1.713e-03 -1.000 4.809e-03 -1.197 3.018 6.571 4.656 2.011 1.196 0.892 0.526 0.115 -0.690 -0.834 -1.042 -1.184 -1.428 -1.489 -1.815 -1.833 -2.064
0.0038518 -0.60000 9.65000 1.1663995981 2.5021168155    1.114  2.429  3.6506  1.611    7  0.000  0.417     0.00     0.00     0.00     0.00     0.00 -1 -2.34e-09      0.00 7.171e-01 2.781e-01 5.366e-04 3.589e-04 1.713e-03 -1.000 4.809e-03 -1.302 2.933 6.575 4.731 2.024 1.195 0.865 0.482 0.054 -0.773 -0.920 -1.132 -1.276 -1.523 -1.585 -1.914 -1.932 -2.168
0.0038518 -0.60000 9.65000 1.1664397717 2.5021227176    1.113  2.470  3.6471  1.555    7  0.000  0.417     0.00     0.00     0.00     0.00     0.00 -1 -2.92e-09      0.00 7.171e-01 2.781e-01 5.366e-04 3.589e-04 1.713e-03 -1.000 4.808e-03 -1.405 2.848 6.569 4.800 2.036 1.195 0.841 0.440 -0.004 -0.852 -1.002 -1.219 -1.364 -1.615 -1.678 -2.011 -2.030 -2.269
0.0038518 -0.60000 9.65000 1.1664752960 2.5021279362    1.112  2.511  3.6435  1.499    7  0.000  0.417     7.57     5.82     4.15     3.17     2.57  4  -3.6e-09      0.00 7.171e-01 2.781e-01 5.365e-04 3.589e-04 1.713e-03 -1.000 4.808e-03 -1.507 2.766 6.572 4.870 2.050 1.198 0.821 0.402 -0.058 -0.929 -1.083 -1.303 -1.450 -1.704 -1.769 -2.106 -2.125 -2.369
0.0038518 -0.60000 9.65000 1.1665071249 2.5021326117    1.110  2.551  3.6394  1.442    7  0.000  0.417     8.52     6.45     4.58     3.51     2.85  4 -4.44e-09      0.00 7.171e-01 2.781e-01 5.365e-04 3.589e-04 1.713e-03 -1.000 4.808e-03 -1.608 2.687 6.614 4.960 2.072 1.214 0.805 0.366 -0.107 -0.999 -1.155 -1.380 -1.531 -1.789 -1.856 -2.200 -2.219 -2.469
0.0038518 -0.60000 9.65000 1.1665358543 2.5021368316    1.108  2.592  3.6352  1.384    7  0.000  0.417     9.60     7.16     5.07     3.88     3.15  4 -5.55e-09      0.00 7.171e-01 2.781e-01 5.362e-04 3.591e-04 1.713e-03 -1.000 4.808e-03 -1.709 2.609 6.646 5.053 2.100 1.237 0.794 0.336 -0.150 -1.064 -1.223 -1.454 -1.607 -1.871 -1.940 -2.291 -2.311 -2.567
0.0038518 -0.60000 9.65000 1.1665561199 2.5021398081    1.107  2.622  3.6300  1.332    7  0.000  0.417    10.69     7.87     5.54     4.25     3.45  4  -6.5e-09      0.00 7.171e-01 2.781e-01 5.358e-04 3.593e-04 1.713e-03 -1.000 4.809e-03 -1.786 2.562 6.723 5.197 2.170 1.301 0.823 0.342 -0.158 -1.096 -1.259 -1.497 -1.653 -1.924 -1.995 -2.355 -2.376 -2.640
0.0038518 -0.60000 9.65000 1.1665807962 2.5021434324    1.105  2.662  3.6267  1.278    7  0.000  0.416    11.94     8.67     6.08     4.67     3.79  3 -7.97e-09      0.00 7.171e-01 2.781e-01 5.347e-04 3.601e-04 1.713e-03 -1.000 4.751e-03 -1.886 2.481 6.715 5.251 2.177 1.306 0.800 0.303 -0.209 -1.165 -1.331 -1.574 -1.731 -2.007 -2.080 -2.446 -2.468 -2.737
0.0038518 -0.60000 9.65000 1.1666041613 2.5021468639    1.102  2.702  3.6232  1.223    7  0.000  0.414    13.36     9.56     6.67     5.14     4.17  3 -9.77e-09      0.00 7.171e-01 2.781e-01 5.327e-04 3.622e-04 1.713e-03 -1.000 4.747e-03 -1.985 2.402 6.710 5.312 2.190 1.317 0.781 0.268 -0.256 -1.232 -1.400 -1.648 -1.808 -2.088 -2.163 -2.536 -2.558 -2.833
0.0038518 -0.60000 9.65000 1.1666264534 2.5021501376    1.099  2.742  3.6198  1.168    7  0.000  0.412    14.96    10.55     7.33     5.65     4.59  3  -1.2e-08      0.00 7.171e-01 2.781e-01 5.300e-04 3.654e-04 1.713e-03 -1.000 4.747e-03 -2.085 2.322 6.701 5.370 2.202 1.327 0.763 0.232 -0.303 -1.299 -1.469 -1.723 -1.885 -2.170 -2.247 -2.627 -2.649 -2.929
0.0038518 -0.60000 9.65000 1.1666474342 2.5021532187    1.096  2.782  3.6163  1.113    7  0.000  0.410    16.77    11.66     8.06     6.23     5.06  3 -1.47e-08      0.00 7.171e-01 2.781e-01 5.271e-04 3.689e-04 1.713e-03 -1.000 4.750e-03 -2.185 2.243 6.683 5.424 2.215 1.340 0.747 0.200 -0.348 -1.363 -1.537 -1.796 -1.959 -2.251 -2.329 -2.716 -2.740 -3.026
0.0038518 -0.60000 9.65000 1.1666668653 2.5021560721    1.092  2.820  3.6128  1.059    7  0.000  0.408    18.72    12.84     8.84     6.83     5.55  3 -1.79e-08      0.00 7.171e-01 2.781e-01 5.246e-04 3.719e-04 1.713e-03 -1.000 4.764e-03 -2.281 2.168 6.666 5.478 2.230 1.356 0.735 0.172 -0.388 -1.423 -1.599 -1.864 -2.030 -2.326 -2.407 -2.802 -2.825 -3.117
0.0038518 -0.60000 9.65000 1.1666867733 2.5021589953    1.087  2.859  3.6093  1.004    7  0.000  0.406    20.93    14.15     9.70     7.51     6.11  3 -2.18e-08      0.00 7.171e-01 2.781e-01 5.224e-04 3.747e-04 1.713e-03 -1.000 4.786e-03 -2.378 2.093 6.646 5.530 2.246 1.372 0.724 0.145 -0.428 -1.483 -1.662 -1.933 -2.100 -2.402 -2.485 -2.887 -2.912 -3.209
0.0038518 -0.60000 9.65000 1.1667065620 2.5021619010    1.081  2.899  3.6057  0.948    7  0.000  0.405    23.49    15.64    10.67     8.28     6.73  3 -2.67e-08      0.00 7.171e-01 2.781e-01 5.206e-04 3.770e-04 1.713e-03 -1.000 4.784e-03 -2.476 2.017 6.617 5.578 2.265 1.394 0.721 0.126 -0.460 -1.539 -1.721 -1.998 -2.168 -2.477 -2.562 -2.974 -2.999 -3.304
0.0038518 -0.60000 9.65000 1.1667249203 2.5021645965    1.074  2.940  3.6019  0.889    7  0.000  0.403    26.53    17.40    11.81     9.18     7.47  2 -3.34e-08      0.00 7.171e-01 2.782e-01 5.189e-04 3.790e-04 1.713e-03 -1.000 4.773e-03 -2.580 1.938 6.587 5.630 2.286 1.418 0.721 0.108 -0.494 -1.597 -1.783 -2.067 -2.239 -2.555 -2.644 -3.065 -3.091 -3.402
0.0038518 -0.60000 9.65000 1.1667383909 2.5021665743    1.068  2.984  3.5978  0.826    7  0.000  0.402    30.14    19.43    13.12    10.22     8.31  2  -4.1e-08      0.00 7.171e-01 2.782e-01 5.174e-04 3.808e-04 1.713e-03 -1.000 4.745e-03 -2.689 1.856 6.550 5.677 2.305 1.441 0.721 0.091 -0.526 -1.656 -1.845 -2.136 -2.311 -2.634 -2.727 -3.159 -3.186 -3.506
0.0038518 -0.60000 9.65000 1.1667470932 2.5021678520    1.063  3.023  3.5941  0.770    7  0.000  0.401    33.86    21.51    14.46    11.28     9.18  2 -5.07e-08      0.00 7.171e-01 2.782e-01 5.162e-04 3.824e-04 1.713e-03 -1.000 4.746e-03 -2.788 1.782 6.513 5.714 2.320 1.462 0.725 0.080 -0.552 -1.706 -1.898 -2.197 -2.373 -2.704 -2.800 -3.245 -3.272 -3.599
0.0038518 -0.60000 9.65000 1.1667550802 2.5021690246    1.058  3.062  3.5903  0.714    7  0.000  0.401    37.98    23.76    15.90    12.43    10.11  2 -6.09e-08      0.00 7.171e-01 2.782e-01 5.151e-04 3.837e-04 1.713e-03 -1.000 4.689e-03 -2.885 1.711 6.476 5.753 2.336 1.483 0.733 0.073 -0.574 -1.753 -1.948 -2.254 -2.432 -2.771 -2.871 -3.326 -3.355 -3.689
0.0038518 -0.60000 9.65000 1.1667623520 2.5021700922    1.052  3.101  3.5865  0.657    7  0.000  0.400    42.67    26.29    17.51    13.71    11.15  2  -7.4e-08      0.00 7.170e-01 2.782e-01 5.143e-04 3.846e-04 1.712e-03 -1.000 4.747e-03 -2.982 1.640 6.435 5.782 2.345 1.500 0.739 0.066 -0.594 -1.795 -1.994 -2.307 -2.487 -2.834 -2.939 -3.409 -3.438 -3.781
0.0038518 -0.60000 9.65000 1.1667691469 2.5021710898    1.045  3.142  3.5824  0.597    7  0.000  0.400    48.27    29.26    19.39    15.21    12.38  2 -9.13e-08      0.00 7.170e-01 2.782e-01 5.136e-04 3.855e-04 1.712e-03 -1.000 4.748e-03 -3.084 1.568 6.393 5.814 2.357 1.520 0.752 0.066 -0.609 -1.836 -2.038 -2.359 -2.541 -2.897 -3.008 -3.493 -3.523 -3.876
0.0038518 -0.60000 9.65000 1.1667758226 2.5021720699    1.036  3.181  3.5782  0.537    7  0.000  0.399    54.55    32.53    21.45    16.85    13.72  2 -1.11e-07      0.00 7.170e-01 2.782e-01 5.133e-04 3.859e-04 1.712e-03 -1.000 4.749e-03 -3.182 1.500 6.352 5.845 2.368 1.540 0.768 0.071 -0.617 -1.868 -2.073 -2.401 -2.585 -2.951 -3.070 -3.573 -3.604 -3.967
0.0038518 -0.60000 9.65000 1.1667816639 2.5021729275    1.027  3.221  3.5736  0.475    7  0.000  0.399    61.95    36.31    23.82    18.75    15.27  1 -1.37e-07      0.00 7.170e-01 2.782e-01 5.132e-04 3.861e-04 1.712e-03 -1.000 4.748e-03 -3.283 1.436 6.308 5.873 2.374 1.559 0.793 0.088 -0.613 -1.889 -2.097 -2.434 -2.618 -2.997 -3.126 -3.652 -3.684 -4.060
0.0038518 -0.60000 9.65000 1.1667834520 2.5021731900    1.024  3.227  3.5729  0.465    7  0.000  0.399    63.28    36.98    24.24    19.09    15.54  1 -1.44e-07      0.00 7.170e-01 2.782e-01 5.128e-04 3.866e-04 1.712e-03 -1.000 4.749e-03 -3.298 1.426 6.302 5.880 2.376 1.563 0.800 0.093 -0.610 -1.890 -2.099 -2.437 -2.622 -3.003 -3.133 -3.664 -3.696 -4.074
0.0038518 -0.60000 9.65000 1.1667836905 2.5021732250    1.023  3.200  3.5758  0.503    7  0.000  0.399    58.42    34.50    22.68    17.85    14.53  1 -1.28e-07      0.00 7.170e-01 2.782e-01 5.128e-04 3.866e-04 1.712e-03 -1.000 4.749e-03 -3.231 1.471 6.334 5.867 2.378 1.557 0.785 0.083 -0.611 -1.875 -2.082 -2.414 -2.598 -2.971 -3.095 -3.610 -3.642 -4.011
0.0038518 -0.60000 9.65000 1.1667838097 2.5021732425    1.023  3.068  3.5883  0.685    7  0.000  0.399    39.98    24.83    16.57    12.97    10.55  2 -7.01e-08      0.00 7.170e-01 2.782e-01 5.128e-04 3.866e-04 1.712e-03 -1.000 4.749e-03 -2.901 1.708 6.490 5.803 2.376 1.527 0.771 0.104 -0.550 -1.740 -1.937 -2.247 -2.426 -2.769 -2.872 -3.335 -3.364 -3.702
0.0038518 -0.60000 9.65000 1.1667839289 2.5021732600    1.023  3.196  3.5762  0.509    7  0.000  0.399    57.72    34.14    22.46    17.67    14.38  1 -1.25e-07      0.00 7.170e-01 2.782e-01 5.128e-04 3.866e-04 1.712e-03 -1.000 4.749e-03 -3.220 1.479 6.340 5.866 2.380 1.557 0.786 0.084 -0.609 -1.871 -2.077 -2.409 -2.593 -2.965 -3.087 -3.601 -3.632 -4.001
0.0038518 -0.60000 9.65000 1.1667840481 2.5021732775    1.023  3.174  3.5784  0.539    7  0.000  0.399    54.21    32.33    21.32    16.76    13.64  2 -1.14e-07      0.00 7.170e-01 2.782e-01 5.128e-04 3.866e-04 1.712e-03 -1.000 4.749e-03 -3.166 1.515 6.366 5.857 2.380 1.552 0.780 0.083 -0.605 -1.855 -2.060 -2.388 -2.571 -2.937 -3.055 -3.558 -3.589 -3.951
0.0038518 -0.60000 9.65000 1.1667842865 2.5021733125    1.023  3.185  3.5772  0.523    7  0.000  0.399    55.97    33.24    21.89    17.21    14.01  2 -1.19e-07      0.00 7.170e-01 2.782e-01 5.128e-04 3.866e-04 1.712e-03 -1.000 4.749e-03 -3.193 1.497 6.353 5.862 2.381 1.556 0.784 0.085 -0.606 -1.862 -2.068 -2.398 -2.582 -2.951 -3.071 -3.579 -3.610 -3.976
0.0038518 -0.60000 9.65000 1.1667845249 2.5021733475    1.022  3.208  3.5749  0.491    7  0.000  0.399    59.84    35.23    23.14    18.21    14.83  1 -1.32e-07      0.00 7.170e-01 2.782e-01 5.128e-04 3.866e-04 1.712e-03 -1.000 4.749e-03 -3.250 1.458 6.326 5.872 2.379 1.560 0.791 0.087 -0.610 -1.879 -2.086 -2.420 -2.604 -2.980 -3.105 -3.625 -3.657 -4.029
0.0038518 -0.60000 9.65000 1.1667848825 2.5021734000    1.022  3.232  3.5723  0.457    7  0.000  0.399    64.27    37.48    24.55    19.34    15.75  1 -1.48e-07      0.00 7.170e-01 2.782e-01 5.128e-04 3.866e-04 1.712e-03 -1.000 4.749e-03 -3.309 1.419 6.297 5.884 2.378 1.566 0.805 0.097 -0.608 -1.891 -2.101 -2.440 -2.625 -3.008 -3.139 -3.672 -3.705 -4.085
0.0038518 -0.60000 9.65000 1.1667852402 2.5021734525    1.021  3.256  3.5697  0.421    7  0.000  0.399    69.18    39.95    26.09    20.57    16.75  1 -1.64e-07      0.00 7.170e-01 2.782e-01 5.128e-04 3.866e-04 1.712e-03 -1.000 4.749e-03 -3.370 1.380 6.268 5.896 2.376 1.572 0.821 0.109 -0.604 -1.902 -2.114 -2.458 -2.643 -3.035 -3.173 -3.721 -3.754 -4.141
0.0038518 -0.60000 9.65000 1.1667857170 2.5021735225    1.020  3.281  3.5669  0.385    7  0.000  0.399    74.63    42.66    27.78    21.93    17.86  1 -1.83e-07      0.00 7.170e-01 2.782e-01 5.124e-04 3.871e-04 1.712e-03 -1.000 4.749e-03 -3.433 1.342 6.238 5.905 2.369 1.575 0.837 0.124 -0.593 -1.904 -2.117 -2.467 -2.652 -3.054 -3.200 -3.768 -3.802 -4.199
0.0038518 -0.60000 9.65000 1.1667863131 2.5021736100    1.018  3.308  3.5638  0.345    7  0.000  0.398    81.17    45.88    29.77    23.53    19.17  1 -2.06e-07      0.00 7.170e-01 2.782e-01 5.120e-04 3.877e-04 1.712e-03 -1.000 4.747e-03 -3.501 1.300 6.204 5.914 2.361 1.577 0.857 0.143 -0.580 -1.905 -2.120 -2.475 -2.660 -3.074 -3.231 -3.820 -3.854 -4.263
0.0038518 -0.60000 9.65000 1.1667871475 2.5021737325    1.015  3.340  3.5601  0.296    7  0.000  0.398    89.68    50.01    32.33    25.58    20.85  1  -2.4e-07      0.00 7.170e-01 2.782e-01 5.115e-04 3.882e-04 1.712e-03 -1.000 4.747e-03 -3.581 1.253 6.164 5.925 2.350 1.580 0.881 0.168 -0.564 -1.904 -2.122 -2.484 -2.668 -3.096 -3.265 -3.880 -3.916 -4.337
0.0038518 -0.60000 9.65000 1.1667884588 2.5021739250    1.011  3.382  3.5550  0.233    7  0.546  0.397   102.31    56.04    36.04    28.57    23.29  1 -2.91e-07      0.00 7.170e-01 2.782e-01 5.109e-04 3.890e-04 1.712e-03 -1.000 4.750e-03 -3.685 1.200 6.117 5.944 2.337 1.588 0.916 0.212 -0.521 -1.872 -2.092 -2.463 -2.644 -3.098 -3.291 -3.952 -3.990 -4.432
0.0038518 -0.60000 9.65000 1.1667904854 2.5021742225    1.001  3.424  3.5495  0.164    7  0.537  0.397   117.81    63.28    40.47    32.15    26.21  1 -3.58e-07      0.00 7.170e-01 2.782e-01 5.106e-04 3.895e-04 1.712e-03 -1.000 4.773e-03 -3.791 1.149 6.071 5.969 2.329 1.604 0.962 0.270 -0.464 -1.827 -2.049 -2.430 -2.606 -3.090 -3.310 -4.022 -4.062 -4.527
0.0038518 -0.60000 9.65000 1.1667912006 2.5021743275    0.997  3.432  3.5484  0.150    7  0.536  0.397   121.23    64.85    41.42    32.92    26.84  1 -3.73e-07      0.00 7.170e-01 2.782e-01 5.105e-04 3.896e-04 1.712e-03 -1.000 4.783e-03 -3.811 1.142 6.064 5.976 2.328 1.610 0.973 0.286 -0.448 -1.810 -2.033 -2.416 -2.590 -3.082 -3.310 -4.033 -4.074 -4.544
0.0038518 -0.60000 9.65000 1.1667913198 2.5021743450    0.997  3.432  3.5484  0.150    8  0.536  0.417   121.25    64.85    41.42    32.92    26.84  1 -3.77e-07      0.00 7.170e-01 2.791e-01 5.377e-04 3.900e-04 1.717e-03 -1.000 3.916e-03 -3.811 1.142 6.064 5.976 2.328 1.610 0.973 0.286 -0.448 -1.810 -2.033 -2.416 -2.590 -3.082 -3.310 -4.033 -4.074 -4.544
0.0038518 -0.60000 9.65000 1.1667914391 2.5021743625    0.997  3.220  3.5716  0.455    8  0.536  0.418    64.20    37.38    24.47    19.30    15.71  1  -1.5e-07      0.00 7.170e-01 2.791e-01 5.377e-04 3.900e-04 1.717e-03 -1.000 3.916e-03 -3.280 1.455 6.334 5.929 2.420 1.610 0.851 0.142 -0.563 -1.849 -2.059 -2.399 -2.584 -2.970 -3.102 -3.639 -3.672 -4.054
0.0038518 -0.60000 9.65000 1.1667915583 2.5021743800    0.996  3.107  3.5838  0.617    8  0.536  0.418    45.77    27.88    18.50    14.52    11.82  2 -9.08e-08      0.00 7.170e-01 2.791e-01 5.377e-04 3.900e-04 1.717e-03 -1.000 3.916e-03 -2.997 1.644 6.460 5.856 2.406 1.566 0.800 0.118 -0.552 -1.770 -1.971 -2.289 -2.470 -2.823 -2.932 -3.412 -3.442 -3.791
0.0038518 -0.60000 9.65000 1.1667919159 2.5021744325    0.994  2.912  3.6049  0.895    8  0.536  0.418    25.59    16.85    11.43     8.91     7.24  2 -3.72e-08      0.00 7.170e-01 2.791e-01 5.377e-04 3.900e-04 1.717e-03 -1.000 3.916e-03 -2.510 1.990 6.614 5.614 2.286 1.417 0.731 0.127 -0.469 -1.560 -1.743 -2.023 -2.194 -2.504 -2.591 -3.005 -3.031 -3.337
0.0038518 -0.60000 9.65000 1.1667925119 2.5021745200    0.992  2.921  3.6036  0.880    8  0.536  0.418    26.42    17.32    11.74     9.15     7.44  2 -3.92e-08      0.00 7.170e-01 2.791e-01 5.377e-04 3.900e-04 1.717e-03 -1.000 3.916e-03 -2.533 1.974 6.613 5.637 2.301 1.432 0.739 0.129 -0.471 -1.569 -1.754 -2.035 -2.207 -2.520 -2.607 -3.025 -3.050 -3.359
0.0038518 -0.60000 9.65000 1.1667931080 2.5021746075    0.989  3.028  3.5918  0.725    8  0.536  0.418    36.47    22.90    15.32    12.00     9.76  2 -6.48e-08      0.00 7.170e-01 2.791e-01 5.377e-04 3.900e-04 1.717e-03 -1.000 3.916e-03 -2.799 1.787 6.542 5.795 2.385 1.530 0.784 0.128 -0.515 -1.685 -1.880 -2.183 -2.361 -2.697 -2.795 -3.246 -3.275 -3.606
0.0038518 -0.60000 9.65000 1.1667939425 2.5021747300    0.985  3.181  3.5748  0.502    8  0.537  0.418    58.02    34.22    22.49    17.72    14.42  1 -1.31e-07      0.00 7.170e-01 2.791e-01 5.377e-04 3.900e-04 1.717e-03 -1.000 3.916e-03 -3.182 1.527 6.393 5.934 2.443 1.624 0.853 0.151 -0.544 -1.810 -2.017 -2.351 -2.535 -2.911 -3.036 -3.556 -3.588 -3.960
0.0038518 -0.60000 9.65000 1.1667948961 2.5021748701    0.980  3.312  3.5601  0.310    8  0.537  0.418    86.50    48.33    31.27    24.76    20.17  1 -2.36e-07      0.00 7.170e-01 2.791e-01 5.377e-04 3.900e-04 1.717e-03 -1.000 3.916e-03 -3.509 1.324 6.233 5.987 2.415 1.644 0.941 0.230 -0.499 -1.836 -2.053 -2.414 -2.598 -3.025 -3.194 -3.809 -3.844 -4.265
0.0038518 -0.60000 9.65000 1.1667959690 2.5021750276    0.975  3.396  3.5504  0.184    8  0.537  0.418   112.44    60.62    38.81    30.85    25.14  1 -3.46e-07      0.00 7.170e-01 2.791e-01 5.377e-04 3.900e-04 1.717e-03 -1.000 3.916e-03 -3.721 1.209 6.129 6.012 2.379 1.649 1.000 0.306 -0.427 -1.787 -2.008 -2.387 -2.564 -3.042 -3.257 -3.959 -3.999 -4.459
0.0038518 -0.60000 9.65000 1.1667972803 2.5021752201    0.969  3.440  3.5451  0.117    8  0.537  0.418   129.36    68.38    43.54    34.68    28.27  1 -4.25e-07      0.00 7.170e-01 2.791e-01 5.377e-04 3.900e-04 1.717e-03 -1.000 3.916e-03 -3.830 1.159 6.080 6.030 2.363 1.661 1.039 0.366 -0.363 -1.723 -1.947 -2.335 -2.505 -3.020 -3.269 -4.027 -4.070 -4.555
0.0038518 -0.60000 9.65000 1.1667987108 2.5021754301    0.962  3.459  3.5425  0.084    8  0.538  0.418   138.37    72.43    45.99    36.67    29.89  1 -4.71e-07      0.00 7.170e-01 2.791e-01 5.377e-04 3.900e-04 1.717e-03 -1.000 3.916e-03 -3.878 1.142 6.063 6.046 2.361 1.674 1.065 0.404 -0.322 -1.682 -1.907 -2.300 -2.466 -3.000 -3.267 -4.054 -4.098 -4.596
0.0038518 -0.60000 9.65000 1.1668002605 2.5021756576    0.954  3.469  3.5408  0.064    8  0.538  0.418   143.98    74.89    47.47    37.88    30.88  1 -5.02e-07      0.00 7.170e-01 2.791e-01 5.377e-04 3.900e-04 1.717e-03 -1.000 3.916e-03 -3.901 1.137 6.058 6.062 2.367 1.688 1.088 0.434 -0.290 -1.649 -1.875 -2.271 -2.435 -2.981 -3.258 -4.064 -4.109 -4.615
0.0038518 -0.60000 9.65000 1.1668003798 2.5021756751    0.954  3.317  3.5572  0.281    8  0.538  0.418    91.52    50.63    32.66    25.91    21.11  1 -2.63e-07      0.00 7.170e-01 2.791e-01 5.377e-04 3.900e-04 1.717e-03 -1.000 3.916e-03 -3.524 1.338 6.250 6.039 2.450 1.691 1.002 0.296 -0.432 -1.774 -1.992 -2.358 -2.540 -2.982 -3.164 -3.805 -3.842 -4.274
0.0038518 -0.60000 9.65000 1.1668006182 2.5021757101    0.952  3.151  3.5752  0.519    8  0.538  0.418    55.61    32.92    21.65    17.07    13.89  1 -1.27e-07      0.00 7.170e-01 2.791e-01 5.377e-04 3.900e-04 1.717e-03 -1.000 3.916e-03 -3.107 1.598 6.459 5.988 2.500 1.680 0.910 0.210 -0.482 -1.744 -1.951 -2.284 -2.468 -2.842 -2.966 -3.484 -3.516 -3.887
0.0038518 -0.60000 9.65000 1.1668010950 2.5021757801    0.948  2.957  3.5963  0.796    8  0.538  0.418    31.11    19.93    13.41    10.50     8.53  2 -5.33e-08      0.00 7.170e-01 2.791e-01 5.377e-04 3.900e-04 1.717e-03 -1.000 3.916e-03 -2.621 1.934 6.646 5.808 2.426 1.564 0.836 0.199 -0.426 -1.567 -1.757 -2.052 -2.228 -2.554 -2.648 -3.086 -3.113 -3.436
0.0038518 -0.60000 9.65000 1.1668016911 2.5021758676    0.944  2.967  3.5949  0.778    8  0.539  0.418    32.25    20.56    13.81    10.81     8.79  2 -5.67e-08      0.00 7.170e-01 2.791e-01 5.377e-04 3.900e-04 1.717e-03 -1.000 3.916e-03 -2.646 1.918 6.643 5.831 2.440 1.581 0.847 0.205 -0.425 -1.574 -1.766 -2.063 -2.239 -2.568 -2.664 -3.106 -3.133 -3.458
0.0038518 -0.60000 9.65000 1.1668025255 2.5021759901    0.938  3.072  3.5830  0.622    8  0.539  0.418    44.62    27.20    18.04    14.19    11.54  2 -9.36e-08      0.00 7.170e-01 2.791e-01 5.377e-04 3.900e-04 1.717e-03 -1.000 3.916e-03 -2.910 1.737 6.554 5.957 2.506 1.666 0.901 0.218 -0.451 -1.672 -1.873 -2.192 -2.374 -2.728 -2.838 -3.321 -3.351 -3.702
0.0038518 -0.60000 9.65000 1.1668035984 2.5021761476    0.930  3.223  3.5659  0.399    8  0.539  0.418    71.09    40.63    26.46    20.94    17.04  1 -1.88e-07      0.00 7.170e-01 2.791e-01 5.377e-04 3.900e-04 1.717e-03 -1.000 3.916e-03 -3.288 1.494 6.389 6.056 2.521 1.729 0.990 0.281 -0.433 -1.742 -1.955 -2.305 -2.489 -2.894 -3.044 -3.618 -3.652 -4.053
0.0038518 -0.60000 9.65000 1.1668047905 2.5021763226    0.922  3.352  3.5510  0.206    8  0.540  0.418   106.31    57.43    36.81    29.30    23.86  1 -3.39e-07      0.00 7.170e-01 2.791e-01 5.377e-04 3.900e-04 1.717e-03 -1.000 3.916e-03 -3.611 1.313 6.231 6.099 2.473 1.740 1.083 0.390 -0.339 -1.694 -1.915 -2.292 -2.470 -2.944 -3.156 -3.853 -3.892 -4.350
0.0038518 -0.60000 9.65000 1.1668062210 2.5021765326    0.912  3.436  3.5410  0.078    8  0.540  0.418   138.96    72.25    45.83    36.61    29.83  1 -5.01e-07      0.00 7.170e-01 2.791e-01 5.377e-04 3.900e-04 1.717e-03 -1.000 3.916e-03 -3.821 1.215 6.135 6.131 2.440 1.760 1.155 0.501 -0.221 -1.578 -1.803 -2.198 -2.362 -2.906 -3.182 -3.985 -4.030 -4.535
0.0038518 -0.60000 9.65000 1.1668078899 2.5021767776    0.900  3.480  3.5354  0.006    8  0.541  0.418   159.80    81.93    51.66    41.36    33.71  1 -6.26e-07      0.00 7.170e-01 2.791e-01 5.377e-04 3.900e-04 1.717e-03 -1.000 3.916e-03 -3.929 1.179 6.097 6.163 2.435 1.788 1.210 0.588 -0.121 -1.467 -1.694 -2.100 -2.253 -2.847 -3.168 -4.038 -4.087 -4.625
0.0038518 -0.60000 9.65000 1.1668096781 2.5021770401    0.888  3.499  3.5324 -0.031    8  0.541  0.418   168.39    87.36    54.91    44.03    35.89  1 -7.08e-07      0.00 7.170e-01 2.791e-01 5.377e-04 3.900e-04 1.717e-03 -1.000 3.916e-03 -3.978 1.170 6.086 6.187 2.440 1.813 1.251 0.648 -0.051 -1.390 -1.619 -2.031 -2.177 -2.800 -3.148 -4.056 -4.107 -4.663
0.0038518 -0.60000 9.65000 1.1668117046 2.5021773376    0.874  3.509  3.5304 -0.056    8  0.542  0.418   173.94    91.02    57.08    45.82    37.35  1 -7.74e-07      0.00 7.170e-01 2.791e-01 5.377e-04 3.900e-04 1.717e-03 -1.000 3.916e-03 -4.003 1.172 6.085 6.211 2.451 1.836 1.286 0.695 0.003 -1.332 -1.560 -1.977 -2.119 -2.761 -3.127 -4.060 -4.113 -4.682
0.0038518 -0.60000 9.65000 1.1668118238 2.5021773551    0.873  3.368  3.5462  0.148    8  0.542  0.418   119.13    62.97    40.15    32.06    26.11  1 -4.28e-07      0.00 7.170e-01 2.791e-01 5.377e-04 3.900e-04 1.717e-03 -1.000 3.916e-03 -3.651 1.325 6.245 6.173 2.517 1.808 1.175 0.500 -0.227 -1.583 -1.806 -2.191 -2.363 -2.869 -3.111 -3.857 -3.899 -4.379
0.0038518 -0.60000 9.65000 1.1668120623 2.5021773901    0.870  3.204  3.5647  0.385    8  0.542  0.418    72.28    40.99    26.64    21.14    17.20  1 -2.12e-07      0.00 7.170e-01 2.791e-01 5.377e-04 3.900e-04 1.717e-03 -1.000 3.916e-03 -3.239 1.553 6.450 6.134 2.592 1.804 1.072 0.362 -0.354 -1.668 -1.882 -2.234 -2.418 -2.827 -2.981 -3.564 -3.597 -4.002
0.0038518 -0.60000 9.65000 1.1668126583 2.5021774776    0.865  3.010  3.5864  0.663    8  0.542  0.418    40.20    24.76    16.46    12.97    10.54  2 -9.11e-08      0.00 7.170e-01 2.791e-01 5.377e-04 3.900e-04 1.717e-03 -1.000 3.917e-03 -2.755 1.868 6.662 6.007 2.572 1.726 0.966 0.294 -0.366 -1.567 -1.765 -2.078 -2.258 -2.605 -2.711 -3.181 -3.210 -3.554
0.0038518 -0.60000 9.65000 1.1668133736 2.5021775826    0.858  3.021  3.5850  0.643    8  0.543  0.418    41.84    25.61    17.00    13.40    10.89  2 -9.81e-08      0.00 7.170e-01 2.791e-01 5.377e-04 3.900e-04 1.717e-03 -1.000 3.916e-03 -2.782 1.851 6.656 6.026 2.584 1.741 0.978 0.301 -0.363 -1.573 -1.772 -2.088 -2.269 -2.619 -2.726 -3.202 -3.231 -3.578
0.0038518 -0.60000 9.65000 1.1668143272 2.5021777226    0.849  3.125  3.5729  0.485    8  0.543  0.418    58.14    33.94    22.24    17.61    14.32  1 -1.62e-07      0.00 7.170e-01 2.791e-01 5.377e-04 3.900e-04 1.717e-03 -1.000 3.916e-03 -3.042 1.682 6.554 6.122 2.623 1.809 1.043 0.338 -0.361 -1.636 -1.844 -2.182 -2.366 -2.747 -2.877 -3.407 -3.440 -3.817
0.0038518 -0.60000 9.65000 1.1668155193 2.5021778976    0.837  3.273  3.5555  0.262    8  0.543  0.418    92.90    50.64    32.58    25.97    21.13  1 -3.22e-07      0.00 7.170e-01 2.791e-01 5.377e-04 3.900e-04 1.717e-03 -1.000 3.917e-03 -3.412 1.467 6.380 6.190 2.593 1.840 1.159 0.456 -0.271 -1.617 -1.836 -2.205 -2.385 -2.836 -3.026 -3.682 -3.720 -4.159
0.0038518 -0.60000 9.65000 1.1668169498 2.5021781076    0.824  3.400  3.5404  0.068    8  0.544  0.418   139.55    71.61    45.34    36.34    29.59  1 -5.82e-07      0.00 7.170e-01 2.791e-01 5.377e-04 3.900e-04 1.717e-03 -1.000 3.917e-03 -3.729 1.316 6.236 6.242 2.548 1.870 1.269 0.616 -0.107 -1.464 -1.690 -2.086 -2.250 -2.798 -3.078 -3.887 -3.932 -4.441
0.0038518 -0.60000 9.65000 1.1668184996 2.5021783351    0.809  3.482  3.5303 -0.062    8  0.545  0.418   170.74    90.27    56.54    45.51    37.07  0 -8.73e-07      0.01 7.170e-01 2.791e-01 5.377e-04 3.900e-04 1.717e-03 -1.000 3.916e-03 -3.935 1.244 6.159 6.290 2.529 1.916 1.367 0.776 0.082 -1.255 -1.485 -1.902 -2.044 -2.687 -3.055 -3.989 -4.042 -4.612
0.0038518 -0.60000 9.65000 1.1668204069 2.5021786151    0.792  3.525  3.5248 -0.137    8  0.545  0.418   190.06   102.74    63.94    51.61    42.05  0 -1.12e-06      0.01 7.170e-01 2.791e-01 5.377e-04 3.900e-04 1.717e-03 -1.000 3.916e-03 -4.043 1.226 6.138 6.332 2.540 1.966 1.445 0.901 0.237 -1.080 -1.311 -1.743 -1.870 -2.579 -3.010 -4.016 -4.076 -4.689
0.0038518 -0.60000 9.65000 1.1668225527 2.5021789301    0.774  3.545  3.5220 -0.178    8  0.546  0.418   200.88   110.06    68.25    55.19    44.96  0  -1.3e-06      0.01 7.170e-01 2.791e-01 5.377e-04 3.900e-04 1.717e-03 -1.000 3.916e-03 -4.092 1.225 6.137 6.366 2.559 2.006 1.498 0.977 0.329 -0.979 -1.211 -1.650 -1.770 -2.515 -2.978 -4.023 -4.086 -4.721
0.0038518 -0.60000 9.65000 1.1668248177 2.5021792626    0.754  3.556  3.5204 -0.208    8  0.547  0.418   208.15   115.22    71.26    57.72    47.02  0 -1.48e-06      0.01 7.170e-01 2.791e-01 5.377e-04 3.900e-04 1.717e-03 -1.000 3.916e-03 -4.120 1.230 6.144 6.397 2.582 2.041 1.542 1.034 0.392 -0.911 -1.145 -1.590 -1.705 -2.472 -2.955 -4.022 -4.088 -4.736
0.0038518 -0.60000 9.65000 1.1668354273 2.5021808200    0.550 -9.999  4.0000  1.726    9  0.551  0.000     0.00     0.00     0.00     0.00     0.00 -1    -1e-30      0.00 7.170e-01 2.791e-01 5.377e-04 3.900e-04 1.717e-03 -1.000 3.916e-03 29.767 29.924 29.859 29.839 29.810 29.840 29.919 30.033 30.017 30.063 30.064 30.060 30.058 30.057 30.060 30.054 30.053 30.032
