 Zini     MH   logAge Mini        int_IMF         Mass   logL    logTe  logg  label   McoreTP C_O  period0  period1  period2  period3  period4  pmode  Mloss  tau1m   X   Y   Xc  Xn  Xo  Cexcess  Z 	 mbolmag  F170Wmag  F218Wmag  F255Wmag  F300Wmag  F336Wmag  F380Wmag  F439Wmag  F450Wmag  F555Wmag  F569Wmag  F606Wmag  F622Wmag  F675Wmag  F702Wmag  F791Wmag  F814Wmag  F850LPmag
0.0001957 -1.90000 9.30000 0.0903137773 1.0846886060    0.090 -3.189  3.4895  5.493    0  0.000  0.545     0.00     0.00     0.00     0.00     0.00 -1 -4.87e-17      0.00 7.504e-01 2.494e-01 3.540e-05 9.550e-06 8.661e-05 -1.000 1.968e-04 12.743 17.357 22.330 22.724 18.671 17.949 18.679 17.365 16.455 14.866 14.652 14.130 13.943 13.326 12.991 12.085 12.030 11.553
0.0001957 -1.90000 9.30000 0.0907100290 1.0884566371    0.091 -3.175  3.4916  5.489    0  0.000  0.545     0.00     0.00     0.00     0.00     0.00 -1 -5.03e-17      0.00 7.503e-01 2.495e-01 3.540e-05 9.550e-06 8.661e-05 -1.000 1.968e-04 12.708 17.319 22.291 22.655 18.612 17.883 18.565 17.273 16.378 14.793 14.578 14.066 13.877 13.274 12.945 12.050 11.996 11.524
0.0001957 -1.90000 9.30000 0.0933921486 1.1134109839    0.093 -3.077  3.5061  5.462    0  0.000  0.545     0.00     0.00     0.00     0.00     0.00 -1 -6.42e-17      0.00 7.503e-01 2.495e-01 3.540e-05 9.550e-06 8.661e-05 -1.000 1.969e-04 12.463 17.052 22.010 22.139 18.190 17.413 17.798 16.658 15.857 14.306 14.093 13.638 13.438 12.916 12.628 11.809 11.759 11.318
0.0001957 -1.90000 9.30000 0.0943325311 1.1219406279    0.094 -3.042  3.5112  5.452    0  0.000  0.545     0.00     0.00     0.00     0.00     0.00 -1 -6.99e-17      0.00 7.502e-01 2.496e-01 3.540e-05 9.550e-06 8.661e-05 -1.000 1.969e-04 12.376 16.956 21.906 21.938 18.032 17.239 17.528 16.442 15.673 14.140 13.927 13.489 13.286 12.789 12.516 11.724 11.675 11.244
0.0001957 -1.90000 9.30000 0.0949722379 1.1276801031    0.095 -3.018  3.5148  5.445    0  0.000  0.545     0.00     0.00     0.00     0.00     0.00 -1 -7.42e-17      0.00 7.502e-01 2.496e-01 3.540e-05 9.550e-06 8.661e-05 -1.000 1.968e-04 12.315 16.888 21.831 21.785 17.916 17.114 17.341 16.293 15.546 14.027 13.815 13.387 13.182 12.700 12.438 11.664 11.617 11.193
0.0001957 -1.90000 9.30000 0.1003081650 1.1736754597    0.100 -2.820  3.5439  5.387    1  0.000  0.545     0.00     0.00     0.00     0.00     0.00 -1 -1.22e-16      0.00 7.500e-01 2.498e-01 3.540e-05 9.550e-06 8.661e-05 -1.000 1.969e-04 11.821 16.324 21.127 20.326 16.878 16.028 15.883 15.109 14.523 13.165 12.963 12.586 12.379 11.981 11.800 11.177 11.137 10.763
0.0001957 -1.90000 9.30000 0.1184355021 1.3089162207    0.118 -2.552  3.5719  5.303    1  0.000  0.545     0.00     0.00     0.00     0.00     0.00 -1 -2.28e-16      0.00 7.495e-01 2.503e-01 3.540e-05 9.550e-06 8.661e-05 -1.000 1.969e-04 11.151 15.570 20.006 18.452 15.570 14.726 14.422 13.853 13.387 12.219 12.032 11.686 11.490 11.129 11.009 10.508 10.475 10.141
0.0001957 -1.90000 9.30000 0.1202969626 1.3212694581    0.120 -2.527  3.5745  5.295    1  0.000  0.545     0.00     0.00     0.00     0.00     0.00 -1 -2.42e-16      0.00 7.495e-01 2.504e-01 3.540e-05 9.550e-06 8.661e-05 -1.000 1.969e-04 11.088 15.499 19.887 18.282 15.446 14.604 14.297 13.742 13.284 12.134 11.948 11.606 11.412 11.053 10.938 10.445 10.412 10.082
0.0001957 -1.90000 9.30000 0.1392307132 1.4342884217    0.139 -2.357  3.5884  5.244    1  0.000  0.545     0.00     0.00     0.00     0.00     0.00 -1 -3.53e-16      0.00 7.490e-01 2.508e-01 3.540e-05 9.550e-06 8.661e-05 -1.000 1.968e-04 10.663 15.031 19.103 17.267 14.692 13.867 13.554 13.074 12.657 11.598 11.422 11.101 10.915 10.573 10.473 10.018 9.989 9.676
0.0001957 -1.90000 9.30000 0.1402857453 1.4399918744    0.140 -2.349  3.5891  5.242    1  0.000  0.545     0.00     0.00     0.00     0.00     0.00 -1  -3.6e-16      0.00 7.490e-01 2.508e-01 3.540e-05 9.550e-06 8.661e-05 -1.000 1.968e-04 10.642 15.007 19.060 17.213 14.653 13.829 13.516 13.040 12.625 11.571 11.394 11.075 10.890 10.548 10.450 9.996 9.967 9.655
0.0001957 -1.90000 9.30000 0.1602745354 1.5385365924    0.160 -2.214  3.5986  5.203    1  0.000  0.545     0.00     0.00     0.00     0.00     0.00 -1  -4.8e-16      0.00 7.487e-01 2.511e-01 3.540e-05 9.550e-06 8.661e-05 -1.000 1.970e-04 10.305 14.640 18.448 16.505 14.095 13.285 12.988 12.554 12.161 11.165 10.994 10.691 10.512 10.183 10.091 9.658 9.630 9.329
0.0001957 -1.90000 9.30000 0.2002521455 1.6947337812    0.200 -2.010  3.6110  5.145    1  0.000  0.545     0.00     0.00     0.00     0.00     0.00 -1 -7.34e-16      0.00 7.482e-01 2.516e-01 3.540e-05 9.550e-06 8.661e-05 -1.000 1.968e-04 9.795 14.087 17.607 15.556 13.299 12.506 12.246 11.862 11.493 10.567 10.404 10.121 9.951 9.638 9.553 9.143 9.117 8.832
0.0001957 -1.90000 9.30000 0.2502241135 1.8408943289    0.250 -1.812  3.6222  5.090    1  0.000  0.545     0.00     0.00     0.00     0.00     0.00 -1  -1.1e-15      0.00 7.478e-01 2.520e-01 3.540e-05 9.550e-06 8.661e-05 -1.000 1.969e-04 9.301 13.553 16.758 14.673 12.555 11.781 11.566 11.219 10.868 9.999 9.843 9.578 9.415 9.116 9.038 8.645 8.621 8.349
0.0001957 -1.90000 9.30000 0.3001961410 1.9533065853    0.300 -1.651  3.6312  5.043    1  0.000  0.545     0.00     0.00     0.00     0.00     0.00 -1 -1.54e-15      0.00 7.476e-01 2.522e-01 3.540e-05 9.551e-06 8.661e-05 -1.000 1.969e-04 8.898 13.116 16.011 13.948 11.951 11.196 11.022 10.704 10.365 9.539 9.389 9.137 8.981 8.693 8.618 8.240 8.217 7.956
0.0001957 -1.90000 9.30000 0.3501680791 2.0436928651    0.350 -1.515  3.6391  5.006    1  0.000  0.545     0.00     0.00     0.00     0.00     0.00 -1 -2.03e-15      0.00 7.476e-01 2.523e-01 3.539e-05 9.551e-06 8.661e-05 -1.000 1.969e-04 8.557 12.744 15.390 13.344 11.437 10.699 10.565 10.270 9.941 9.150 9.004 8.764 8.613 8.335 8.263 7.897 7.875 7.624
0.0001957 -1.90000 9.30000 0.3915509582 2.1066989998    0.391 -1.410  3.6461  4.978    1  0.000  0.545     0.00     0.00     0.00     0.00     0.00 -1 -2.53e-15      0.00 7.502e-01 2.496e-01 3.539e-05 9.550e-06 8.661e-05 -1.000 1.968e-04 8.296 12.454 14.934 12.877 11.025 10.301 10.206 9.930 9.610 8.848 8.706 8.476 8.329 8.058 7.990 7.634 7.613 7.370
0.0001957 -1.90000 9.30000 0.4001400769 2.1186953837    0.400 -1.390  3.6475  4.972    1  0.000  0.545     0.00     0.00     0.00     0.00     0.00 -1 -2.65e-15      0.00 7.507e-01 2.491e-01 3.540e-05 9.550e-06 8.661e-05 -1.000 1.969e-04 8.244 12.397 14.847 12.786 10.945 10.223 10.136 9.864 9.545 8.789 8.647 8.419 8.273 8.004 7.936 7.582 7.561 7.320
0.0001957 -1.90000 9.30000 0.4501120746 2.1824133859    0.450 -1.245  3.6609  4.932    1  0.000  0.545     0.00     0.00     0.00     0.00     0.00 -1 -3.64e-15      0.00 7.507e-01 2.491e-01 3.540e-05 9.550e-06 8.661e-05 -1.000 1.968e-04 7.884 11.979 14.071 12.021 10.298 9.607 9.597 9.363 9.061 8.356 8.222 8.011 7.873 7.619 7.555 7.220 7.201 6.975
0.0001957 -1.90000 9.30000 0.5000840425 2.2375407721    0.500 -1.086  3.6779  4.887    1  0.000  0.545     0.00     0.00     0.00     0.00     0.00 -1 -5.25e-15      0.00 7.507e-01 2.491e-01 3.540e-05 9.550e-06 8.661e-05 -1.000 1.968e-04 7.486 11.498 13.000 11.074 9.539 8.898 8.985 8.805 8.522 7.879 7.753 7.561 7.434 7.197 7.139 6.826 6.809 6.602
0.0001957 -1.90000 9.30000 0.5500560999 2.2837046950    0.550 -0.922  3.6949  4.831    1  0.000  0.545     0.00     0.00     0.00     0.00     0.00 -1 -7.78e-15      0.00 7.564e-01 2.434e-01 3.464e-05 9.344e-06 8.475e-05 -1.000 1.968e-04 7.074 10.991 11.946 10.144 8.784 8.198 8.377 8.249 7.987 7.401 7.282 7.108 6.989 6.768 6.715 6.423 6.408 6.219
0.0001957 -1.90000 9.30000 0.5529286265 2.2860682006    0.553 -0.912  3.6961  4.828    1  0.000  0.545     0.00     0.00     0.00     0.00     0.00 -1 -7.97e-15      0.00 7.566e-01 2.432e-01 3.462e-05 9.340e-06 8.471e-05 -1.000 1.969e-04 7.049 10.958 11.870 10.082 8.735 8.153 8.338 8.214 7.954 7.371 7.253 7.080 6.962 6.742 6.689 6.399 6.384 6.196
0.0001957 -1.90000 9.30000 0.6000280380 2.3211403119    0.600 -0.753  3.7156  4.784    1  0.000  0.545     0.00     0.00     0.00     0.00     0.00 -1 -1.16e-14      0.00 7.586e-01 2.412e-01 3.436e-05 9.272e-06 8.410e-05 -1.000 1.968e-04 6.653 10.422 10.690 9.127 7.989 7.471 7.746 7.676 7.442 6.918 6.808 6.652 6.543 6.340 6.291 6.022 6.009 5.840
0.0001957 -1.90000 9.30000 0.6499999762 2.3520353107    0.650 -0.588  3.7379  4.743    1  0.000  0.545     0.00     0.00     0.00     0.00     0.00 -1 -1.71e-14      0.00 7.615e-01 2.383e-01 3.399e-05 9.173e-06 8.321e-05 -1.000 1.969e-04 6.241 9.792 9.443 8.146 7.228 6.783 7.141 7.122 6.918 6.458 6.357 6.217 6.118 5.932 5.889 5.644 5.633 5.485
0.0001957 -1.90000 9.30000 0.6705907583 2.3632358302    0.671 -0.522  3.7475  4.728    1  0.000  0.545     0.00     0.00     0.00     0.00     0.00 -1 -1.99e-14      0.00 7.630e-01 2.368e-01 3.379e-05 9.121e-06 8.274e-05 -1.000 1.969e-04 6.075 9.488 8.920 7.750 6.931 6.520 6.905 6.904 6.711 6.277 6.179 6.047 5.951 5.774 5.733 5.497 5.487 5.348
0.0001957 -1.90000 9.30000 0.6999999881 2.3779266974    0.700 -0.430  3.7607  4.708    1  0.000  0.544     0.00     0.00     0.00     0.00     0.00 -1 -2.47e-14      0.00 7.655e-01 2.343e-01 3.348e-05 9.036e-06 8.199e-05 -1.000 1.968e-04 5.845 9.021 8.224 7.221 6.529 6.166 6.585 6.606 6.429 6.030 5.939 5.816 5.726 5.559 5.521 5.299 5.291 5.162
0.0001957 -1.90000 9.30000 0.7354700565 2.3938601455    0.735 -0.323  3.7759  4.683    1  0.000  0.539     0.00     0.00     0.00     0.00     0.00 -1 -3.17e-14      0.00 7.699e-01 2.299e-01 3.262e-05 8.881e-06 8.068e-05 -1.000 1.969e-04 5.576 8.441 7.512 6.664 6.096 5.785 6.233 6.272 6.111 5.751 5.666 5.553 5.469 5.314 5.279 5.072 5.065 4.949
0.0001957 -1.90000 9.30000 0.7500000000 2.3998889087    0.750 -0.280  3.7819  4.673    1  0.000  0.537     0.00     0.00     0.00     0.00     0.00 -1 -3.51e-14      0.00 7.720e-01 2.278e-01 3.223e-05 8.809e-06 8.007e-05 -1.000 1.969e-04 5.469 8.207 7.250 6.455 5.931 5.640 6.096 6.140 5.987 5.641 5.558 5.449 5.368 5.217 5.183 4.982 4.975 4.865
0.0001957 -1.90000 9.30000 0.7632443905 2.4051549214    0.763 -0.242  3.7866  4.661    1  0.000  0.537     0.00     0.00     0.00     0.00     0.00 -1 -3.85e-14      0.00 7.741e-01 2.257e-01 3.201e-05 8.749e-06 7.953e-05 -1.000 1.966e-04 5.374 8.010 7.043 6.287 5.795 5.518 5.979 6.026 5.877 5.543 5.463 5.357 5.277 5.130 5.097 4.900 4.894 4.788
0.0001957 -1.90000 9.30000 0.8000000119 2.4187244405    0.800 -0.138  3.7992  4.628    1  0.000  0.536     0.00     0.00     0.00     0.00     0.00 -1 -4.95e-14      0.00 7.801e-01 2.197e-01 3.140e-05 8.588e-06 7.810e-05 -1.000 1.968e-04 5.114 7.489 6.514 5.851 5.439 5.201 5.666 5.718 5.582 5.277 5.202 5.105 5.030 4.893 4.862 4.678 4.673 4.577
0.0001957 -1.90000 9.30000 0.8347514272 2.4302983626    0.834 -0.042  3.8110  4.598    1  0.000  0.536     0.00     0.00     0.00     0.00     0.00 -1 -6.25e-14      0.00 7.796e-01 2.202e-01 3.159e-05 8.643e-06 7.863e-05 -1.000 1.649e-04 4.876 7.027 6.068 5.481 5.133 4.929 5.384 5.437 5.313 5.033 4.962 4.872 4.803 4.675 4.646 4.474 4.469 4.383
0.0001957 -1.90000 9.30000 0.8500000238 2.4350346840    0.849 -0.001  3.8160  4.584    1  0.000  0.535     0.00     0.00     0.00     0.00     0.00 -1 -6.92e-14      0.00 7.792e-01 2.206e-01 3.169e-05 8.673e-06 7.891e-05 -1.000 1.620e-04 4.773 6.845 5.896 5.334 5.009 4.818 5.265 5.317 5.197 4.926 4.858 4.771 4.703 4.579 4.552 4.384 4.380 4.298
0.0001957 -1.90000 9.30000 0.8798899651 2.4437733532    0.879  0.077  3.8259  4.560    1  0.000  0.535     0.00     0.00     0.00     0.00     0.00 -1 -8.38e-14      0.00 7.798e-01 2.200e-01 3.164e-05 8.658e-06 7.878e-05 -1.000 1.698e-04 4.576 6.507 5.578 5.061 4.777 4.609 5.037 5.086 4.974 4.721 4.657 4.576 4.512 4.395 4.369 4.212 4.208 4.135
0.0001957 -1.90000 9.30000 0.8999999762 2.4492786016    0.899  0.130  3.8325  4.544    1  0.000  0.535     0.00     0.00     0.00     0.00     0.00 -1 -9.51e-14      0.00 7.800e-01 2.198e-01 3.162e-05 8.654e-06 7.874e-05 -1.000 1.476e-04 4.446 6.288 5.376 4.887 4.628 4.474 4.887 4.934 4.827 4.585 4.523 4.447 4.385 4.273 4.249 4.097 4.095 4.026
0.0001957 -1.90000 9.30000 0.9055591226 2.4507509314    0.905  0.144  3.8344  4.541    1  0.000  0.535     0.00     0.00     0.00     0.00     0.00 -1 -9.84e-14      0.00 7.800e-01 2.199e-01 3.162e-05 8.655e-06 7.875e-05 -1.000 1.486e-04 4.411 6.229 5.322 4.841 4.588 4.439 4.846 4.892 4.787 4.548 4.487 4.412 4.351 4.241 4.216 4.067 4.064 3.998
0.0001957 -1.90000 9.30000 0.9432298541 2.4602043746    0.942  0.238  3.8472  4.515    1  0.000  0.536     0.00     0.00     0.00     0.00     0.00 -1 -1.23e-13      0.00 7.793e-01 2.205e-01 3.168e-05 8.669e-06 7.887e-05 -1.000 1.435e-04 4.175 5.837 4.968 4.539 4.329 4.205 4.575 4.612 4.517 4.300 4.244 4.176 4.120 4.021 3.998 3.862 3.860 3.805
0.0001957 -1.90000 9.30000 0.9499999881 2.4618121868    0.949  0.255  3.8494  4.510    1  0.000  0.536     0.00     0.00     0.00     0.00     0.00 -1 -1.28e-13      0.00 7.792e-01 2.207e-01 3.169e-05 8.672e-06 7.890e-05 -1.000 1.295e-04 4.133 5.768 4.905 4.486 4.283 4.164 4.526 4.562 4.469 4.256 4.200 4.134 4.079 3.981 3.960 3.826 3.824 3.770
0.0001957 -1.90000 9.30000 0.9640598893 2.4650684008    0.964  0.289  3.8546  4.503    1  0.000  0.536     0.00     0.00     0.00     0.00     0.00 -1 -1.39e-13      0.00 7.795e-01 2.204e-01 3.166e-05 8.663e-06 7.882e-05 -1.000 1.354e-04 4.047 5.623 4.777 4.378 4.191 4.081 4.427 4.459 4.370 4.165 4.111 4.049 3.996 3.902 3.881 3.753 3.752 3.702
0.0001957 -1.90000 9.30000 0.9925780892 2.4713484557    0.992  0.359  3.8651  4.488    1  0.000  0.535     0.00     0.00     0.00     0.00     0.00 -1 -1.64e-13      0.00 7.800e-01 2.198e-01 3.160e-05 8.649e-06 7.870e-05 -1.000 1.868e-04 3.873 5.335 4.525 4.165 4.008 3.917 4.226 4.250 4.168 3.980 3.931 3.875 3.827 3.742 3.723 3.606 3.605 3.564
0.0001957 -1.90000 9.30000 1.0000000000 2.4729154477    1.000  0.377  3.8679  4.485    1  0.000  0.535     0.00     0.00     0.00     0.00     0.00 -1 -1.71e-13      0.00 7.801e-01 2.197e-01 3.159e-05 8.646e-06 7.867e-05 -1.000 1.969e-04 3.828 5.261 4.461 4.111 3.962 3.875 4.174 4.195 4.116 3.933 3.884 3.830 3.783 3.701 3.682 3.568 3.568 3.529
0.0001957 -1.90000 9.30000 1.0076930523 2.4745117004    1.007  0.395  3.8712  4.483    1  0.000  0.535     0.00     0.00     0.00     0.00     0.00 -1 -1.76e-13      0.00 7.802e-01 2.196e-01 3.158e-05 8.642e-06 7.863e-05 -1.000 1.968e-04 3.782 5.181 4.393 4.055 3.914 3.833 4.120 4.139 4.062 3.884 3.837 3.785 3.739 3.659 3.642 3.531 3.531 3.494
0.0001957 -1.90000 9.30000 1.0311933756 2.4792186718    1.031  0.451  3.8815  4.478    1  0.000  0.535     0.00     0.00     0.00     0.00     0.00 -1 -1.92e-13      0.00 7.807e-01 2.191e-01 3.153e-05 8.631e-06 7.854e-05 -1.000 1.938e-04 3.642 4.936 4.186 3.884 3.769 3.705 3.955 3.965 3.896 3.734 3.691 3.646 3.604 3.534 3.518 3.419 3.419 3.390
0.0001957 -1.90000 9.30000 1.0499999523 2.4828114860    1.049  0.496  3.8898  4.474    1  0.000  0.535     0.00     0.00     0.00     0.00     0.00 -1 -2.07e-13      0.00 7.809e-01 2.189e-01 3.151e-05 8.625e-06 7.849e-05 -1.000 1.969e-04 3.529 4.740 4.022 3.749 3.654 3.603 3.823 3.826 3.764 3.614 3.574 3.535 3.497 3.434 3.420 3.330 3.331 3.308
0.0001957 -1.90000 9.30000 1.0514014959 2.4830733252    1.051  0.500  3.8905  4.474    1  0.000  0.535     0.00     0.00     0.00     0.00     0.00 -1 -2.08e-13      0.00 7.810e-01 2.188e-01 3.151e-05 8.624e-06 7.848e-05 -1.000 1.960e-04 3.521 4.725 4.010 3.740 3.646 3.596 3.813 3.816 3.754 3.605 3.566 3.527 3.489 3.427 3.413 3.324 3.324 3.302
0.0001957 -1.90000 9.30000 1.0707385540 2.4866055997    1.070  0.545  3.8992  4.471    1  0.000  0.535     0.00     0.00     0.00     0.00     0.00 -1 -2.22e-13      0.00 7.813e-01 2.185e-01 3.147e-05 8.613e-06 7.838e-05 -1.000 1.969e-04 3.409 4.526 3.849 3.608 3.533 3.495 3.682 3.679 3.623 3.488 3.452 3.419 3.385 3.330 3.318 3.239 3.240 3.223
0.0001957 -1.90000 9.30000 1.0883944035 2.4897050272    1.087  0.585  3.9070  4.469    1  0.000  0.535     0.00     0.00     0.00     0.00     0.00 -1 -2.36e-13      0.00 7.817e-01 2.181e-01 3.144e-05 8.605e-06 7.831e-05 -1.000 1.969e-04 3.306 4.342 3.706 3.491 3.431 3.402 3.565 3.556 3.506 3.383 3.350 3.322 3.292 3.244 3.233 3.163 3.164 3.152
0.0001957 -1.90000 9.30000 1.1000000238 2.4916801480    1.099  0.612  3.9120  4.467    1  0.000  0.535     0.00     0.00     0.00     0.00     0.00 -1 -2.45e-13      0.00 7.818e-01 2.180e-01 3.142e-05 8.601e-06 7.828e-05 -1.000 1.969e-04 3.239 4.219 3.614 3.415 3.364 3.342 3.488 3.476 3.430 3.315 3.284 3.260 3.232 3.189 3.178 3.114 3.115 3.105
0.0001957 -1.90000 9.30000 1.1033200026 2.4922363811    1.102  0.620  3.9135  4.466    1  0.000  0.535     0.00     0.00     0.00     0.00     0.00 -1 -2.48e-13      0.00 7.819e-01 2.179e-01 3.141e-05 8.599e-06 7.826e-05 -1.000 1.957e-04 3.220 4.182 3.588 3.393 3.345 3.324 3.467 3.454 3.409 3.296 3.266 3.243 3.215 3.173 3.163 3.100 3.101 3.093
0.0001957 -1.90000 9.30000 1.1164884567 2.4944052195    1.115  0.651  3.9193  4.464    1  0.000  0.535     0.00     0.00     0.00     0.00     0.00 -1 -2.59e-13      0.00 7.821e-01 2.177e-01 3.139e-05 8.592e-06 7.819e-05 -1.000 1.959e-04 3.143 4.037 3.483 3.307 3.269 3.255 3.380 3.363 3.323 3.219 3.192 3.172 3.148 3.111 3.101 3.045 3.046 3.040
0.0001957 -1.90000 9.30000 1.1323695183 2.4969438119    1.131  0.688  3.9262  4.460    1  0.000  0.535     0.00     0.00     0.00     0.00     0.00 -1 -2.74e-13      0.00 7.823e-01 2.175e-01 3.136e-05 8.586e-06 7.814e-05 -1.000 1.969e-04 3.050 3.852 3.360 3.206 3.177 3.170 3.278 3.258 3.223 3.131 3.106 3.091 3.069 3.038 3.030 2.980 2.981 2.979
0.0001957 -1.90000 9.30000 1.1463983059 2.4991191637    1.145  0.720  3.9322  4.457    1  0.000  0.535     0.00     0.00     0.00     0.00     0.00 -1 -2.88e-13      0.00 7.825e-01 2.173e-01 3.135e-05 8.583e-06 7.811e-05 -1.000 1.955e-04 2.969 3.685 3.255 3.119 3.098 3.095 3.190 3.168 3.138 3.056 3.034 3.022 3.003 2.977 2.969 2.925 2.926 2.926
0.0001957 -1.90000 9.30000 1.1499999762 2.4996678137    1.149  0.729  3.9337  4.456    1  0.000  0.535     0.00     0.00     0.00     0.00     0.00 -1 -2.91e-13      0.00 7.825e-01 2.173e-01 3.135e-05 8.582e-06 7.810e-05 -1.000 1.968e-04 2.948 3.641 3.229 3.097 3.078 3.076 3.169 3.146 3.117 3.038 3.016 3.005 2.987 2.962 2.954 2.912 2.913 2.913
0.0001957 -1.90000 9.30000 1.1759531498 2.5035073201    1.175  0.791  3.9449  4.449    1  0.000  0.535     0.00     0.00     0.00     0.00     0.00 -1 -3.19e-13      0.00 7.828e-01 2.170e-01 3.132e-05 8.574e-06 7.804e-05 -1.000 1.964e-04 2.793 3.321 3.035 2.932 2.926 2.933 3.012 2.987 2.966 2.905 2.889 2.883 2.869 2.851 2.845 2.812 2.813 2.817
0.0001957 -1.90000 9.30000 1.2000000477 2.5068948796    1.199  0.849  3.9552  4.440    1  0.000  0.535     0.00     0.00     0.00     0.00     0.00 -1 -3.48e-13      0.00 7.831e-01 2.167e-01 3.130e-05 8.568e-06 7.799e-05 -1.000 1.955e-04 2.647 3.044 2.851 2.771 2.777 2.793 2.869 2.846 2.831 2.785 2.772 2.770 2.760 2.748 2.743 2.718 2.719 2.726
0.0001957 -1.90000 9.30000 1.2250036001 2.5102555068    1.224  0.911  3.9656  4.429    1  0.000  0.535     0.00     0.00     0.00     0.00     0.00 -1 -3.81e-13      0.00 7.834e-01 2.164e-01 3.126e-05 8.559e-06 7.790e-05 -1.000 1.956e-04 2.493 2.781 2.659 2.597 2.618 2.643 2.723 2.705 2.694 2.662 2.652 2.653 2.646 2.640 2.636 2.618 2.619 2.629
0.0001957 -1.90000 9.30000 1.2500000000 2.5134610955    1.249  0.973  3.9749  4.413    1  0.000  0.535     0.00     0.00     0.00     0.00     0.00 -1 -4.21e-13      0.00 7.837e-01 2.161e-01 3.123e-05 8.551e-06 7.783e-05 -1.000 1.761e-04 2.338 2.542 2.470 2.422 2.455 2.491 2.579 2.566 2.560 2.539 2.532 2.535 2.530 2.528 2.526 2.513 2.514 2.527
0.0001957 -1.90000 9.30000 1.2642836571 2.5152275524    1.264  1.008  3.9793  4.401    1  0.000  0.535     0.00     0.00     0.00     0.00     0.00 -1 -4.45e-13      0.00 7.839e-01 2.160e-01 3.122e-05 8.548e-06 7.781e-05 -1.000 1.621e-04 2.249 2.416 2.365 2.324 2.363 2.403 2.495 2.487 2.481 2.466 2.460 2.464 2.461 2.460 2.458 2.448 2.450 2.463
0.0001957 -1.90000 9.30000 1.2858017683 2.5178036725    1.285  1.062  3.9843  4.374    1  0.000  0.535     0.00     0.00     0.00     0.00     0.00 -1 -4.89e-13      0.00 7.840e-01 2.158e-01 3.121e-05 8.545e-06 7.778e-05 -1.000 1.800e-04 2.115 2.247 2.215 2.181 2.226 2.270 2.369 2.365 2.361 2.352 2.348 2.353 2.350 2.351 2.350 2.343 2.344 2.359
0.0001957 -1.90000 9.30000 1.2999999523 2.5194498592    1.299  1.097  3.9864  4.352    1  0.000  0.535     0.00     0.00     0.00     0.00     0.00 -1 -5.24e-13      0.00 7.841e-01 2.157e-01 3.120e-05 8.544e-06 7.777e-05 -1.000 1.969e-04 2.027 2.144 2.121 2.089 2.136 2.183 2.282 2.281 2.277 2.271 2.268 2.273 2.271 2.273 2.272 2.266 2.267 2.282
0.0001957 -1.90000 9.30000 1.3076587915 2.5203208021    1.307  1.117  3.9869  4.337    1  0.000  0.535     0.00     0.00     0.00     0.00     0.00 -1 -5.45e-13      0.00 7.841e-01 2.157e-01 3.120e-05 8.542e-06 7.776e-05 -1.000 1.969e-04 1.977 2.093 2.072 2.040 2.088 2.135 2.232 2.231 2.228 2.224 2.220 2.226 2.224 2.226 2.225 2.219 2.220 2.234
0.0001957 -1.90000 9.30000 1.3210015297 2.5218103983    1.320  1.153  3.9853  4.299    1  0.000  0.535     0.00     0.00     0.00     0.00     0.00 -1 -5.93e-13      0.00 7.842e-01 2.156e-01 3.119e-05 8.540e-06 7.776e-05 -1.000 1.968e-04 1.888 2.018 1.994 1.960 2.004 2.050 2.137 2.136 2.133 2.128 2.125 2.130 2.128 2.130 2.128 2.122 2.123 2.135
0.0001957 -1.90000 9.30000 1.3347966671 2.5233145475    1.334  1.190  3.9822  4.254    1  0.000  0.535     0.00     0.00     0.00     0.00     0.00 -1 -6.53e-13      0.00 7.842e-01 2.156e-01 3.120e-05 8.539e-06 7.776e-05 -1.000 1.666e-04 1.795 1.951 1.919 1.880 1.919 1.961 2.033 2.031 2.027 2.022 2.018 2.022 2.020 2.021 2.019 2.011 2.012 2.022
0.0001957 -1.90000 9.30000 1.3487164974 2.5247964815    1.348  1.231  3.9773  4.198    1  0.000  0.535     0.00     0.00     0.00     0.00     0.00 -1 -7.32e-13      0.00 7.842e-01 2.156e-01 3.120e-05 8.540e-06 7.779e-05 -1.000 1.967e-04 1.692 1.890 1.845 1.799 1.829 1.866 1.917 1.913 1.908 1.900 1.895 1.899 1.896 1.895 1.893 1.883 1.884 1.890
0.0001957 -1.90000 9.30000 1.3500000238 2.5249313598    1.349  1.235  3.9771  4.193    1  0.000  0.535     0.00     0.00     0.00     0.00     0.00 -1 -7.42e-13      0.00 7.842e-01 2.156e-01 3.121e-05 8.540e-06 7.779e-05 -1.000 1.968e-04 1.681 1.881 1.836 1.789 1.819 1.855 1.905 1.901 1.897 1.888 1.884 1.887 1.884 1.883 1.882 1.872 1.872 1.878
0.0001957 -1.90000 9.30000 1.3550242186 2.5254564977    1.355  1.252  3.9764  4.175    1  0.000  0.535     0.00     0.00     0.00     0.00     0.00 -1 -7.76e-13      0.00 7.841e-01 2.157e-01 3.121e-05 8.540e-06 7.780e-05 -1.000 1.965e-04 1.639 1.846 1.799 1.751 1.780 1.815 1.860 1.856 1.851 1.843 1.839 1.842 1.839 1.838 1.836 1.826 1.826 1.831
0.0001957 -1.90000 9.30000 1.3586467505 2.5258323614    1.358  1.269  3.9801  4.174    1  0.000  0.535     0.00     0.00     0.00     0.00     0.00 -1 -7.98e-13      0.00 7.841e-01 2.157e-01 3.121e-05 8.541e-06 7.780e-05 -1.000 1.949e-04 1.598 1.775 1.742 1.699 1.733 1.772 1.824 1.823 1.820 1.815 1.812 1.816 1.813 1.814 1.812 1.804 1.804 1.810
0.0001957 -1.90000 9.30000 1.3620026112 2.5261785052    1.362  1.293  3.9900  4.191    1  0.000  0.535     0.00     0.00     0.00     0.00     0.00 -1 -8.18e-13      0.00 7.841e-01 2.157e-01 3.121e-05 8.542e-06 7.781e-05 -1.000 1.739e-04 1.538 1.643 1.638 1.609 1.657 1.707 1.787 1.794 1.793 1.798 1.796 1.801 1.801 1.804 1.804 1.800 1.801 1.811
0.0001957 -1.90000 9.30000 1.3629518747 2.5262760624    1.362  1.311  3.9997  4.212    1  0.000  0.535     0.00     0.00     0.00     0.00     0.00 -1  -8.3e-13      0.00 7.840e-01 2.158e-01 3.122e-05 8.544e-06 7.782e-05 -1.000 1.715e-04 1.492 1.534 1.551 1.536 1.597 1.657 1.766 1.782 1.782 1.795 1.795 1.802 1.803 1.809 1.809 1.809 1.810 1.824
0.0001957 -1.90000 9.30000 1.3633811474 2.5263201281    1.363  1.333  4.0089  4.227    1  0.000  0.535     0.00     0.00     0.00     0.00     0.00 -1 -8.55e-13      0.00 7.840e-01 2.158e-01 3.122e-05 8.545e-06 7.783e-05 -1.000 1.706e-04 1.439 1.428 1.462 1.458 1.532 1.602 1.739 1.764 1.765 1.785 1.787 1.794 1.797 1.805 1.805 1.809 1.810 1.827
0.0001957 -1.90000 9.30000 1.3636223078 2.5263448697    1.363  1.355  4.0153  4.231    1  0.000  0.535     0.00     0.00     0.00     0.00     0.00 -1 -8.96e-13      0.00 7.840e-01 2.158e-01 3.122e-05 8.545e-06 7.783e-05 -1.000 1.701e-04 1.382 1.338 1.382 1.387 1.469 1.545 1.703 1.734 1.735 1.761 1.764 1.772 1.775 1.784 1.785 1.791 1.792 1.811
0.0001957 -1.90000 9.30000 1.3636469841 2.5263474008    1.363  1.355  4.0143  4.226    1  0.000  0.535     0.00     0.00     0.00     0.00     0.00 -1 -9.02e-13      0.00 7.840e-01 2.158e-01 3.122e-05 8.545e-06 7.783e-05 -1.000 1.700e-04 1.382 1.343 1.385 1.389 1.470 1.544 1.699 1.729 1.730 1.755 1.758 1.766 1.769 1.778 1.779 1.784 1.786 1.804
0.0001957 -1.90000 9.30000 1.3638032675 2.5263634284    1.363  1.359  4.0040  4.181    2  0.000  0.535     0.00     0.00     0.00     0.00     0.00 -1 -9.57e-13      0.00 7.840e-01 2.158e-01 3.122e-05 8.545e-06 7.783e-05 -1.000 1.698e-04 1.372 1.392 1.418 1.407 1.474 1.538 1.655 1.677 1.677 1.695 1.696 1.703 1.705 1.711 1.712 1.714 1.715 1.729
0.0001957 -1.90000 9.30000 1.3639414310 2.5263775943    1.363  1.373  3.9952  4.132    2  0.000  0.535     0.00     0.00     0.00     0.00     0.00 -1 -1.04e-12      0.00 7.840e-01 2.158e-01 3.122e-05 8.545e-06 7.783e-05 -1.000 1.695e-04 1.337 1.413 1.422 1.400 1.454 1.509 1.593 1.608 1.607 1.620 1.619 1.625 1.626 1.630 1.630 1.629 1.629 1.639
0.0001957 -1.90000 9.30000 1.3641749620 2.5264015307    1.364  1.389  3.9865  4.082    2  0.000  0.535     0.00     0.00     0.00     0.00     0.00 -1 -1.14e-12      0.00 7.840e-01 2.158e-01 3.123e-05 8.546e-06 7.784e-05 -1.000 1.691e-04 1.297 1.436 1.426 1.391 1.432 1.477 1.529 1.537 1.535 1.542 1.540 1.545 1.544 1.547 1.546 1.541 1.541 1.546
0.0001957 -1.90000 9.30000 1.3645845652 2.5264434913    1.364  1.402  3.9769  4.030    2  0.000  0.535     0.00     0.00     0.00     0.00     0.00 -1 -1.25e-12      0.00 7.840e-01 2.159e-01 3.123e-05 8.546e-06 7.784e-05 -1.000 1.683e-04 1.265 1.478 1.443 1.395 1.420 1.455 1.473 1.474 1.470 1.470 1.466 1.469 1.467 1.467 1.465 1.456 1.456 1.456
0.0001957 -1.90000 9.30000 1.3652927876 2.5265159748    1.365  1.413  3.9668  3.979    2  0.000  0.535     0.00     0.00     0.00     0.00     0.00 -1 -1.36e-12      0.00 7.839e-01 2.159e-01 3.123e-05 8.548e-06 7.785e-05 -1.000 1.668e-04 1.237 1.539 1.471 1.407 1.415 1.439 1.425 1.419 1.413 1.403 1.398 1.399 1.395 1.391 1.389 1.375 1.374 1.370
0.0001957 -1.90000 9.30000 1.3662679195 2.5266156340    1.366  1.424  3.9555  3.923    2  0.000  0.535     0.00     0.00     0.00     0.00     0.00 -1 -1.48e-12      0.00 7.839e-01 2.160e-01 3.124e-05 8.549e-06 7.787e-05 -1.000 1.649e-04 1.209 1.623 1.506 1.423 1.412 1.423 1.379 1.366 1.358 1.337 1.329 1.328 1.321 1.313 1.310 1.289 1.288 1.278
0.0001957 -1.90000 9.30000 1.3672518730 2.5267160290    1.367  1.435  3.9435  3.865    2  0.000  0.535     0.00     0.00     0.00     0.00     0.00 -1 -1.62e-12      0.00 7.838e-01 2.160e-01 3.124e-05 8.551e-06 7.788e-05 -1.000 1.630e-04 1.182 1.734 1.550 1.444 1.412 1.409 1.339 1.321 1.308 1.276 1.265 1.260 1.250 1.236 1.232 1.202 1.201 1.186
0.0001957 -1.90000 9.30000 1.3680870533 2.5268011141    1.368  1.444  3.9311  3.806    2  0.000  0.535     0.00     0.00     0.00     0.00     0.00 -1 -1.76e-12      0.00 7.838e-01 2.160e-01 3.125e-05 8.552e-06 7.789e-05 -1.000 1.613e-04 1.159 1.870 1.602 1.470 1.416 1.398 1.310 1.288 1.270 1.223 1.209 1.199 1.186 1.165 1.159 1.121 1.119 1.098
0.0001957 -1.90000 9.30000 1.3687677383 2.5268703715    1.368  1.452  3.9187  3.749    2  0.000  0.535     0.00     0.00     0.00     0.00     0.00 -1 -1.91e-12      0.00 7.838e-01 2.161e-01 3.125e-05 8.553e-06 7.790e-05 -1.000 1.601e-04 1.140 2.035 1.657 1.493 1.418 1.388 1.297 1.274 1.248 1.183 1.164 1.150 1.131 1.102 1.095 1.047 1.045 1.019
0.0001957 -1.90000 9.30000 1.3693298101 2.5269275007    1.369  1.458  3.9062  3.693    2  0.000  0.535     0.00     0.00     0.00     0.00     0.00 -1 -2.06e-12      0.00 7.837e-01 2.161e-01 3.125e-05 8.554e-06 7.791e-05 -1.000 1.590e-04 1.125 2.203 1.717 1.518 1.421 1.378 1.297 1.275 1.241 1.156 1.132 1.110 1.087 1.049 1.040 0.980 0.978 0.947
0.0001957 -1.90000 9.30000 1.3698048592 2.5269757428    1.369  1.463  3.8939  3.639    2  0.000  0.535     0.00     0.00     0.00     0.00     0.00 -1 -2.22e-12      0.00 7.837e-01 2.161e-01 3.126e-05 8.555e-06 7.791e-05 -1.000 1.581e-04 1.113 2.366 1.781 1.545 1.426 1.368 1.308 1.290 1.246 1.139 1.109 1.080 1.051 1.003 0.992 0.920 0.918 0.882
0.0001957 -1.90000 9.30000 1.3702161312 2.5270174772    1.370  1.467  3.8816  3.587    2  0.000  0.535     0.00     0.00     0.00     0.00     0.00 -1 -2.37e-12      0.00 7.837e-01 2.162e-01 3.126e-05 8.555e-06 7.792e-05 -1.000 1.572e-04 1.104 2.509 1.853 1.577 1.432 1.358 1.327 1.315 1.260 1.132 1.097 1.060 1.026 0.967 0.954 0.869 0.866 0.824
0.0001957 -1.90000 9.30000 1.3705806732 2.5270544455    1.370  1.470  3.8694  3.535    2  0.000  0.535     0.00     0.00     0.00     0.00     0.00 -1 -2.54e-12      0.00 7.837e-01 2.162e-01 3.126e-05 8.556e-06 7.792e-05 -1.000 1.565e-04 1.096 2.642 1.933 1.614 1.440 1.349 1.352 1.345 1.281 1.131 1.091 1.047 1.006 0.937 0.922 0.823 0.820 0.772
0.0001957 -1.90000 9.30000 1.3709088564 2.5270877073    1.370  1.472  3.8572  3.483    2  0.000  0.535     0.00     0.00     0.00     0.00     0.00 -1  -2.7e-12      0.00 7.836e-01 2.162e-01 3.126e-05 8.556e-06 7.793e-05 -1.000 1.560e-04 1.090 2.776 2.020 1.656 1.451 1.340 1.380 1.379 1.306 1.136 1.090 1.038 0.992 0.912 0.894 0.782 0.779 0.724
0.0001957 -1.90000 9.30000 1.3712085485 2.5271180655    1.371  1.474  3.8450  3.433    2  0.000  0.535     0.00     0.00     0.00     0.00     0.00 -1 -2.87e-12      0.00 7.836e-01 2.162e-01 3.127e-05 8.557e-06 7.793e-05 -1.000 1.553e-04 1.085 2.918 2.121 1.708 1.467 1.335 1.413 1.418 1.335 1.144 1.093 1.033 0.982 0.891 0.871 0.745 0.742 0.678
0.0001957 -1.90000 9.30000 1.3714851141 2.5271460675    1.371  1.475  3.8329  3.383    2  0.000  0.535     0.00     0.00     0.00     0.00     0.00 -1 -3.05e-12      0.00 7.836e-01 2.162e-01 3.127e-05 8.557e-06 7.794e-05 -1.000 1.548e-04 1.082 3.064 2.230 1.765 1.487 1.334 1.449 1.459 1.367 1.154 1.099 1.030 0.974 0.873 0.851 0.711 0.707 0.636
0.0001957 -1.90000 9.30000 1.3717440367 2.5271722714    1.371  1.476  3.8215  3.337    2  0.000  0.535     0.00     0.00     0.00     0.00     0.00 -1 -3.22e-12      0.00 7.836e-01 2.162e-01 3.127e-05 8.558e-06 7.794e-05 -1.000 1.543e-04 1.079 3.214 2.349 1.832 1.514 1.339 1.488 1.502 1.400 1.166 1.106 1.030 0.969 0.858 0.834 0.682 0.677 0.598
0.0001957 -1.90000 9.30000 1.3720052242 2.5271986930    1.371  1.477  3.8107  3.294    2  0.000  0.535     0.00     0.00     0.00     0.00     0.00 -1 -3.38e-12      0.00 7.836e-01 2.163e-01 3.127e-05 8.558e-06 7.794e-05 -1.000 1.538e-04 1.079 3.362 2.473 1.902 1.544 1.347 1.528 1.545 1.434 1.180 1.115 1.032 0.966 0.847 0.820 0.656 0.651 0.564
0.0001957 -1.90000 9.30000 1.3722976446 2.5272282603    1.372  1.476  3.8003  3.253    2  0.000  0.535     0.00     0.00     0.00     0.00     0.00 -1 -3.54e-12      0.00 7.836e-01 2.163e-01 3.127e-05 8.559e-06 7.795e-05 -1.000 1.532e-04 1.080 3.513 2.608 1.979 1.578 1.359 1.574 1.593 1.473 1.196 1.127 1.037 0.967 0.838 0.810 0.635 0.629 0.534
0.0001957 -1.90000 9.30000 1.3726588488 2.5272647626    1.372  1.474  3.7893  3.211    2  0.000  0.535     0.00     0.00     0.00     0.00     0.00 -1 -3.69e-12      0.00 7.836e-01 2.163e-01 3.127e-05 8.559e-06 7.795e-05 -1.000 1.525e-04 1.086 3.687 2.775 2.079 1.628 1.384 1.630 1.651 1.520 1.219 1.145 1.047 0.973 0.835 0.804 0.618 0.611 0.507
0.0001957 -1.90000 9.30000 1.3730813265 2.5273074290    1.373  1.468  3.7782  3.172    2  0.000  0.535     0.00     0.00     0.00     0.00     0.00 -1 -3.81e-12      0.00 7.833e-01 2.165e-01 3.130e-05 8.565e-06 7.800e-05 -1.000 1.605e-04 1.099 3.878 2.970 2.200 1.695 1.424 1.697 1.718 1.576 1.251 1.172 1.066 0.987 0.841 0.807 0.609 0.602 0.489
0.0001957 -1.90000 9.30000 1.3735804558 2.5273577976    1.373  1.458  3.7675  3.140    2  0.000  0.536     0.00     0.00     0.00     0.00     0.00 -1 -3.86e-12      0.00 7.765e-01 2.233e-01 3.205e-05 8.766e-06 7.979e-05 -1.000 1.865e-04 1.124 4.091 3.213 2.357 1.788 1.488 1.780 1.797 1.644 1.293 1.209 1.097 1.014 0.858 0.823 0.613 0.605 0.483
0.0001957 -1.90000 9.30000 1.3741254807 2.5274127496    1.374  1.446  3.7581  3.114    2  0.000  0.537     0.00     0.00     0.00     0.00     0.00 -1 -3.86e-12      0.00 7.635e-01 2.363e-01 3.348e-05 9.148e-06 8.320e-05 -1.000 1.969e-04 1.156 4.281 3.457 2.519 1.887 1.560 1.865 1.879 1.714 1.341 1.253 1.134 1.047 0.884 0.846 0.627 0.618 0.487
0.0001957 -1.90000 9.30000 1.3746969700 2.5274703161    1.374  1.447  3.7515  3.087    3  0.000  0.537     0.00     0.00     0.00     0.00     0.00 -1 -3.98e-12      0.00 7.592e-01 2.406e-01 3.396e-05 9.273e-06 8.431e-05 -1.000 1.965e-04 1.151 4.383 3.618 2.618 1.939 1.592 1.901 1.910 1.739 1.348 1.257 1.134 1.044 0.876 0.837 0.611 0.602 0.465
0.0001957 -1.90000 9.30000 1.3756943941 2.5275706554    1.375  1.474  3.7439  3.030    3  0.000  0.537     0.00     0.00     0.00     0.00     0.00 -1 -4.48e-12      0.00 7.551e-01 2.447e-01 3.435e-05 9.381e-06 8.526e-05 -1.000 1.957e-04 1.085 4.433 3.761 2.684 1.946 1.577 1.884 1.887 1.706 1.296 1.201 1.073 0.980 0.806 0.765 0.530 0.520 0.377
0.0001957 -1.90000 9.30000 1.3765468597 2.5276562797    1.376  1.513  3.7401  2.976    3  0.000  0.533     0.00     0.00     0.00     0.00     0.00 -1 -5.19e-12      0.00 7.527e-01 2.471e-01 3.420e-05 9.528e-06 8.556e-05 -1.000 1.967e-04 0.987 4.392 3.771 2.656 1.888 1.508 1.811 1.810 1.625 1.205 1.109 0.978 0.884 0.706 0.665 0.426 0.416 0.269
0.0001957 -1.90000 9.30000 1.3774818182 2.5277500496    1.377  1.562  3.7371  2.915    3  0.000  0.502     0.00     0.00     0.00     0.00     0.00 -1 -6.21e-12      0.00 7.497e-01 2.501e-01 3.231e-05 1.129e-05 8.576e-05 -1.000 1.969e-04 0.865 4.311 3.748 2.600 1.806 1.416 1.710 1.705 1.516 1.088 0.991 0.858 0.763 0.583 0.541 0.299 0.289 0.139
0.0001957 -1.90000 9.30000 1.3783710003 2.5278390928    1.378  1.611  3.7348  2.857    3  0.000  0.450     0.00     0.00     0.00     0.00     0.00 -1 -7.41e-12      0.00 7.463e-01 2.535e-01 2.899e-05 1.527e-05 8.588e-05 -1.000 1.969e-04 0.743 4.221 3.704 2.530 1.715 1.319 1.604 1.595 1.404 0.971 0.873 0.738 0.642 0.461 0.418 0.174 0.163 0.011
0.0001957 -1.90000 9.30000 1.3791081905 2.5279128153    1.378  1.653  3.7330  2.809    3  0.000  0.417     0.00     0.00     0.00     0.00     0.00 -1  -8.6e-12      0.00 7.432e-01 2.566e-01 2.689e-05 1.790e-05 8.597e-05 -1.000 1.969e-04 0.638 4.141 3.657 2.463 1.634 1.232 1.511 1.500 1.307 0.870 0.771 0.635 0.539 0.356 0.313 0.067 0.056 -0.098
0.0001957 -1.90000 9.30000 1.3799660206 2.5279984883    1.379  1.703  3.7311  2.751    3  0.000  0.393     0.00     0.00     0.00     0.00     0.00 -1 -1.03e-11      0.00 7.397e-01 2.601e-01 2.532e-05 1.988e-05 8.603e-05 -1.000 1.968e-04 0.514 4.043 3.597 2.381 1.535 1.128 1.399 1.386 1.191 0.749 0.649 0.512 0.415 0.231 0.188 -0.060 -0.071 -0.227
0.0001957 -1.90000 9.30000 1.3808075190 2.5280824114    1.380  1.753  3.7291  2.694    3  0.000  0.377     0.00     0.00     0.00     0.00     0.00 -1 -1.23e-11      0.00 7.367e-01 2.631e-01 2.433e-05 2.113e-05 8.606e-05 -1.000 1.969e-04 0.388 3.943 3.539 2.301 1.437 1.024 1.288 1.272 1.074 0.628 0.527 0.389 0.292 0.106 0.062 -0.188 -0.199 -0.357
0.0001957 -1.90000 9.30000 1.3816084862 2.5281621831    1.381  1.802  3.7273  2.637    3  0.000  0.368     0.00     0.00     0.00     0.00     0.00 -1 -1.47e-11      0.00 7.343e-01 2.655e-01 2.372e-05 2.190e-05 8.608e-05 -1.000 1.969e-04 0.264 3.840 3.480 2.219 1.339 0.920 1.177 1.158 0.958 0.507 0.406 0.267 0.169 -0.018 -0.062 -0.314 -0.326 -0.485
0.0001957 -1.90000 9.30000 1.3822526932 2.5282262652    1.381  1.844  3.7257  2.589    3  0.000  0.362     0.00     0.00     0.00     0.00     0.00 -1  -1.7e-11      0.00 7.329e-01 2.669e-01 2.338e-05 2.234e-05 8.608e-05 -1.000 1.969e-04 0.160 3.755 3.432 2.153 1.257 0.834 1.085 1.064 0.862 0.407 0.305 0.165 0.066 -0.122 -0.166 -0.420 -0.432 -0.592
0.0001957 -1.90000 9.30000 1.3829916716 2.5282996901    1.382  1.893  3.7238  2.532    3  0.000  0.358     0.00     0.00     0.00     0.00     0.00 -1 -2.03e-11      0.00 7.316e-01 2.682e-01 2.312e-05 2.267e-05 8.607e-05 -1.000 1.969e-04 0.037 3.654 3.377 2.074 1.161 0.732 0.976 0.952 0.748 0.288 0.186 0.044 -0.055 -0.245 -0.290 -0.545 -0.557 -0.719
0.0001957 -1.90000 9.30000 1.3837009668 2.5283700809    1.383  1.943  3.7219  2.476    3  0.000  0.356     0.00     0.00     0.00     0.00     0.00 -1 -2.42e-11      0.00 7.308e-01 2.690e-01 2.297e-05 2.286e-05 8.606e-05 -1.000 1.968e-04 -0.087 3.554 3.327 1.999 1.066 0.631 0.866 0.839 0.633 0.168 0.065 -0.077 -0.177 -0.368 -0.414 -0.671 -0.683 -0.848
0.0001957 -1.90000 9.30000 1.3843545914 2.5284348734    1.383  1.991  3.7199  2.420    3  0.000  0.354     0.00     0.00     0.00     0.00     0.00 -1 -2.88e-11      0.00 7.304e-01 2.694e-01 2.288e-05 2.298e-05 8.606e-05 -1.000 1.969e-04 -0.207 3.460 3.291 1.935 0.979 0.537 0.761 0.731 0.521 0.052 -0.052 -0.196 -0.297 -0.489 -0.535 -0.794 -0.807 -0.973
0.0001957 -1.90000 9.30000 1.3848719597 2.5284861093    1.384  2.030  3.7183  2.374    3  0.000  0.354     0.00     0.00     0.00     0.00     0.00 -1 -3.32e-11      0.00 7.302e-01 2.696e-01 2.284e-05 2.302e-05 8.606e-05 -1.000 1.969e-04 -0.306 3.380 3.268 1.887 0.911 0.463 0.677 0.643 0.431 -0.044 -0.148 -0.293 -0.395 -0.588 -0.635 -0.895 -0.908 -1.076
0.0001957 -1.90000 9.30000 1.3854391575 2.5285422293    1.384  2.077  3.7164  2.320    3  0.000  0.354     0.00     0.00     0.00     0.00     0.00 -1 -3.94e-11      0.00 7.301e-01 2.697e-01 2.283e-05 2.305e-05 8.606e-05 -1.000 1.969e-04 -0.424 3.285 3.239 1.829 0.828 0.373 0.576 0.538 0.323 -0.157 -0.262 -0.409 -0.511 -0.706 -0.753 -1.016 -1.028 -1.198
0.0001957 -1.90000 9.30000 1.3858866692 2.5285864699    1.385  2.118  3.7147  2.272    3  0.000  0.354     0.00     0.00     0.00     0.00     0.00 -1 -4.56e-11      0.00 7.301e-01 2.697e-01 2.282e-05 2.306e-05 8.606e-05 -1.000 1.969e-04 -0.525 3.204 3.218 1.782 0.759 0.298 0.491 0.449 0.232 -0.254 -0.360 -0.507 -0.610 -0.807 -0.854 -1.119 -1.131 -1.303
0.0001957 -1.90000 9.30000 1.3864241838 2.5286395648    1.385  2.167  3.7127  2.215    3  0.000  0.353     0.00     0.00     0.00     0.00     0.00 -1 -5.44e-11      0.00 7.301e-01 2.697e-01 2.281e-05 2.307e-05 8.606e-05 -1.000 1.969e-04 -0.648 3.103 3.189 1.721 0.673 0.204 0.386 0.340 0.119 -0.372 -0.479 -0.628 -0.732 -0.930 -0.978 -1.245 -1.258 -1.431
0.0001957 -1.90000 9.30000 1.3869136572 2.5286878731    1.385  2.214  3.7107  2.160    3  0.000  0.353     0.00     0.00     0.00     0.00     0.00 -1 -6.46e-11      0.00 7.301e-01 2.697e-01 2.281e-05 2.307e-05 8.606e-05 -1.000 1.969e-04 -0.766 3.008 3.165 1.665 0.591 0.115 0.286 0.236 0.012 -0.485 -0.593 -0.744 -0.848 -1.048 -1.096 -1.365 -1.379 -1.554
0.0001957 -1.90000 9.30000 1.3873217106 2.5287281157    1.386  2.258  3.7088  2.109    3  0.000  0.353     0.00     0.00     0.00     0.00     0.00 -1 -7.57e-11      0.00 7.301e-01 2.697e-01 2.280e-05 2.308e-05 8.606e-05 -1.000 1.969e-04 -0.875 2.918 3.148 1.618 0.518 0.035 0.196 0.142 -0.086 -0.589 -0.698 -0.850 -0.955 -1.157 -1.205 -1.476 -1.490 -1.667
0.0001957 -1.90000 9.30000 1.3876668215 2.5287621296    1.386  2.297  3.7072  2.064    3  0.000  0.353     0.00     0.00     0.00     0.00     0.00 -1  -8.7e-11      0.00 7.301e-01 2.697e-01 2.280e-05 2.309e-05 8.606e-05 -1.000 1.969e-04 -0.971 2.838 3.135 1.577 0.455 -0.035 0.116 0.059 -0.172 -0.681 -0.790 -0.944 -1.049 -1.252 -1.301 -1.574 -1.588 -1.766
0.0001957 -1.90000 9.30000 1.3880758286 2.5288024159    1.386  2.343  3.7052  2.010    3  0.000  0.353     0.00     0.00     0.00     0.00     0.00 -1 -1.03e-10      0.00 7.301e-01 2.697e-01 2.279e-05 2.309e-05 8.606e-05 -1.000 1.969e-04 -1.087 2.742 3.122 1.529 0.379 -0.118 0.022 -0.040 -0.274 -0.790 -0.901 -1.055 -1.162 -1.367 -1.416 -1.691 -1.705 -1.886
0.0001957 -1.90000 9.30000 1.3885298967 2.5288471086    1.386  2.386  3.7033  1.959    3  0.000  0.353     0.00     0.00     0.00     0.00     0.00 -1 -1.21e-10      0.00 7.301e-01 2.697e-01 2.279e-05 2.310e-05 8.606e-05 -1.000 1.969e-04 -1.195 2.654 3.126 1.496 0.314 -0.191 -0.065 -0.132 -0.370 -0.893 -1.004 -1.161 -1.268 -1.474 -1.524 -1.802 -1.816 -1.998
0.0001957 -1.90000 9.30000 1.3886749744 2.5288613812    1.386  2.394  3.7030  1.950    3  0.000  0.353     0.00     0.00     0.00     0.00     0.00 -1 -1.25e-10      0.00 7.301e-01 2.697e-01 2.279e-05 2.310e-05 8.606e-05 -1.000 1.969e-04 -1.214 2.637 3.124 1.489 0.302 -0.205 -0.081 -0.149 -0.387 -0.911 -1.023 -1.180 -1.287 -1.494 -1.544 -1.821 -1.836 -2.018
0.0001957 -1.90000 9.30000 1.3889480829 2.5288882399    1.387  2.360  3.7046  1.990    3  0.000  0.353     0.00     0.00     0.00     0.00     0.00 -1 -1.12e-10      0.00 7.301e-01 2.697e-01 2.278e-05 2.311e-05 8.606e-05 -1.000 1.969e-04 -1.131 2.705 3.114 1.509 0.349 -0.151 -0.015 -0.079 -0.314 -0.832 -0.943 -1.098 -1.205 -1.410 -1.460 -1.736 -1.750 -1.931
0.0001957 -1.90000 9.30000 1.3891077042 2.5289039322    1.387  2.319  3.7068  2.040    3  0.000  0.353     0.00     0.00     0.00     0.00     0.00 -1 -9.54e-11      0.00 7.301e-01 2.697e-01 2.278e-05 2.311e-05 8.606e-05 -1.000 1.968e-04 -1.027 2.787 3.104 1.538 0.409 -0.082 0.065 0.006 -0.225 -0.735 -0.845 -0.999 -1.105 -1.308 -1.357 -1.630 -1.644 -1.823
0.0001957 -1.90000 9.30000 1.3891205788 2.5289051977    1.387  2.316  3.7070  2.044    3  0.000  0.353     0.00     0.00     0.00     0.00     0.00 -1 -9.41e-11      0.00 7.301e-01 2.697e-01 2.278e-05 2.311e-05 8.606e-05 -1.000 1.969e-04 -1.020 2.793 3.103 1.540 0.413 -0.077 0.070 0.012 -0.219 -0.728 -0.838 -0.991 -1.097 -1.300 -1.349 -1.623 -1.636 -1.815
0.0001957 -1.90000 9.30000 1.3892118931 2.5289141727    1.387  2.330  3.7062  2.027    3  0.000  0.353     0.00     0.00     0.00     0.00     0.00 -1 -9.86e-11      0.00 7.301e-01 2.697e-01 2.278e-05 2.311e-05 8.606e-05 -1.000 1.969e-04 -1.055 2.764 3.104 1.528 0.392 -0.102 0.043 -0.017 -0.249 -0.762 -0.872 -1.026 -1.132 -1.335 -1.385 -1.659 -1.672 -1.852
0.0001957 -1.90000 9.30000 1.3895393610 2.5289463473    1.387  2.379  3.7039  1.969    3  0.000  0.353     0.00     0.00     0.00     0.00     0.00 -1 -1.17e-10      0.00 7.301e-01 2.697e-01 2.278e-05 2.312e-05 8.607e-05 -1.000 1.968e-04 -1.177 2.665 3.108 1.490 0.319 -0.184 -0.055 -0.120 -0.356 -0.877 -0.988 -1.144 -1.251 -1.457 -1.506 -1.783 -1.797 -1.979
0.0001957 -1.90000 9.30000 1.3898640871 2.5289782353    1.387  2.427  3.7018  1.912    3  0.000  0.353     0.00     0.00     0.00     0.00     0.00 -1  -1.4e-10      0.00 7.301e-01 2.697e-01 2.277e-05 2.312e-05 8.607e-05 -1.000 1.969e-04 -1.298 2.565 3.113 1.455 0.247 -0.266 -0.152 -0.224 -0.464 -0.992 -1.105 -1.262 -1.370 -1.578 -1.628 -1.907 -1.922 -2.106
0.0001957 -1.90000 9.30000 1.3901624680 2.5290075211    1.387  2.475  3.6996  1.856    3  0.000  0.353     0.00     0.00     0.00     0.00     0.00 -1 -1.66e-10      0.00 7.301e-01 2.697e-01 2.277e-05 2.313e-05 8.607e-05 -1.000 1.969e-04 -1.417 2.469 3.129 1.427 0.180 -0.342 -0.245 -0.322 -0.567 -1.104 -1.217 -1.377 -1.486 -1.695 -1.746 -2.028 -2.043 -2.229
0.0001957 -1.90000 9.30000 1.3904428482 2.5290350269    1.387  2.522  3.6975  1.800    3  0.000  0.353     4.47     3.58     2.62     1.97     1.60  4 -1.97e-10      0.00 7.301e-01 2.697e-01 2.276e-05 2.313e-05 8.607e-05 -1.000 1.969e-04 -1.535 2.369 3.143 1.399 0.115 -0.417 -0.337 -0.421 -0.671 -1.215 -1.330 -1.491 -1.601 -1.813 -1.864 -2.148 -2.163 -2.352
0.0001957 -1.90000 9.30000 1.3907005787 2.5290602996    1.387  2.569  3.6952  1.744    3  0.000  0.353     5.00     3.95     2.89     2.17     1.76  4 -2.34e-10      0.00 7.301e-01 2.697e-01 2.276e-05 2.313e-05 8.607e-05 -1.000 1.969e-04 -1.652 2.272 3.163 1.377 0.052 -0.489 -0.426 -0.516 -0.771 -1.324 -1.440 -1.603 -1.714 -1.928 -1.980 -2.267 -2.282 -2.473
0.0001957 -1.90000 9.30000 1.3909418583 2.5290839493    1.387  2.615  3.6930  1.689    3  0.000  0.353     5.60     4.37     3.18     2.40     1.95  4 -2.78e-10      0.00 7.301e-01 2.697e-01 2.276e-05 2.314e-05 8.607e-05 -1.000 1.969e-04 -1.769 2.173 3.184 1.354 -0.010 -0.561 -0.514 -0.611 -0.871 -1.433 -1.550 -1.715 -1.828 -2.043 -2.096 -2.386 -2.401 -2.594
0.0001957 -1.90000 9.30000 1.3911664486 2.5291059547    1.387  2.662  3.6908  1.633    3  0.000  0.353     6.28     4.83     3.50     2.64     2.15  4  -3.3e-10      0.00 7.301e-01 2.698e-01 2.276e-05 2.314e-05 8.607e-05 -1.000 1.969e-04 -1.885 2.075 3.205 1.332 -0.072 -0.633 -0.603 -0.706 -0.971 -1.542 -1.660 -1.827 -1.941 -2.158 -2.211 -2.504 -2.520 -2.715
0.0001957 -1.90000 9.30000 1.3913718462 2.5291260725    1.387  2.708  3.6885  1.578    3  0.000  0.352     7.02     5.34     3.84     2.91     2.36  4 -3.91e-10      0.00 7.300e-01 2.698e-01 2.275e-05 2.314e-05 8.607e-05 -1.000 1.969e-04 -2.000 1.978 3.235 1.319 -0.128 -0.699 -0.686 -0.796 -1.067 -1.648 -1.767 -1.936 -2.051 -2.271 -2.325 -2.620 -2.636 -2.834
0.0001957 -1.90000 9.30000 1.3915634155 2.5291448297    1.387  2.754  3.6863  1.523    3  0.000  0.352     7.86     5.90     4.23     3.20     2.60  4 -4.63e-10      0.00 7.300e-01 2.698e-01 2.275e-05 2.315e-05 8.607e-05 -1.000 1.969e-04 -2.115 1.879 3.264 1.306 -0.185 -0.765 -0.770 -0.887 -1.164 -1.754 -1.875 -2.046 -2.161 -2.383 -2.438 -2.736 -2.752 -2.953
0.0001957 -1.90000 9.30000 1.3917382956 2.5291619476    1.387  2.799  3.6839  1.468    3  0.000  0.352     8.78     6.51     4.65     3.53     2.87  4 -5.48e-10      0.00 7.300e-01 2.698e-01 2.275e-05 2.315e-05 8.607e-05 -1.000 1.969e-04 -2.228 1.784 3.277 1.328 -0.209 -0.802 -0.837 -0.967 -1.253 -1.858 -1.980 -2.154 -2.271 -2.496 -2.551 -2.852 -2.868 -3.071
0.0001957 -1.90000 9.30000 1.3919005394 2.5291778242    1.386  2.844  3.6816  1.414    3  0.000  0.352     9.81     7.18     5.10     3.88     3.15  4 -6.48e-10      0.00 7.300e-01 2.698e-01 2.275e-05 2.315e-05 8.607e-05 -1.000 1.969e-04 -2.340 1.689 3.285 1.362 -0.224 -0.829 -0.898 -1.043 -1.340 -1.961 -2.086 -2.262 -2.381 -2.608 -2.664 -2.968 -2.985 -3.190
0.0001957 -1.90000 9.30000 1.3920514584 2.5291925887    1.386  2.889  3.6792  1.360    3  0.000  0.352    10.97     7.92     5.60     4.27     3.47  4 -7.66e-10      0.00 7.300e-01 2.698e-01 2.274e-05 2.316e-05 8.607e-05 -1.000 1.969e-04 -2.452 1.596 3.307 1.413 -0.227 -0.845 -0.951 -1.112 -1.422 -2.062 -2.189 -2.369 -2.490 -2.720 -2.776 -3.084 -3.101 -3.309
0.0001957 -1.90000 9.30000 1.3921916485 2.5292063004    1.386  2.933  3.6769  1.306    3  0.000  0.352    12.24     8.73     6.15     4.69     3.81  4 -9.04e-10      0.00 7.300e-01 2.698e-01 2.274e-05 2.316e-05 8.607e-05 -1.000 1.969e-04 -2.564 1.502 3.328 1.464 -0.229 -0.859 -1.002 -1.180 -1.502 -2.161 -2.292 -2.475 -2.597 -2.831 -2.888 -3.198 -3.216 -3.426
0.0001957 -1.90000 9.30000 1.3923200369 2.5292188549    1.385  2.977  3.6745  1.252    3  0.000  0.352    13.66     9.62     6.75     5.15     4.19  3 -1.07e-09      0.00 7.300e-01 2.698e-01 2.274e-05 2.316e-05 8.607e-05 -1.000 1.969e-04 -2.673 1.412 3.366 1.537 -0.216 -0.857 -1.040 -1.238 -1.575 -2.257 -2.390 -2.577 -2.702 -2.939 -2.997 -3.311 -3.329 -3.543
0.0001957 -1.90000 9.30000 1.3924391270 2.5292304979    1.385  3.021  3.6722  1.200    3  0.000  0.352    15.20    10.58     7.39     5.65     4.60  3 -1.25e-09      0.00 7.300e-01 2.698e-01 2.274e-05 2.316e-05 8.607e-05 -1.000 1.969e-04 -2.782 1.322 3.400 1.603 -0.205 -0.857 -1.079 -1.296 -1.648 -2.352 -2.488 -2.679 -2.806 -3.047 -3.105 -3.423 -3.441 -3.658
0.0001957 -1.90000 9.30000 1.3925502300 2.5292413579    1.384  3.064  3.6696  1.146    3  0.000  0.352    16.96    11.66     8.10     6.21     5.05  3 -1.48e-09      0.00 7.300e-01 2.698e-01 2.274e-05 2.316e-05 8.607e-05 -1.000 1.969e-04 -2.889 1.234 3.458 1.701 -0.173 -0.836 -1.102 -1.341 -1.712 -2.443 -2.583 -2.778 -2.908 -3.153 -3.213 -3.535 -3.553 -3.773
0.0001957 -1.90000 9.30000 1.3926537037 2.5292514704    1.384  3.106  3.6673  1.094    3  0.000  0.352    18.86    12.81     8.87     6.80     5.53  3 -1.73e-09      0.00 7.300e-01 2.698e-01 2.274e-05 2.316e-05 8.607e-05 -1.000 1.969e-04 -2.996 1.146 3.505 1.787 -0.148 -0.819 -1.128 -1.389 -1.776 -2.532 -2.676 -2.876 -3.009 -3.257 -3.318 -3.644 -3.663 -3.885
0.0001957 -1.90000 9.30000 1.3927527666 2.5292611502    1.383  3.149  3.6647  1.040    3  0.000  0.352    21.03    14.11     9.72     7.47     6.08  3 -2.04e-09      0.00 7.300e-01 2.698e-01 2.274e-05 2.317e-05 8.607e-05 -1.000 1.969e-04 -3.103 1.060 3.572 1.902 -0.101 -0.782 -1.138 -1.424 -1.832 -2.619 -2.767 -2.972 -3.108 -3.361 -3.423 -3.754 -3.773 -3.999
0.0001957 -1.90000 9.30000 1.3928279877 2.5292684992    1.382  3.180  3.6629  1.002    3  0.000  0.352    22.74    15.12    10.39     7.98     6.50  3  -2.3e-09      0.00 7.300e-01 2.698e-01 2.274e-05 2.317e-05 8.607e-05 -1.000 1.969e-04 -3.181 0.997 3.619 1.983 -0.067 -0.754 -1.143 -1.448 -1.872 -2.681 -2.832 -3.042 -3.180 -3.437 -3.499 -3.834 -3.853 -4.081
0.0001957 -1.90000 9.30000 1.3928279877 2.5292684992    1.382  1.987  3.7718  2.631    4  0.000  0.354     0.00     0.00     0.00     0.00     0.00 -1    -1e-30      0.00 7.302e-01 2.696e-01 2.287e-05 2.299e-05 8.606e-05 -1.000 1.968e-04 -0.197 2.763 1.923 1.089 0.528 0.239 0.417 0.424 0.280 -0.052 -0.132 -0.240 -0.320 -0.469 -0.503 -0.705 -0.713 -0.833
0.0001957 -1.90000 9.30000 1.3929808140 2.5292834275    1.382  1.989  3.7699  2.621    4  0.000  0.354     0.00     0.00     0.00     0.00     0.00 -1    -1e-30      0.00 7.302e-01 2.696e-01 2.287e-05 2.300e-05 8.606e-05 -1.000 1.969e-04 -0.202 2.789 1.953 1.105 0.534 0.240 0.423 0.429 0.283 -0.053 -0.134 -0.243 -0.324 -0.475 -0.510 -0.714 -0.722 -0.843
0.0001957 -1.90000 9.30000 1.3935205936 2.5293361236    1.383  1.995  3.7645  2.594    4  0.000  0.354     0.00     0.00     0.00     0.00     0.00 -1    -1e-30      0.00 7.302e-01 2.696e-01 2.286e-05 2.301e-05 8.606e-05 -1.000 1.969e-04 -0.218 2.853 2.042 1.152 0.550 0.242 0.438 0.443 0.291 -0.058 -0.142 -0.255 -0.338 -0.493 -0.529 -0.739 -0.747 -0.873
0.0001957 -1.90000 9.30000 1.3940829039 2.5293909694    1.383  2.000  3.7620  2.579    4  0.000  0.354     0.00     0.00     0.00     0.00     0.00 -1    -1e-30      0.00 7.302e-01 2.696e-01 2.285e-05 2.301e-05 8.606e-05 -1.000 1.969e-04 -0.230 2.879 2.079 1.170 0.553 0.238 0.440 0.445 0.290 -0.065 -0.150 -0.264 -0.348 -0.506 -0.542 -0.755 -0.764 -0.892
0.0001957 -1.90000 9.30000 1.3946459293 2.5294458341    1.384  2.005  3.7614  2.572    4  0.000  0.354     0.00     0.00     0.00     0.00     0.00 -1    -1e-30      0.00 7.302e-01 2.696e-01 2.285e-05 2.302e-05 8.606e-05 -1.000 1.968e-04 -0.242 2.877 2.080 1.165 0.545 0.228 0.432 0.436 0.281 -0.076 -0.161 -0.276 -0.360 -0.518 -0.555 -0.768 -0.777 -0.905
0.0001957 -1.90000 9.30000 1.3952130079 2.5295010422    1.385  2.010  3.7621  2.570    4  0.000  0.354     0.00     0.00     0.00     0.00     0.00 -1    -1e-30      0.00 7.302e-01 2.696e-01 2.284e-05 2.303e-05 8.606e-05 -1.000 1.969e-04 -0.254 2.854 2.055 1.146 0.529 0.214 0.415 0.419 0.264 -0.091 -0.175 -0.289 -0.373 -0.531 -0.567 -0.780 -0.788 -0.916
0.0001957 -1.90000 9.30000 1.3957797289 2.5295561639    1.385  2.015  3.7635  2.571    4  0.000  0.354     0.00     0.00     0.00     0.00     0.00 -1    -1e-30      0.00 7.301e-01 2.697e-01 2.283e-05 2.304e-05 8.606e-05 -1.000 1.969e-04 -0.267 2.821 2.017 1.118 0.509 0.199 0.394 0.399 0.245 -0.106 -0.190 -0.303 -0.387 -0.543 -0.579 -0.790 -0.799 -0.925
0.0001957 -1.90000 9.30000 1.3963408470 2.5296106900    1.386  2.020  3.7650  2.572    4  0.000  0.354     0.00     0.00     0.00     0.00     0.00 -1    -1e-30      0.00 7.301e-01 2.697e-01 2.282e-05 2.305e-05 8.606e-05 -1.000 1.968e-04 -0.279 2.787 1.976 1.090 0.490 0.183 0.373 0.378 0.226 -0.121 -0.205 -0.317 -0.399 -0.554 -0.590 -0.800 -0.808 -0.933
0.0001957 -1.90000 9.30000 1.3969147205 2.5296664035    1.386  2.024  3.7667  2.574    4  0.000  0.353     0.00     0.00     0.00     0.00     0.00 -1    -1e-30      0.00 7.301e-01 2.697e-01 2.282e-05 2.306e-05 8.606e-05 -1.000 1.969e-04 -0.291 2.752 1.934 1.060 0.469 0.167 0.351 0.356 0.207 -0.137 -0.219 -0.330 -0.412 -0.566 -0.601 -0.809 -0.817 -0.941
0.0001957 -1.90000 9.30000 1.3974595070 2.5297192444    1.387  2.029  3.7682  2.576    4  0.000  0.353     0.00     0.00     0.00     0.00     0.00 -1    -1e-30      0.00 7.301e-01 2.697e-01 2.281e-05 2.307e-05 8.606e-05 -1.000 1.969e-04 -0.302 2.718 1.894 1.032 0.450 0.152 0.331 0.336 0.188 -0.152 -0.233 -0.343 -0.424 -0.577 -0.611 -0.818 -0.826 -0.948
0.0001957 -1.90000 9.30000 1.3979941607 2.5297710565    1.388  2.033  3.7698  2.578    4  0.000  0.353     0.00     0.00     0.00     0.00     0.00 -1    -1e-30      0.00 7.301e-01 2.697e-01 2.280e-05 2.308e-05 8.606e-05 -1.000 1.969e-04 -0.313 2.684 1.853 1.004 0.431 0.137 0.310 0.316 0.170 -0.166 -0.247 -0.355 -0.436 -0.587 -0.621 -0.826 -0.834 -0.955
0.0001957 -1.90000 9.30000 1.3985328674 2.5298232153    1.388  2.037  3.7714  2.581    4  0.000  0.353     0.00     0.00     0.00     0.00     0.00 -1    -1e-30      0.00 7.301e-01 2.697e-01 2.280e-05 2.309e-05 8.606e-05 -1.000 1.969e-04 -0.324 2.650 1.816 0.978 0.413 0.122 0.290 0.296 0.152 -0.180 -0.260 -0.368 -0.448 -0.597 -0.631 -0.834 -0.842 -0.962
0.0001957 -1.90000 9.30000 1.3991283178 2.5298808144    1.389  2.042  3.7733  2.583    4  0.000  0.353     0.00     0.00     0.00     0.00     0.00 -1    -1e-30      0.00 7.301e-01 2.697e-01 2.279e-05 2.310e-05 8.606e-05 -1.000 1.970e-04 -0.335 2.611 1.774 0.949 0.392 0.105 0.268 0.274 0.132 -0.195 -0.275 -0.381 -0.460 -0.608 -0.642 -0.842 -0.850 -0.969
0.0001957 -1.90000 9.30000 1.3997083902 2.5299368717    1.389  2.047  3.7752  2.587    4  0.000  0.353     0.00     0.00     0.00     0.00     0.00 -1    -1e-30      0.00 7.301e-01 2.697e-01 2.278e-05 2.311e-05 8.606e-05 -1.000 1.969e-04 -0.347 2.571 1.731 0.919 0.372 0.089 0.246 0.252 0.112 -0.211 -0.289 -0.394 -0.473 -0.619 -0.652 -0.850 -0.858 -0.975
0.0001957 -1.90000 9.30000 1.4002804756 2.5299921049    1.390  2.051  3.7772  2.591    4  0.000  0.353     0.00     0.00     0.00     0.00     0.00 -1    -1e-30      0.00 7.301e-01 2.697e-01 2.277e-05 2.312e-05 8.607e-05 -1.000 1.969e-04 -0.357 2.531 1.686 0.888 0.351 0.072 0.223 0.230 0.092 -0.226 -0.303 -0.407 -0.484 -0.629 -0.662 -0.858 -0.865 -0.980
0.0001957 -1.90000 9.30000 1.4008392096 2.5300459990    1.391  2.055  3.7793  2.595    4  0.000  0.353     0.00     0.00     0.00     0.00     0.00 -1    -1e-30      0.00 7.301e-01 2.697e-01 2.277e-05 2.313e-05 8.607e-05 -1.000 1.969e-04 -0.368 2.490 1.640 0.857 0.331 0.056 0.201 0.208 0.072 -0.241 -0.317 -0.419 -0.496 -0.639 -0.671 -0.864 -0.872 -0.985
0.0001957 -1.90000 9.30000 1.4013800621 2.5300981212    1.391  2.059  3.7814  2.600    4  0.000  0.353     0.00     0.00     0.00     0.00     0.00 -1    -1e-30      0.00 7.301e-01 2.697e-01 2.276e-05 2.314e-05 8.607e-05 -1.000 1.970e-04 -0.378 2.451 1.599 0.830 0.313 0.043 0.179 0.187 0.053 -0.255 -0.330 -0.431 -0.507 -0.648 -0.680 -0.871 -0.878 -0.990
0.0001957 -1.90000 9.30000 1.4016315937 2.5301223456    1.391  2.061  3.7824  2.602    4  0.000  0.353     0.00     0.00     0.00     0.00     0.00 -1    -1e-30      0.00 7.301e-01 2.698e-01 2.276e-05 2.314e-05 8.607e-05 -1.000 1.969e-04 -0.383 2.434 1.582 0.818 0.305 0.037 0.170 0.177 0.044 -0.261 -0.337 -0.437 -0.512 -0.652 -0.684 -0.874 -0.881 -0.992
0.0001957 -1.90000 9.30000 1.4018239975 2.5301408689    1.392  2.062  3.7831  2.604    4  0.000  0.352     0.00     0.00     0.00     0.00     0.00 -1    -1e-30      0.00 7.300e-01 2.698e-01 2.275e-05 2.314e-05 8.607e-05 -1.000 1.969e-04 -0.386 2.421 1.568 0.809 0.299 0.033 0.162 0.169 0.037 -0.267 -0.341 -0.441 -0.516 -0.655 -0.687 -0.876 -0.883 -0.994
0.0001957 -1.90000 9.30000 1.4024083614 2.5301970914    1.392  2.067  3.7854  2.609    4  0.000  0.352     0.00     0.00     0.00     0.00     0.00 -1    -1e-30      0.00 7.300e-01 2.698e-01 2.275e-05 2.315e-05 8.607e-05 -1.000 1.968e-04 -0.397 2.380 1.527 0.782 0.281 0.020 0.139 0.146 0.016 -0.282 -0.355 -0.453 -0.527 -0.665 -0.696 -0.882 -0.889 -0.998
0.0001957 -1.90000 9.30000 1.4029619694 2.5302503051    1.393  2.071  3.7876  2.614    4  0.000  0.352     0.00     0.00     0.00     0.00     0.00 -1    -1e-30      0.00 7.300e-01 2.698e-01 2.274e-05 2.316e-05 8.607e-05 -1.000 1.968e-04 -0.406 2.342 1.488 0.756 0.265 0.008 0.118 0.125 -0.003 -0.296 -0.369 -0.465 -0.538 -0.673 -0.704 -0.888 -0.895 -1.002
0.0001957 -1.90000 9.30000 1.4035505056 2.5303068232    1.393  2.075  3.7897  2.618    4  0.000  0.352     0.00     0.00     0.00     0.00     0.00 -1    -1e-30      0.00 7.300e-01 2.698e-01 2.273e-05 2.317e-05 8.607e-05 -1.000 1.968e-04 -0.417 2.304 1.449 0.730 0.248 -0.004 0.097 0.103 -0.023 -0.311 -0.382 -0.477 -0.549 -0.683 -0.713 -0.895 -0.901 -1.007
0.0001957 -1.90000 9.30000 1.4041255713 2.5303619951    1.394  2.079  3.7915  2.621    4  0.000  0.352     0.00     0.00     0.00     0.00     0.00 -1    -1e-30      0.00 7.300e-01 2.698e-01 2.272e-05 2.318e-05 8.607e-05 -1.000 1.968e-04 -0.427 2.271 1.416 0.708 0.233 -0.016 0.077 0.083 -0.041 -0.324 -0.395 -0.489 -0.560 -0.692 -0.721 -0.901 -0.908 -1.012
0.0001957 -1.90000 9.30000 1.4047298431 2.5304199131    1.395  2.083  3.7930  2.624    4  0.000  0.352     0.00     0.00     0.00     0.00     0.00 -1    -1e-30      0.00 7.300e-01 2.698e-01 2.272e-05 2.319e-05 8.607e-05 -1.000 1.969e-04 -0.437 2.241 1.387 0.687 0.218 -0.027 0.059 0.064 -0.058 -0.338 -0.408 -0.500 -0.571 -0.702 -0.731 -0.909 -0.915 -1.019
0.0001957 -1.90000 9.30000 1.4053320885 2.5304775799    1.395  2.087  3.7941  2.624    4  0.000  0.352     0.00     0.00     0.00     0.00     0.00 -1    -1e-30      0.00 7.300e-01 2.698e-01 2.271e-05 2.320e-05 8.607e-05 -1.000 1.968e-04 -0.448 2.217 1.363 0.670 0.205 -0.038 0.042 0.048 -0.073 -0.351 -0.420 -0.512 -0.582 -0.712 -0.741 -0.918 -0.924 -1.027
0.0001957 -1.90000 9.30000 1.4056489468 2.5305078972    1.396  2.089  3.7945  2.623    4  0.000  0.352     0.00     0.00     0.00     0.00     0.00 -1    -1e-30      0.00 7.300e-01 2.698e-01 2.270e-05 2.321e-05 8.607e-05 -1.000 1.969e-04 -0.454 2.207 1.353 0.662 0.199 -0.043 0.035 0.040 -0.081 -0.358 -0.427 -0.518 -0.588 -0.717 -0.746 -0.922 -0.929 -1.031
0.0001957 -1.90000 9.30000 1.4057650566 2.5305190028    1.396  2.090  3.7945  2.623    4  0.000  0.352     0.00     0.00     0.00     0.00     0.00 -1    -1e-30      0.00 7.300e-01 2.698e-01 2.270e-05 2.321e-05 8.607e-05 -1.000 1.969e-04 -0.456 2.204 1.351 0.660 0.197 -0.045 0.032 0.037 -0.083 -0.360 -0.429 -0.520 -0.590 -0.719 -0.748 -0.924 -0.931 -1.033
0.0001957 -1.90000 9.30000 1.4063861370 2.5305783715    1.396  2.095  3.7944  2.618    4  0.000  0.352     0.00     0.00     0.00     0.00     0.00 -1    -1e-30      0.00 7.300e-01 2.698e-01 2.269e-05 2.322e-05 8.607e-05 -1.000 1.968e-04 -0.467 2.196 1.343 0.651 0.187 -0.055 0.022 0.026 -0.094 -0.371 -0.440 -0.532 -0.601 -0.731 -0.760 -0.936 -0.943 -1.045
0.0001957 -1.90000 9.30000 1.4070153236 2.5306384536    1.397  2.099  3.7934  2.609    4  0.000  0.351     0.00     0.00     0.00     0.00     0.00 -1    -1e-30      0.00 7.300e-01 2.698e-01 2.269e-05 2.323e-05 8.607e-05 -1.000 1.969e-04 -0.479 2.200 1.347 0.649 0.180 -0.065 0.015 0.020 -0.102 -0.381 -0.451 -0.543 -0.613 -0.743 -0.772 -0.950 -0.956 -1.060
0.0001957 -1.90000 9.30000 1.4076297283 2.5306970646    1.398  2.104  3.7912  2.596    4  0.000  0.351     0.00     0.00     0.00     0.00     0.00 -1    -1e-30      0.00 7.300e-01 2.699e-01 2.268e-05 2.324e-05 8.607e-05 -1.000 1.970e-04 -0.491 2.217 1.364 0.653 0.175 -0.074 0.014 0.019 -0.105 -0.389 -0.460 -0.553 -0.624 -0.756 -0.786 -0.966 -0.973 -1.077
0.0001957 -1.90000 9.30000 1.4082584381 2.5307569793    1.398  2.109  3.7879  2.578    4  0.000  0.351     0.00     0.00     0.00     0.00     0.00 -1    -1e-30      0.00 7.299e-01 2.699e-01 2.267e-05 2.325e-05 8.607e-05 -1.000 1.968e-04 -0.503 2.250 1.399 0.667 0.175 -0.082 0.018 0.023 -0.104 -0.395 -0.468 -0.564 -0.636 -0.771 -0.802 -0.985 -0.992 -1.099
0.0001957 -1.90000 9.30000 1.4088714123 2.5308153353    1.399  2.115  3.7837  2.556    4  0.000  0.351     0.00     0.00     0.00     0.00     0.00 -1    -1e-30      0.00 7.299e-01 2.699e-01 2.266e-05 2.326e-05 8.607e-05 -1.000 1.969e-04 -0.517 2.293 1.446 0.688 0.177 -0.088 0.026 0.032 -0.099 -0.401 -0.475 -0.574 -0.648 -0.787 -0.818 -1.006 -1.013 -1.124
0.0001957 -1.90000 9.30000 1.4094874859 2.5308739275    1.400  2.120  3.7794  2.533    4  0.000  0.351     0.00     0.00     0.00     0.00     0.00 -1    -1e-30      0.00 7.299e-01 2.699e-01 2.265e-05 2.327e-05 8.607e-05 -1.000 1.968e-04 -0.531 2.338 1.495 0.710 0.180 -0.095 0.035 0.041 -0.095 -0.406 -0.482 -0.584 -0.661 -0.803 -0.835 -1.028 -1.035 -1.149
0.0001957 -1.90000 9.30000 1.4099858999 2.5309212865    1.400  2.125  3.7756  2.514    4  0.000  0.351     0.00     0.00     0.00     0.00     0.00 -1    -1e-30      0.00 7.299e-01 2.699e-01 2.265e-05 2.328e-05 8.607e-05 -1.000 1.969e-04 -0.542 2.383 1.551 0.738 0.189 -0.094 0.045 0.050 -0.089 -0.410 -0.488 -0.592 -0.670 -0.816 -0.849 -1.046 -1.054 -1.171
0.0001957 -1.90000 9.30000 1.4101293087 2.5309349060    1.400  2.126  3.7745  2.508    4  0.000  0.351     0.00     0.00     0.00     0.00     0.00 -1    -1e-30      0.00 7.299e-01 2.699e-01 2.265e-05 2.328e-05 8.607e-05 -1.000 1.968e-04 -0.545 2.396 1.566 0.746 0.192 -0.094 0.048 0.053 -0.088 -0.411 -0.489 -0.595 -0.673 -0.820 -0.853 -1.051 -1.059 -1.177
0.0001957 -1.90000 9.30000 1.4107766151 2.5309963408    1.401  2.133  3.7684  2.477    4  0.000  0.351     0.00     0.00     0.00     0.00     0.00 -1    -1e-30      0.00 7.299e-01 2.699e-01 2.264e-05 2.329e-05 8.607e-05 -1.000 1.968e-04 -0.563 2.471 1.660 0.795 0.208 -0.091 0.065 0.068 -0.079 -0.416 -0.498 -0.607 -0.688 -0.840 -0.874 -1.080 -1.088 -1.211
0.0001957 -1.90000 9.30000 1.4112645388 2.5310426061    1.402  2.132  3.7765  2.510    4  0.000  0.351     0.00     0.00     0.00     0.00     0.00 -1    -1e-30      0.00 7.299e-01 2.699e-01 2.263e-05 2.330e-05 8.607e-05 -1.000 1.968e-04 -0.561 2.352 1.518 0.712 0.167 -0.114 0.020 0.025 -0.113 -0.431 -0.509 -0.612 -0.690 -0.835 -0.868 -1.064 -1.071 -1.188
0.0001957 -1.90000 9.30000 1.4116582870 2.5310799147    1.402  2.139  3.7668  2.465    4  0.000  0.351     0.00     0.00     0.00     0.00     0.00 -1    -1e-30      0.00 7.299e-01 2.699e-01 2.263e-05 2.331e-05 8.607e-05 -1.000 1.968e-04 -0.577 2.481 1.678 0.801 0.204 -0.099 0.060 0.063 -0.086 -0.427 -0.509 -0.620 -0.701 -0.854 -0.889 -1.097 -1.105 -1.229
0.0001957 -1.90000 9.30000 1.4119910002 2.5311114215    1.402  2.146  3.7588  2.426    4  0.000  0.350     0.00     0.00     0.00     0.00     0.00 -1    -1e-30      0.00 7.299e-01 2.699e-01 2.262e-05 2.331e-05 8.607e-05 -1.000 1.969e-04 -0.594 2.582 1.825 0.882 0.236 -0.089 0.092 0.092 -0.065 -0.427 -0.513 -0.629 -0.714 -0.874 -0.911 -1.127 -1.136 -1.267
0.0001957 -1.90000 9.30000 1.4121440649 2.5311259105    1.403  2.149  3.7545  2.406    4  0.000  0.350     0.00     0.00     0.00     0.00     0.00 -1    -1e-30      0.00 7.299e-01 2.699e-01 2.262e-05 2.331e-05 8.607e-05 -1.000 1.969e-04 -0.603 2.633 1.912 0.931 0.257 -0.080 0.109 0.108 -0.055 -0.427 -0.515 -0.634 -0.721 -0.884 -0.922 -1.143 -1.152 -1.287
0.0001957 -1.90000 9.30000 1.4122340679 2.5311344284    1.403  2.152  3.7518  2.392    4  0.000  0.350     0.00     0.00     0.00     0.00     0.00 -1    -1e-30      0.00 7.299e-01 2.699e-01 2.262e-05 2.332e-05 8.607e-05 -1.000 1.969e-04 -0.610 2.665 1.966 0.961 0.270 -0.075 0.120 0.118 -0.048 -0.427 -0.516 -0.637 -0.725 -0.891 -0.929 -1.153 -1.162 -1.299
0.0001957 -1.90000 9.30000 1.4123271704 2.5311432383    1.403  2.154  3.7490  2.379    4  0.000  0.350     0.00     0.00     0.00     0.00     0.00 -1    -1e-30      0.00 7.299e-01 2.699e-01 2.262e-05 2.332e-05 8.607e-05 -1.000 1.968e-04 -0.616 2.696 2.024 0.994 0.284 -0.068 0.132 0.128 -0.041 -0.428 -0.518 -0.641 -0.730 -0.898 -0.937 -1.164 -1.173 -1.313
0.0001957 -1.90000 9.30000 1.4124292135 2.5311528927    1.403  2.157  3.7458  2.363    4  0.000  0.350     0.00     0.00     0.00     0.00     0.00 -1    -1e-30      0.00 7.299e-01 2.699e-01 2.262e-05 2.332e-05 8.607e-05 -1.000 1.970e-04 -0.624 2.731 2.095 1.035 0.302 -0.059 0.145 0.139 -0.033 -0.428 -0.520 -0.645 -0.735 -0.906 -0.946 -1.176 -1.186 -1.328
0.0001957 -1.90000 9.30000 1.4125516415 2.5311644737    1.403  2.163  3.7410  2.338    4  0.000  0.350     0.00     0.00     0.00     0.00     0.00 -1    -1e-30      0.00 7.299e-01 2.699e-01 2.262e-05 2.332e-05 8.607e-05 -1.000 1.969e-04 -0.637 2.781 2.201 1.096 0.327 -0.048 0.164 0.155 -0.023 -0.430 -0.524 -0.653 -0.745 -0.920 -0.960 -1.196 -1.206 -1.353
0.0001957 -1.90000 9.30000 1.4126738310 2.5311760298    1.403  2.168  3.7361  2.313    4  0.000  0.350     0.00     0.00     0.00     0.00     0.00 -1    -1e-30      0.00 7.299e-01 2.699e-01 2.262e-05 2.332e-05 8.607e-05 -1.000 1.970e-04 -0.650 2.834 2.343 1.180 0.368 -0.023 0.187 0.173 -0.012 -0.433 -0.529 -0.661 -0.755 -0.934 -0.976 -1.217 -1.228 -1.379
0.0001957 -1.90000 9.30000 1.4127652645 2.5311846756    1.403  2.183  3.7289  2.270    4  0.000  0.350     0.00     0.00     0.00     0.00     0.00 -1    -1e-30      0.00 7.299e-01 2.699e-01 2.261e-05 2.332e-05 8.607e-05 -1.000 1.969e-04 -0.686 2.891 2.545 1.297 0.417 0.002 0.205 0.183 -0.012 -0.453 -0.552 -0.689 -0.786 -0.971 -1.015 -1.263 -1.275 -1.432
0.0001957 -1.90000 9.30000 1.4128035307 2.5311882936    1.403  2.200  3.7245  2.235    4  0.000  0.350     0.00     0.00     0.00     0.00     0.00 -1    -1e-30      0.00 7.299e-01 2.699e-01 2.261e-05 2.332e-05 8.607e-05 -1.000 1.969e-04 -0.730 2.900 2.668 1.360 0.433 0.003 0.199 0.170 -0.031 -0.486 -0.587 -0.728 -0.827 -1.015 -1.059 -1.313 -1.325 -1.487
0.0001957 -1.90000 9.30000 1.4128036499 2.5311883049    1.403  2.200  3.7244  2.235    7  0.000  0.350     0.00     0.00     0.00     0.00     0.00 -1    -1e-30      0.00 7.299e-01 2.699e-01 2.261e-05 2.332e-05 8.607e-05 -1.000 1.968e-04 -0.731 2.900 2.669 1.360 0.433 0.003 0.199 0.170 -0.032 -0.486 -0.588 -0.728 -0.827 -1.015 -1.060 -1.313 -1.325 -1.487
0.0001957 -1.90000 9.30000 1.4128135443 2.5311892403    1.403  2.227  3.7217  2.198    7  0.000  0.350     0.00     0.00     0.00     0.00     0.00 -1    -1e-30      0.00 7.299e-01 2.699e-01 2.261e-05 2.332e-05 8.607e-05 -1.000 1.969e-04 -0.796 2.867 2.707 1.362 0.406 -0.033 0.155 0.122 -0.083 -0.546 -0.648 -0.791 -0.891 -1.081 -1.126 -1.383 -1.395 -1.559
0.0001957 -1.90000 9.30000 1.4128239155 2.5311902209    1.403  2.267  3.7186  2.145    7  0.000  0.350     0.00     0.00     0.00     0.00     0.00 -1    -1e-30      0.00 7.299e-01 2.699e-01 2.261e-05 2.332e-05 8.607e-05 -1.000 1.968e-04 -0.897 2.802 2.735 1.346 0.354 -0.097 0.081 0.043 -0.168 -0.639 -0.744 -0.888 -0.989 -1.182 -1.228 -1.488 -1.500 -1.668
0.0001957 -1.90000 9.30000 1.4128375053 2.5311915057    1.403  2.312  3.7157  2.089    7  0.000  0.350     0.00     0.00     0.00     0.00     0.00 -1    -1e-30      0.00 7.299e-01 2.699e-01 2.261e-05 2.332e-05 8.607e-05 -1.000 1.969e-04 -1.009 2.721 2.751 1.318 0.291 -0.170 -0.004 -0.048 -0.263 -0.744 -0.849 -0.995 -1.098 -1.293 -1.340 -1.603 -1.616 -1.786
0.0001957 -1.90000 9.30000 1.4128885269 2.5311963291    1.403  2.284  3.7180  2.125    7  0.000  0.350     0.00     0.00     0.00     0.00     0.00 -1    -1e-30      0.00 7.299e-01 2.699e-01 2.261e-05 2.333e-05 8.607e-05 -1.000 1.969e-04 -0.941 2.766 2.723 1.323 0.323 -0.130 0.044 0.004 -0.207 -0.681 -0.785 -0.930 -1.032 -1.225 -1.271 -1.532 -1.545 -1.713
0.0001957 -1.90000 9.30000 1.4131348133 2.5312196065    1.404  2.307  3.7159  2.094    7  0.000  0.350     0.00     0.00     0.00     0.00     0.00 -1    -1e-30      0.00 7.299e-01 2.699e-01 2.261e-05 2.333e-05 8.607e-05 -1.000 1.968e-04 -0.997 2.731 2.753 1.324 0.299 -0.161 0.006 -0.037 -0.252 -0.732 -0.837 -0.984 -1.086 -1.281 -1.328 -1.590 -1.603 -1.773
0.0001957 -1.90000 9.30000 1.4133009911 2.5312353073    1.404  2.350  3.7130  2.039    7  0.000  0.350     0.00     0.00     0.00     0.00     0.00 -1    -1e-30      0.00 7.299e-01 2.699e-01 2.261e-05 2.333e-05 8.607e-05 -1.000 1.968e-04 -1.106 2.653 2.774 1.300 0.240 -0.231 -0.076 -0.124 -0.344 -0.833 -0.940 -1.088 -1.192 -1.389 -1.437 -1.703 -1.716 -1.889
0.0001957 -1.90000 9.30000 1.4134205580 2.5312466016    1.404  2.395  3.7102  1.983    7  0.000  0.350     0.00     0.00     0.00     0.00     0.00 -1    -1e-30      0.00 7.299e-01 2.699e-01 2.261e-05 2.333e-05 8.607e-05 -1.000 1.969e-04 -1.218 2.571 2.792 1.273 0.177 -0.304 -0.161 -0.215 -0.439 -0.938 -1.046 -1.197 -1.301 -1.501 -1.549 -1.819 -1.832 -2.007
0.0001957 -1.90000 9.30000 1.4134929180 2.5312534356    1.404  2.436  3.7078  1.932    7  0.000  0.350     0.00     0.00     0.00     0.00     0.00 -1    -1e-30      0.00 7.299e-01 2.699e-01 2.261e-05 2.333e-05 8.607e-05 -1.000 1.969e-04 -1.321 2.493 2.824 1.260 0.126 -0.366 -0.238 -0.298 -0.527 -1.034 -1.143 -1.296 -1.402 -1.604 -1.653 -1.925 -1.939 -2.116
0.0001957 -1.90000 9.30000 1.4135777950 2.5312614508    1.404  2.482  3.7052  1.876    7  0.000  0.350     0.00     0.00     0.00     0.00     0.00 -1    -1e-30      0.00 7.299e-01 2.699e-01 2.261e-05 2.334e-05 8.607e-05 -1.000 1.968e-04 -1.435 2.404 2.855 1.243 0.068 -0.435 -0.323 -0.390 -0.624 -1.141 -1.251 -1.406 -1.513 -1.717 -1.767 -2.042 -2.056 -2.236
0.0001957 -1.90000 9.30000 1.4136646986 2.5312696563    1.404  2.521  3.7031  1.829    7  0.000  0.350     4.23     3.40     2.50     1.88     1.52  4    -1e-30      0.00 7.299e-01 2.699e-01 2.260e-05 2.334e-05 8.607e-05 -1.000 1.969e-04 -1.532 2.329 2.880 1.228 0.018 -0.494 -0.396 -0.468 -0.706 -1.231 -1.342 -1.499 -1.607 -1.813 -1.863 -2.141 -2.155 -2.337
0.0001957 -1.90000 9.30000 1.4137529135 2.5312779843    1.404  2.561  3.7009  1.780    7  0.000  0.350     4.67     3.72     2.72     2.05     1.66  4    -1e-30      0.00 7.299e-01 2.699e-01 2.259e-05 2.334e-05 8.607e-05 -1.000 1.969e-04 -1.632 2.249 2.905 1.212 -0.034 -0.555 -0.472 -0.549 -0.792 -1.325 -1.437 -1.596 -1.705 -1.913 -1.963 -2.244 -2.258 -2.443
0.0001957 -1.90000 9.30000 1.4138331413 2.5312855573    1.404  2.601  3.6987  1.731    7  0.000  0.350     5.17     4.06     2.96     2.23     1.81  4    -1e-30      0.00 7.299e-01 2.699e-01 2.257e-05 2.336e-05 8.607e-05 -1.000 1.971e-04 -1.733 2.168 2.932 1.198 -0.085 -0.616 -0.547 -0.630 -0.878 -1.419 -1.533 -1.693 -1.803 -2.013 -2.064 -2.347 -2.361 -2.549
0.0001957 -1.90000 9.30000 1.4139076471 2.5312925893    1.404  2.642  3.6966  1.682    7  0.000  0.348     5.71     4.44     3.22     2.43     1.97  4    -1e-30      0.00 7.299e-01 2.699e-01 2.244e-05 2.344e-05 8.607e-05 -1.000 1.969e-04 -1.834 2.085 2.962 1.187 -0.135 -0.674 -0.621 -0.711 -0.963 -1.512 -1.627 -1.790 -1.900 -2.112 -2.164 -2.450 -2.465 -2.654
0.0001957 -1.90000 9.30000 1.4139766693 2.5312991030    1.404  2.682  3.6944  1.633    7  0.000  0.343     6.32     4.85     3.51     2.65     2.15  4    -1e-30      0.00 7.299e-01 2.699e-01 2.215e-05 2.376e-05 8.607e-05 -1.000 1.969e-04 -1.936 2.001 2.992 1.175 -0.184 -0.733 -0.695 -0.791 -1.049 -1.606 -1.723 -1.887 -1.999 -2.213 -2.265 -2.553 -2.568 -2.760
0.0001957 -1.90000 9.30000 1.4140399694 2.5313050760    1.405  2.723  3.6922  1.583    7  0.000  0.338     6.99     5.31     3.82     2.89     2.35  4    -1e-30      0.00 7.299e-01 2.699e-01 2.179e-05 2.419e-05 8.607e-05 -1.000 1.969e-04 -2.038 1.916 3.023 1.165 -0.234 -0.792 -0.769 -0.871 -1.134 -1.701 -1.818 -1.984 -2.097 -2.313 -2.366 -2.657 -2.672 -2.867
0.0001957 -1.90000 9.30000 1.4140980244 2.5313105535    1.405  2.764  3.6900  1.533    7  0.000  0.333     7.74     5.81     4.17     3.16     2.57  4    -1e-30      0.00 7.299e-01 2.699e-01 2.147e-05 2.458e-05 8.606e-05 -1.000 1.968e-04 -2.141 1.831 3.053 1.154 -0.284 -0.852 -0.843 -0.952 -1.220 -1.795 -1.914 -2.082 -2.196 -2.414 -2.468 -2.761 -2.777 -2.974
0.0001957 -1.90000 9.30000 1.4141496420 2.5313154233    1.405  2.805  3.6877  1.483    7  0.000  0.328     8.57     6.36     4.55     3.45     2.80  4    -1e-30      0.00 7.298e-01 2.700e-01 2.120e-05 2.492e-05 8.605e-05 -1.000 1.969e-04 -2.244 1.744 3.096 1.154 -0.327 -0.905 -0.914 -1.030 -1.303 -1.889 -2.009 -2.179 -2.294 -2.514 -2.569 -2.865 -2.881 -3.080
0.0001957 -1.90000 9.30000 1.4141961336 2.5313198091    1.405  2.846  3.6854  1.433    7  0.000  0.325     9.48     6.96     4.95     3.76     3.06  4    -1e-30      0.00 7.298e-01 2.700e-01 2.097e-05 2.521e-05 8.604e-05 -1.000 1.969e-04 -2.345 1.660 3.137 1.164 -0.363 -0.950 -0.980 -1.104 -1.384 -1.980 -2.102 -2.274 -2.390 -2.613 -2.668 -2.967 -2.984 -3.185
0.0001957 -1.90000 9.30000 1.4142410755 2.5313240484    1.405  2.886  3.6831  1.384    7  0.000  0.322    10.49     7.61     5.39     4.10     3.34  4    -1e-30      0.00 7.297e-01 2.701e-01 2.078e-05 2.546e-05 8.601e-05 -1.000 1.968e-04 -2.446 1.576 3.151 1.204 -0.369 -0.970 -1.032 -1.170 -1.460 -2.072 -2.196 -2.371 -2.489 -2.714 -2.770 -3.072 -3.089 -3.293
0.0001957 -1.90000 9.30000 1.4142839909 2.5313280962    1.405  2.927  3.6808  1.334    7  0.000  0.320    11.61     8.33     5.88     4.48     3.64  4    -1e-30      0.00 7.297e-01 2.701e-01 2.061e-05 2.569e-05 8.596e-05 -1.000 1.968e-04 -2.547 1.492 3.172 1.251 -0.371 -0.984 -1.079 -1.232 -1.534 -2.164 -2.290 -2.468 -2.588 -2.816 -2.872 -3.177 -3.194 -3.401
0.0001957 -1.90000 9.30000 1.4143249989 2.5313319639    1.405  2.967  3.6785  1.284    7  0.000  0.318    12.86     9.12     6.41     4.89     3.98  3    -1e-30      0.00 7.296e-01 2.702e-01 2.046e-05 2.593e-05 8.586e-05 -1.000 1.969e-04 -2.648 1.409 3.201 1.311 -0.363 -0.988 -1.120 -1.290 -1.605 -2.254 -2.382 -2.564 -2.685 -2.917 -2.974 -3.282 -3.299 -3.509
0.0001957 -1.90000 9.30000 1.4143646955 2.5313357076    1.405  3.008  3.6761  1.234    7  0.000  0.316    14.24     9.98     6.98     5.33     4.34  3    -1e-30      0.00 7.295e-01 2.703e-01 2.032e-05 2.622e-05 8.570e-05 -1.000 1.969e-04 -2.750 1.325 3.235 1.378 -0.351 -0.987 -1.156 -1.344 -1.673 -2.342 -2.474 -2.659 -2.783 -3.017 -3.075 -3.387 -3.404 -3.616
0.0001957 -1.90000 9.30000 1.4144034386 2.5313393612    1.405  3.048  3.6737  1.184    7  0.000  0.315    15.77    10.92     7.62     5.82     4.74  3    -1e-30      0.00 7.295e-01 2.703e-01 2.020e-05 2.656e-05 8.548e-05 -1.000 1.968e-04 -2.851 1.243 3.279 1.457 -0.330 -0.977 -1.186 -1.393 -1.737 -2.429 -2.564 -2.753 -2.879 -3.117 -3.176 -3.492 -3.509 -3.724
0.0001957 -1.90000 9.30000 1.4144420624 2.5313430033    1.405  3.089  3.6713  1.134    7  0.000  0.315    17.46    11.96     8.30     6.36     5.17  3    -1e-30      0.00 7.294e-01 2.704e-01 2.011e-05 2.691e-05 8.519e-05 -1.000 1.969e-04 -2.952 1.161 3.331 1.544 -0.302 -0.959 -1.209 -1.437 -1.798 -2.515 -2.653 -2.846 -2.975 -3.217 -3.276 -3.596 -3.614 -3.832
0.0001957 -1.90000 9.30000 1.4144812822 2.5313467014    1.405  3.129  3.6688  1.084    7  0.000  0.314    19.35    13.09     9.06     6.94     5.65  3    -1e-30      0.00 7.293e-01 2.705e-01 2.003e-05 2.727e-05 8.490e-05 -1.000 1.969e-04 -3.053 1.080 3.389 1.644 -0.266 -0.933 -1.226 -1.476 -1.855 -2.598 -2.740 -2.938 -3.069 -3.316 -3.376 -3.700 -3.719 -3.939
0.0001957 -1.90000 9.30000 1.4145205021 2.5313503992    1.405  3.170  3.6663  1.033    7  0.000  0.314    21.46    14.35     9.89     7.59     6.18  3    -1e-30      0.00 7.292e-01 2.706e-01 1.996e-05 2.759e-05 8.464e-05 -1.000 1.968e-04 -3.154 0.998 3.453 1.753 -0.222 -0.898 -1.236 -1.511 -1.909 -2.681 -2.827 -3.030 -3.164 -3.415 -3.476 -3.805 -3.824 -4.048
0.0001957 -1.90000 9.30000 1.4145570993 2.5313538496    1.405  3.212  3.6636  0.980    7  0.000  0.314    23.88    15.78    10.83     8.32     6.78  3    -1e-30      0.00 7.292e-01 2.706e-01 1.990e-05 2.786e-05 8.441e-05 -1.000 1.968e-04 -3.259 0.915 3.527 1.881 -0.163 -0.848 -1.234 -1.536 -1.957 -2.763 -2.913 -3.122 -3.260 -3.516 -3.579 -3.913 -3.932 -4.159
0.0001957 -1.90000 9.30000 1.4145858288 2.5313565580    1.405  3.255  3.6608  0.926    7  0.000  0.314    26.70    17.42    11.90     9.16     7.46  2    -1e-30      0.00 7.291e-01 2.707e-01 1.985e-05 2.810e-05 8.420e-05 -1.000 1.968e-04 -3.368 0.828 3.610 2.027 -0.089 -0.783 -1.218 -1.550 -1.999 -2.844 -3.000 -3.216 -3.358 -3.621 -3.685 -4.025 -4.044 -4.276
0.0001957 -1.90000 9.30000 1.4146072865 2.5313585809    1.405  3.294  3.6583  0.877    7  0.000  0.314    29.50    19.03    12.94     9.98     8.13  2    -1e-30      0.00 7.290e-01 2.708e-01 1.982e-05 2.828e-05 8.406e-05 -1.000 1.969e-04 -3.465 0.751 3.682 2.164 -0.016 -0.718 -1.194 -1.555 -2.030 -2.913 -3.074 -3.298 -3.443 -3.713 -3.778 -4.124 -4.144 -4.380
0.0001957 -1.90000 9.30000 1.4146283865 2.5313605699    1.405  3.338  3.6553  0.821    7  0.000  0.314    33.09    21.07    14.27    11.02     8.98  2    -1e-30      0.00 7.290e-01 2.709e-01 1.978e-05 2.845e-05 8.391e-05 -1.000 1.968e-04 -3.576 0.660 3.770 2.260 0.012 -0.699 -1.203 -1.584 -2.080 -2.993 -3.159 -3.389 -3.538 -3.814 -3.880 -4.233 -4.253 -4.494
0.0001957 -1.90000 9.30000 1.4146476984 2.5313623903    1.405  3.355  3.6541  0.799    7  0.000  0.314    34.60    21.92    14.82    11.45     9.33  2    -1e-30      0.00 7.289e-01 2.709e-01 1.978e-05 2.849e-05 8.388e-05 -1.000 1.969e-04 -3.619 0.625 3.804 2.295 0.021 -0.693 -1.206 -1.595 -2.099 -3.024 -3.192 -3.425 -3.574 -3.852 -3.920 -4.275 -4.296 -4.538
0.0001957 -1.90000 9.30000 1.4146502018 2.5313626263    1.405  3.377  3.6526  0.771    7  0.000  0.314    36.63    23.06    15.55    12.02     9.80  2    -1e-30      0.00 7.289e-01 2.709e-01 1.978e-05 2.849e-05 8.388e-05 -1.000 1.968e-04 -3.674 0.579 3.849 2.340 0.032 -0.686 -1.212 -1.610 -2.125 -3.064 -3.234 -3.470 -3.621 -3.902 -3.970 -4.329 -4.350 -4.595
0.0001957 -1.90000 9.30000 1.4146522284 2.5313628173    1.405  3.425  3.6492  0.710    7  0.000  0.314    41.49    25.75    17.28    13.38    10.91  2    -1e-30      0.00 7.288e-01 2.710e-01 1.975e-05 2.866e-05 8.374e-05 -1.000 1.969e-04 -3.793 0.481 3.944 2.442 0.060 -0.668 -1.221 -1.640 -2.177 -3.149 -3.323 -3.567 -3.721 -4.009 -4.079 -4.445 -4.467 -4.717
0.0001957 -1.90000 9.30000 1.4146553278 2.5313631095    1.405  3.470  3.6460  0.652    7  0.569  0.314    46.62    28.56    19.07    14.79    12.07  2    -1e-30      0.00 7.287e-01 2.711e-01 1.971e-05 2.882e-05 8.360e-05 -1.000 1.969e-04 -3.904 0.390 4.020 2.537 0.087 -0.649 -1.227 -1.666 -2.223 -3.226 -3.404 -3.655 -3.812 -4.107 -4.179 -4.552 -4.574 -4.830
0.0001957 -1.90000 9.30000 1.4146562815 2.5313631994    1.405  3.472  3.6458  0.649    7  0.569  0.314    46.97    28.75    19.19    14.89    12.14  2    -1e-30      0.00 7.287e-01 2.711e-01 1.971e-05 2.884e-05 8.358e-05 -1.000 1.968e-04 -3.911 0.384 4.024 2.543 0.089 -0.648 -1.227 -1.668 -2.226 -3.231 -3.410 -3.661 -3.818 -4.113 -4.185 -4.559 -4.581 -4.837
0.0001957 -1.90000 9.30000 1.4146567583 2.5313632443    1.405  3.469  3.6460  0.653    7  0.569  0.314    46.61    28.55    19.07    14.79    12.06  2    -1e-30      0.00 7.287e-01 2.711e-01 1.970e-05 2.885e-05 8.358e-05 -1.000 1.968e-04 -3.903 0.391 4.020 2.537 0.088 -0.649 -1.227 -1.666 -2.223 -3.226 -3.404 -3.655 -3.812 -4.107 -4.178 -4.552 -4.574 -4.830
0.0001957 -1.90000 9.30000 1.4146569967 2.5313632668    1.405  3.469  3.6437  0.643    8  0.569  0.332    47.51    29.04    19.38    15.03    12.26  2  -4.5e-07      0.00 7.287e-01 2.711e-01 2.092e-05 2.886e-05 8.409e-05 -1.000 2.040e-04 -3.903 0.404 4.126 2.652 0.162 -0.580 -1.169 -1.618 -2.186 -3.205 -3.385 -3.640 -3.798 -4.097 -4.169 -4.547 -4.570 -4.829
0.0001957 -1.90000 9.30000 1.4146574736 2.5313633117    1.404  3.388  3.6496  0.748    8  0.569  0.332    38.38    24.04    16.18    12.51    10.20  2 -3.26e-07      0.00 7.287e-01 2.711e-01 2.092e-05 2.886e-05 8.409e-05 -1.000 2.040e-04 -3.701 0.569 3.982 2.473 0.109 -0.618 -1.160 -1.573 -2.103 -3.065 -3.238 -3.479 -3.632 -3.919 -3.988 -4.352 -4.374 -4.623
0.0001957 -1.90000 9.30000 1.4146578312 2.5313633455    1.403  3.305  3.6555  0.854    8  0.569  0.332    30.89    19.83    13.46    10.38     8.46  2 -2.38e-07      0.00 7.287e-01 2.711e-01 2.092e-05 2.886e-05 8.409e-05 -1.000 2.040e-04 -3.493 0.739 3.808 2.292 0.059 -0.651 -1.146 -1.521 -2.012 -2.917 -3.081 -3.310 -3.457 -3.732 -3.798 -4.149 -4.170 -4.410
0.0001957 -1.90000 9.30000 1.4146590233 2.5313634578    1.401  3.060  3.6729  1.168    8  0.569  0.332    16.29    11.24     7.83     5.99     4.87  3 -1.02e-07      0.00 7.287e-01 2.711e-01 2.092e-05 2.886e-05 8.409e-05 -1.000 2.040e-04 -2.881 1.219 3.299 1.488 -0.318 -0.969 -1.191 -1.405 -1.754 -2.454 -2.590 -2.781 -2.907 -3.147 -3.206 -3.523 -3.541 -3.756
0.0001957 -1.90000 9.30000 1.4146608114 2.5313636264    1.397  3.046  3.6738  1.185    8  0.569  0.332    15.71    10.89     7.59     5.81     4.73  3 -9.74e-08      0.00 7.287e-01 2.711e-01 2.092e-05 2.886e-05 8.409e-05 -1.000 2.040e-04 -2.844 1.249 3.281 1.458 -0.327 -0.974 -1.182 -1.388 -1.731 -2.423 -2.558 -2.746 -2.872 -3.111 -3.169 -3.485 -3.502 -3.717
0.0001957 -1.90000 9.30000 1.4146630764 2.5313638399    1.392  3.091  3.6703  1.124    8  0.570  0.332    17.77    12.15     8.43     6.46     5.26  3 -1.13e-07      0.00 7.287e-01 2.711e-01 2.092e-05 2.886e-05 8.409e-05 -1.000 2.040e-04 -2.958 1.162 3.377 1.605 -0.262 -0.923 -1.187 -1.422 -1.789 -2.515 -2.655 -2.849 -2.979 -3.223 -3.282 -3.604 -3.622 -3.841
0.0001957 -1.90000 9.30000 1.4146659374 2.5313641096    1.386  3.224  3.6606  0.950    8  0.570  0.332    25.29    16.61    11.36     8.75     7.12  3 -1.78e-07      0.00 7.287e-01 2.711e-01 2.092e-05 2.886e-05 8.409e-05 -1.000 2.040e-04 -3.290 0.906 3.675 2.091 -0.021 -0.715 -1.146 -1.477 -1.924 -2.767 -2.922 -3.138 -3.280 -3.542 -3.606 -3.946 -3.965 -4.197
0.0001957 -1.90000 9.30000 1.4146693945 2.5313644354    1.379  3.356  3.6508  0.777    8  0.570  0.332    35.93    22.68    15.30    11.83     9.64  2 -2.92e-07      0.00 7.287e-01 2.711e-01 2.092e-05 2.886e-05 8.409e-05 -1.000 2.040e-04 -3.619 0.642 3.979 2.465 0.130 -0.593 -1.123 -1.527 -2.048 -2.997 -3.168 -3.406 -3.558 -3.841 -3.910 -4.271 -4.293 -4.540
0.0001957 -1.90000 9.30000 1.4146734476 2.5313648175    1.370  3.448  3.6439  0.655    8  0.571  0.332    46.08    28.27    18.87    14.65    11.95  2 -4.23e-07      0.00 7.287e-01 2.711e-01 2.092e-05 2.886e-05 8.409e-05 -1.000 2.041e-04 -3.849 0.456 4.161 2.683 0.200 -0.541 -1.127 -1.574 -2.139 -3.154 -3.334 -3.588 -3.746 -4.044 -4.116 -4.493 -4.515 -4.774
0.0001957 -1.90000 9.30000 1.4146779776 2.5313652444    1.360  3.500  3.6397  0.583    8  0.571  0.332    53.23    32.11    21.31    16.58    13.52  2 -5.27e-07      0.00 7.287e-01 2.711e-01 2.092e-05 2.887e-05 8.409e-05 -1.000 2.041e-04 -3.979 0.352 4.261 2.820 0.249 -0.502 -1.114 -1.587 -2.180 -3.237 -3.422 -3.686 -3.848 -4.155 -4.230 -4.617 -4.640 -4.906
0.0001957 -1.90000 9.30000 1.4146832228 2.5313657388    1.350  3.526  3.6374  0.543    8  0.572  0.332    57.61    34.43    22.78    17.74    14.48  2 -5.95e-07      0.00 7.287e-01 2.711e-01 2.092e-05 2.887e-05 8.409e-05 -1.000 2.041e-04 -4.046 0.301 4.306 2.902 0.282 -0.474 -1.096 -1.583 -2.193 -3.274 -3.463 -3.733 -3.897 -4.209 -4.286 -4.678 -4.702 -4.972
0.0001957 -1.90000 9.30000 1.4146890640 2.5313662894    1.338  3.543  3.6356  0.515    8  0.572  0.332    60.85    36.13    23.85    18.59    15.17  2 -6.46e-07      0.00 7.287e-01 2.711e-01 2.092e-05 2.887e-05 8.409e-05 -1.000 2.041e-04 -4.089 0.270 4.343 2.967 0.312 -0.449 -1.078 -1.575 -2.196 -3.295 -3.486 -3.760 -3.926 -4.242 -4.320 -4.717 -4.741 -5.014
0.0001957 -1.90000 9.30000 1.4146894217 2.5313663231    1.337  3.526  3.6369  0.538    8  0.572  0.332    58.11    34.69    22.94    17.87    14.58  2 -5.99e-07      0.00 7.287e-01 2.711e-01 2.092e-05 2.887e-05 8.409e-05 -1.000 2.041e-04 -4.044 0.306 4.329 2.932 0.303 -0.455 -1.079 -1.568 -2.180 -3.266 -3.456 -3.727 -3.891 -4.205 -4.281 -4.675 -4.699 -4.970
0.0001957 -1.90000 9.30000 1.4146903753 2.5313664130    1.333  3.387  3.6466  0.714    8  0.572  0.332    40.46    25.19    16.90    13.11    10.68  2  -3.4e-07      0.00 7.287e-01 2.711e-01 2.092e-05 2.887e-05 8.409e-05 -1.000 2.040e-04 -3.698 0.589 4.142 2.644 0.222 -0.511 -1.074 -1.503 -2.048 -3.034 -3.210 -3.457 -3.612 -3.904 -3.975 -4.345 -4.367 -4.621
0.0001957 -1.90000 9.30000 1.4146921635 2.5313665816    1.328  3.144  3.6638  1.024    8  0.573  0.332    21.44    14.38     9.89     7.61     6.19  3 -1.39e-07      0.00 7.287e-01 2.711e-01 2.092e-05 2.887e-05 8.409e-05 -1.000 2.041e-04 -3.091 1.078 3.641 1.986 -0.038 -0.722 -1.093 -1.387 -1.803 -2.600 -2.749 -2.956 -3.093 -3.348 -3.410 -3.743 -3.762 -3.989
0.0001957 -1.90000 9.30000 1.4146947861 2.5313668288    1.320  3.128  3.6648  1.042    8  0.573  0.332    20.63    13.90     9.58     7.36     5.99  3 -1.32e-07      0.00 7.287e-01 2.711e-01 2.092e-05 2.887e-05 8.409e-05 -1.000 2.041e-04 -3.049 1.113 3.620 1.948 -0.052 -0.733 -1.087 -1.373 -1.780 -2.566 -2.714 -2.919 -3.055 -3.308 -3.370 -3.700 -3.719 -3.945
0.0001957 -1.90000 9.30000 1.4146981239 2.5313671434    1.309  3.173  3.6612  0.979    8  0.574  0.332    23.42    15.55    10.66     8.21     6.69  3 -1.56e-07      0.00 7.287e-01 2.711e-01 2.092e-05 2.887e-05 8.409e-05 -1.000 2.041e-04 -3.163 1.027 3.744 2.144 0.053 -0.640 -1.056 -1.378 -1.817 -2.648 -2.802 -3.016 -3.156 -3.416 -3.480 -3.818 -3.837 -4.068
0.0001957 -1.90000 9.30000 1.4147022963 2.5313675366    1.296  3.303  3.6515  0.806    8  0.574  0.332    33.26    21.19    14.32    11.09     9.03  2 -2.52e-07      0.00 7.287e-01 2.711e-01 2.092e-05 2.887e-05 8.409e-05 -1.000 2.040e-04 -3.486 0.770 4.054 2.537 0.221 -0.500 -1.021 -1.419 -1.933 -2.873 -3.042 -3.278 -3.429 -3.711 -3.779 -4.138 -4.160 -4.406
0.0001957 -1.90000 9.30000 1.4147074223 2.5313680198    1.281  3.430  3.6418  0.635    8  0.575  0.332    47.09    28.79    19.18    14.93    12.17  2 -4.22e-07      0.00 7.287e-01 2.711e-01 2.092e-05 2.887e-05 8.409e-05 -1.000 2.041e-04 -3.804 0.513 4.312 2.845 0.322 -0.424 -1.021 -1.479 -2.056 -3.088 -3.270 -3.528 -3.688 -3.989 -4.063 -4.444 -4.467 -4.729
0.0001957 -1.90000 9.30000 1.4147133827 2.5313685816    1.263  3.518  3.6348  0.513    8  0.576  0.332    60.26    35.77    23.59    18.43    15.03  1  -6.2e-07      0.00 7.287e-01 2.711e-01 2.092e-05 2.887e-05 8.409e-05 -1.000 2.040e-04 -4.024 0.339 4.438 3.070 0.401 -0.361 -0.992 -1.492 -2.117 -3.222 -3.414 -3.689 -3.856 -4.174 -4.251 -4.650 -4.674 -4.949
0.0001957 -1.90000 9.30000 1.4147202969 2.5313692332    1.242  3.566  3.6306  0.441    8  0.577  0.332    69.62    40.59    26.61    20.83    16.99  1  -7.8e-07      0.00 7.287e-01 2.711e-01 2.092e-05 2.887e-05 8.409e-05 -1.000 2.041e-04 -4.145 0.246 4.512 3.215 0.455 -0.317 -0.954 -1.478 -2.133 -3.285 -3.483 -3.771 -3.941 -4.270 -4.351 -4.762 -4.787 -5.070
0.0001957 -1.90000 9.30000 1.4147280455 2.5313699635    1.220  3.590  3.6281  0.399    8  0.578  0.332    75.55    43.57    28.46    22.33    18.21  1 -8.89e-07      0.00 7.287e-01 2.711e-01 2.092e-05 2.887e-05 8.409e-05 -1.000 2.041e-04 -4.205 0.203 4.550 3.307 0.492 -0.284 -0.918 -1.455 -2.127 -3.307 -3.509 -3.805 -3.977 -4.314 -4.397 -4.814 -4.840 -5.129
0.0001957 -1.90000 9.30000 1.4147366285 2.5313707725    1.195  3.604  3.6262  0.368    8  0.579  0.332    80.10    45.82    29.85    23.45    19.12  1 -9.75e-07      0.00 7.287e-01 2.711e-01 2.092e-05 2.887e-05 8.409e-05 -1.000 2.041e-04 -4.241 0.180 4.582 3.382 0.527 -0.253 -0.883 -1.429 -2.113 -3.315 -3.519 -3.821 -3.995 -4.337 -4.421 -4.845 -4.871 -5.164
0.0001957 -1.90000 9.30000 1.4147368670 2.5313707950    1.194  3.600  3.6264  0.372    8  0.579  0.345    79.38    45.46    29.62    23.27    18.98  1 -9.59e-07      0.00 7.287e-01 2.711e-01 2.181e-05 2.887e-05 8.417e-05 -1.000 2.050e-04 -4.231 0.189 4.583 3.378 0.528 -0.251 -0.882 -1.427 -2.110 -3.309 -3.513 -3.814 -3.988 -4.329 -4.413 -4.835 -4.862 -5.154
0.0001957 -1.90000 9.30000 1.4147374630 2.5313708511    1.189  3.464  3.6363  0.546    8  0.579  0.390    55.41    33.16    21.91    17.14    13.97  1 -5.33e-07      0.00 7.287e-01 2.711e-01 2.472e-05 2.886e-05 8.442e-05 -1.000 2.083e-04 -3.891 0.462 4.493 3.099 0.464 -0.295 -0.918 -1.409 -2.022 -3.109 -3.298 -3.570 -3.734 -4.048 -4.125 -4.520 -4.544 -4.816
0.0001957 -1.90000 9.30000 1.4147386551 2.5313709635    1.182  3.226  3.6536  0.852    8  0.579  0.469    29.46    19.06    12.91    10.02     8.15  2 -2.09e-07      0.00 7.287e-01 2.711e-01 2.984e-05 2.886e-05 8.487e-05 -1.000 2.139e-04 -3.294 0.948 4.098 2.577 0.312 -0.402 -0.905 -1.288 -1.787 -2.703 -2.869 -3.101 -3.249 -3.526 -3.593 -3.948 -3.968 -4.211
0.0001957 -1.90000 9.30000 1.4147404432 2.5313711320    1.171  3.206  3.6547  0.872    8  0.580  0.581    28.18    18.33    12.44     9.65     7.85  2 -1.96e-07      0.00 7.286e-01 2.712e-01 3.726e-05 2.886e-05 8.552e-05 -1.000 2.219e-04 -3.244 0.991 4.077 2.555 0.314 -0.397 -0.891 -1.267 -1.758 -2.664 -2.829 -3.058 -3.205 -3.480 -3.547 -3.898 -3.919 -4.160
0.0001957 -1.90000 9.30000 1.4147427082 2.5313713455    1.157  3.251  3.6508  0.806    8  0.580  0.726    32.19    20.60    13.90    10.80     8.79  2 -2.34e-07      0.00 7.285e-01 2.712e-01 4.704e-05 2.886e-05 8.638e-05 -1.000 2.325e-04 -3.357 0.902 4.215 2.696 0.369 -0.354 -0.878 -1.278 -1.795 -2.739 -2.908 -3.146 -3.297 -3.580 -3.648 -4.009 -4.030 -4.277
0.0001957 -1.90000 9.30000 1.4147455692 2.5313716151    1.140  3.376  3.6406  0.634    8  0.580  0.903    45.74    28.00    18.63    14.56    11.85  2 -3.87e-07      0.00 7.284e-01 2.713e-01 5.925e-05 2.886e-05 8.745e-05 -1.000 2.458e-04 -3.669 0.654 4.493 3.030 0.489 -0.260 -0.861 -1.323 -1.904 -2.943 -3.127 -3.386 -3.546 -3.850 -3.924 -4.307 -4.330 -4.594
0.0001957 -1.90000 9.30000 1.4147489071 2.5313719297    1.120  3.498  3.6304  0.463    8  0.581  1.111    64.84    37.95    24.90    19.55    15.93  1 -6.58e-07      0.00 7.283e-01 2.714e-01 7.394e-05 2.885e-05 8.874e-05  5.927 2.618e-04 -3.974 0.366 4.836 3.616 0.330 -0.561 -1.175 -1.723 -2.299 -3.323 -3.496 -3.728 -3.891 -4.141 -4.211 -4.558 -4.575 -4.852
0.0001957 -1.90000 9.30000 1.4147529602 2.5313723117    1.096  3.582  3.6226  0.339    8  0.582  1.346    83.47    47.25    30.68    24.19    19.72  1 -9.76e-07      0.00 7.282e-01 2.715e-01 9.113e-05 2.885e-05 9.025e-05  6.429 2.805e-04 -4.185 0.199 4.785 3.721 0.361 -0.529 -1.200 -1.789 -2.399 -3.465 -3.643 -3.885 -4.051 -4.309 -4.384 -4.745 -4.763 -5.056
0.0001957 -1.90000 9.30000 1.4147574902 2.5313727386    1.070  3.628  3.6175  0.261    8  0.583  1.607    97.52    54.02    34.84    27.55    22.46  1 -1.24e-06      0.00 7.280e-01 2.717e-01 1.109e-04 2.884e-05 9.198e-05  6.681 3.020e-04 -4.301 0.113 4.764 3.801 0.403 -0.485 -1.187 -1.803 -2.438 -3.532 -3.714 -3.963 -4.132 -4.394 -4.473 -4.844 -4.862 -5.167
0.0001957 -1.90000 9.30000 1.4147626162 2.5313732217    1.041  3.652  3.6140  0.212    8  0.583  1.890   107.48    58.65    37.66    29.85    24.33  1 -1.43e-06      0.00 7.279e-01 2.718e-01 1.332e-04 2.884e-05 9.394e-05  6.856 3.262e-04 -4.359 0.077 4.766 3.870 0.452 -0.433 -1.151 -1.785 -2.438 -3.554 -3.739 -3.992 -4.163 -4.430 -4.511 -4.890 -4.908 -5.221
0.0001957 -1.90000 9.30000 1.4147684574 2.5313737722    1.010  3.666  3.6109  0.172    8  0.584  2.193   116.11    62.54    40.02    31.78    25.91  1 -1.59e-06      0.00 7.277e-01 2.720e-01 1.581e-04 2.883e-05 9.613e-05  6.993 3.533e-04 -4.395 0.059 4.780 3.941 0.506 -0.376 -1.106 -1.756 -2.425 -3.559 -3.746 -4.003 -4.176 -4.446 -4.529 -4.914 -4.933 -5.253
0.0001957 -1.90000 9.30000 1.4147686958 2.5313737947    1.008  3.673  3.6102  0.162    8  0.584  2.246   118.61    63.70    40.72    32.35    26.37  1 -1.64e-06      0.00 7.276e-01 2.720e-01 1.623e-04 2.883e-05 9.634e-05  7.013 3.577e-04 -4.412 0.046 4.773 3.946 0.508 -0.372 -1.105 -1.759 -2.430 -3.569 -3.756 -4.015 -4.188 -4.459 -4.542 -4.929 -4.948 -5.269
0.0001957 -1.90000 9.30000 1.4147694111 2.5313738621    1.003  3.539  3.6207  0.335    8  0.585  2.418    82.49    46.47    30.13    23.83    19.41  1 -8.98e-07      0.00 7.276e-01 2.720e-01 1.760e-04 2.883e-05 9.704e-05  7.073 3.722e-04 -4.077 0.316 4.912 3.861 0.499 -0.392 -1.065 -1.658 -2.273 -3.344 -3.523 -3.766 -3.933 -4.190 -4.267 -4.631 -4.648 -4.946
0.0001957 -1.90000 9.30000 1.4147707224 2.5313739857    0.994  3.304  3.6394  0.641    8  0.585  2.715    43.52    26.69    17.74    13.92    11.32  1 -3.37e-07      0.00 7.275e-01 2.721e-01 2.000e-04 2.883e-05 9.826e-05  7.161 3.974e-04 -3.490 0.801 5.063 3.661 0.508 -0.377 -0.906 -1.400 -1.937 -2.912 -3.078 -3.301 -3.458 -3.700 -3.766 -4.097 -4.113 -4.373
0.0001957 -1.90000 9.30000 1.4147726297 2.5313741655    0.980  3.282  3.6403  0.661    8  0.585  3.131    41.61    25.66    17.08    13.40    10.90  1 -3.13e-07      0.00 7.273e-01 2.723e-01 2.349e-04 2.882e-05 1.000e-04  7.263 4.342e-04 -3.435 0.852 5.084 3.663 0.530 -0.353 -0.871 -1.359 -1.892 -2.863 -3.029 -3.251 -3.408 -3.648 -3.713 -4.044 -4.059 -4.318
0.0001957 -1.90000 9.30000 1.4147750139 2.5313743902    0.963  3.328  3.6354  0.587    8  0.585  3.659    48.33    29.18    19.30    15.19    12.35  1 -3.82e-07      0.00 7.271e-01 2.724e-01 2.809e-04 2.881e-05 1.024e-04  7.369 4.827e-04 -3.550 0.761 5.083 3.732 0.546 -0.341 -0.892 -1.401 -1.951 -2.944 -3.113 -3.339 -3.498 -3.741 -3.809 -4.146 -4.162 -4.430
0.0001957 -1.90000 9.30000 1.4147781134 2.5313746823    0.942  3.450  3.6235  0.408    8  0.586  4.285    69.99    40.12    26.15    20.69    16.84  1 -6.52e-07      0.00 7.268e-01 2.727e-01 3.383e-04 2.880e-05 1.053e-04  7.473 5.431e-04 -3.856 0.519 5.038 3.889 0.585 -0.305 -0.940 -1.506 -2.102 -3.153 -3.330 -3.567 -3.732 -3.985 -4.059 -4.417 -4.434 -4.727
0.0001957 -1.90000 9.30000 1.4147818089 2.5313750305    0.917  3.569  3.6114  0.229    8  0.587  4.993   101.30    55.06    35.36    28.13    22.91  0 -1.14e-06      0.00 7.265e-01 2.729e-01 4.074e-04 2.879e-05 1.088e-04  7.573 6.158e-04 -4.153 0.294 4.963 4.030 0.646 -0.236 -0.935 -1.561 -2.214 -3.333 -3.518 -3.770 -3.942 -4.207 -4.289 -4.672 -4.690 -5.011
0.0001957 -1.90000 9.30000 1.4147861004 2.5313754350    0.889  3.651  3.6019  0.095    8  0.587  5.766   133.51    69.59    44.19    35.31    28.77  0 -1.72e-06      0.00 7.261e-01 2.732e-01 4.882e-04 2.877e-05 1.129e-04  7.666 7.010e-04 -4.359 0.151 4.922 4.151 0.730 -0.139 -0.869 -1.544 -2.248 -3.431 -3.624 -3.892 -4.069 -4.347 -4.437 -4.841 -4.861 -5.204
0.0001957 -1.90000 9.30000 1.4147911072 2.5313759068    0.857  3.698  3.5951  0.006    8  0.588  6.587   157.03    80.97    51.03    40.92    33.34  0 -2.24e-06      0.00 7.256e-01 2.736e-01 5.810e-04 2.876e-05 1.176e-04  7.753 7.987e-04 -4.474 0.080 4.905 4.244 0.797 -0.060 -0.801 -1.506 -2.243 -3.468 -3.666 -3.945 -4.126 -4.414 -4.508 -4.928 -4.949 -5.308
0.0001957 -1.90000 9.30000 1.4147967100 2.5313764348    0.823  3.722  3.5901 -0.056    8  0.589  7.440   170.21    89.67    56.20    45.20    36.83  0 -2.66e-06      0.00 7.251e-01 2.740e-01 6.860e-04 2.874e-05 1.229e-04  7.834 9.092e-04 -4.536 0.049 4.894 4.284 0.819 -0.033 -0.775 -1.492 -2.240 -3.480 -3.680 -3.964 -4.147 -4.438 -4.536 -4.966 -4.987 -5.358
0.0001957 -1.90000 9.30000 1.4148030281 2.5313770302    0.787  3.738  3.5856 -0.110    8  0.590  8.309   181.84    97.66    60.91    49.14    40.03  0 -3.06e-06      0.00 7.245e-01 2.744e-01 8.032e-04 2.872e-05 1.289e-04  7.910 1.033e-03 -4.576 0.036 4.895 4.324 0.846 -0.003 -0.740 -1.466 -2.223 -3.476 -3.677 -3.966 -4.150 -4.446 -4.547 -4.984 -5.007 -5.387
0.0001957 -1.90000 9.30000 1.4148259163 2.5313791871    0.592 -9.999  4.0000  1.463    9  0.592  0.000     0.00     0.00     0.00     0.00     0.00 -1    -1e-30      0.00 7.187e-01 2.788e-01 2.194e-03 2.849e-05 1.870e-04  8.377 2.485e-03 29.767 29.892 29.849 29.814 29.845 29.910 29.967 30.076 30.061 30.104 30.106 30.101 30.099 30.097 30.099 30.089 30.088 30.060
