 Zini     MH   logAge Mini        int_IMF         Mass   logL    logTe  logg  label   McoreTP C_O  period0  period1  period2  period3  period4  pmode  Mloss  tau1m   X   Y   Xc  Xn  Xo  Cexcess  Z 	 mbolmag  F170Wmag  F218Wmag  F255Wmag  F300Wmag  F336Wmag  F380Wmag  F439Wmag  F450Wmag  F555Wmag  F569Wmag  F606Wmag  F622Wmag  F675Wmag  F702Wmag  F791Wmag  F814Wmag  F850LPmag
0.00077741 -1.30000 9.75000 0.0900000036 1.0816895926    0.090 -3.205  3.4625  5.400    1  0.000  0.545     0.00     0.00     0.00     0.00     0.00 -1 -5.21e-17      0.00 7.485e-01 2.507e-01 1.471e-04 3.970e-05 3.601e-04 -1.000 8.183e-04 12.784 17.634 22.588 23.219 19.156 18.683 19.609 18.363 17.353 15.782 15.567 14.962 14.787 13.999 13.490 12.360 12.287 11.666
0.00077741 -1.30000 9.75000 0.0930795819 1.1105511209    0.093 -3.120  3.4747  5.378    1  0.000  0.545     0.00     0.00     0.00     0.00     0.00 -1  -6.4e-17      0.00 7.483e-01 2.509e-01 1.471e-04 3.970e-05 3.601e-04 -1.000 8.183e-04 12.570 17.381 22.339 22.861 18.815 18.250 18.912 17.745 16.821 15.257 15.041 14.494 14.312 13.608 13.160 12.109 12.044 11.468
0.00077741 -1.30000 9.75000 0.1000000015 1.1711064122    0.100 -2.938  3.5007  5.331    1  0.000  0.545     0.00     0.00     0.00     0.00     0.00 -1 -9.91e-17      0.00 7.477e-01 2.514e-01 1.471e-04 3.970e-05 3.601e-04 -1.000 8.183e-04 12.115 16.835 21.781 21.936 18.007 17.283 17.457 16.482 15.721 14.202 13.986 13.544 13.347 12.805 12.473 11.592 11.539 11.048
0.00077741 -1.30000 9.75000 0.1199999899 1.3193153758    0.120 -2.654  3.5330  5.255    1  0.000  0.545     0.00     0.00     0.00     0.00     0.00 -1  -1.9e-16      0.00 7.466e-01 2.526e-01 1.471e-04 3.970e-05 3.601e-04 -1.000 8.184e-04 11.404 16.002 20.857 20.317 16.710 15.882 15.684 14.938 14.333 12.954 12.747 12.371 12.169 11.745 11.524 10.828 10.785 10.376
0.00077741 -1.30000 9.75000 0.1400000006 1.4384526719    0.140 -2.474  3.5489  5.205    1  0.000  0.545     0.00     0.00     0.00     0.00     0.00 -1 -2.82e-16      0.00 7.458e-01 2.534e-01 1.471e-04 3.970e-05 3.601e-04 -1.000 8.184e-04 10.954 15.491 20.251 19.335 15.933 15.084 14.790 14.137 13.597 12.306 12.105 11.746 11.546 11.153 10.975 10.358 10.320 9.942
0.00077741 -1.30000 9.75000 0.1599999964 1.5372931554    0.160 -2.337  3.5592  5.168    1  0.000  0.545     0.00     0.00     0.00     0.00     0.00 -1 -3.77e-16      0.00 7.450e-01 2.542e-01 1.471e-04 3.970e-05 3.601e-04 -1.000 8.183e-04 10.612 15.110 19.783 18.624 15.373 14.519 14.186 13.586 13.084 11.851 11.655 11.305 11.108 10.729 10.576 10.006 9.970 9.610
0.00077741 -1.30000 9.75000 0.2000000179 1.6938791367    0.200 -2.124  3.5731  5.108    1  0.000  0.545     0.00     0.00     0.00     0.00     0.00 -1 -5.89e-16      0.00 7.440e-01 2.552e-01 1.471e-04 3.970e-05 3.601e-04 -1.000 8.184e-04 10.081 14.529 19.043 17.580 14.545 13.693 13.332 12.798 12.338 11.184 10.996 10.658 10.466 10.104 9.978 9.464 9.431 9.093
0.00077741 -1.30000 9.75000 0.2500000000 1.8403257998    0.250 -1.922  3.5845  5.048    1  0.000  0.545     0.00     0.00     0.00     0.00     0.00 -1    -9e-16      0.00 7.435e-01 2.557e-01 1.471e-04 3.970e-05 3.601e-04 -1.000 8.183e-04 9.574 13.983 18.339 16.678 13.796 12.950 12.589 12.101 11.669 10.580 10.399 10.073 9.886 9.537 9.427 8.950 8.919 8.597
0.00077741 -1.30000 9.75000 0.3000000417 1.9529140366    0.300 -1.761  3.5930  5.000    1  0.000  0.545     0.00     0.00     0.00     0.00     0.00 -1 -1.26e-15      0.00 7.434e-01 2.558e-01 1.471e-04 3.970e-05 3.601e-04 -1.000 8.184e-04 9.173 13.553 17.767 15.973 13.211 12.373 12.023 11.566 11.153 10.111 9.935 9.620 9.438 9.099 8.998 8.544 8.514 8.204
0.00077741 -1.30000 9.75000 0.3363168538 2.0204036565    0.336 -1.663  3.5982  4.972    1  0.000  0.545     0.00     0.00     0.00     0.00     0.00 -1 -1.54e-15      0.00 7.460e-01 2.532e-01 1.471e-04 3.970e-05 3.601e-04 -1.000 8.184e-04 8.927 13.289 17.417 15.558 12.856 12.022 11.683 11.242 10.840 9.826 9.652 9.345 9.165 8.832 8.737 8.294 8.265 7.962
0.00077741 -1.30000 9.75000 0.3499999940 2.0434174644    0.350 -1.628  3.6000  4.962    1  0.000  0.545     0.00     0.00     0.00     0.00     0.00 -1 -1.65e-15      0.00 7.468e-01 2.524e-01 1.471e-04 3.970e-05 3.601e-04 -1.000 8.184e-04 8.840 13.196 17.294 15.413 12.732 11.899 11.564 11.128 10.730 9.725 9.553 9.248 9.069 8.739 8.644 8.206 8.178 7.876
0.00077741 -1.30000 9.75000 0.4000000060 2.1185024399    0.400 -1.485  3.6107  4.920    1  0.000  0.545     0.00     0.00     0.00     0.00     0.00 -1 -2.25e-15      0.00 7.494e-01 2.497e-01 1.471e-04 3.970e-05 3.601e-04 -1.000 8.184e-04 8.483 12.804 16.778 14.767 12.157 11.330 11.030 10.620 10.243 9.292 9.127 8.838 8.664 8.348 8.260 7.843 7.816 7.529
0.00077741 -1.30000 9.75000 0.4499999881 2.1822809009    0.450 -1.317  3.6272  4.868    1  0.000  0.545     0.00     0.00     0.00     0.00     0.00 -1 -3.32e-15      0.00 7.494e-01 2.497e-01 1.471e-04 3.970e-05 3.601e-04 -1.000 8.183e-04 8.062 12.328 15.939 13.817 11.397 10.589 10.356 9.982 9.631 8.759 8.606 8.340 8.175 7.881 7.803 7.416 7.392 7.125
0.00077741 -1.30000 9.75000 0.5000000000 2.2374541529    0.500 -1.127  3.6525  4.826    1  0.000  0.545     0.00     0.00     0.00     0.00     0.00 -1 -5.12e-15      0.00 7.494e-01 2.497e-01 1.471e-04 3.970e-05 3.601e-04 -1.000 8.184e-04 7.588 11.761 14.841 12.588 10.394 9.616 9.519 9.195 8.884 8.125 7.989 7.759 7.608 7.347 7.281 6.937 6.917 6.682
0.00077741 -1.30000 9.75000 0.5500000715 2.2836583126    0.550 -0.931  3.6801  4.781    1  0.000  0.545     0.00     0.00     0.00     0.00     0.00 -1 -8.07e-15      0.00 7.659e-01 2.333e-01 1.381e-04 3.727e-05 3.380e-04 -1.000 7.406e-04 7.097 11.142 13.162 11.069 9.280 8.580 8.645 8.402 8.125 7.479 7.359 7.166 7.033 6.805 6.749 6.446 6.430 6.227
0.00077741 -1.30000 9.75000 0.6000000238 2.3211213258    0.600 -0.748  3.7051  4.736    1  0.000  0.544     0.00     0.00     0.00     0.00     0.00 -1 -1.24e-14      0.00 7.707e-01 2.285e-01 1.356e-04 3.662e-05 3.322e-04 -1.000 7.327e-04 6.640 10.539 11.607 9.788 8.309 7.698 7.891 7.735 7.484 6.919 6.809 6.642 6.525 6.319 6.270 5.996 5.983 5.807
0.00077741 -1.30000 9.75000 0.6122220159 2.3292152204    0.612 -0.703  3.7119  4.727    1  0.000  0.544     0.00     0.00     0.00     0.00     0.00 -1 -1.38e-14      0.00 7.720e-01 2.272e-01 1.350e-04 3.643e-05 3.306e-04 -1.000 7.234e-04 6.527 10.379 11.162 9.462 8.069 7.483 7.707 7.573 7.329 6.785 6.677 6.517 6.403 6.203 6.155 5.888 5.876 5.706
0.00077741 -1.30000 9.75000 0.6410098076 2.3468847412    0.641 -0.599  3.7277  4.706    1  0.000  0.544     0.00     0.00     0.00     0.00     0.00 -1 -1.75e-14      0.00 7.754e-01 2.239e-01 1.333e-04 3.598e-05 3.265e-04 -1.000 7.317e-04 6.267 9.989 10.201 8.753 7.538 7.007 7.295 7.207 6.983 6.483 6.380 6.233 6.128 5.939 5.895 5.644 5.633 5.479
0.00077741 -1.30000 9.75000 0.6499999762 2.3520353107    0.650 -0.567  3.7325  4.700    1  0.000  0.544     0.00     0.00     0.00     0.00     0.00 -1 -1.89e-14      0.00 7.765e-01 2.228e-01 1.327e-04 3.584e-05 3.252e-04 -1.000 7.184e-04 6.187 9.863 9.926 8.545 7.382 6.867 7.173 7.098 6.879 6.392 6.291 6.148 6.044 5.859 5.816 5.570 5.560 5.410
0.00077741 -1.30000 9.75000 0.6544001698 2.3544969920    0.654 -0.551  3.7348  4.696    1  0.000  0.544     0.00     0.00     0.00     0.00     0.00 -1 -1.96e-14      0.00 7.771e-01 2.222e-01 1.324e-04 3.575e-05 3.245e-04 -1.000 7.230e-04 6.148 9.801 9.800 8.449 7.309 6.801 7.115 7.045 6.829 6.349 6.249 6.107 6.004 5.820 5.778 5.534 5.524 5.376
0.00077741 -1.30000 9.75000 0.6757429838 2.3659159261    0.676 -0.476  3.7456  4.678    1  0.000  0.544     0.00     0.00     0.00     0.00     0.00 -1 -2.34e-14      0.00 7.802e-01 2.191e-01 1.308e-04 3.533e-05 3.207e-04 -1.000 7.419e-04 5.959 9.489 9.189 7.983 6.964 6.494 6.840 6.796 6.593 6.141 6.044 5.910 5.812 5.636 5.596 5.363 5.353 5.215
0.00077741 -1.30000 9.75000 0.6999999881 2.3779266974    0.700 -0.391  3.7575  4.656    1  0.000  0.544     0.00     0.00     0.00     0.00     0.00 -1 -2.86e-14      0.00 7.841e-01 2.151e-01 1.289e-04 3.481e-05 3.161e-04 -1.000 7.363e-04 5.748 9.102 8.525 7.473 6.589 6.164 6.539 6.521 6.332 5.912 5.821 5.695 5.603 5.436 5.398 5.177 5.169 5.041
0.00077741 -1.30000 9.75000 0.7124615312 2.3837325641    0.712 -0.348  3.7633  4.644    1  0.000  0.542     0.00     0.00     0.00     0.00     0.00 -1 -3.18e-14      0.00 7.867e-01 2.126e-01 1.271e-04 3.446e-05 3.130e-04 -1.000 7.046e-04 5.640 8.895 8.215 7.231 6.407 6.004 6.392 6.384 6.202 5.798 5.709 5.588 5.498 5.335 5.299 5.083 5.075 4.953
0.00077741 -1.30000 9.75000 0.7320528030 2.3924022256    0.732 -0.281  3.7721  4.624    1  0.000  0.539     0.00     0.00     0.00     0.00     0.00 -1 -3.75e-14      0.00 7.912e-01 2.081e-01 1.243e-04 3.386e-05 3.078e-04 -1.000 6.896e-04 5.472 8.561 7.762 6.873 6.135 5.764 6.167 6.174 6.003 5.622 5.537 5.421 5.335 5.179 5.144 4.937 4.930 4.815
0.00077741 -1.30000 9.75000 0.7498411536 2.3998244514    0.750 -0.220  3.7798  4.604    1  0.000  0.536     0.00     0.00     0.00     0.00     0.00 -1 -4.36e-14      0.00 7.956e-01 2.037e-01 1.216e-04 3.326e-05 3.025e-04 -1.000 6.900e-04 5.319 8.253 7.377 6.564 5.897 5.553 5.968 5.986 5.824 5.464 5.382 5.271 5.188 5.038 5.005 4.805 4.799 4.690
0.00077741 -1.30000 9.75000 0.7500000000 2.3998889087    0.750 -0.219  3.7798  4.603    1  0.000  0.536     0.00     0.00     0.00     0.00     0.00 -1 -4.36e-14      0.00 7.957e-01 2.036e-01 1.215e-04 3.325e-05 3.025e-04 -1.000 6.899e-04 5.318 8.250 7.374 6.561 5.895 5.551 5.966 5.984 5.823 5.463 5.380 5.270 5.187 5.037 5.004 4.804 4.798 4.689
0.00077741 -1.30000 9.75000 0.7634268999 2.4052260214    0.763 -0.173  3.7846  4.584    1  0.000  0.535     0.00     0.00     0.00     0.00     0.00 -1 -4.92e-14      0.00 8.007e-01 1.986e-01 1.191e-04 3.259e-05 2.965e-04 -1.000 6.843e-04 5.203 8.037 7.136 6.364 5.736 5.409 5.827 5.849 5.693 5.345 5.264 5.157 5.076 4.930 4.897 4.703 4.697 4.592
0.00077741 -1.30000 9.75000 0.7816391587 2.4121293833    0.781 -0.110  3.7909  4.557    1  0.000  0.535     0.00     0.00     0.00     0.00     0.00 -1 -5.79e-14      0.00 8.078e-01 1.915e-01 1.155e-04 3.163e-05 2.879e-04 -1.000 6.547e-04 5.046 7.748 6.823 6.102 5.524 5.218 5.638 5.666 5.517 5.184 5.107 5.004 4.925 4.784 4.752 4.564 4.558 4.459
0.00077741 -1.30000 9.75000 0.7988684773 2.4183280735    0.798 -0.051  3.7967  4.530    1  0.000  0.534     0.00     0.00     0.00     0.00     0.00 -1 -6.78e-14      0.00 8.148e-01 1.845e-01 1.119e-04 3.068e-05 2.795e-04 -1.000 6.540e-04 4.897 7.478 6.541 5.865 5.329 5.042 5.462 5.492 5.350 5.032 4.957 4.858 4.781 4.645 4.614 4.431 4.426 4.331
0.00077741 -1.30000 9.75000 0.8000000119 2.4187244405    0.800 -0.047  3.7971  4.528    1  0.000  0.534     0.00     0.00     0.00     0.00     0.00 -1 -6.85e-14      0.00 8.153e-01 1.841e-01 1.117e-04 3.062e-05 2.789e-04 -1.000 6.533e-04 4.887 7.461 6.523 5.850 5.316 5.031 5.450 5.481 5.339 5.022 4.947 4.848 4.772 4.635 4.605 4.422 4.417 4.323
0.00077741 -1.30000 9.75000 0.8197665811 2.4254460182    0.819  0.022  3.8037  4.496    1  0.000  0.533     0.00     0.00     0.00     0.00     0.00 -1 -8.23e-14      0.00 8.173e-01 1.821e-01 1.114e-04 3.056e-05 2.786e-04 -1.000 6.293e-04 4.714 7.154 6.213 5.587 5.099 4.835 5.248 5.281 5.147 4.845 4.773 4.678 4.605 4.474 4.444 4.268 4.264 4.175
0.00077741 -1.30000 9.75000 0.8382135034 2.4313911054    0.837  0.088  3.8097  4.464    1  0.000  0.533     0.00     0.00     0.00     0.00     0.00 -1 -9.81e-14      0.00 8.187e-01 1.807e-01 1.116e-04 3.062e-05 2.792e-04 -1.000 6.397e-04 4.550 6.875 5.939 5.352 4.902 4.656 5.059 5.093 4.965 4.677 4.607 4.517 4.446 4.319 4.291 4.121 4.117 4.033
0.00077741 -1.30000 9.75000 0.8500000238 2.4350346840    0.849  0.131  3.8135  4.442    1  0.000  0.532     0.00     0.00     0.00     0.00     0.00 -1  -1.1e-13      0.00 8.193e-01 1.801e-01 1.117e-04 3.069e-05 2.800e-04 -1.000 6.462e-04 4.444 6.703 5.773 5.209 4.780 4.545 4.938 4.971 4.847 4.567 4.499 4.411 4.342 4.218 4.191 4.025 4.021 3.940
0.00077741 -1.30000 9.75000 0.8601852059 2.4380909261    0.859  0.168  3.8169  4.424    1  0.000  0.532     0.00     0.00     0.00     0.00     0.00 -1 -1.22e-13      0.00 8.194e-01 1.800e-01 1.119e-04 3.073e-05 2.804e-04 -1.000 6.378e-04 4.351 6.557 5.634 5.087 4.674 4.448 4.833 4.865 4.744 4.471 4.404 4.319 4.251 4.130 4.103 3.940 3.936 3.858
0.00077741 -1.30000 9.75000 0.8748986125 2.4423617769    0.874  0.223  3.8217  4.395    1  0.000  0.532     0.00     0.00     0.00     0.00     0.00 -1 -1.42e-13      0.00 8.193e-01 1.800e-01 1.122e-04 3.081e-05 2.812e-04 -1.000 6.340e-04 4.212 6.344 5.430 4.907 4.518 4.304 4.676 4.707 4.591 4.328 4.263 4.180 4.114 3.997 3.971 3.813 3.810 3.736
0.00077741 -1.30000 9.75000 0.8882676959 2.4461016545    0.887  0.276  3.8262  4.367    1  0.000  0.532     0.00     0.00     0.00     0.00     0.00 -1 -1.64e-13      0.00 8.192e-01 1.802e-01 1.125e-04 3.089e-05 2.820e-04 -1.000 6.510e-04 4.081 6.147 5.244 4.742 4.374 4.170 4.529 4.558 4.446 4.192 4.129 4.049 3.985 3.871 3.846 3.693 3.690 3.619
0.00077741 -1.30000 9.75000 0.8999999762 2.4492786016    0.899  0.323  3.8301  4.341    1  0.000  0.532     0.00     0.00     0.00     0.00     0.00 -1 -1.88e-13      0.00 8.189e-01 1.804e-01 1.127e-04 3.098e-05 2.828e-04 -1.000 6.547e-04 3.961 5.971 5.077 4.593 4.243 4.049 4.394 4.423 4.314 4.068 4.006 3.929 3.866 3.756 3.732 3.583 3.580 3.513
0.00077741 -1.30000 9.75000 0.9006440043 2.4494502420    0.899  0.326  3.8303  4.339    1  0.000  0.532     0.00     0.00     0.00     0.00     0.00 -1 -1.89e-13      0.00 8.189e-01 1.804e-01 1.127e-04 3.099e-05 2.828e-04 -1.000 6.547e-04 3.955 5.961 5.068 4.585 4.237 4.043 4.387 4.415 4.307 4.061 3.999 3.922 3.860 3.750 3.726 3.577 3.574 3.507
0.00077741 -1.30000 9.75000 0.9115542769 2.4523156145    0.910  0.372  3.8343  4.315    1  0.000  0.532     0.00     0.00     0.00     0.00     0.00 -1 -2.15e-13      0.00 8.187e-01 1.806e-01 1.129e-04 3.101e-05 2.830e-04 -1.000 6.547e-04 3.840 5.794 4.914 4.448 4.115 3.930 4.259 4.285 4.180 3.942 3.882 3.807 3.747 3.640 3.616 3.472 3.469 3.405
0.00077741 -1.30000 9.75000 0.9219542146 2.4549744802    0.921  0.417  3.8380  4.289    1  0.000  0.532     0.00     0.00     0.00     0.00     0.00 -1 -2.44e-13      0.00 8.185e-01 1.808e-01 1.129e-04 3.103e-05 2.833e-04 -1.000 6.547e-04 3.728 5.634 4.765 4.315 3.998 3.821 4.133 4.157 4.056 3.824 3.766 3.694 3.635 3.532 3.509 3.368 3.366 3.305
0.00077741 -1.30000 9.75000 0.9321858883 2.4575238584    0.931  0.462  3.8414  4.262    1  0.000  0.532     0.00     0.00     0.00     0.00     0.00 -1 -2.77e-13      0.00 8.183e-01 1.811e-01 1.131e-04 3.107e-05 2.836e-04 -1.000 6.251e-04 3.615 5.478 4.620 4.185 3.881 3.712 4.008 4.030 3.932 3.707 3.650 3.581 3.523 3.423 3.400 3.264 3.261 3.203
0.00077741 -1.30000 9.75000 0.9416126013 2.4598163633    0.940  0.505  3.8443  4.235    1  0.000  0.532     0.00     0.00     0.00     0.00     0.00 -1 -3.14e-13      0.00 8.180e-01 1.813e-01 1.132e-04 3.110e-05 2.839e-04 -1.000 6.510e-04 3.508 5.337 4.489 4.067 3.773 3.610 3.891 3.910 3.815 3.596 3.540 3.473 3.417 3.319 3.297 3.164 3.162 3.105
0.00077741 -1.30000 9.75000 0.9499999881 2.4618121868    0.949  0.546  3.8466  4.208    1  0.000  0.532     0.00     0.00     0.00     0.00     0.00 -1 -3.54e-13      0.00 8.171e-01 1.822e-01 1.136e-04 3.121e-05 2.849e-04 -1.000 6.547e-04 3.406 5.209 4.370 3.957 3.672 3.513 3.781 3.798 3.705 3.490 3.436 3.370 3.315 3.219 3.198 3.067 3.065 3.011
0.00077741 -1.30000 9.75000 0.9554765224 2.4630936342    0.954  0.573  3.8483  4.190    1  0.000  0.532     0.00     0.00     0.00     0.00     0.00 -1 -3.83e-13      0.00 8.166e-01 1.828e-01 1.138e-04 3.128e-05 2.855e-04 -1.000 6.547e-04 3.339 5.120 4.288 3.883 3.604 3.449 3.707 3.723 3.631 3.420 3.366 3.302 3.248 3.154 3.133 3.004 3.002 2.949
0.00077741 -1.30000 9.75000 0.9638716578 2.4650255281    0.963  0.618  3.8505  4.158    1  0.000  0.532     0.00     0.00     0.00     0.00     0.00 -1  -4.4e-13      0.00 8.150e-01 1.844e-01 1.146e-04 3.148e-05 2.873e-04 -1.000 6.547e-04 3.226 4.983 4.160 3.764 3.494 3.343 3.586 3.599 3.510 3.304 3.251 3.189 3.135 3.043 3.023 2.897 2.895 2.844
0.00077741 -1.30000 9.75000 0.9713288546 2.4667094144    0.970  0.662  3.8512  4.120    1  0.000  0.532     0.00     0.00     0.00     0.00     0.00 -1 -5.06e-13      0.00 8.136e-01 1.858e-01 1.153e-04 3.166e-05 2.888e-04 -1.000 6.547e-04 3.115 4.868 4.050 3.658 3.390 3.241 3.471 3.483 3.394 3.190 3.138 3.076 3.023 2.932 2.912 2.787 2.785 2.734
0.00077741 -1.30000 9.75000 0.9791020155 2.4684332855    0.978  0.712  3.8499  4.068    1  0.000  0.532     0.00     0.00     0.00     0.00     0.00 -1 -6.01e-13      0.00 8.121e-01 1.872e-01 1.160e-04 3.184e-05 2.905e-04 -1.000 6.547e-04 2.989 4.762 3.945 3.549 3.276 3.124 3.345 3.356 3.267 3.062 3.010 2.947 2.894 2.803 2.782 2.657 2.655 2.602
0.00077741 -1.30000 9.75000 0.9849646091 2.4697127673    0.984  0.754  3.8467  4.015    1  0.000  0.532     0.00     0.00     0.00     0.00     0.00 -1 -7.03e-13      0.00 8.110e-01 1.883e-01 1.165e-04 3.198e-05 2.917e-04 -1.000 6.547e-04 2.884 4.703 3.879 3.473 3.187 3.029 3.247 3.258 3.167 2.957 2.904 2.840 2.786 2.692 2.671 2.542 2.540 2.485
0.00077741 -1.30000 9.75000 0.9874771833 2.4702557786    0.986  0.775  3.8431  3.981    2  0.000  0.533     0.00     0.00     0.00     0.00     0.00 -1 -7.65e-13      0.00 8.106e-01 1.888e-01 1.167e-04 3.204e-05 2.922e-04 -1.000 6.546e-04 2.832 4.700 3.868 3.448 3.148 2.983 3.204 3.215 3.122 2.907 2.852 2.786 2.731 2.634 2.613 2.481 2.478 2.421
0.00077741 -1.30000 9.75000 0.9915159941 2.4711220074    0.990  0.810  3.8354  3.917    2  0.000  0.533     0.00     0.00     0.00     0.00     0.00 -1 -8.91e-13      0.00 8.098e-01 1.895e-01 1.171e-04 3.213e-05 2.930e-04 -1.000 6.547e-04 2.744 4.721 3.872 3.421 3.090 2.908 3.137 3.150 3.051 2.823 2.766 2.695 2.637 2.534 2.511 2.372 2.369 2.305
0.00077741 -1.30000 9.75000 0.9945508242 2.4717675851    0.993  0.840  3.8263  3.853    2  0.000  0.533     0.00     0.00     0.00     0.00     0.00 -1 -1.03e-12      0.00 8.093e-01 1.901e-01 1.173e-04 3.220e-05 2.937e-04 -1.000 6.548e-04 2.671 4.781 3.914 3.423 3.053 2.852 3.092 3.106 3.000 2.757 2.696 2.620 2.558 2.448 2.424 2.275 2.272 2.201
0.00077741 -1.30000 9.75000 0.9963396788 2.4721459974    0.995  0.858  3.8189  3.805    2  0.000  0.533     0.00     0.00     0.00     0.00     0.00 -1 -1.13e-12      0.00 8.089e-01 1.904e-01 1.175e-04 3.224e-05 2.940e-04 -1.000 6.548e-04 2.624 4.848 3.968 3.443 3.039 2.822 3.070 3.086 2.973 2.717 2.653 2.572 2.507 2.392 2.366 2.210 2.206 2.129
0.00077741 -1.30000 9.75000 0.9978029132 2.4724543685    0.996  0.874  3.8110  3.758    2  0.000  0.533     0.00     0.00     0.00     0.00     0.00 -1 -1.24e-12      0.00 8.087e-01 1.907e-01 1.176e-04 3.228e-05 2.943e-04 -1.000 6.548e-04 2.584 4.932 4.040 3.476 3.034 2.799 3.059 3.075 2.955 2.684 2.617 2.531 2.463 2.342 2.315 2.151 2.146 2.063
0.00077741 -1.30000 9.75000 0.9990136623 2.4727087440    0.998  0.888  3.8029  3.713    2  0.000  0.533     0.00     0.00     0.00     0.00     0.00 -1 -1.35e-12      0.00 8.085e-01 1.909e-01 1.177e-04 3.230e-05 2.946e-04 -1.000 6.547e-04 2.551 5.036 4.138 3.525 3.040 2.785 3.059 3.074 2.947 2.659 2.589 2.497 2.426 2.298 2.270 2.098 2.093 2.003
0.00077741 -1.30000 9.75000 1.0000000000 2.4729154477    0.999  0.898  3.7950  3.671    2  0.000  0.533     0.00     0.00     0.00     0.00     0.00 -1 -1.45e-12      0.00 8.083e-01 1.911e-01 1.178e-04 3.233e-05 2.948e-04 -1.000 6.547e-04 2.524 5.146 4.249 3.586 3.057 2.781 3.068 3.082 2.947 2.641 2.568 2.471 2.397 2.263 2.233 2.053 2.047 1.951
0.00077741 -1.30000 9.75000 1.0001267195 2.4729419699    0.999  0.900  3.7939  3.666    2  0.000  0.533     0.00     0.00     0.00     0.00     0.00 -1 -1.46e-12      0.00 8.083e-01 1.911e-01 1.178e-04 3.233e-05 2.948e-04 -1.000 6.549e-04 2.521 5.161 4.265 3.595 3.060 2.781 3.069 3.083 2.947 2.639 2.565 2.468 2.393 2.258 2.228 2.047 2.041 1.944
0.00077741 -1.30000 9.75000 1.0007889271 2.4730804434    0.999  0.905  3.7876  3.635    2  0.000  0.533     0.00     0.00     0.00     0.00     0.00 -1 -1.53e-12      0.00 8.059e-01 1.934e-01 1.191e-04 3.268e-05 2.979e-04 -1.000 6.825e-04 2.508 5.258 4.370 3.657 3.085 2.789 3.086 3.098 2.955 2.633 2.557 2.455 2.378 2.238 2.207 2.019 2.013 1.911
0.00077741 -1.30000 9.75000 1.0015251637 2.4732341499    1.000  0.909  3.7803  3.602    2  0.000  0.533     0.00     0.00     0.00     0.00     0.00 -1  -1.6e-12      0.00 8.013e-01 1.980e-01 1.216e-04 3.336e-05 3.040e-04 -1.000 7.096e-04 2.497 5.376 4.506 3.741 3.122 2.806 3.111 3.120 2.970 2.631 2.551 2.445 2.365 2.219 2.187 1.992 1.985 1.877
0.00077741 -1.30000 9.75000 1.0022004843 2.4733749104    1.001  0.911  3.7734  3.573    2  0.000  0.534     0.00     0.00     0.00     0.00     0.00 -1 -1.67e-12      0.00 7.934e-01 2.059e-01 1.259e-04 3.450e-05 3.142e-04 -1.000 7.217e-04 2.491 5.494 4.664 3.842 3.171 2.836 3.144 3.149 2.991 2.635 2.552 2.442 2.359 2.208 2.174 1.972 1.965 1.850
0.00077741 -1.30000 9.75000 1.0028057098 2.4735008754    1.001  0.913  3.7674  3.548    2  0.000  0.535     0.00     0.00     0.00     0.00     0.00 -1 -1.72e-12      0.00 7.825e-01 2.168e-01 1.308e-04 3.580e-05 3.257e-04 -1.000 7.433e-04 2.489 5.597 4.809 3.936 3.219 2.865 3.177 3.177 3.012 2.641 2.555 2.441 2.355 2.200 2.165 1.957 1.949 1.830
0.00077741 -1.30000 9.75000 1.0033674240 2.4736176280    1.002  0.915  3.7620  3.524    2  0.000  0.536     0.00     0.00     0.00     0.00     0.00 -1 -1.77e-12      0.00 7.754e-01 2.239e-01 1.338e-04 3.660e-05 3.329e-04 -1.000 7.436e-04 2.482 5.681 4.941 4.020 3.259 2.889 3.202 3.198 3.027 2.642 2.555 2.437 2.349 2.189 2.153 1.939 1.931 1.807
0.00077741 -1.30000 9.75000 1.0039157867 2.4737314607    1.002  0.919  3.7570  3.500    2  0.000  0.536     0.00     0.00     0.00     0.00     0.00 -1 -1.84e-12      0.00 7.697e-01 2.295e-01 1.361e-04 3.722e-05 3.384e-04 -1.000 7.344e-04 2.472 5.747 5.067 4.098 3.296 2.910 3.224 3.214 3.036 2.639 2.550 2.428 2.339 2.175 2.138 1.919 1.911 1.782
0.00077741 -1.30000 9.75000 1.0044666529 2.4738456691    1.003  0.928  3.7525  3.474    2  0.000  0.537     0.00     0.00     0.00     0.00     0.00 -1 -1.93e-12      0.00 7.648e-01 2.344e-01 1.381e-04 3.775e-05 3.431e-04 -1.000 7.524e-04 2.451 5.794 5.179 4.164 3.322 2.922 3.233 3.218 3.035 2.626 2.534 2.410 2.319 2.152 2.113 1.890 1.881 1.749
0.00077741 -1.30000 9.75000 1.0051544905 2.4739880730    1.003  0.944  3.7476  3.438    2  0.000  0.537     0.00     0.00     0.00     0.00     0.00 -1 -2.08e-12      0.00 7.614e-01 2.378e-01 1.396e-04 3.814e-05 3.466e-04 -1.000 8.043e-04 2.410 5.821 5.284 4.219 3.332 2.917 3.224 3.203 3.014 2.593 2.499 2.372 2.279 2.108 2.069 1.841 1.831 1.694
0.00077741 -1.30000 9.75000 1.0058491230 2.4741316565    1.004  0.969  3.7437  3.397    2  0.000  0.537     0.00     0.00     0.00     0.00     0.00 -1  -2.3e-12      0.00 7.590e-01 2.402e-01 1.405e-04 3.838e-05 3.488e-04 -1.000 7.746e-04 2.346 5.809 5.341 4.235 3.311 2.884 3.187 3.161 2.968 2.536 2.442 2.312 2.217 2.043 2.003 1.771 1.762 1.621
0.00077741 -1.30000 9.75000 1.0060490370 2.4741729373    1.004  0.977  3.7427  3.385    2  0.000  0.537     0.00     0.00     0.00     0.00     0.00 -1 -2.38e-12      0.00 7.584e-01 2.408e-01 1.407e-04 3.844e-05 3.493e-04 -1.000 7.626e-04 2.326 5.803 5.352 4.236 3.302 2.872 3.174 3.147 2.952 2.518 2.423 2.292 2.197 2.023 1.983 1.750 1.740 1.599
0.00077741 -1.30000 9.75000 1.0064588785 2.4742575076    1.005  0.998  3.7410  3.359    3  0.000  0.537     0.00     0.00     0.00     0.00     0.00 -1 -2.58e-12      0.00 7.573e-01 2.419e-01 1.410e-04 3.853e-05 3.501e-04 -1.000 8.134e-04 2.276 5.774 5.353 4.219 3.270 2.835 3.135 3.106 2.909 2.471 2.375 2.243 2.148 1.972 1.932 1.697 1.687 1.544
0.00077741 -1.30000 9.75000 1.0072792768 2.4744265582    1.005  1.041  3.7380  3.303    3  0.000  0.537     0.00     0.00     0.00     0.00     0.00 -1 -3.01e-12      0.00 7.553e-01 2.439e-01 1.415e-04 3.869e-05 3.514e-04 -1.000 8.156e-04 2.167 5.701 5.340 4.173 3.198 2.755 3.047 3.013 2.813 2.368 2.271 2.137 2.041 1.863 1.822 1.584 1.574 1.428
0.00077741 -1.30000 9.75000 1.0079630613 2.4745672165    1.006  1.082  3.7359  3.254    3  0.000  0.537     0.00     0.00     0.00     0.00     0.00 -1  -3.5e-12      0.00 7.535e-01 2.457e-01 1.418e-04 3.880e-05 3.523e-04 -1.000 8.181e-04 2.065 5.624 5.312 4.119 3.125 2.676 2.962 2.924 2.721 2.271 2.173 2.038 1.941 1.762 1.720 1.480 1.470 1.322
0.00077741 -1.30000 9.75000 1.0086935759 2.4747172451    1.007  1.129  3.7338  3.199    3  0.000  0.535     0.00     0.00     0.00     0.00     0.00 -1 -4.14e-12      0.00 7.514e-01 2.478e-01 1.416e-04 3.906e-05 3.531e-04 -1.000 8.181e-04 1.948 5.531 5.262 4.046 3.034 2.581 2.860 2.819 2.614 2.158 2.060 1.923 1.825 1.645 1.603 1.361 1.350 1.200
0.00077741 -1.30000 9.75000 1.0093061924 2.4748428680    1.007  1.171  3.7321  3.151    3  0.000  0.530     0.00     0.00     0.00     0.00     0.00 -1 -4.82e-12      0.00 7.494e-01 2.498e-01 1.404e-04 3.987e-05 3.536e-04 -1.000 8.136e-04 1.843 5.445 5.212 3.977 2.951 2.494 2.767 2.724 2.516 2.057 1.958 1.820 1.722 1.540 1.497 1.254 1.243 1.091
0.00077741 -1.30000 9.75000 1.0099440813 2.4749734871    1.008  1.218  3.7304  3.097    3  0.000  0.518     0.00     0.00     0.00     0.00     0.00 -1 -5.71e-12      0.00 7.471e-01 2.521e-01 1.374e-04 4.260e-05 3.541e-04 -1.000 8.160e-04 1.725 5.348 5.151 3.896 2.856 2.395 2.662 2.617 2.407 1.943 1.844 1.705 1.606 1.423 1.380 1.135 1.124 0.970
0.00077741 -1.30000 9.75000 1.0105273724 2.4750927603    1.008  1.264  3.7287  3.044    3  0.000  0.502     0.00     0.00     0.00     0.00     0.00 -1 -6.73e-12      0.00 7.450e-01 2.542e-01 1.331e-04 4.747e-05 3.546e-04 -1.000 8.184e-04 1.610 5.250 5.093 3.817 2.763 2.298 2.559 2.511 2.299 1.832 1.732 1.592 1.493 1.308 1.265 1.018 1.007 0.852
0.00077741 -1.30000 9.75000 1.0110638142 2.4752023139    1.009  1.310  3.7271  2.993    3  0.000  0.485     0.00     0.00     0.00     0.00     0.00 -1 -7.93e-12      0.00 7.429e-01 2.563e-01 1.289e-04 5.265e-05 3.549e-04 -1.000 8.184e-04 1.496 5.152 5.039 3.742 2.672 2.203 2.458 2.407 2.193 1.722 1.621 1.481 1.381 1.195 1.152 0.903 0.892 0.735
0.00077741 -1.30000 9.75000 1.0115487576 2.4753012354    1.009  1.354  3.7255  2.942    3  0.000  0.473     0.00     0.00     0.00     0.00     0.00 -1  -9.3e-12      0.00 7.412e-01 2.580e-01 1.257e-04 5.671e-05 3.551e-04 -1.000 8.184e-04 1.385 5.059 4.992 3.672 2.587 2.112 2.360 2.307 2.090 1.615 1.514 1.372 1.272 1.085 1.041 0.791 0.779 0.621
0.00077741 -1.30000 9.75000 1.0119997263 2.4753931287    1.010  1.398  3.7239  2.892    3  0.000  0.463     0.00     0.00     0.00     0.00     0.00 -1 -1.09e-11      0.00 7.397e-01 2.595e-01 1.233e-04 5.983e-05 3.553e-04 -1.000 8.184e-04 1.275 4.966 4.945 3.604 2.501 2.022 2.263 2.206 1.988 1.508 1.407 1.264 1.163 0.976 0.931 0.679 0.667 0.508
0.00077741 -1.30000 9.75000 1.0124448538 2.4754837394    1.010  1.445  3.7222  2.838    3  0.000  0.455     0.00     0.00     0.00     0.00     0.00 -1 -1.29e-11      0.00 7.383e-01 2.609e-01 1.213e-04 6.234e-05 3.555e-04 -1.000 8.184e-04 1.158 4.868 4.897 3.532 2.411 1.927 2.160 2.100 1.879 1.395 1.293 1.149 1.047 0.859 0.814 0.560 0.548 0.387
0.00077741 -1.30000 9.75000 1.0128411055 2.4755643238    1.010  1.490  3.7204  2.786    3  0.000  0.450     0.00     0.00     0.00     0.00     0.00 -1 -1.52e-11      0.00 7.372e-01 2.620e-01 1.199e-04 6.413e-05 3.555e-04 -1.000 8.183e-04 1.044 4.773 4.852 3.463 2.323 1.834 2.061 1.998 1.775 1.286 1.183 1.038 0.936 0.746 0.701 0.445 0.433 0.270
0.00077741 -1.30000 9.75000 1.0131902695 2.4756352721    1.010  1.534  3.7188  2.736    3  0.000  0.446     0.00     0.00     0.00     0.00     0.00 -1 -1.78e-11      0.00 7.364e-01 2.628e-01 1.189e-04 6.538e-05 3.556e-04 -1.000 8.184e-04 0.936 4.681 4.815 3.399 2.242 1.748 1.967 1.901 1.675 1.182 1.078 0.933 0.830 0.638 0.593 0.336 0.323 0.158
0.00077741 -1.30000 9.75000 1.0135183334 2.4757018818    1.011  1.577  3.7170  2.685    3  0.000  0.443     0.00     0.00     0.00     0.00     0.00 -1 -2.08e-11      0.00 7.358e-01 2.634e-01 1.182e-04 6.628e-05 3.557e-04 -1.000 8.184e-04 0.827 4.588 4.782 3.338 2.161 1.662 1.873 1.804 1.576 1.078 0.973 0.826 0.723 0.530 0.484 0.225 0.212 0.046
0.00077741 -1.30000 9.75000 1.0138309002 2.4757652988    1.011  1.622  3.7152  2.633    3  0.000  0.441     0.00     0.00     0.00     0.00     0.00 -1 -2.45e-11      0.00 7.354e-01 2.638e-01 1.177e-04 6.692e-05 3.558e-04 -1.000 8.183e-04 0.714 4.492 4.748 3.275 2.078 1.573 1.777 1.704 1.474 0.971 0.865 0.717 0.613 0.419 0.372 0.111 0.098 -0.070
0.00077741 -1.30000 9.75000 1.0141115189 2.4758221956    1.011  1.666  3.7133  2.582    3  0.000  0.440     0.00     0.00     0.00     0.00     0.00 -1 -2.88e-11      0.00 7.351e-01 2.641e-01 1.174e-04 6.733e-05 3.558e-04 -1.000 7.924e-04 0.605 4.400 4.718 3.216 1.998 1.488 1.685 1.609 1.375 0.867 0.761 0.612 0.507 0.311 0.264 0.001 -0.012 -0.182
0.00077741 -1.30000 9.75000 1.0143722296 2.4758750234    1.011  1.710  3.7114  2.531    3  0.000  0.440     0.00     0.00     0.00     0.00     0.00 -1 -3.37e-11      0.00 7.349e-01 2.642e-01 1.172e-04 6.753e-05 3.558e-04 -1.000 8.183e-04 0.496 4.308 4.689 3.157 1.918 1.403 1.593 1.514 1.277 0.763 0.657 0.506 0.401 0.203 0.156 -0.109 -0.122 -0.295
0.00077741 -1.30000 9.75000 1.0146170855 2.4759246102    1.011  1.754  3.7094  2.479    3  0.000  0.439     0.00     0.00     0.00     0.00     0.00 -1 -3.96e-11      0.00 7.349e-01 2.643e-01 1.172e-04 6.763e-05 3.558e-04 -1.000 8.184e-04 0.385 4.215 4.669 3.104 1.841 1.320 1.501 1.417 1.177 0.658 0.550 0.399 0.292 0.094 0.046 -0.222 -0.235 -0.409
0.00077741 -1.30000 9.75000 1.0148342848 2.4759685731    1.011  1.796  3.7075  2.429    3  0.000  0.439     0.00     0.00     0.00     0.00     0.00 -1 -4.63e-11      0.00 7.349e-01 2.643e-01 1.171e-04 6.767e-05 3.558e-04 -1.000 8.183e-04 0.279 4.126 4.669 3.067 1.775 1.247 1.415 1.327 1.083 0.558 0.449 0.296 0.189 -0.011 -0.060 -0.329 -0.343 -0.519
0.00077741 -1.30000 9.75000 1.0150407553 2.4760103443    1.011  1.839  3.7055  2.377    3  0.000  0.439     0.00     0.00     0.00     0.00     0.00 -1 -5.42e-11      0.00 7.349e-01 2.643e-01 1.171e-04 6.769e-05 3.558e-04 -1.000 8.183e-04 0.171 4.035 4.670 3.029 1.708 1.173 1.329 1.235 0.988 0.456 0.346 0.191 0.083 -0.118 -0.167 -0.439 -0.453 -0.631
0.00077741 -1.30000 9.75000 1.0152325630 2.4760491316    1.011  1.883  3.7034  2.326    3  0.000  0.439     0.00     0.00     0.00     0.00     0.00 -1 -6.35e-11      0.00 7.349e-01 2.643e-01 1.171e-04 6.771e-05 3.558e-04 -1.000 8.183e-04 0.063 3.944 4.672 2.992 1.642 1.100 1.243 1.144 0.893 0.354 0.243 0.087 -0.022 -0.225 -0.275 -0.549 -0.563 -0.743
0.00077741 -1.30000 9.75000 1.0154024363 2.4760834693    1.011  1.924  3.7014  2.277    3  0.000  0.439     0.00     0.00     0.00     0.00     0.00 -1 -7.39e-11      0.00 7.349e-01 2.643e-01 1.171e-04 6.773e-05 3.558e-04 -1.000 8.183e-04 -0.039 3.858 4.677 2.959 1.580 1.031 1.163 1.058 0.804 0.258 0.146 -0.012 -0.122 -0.327 -0.377 -0.653 -0.667 -0.850
0.00077741 -1.30000 9.75000 1.0155664682 2.4761166136    1.011  1.966  3.6993  2.226    3  0.000  0.439     0.00     0.00     0.00     0.00     0.00 -1 -8.63e-11      0.00 7.349e-01 2.643e-01 1.171e-04 6.775e-05 3.559e-04 -1.000 8.183e-04 -0.145 3.769 4.683 2.925 1.517 0.961 1.080 0.970 0.711 0.159 0.046 -0.114 -0.224 -0.431 -0.481 -0.760 -0.775 -0.959
0.00077741 -1.30000 9.75000 1.0157139301 2.4761463993    1.011  2.006  3.6972  2.177    3  0.000  0.439     0.00     0.00     0.00     0.00     0.00 -1    -1e-10      0.00 7.349e-01 2.643e-01 1.171e-04 6.776e-05 3.559e-04 -1.000 8.184e-04 -0.246 3.683 4.700 2.900 1.460 0.897 1.003 0.887 0.625 0.065 -0.049 -0.210 -0.322 -0.530 -0.581 -0.862 -0.877 -1.064
0.00077741 -1.30000 9.75000 1.0158557892 2.4761750439    1.011  2.047  3.6951  2.128    3  0.000  0.439     0.00     0.00     0.00     0.00     0.00 -1 -1.17e-10      0.00 7.349e-01 2.643e-01 1.170e-04 6.778e-05 3.559e-04 -1.000 8.183e-04 -0.348 3.595 4.717 2.874 1.402 0.832 0.926 0.804 0.537 -0.030 -0.145 -0.308 -0.420 -0.631 -0.682 -0.966 -0.981 -1.170
0.00077741 -1.30000 9.75000 1.0159866810 2.4762014658    1.011  2.086  3.6931  2.081    3  0.000  0.439     0.00     0.00     0.00     0.00     0.00 -1 -1.34e-10      0.00 7.349e-01 2.643e-01 1.170e-04 6.779e-05 3.559e-04 -1.000 8.183e-04 -0.444 3.513 4.732 2.850 1.348 0.771 0.853 0.726 0.455 -0.119 -0.235 -0.400 -0.513 -0.725 -0.777 -1.063 -1.078 -1.269
0.00077741 -1.30000 9.75000 1.0161277056 2.4762299244    1.010  2.123  3.6911  2.036    3  0.000  0.439     0.00     0.00     0.00     0.00     0.00 -1 -1.54e-10      0.00 7.349e-01 2.643e-01 1.170e-04 6.781e-05 3.559e-04 -1.000 8.183e-04 -0.537 3.434 4.750 2.828 1.297 0.713 0.784 0.652 0.377 -0.205 -0.321 -0.488 -0.602 -0.816 -0.868 -1.156 -1.172 -1.365
0.00077741 -1.30000 9.75000 1.0162198544 2.4762485150    1.010  2.137  3.6904  2.019    3  0.000  0.439     0.00     0.00     0.00     0.00     0.00 -1 -1.64e-10      0.00 7.348e-01 2.643e-01 1.170e-04 6.782e-05 3.559e-04 -1.000 8.183e-04 -0.573 3.403 4.752 2.817 1.275 0.689 0.756 0.622 0.346 -0.239 -0.355 -0.522 -0.637 -0.851 -0.904 -1.193 -1.208 -1.402
0.00077741 -1.30000 9.75000 1.0162959099 2.4762638559    1.010  2.120  3.6916  2.041    3  0.000  0.439     0.00     0.00     0.00     0.00     0.00 -1 -1.55e-10      0.00 7.348e-01 2.643e-01 1.170e-04 6.782e-05 3.559e-04 -1.000 8.184e-04 -0.530 3.439 4.733 2.821 1.295 0.713 0.786 0.655 0.381 -0.199 -0.316 -0.481 -0.595 -0.809 -0.861 -1.149 -1.164 -1.357
0.00077741 -1.30000 9.75000 1.0163695812 2.4762787134    1.010  2.090  3.6935  2.079    3  0.000  0.439     0.00     0.00     0.00     0.00     0.00 -1 -1.39e-10      0.00 7.348e-01 2.643e-01 1.170e-04 6.783e-05 3.559e-04 -1.000 8.183e-04 -0.454 3.501 4.702 2.828 1.331 0.755 0.838 0.712 0.442 -0.131 -0.246 -0.411 -0.524 -0.735 -0.787 -1.073 -1.088 -1.278
0.00077741 -1.30000 9.75000 1.0163795948 2.4762807327    1.010  2.085  3.6938  2.084    3  0.000  0.439     0.00     0.00     0.00     0.00     0.00 -1 -1.36e-10      0.00 7.348e-01 2.643e-01 1.170e-04 6.783e-05 3.559e-04 -1.000 8.184e-04 -0.443 3.510 4.697 2.829 1.336 0.762 0.846 0.721 0.452 -0.121 -0.236 -0.400 -0.513 -0.724 -0.776 -1.061 -1.076 -1.267
0.00077741 -1.30000 9.75000 1.0164762735 2.4763002259    1.010  2.122  3.6918  2.039    3  0.000  0.439     0.00     0.00     0.00     0.00     0.00 -1 -1.54e-10      0.00 7.348e-01 2.643e-01 1.170e-04 6.784e-05 3.559e-04 -1.000 8.184e-04 -0.535 3.431 4.716 2.809 1.286 0.705 0.778 0.647 0.373 -0.206 -0.322 -0.488 -0.602 -0.815 -0.867 -1.155 -1.170 -1.363
0.00077741 -1.30000 9.75000 1.0165786743 2.4763208683    1.009  2.162  3.6896  1.990    3  0.000  0.439     0.00     0.00     0.00     0.00     0.00 -1 -1.78e-10      0.00 7.348e-01 2.643e-01 1.170e-04 6.785e-05 3.559e-04 -1.000 8.184e-04 -0.635 3.347 4.744 2.792 1.235 0.646 0.705 0.568 0.290 -0.298 -0.415 -0.583 -0.697 -0.912 -0.965 -1.255 -1.271 -1.466
0.00077741 -1.30000 9.75000 1.0166803598 2.4763413617    1.009  2.204  3.6872  1.939    3  0.000  0.439     0.00     0.00     0.00     0.00     0.00 -1 -2.08e-10      0.00 7.348e-01 2.644e-01 1.170e-04 6.786e-05 3.559e-04 -1.000 8.184e-04 -0.740 3.259 4.794 2.794 1.191 0.593 0.634 0.489 0.205 -0.392 -0.511 -0.680 -0.796 -1.013 -1.067 -1.360 -1.376 -1.573
0.00077741 -1.30000 9.75000 1.0167727470 2.4763599771    1.009  2.244  3.6849  1.889    3  0.000  0.439     0.00     0.00     0.00     0.00     0.00 -1 -2.42e-10      0.00 7.348e-01 2.644e-01 1.170e-04 6.787e-05 3.559e-04 -1.000 8.183e-04 -0.840 3.174 4.830 2.808 1.160 0.551 0.570 0.415 0.124 -0.483 -0.603 -0.775 -0.892 -1.111 -1.166 -1.461 -1.477 -1.678
0.00077741 -1.30000 9.75000 1.0168613195 2.4763778202    1.008  2.285  3.6825  1.838    3  0.000  0.438     0.00     0.00     0.00     0.00     0.00 -1 -2.82e-10      0.00 7.348e-01 2.644e-01 1.170e-04 6.788e-05 3.559e-04 -1.000 8.184e-04 -0.943 3.087 4.840 2.841 1.145 0.520 0.511 0.343 0.043 -0.578 -0.700 -0.874 -0.993 -1.214 -1.268 -1.566 -1.583 -1.785
0.00077741 -1.30000 9.75000 1.0169398785 2.4763936430    1.008  2.324  3.6802  1.790    3  0.000  0.438     0.00     0.00     0.00     0.00     0.00 -1 -3.26e-10      0.00 7.348e-01 2.644e-01 1.170e-04 6.789e-05 3.559e-04 -1.000 8.184e-04 -1.041 3.005 4.855 2.879 1.134 0.494 0.458 0.278 -0.032 -0.667 -0.791 -0.967 -1.087 -1.311 -1.366 -1.666 -1.683 -1.888
0.00077741 -1.30000 9.75000 1.0170172453 2.4764092230    1.008  2.365  3.6777  1.739    3  0.000  0.438     0.00     0.00     0.00     0.00     0.00 -1  -3.8e-10      0.00 7.348e-01 2.644e-01 1.170e-04 6.790e-05 3.559e-04 -1.000 8.184e-04 -1.143 2.918 4.878 2.927 1.126 0.472 0.405 0.212 -0.109 -0.760 -0.885 -1.064 -1.186 -1.412 -1.468 -1.770 -1.787 -1.995
0.00077741 -1.30000 9.75000 1.0170851946 2.4764229043    1.007  2.404  3.6753  1.691    3  0.000  0.438     0.00     0.00     0.00     0.00     0.00 -1  -4.4e-10      0.00 7.348e-01 2.644e-01 1.169e-04 6.791e-05 3.559e-04 -1.000 8.184e-04 -1.239 2.838 4.905 2.981 1.124 0.455 0.359 0.152 -0.179 -0.846 -0.973 -1.155 -1.279 -1.506 -1.563 -1.868 -1.885 -2.095
0.00077741 -1.30000 9.75000 1.0171518326 2.4764363195    1.007  2.444  3.6729  1.640    3  0.000  0.438     0.00     0.00     0.00     0.00     0.00 -1 -5.11e-10      0.00 7.348e-01 2.644e-01 1.169e-04 6.791e-05 3.559e-04 -1.000 8.183e-04 -1.340 2.753 4.935 3.038 1.122 0.439 0.312 0.090 -0.252 -0.935 -1.065 -1.250 -1.375 -1.605 -1.662 -1.971 -1.988 -2.200
0.00077741 -1.30000 9.75000 1.0172106028 2.4764481491    1.006  2.482  3.6704  1.592    3  0.000  0.438     0.00     0.00     0.00     0.00     0.00 -1  -5.9e-10      0.00 7.348e-01 2.644e-01 1.169e-04 6.792e-05 3.559e-04 -1.000 8.183e-04 -1.435 2.674 4.971 3.102 1.127 0.429 0.271 0.036 -0.319 -1.019 -1.151 -1.339 -1.466 -1.699 -1.756 -2.067 -2.085 -2.300
0.00077741 -1.30000 9.75000 1.0172672272 2.4764595453    1.005  2.521  3.6679  1.543    3  0.000  0.438     6.65     5.24     3.75     2.87     2.33  4 -6.84e-10      0.00 7.348e-01 2.644e-01 1.169e-04 6.793e-05 3.559e-04 -1.000 8.183e-04 -1.533 2.592 5.005 3.174 1.135 0.423 0.234 -0.018 -0.385 -1.104 -1.239 -1.429 -1.559 -1.794 -1.852 -2.166 -2.184 -2.401
0.00077741 -1.30000 9.75000 1.0173181295 2.4764697887    1.005  2.559  3.6654  1.495    3  0.000  0.438     7.35     5.71     4.07     3.12     2.53  4 -7.88e-10      0.00 7.348e-01 2.644e-01 1.169e-04 6.793e-05 3.559e-04 -1.000 8.183e-04 -1.627 2.515 5.043 3.252 1.150 0.423 0.202 -0.065 -0.446 -1.184 -1.321 -1.515 -1.646 -1.884 -1.943 -2.260 -2.278 -2.498
0.00077741 -1.30000 9.75000 1.0173668861 2.4764795991    1.004  2.597  3.6629  1.446    3  0.000  0.438     8.13     6.24     4.43     3.40     2.76  4 -9.11e-10      0.00 7.348e-01 2.644e-01 1.169e-04 6.794e-05 3.559e-04 -1.000 8.184e-04 -1.722 2.436 5.085 3.340 1.172 0.432 0.176 -0.110 -0.505 -1.264 -1.404 -1.602 -1.735 -1.977 -2.036 -2.356 -2.375 -2.598
0.00077741 -1.30000 9.75000 1.0174221992 2.4764907275    1.003  2.644  3.6597  1.386    3  0.000  0.438     9.21     6.95     4.91     3.77     3.06  3 -1.09e-09      0.00 7.348e-01 2.644e-01 1.169e-04 6.794e-05 3.559e-04 -1.000 8.183e-04 -1.839 2.339 5.142 3.453 1.204 0.447 0.149 -0.160 -0.574 -1.361 -1.505 -1.707 -1.844 -2.089 -2.149 -2.474 -2.492 -2.719
0.00077741 -1.30000 9.75000 1.0174634457 2.4764990249    1.002  2.681  3.6571  1.339    3  0.000  0.438    10.17     7.58     5.33     4.10     3.33  3 -1.25e-09      0.00 7.348e-01 2.644e-01 1.169e-04 6.795e-05 3.559e-04 -1.000 8.183e-04 -1.932 2.263 5.189 3.538 1.228 0.460 0.129 -0.197 -0.627 -1.435 -1.582 -1.788 -1.926 -2.176 -2.237 -2.565 -2.584 -2.814
0.00077741 -1.30000 9.75000 1.0175023079 2.4765068420    1.001  2.718  3.6545  1.290    3  0.000  0.438    11.25     8.27     5.79     4.47     3.62  3 -1.45e-09      0.00 7.348e-01 2.644e-01 1.169e-04 6.795e-05 3.559e-04 -1.000 8.184e-04 -2.026 2.185 5.251 3.597 1.229 0.455 0.098 -0.243 -0.683 -1.508 -1.658 -1.868 -2.008 -2.261 -2.323 -2.656 -2.675 -2.908
0.00077741 -1.30000 9.75000 1.0175458193 2.4765155934    1.000  2.763  3.6514  1.232    3  0.000  0.438    12.69     9.17     6.40     4.94     4.01  3 -1.72e-09      0.00 7.348e-01 2.644e-01 1.169e-04 6.795e-05 3.559e-04 -1.000 8.184e-04 -2.138 2.091 5.322 3.665 1.229 0.448 0.062 -0.297 -0.751 -1.597 -1.750 -1.964 -2.106 -2.364 -2.427 -2.764 -2.784 -3.022
0.00077741 -1.30000 9.75000 1.0175796747 2.4765224022    0.999  2.800  3.6487  1.184    3  0.000  0.438    14.04    10.01     6.96     5.38     4.37  3 -1.98e-09      0.00 7.348e-01 2.644e-01 1.169e-04 6.796e-05 3.559e-04 -1.000 8.183e-04 -2.231 2.014 5.380 3.729 1.235 0.447 0.035 -0.339 -0.804 -1.668 -1.824 -2.042 -2.186 -2.447 -2.511 -2.854 -2.873 -3.115
0.00077741 -1.30000 9.75000 1.0176177025 2.4765300494    0.997  2.845  3.6454  1.125    3  0.000  0.438    15.85    11.13     7.69     5.96     4.84  3 -2.35e-09      0.00 7.348e-01 2.644e-01 1.169e-04 6.796e-05 3.559e-04 -1.000 8.183e-04 -2.343 1.922 5.439 3.803 1.241 0.447 0.003 -0.389 -0.868 -1.753 -1.912 -2.135 -2.281 -2.547 -2.612 -2.960 -2.981 -3.227
0.00077741 -1.30000 9.75000 1.0176525116 2.4765370488    0.996  2.889  3.6422  1.068    3  0.000  0.438    17.87    12.34     8.49     6.59     5.35  3 -2.78e-09      0.00 7.348e-01 2.644e-01 1.169e-04 6.797e-05 3.559e-04 -1.000 8.184e-04 -2.453 1.831 5.495 3.879 1.250 0.449 -0.026 -0.436 -0.929 -1.836 -1.997 -2.226 -2.374 -2.644 -2.711 -3.065 -3.086 -3.336
0.00077741 -1.30000 9.75000 1.0176852942 2.4765436402    0.994  2.934  3.6389  1.009    3  0.000  0.438    20.18    13.71     9.39     7.30     5.93  2  -3.3e-09      0.00 7.348e-01 2.644e-01 1.169e-04 6.797e-05 3.559e-04 -1.000 8.183e-04 -2.564 1.740 5.547 3.959 1.262 0.455 -0.052 -0.481 -0.989 -1.918 -2.083 -2.316 -2.467 -2.742 -2.810 -3.170 -3.191 -3.447
0.00077741 -1.30000 9.75000 1.0177155733 2.4765497278    0.992  2.978  3.6356  0.951    3  0.000  0.438    22.77    15.23    10.38     8.08     6.56  2 -3.91e-09      0.00 7.348e-01 2.644e-01 1.169e-04 6.797e-05 3.559e-04 -1.000 8.184e-04 -2.675 1.650 5.582 4.040 1.281 0.469 -0.067 -0.516 -1.040 -1.995 -2.163 -2.403 -2.556 -2.837 -2.907 -3.273 -3.294 -3.556
0.00077741 -1.30000 9.75000 1.0177428722 2.4765552159    0.990  3.020  3.6323  0.894    3  0.000  0.438    25.61    16.86    11.44     8.92     7.24  2 -4.62e-09      0.00 7.348e-01 2.644e-01 1.169e-04 6.798e-05 3.559e-04 -1.000 8.183e-04 -2.781 1.564 5.611 4.120 1.302 0.485 -0.077 -0.545 -1.087 -2.067 -2.239 -2.485 -2.641 -2.928 -3.000 -3.372 -3.394 -3.661
0.00077741 -1.30000 9.75000 1.0177686214 2.4765603922    0.987  3.063  3.6290  0.837    3  0.000  0.438    28.82    18.67    12.61     9.85     8.00  2 -5.46e-09      0.00 7.348e-01 2.644e-01 1.169e-04 6.798e-05 3.559e-04 -1.000 8.183e-04 -2.888 1.478 5.634 4.200 1.323 0.503 -0.084 -0.572 -1.131 -2.139 -2.314 -2.567 -2.725 -3.018 -3.091 -3.471 -3.493 -3.765
0.00077741 -1.30000 9.75000 1.0177928209 2.4765652566    0.984  3.106  3.6257  0.780    3  0.000  0.438    32.47    20.70    13.91    10.88     8.85  2 -6.45e-09      0.00 7.348e-01 2.644e-01 1.169e-04 6.798e-05 3.559e-04 -1.000 8.184e-04 -2.995 1.393 5.648 4.280 1.346 0.523 -0.089 -0.596 -1.173 -2.208 -2.387 -2.646 -2.807 -3.106 -3.182 -3.568 -3.592 -3.870
0.00077741 -1.30000 9.75000 1.0178151131 2.4765697374    0.981  3.148  3.6225  0.724    3  0.000  0.438    36.46    22.89    15.31    11.99     9.75  2 -7.59e-09      0.00 7.348e-01 2.644e-01 1.169e-04 6.798e-05 3.559e-04 -1.000 8.183e-04 -3.099 1.309 5.659 4.356 1.367 0.541 -0.095 -0.621 -1.215 -2.276 -2.459 -2.724 -2.888 -3.193 -3.270 -3.664 -3.688 -3.971
0.00077741 -1.30000 9.75000 1.0178356171 2.4765738585    0.978  3.189  3.6192  0.668    3  0.000  0.438    40.91    25.28    16.84    13.21    10.74  2 -8.93e-09      0.00 7.348e-01 2.644e-01 1.169e-04 6.798e-05 3.559e-04 -1.000 8.183e-04 -3.202 1.227 5.666 4.431 1.389 0.561 -0.098 -0.643 -1.254 -2.341 -2.528 -2.801 -2.966 -3.278 -3.357 -3.758 -3.782 -4.071
0.00077741 -1.30000 9.75000 1.0178556442 2.4765778837    0.974  3.231  3.6159  0.611    3  0.000  0.438    46.08    28.02    18.57    14.60    11.87  1 -1.06e-08      0.00 7.348e-01 2.644e-01 1.169e-04 6.799e-05 3.559e-04 -1.000 8.184e-04 -3.308 1.144 5.664 4.506 1.412 0.582 -0.099 -0.663 -1.291 -2.406 -2.596 -2.876 -3.045 -3.363 -3.444 -3.853 -3.878 -4.173
0.00077741 -1.30000 9.75000 1.0178744793 2.4765816690    0.970  3.272  3.6127  0.556    3  0.000  0.438    51.69    30.94    20.42    16.07    13.08  1 -1.24e-08      0.00 7.348e-01 2.644e-01 1.169e-04 6.799e-05 3.559e-04 -1.000 8.183e-04 -3.410 1.064 5.655 4.575 1.431 0.601 -0.098 -0.680 -1.326 -2.468 -2.662 -2.949 -3.120 -3.445 -3.528 -3.944 -3.970 -4.271
0.00077741 -1.30000 9.75000 1.0178890228 2.4765845918    0.967  3.303  3.6103  0.514    3  0.000  0.438    56.39    33.35    21.93    17.28    14.06  1 -1.41e-08      0.00 7.348e-01 2.644e-01 1.169e-04 6.799e-05 3.559e-04 -1.000 8.184e-04 -3.487 1.003 5.644 4.625 1.444 0.614 -0.097 -0.692 -1.352 -2.514 -2.711 -3.004 -3.176 -3.506 -3.591 -4.013 -4.039 -4.345
0.00077741 -1.30000 9.75000 1.0178890228 2.4765845918    0.966  1.829  3.7342  2.483    4  0.000  0.458     0.00     0.00     0.00     0.00     0.00 -1    -1e-30      0.00 7.318e-01 2.674e-01 1.243e-04 6.198e-05 3.605e-04 -1.000 8.184e-04 0.198 3.792 3.529 2.329 1.329 0.884 1.091 1.049 0.849 0.405 0.307 0.173 0.077 -0.102 -0.144 -0.385 -0.395 -0.546
0.00077741 -1.30000 9.75000 1.0180234909 2.4766116110    0.967  1.843  3.7329  2.464    4  0.000  0.458     0.00     0.00     0.00     0.00     0.00 -1    -1e-30      0.00 7.318e-01 2.674e-01 1.243e-04 6.200e-05 3.605e-04 -1.000 8.184e-04 0.164 3.773 3.545 2.328 1.313 0.864 1.067 1.023 0.821 0.373 0.275 0.140 0.043 -0.137 -0.179 -0.421 -0.432 -0.584
0.00077741 -1.30000 9.75000 1.0181559324 2.4766382149    0.967  1.847  3.7326  2.459    4  0.000  0.457     0.00     0.00     0.00     0.00     0.00 -1    -1e-30      0.00 7.318e-01 2.674e-01 1.243e-04 6.201e-05 3.605e-04 -1.000 8.184e-04 0.154 3.767 3.547 2.326 1.308 0.857 1.060 1.015 0.813 0.363 0.265 0.130 0.033 -0.147 -0.189 -0.432 -0.443 -0.595
0.00077741 -1.30000 9.75000 1.0182907581 2.4766652896    0.967  1.850  3.7325  2.456    4  0.000  0.457     0.00     0.00     0.00     0.00     0.00 -1    -1e-30      0.00 7.318e-01 2.674e-01 1.242e-04 6.203e-05 3.605e-04 -1.000 8.183e-04 0.146 3.761 3.542 2.321 1.302 0.851 1.052 1.007 0.805 0.356 0.258 0.123 0.026 -0.154 -0.197 -0.439 -0.450 -0.602
0.00077741 -1.30000 9.75000 1.0184274912 2.4766927389    0.967  1.852  3.7327  2.455    4  0.000  0.457     0.00     0.00     0.00     0.00     0.00 -1    -1e-30      0.00 7.318e-01 2.674e-01 1.242e-04 6.205e-05 3.605e-04 -1.000 8.183e-04 0.141 3.753 3.531 2.312 1.294 0.844 1.046 1.001 0.799 0.350 0.252 0.117 0.020 -0.160 -0.202 -0.444 -0.455 -0.607
0.00077741 -1.30000 9.75000 1.0185624361 2.4767198209    0.967  1.853  3.7331  2.455    4  0.000  0.457     0.00     0.00     0.00     0.00     0.00 -1    -1e-30      0.00 7.318e-01 2.674e-01 1.242e-04 6.207e-05 3.605e-04 -1.000 8.184e-04 0.137 3.745 3.515 2.300 1.287 0.838 1.039 0.995 0.794 0.346 0.248 0.113 0.016 -0.163 -0.205 -0.447 -0.458 -0.610
0.00077741 -1.30000 9.75000 1.0187002420 2.4767474686    0.967  1.854  3.7336  2.456    4  0.000  0.457     0.00     0.00     0.00     0.00     0.00 -1    -1e-30      0.00 7.318e-01 2.674e-01 1.242e-04 6.209e-05 3.605e-04 -1.000 8.184e-04 0.135 3.737 3.496 2.287 1.278 0.831 1.032 0.989 0.788 0.342 0.245 0.110 0.014 -0.166 -0.208 -0.449 -0.460 -0.611
0.00077741 -1.30000 9.75000 1.0188373327 2.4767749642    0.968  1.855  3.7341  2.457    4  0.000  0.457     0.00     0.00     0.00     0.00     0.00 -1    -1e-30      0.00 7.318e-01 2.674e-01 1.242e-04 6.211e-05 3.605e-04 -1.000 8.184e-04 0.133 3.729 3.476 2.273 1.270 0.824 1.026 0.983 0.784 0.339 0.241 0.107 0.011 -0.168 -0.210 -0.450 -0.461 -0.612
0.00077741 -1.30000 9.75000 1.0189759731 2.4768027620    0.968  1.856  3.7347  2.459    4  0.000  0.457     0.00     0.00     0.00     0.00     0.00 -1    -1e-30      0.00 7.317e-01 2.674e-01 1.242e-04 6.213e-05 3.605e-04 -1.000 8.184e-04 0.131 3.721 3.455 2.259 1.262 0.817 1.020 0.977 0.779 0.335 0.238 0.105 0.009 -0.170 -0.212 -0.452 -0.463 -0.613
0.00077741 -1.30000 9.75000 1.0191161633 2.4768308617    0.968  1.857  3.7352  2.460    4  0.000  0.457     0.00     0.00     0.00     0.00     0.00 -1    -1e-30      0.00 7.317e-01 2.674e-01 1.241e-04 6.215e-05 3.605e-04 -1.000 8.184e-04 0.129 3.712 3.434 2.245 1.253 0.810 1.013 0.971 0.774 0.332 0.235 0.102 0.006 -0.172 -0.214 -0.453 -0.464 -0.614
0.00077741 -1.30000 9.75000 1.0192551613 2.4768587136    0.968  1.857  3.7357  2.461    4  0.000  0.457     0.00     0.00     0.00     0.00     0.00 -1    -1e-30      0.00 7.317e-01 2.674e-01 1.241e-04 6.217e-05 3.605e-04 -1.000 8.184e-04 0.126 3.704 3.414 2.232 1.245 0.804 1.006 0.966 0.769 0.329 0.232 0.099 0.003 -0.174 -0.216 -0.455 -0.466 -0.615
0.00077741 -1.30000 9.75000 1.0193963051 2.4768869866    0.968  1.858  3.7362  2.462    4  0.000  0.457     0.00     0.00     0.00     0.00     0.00 -1    -1e-30      0.00 7.317e-01 2.675e-01 1.241e-04 6.219e-05 3.605e-04 -1.000 8.184e-04 0.124 3.696 3.395 2.219 1.236 0.797 1.000 0.960 0.764 0.325 0.229 0.096 0.000 -0.177 -0.218 -0.457 -0.467 -0.616
0.00077741 -1.30000 9.75000 1.0195333958 2.4769144391    0.968  1.859  3.7367  2.463    4  0.000  0.457     0.00     0.00     0.00     0.00     0.00 -1    -1e-30      0.00 7.317e-01 2.675e-01 1.241e-04 6.221e-05 3.605e-04 -1.000 8.184e-04 0.121 3.688 3.377 2.206 1.228 0.791 0.994 0.954 0.759 0.321 0.225 0.093 -0.002 -0.179 -0.221 -0.459 -0.469 -0.617
0.00077741 -1.30000 9.75000 1.0196609497 2.4769399742    0.968  1.860  3.7371  2.464    4  0.000  0.457     0.00     0.00     0.00     0.00     0.00 -1    -1e-30      0.00 7.317e-01 2.675e-01 1.241e-04 6.223e-05 3.605e-04 -1.000 8.184e-04 0.119 3.681 3.361 2.195 1.221 0.785 0.988 0.949 0.754 0.318 0.222 0.090 -0.005 -0.182 -0.223 -0.460 -0.471 -0.619
0.00077741 -1.30000 9.75000 1.0197941065 2.4769666231    0.969  1.861  3.7375  2.465    4  0.000  0.457     0.00     0.00     0.00     0.00     0.00 -1    -1e-30      0.00 7.317e-01 2.675e-01 1.241e-04 6.225e-05 3.605e-04 -1.000 8.184e-04 0.116 3.674 3.345 2.184 1.214 0.779 0.982 0.944 0.750 0.314 0.219 0.087 -0.008 -0.184 -0.226 -0.463 -0.473 -0.621
0.00077741 -1.30000 9.75000 1.0198100805 2.4769698195    0.969  1.862  3.7375  2.465    4  0.000  0.457     0.00     0.00     0.00     0.00     0.00 -1    -1e-30      0.00 7.317e-01 2.675e-01 1.241e-04 6.225e-05 3.605e-04 -1.000 8.184e-04 0.116 3.673 3.344 2.183 1.213 0.778 0.982 0.943 0.749 0.314 0.218 0.086 -0.009 -0.185 -0.226 -0.463 -0.473 -0.621
0.00077741 -1.30000 9.75000 1.0198516846 2.4769781439    0.969  1.862  3.7376  2.465    4  0.000  0.457     0.00     0.00     0.00     0.00     0.00 -1    -1e-30      0.00 7.317e-01 2.675e-01 1.241e-04 6.226e-05 3.605e-04 -1.000 8.184e-04 0.115 3.671 3.339 2.180 1.211 0.776 0.980 0.942 0.748 0.313 0.217 0.085 -0.010 -0.186 -0.227 -0.464 -0.474 -0.622
0.00077741 -1.30000 9.75000 1.0199840069 2.4770046144    0.969  1.863  3.7379  2.465    4  0.000  0.457     0.00     0.00     0.00     0.00     0.00 -1    -1e-30      0.00 7.317e-01 2.675e-01 1.240e-04 6.228e-05 3.605e-04 -1.000 8.184e-04 0.112 3.665 3.326 2.170 1.205 0.771 0.974 0.937 0.743 0.309 0.214 0.082 -0.013 -0.188 -0.230 -0.466 -0.477 -0.624
0.00077741 -1.30000 9.75000 1.0201126337 2.4770303381    0.969  1.864  3.7382  2.465    4  0.000  0.457     0.00     0.00     0.00     0.00     0.00 -1    -1e-30      0.00 7.317e-01 2.675e-01 1.240e-04 6.230e-05 3.605e-04 -1.000 8.184e-04 0.109 3.659 3.314 2.162 1.199 0.766 0.969 0.932 0.739 0.306 0.210 0.079 -0.016 -0.191 -0.233 -0.469 -0.479 -0.626
0.00077741 -1.30000 9.75000 1.0202394724 2.4770556969    0.969  1.866  3.7384  2.465    4  0.000  0.457     0.00     0.00     0.00     0.00     0.00 -1    -1e-30      0.00 7.317e-01 2.675e-01 1.240e-04 6.231e-05 3.605e-04 -1.000 8.184e-04 0.106 3.653 3.304 2.154 1.193 0.761 0.964 0.927 0.734 0.302 0.206 0.075 -0.019 -0.195 -0.236 -0.472 -0.482 -0.629
0.00077741 -1.30000 9.75000 1.0203703642 2.4770818584    0.969  1.867  3.7386  2.464    4  0.000  0.457     0.00     0.00     0.00     0.00     0.00 -1    -1e-30      0.00 7.317e-01 2.675e-01 1.240e-04 6.233e-05 3.605e-04 -1.000 8.184e-04 0.103 3.648 3.295 2.147 1.188 0.756 0.959 0.922 0.730 0.298 0.203 0.072 -0.023 -0.198 -0.239 -0.475 -0.486 -0.632
0.00077741 -1.30000 9.75000 1.0204967260 2.4771071072    0.969  1.869  3.7387  2.463    4  0.000  0.456     0.00     0.00     0.00     0.00     0.00 -1    -1e-30      0.00 7.317e-01 2.675e-01 1.240e-04 6.235e-05 3.605e-04 -1.000 8.184e-04 0.099 3.643 3.289 2.142 1.184 0.752 0.955 0.918 0.725 0.294 0.198 0.068 -0.027 -0.202 -0.243 -0.479 -0.489 -0.636
0.00077741 -1.30000 9.75000 1.0206220150 2.4771321346    0.969  1.870  3.7387  2.461    4  0.000  0.456     0.00     0.00     0.00     0.00     0.00 -1    -1e-30      0.00 7.317e-01 2.675e-01 1.240e-04 6.237e-05 3.605e-04 -1.000 8.184e-04 0.095 3.639 3.284 2.138 1.180 0.748 0.950 0.913 0.721 0.290 0.194 0.063 -0.031 -0.206 -0.247 -0.483 -0.494 -0.640
0.00077741 -1.30000 9.75000 1.0207493305 2.4771575595    0.970  1.872  3.7386  2.459    4  0.000  0.456     0.00     0.00     0.00     0.00     0.00 -1    -1e-30      0.00 7.317e-01 2.675e-01 1.239e-04 6.239e-05 3.605e-04 -1.000 8.184e-04 0.090 3.635 3.283 2.135 1.176 0.744 0.946 0.909 0.717 0.285 0.190 0.059 -0.036 -0.211 -0.252 -0.488 -0.498 -0.645
0.00077741 -1.30000 9.75000 1.0207617283 2.4771600349    0.970  1.872  3.7386  2.459    4  0.000  0.456     0.00     0.00     0.00     0.00     0.00 -1    -1e-30      0.00 7.317e-01 2.675e-01 1.239e-04 6.239e-05 3.605e-04 -1.000 8.184e-04 0.089 3.635 3.283 2.135 1.176 0.744 0.946 0.909 0.716 0.285 0.189 0.058 -0.036 -0.212 -0.253 -0.488 -0.499 -0.645
0.00077741 -1.30000 9.75000 1.0208783150 2.4771833102    0.970  1.874  3.7385  2.456    4  0.000  0.456     0.00     0.00     0.00     0.00     0.00 -1    -1e-30      0.00 7.317e-01 2.675e-01 1.239e-04 6.241e-05 3.605e-04 -1.000 8.184e-04 0.084 3.632 3.284 2.134 1.173 0.740 0.942 0.905 0.712 0.280 0.184 0.053 -0.041 -0.217 -0.258 -0.494 -0.504 -0.651
0.00077741 -1.30000 9.75000 1.0210045576 2.4772085064    0.970  1.877  3.7382  2.453    4  0.000  0.456     0.00     0.00     0.00     0.00     0.00 -1    -1e-30      0.00 7.317e-01 2.675e-01 1.239e-04 6.242e-05 3.605e-04 -1.000 8.185e-04 0.078 3.629 3.287 2.134 1.170 0.737 0.938 0.900 0.707 0.274 0.179 0.048 -0.047 -0.223 -0.264 -0.500 -0.510 -0.657
0.00077741 -1.30000 9.75000 1.0211310387 2.4772337429    0.970  1.879  3.7379  2.449    4  0.000  0.456     0.00     0.00     0.00     0.00     0.00 -1    -1e-30      0.00 7.317e-01 2.675e-01 1.239e-04 6.244e-05 3.605e-04 -1.000 8.184e-04 0.072 3.626 3.291 2.135 1.168 0.734 0.934 0.896 0.702 0.268 0.173 0.041 -0.054 -0.229 -0.271 -0.507 -0.518 -0.665
0.00077741 -1.30000 9.75000 1.0212541819 2.4772583065    0.970  1.882  3.7375  2.445    4  0.000  0.456     0.00     0.00     0.00     0.00     0.00 -1    -1e-30      0.00 7.317e-01 2.675e-01 1.239e-04 6.246e-05 3.605e-04 -1.000 8.184e-04 0.064 3.624 3.299 2.138 1.166 0.730 0.930 0.891 0.697 0.262 0.166 0.034 -0.061 -0.237 -0.278 -0.515 -0.526 -0.673
0.00077741 -1.30000 9.75000 1.0213772058 2.4772828396    0.970  1.886  3.7370  2.439    4  0.000  0.456     0.00     0.00     0.00     0.00     0.00 -1    -1e-30      0.00 7.316e-01 2.675e-01 1.239e-04 6.248e-05 3.605e-04 -1.000 8.183e-04 0.056 3.622 3.312 2.143 1.165 0.728 0.926 0.886 0.691 0.254 0.158 0.026 -0.069 -0.246 -0.287 -0.524 -0.535 -0.683
0.00077741 -1.30000 9.75000 1.0215027332 2.4773078649    0.970  1.890  3.7363  2.433    4  0.000  0.456     0.00     0.00     0.00     0.00     0.00 -1    -1e-30      0.00 7.316e-01 2.675e-01 1.239e-04 6.249e-05 3.605e-04 -1.000 8.184e-04 0.046 3.620 3.326 2.149 1.164 0.724 0.921 0.880 0.684 0.246 0.149 0.017 -0.079 -0.256 -0.297 -0.535 -0.546 -0.695
0.00077741 -1.30000 9.75000 1.0216259956 2.4773324317    0.971  1.894  3.7356  2.425    4  0.000  0.456     0.00     0.00     0.00     0.00     0.00 -1    -1e-30      0.00 7.316e-01 2.675e-01 1.238e-04 6.251e-05 3.605e-04 -1.000 8.184e-04 0.035 3.618 3.341 2.155 1.163 0.721 0.916 0.874 0.677 0.237 0.140 0.007 -0.089 -0.267 -0.308 -0.547 -0.558 -0.707
0.00077741 -1.30000 9.75000 1.0217491388 2.4773569680    0.971  1.899  3.7348  2.417    4  0.000  0.456     0.00     0.00     0.00     0.00     0.00 -1    -1e-30      0.00 7.316e-01 2.675e-01 1.238e-04 6.253e-05 3.605e-04 -1.000 8.184e-04 0.023 3.616 3.359 2.163 1.161 0.717 0.910 0.867 0.669 0.226 0.129 -0.005 -0.101 -0.279 -0.321 -0.561 -0.571 -0.721
0.00077741 -1.30000 9.75000 1.0218735933 2.4773817586    0.971  1.905  3.7338  2.408    4  0.000  0.456     0.00     0.00     0.00     0.00     0.00 -1    -1e-30      0.00 7.316e-01 2.676e-01 1.238e-04 6.255e-05 3.605e-04 -1.000 8.184e-04 0.008 3.613 3.381 2.172 1.160 0.712 0.904 0.859 0.659 0.214 0.116 -0.018 -0.115 -0.294 -0.336 -0.576 -0.587 -0.738
0.00077741 -1.30000 9.75000 1.0219984055 2.4774066135    0.971  1.904  3.7340  2.409    4  0.000  0.456     0.00     0.00     0.00     0.00     0.00 -1    -1e-30      0.00 7.316e-01 2.676e-01 1.238e-04 6.257e-05 3.605e-04 -1.000 8.184e-04 0.009 3.611 3.374 2.168 1.158 0.711 0.903 0.859 0.659 0.214 0.117 -0.018 -0.114 -0.293 -0.335 -0.575 -0.586 -0.737
0.00077741 -1.30000 9.75000 1.0221220255 2.4774312241    0.971  1.915  3.7321  2.391    4  0.000  0.456     0.00     0.00     0.00     0.00     0.00 -1    -1e-30      0.00 7.316e-01 2.676e-01 1.238e-04 6.258e-05 3.605e-04 -1.000 8.184e-04 -0.017 3.608 3.417 2.187 1.157 0.704 0.892 0.845 0.643 0.192 0.094 -0.042 -0.139 -0.319 -0.362 -0.604 -0.615 -0.768
0.00077741 -1.30000 9.75000 1.0222448111 2.4774556618    0.971  1.931  3.7294  2.364    4  0.000  0.456     0.00     0.00     0.00     0.00     0.00 -1    -1e-30      0.00 7.316e-01 2.676e-01 1.238e-04 6.260e-05 3.605e-04 -1.000 8.184e-04 -0.058 3.598 3.477 2.212 1.153 0.690 0.874 0.822 0.615 0.157 0.057 -0.080 -0.178 -0.361 -0.404 -0.649 -0.660 -0.815
0.00077741 -1.30000 9.75000 1.0223623514 2.4774790493    0.971  1.965  3.7246  2.311    4  0.000  0.456     0.00     0.00     0.00     0.00     0.00 -1    -1e-30      0.00 7.316e-01 2.676e-01 1.238e-04 6.262e-05 3.605e-04 -1.000 8.184e-04 -0.142 3.565 3.593 2.257 1.142 0.663 0.834 0.773 0.558 0.085 -0.016 -0.157 -0.257 -0.444 -0.488 -0.738 -0.750 -0.910
0.00077741 -1.30000 9.75000 1.0224149227 2.4774895076    0.971  2.000  3.7201  2.257    4  0.000  0.456     0.00     0.00     0.00     0.00     0.00 -1    -1e-30      0.00 7.316e-01 2.676e-01 1.237e-04 6.263e-05 3.605e-04 -1.000 8.183e-04 -0.231 3.523 3.690 2.289 1.121 0.627 0.785 0.716 0.494 0.007 -0.097 -0.241 -0.343 -0.532 -0.578 -0.833 -0.845 -1.009
0.00077741 -1.30000 9.75000 1.0224367380 2.4774938471    0.972  2.036  3.7160  2.205    4  0.000  0.456     0.00     0.00     0.00     0.00     0.00 -1    -1e-30      0.00 7.316e-01 2.676e-01 1.237e-04 6.263e-05 3.605e-04 -1.000 8.184e-04 -0.321 3.470 3.787 2.318 1.099 0.592 0.736 0.658 0.429 -0.072 -0.177 -0.324 -0.428 -0.621 -0.667 -0.927 -0.939 -1.107
0.00077741 -1.30000 9.75000 1.0224457979 2.4774956492    0.972  2.072  3.7122  2.155    4  0.000  0.456     0.00     0.00     0.00     0.00     0.00 -1    -1e-30      0.00 7.316e-01 2.676e-01 1.237e-04 6.263e-05 3.605e-04 -1.000 8.184e-04 -0.409 3.414 3.868 2.339 1.072 0.553 0.685 0.599 0.363 -0.150 -0.257 -0.406 -0.512 -0.708 -0.755 -1.019 -1.032 -1.203
0.00077741 -1.30000 9.75000 1.0224499702 2.4774964791    0.972  2.104  3.7091  2.110    4  0.000  0.456     0.00     0.00     0.00     0.00     0.00 -1    -1e-30      0.00 7.316e-01 2.676e-01 1.237e-04 6.263e-05 3.605e-04 -1.000 8.184e-04 -0.490 3.360 3.932 2.351 1.045 0.516 0.635 0.543 0.301 -0.221 -0.330 -0.482 -0.589 -0.787 -0.835 -1.102 -1.116 -1.290
0.00077741 -1.30000 9.75000 1.0224510431 2.4774966925    0.972  2.117  3.7079  2.092    4  0.000  0.456     0.00     0.00     0.00     0.00     0.00 -1    -1e-30      0.00 7.316e-01 2.676e-01 1.237e-04 6.263e-05 3.605e-04 -1.000 8.184e-04 -0.524 3.336 3.959 2.356 1.033 0.500 0.615 0.520 0.276 -0.251 -0.360 -0.513 -0.620 -0.820 -0.868 -1.137 -1.150 -1.326
0.00077741 -1.30000 9.75000 1.0224511623 2.4774967162    0.971  2.118  3.7078  2.091    7  0.000  0.456     0.00     0.00     0.00     0.00     0.00 -1 -9.64e-12      0.00 7.316e-01 2.666e-01 1.237e-04 6.263e-05 3.605e-04 -1.000 1.836e-03 -0.525 3.335 3.960 2.356 1.033 0.500 0.614 0.519 0.275 -0.252 -0.361 -0.514 -0.621 -0.821 -0.869 -1.138 -1.152 -1.327
0.00077741 -1.30000 9.75000 1.0224525928 2.4774970008    0.971  2.141  3.7059  2.060    7  0.000  0.456     0.00     0.00     0.00     0.00     0.00 -1 -1.09e-11      0.00 7.316e-01 2.666e-01 1.237e-04 6.263e-05 3.605e-04 -1.000 1.836e-03 -0.581 3.293 4.000 2.360 1.011 0.472 0.579 0.479 0.231 -0.303 -0.413 -0.567 -0.675 -0.876 -0.925 -1.196 -1.210 -1.388
0.00077741 -1.30000 9.75000 1.0224553347 2.4774975461    0.971  2.186  3.7023  2.001    7  0.000  0.456     0.00     0.00     0.00     0.00     0.00 -1 -1.38e-11      0.00 7.316e-01 2.666e-01 1.237e-04 6.263e-05 3.605e-04 -1.000 1.836e-03 -0.694 3.208 4.069 2.362 0.965 0.414 0.505 0.397 0.142 -0.404 -0.516 -0.673 -0.782 -0.987 -1.036 -1.312 -1.326 -1.507
0.00077741 -1.30000 9.75000 1.0224590302 2.4774982812    0.971  2.235  3.6985  1.936    7  0.000  0.456     0.00     0.00     0.00     0.00     0.00 -1 -1.79e-11      0.00 7.316e-01 2.666e-01 1.237e-04 6.263e-05 3.605e-04 -1.000 1.836e-03 -0.818 3.114 4.169 2.385 0.924 0.359 0.428 0.309 0.045 -0.515 -0.628 -0.789 -0.900 -1.108 -1.158 -1.438 -1.452 -1.638
0.00077741 -1.30000 9.75000 1.0224660635 2.4774996802    0.971  2.229  3.6992  1.946    7  0.000  0.456     0.00     0.00     0.00     0.00     0.00 -1 -1.71e-11      0.00 7.316e-01 2.666e-01 1.237e-04 6.263e-05 3.605e-04 -1.000 1.836e-03 -0.801 3.125 4.143 2.374 0.925 0.363 0.435 0.318 0.057 -0.501 -0.614 -0.774 -0.885 -1.092 -1.142 -1.421 -1.435 -1.620
0.00077741 -1.30000 9.75000 1.0225238800 2.4775111792    0.970  2.211  3.7005  1.968    7  0.000  0.456     0.00     0.00     0.00     0.00     0.00 -1  -1.5e-10      0.00 7.316e-01 2.665e-01 1.237e-04 6.264e-05 3.605e-04 -1.000 1.882e-03 -0.756 3.160 4.112 2.369 0.942 0.384 0.465 0.351 0.092 -0.460 -0.573 -0.732 -0.842 -1.048 -1.098 -1.375 -1.390 -1.573
0.00077741 -1.30000 9.75000 1.0225791931 2.4775221789    0.969  2.248  3.6975  1.918    7  0.000  0.456     0.00     0.00     0.00     0.00     0.00 -1 -1.04e-09      0.00 7.316e-01 2.665e-01 1.237e-04 6.265e-05 3.605e-04 -1.000 1.918e-03 -0.849 3.089 4.199 2.393 0.916 0.347 0.409 0.287 0.021 -0.542 -0.656 -0.818 -0.930 -1.138 -1.189 -1.470 -1.485 -1.671
0.00077741 -1.30000 9.75000 1.0226197243 2.4775302382    0.968  2.290  3.6942  1.863    7  0.000  0.456     0.00     0.00     0.00     0.00     0.00 -1 -1.71e-09      0.00 7.316e-01 2.665e-01 1.237e-04 6.265e-05 3.605e-04 -1.000 1.923e-03 -0.954 3.008 4.294 2.419 0.885 0.304 0.346 0.214 -0.059 -0.635 -0.751 -0.915 -1.028 -1.240 -1.292 -1.576 -1.591 -1.782
0.00077741 -1.30000 9.75000 1.0226455927 2.4775353815    0.967  2.325  3.6913  1.816    7  0.000  0.455     0.00     0.00     0.00     0.00     0.00 -1  -2.1e-09      0.00 7.316e-01 2.665e-01 1.237e-04 6.266e-05 3.605e-04 -1.000 1.923e-03 -1.042 2.940 4.376 2.442 0.861 0.270 0.295 0.154 -0.125 -0.712 -0.829 -0.996 -1.111 -1.325 -1.377 -1.665 -1.681 -1.874
0.00077741 -1.30000 9.75000 1.0226781368 2.4775418517    0.966  2.367  3.6881  1.760    7  0.000  0.455     0.00     0.00     0.00     0.00     0.00 -1 -2.68e-09      0.00 7.316e-01 2.665e-01 1.237e-04 6.266e-05 3.605e-04 -1.000 1.923e-03 -1.148 2.856 4.467 2.471 0.832 0.229 0.233 0.082 -0.205 -0.804 -0.923 -1.093 -1.209 -1.426 -1.479 -1.771 -1.787 -1.984
0.00077741 -1.30000 9.75000 1.0227078199 2.4775477527    0.964  2.405  3.6851  1.709    7  0.000  0.455     0.00     0.00     0.00     0.00     0.00 -1 -3.34e-09      0.00 7.316e-01 2.665e-01 1.237e-04 6.267e-05 3.605e-04 -1.000 1.920e-03 -1.244 2.778 4.543 2.507 0.815 0.200 0.181 0.019 -0.276 -0.888 -1.009 -1.181 -1.299 -1.518 -1.572 -1.868 -1.884 -2.084
0.00077741 -1.30000 9.75000 1.0227353573 2.4775532268    0.962  2.445  3.6822  1.657    7  0.000  0.455     0.00     0.00     0.00     0.00     0.00 -1 -4.18e-09      0.00 7.316e-01 2.665e-01 1.237e-04 6.267e-05 3.605e-04 -1.000 1.908e-03 -1.342 2.699 4.580 2.574 0.823 0.190 0.138 -0.039 -0.346 -0.976 -1.099 -1.274 -1.393 -1.615 -1.670 -1.969 -1.986 -2.189
0.00077741 -1.30000 9.75000 1.0227606297 2.4775582503    0.960  2.485  3.6792  1.604    7  0.000  0.455     0.00     0.00     0.00     0.00     0.00 -1 -5.24e-09      0.00 7.316e-01 2.665e-01 1.237e-04 6.268e-05 3.605e-04 -1.000 1.896e-03 -1.442 2.619 4.624 2.648 0.835 0.184 0.098 -0.095 -0.415 -1.064 -1.189 -1.368 -1.489 -1.714 -1.769 -2.071 -2.088 -2.294
0.00077741 -1.30000 9.75000 1.0227841139 2.4775629181    0.958  2.525  3.6761  1.550    7  0.000  0.455     6.43     5.11     3.65     2.80     2.27  4 -6.58e-09      0.00 7.316e-01 2.666e-01 1.237e-04 6.269e-05 3.605e-04 -1.000 1.842e-03 -1.543 2.537 4.679 2.740 0.856 0.186 0.063 -0.148 -0.482 -1.152 -1.280 -1.462 -1.585 -1.813 -1.870 -2.175 -2.192 -2.401
0.00077741 -1.30000 9.75000 1.0228053331 2.4775671355    0.955  2.566  3.6729  1.496    7  0.000  0.455     7.20     5.63     4.01     3.08     2.50  3 -8.29e-09      0.00 7.316e-01 2.666e-01 1.235e-04 6.277e-05 3.605e-04 -1.000 1.783e-03 -1.645 2.455 4.739 2.839 0.881 0.193 0.031 -0.199 -0.547 -1.239 -1.370 -1.556 -1.682 -1.913 -1.970 -2.279 -2.296 -2.509
0.00077741 -1.30000 9.75000 1.0228246450 2.4775709737    0.952  2.607  3.6659  1.425    7  0.000  0.452     8.34     6.39     4.53     3.48     2.82  3 -1.06e-08      0.00 7.316e-01 2.666e-01 1.230e-04 6.313e-05 3.605e-04 -1.000 1.777e-03 -1.747 2.395 4.960 3.169 1.054 0.328 0.091 -0.180 -0.563 -1.305 -1.443 -1.637 -1.768 -2.007 -2.066 -2.383 -2.401 -2.621
0.00077741 -1.30000 9.75000 1.0228418112 2.4775743852    0.948  2.647  3.6619  1.367    7  0.000  0.448     9.40     7.09     5.00     3.85     3.12  3 -1.32e-08      0.00 7.316e-01 2.666e-01 1.218e-04 6.432e-05 3.605e-04 -1.000 1.825e-03 -1.849 2.319 5.064 3.341 1.129 0.382 0.096 -0.203 -0.608 -1.382 -1.524 -1.725 -1.859 -2.103 -2.163 -2.485 -2.503 -2.727
0.00077741 -1.30000 9.75000 1.0228577852 2.4775775597    0.944  2.688  3.6586  1.311    7  0.000  0.442    10.54     7.83     5.50     4.24     3.44  3 -1.66e-08      0.00 7.316e-01 2.666e-01 1.203e-04 6.611e-05 3.605e-04 -1.000 1.810e-03 -1.950 2.239 5.135 3.479 1.184 0.421 0.091 -0.232 -0.658 -1.461 -1.608 -1.813 -1.951 -2.199 -2.259 -2.586 -2.604 -2.833
0.00077741 -1.30000 9.75000 1.0228729248 2.4775805683    0.938  2.728  3.6555  1.256    7  0.000  0.437    11.82     8.64     6.04     4.67     3.78  3  -2.1e-08      0.00 7.316e-01 2.667e-01 1.189e-04 6.783e-05 3.605e-04 -1.000 1.760e-03 -2.050 2.157 5.213 3.568 1.204 0.432 0.069 -0.273 -0.713 -1.538 -1.688 -1.898 -2.038 -2.290 -2.352 -2.683 -2.702 -2.935
0.00077741 -1.30000 9.75000 1.0228874683 2.4775834583    0.932  2.769  3.6522  1.200    7  0.000  0.432    13.28     9.56     6.64     5.15     4.17  3 -2.64e-08      0.00 7.316e-01 2.667e-01 1.176e-04 6.942e-05 3.605e-04 -1.000 1.750e-03 -2.152 2.075 5.301 3.654 1.219 0.439 0.046 -0.314 -0.768 -1.615 -1.768 -1.982 -2.124 -2.381 -2.444 -2.781 -2.800 -3.037
0.00077741 -1.30000 9.75000 1.0229012966 2.4775862062    0.925  2.810  3.6487  1.141    7  0.000  0.428    14.98    10.61     7.34     5.69     4.62  3 -3.39e-08      0.00 7.315e-01 2.667e-01 1.165e-04 7.088e-05 3.605e-04 -1.000 1.743e-03 -2.255 1.992 5.391 3.749 1.240 0.452 0.027 -0.351 -0.821 -1.690 -1.846 -2.065 -2.210 -2.472 -2.536 -2.879 -2.899 -3.140
0.00077741 -1.30000 9.75000 1.0229140520 2.4775887407    0.916  2.850  3.6453  1.083    7  0.000  0.424    16.88    11.76     8.09     6.29     5.11  2 -4.28e-08      0.00 7.315e-01 2.668e-01 1.154e-04 7.212e-05 3.605e-04 -1.000 1.737e-03 -2.356 1.912 5.468 3.843 1.263 0.468 0.011 -0.387 -0.870 -1.762 -1.922 -2.146 -2.293 -2.559 -2.625 -2.974 -2.994 -3.241
0.00077741 -1.30000 9.75000 1.0229270458 2.4775913225    0.904  2.892  3.6417  1.022    7  0.000  0.421    19.12    13.09     8.96     6.98     5.67  2 -5.43e-08      0.00 7.314e-01 2.668e-01 1.145e-04 7.328e-05 3.604e-04 -1.000 1.740e-03 -2.459 1.830 5.547 3.944 1.291 0.489 -0.003 -0.420 -0.919 -1.835 -1.998 -2.228 -2.377 -2.648 -2.716 -3.071 -3.091 -3.343
0.00077741 -1.30000 9.75000 1.0229399204 2.4775938806    0.890  2.933  3.6378  0.958    7  0.000  0.418    21.76    14.63     9.97     7.78     6.32  2 -7.01e-08      0.00 7.314e-01 2.669e-01 1.137e-04 7.424e-05 3.604e-04 -1.000 1.737e-03 -2.562 1.751 5.622 4.061 1.333 0.525 -0.001 -0.441 -0.958 -1.902 -2.068 -2.305 -2.457 -2.735 -2.804 -3.166 -3.188 -3.446
0.00077741 -1.30000 9.75000 1.0229517221 2.4775962255    0.873  2.974  3.6338  0.892    7  0.000  0.415    24.87    16.40    11.11     8.70     7.06  2  -9.2e-08      0.00 7.313e-01 2.669e-01 1.130e-04 7.508e-05 3.603e-04 -1.000 1.736e-03 -2.666 1.671 5.686 4.184 1.384 0.569 0.012 -0.452 -0.990 -1.964 -2.136 -2.380 -2.535 -2.820 -2.891 -3.261 -3.283 -3.548
0.00077741 -1.30000 9.75000 1.0229609013 2.4775980492    0.856  3.015  3.6298  0.826    7  0.000  0.413    28.41    18.37    12.38     9.71     7.88  2 -1.19e-07      0.00 7.313e-01 2.670e-01 1.125e-04 7.579e-05 3.601e-04 -1.000 1.732e-03 -2.769 1.593 5.742 4.305 1.434 0.615 0.027 -0.459 -1.019 -2.025 -2.201 -2.452 -2.611 -2.903 -2.976 -3.354 -3.377 -3.648
0.00077741 -1.30000 9.75000 1.0229673386 2.4775993281    0.839  3.054  3.6260  0.764    7  0.000  0.412    32.19    20.44    13.69    10.77     8.74  1 -1.53e-07      0.00 7.312e-01 2.670e-01 1.120e-04 7.645e-05 3.600e-04 -1.000 1.732e-03 -2.864 1.523 5.781 4.417 1.483 0.660 0.045 -0.463 -1.042 -2.078 -2.258 -2.517 -2.678 -2.977 -3.053 -3.439 -3.463 -3.740
0.00077741 -1.30000 9.75000 1.0229738951 2.4776006308    0.819  3.093  3.6221  0.699    7  0.000  0.411    36.77    22.87    15.24    12.02     9.76  1 -1.99e-07      0.00 7.312e-01 2.671e-01 1.116e-04 7.702e-05 3.597e-04 -1.000 1.673e-03 -2.962 1.450 5.822 4.537 1.536 0.710 0.067 -0.464 -1.064 -2.131 -2.315 -2.583 -2.747 -3.053 -3.131 -3.526 -3.550 -3.834
0.00077741 -1.30000 9.75000 1.0229787827 2.4776016018    0.798  3.130  3.6183  0.635    7  0.000  0.410    41.79    25.47    16.88    13.35    10.84  1 -2.59e-07      0.00 7.311e-01 2.671e-01 1.113e-04 7.754e-05 3.595e-04 -1.000 1.718e-03 -3.055 1.381 5.852 4.647 1.586 0.757 0.089 -0.464 -1.083 -2.181 -2.369 -2.644 -2.811 -3.125 -3.205 -3.608 -3.633 -3.924
0.00077741 -1.30000 9.75000 1.0229845047 2.4776027386    0.766  3.173  3.6141  0.558    7  0.000  0.409    48.81    28.99    19.09    15.14    12.29  1 -3.59e-07      0.00 7.311e-01 2.672e-01 1.111e-04 7.803e-05 3.592e-04 -1.000 1.668e-03 -3.161 1.305 5.876 4.775 1.646 0.817 0.121 -0.456 -1.098 -2.233 -2.426 -2.711 -2.881 -3.204 -3.286 -3.700 -3.726 -4.025
0.00077741 -1.30000 9.75000 1.0229889154 2.4776036149    0.732  3.212  3.6103  0.484    7  0.000  0.409    56.66    32.78    21.44    17.07    13.86  1    -5e-07      0.00 7.311e-01 2.672e-01 1.109e-04 7.827e-05 3.591e-04 -1.000 1.681e-03 -3.260 1.234 5.884 4.885 1.695 0.866 0.156 -0.443 -1.109 -2.280 -2.478 -2.772 -2.945 -3.277 -3.362 -3.785 -3.812 -4.118
0.00077741 -1.30000 9.75000 1.0229896307 2.4776037570    0.724  3.239  3.6077  0.442    7  0.000  0.409    61.81    35.26    22.98    18.32    14.87  1  -5.8e-07      0.00 7.310e-01 2.672e-01 1.107e-04 7.874e-05 3.588e-04 -1.000 1.735e-03 -3.327 1.185 5.872 4.942 1.715 0.887 0.181 -0.432 -1.113 -2.309 -2.510 -2.812 -2.987 -3.325 -3.412 -3.843 -3.870 -4.182
0.00077741 -1.30000 9.75000 1.0229905844 2.4776039464    0.711  3.255  3.6064  0.413    7  0.000  0.408    65.50    36.97    24.03    19.18    15.58  1 -6.63e-07      0.00 7.310e-01 2.673e-01 1.104e-04 7.932e-05 3.585e-04 -1.000 1.681e-03 -3.367 1.155 5.863 4.973 1.725 0.898 0.195 -0.425 -1.116 -2.327 -2.529 -2.835 -3.012 -3.354 -3.442 -3.877 -3.905 -4.220
0.00077741 -1.30000 9.75000 1.0229908228 2.4776039938    0.708  3.310  3.6015  0.336    7  0.000  0.407    77.08    42.41    27.40    21.92    17.80  1 -8.58e-07      0.00 7.308e-01 2.676e-01 1.093e-04 8.278e-05 3.560e-04 -1.000 1.681e-03 -3.504 1.054 5.830 5.071 1.752 0.927 0.233 -0.410 -1.130 -2.389 -2.598 -2.918 -3.098 -3.452 -3.545 -3.994 -4.023 -4.349
0.00077741 -1.30000 9.75000 1.0229909420 2.4776040175    0.706  3.160  3.6154  0.541    7  0.000  0.407    49.82    29.30    19.25    15.31    12.43  1 -4.39e-07      0.00 7.308e-01 2.676e-01 1.093e-04 8.279e-05 3.560e-04 -1.000 1.680e-03 -3.130 1.329 5.892 4.781 1.661 0.832 0.137 -0.438 -1.080 -2.213 -2.406 -2.689 -2.859 -3.181 -3.262 -3.674 -3.699 -3.997
0.00077741 -1.30000 9.75000 1.0229910612 2.4776040412    0.705  3.248  3.6072  0.419    7  0.000  0.407    64.59    36.50    23.74    18.95    15.39  1 -6.58e-07      0.00 7.307e-01 2.676e-01 1.093e-04 8.280e-05 3.560e-04 -1.000 1.679e-03 -3.351 1.166 5.865 4.959 1.720 0.893 0.190 -0.427 -1.115 -2.321 -2.523 -2.827 -3.003 -3.343 -3.431 -3.864 -3.892 -4.205
0.00077741 -1.30000 9.75000 1.0229911804 2.4776040648    0.704  3.162  3.6153  0.536    7  0.000  0.407    50.24    29.50    19.37    15.42    12.51  1 -4.49e-07      0.00 7.307e-01 2.676e-01 1.093e-04 8.281e-05 3.560e-04 -1.000 1.678e-03 -3.135 1.325 5.892 4.785 1.663 0.834 0.138 -0.439 -1.082 -2.216 -2.409 -2.693 -2.863 -3.185 -3.267 -3.679 -3.704 -4.002
0.00077741 -1.30000 9.75000 1.0229912996 2.4776040885    0.703  3.163  3.6151  0.534    7  0.000  0.407    50.48    29.62    19.44    15.47    12.56  1 -4.52e-07      0.00 7.307e-01 2.676e-01 1.093e-04 8.283e-05 3.560e-04 -1.000 1.677e-03 -3.139 1.323 5.892 4.789 1.664 0.836 0.139 -0.438 -1.082 -2.218 -2.411 -2.695 -2.865 -3.188 -3.269 -3.681 -3.707 -4.005
0.00077741 -1.30000 9.75000 1.0229918957 2.4776042069    0.698  3.171  3.6146  0.522    7  0.000  0.407    51.77    30.24    19.83    15.79    12.81  1  -4.8e-07      0.00 7.307e-01 2.676e-01 1.093e-04 8.295e-05 3.559e-04 -1.000 1.678e-03 -3.157 1.309 5.891 4.803 1.669 0.841 0.140 -0.440 -1.088 -2.228 -2.422 -2.708 -2.878 -3.202 -3.284 -3.698 -3.724 -4.023
0.00077741 -1.30000 9.75000 1.0229922533 2.4776042780    0.694  3.196  3.6123  0.484    7  0.000  0.407    56.01    32.30    21.12    16.84    13.66  1  -5.5e-07      0.00 7.307e-01 2.676e-01 1.092e-04 8.301e-05 3.558e-04 -1.000 1.675e-03 -3.221 1.260 5.887 4.857 1.689 0.860 0.153 -0.440 -1.101 -2.262 -2.458 -2.750 -2.922 -3.251 -3.335 -3.754 -3.780 -4.084
0.00077741 -1.30000 9.75000 1.0229926109 2.4776043490    0.691  3.220  3.6102  0.450    7  0.000  0.407    60.18    34.31    22.36    17.85    14.49  1 -6.19e-07      0.00 7.307e-01 2.676e-01 1.092e-04 8.306e-05 3.558e-04 -1.000 1.674e-03 -3.280 1.216 5.878 4.903 1.702 0.874 0.168 -0.437 -1.110 -2.291 -2.490 -2.787 -2.961 -3.295 -3.381 -3.806 -3.832 -4.140
0.00077741 -1.30000 9.75000 1.0229929686 2.4776044201    0.686  3.248  3.6080  0.410    7  0.000  0.407    65.45    36.80    23.91    19.11    15.51  1 -7.21e-07      0.00 7.307e-01 2.676e-01 1.092e-04 8.315e-05 3.557e-04 -1.000 1.677e-03 -3.349 1.163 5.858 4.946 1.711 0.884 0.182 -0.434 -1.122 -2.326 -2.528 -2.831 -3.007 -3.347 -3.435 -3.866 -3.894 -4.206
0.00077741 -1.30000 9.75000 1.0229933262 2.4776044911    0.679  3.275  3.6059  0.371    7  0.000  0.407    71.15    39.45    25.55    20.44    16.60  1  -8.4e-07      0.00 7.307e-01 2.676e-01 1.092e-04 8.322e-05 3.557e-04 -1.000 1.677e-03 -3.418 1.111 5.838 4.987 1.719 0.893 0.195 -0.432 -1.134 -2.361 -2.565 -2.875 -3.053 -3.398 -3.488 -3.926 -3.954 -4.271
0.00077741 -1.30000 9.75000 1.0229939222 2.4776046096    0.670  3.293  3.6051  0.343    7  0.000  0.407    75.31    41.32    26.69    21.39    17.36  1 -9.48e-07      0.00 7.307e-01 2.676e-01 1.091e-04 8.347e-05 3.555e-04 -1.000 1.682e-03 -3.464 1.072 5.815 4.996 1.712 0.886 0.191 -0.442 -1.152 -2.391 -2.597 -2.911 -3.089 -3.437 -3.528 -3.969 -3.997 -4.316
0.00077741 -1.30000 9.75000 1.0229945183 2.4776047280    0.655  3.324  3.6044  0.300    7  0.000  0.407    82.27    44.40    28.57    22.94    18.62  1 -1.16e-06      0.00 7.307e-01 2.676e-01 1.091e-04 8.359e-05 3.554e-04 -1.000 1.682e-03 -3.539 1.005 5.770 4.993 1.689 0.864 0.172 -0.469 -1.189 -2.446 -2.654 -2.973 -3.152 -3.504 -3.595 -4.040 -4.069 -4.391
0.00077741 -1.30000 9.75000 1.0229952335 2.4776048701    0.634  3.354  3.6077  0.269    7  0.000  0.407    87.50    46.57    29.88    24.04    19.51  0 -1.47e-06      0.00 7.307e-01 2.677e-01 1.090e-04 8.375e-05 3.553e-04 -1.000 1.682e-03 -3.615 0.913 5.663 4.857 1.574 0.748 0.056 -0.581 -1.300 -2.550 -2.757 -3.073 -3.252 -3.600 -3.690 -4.130 -4.158 -4.475
0.00077741 -1.30000 9.75000 1.0229957104 2.4776049648    0.614  3.370  3.6208  0.291    7  0.000  0.407    83.03    44.37    28.51    22.95    18.62  0 -1.67e-06      0.00 7.306e-01 2.677e-01 1.090e-04 8.392e-05 3.552e-04 -1.000 1.682e-03 -3.655 0.794 5.417 4.386 1.243 0.417 -0.283 -0.880 -1.557 -2.735 -2.934 -3.227 -3.400 -3.727 -3.810 -4.222 -4.247 -4.542
0.00077741 -1.30000 9.75000 1.1082707644 2.4930587232    0.549 -9.999  3.9269  7.939    9  0.549  0.000     0.00     0.00     0.00     0.00     0.00 -1    -1e-30      0.00 7.282e-01 2.711e-01 1.090e-04 8.923e-05 3.587e-04 -1.000 7.364e-04 29.767 29.304 29.592 29.792 30.089 30.357 31.213 31.533 31.546 31.735 31.769 31.791 31.821 31.868 31.880 31.939 31.950 32.038
