 Zini     MH   logAge Mini        int_IMF         Mass   logL    logTe  logg  label   McoreTP C_O  period0  period1  period2  period3  period4  pmode  Mloss  tau1m   X   Y   Xc  Xn  Xo  Cexcess  Z 	 mbolmag  F170Wmag  F218Wmag  F255Wmag  F300Wmag  F336Wmag  F380Wmag  F439Wmag  F450Wmag  F555Wmag  F569Wmag  F606Wmag  F622Wmag  F675Wmag  F702Wmag  F791Wmag  F814Wmag  F850LPmag
0.00039019 -1.60000 10.05000 0.0900000036 1.0816895926    0.090 -3.188  3.4782  5.445    1  0.000  0.545     0.00     0.00     0.00     0.00     0.00 -1 -5.15e-17      0.00 7.483e-01 2.513e-01 7.531e-05 2.032e-05 1.843e-04 -1.000 4.188e-04 12.741 17.464 22.431 22.962 18.886 18.258 19.127 17.819 16.846 15.259 15.044 14.468 14.291 13.586 13.185 12.182 12.120 11.586
0.00039019 -1.60000 10.05000 0.0936719701 1.1159607044    0.094 -3.069  3.4953  5.412    1  0.000  0.545     0.00     0.00     0.00     0.00     0.00 -1  -6.9e-17      0.00 7.476e-01 2.520e-01 7.531e-05 2.032e-05 1.843e-04 -1.000 4.188e-04 12.443 17.125 22.088 22.377 18.381 17.662 18.114 16.982 16.137 14.572 14.355 13.869 13.678 13.095 12.761 11.866 11.812 11.329
0.00039019 -1.60000 10.05000 0.1000000015 1.1711064122    0.100 -2.875  3.5234  5.358    1  0.000  0.545     0.00     0.00     0.00     0.00     0.00 -1 -1.11e-16      0.00 7.463e-01 2.532e-01 7.531e-05 2.032e-05 1.843e-04 -1.000 4.188e-04 11.957 16.560 21.468 21.186 17.447 16.633 16.623 15.745 15.066 13.605 13.394 12.993 12.789 12.338 12.095 11.359 11.314 10.896
0.00039019 -1.60000 10.05000 0.1199999973 1.3193154249    0.120 -2.587  3.5544  5.273    1  0.000  0.545     0.00     0.00     0.00     0.00     0.00 -1 -2.17e-16      0.00 7.437e-01 2.559e-01 7.531e-05 2.032e-05 1.843e-04 -1.000 4.188e-04 11.237 15.736 20.447 19.376 16.087 15.234 14.969 14.312 13.781 12.503 12.306 11.945 11.743 11.359 11.200 10.619 10.581 10.219
0.00039019 -1.60000 10.05000 0.1400000006 1.4384526719    0.140 -2.405  3.5696  5.219    1  0.000  0.545     0.00     0.00     0.00     0.00     0.00 -1 -3.25e-16      0.00 7.419e-01 2.577e-01 7.531e-05 2.032e-05 1.843e-04 -1.000 4.188e-04 10.782 15.229 19.755 18.300 15.290 14.441 14.119 13.553 13.078 11.897 11.708 11.362 11.166 10.801 10.674 10.157 10.123 9.784
0.00039019 -1.60000 10.05000 0.1599999964 1.5372931554    0.160 -2.263  3.5796  5.175    1  0.000  0.545     0.00     0.00     0.00     0.00     0.00 -1 -4.44e-16      0.00 7.405e-01 2.591e-01 7.531e-05 2.032e-05 1.843e-04 -1.000 4.188e-04 10.426 14.840 19.217 17.567 14.710 13.867 13.534 13.017 12.573 11.454 11.271 10.937 10.746 10.392 10.280 9.796 9.765 9.439
0.00039019 -1.60000 10.05000 0.2000000179 1.6938791367    0.200 -2.042  3.5926  5.103    1  0.000  0.545     0.00     0.00     0.00     0.00     0.00 -1 -7.17e-16      0.00 7.394e-01 2.602e-01 7.531e-05 2.032e-05 1.843e-04 -1.000 4.188e-04 9.874 14.244 18.346 16.486 13.856 13.028 12.704 12.247 11.836 10.798 10.623 10.308 10.125 9.787 9.689 9.239 9.210 8.901
0.00039019 -1.60000 10.05000 0.2500000000 1.8403257998    0.250 -1.838  3.6037  5.041    1  0.000  0.545     0.00     0.00     0.00     0.00     0.00 -1  -1.1e-15      0.00 7.394e-01 2.602e-01 7.530e-05 2.032e-05 1.843e-04 -1.000 4.187e-04 9.365 13.697 17.575 15.586 13.099 12.283 11.984 11.567 11.181 10.206 10.038 9.741 9.565 9.241 9.151 8.724 8.697 8.402
0.00039019 -1.60000 10.05000 0.3000000417 1.9529140366    0.300 -1.682  3.6123  4.999    1  0.000  0.545     0.00     0.00     0.00     0.00     0.00 -1 -1.51e-15      0.00 7.395e-01 2.600e-01 7.529e-05 2.032e-05 1.843e-04 -1.000 4.188e-04 8.976 13.278 16.997 14.919 12.520 11.714 11.443 11.054 10.684 9.755 9.593 9.309 9.139 8.826 8.741 8.331 8.305 8.020
0.00039019 -1.60000 10.05000 0.3395923078 2.0260221578    0.340 -1.581  3.6184  4.976    1  0.000  0.545     0.00     0.00     0.00     0.00     0.00 -1 -1.84e-15      0.00 7.395e-01 2.601e-01 7.526e-05 2.032e-05 1.843e-04 -1.000 4.187e-04 8.722 13.003 16.590 14.470 12.136 11.338 11.091 10.718 10.358 9.460 9.301 9.027 8.860 8.555 8.474 8.074 8.049 7.772
0.00039019 -1.60000 10.05000 0.3499999940 2.0434174644    0.350 -1.556  3.6199  4.970    1  0.000  0.545     0.00     0.00     0.00     0.00     0.00 -1 -1.93e-15      0.00 7.395e-01 2.600e-01 7.526e-05 2.032e-05 1.843e-04 -1.000 4.188e-04 8.660 12.936 16.491 14.361 12.043 11.247 11.005 10.636 10.279 9.388 9.230 8.958 8.792 8.489 8.409 8.012 7.987 7.712
0.00039019 -1.60000 10.05000 0.3671212494 2.0706186204    0.367 -1.507  3.6237  4.957    1  0.000  0.545     0.00     0.00     0.00     0.00     0.00 -1 -2.15e-15      0.00 7.433e-01 2.563e-01 7.528e-05 2.032e-05 1.843e-04 -1.000 4.188e-04 8.537 12.799 16.225 14.098 11.838 11.048 10.823 10.464 10.113 9.240 9.085 8.819 8.655 8.357 8.278 7.887 7.863 7.593
0.00039019 -1.60000 10.05000 0.4000000060 2.1185024399    0.400 -1.418  3.6306  4.933    1  0.000  0.545     0.00     0.00     0.00     0.00     0.00 -1 -2.59e-15      0.00 7.503e-01 2.493e-01 7.531e-05 2.032e-05 1.843e-04 -1.000 4.187e-04 8.316 12.552 15.745 13.627 11.467 10.690 10.496 10.154 9.813 8.973 8.822 8.567 8.407 8.118 8.043 7.664 7.640 7.379
0.00039019 -1.60000 10.05000 0.4011422992 2.1200733603    0.401 -1.414  3.6310  4.931    1  0.000  0.545     0.00     0.00     0.00     0.00     0.00 -1 -2.62e-15      0.00 7.503e-01 2.493e-01 7.531e-05 2.032e-05 1.843e-04 -1.000 4.187e-04 8.305 12.540 15.720 13.602 11.448 10.671 10.480 10.139 9.798 8.960 8.810 8.555 8.395 8.107 8.032 7.653 7.630 7.369
0.00039019 -1.60000 10.05000 0.4500000179 2.1822809362    0.450 -1.249  3.6484  4.886    1  0.000  0.545     0.00     0.00     0.00     0.00     0.00 -1  -3.8e-15      0.00 7.505e-01 2.491e-01 7.531e-05 2.032e-05 1.843e-04 -1.000 4.188e-04 7.894 12.062 14.818 12.665 10.668 9.919 9.821 9.521 9.205 8.442 8.302 8.072 7.923 7.656 7.588 7.237 7.217 6.977
0.00039019 -1.60000 10.05000 0.5000000000 2.2374541529    0.500 -1.060  3.6722  4.838    1  0.000  0.545     0.00     0.00     0.00     0.00     0.00 -1 -5.89e-15      0.00 7.505e-01 2.491e-01 7.531e-05 2.032e-05 1.843e-04 -1.000 4.188e-04 7.421 11.482 13.449 11.404 9.675 8.987 9.027 8.795 8.508 7.840 7.713 7.514 7.379 7.141 7.081 6.765 6.747 6.535
0.00039019 -1.60000 10.05000 0.5500000715 2.2836583126    0.550 -0.851  3.6959  4.765    1  0.000  0.544     0.00     0.00     0.00     0.00     0.00 -1 -9.88e-15      0.00 7.826e-01 2.170e-01 6.621e-05 1.788e-05 1.622e-04 -1.000 3.214e-04 6.899 10.830 11.964 10.115 8.657 8.047 8.217 8.063 7.802 7.216 7.100 6.926 6.806 6.590 6.537 6.250 6.235 6.049
0.00039019 -1.60000 10.05000 0.6000000238 2.3211213258    0.600 -0.646  3.7225  4.704    1  0.000  0.544     0.00     0.00     0.00     0.00     0.00 -1 -1.63e-14      0.00 7.932e-01 2.065e-01 6.340e-05 1.713e-05 1.555e-04 -1.000 3.399e-04 6.385 10.117 10.304 8.819 7.663 7.145 7.433 7.359 7.131 6.623 6.517 6.366 6.260 6.065 6.019 5.760 5.748 5.587
0.00039019 -1.60000 10.05000 0.6092785597 2.3273000650    0.609 -0.606  3.7281  4.693    1  0.000  0.544     0.00     0.00     0.00     0.00     0.00 -1 -1.79e-14      0.00 7.955e-01 2.042e-01 6.280e-05 1.697e-05 1.540e-04 -1.000 3.428e-04 6.286 9.966 9.982 8.571 7.473 6.974 7.283 7.223 7.003 6.511 6.407 6.261 6.157 5.966 5.921 5.668 5.657 5.502
0.00039019 -1.60000 10.05000 0.6225230098 2.3357538738    0.622 -0.549  3.7360  4.677    1  0.000  0.543     0.00     0.00     0.00     0.00     0.00 -1 -2.06e-14      0.00 7.989e-01 2.007e-01 6.190e-05 1.672e-05 1.519e-04 -1.000 3.359e-04 6.143 9.742 9.544 8.229 7.211 6.737 7.074 7.033 6.823 6.353 6.252 6.112 6.011 5.826 5.783 5.538 5.528 5.379
0.00039019 -1.60000 10.05000 0.6338570118 2.3426665841    0.634 -0.500  3.7427  4.663    1  0.000  0.543     0.00     0.00     0.00     0.00     0.00 -1 -2.32e-14      0.00 8.020e-01 1.976e-01 6.110e-05 1.651e-05 1.499e-04 -1.000 3.375e-04 6.021 9.540 9.172 7.942 6.993 6.543 6.900 6.873 6.671 6.220 6.121 5.985 5.887 5.707 5.666 5.427 5.417 5.275
0.00039019 -1.60000 10.05000 0.6448218226 2.3490888585    0.645 -0.453  3.7491  4.649    1  0.000  0.543     0.00     0.00     0.00     0.00     0.00 -1 -2.61e-14      0.00 8.052e-01 1.945e-01 6.029e-05 1.629e-05 1.480e-04 -1.000 3.431e-04 5.902 9.328 8.808 7.665 6.788 6.361 6.734 6.720 6.526 6.091 5.995 5.864 5.768 5.594 5.553 5.321 5.312 5.175
0.00039019 -1.60000 10.05000 0.6499999762 2.3520353107    0.650 -0.430  3.7521  4.641    1  0.000  0.543     0.00     0.00     0.00     0.00     0.00 -1 -2.76e-14      0.00 8.067e-01 1.930e-01 5.988e-05 1.619e-05 1.470e-04 -1.000 3.354e-04 5.845 9.222 8.641 7.537 6.691 6.275 6.656 6.648 6.457 6.030 5.935 5.806 5.712 5.540 5.500 5.271 5.262 5.128
0.00039019 -1.60000 10.05000 0.6574908495 2.3562034315    0.657 -0.397  3.7561  4.629    1  0.000  0.543     0.00     0.00     0.00     0.00     0.00 -1    -3e-14      0.00 8.094e-01 1.902e-01 5.918e-05 1.600e-05 1.453e-04 -1.000 3.337e-04 5.763 9.069 8.412 7.358 6.555 6.155 6.545 6.544 6.358 5.943 5.850 5.724 5.632 5.462 5.424 5.199 5.190 5.060
0.00039019 -1.60000 10.05000 0.6707803011 2.3633352661    0.671 -0.338  3.7631  4.607    1  0.000  0.542     0.00     0.00     0.00     0.00     0.00 -1  -3.5e-14      0.00 8.145e-01 1.851e-01 5.785e-05 1.565e-05 1.422e-04 -1.000 3.459e-04 5.615 8.793 8.024 7.053 6.319 5.944 6.350 6.361 6.183 5.787 5.697 5.576 5.487 5.323 5.286 5.068 5.060 4.936
0.00039019 -1.60000 10.05000 0.6830833554 2.3696540672    0.683 -0.282  3.7694  4.584    1  0.000  0.542     0.00     0.00     0.00     0.00     0.00 -1 -4.05e-14      0.00 8.196e-01 1.800e-01 5.653e-05 1.530e-05 1.391e-04 -1.000 3.433e-04 5.475 8.529 7.687 6.783 6.107 5.755 6.172 6.192 6.022 5.643 5.555 5.439 5.352 5.193 5.157 4.945 4.938 4.818
0.00039019 -1.60000 10.05000 0.6943855882 2.3752324943    0.694 -0.229  3.7751  4.561    1  0.000  0.542     0.00     0.00     0.00     0.00     0.00 -1 -4.54e-14      0.00 8.247e-01 1.750e-01 5.524e-05 1.495e-05 1.360e-04 -1.000 3.286e-04 5.344 8.279 7.392 6.544 5.916 5.584 6.009 6.036 5.872 5.507 5.423 5.310 5.225 5.071 5.036 4.830 4.823 4.708
0.00039019 -1.60000 10.05000 0.6999999881 2.3779266974    0.700 -0.203  3.7778  4.549    1  0.000  0.541     0.00     0.00     0.00     0.00     0.00 -1 -4.99e-14      0.00 8.273e-01 1.724e-01 5.457e-05 1.477e-05 1.344e-04 -1.000 2.869e-04 5.277 8.154 7.246 6.424 5.820 5.497 5.927 5.956 5.796 5.438 5.355 5.244 5.160 5.008 4.974 4.770 4.763 4.651
0.00039019 -1.60000 10.05000 0.7051455975 2.3803526586    0.705 -0.178  3.7802  4.537    1  0.000  0.540     0.00     0.00     0.00     0.00     0.00 -1 -5.34e-14      0.00 8.302e-01 1.695e-01 5.373e-05 1.457e-05 1.326e-04 -1.000 2.459e-04 5.214 8.040 7.116 6.317 5.732 5.419 5.851 5.883 5.726 5.375 5.292 5.183 5.100 4.950 4.916 4.715 4.708 4.598
0.00039019 -1.60000 10.05000 0.7155685425 2.3851439580    0.715 -0.126  3.7850  4.510    1  0.000  0.538     0.00     0.00     0.00     0.00     0.00 -1 -6.15e-14      0.00 8.361e-01 1.636e-01 5.204e-05 1.415e-05 1.289e-04 -1.000 2.643e-04 5.085 7.808 6.869 6.110 5.561 5.264 5.698 5.733 5.582 5.242 5.162 5.055 4.975 4.828 4.795 4.599 4.593 4.487
0.00039019 -1.60000 10.05000 0.7253941894 2.3895159976    0.725 -0.075  3.7894  4.483    1  0.000  0.536     0.00     0.00     0.00     0.00     0.00 -1  -7.1e-14      0.00 8.416e-01 1.581e-01 5.050e-05 1.377e-05 1.255e-04 -1.000 2.590e-04 4.957 7.587 6.637 5.915 5.397 5.115 5.549 5.587 5.440 5.112 5.033 4.930 4.851 4.708 4.676 4.484 4.478 4.375
0.00039019 -1.60000 10.05000 0.7340183258 2.3932426936    0.734 -0.028  3.7932  4.456    1  0.000  0.534     0.00     0.00     0.00     0.00     0.00 -1  -8.1e-14      0.00 8.463e-01 1.535e-01 4.922e-05 1.346e-05 1.227e-04 -1.000 2.543e-04 4.839 7.392 6.440 5.745 5.254 4.983 5.414 5.453 5.311 4.991 4.914 4.814 4.737 4.597 4.565 4.377 4.372 4.272
0.00039019 -1.60000 10.05000 0.7425333261 2.3968247281    0.742  0.021  3.7967  4.426    1  0.000  0.533     0.00     0.00     0.00     0.00     0.00 -1 -9.32e-14      0.00 8.506e-01 1.492e-01 4.804e-05 1.317e-05 1.202e-04 -1.000 2.550e-04 4.717 7.198 6.244 5.576 5.108 4.849 5.276 5.316 5.177 4.867 4.791 4.693 4.618 4.480 4.450 4.265 4.260 4.163
0.00039019 -1.60000 10.05000 0.7498463392 2.3998265562    0.749  0.065  3.7997  4.399    1  0.000  0.531     0.00     0.00     0.00     0.00     0.00 -1 -1.06e-13      0.00 8.541e-01 1.457e-01 4.711e-05 1.295e-05 1.182e-04 -1.000 2.461e-04 4.608 7.029 6.075 5.429 4.980 4.731 5.152 5.193 5.058 4.754 4.680 4.584 4.510 4.375 4.345 4.164 4.159 4.064
0.00039019 -1.60000 10.05000 0.7500000000 2.3998889087    0.749  0.066  3.7998  4.398    1  0.000  0.531     0.00     0.00     0.00     0.00     0.00 -1 -1.06e-13      0.00 8.542e-01 1.456e-01 4.709e-05 1.295e-05 1.182e-04 -1.000 2.459e-04 4.605 7.025 6.071 5.426 4.978 4.728 5.149 5.190 5.055 4.752 4.678 4.582 4.507 4.373 4.343 4.161 4.156 4.062
0.00039019 -1.60000 10.05000 0.7539378405 2.4014768405    0.753  0.090  3.8014  4.382    1  0.000  0.531     0.00     0.00     0.00     0.00     0.00 -1 -1.14e-13      0.00 8.550e-01 1.447e-01 4.697e-05 1.292e-05 1.179e-04 -1.000 2.480e-04 4.545 6.934 5.982 5.348 4.909 4.665 5.082 5.122 4.989 4.690 4.617 4.521 4.448 4.315 4.285 4.105 4.100 4.008
0.00039019 -1.60000 10.05000 0.7618574500 2.4046133327    0.761  0.142  3.8046  4.348    1  0.000  0.530     0.00     0.00     0.00     0.00     0.00 -1 -1.33e-13      0.00 8.567e-01 1.430e-01 4.675e-05 1.286e-05 1.175e-04 -1.000 2.668e-04 4.415 6.745 5.799 5.185 4.765 4.531 4.939 4.978 4.849 4.557 4.485 4.392 4.320 4.189 4.160 3.984 3.979 3.889
0.00039019 -1.60000 10.05000 0.7691569328 2.4074385442    0.768  0.193  3.8074  4.312    1  0.000  0.530     0.00     0.00     0.00     0.00     0.00 -1 -1.55e-13      0.00 8.581e-01 1.417e-01 4.659e-05 1.282e-05 1.172e-04 -1.000 2.623e-04 4.287 6.566 5.625 5.030 4.627 4.400 4.798 4.838 4.711 4.426 4.355 4.264 4.193 4.065 4.036 3.863 3.859 3.771
0.00039019 -1.60000 10.05000 0.7758375406 2.4099707151    0.775  0.243  3.8098  4.275    1  0.000  0.529     0.00     0.00     0.00     0.00     0.00 -1 -1.81e-13      0.00 8.592e-01 1.406e-01 4.647e-05 1.279e-05 1.170e-04 -1.000 2.459e-04 4.162 6.400 5.463 4.884 4.494 4.275 4.663 4.701 4.577 4.297 4.228 4.138 4.069 3.942 3.914 3.744 3.739 3.654
0.00039019 -1.60000 10.05000 0.7819504738 2.4122441766    0.781  0.293  3.8116  4.236    1  0.000  0.529     0.00     0.00     0.00     0.00     0.00 -1 -2.11e-13      0.00 8.599e-01 1.398e-01 4.641e-05 1.279e-05 1.170e-04 -1.000 2.707e-04 4.039 6.248 5.317 4.750 4.369 4.155 4.532 4.569 4.447 4.171 4.103 4.015 3.946 3.821 3.794 3.625 3.621 3.537
0.00039019 -1.60000 10.05000 0.7876448035 2.4143254871    0.787  0.341  3.8128  4.195    1  0.000  0.529     0.00     0.00     0.00     0.00     0.00 -1 -2.46e-13      0.00 8.596e-01 1.402e-01 4.663e-05 1.285e-05 1.175e-04 -1.000 2.939e-04 3.917 6.108 5.182 4.622 4.248 4.037 4.404 4.439 4.319 4.047 3.979 3.892 3.824 3.700 3.673 3.506 3.501 3.418
0.00039019 -1.60000 10.05000 0.7915460467 2.4157315523    0.790  0.376  3.8133  4.165    1  0.000  0.529     0.00     0.00     0.00     0.00     0.00 -1 -2.76e-13      0.00 8.590e-01 1.407e-01 4.684e-05 1.290e-05 1.181e-04 -1.000 3.068e-04 3.830 6.014 5.091 4.535 4.163 3.954 4.313 4.348 4.229 3.958 3.891 3.804 3.736 3.613 3.586 3.420 3.416 3.333
0.00039019 -1.60000 10.05000 0.7930074334 2.4162541632    0.792  0.391  3.8132  4.151    1  0.000  0.529     0.00     0.00     0.00     0.00     0.00 -1 -2.91e-13      0.00 8.588e-01 1.409e-01 4.693e-05 1.293e-05 1.183e-04 -1.000 3.088e-04 3.793 5.980 5.057 4.501 4.129 3.920 4.277 4.311 4.192 3.921 3.854 3.767 3.700 3.577 3.549 3.383 3.379 3.296
0.00039019 -1.60000 10.05000 0.7986856103 2.4182638954    0.797  0.451  3.8118  4.088    1  0.000  0.529     0.00     0.00     0.00     0.00     0.00 -1 -3.55e-13      0.00 8.579e-01 1.418e-01 4.727e-05 1.302e-05 1.192e-04 -1.000 3.170e-04 3.644 5.856 4.933 4.371 3.993 3.782 4.130 4.163 4.043 3.771 3.703 3.616 3.548 3.424 3.396 3.229 3.225 3.141
0.00039019 -1.60000 10.05000 0.8000000119 2.4187244405    0.799  0.467  3.8107  4.069    1  0.000  0.529     0.00     0.00     0.00     0.00     0.00 -1 -3.77e-13      0.00 8.577e-01 1.420e-01 4.735e-05 1.305e-05 1.194e-04 -1.000 3.189e-04 3.603 5.833 4.909 4.341 3.959 3.745 4.093 4.126 4.005 3.731 3.663 3.575 3.506 3.382 3.354 3.186 3.182 3.097
0.00039019 -1.60000 10.05000 0.8029645085 2.4197567895    0.802  0.503  3.8085  4.025    1  0.000  0.529     0.00     0.00     0.00     0.00     0.00 -1  -4.3e-13      0.00 8.567e-01 1.429e-01 4.765e-05 1.313e-05 1.201e-04 -1.000 3.204e-04 3.512 5.779 4.854 4.275 3.882 3.664 4.009 4.041 3.919 3.641 3.572 3.483 3.414 3.288 3.259 3.089 3.085 2.998
0.00039019 -1.60000 10.05000 0.8036982417 2.4200109512    0.802  0.513  3.8077  4.012    1  0.000  0.529     0.00     0.00     0.00     0.00     0.00 -1 -4.49e-13      0.00 8.565e-01 1.432e-01 4.772e-05 1.315e-05 1.203e-04 -1.000 3.209e-04 3.487 5.769 4.843 4.259 3.862 3.642 3.987 4.019 3.896 3.616 3.547 3.458 3.388 3.261 3.233 3.062 3.058 2.970
0.00039019 -1.60000 10.05000 0.8043895364 2.4202499246    0.803  0.523  3.8065  3.998    1  0.000  0.529     0.00     0.00     0.00     0.00     0.00 -1 -4.68e-13      0.00 8.563e-01 1.434e-01 4.779e-05 1.317e-05 1.205e-04 -1.000 3.212e-04 3.462 5.764 4.837 4.246 3.843 3.620 3.966 3.997 3.873 3.592 3.522 3.432 3.361 3.234 3.206 3.033 3.029 2.941
0.00039019 -1.60000 10.05000 0.8067123294 2.4210494412    0.805  0.560  3.8016  3.943    2  0.000  0.529     0.00     0.00     0.00     0.00     0.00 -1 -5.38e-13      0.00 8.555e-01 1.442e-01 4.802e-05 1.323e-05 1.211e-04 -1.000 3.225e-04 3.370 5.760 4.829 4.210 3.782 3.546 3.892 3.922 3.794 3.503 3.432 3.339 3.267 3.136 3.106 2.930 2.925 2.832
0.00039019 -1.60000 10.05000 0.8084823489 2.4216551449    0.807  0.592  3.7958  3.888    2  0.000  0.529     0.00     0.00     0.00     0.00     0.00 -1 -6.16e-13      0.00 8.549e-01 1.447e-01 4.820e-05 1.328e-05 1.215e-04 -1.000 3.235e-04 3.291 5.787 4.855 4.199 3.739 3.489 3.835 3.864 3.731 3.428 3.355 3.258 3.184 3.048 3.018 2.836 2.830 2.733
0.00039019 -1.60000 10.05000 0.8098634481 2.4221256452    0.808  0.620  3.7887  3.832    2  0.000  0.529     0.00     0.00     0.00     0.00     0.00 -1 -7.01e-13      0.00 8.545e-01 1.452e-01 4.834e-05 1.332e-05 1.218e-04 -1.000 3.242e-04 3.220 5.846 4.917 4.215 3.715 3.445 3.794 3.821 3.681 3.364 3.287 3.186 3.109 2.968 2.936 2.747 2.741 2.638
0.00039019 -1.60000 10.05000 0.8109743595 2.4225027633    0.809  0.645  3.7813  3.778    2  0.000  0.529     0.00     0.00     0.00     0.00     0.00 -1 -7.89e-13      0.00 8.453e-01 1.544e-01 5.125e-05 1.411e-05 1.290e-04 -1.000 3.218e-04 3.158 5.922 5.004 4.249 3.705 3.416 3.766 3.791 3.643 3.310 3.230 3.124 3.044 2.898 2.865 2.668 2.661 2.552
0.00039019 -1.60000 10.05000 0.8118994832 2.4228159071    0.810  0.667  3.7737  3.727    2  0.000  0.531     0.00     0.00     0.00     0.00     0.00 -1  -8.8e-13      0.00 8.289e-01 1.708e-01 5.576e-05 1.532e-05 1.399e-04 -1.000 3.144e-04 3.103 6.011 5.124 4.308 3.712 3.401 3.750 3.770 3.614 3.263 3.180 3.069 2.987 2.834 2.800 2.596 2.588 2.473
0.00039019 -1.60000 10.05000 0.8127052784 2.4230879916    0.811  0.688  3.7665  3.677    2  0.000  0.533     0.00     0.00     0.00     0.00     0.00 -1 -9.78e-13      0.00 8.077e-01 1.920e-01 6.068e-05 1.664e-05 1.517e-04 -1.000 3.397e-04 3.051 6.093 5.249 4.371 3.723 3.389 3.737 3.751 3.588 3.219 3.133 3.018 2.932 2.775 2.739 2.527 2.519 2.398
0.00039019 -1.60000 10.05000 0.8134487271 2.4233384744    0.812  0.711  3.7594  3.626    2  0.000  0.535     0.00     0.00     0.00     0.00     0.00 -1 -1.09e-12      0.00 7.905e-01 2.092e-01 6.463e-05 1.770e-05 1.611e-04 -1.000 3.444e-04 2.993 6.160 5.372 4.431 3.729 3.374 3.719 3.727 3.556 3.170 3.082 2.962 2.873 2.710 2.673 2.455 2.446 2.318
0.00039019 -1.60000 10.05000 0.8141948581 2.4235893321    0.812  0.742  3.7526  3.569    2  0.000  0.536     0.00     0.00     0.00     0.00     0.00 -1 -1.25e-12      0.00 7.793e-01 2.204e-01 6.720e-05 1.839e-05 1.672e-04 -1.000 3.760e-04 2.916 6.191 5.485 4.478 3.721 3.346 3.684 3.686 3.507 3.104 3.012 2.888 2.797 2.628 2.590 2.364 2.355 2.221
0.00039019 -1.60000 10.05000 0.8147783279 2.4237851332    0.813  0.774  3.7480  3.518    2  0.000  0.536     0.00     0.00     0.00     0.00     0.00 -1 -1.43e-12      0.00 7.737e-01 2.259e-01 6.849e-05 1.873e-05 1.703e-04 -1.000 3.882e-04 2.835 6.180 5.535 4.482 3.688 3.299 3.633 3.629 3.445 3.030 2.937 2.809 2.717 2.545 2.505 2.275 2.266 2.128
0.00039019 -1.60000 10.05000 0.8153558373 2.4239786168    0.813  0.812  3.7440  3.464    2  0.000  0.536     0.00     0.00     0.00     0.00     0.00 -1 -1.67e-12      0.00 7.698e-01 2.298e-01 6.940e-05 1.897e-05 1.725e-04 -1.000 3.458e-04 2.739 6.139 5.557 4.463 3.635 3.234 3.562 3.554 3.365 2.941 2.846 2.715 2.621 2.447 2.406 2.172 2.162 2.021
0.00039019 -1.60000 10.05000 0.8155394793 2.4240400765    0.814  0.827  3.7431  3.445    2  0.000  0.537     0.00     0.00     0.00     0.00     0.00 -1 -1.76e-12      0.00 7.689e-01 2.308e-01 6.960e-05 1.903e-05 1.730e-04 -1.000 3.521e-04 2.702 6.116 5.549 4.445 3.609 3.205 3.531 3.522 3.332 2.905 2.810 2.679 2.585 2.409 2.368 2.133 2.124 1.981
0.00039019 -1.60000 10.05000 0.8160323501 2.4242048691    0.814  0.869  3.7406  3.395    3  0.000  0.537     0.00     0.00     0.00     0.00     0.00 -1 -2.05e-12      0.00 7.665e-01 2.331e-01 7.009e-05 1.916e-05 1.741e-04 -1.000 4.109e-04 2.599 6.047 5.519 4.390 3.533 3.123 3.444 3.431 3.239 2.807 2.710 2.578 2.482 2.305 2.264 2.026 2.016 1.872
0.00039019 -1.60000 10.05000 0.8165713549 2.4243848248    0.815  0.918  3.7383  3.336    3  0.000  0.537     0.00     0.00     0.00     0.00     0.00 -1 -2.45e-12      0.00 7.641e-01 2.355e-01 7.052e-05 1.927e-05 1.752e-04 -1.000 3.943e-04 2.476 5.955 5.472 4.318 3.441 3.024 3.338 3.322 3.127 2.689 2.591 2.457 2.361 2.182 2.140 1.901 1.890 1.743
0.00039019 -1.60000 10.05000 0.8170289397 2.4245373828    0.815  0.963  3.7365  3.284    3  0.000  0.537     0.00     0.00     0.00     0.00     0.00 -1 -2.88e-12      0.00 7.623e-01 2.373e-01 7.081e-05 1.935e-05 1.759e-04 -1.000 3.940e-04 2.364 5.864 5.417 4.244 3.352 2.931 3.238 3.219 3.022 2.580 2.482 2.347 2.250 2.070 2.028 1.786 1.775 1.627
0.00039019 -1.60000 10.05000 0.8174662590 2.4246830008    0.815  1.009  3.7348  3.232    3  0.000  0.537     0.00     0.00     0.00     0.00     0.00 -1  -3.4e-12      0.00 7.605e-01 2.390e-01 7.105e-05 1.942e-05 1.765e-04 -1.000 4.188e-04 2.249 5.770 5.356 4.165 3.260 2.834 3.135 3.114 2.914 2.468 2.370 2.234 2.136 1.955 1.912 1.669 1.658 1.508
0.00039019 -1.60000 10.05000 0.8179103732 2.4248306981    0.816  1.059  3.7331  3.175    3  0.000  0.537     0.00     0.00     0.00     0.00     0.00 -1 -4.07e-12      0.00 7.587e-01 2.408e-01 7.124e-05 1.949e-05 1.770e-04 -1.000 4.092e-04 2.123 5.665 5.282 4.074 3.156 2.726 3.021 2.997 2.796 2.346 2.247 2.110 2.012 1.829 1.786 1.541 1.531 1.379
0.00039019 -1.60000 10.05000 0.8183185458 2.4249662799    0.816  1.109  3.7316  3.119    3  0.000  0.536     0.00     0.00     0.00     0.00     0.00 -1 -4.87e-12      0.00 7.571e-01 2.425e-01 7.133e-05 1.955e-05 1.774e-04 -1.000 4.008e-04 1.998 5.559 5.206 3.982 3.051 2.618 2.907 2.881 2.678 2.224 2.125 1.987 1.889 1.705 1.661 1.415 1.404 1.250
0.00039019 -1.60000 10.05000 0.8186848760 2.4250878305    0.816  1.157  3.7300  3.065    3  0.000  0.535     0.00     0.00     0.00     0.00     0.00 -1  -5.8e-12      0.00 7.556e-01 2.440e-01 7.132e-05 1.964e-05 1.778e-04 -1.000 3.899e-04 1.877 5.456 5.132 3.892 2.949 2.512 2.796 2.768 2.563 2.106 2.006 1.867 1.769 1.584 1.540 1.292 1.281 1.126
0.00039019 -1.60000 10.05000 0.8190052509 2.4251940305    0.816  1.203  3.7286  3.013    3  0.000  0.534     0.00     0.00     0.00     0.00     0.00 -1 -6.84e-12      0.00 7.543e-01 2.453e-01 7.121e-05 1.976e-05 1.780e-04 -1.000 3.906e-04 1.762 5.357 5.066 3.809 2.854 2.414 2.692 2.662 2.455 1.995 1.894 1.755 1.655 1.470 1.426 1.176 1.165 1.009
0.00039019 -1.60000 10.05000 0.8193172216 2.4252973527    0.817  1.252  3.7271  2.959    3  0.000  0.532     0.00     0.00     0.00     0.00     0.00 -1 -8.15e-12      0.00 7.530e-01 2.466e-01 7.100e-05 1.996e-05 1.782e-04 -1.000 4.175e-04 1.640 5.252 4.999 3.724 2.755 2.310 2.582 2.549 2.340 1.876 1.775 1.635 1.535 1.348 1.304 1.053 1.042 0.884
0.00039019 -1.60000 10.05000 0.8196165562 2.4253964050    0.817  1.303  3.7255  2.901    3  0.000  0.529     0.00     0.00     0.00     0.00     0.00 -1 -9.79e-12      0.00 7.519e-01 2.477e-01 7.070e-05 2.024e-05 1.784e-04 -1.000 4.021e-04 1.512 5.143 4.933 3.637 2.652 2.203 2.466 2.431 2.220 1.752 1.650 1.509 1.409 1.221 1.176 0.924 0.912 0.753
0.00039019 -1.60000 10.05000 0.8198675513 2.4254793972    0.817  1.350  3.7240  2.848    3  0.000  0.526     0.00     0.00     0.00     0.00     0.00 -1 -1.16e-11      0.00 7.511e-01 2.485e-01 7.039e-05 2.055e-05 1.785e-04 -1.000 3.884e-04 1.396 5.044 4.874 3.558 2.559 2.105 2.361 2.323 2.111 1.639 1.537 1.394 1.294 1.105 1.060 0.806 0.794 0.633
0.00039019 -1.60000 10.05000 0.8200964332 2.4255550267    0.817  1.396  3.7225  2.796    3  0.000  0.524     0.00     0.00     0.00     0.00     0.00 -1 -1.37e-11      0.00 7.504e-01 2.492e-01 7.008e-05 2.087e-05 1.786e-04 -1.000 4.169e-04 1.280 4.946 4.815 3.480 2.466 2.008 2.257 2.217 2.002 1.527 1.424 1.281 1.180 0.989 0.944 0.689 0.677 0.514
0.00039019 -1.60000 10.05000 0.8203116655 2.4256261017    0.817  1.443  3.7209  2.743    3  0.000  0.522     0.00     0.00     0.00     0.00     0.00 -1 -1.62e-11      0.00 7.498e-01 2.498e-01 6.980e-05 2.117e-05 1.787e-04 -1.000 4.101e-04 1.162 4.846 4.757 3.401 2.371 1.908 2.151 2.108 1.891 1.412 1.309 1.164 1.063 0.872 0.826 0.569 0.557 0.393
0.00039019 -1.60000 10.05000 0.8205020428 2.4256889332    0.817  1.489  3.7192  2.690    3  0.000  0.520     0.00     0.00     0.00     0.00     0.00 -1 -1.91e-11      0.00 7.494e-01 2.502e-01 6.959e-05 2.140e-05 1.788e-04 -1.000 4.056e-04 1.048 4.749 4.705 3.328 2.281 1.814 2.050 2.004 1.786 1.302 1.198 1.053 0.951 0.758 0.712 0.453 0.441 0.275
0.00039019 -1.60000 10.05000 0.8206829429 2.4257486059    0.817  1.536  3.7176  2.636    3  0.000  0.519     0.00     0.00     0.00     0.00     0.00 -1 -2.27e-11      0.00 7.491e-01 2.504e-01 6.944e-05 2.158e-05 1.788e-04 -1.000 4.124e-04 0.929 4.647 4.654 3.253 2.189 1.717 1.945 1.897 1.676 1.188 1.083 0.937 0.834 0.641 0.594 0.334 0.321 0.154
0.00039019 -1.60000 10.05000 0.8208425045 2.4258012146    0.817  1.582  3.7159  2.584    3  0.000  0.518     0.00     0.00     0.00     0.00     0.00 -1 -2.68e-11      0.00 7.490e-01 2.506e-01 6.934e-05 2.170e-05 1.788e-04 -1.000 4.188e-04 0.815 4.549 4.606 3.182 2.101 1.624 1.845 1.794 1.571 1.078 0.973 0.826 0.722 0.527 0.481 0.218 0.206 0.037
0.00039019 -1.60000 10.05000 0.8209844828 2.4258480061    0.817  1.626  3.7142  2.533    3  0.000  0.517     0.00     0.00     0.00     0.00     0.00 -1 -3.15e-11      0.00 7.488e-01 2.507e-01 6.928e-05 2.177e-05 1.788e-04 -1.000 4.188e-04 0.705 4.455 4.562 3.115 2.016 1.534 1.749 1.695 1.469 0.973 0.867 0.718 0.614 0.418 0.371 0.107 0.094 -0.077
0.00039019 -1.60000 10.05000 0.8211197257 2.4258925606    0.817  1.672  3.7125  2.480    3  0.000  0.517     0.00     0.00     0.00     0.00     0.00 -1 -3.72e-11      0.00 7.488e-01 2.508e-01 6.927e-05 2.179e-05 1.788e-04 -1.000 4.188e-04 0.591 4.358 4.521 3.048 1.930 1.443 1.650 1.593 1.364 0.863 0.756 0.606 0.502 0.304 0.257 -0.009 -0.022 -0.195
0.00039019 -1.60000 10.05000 0.8212421536 2.4259328788    0.817  1.717  3.7107  2.428    3  0.000  0.517     0.00     0.00     0.00     0.00     0.00 -1 -4.38e-11      0.00 7.488e-01 2.508e-01 6.926e-05 2.180e-05 1.789e-04 -1.000 4.188e-04 0.478 4.264 4.495 2.994 1.852 1.358 1.554 1.492 1.261 0.754 0.646 0.496 0.391 0.192 0.144 -0.124 -0.138 -0.312
0.00039019 -1.60000 10.05000 0.8213499784 2.4259683764    0.817  1.760  3.7090  2.378    3  0.000  0.517     0.00     0.00     0.00     0.00     0.00 -1 -5.13e-11      0.00 7.488e-01 2.508e-01 6.926e-05 2.180e-05 1.789e-04 -1.000 4.188e-04 0.370 4.174 4.474 2.944 1.778 1.279 1.463 1.398 1.163 0.651 0.542 0.390 0.284 0.084 0.036 -0.234 -0.248 -0.423
0.00039019 -1.60000 10.05000 0.8214489818 2.4260009604    0.817  1.803  3.7072  2.328    3  0.000  0.517     0.00     0.00     0.00     0.00     0.00 -1 -5.99e-11      0.00 7.488e-01 2.508e-01 6.925e-05 2.181e-05 1.789e-04 -1.000 4.188e-04 0.263 4.083 4.457 2.897 1.707 1.201 1.374 1.304 1.067 0.549 0.439 0.286 0.179 -0.022 -0.071 -0.343 -0.356 -0.534
0.00039019 -1.60000 10.05000 0.8215447664 2.4260324765    0.816  1.848  3.7054  2.276    3  0.000  0.517     0.00     0.00     0.00     0.00     0.00 -1 -7.06e-11      0.00 7.488e-01 2.508e-01 6.925e-05 2.181e-05 1.789e-04 -1.000 4.187e-04 0.151 3.989 4.441 2.849 1.633 1.120 1.282 1.207 0.966 0.442 0.332 0.177 0.070 -0.134 -0.183 -0.456 -0.470 -0.650
0.00039019 -1.60000 10.05000 0.8216286898 2.4260600829    0.816  1.890  3.7035  2.226    3  0.000  0.517     0.00     0.00     0.00     0.00     0.00 -1 -8.24e-11      0.00 7.488e-01 2.508e-01 6.924e-05 2.182e-05 1.789e-04 -1.000 4.189e-04 0.045 3.899 4.428 2.805 1.563 1.044 1.195 1.116 0.872 0.341 0.230 0.074 -0.034 -0.239 -0.288 -0.564 -0.578 -0.759
0.00039019 -1.60000 10.05000 0.8217058778 2.4260854680    0.816  1.932  3.7017  2.177    3  0.000  0.517     0.00     0.00     0.00     0.00     0.00 -1  -9.6e-11      0.00 7.488e-01 2.508e-01 6.924e-05 2.182e-05 1.789e-04 -1.000 4.189e-04 -0.059 3.811 4.417 2.762 1.495 0.969 1.110 1.026 0.779 0.242 0.130 -0.027 -0.136 -0.342 -0.392 -0.670 -0.684 -0.867
0.00039019 -1.60000 10.05000 0.8217788935 2.4261094758    0.816  1.974  3.6999  2.127    3  0.000  0.517     0.00     0.00     0.00     0.00     0.00 -1 -1.12e-10      0.00 7.488e-01 2.508e-01 6.924e-05 2.183e-05 1.789e-04 -1.000 4.188e-04 -0.165 3.722 4.406 2.719 1.426 0.894 1.024 0.936 0.685 0.142 0.029 -0.130 -0.239 -0.447 -0.498 -0.778 -0.792 -0.977
0.00039019 -1.60000 10.05000 0.8218432069 2.4261306183    0.815  2.013  3.6981  2.080    3  0.000  0.517     0.00     0.00     0.00     0.00     0.00 -1  -1.3e-10      0.00 7.488e-01 2.508e-01 6.924e-05 2.183e-05 1.789e-04 -1.000 4.187e-04 -0.264 3.637 4.405 2.685 1.366 0.827 0.946 0.853 0.598 0.049 -0.064 -0.225 -0.335 -0.545 -0.596 -0.877 -0.892 -1.079
0.00039019 -1.60000 10.05000 0.8219051361 2.4261509734    0.815  2.052  3.6963  2.035    3  0.000  0.517     0.00     0.00     0.00     0.00     0.00 -1 -1.49e-10      0.00 7.488e-01 2.508e-01 6.923e-05 2.184e-05 1.789e-04 -1.000 4.188e-04 -0.360 3.555 4.404 2.652 1.307 0.762 0.870 0.773 0.515 -0.040 -0.155 -0.317 -0.428 -0.639 -0.690 -0.974 -0.989 -1.178
0.00039019 -1.60000 10.05000 0.8219694495 2.4261721084    0.815  2.087  3.6947  1.993    3  0.000  0.517     0.00     0.00     0.00     0.00     0.00 -1  -1.7e-10      0.00 7.488e-01 2.508e-01 6.923e-05 2.184e-05 1.789e-04 -1.000 4.188e-04 -0.447 3.480 4.405 2.624 1.254 0.704 0.801 0.700 0.438 -0.122 -0.238 -0.401 -0.513 -0.725 -0.777 -1.063 -1.078 -1.268
0.00039019 -1.60000 10.05000 0.8220269084 2.4261909876    0.814  2.111  3.6937  1.964    3  0.000  0.517     0.00     0.00     0.00     0.00     0.00 -1 -1.86e-10      0.00 7.488e-01 2.508e-01 6.923e-05 2.184e-05 1.789e-04 -1.000 4.188e-04 -0.508 3.428 4.413 2.610 1.221 0.665 0.754 0.650 0.386 -0.179 -0.295 -0.459 -0.572 -0.785 -0.837 -1.124 -1.139 -1.331
0.00039019 -1.60000 10.05000 0.8220720887 2.4262058304    0.814  2.096  3.6947  1.983    3  0.000  0.517     0.00     0.00     0.00     0.00     0.00 -1 -1.78e-10      0.00 7.488e-01 2.508e-01 6.923e-05 2.185e-05 1.789e-04 -1.000 4.188e-04 -0.470 3.458 4.391 2.608 1.235 0.684 0.779 0.678 0.416 -0.145 -0.261 -0.424 -0.536 -0.748 -0.800 -1.086 -1.101 -1.291
0.00039019 -1.60000 10.05000 0.8220781684 2.4262078275    0.814  2.094  3.6948  1.986    3  0.000  0.517     0.00     0.00     0.00     0.00     0.00 -1 -1.77e-10      0.00 7.488e-01 2.508e-01 6.923e-05 2.185e-05 1.789e-04 -1.000 4.188e-04 -0.465 3.462 4.388 2.607 1.237 0.686 0.782 0.681 0.420 -0.141 -0.256 -0.419 -0.531 -0.743 -0.795 -1.081 -1.096 -1.286
0.00039019 -1.60000 10.05000 0.8221094608 2.4262181065    0.813  2.120  3.6936  1.954    3  0.000  0.517     0.00     0.00     0.00     0.00     0.00 -1 -1.93e-10      0.00 7.488e-01 2.508e-01 6.922e-05 2.185e-05 1.789e-04 -1.000 4.188e-04 -0.531 3.406 4.402 2.596 1.202 0.646 0.732 0.627 0.363 -0.203 -0.319 -0.483 -0.595 -0.808 -0.861 -1.148 -1.163 -1.355
0.00039019 -1.60000 10.05000 0.8221570849 2.4262337484    0.813  2.163  3.6915  1.903    3  0.000  0.517     0.00     0.00     0.00     0.00     0.00 -1 -2.24e-10      0.00 7.487e-01 2.508e-01 6.922e-05 2.185e-05 1.789e-04 -1.000 4.188e-04 -0.637 3.317 4.428 2.579 1.148 0.583 0.654 0.542 0.273 -0.301 -0.418 -0.584 -0.697 -0.912 -0.965 -1.255 -1.270 -1.464
0.00039019 -1.60000 10.05000 0.8222013712 2.4262482921    0.813  2.205  3.6894  1.853    3  0.000  0.517     0.00     0.00     0.00     0.00     0.00 -1 -2.62e-10      0.00 7.487e-01 2.508e-01 6.922e-05 2.185e-05 1.789e-04 -1.000 4.188e-04 -0.741 3.229 4.457 2.567 1.096 0.522 0.577 0.459 0.184 -0.398 -0.516 -0.684 -0.798 -1.015 -1.069 -1.361 -1.376 -1.572
0.00039019 -1.60000 10.05000 0.8222422004 2.4262616989    0.812  2.246  3.6873  1.803    3  0.000  0.517     0.00     0.00     0.00     0.00     0.00 -1 -3.05e-10      0.00 7.487e-01 2.508e-01 6.922e-05 2.185e-05 1.789e-04 -1.000 4.187e-04 -0.845 3.141 4.490 2.558 1.047 0.465 0.502 0.377 0.097 -0.493 -0.612 -0.782 -0.897 -1.116 -1.170 -1.465 -1.481 -1.679
0.00039019 -1.60000 10.05000 0.8222781420 2.4262734996    0.812  2.285  3.6852  1.755    3  0.000  0.517     0.00     0.00     0.00     0.00     0.00 -1 -3.53e-10      0.00 7.487e-01 2.508e-01 6.922e-05 2.186e-05 1.789e-04 -1.000 4.188e-04 -0.943 3.058 4.519 2.560 1.009 0.418 0.436 0.302 0.017 -0.583 -0.703 -0.875 -0.991 -1.212 -1.266 -1.564 -1.580 -1.781
0.00039019 -1.60000 10.05000 0.8223130703 2.4262849664    0.811  2.326  3.6832  1.706    3  0.000  0.517     0.00     0.00     0.00     0.00     0.00 -1 -4.11e-10      0.00 7.487e-01 2.508e-01 6.922e-05 2.186e-05 1.789e-04 -1.000 4.189e-04 -1.045 2.971 4.519 2.579 0.986 0.382 0.374 0.229 -0.065 -0.678 -0.800 -0.973 -1.091 -1.314 -1.369 -1.668 -1.685 -1.887
0.00039019 -1.60000 10.05000 0.8223438859 2.4262950821    0.810  2.364  3.6810  1.658    3  0.000  0.517     0.00     0.00     0.00     0.00     0.00 -1 -4.75e-10      0.00 7.487e-01 2.508e-01 6.921e-05 2.186e-05 1.789e-04 -1.000 4.188e-04 -1.141 2.891 4.530 2.611 0.974 0.358 0.321 0.164 -0.140 -0.766 -0.890 -1.066 -1.185 -1.409 -1.465 -1.767 -1.783 -1.988
0.00039019 -1.60000 10.05000 0.8223736882 2.4263048644    0.810  2.404  3.6789  1.610    3  0.000  0.517     0.00     0.00     0.00     0.00     0.00 -1  -5.5e-10      0.00 7.487e-01 2.509e-01 6.921e-05 2.186e-05 1.789e-04 -1.000 4.188e-04 -1.241 2.806 4.541 2.642 0.959 0.330 0.265 0.096 -0.217 -0.857 -0.983 -1.161 -1.282 -1.508 -1.564 -1.869 -1.886 -2.093
0.00039019 -1.60000 10.05000 0.8224001527 2.4263135503    0.809  2.442  3.6767  1.562    3  0.000  0.517     0.00     0.00     0.00     0.00     0.00 -1 -6.34e-10      0.00 7.487e-01 2.509e-01 6.921e-05 2.186e-05 1.789e-04 -1.000 4.188e-04 -1.336 2.727 4.564 2.688 0.955 0.314 0.219 0.036 -0.287 -0.942 -1.070 -1.251 -1.373 -1.602 -1.659 -1.965 -1.983 -2.192
0.00039019 -1.60000 10.05000 0.8224310279 2.4263236831    0.808  2.490  3.6740  1.504    3  0.000  0.517     0.00     0.00     0.00     0.00     0.00 -1 -7.57e-10      0.00 7.487e-01 2.509e-01 6.921e-05 2.187e-05 1.789e-04 -1.000 4.188e-04 -1.454 2.628 4.595 2.748 0.952 0.296 0.163 -0.037 -0.374 -1.048 -1.179 -1.363 -1.487 -1.719 -1.776 -2.087 -2.104 -2.316
0.00039019 -1.60000 10.05000 0.8224585056 2.4263327002    0.807  2.535  3.6713  1.447    3  0.000  0.517     7.53     5.89     4.17     3.23     2.61  3 -8.98e-10      0.00 7.487e-01 2.509e-01 6.921e-05 2.187e-05 1.789e-04 -1.000 4.188e-04 -1.569 2.533 4.637 2.826 0.962 0.291 0.119 -0.100 -0.452 -1.149 -1.282 -1.470 -1.597 -1.832 -1.890 -2.204 -2.222 -2.437
0.00039019 -1.60000 10.05000 0.8224800229 2.4263397608    0.806  2.574  3.6691  1.399    3  0.000  0.517     8.33     6.43     4.53     3.51     2.84  3 -1.04e-09      0.00 7.487e-01 2.509e-01 6.921e-05 2.187e-05 1.789e-04 -1.000 4.188e-04 -1.665 2.452 4.672 2.894 0.973 0.291 0.085 -0.151 -0.516 -1.232 -1.368 -1.560 -1.688 -1.927 -1.986 -2.302 -2.321 -2.538
0.00039019 -1.60000 10.05000 0.8225029111 2.4263472708    0.805  2.618  3.6664  1.343    3  0.000  0.517     9.36     7.10     4.98     3.87     3.13  3 -1.23e-09      0.00 7.487e-01 2.509e-01 6.921e-05 2.187e-05 1.789e-04 -1.000 4.188e-04 -1.775 2.361 4.725 2.989 0.997 0.301 0.053 -0.204 -0.585 -1.326 -1.465 -1.661 -1.792 -2.034 -2.094 -2.414 -2.433 -2.654
0.00039019 -1.60000 10.05000 0.8225212693 2.4263532941    0.804  2.656  3.6642  1.296    3  0.000  0.517    10.34     7.73     5.41     4.20     3.40  3 -1.41e-09      0.00 7.487e-01 2.509e-01 6.921e-05 2.187e-05 1.789e-04 -1.000 4.188e-04 -1.870 2.283 4.772 3.072 1.020 0.313 0.028 -0.247 -0.643 -1.405 -1.547 -1.747 -1.880 -2.126 -2.186 -2.510 -2.529 -2.753
0.00039019 -1.60000 10.05000 0.8225405812 2.4263596299    0.802  2.698  3.6615  1.242    3  0.000  0.517    11.59     8.52     5.93     4.61     3.74  3 -1.66e-09      0.00 7.487e-01 2.509e-01 6.921e-05 2.187e-05 1.789e-04 -1.000 4.189e-04 -1.976 2.197 4.838 3.182 1.057 0.338 0.010 -0.289 -0.704 -1.492 -1.639 -1.843 -1.979 -2.229 -2.290 -2.618 -2.637 -2.864
0.00039019 -1.60000 10.05000 0.8225591183 2.4263657112    0.801  2.742  3.6587  1.186    3  0.000  0.517    13.03     9.42     6.53     5.09     4.12  2 -1.96e-09      0.00 7.487e-01 2.509e-01 6.921e-05 2.187e-05 1.789e-04 -1.000 4.188e-04 -2.086 2.107 4.902 3.301 1.103 0.371 -0.003 -0.327 -0.762 -1.581 -1.731 -1.941 -2.080 -2.334 -2.396 -2.729 -2.749 -2.979
0.00039019 -1.60000 10.05000 0.8225763440 2.4263713620    0.799  2.786  3.6559  1.130    3  0.000  0.517    14.68    10.43     7.20     5.61     4.55  2 -2.32e-09      0.00 7.487e-01 2.509e-01 6.921e-05 2.187e-05 1.789e-04 -1.000 4.188e-04 -2.196 2.015 4.972 3.384 1.118 0.379 -0.030 -0.373 -0.825 -1.668 -1.821 -2.036 -2.177 -2.436 -2.500 -2.838 -2.857 -3.092
0.00039019 -1.60000 10.05000 0.8225913644 2.4263762892    0.797  2.827  3.6532  1.077    3  0.000  0.517    16.41    11.47     7.88     6.15     4.99  2 -2.71e-09      0.00 7.487e-01 2.509e-01 6.920e-05 2.187e-05 1.789e-04 -1.000 4.188e-04 -2.299 1.929 5.043 3.451 1.124 0.377 -0.060 -0.419 -0.885 -1.748 -1.905 -2.124 -2.267 -2.531 -2.595 -2.938 -2.958 -3.196
0.00039019 -1.60000 10.05000 0.8226060867 2.4263811184    0.795  2.871  3.6504  1.021    3  0.000  0.517    18.43    12.67     8.66     6.78     5.49  2 -3.19e-09      0.00 7.487e-01 2.509e-01 6.920e-05 2.188e-05 1.789e-04 -1.000 4.188e-04 -2.406 1.839 5.115 3.520 1.129 0.375 -0.091 -0.467 -0.947 -1.832 -1.992 -2.216 -2.361 -2.629 -2.695 -3.043 -3.063 -3.306
0.00039019 -1.60000 10.05000 0.8226188421 2.4263853022    0.793  2.911  3.6476  0.969    3  0.000  0.517    20.57    13.91     9.47     7.42     6.02  2 -3.72e-09      0.00 7.487e-01 2.509e-01 6.920e-05 2.188e-05 1.789e-04 -1.000 4.188e-04 -2.507 1.756 5.173 3.591 1.142 0.382 -0.111 -0.504 -0.999 -1.907 -2.070 -2.298 -2.446 -2.719 -2.786 -3.139 -3.160 -3.407
0.00039019 -1.60000 10.05000 0.8226311803 2.4263893491    0.791  2.952  3.6449  0.916    3  0.000  0.517    23.03    15.31    10.38     8.15     6.61  2 -4.36e-09      0.00 7.487e-01 2.509e-01 6.920e-05 2.188e-05 1.789e-04 -1.000 4.189e-04 -2.610 1.670 5.226 3.664 1.156 0.390 -0.128 -0.538 -1.050 -1.982 -2.149 -2.383 -2.533 -2.811 -2.880 -3.239 -3.260 -3.511
0.00039019 -1.60000 10.05000 0.8226427436 2.4263931416    0.788  2.993  3.6420  0.861    3  0.000  0.517    25.82    16.88    11.39     8.96     7.26  1 -5.12e-09      0.00 7.487e-01 2.509e-01 6.920e-05 2.188e-05 1.789e-04 -1.000 4.188e-04 -2.714 1.584 5.284 3.741 1.174 0.401 -0.142 -0.571 -1.099 -2.057 -2.227 -2.467 -2.620 -2.903 -2.973 -3.338 -3.360 -3.615
0.00039019 -1.60000 10.05000 0.8226528764 2.4263964649    0.786  3.032  3.6393  0.810    3  0.000  0.517    28.74    18.49    12.43     9.79     7.94  1 -5.95e-09      0.00 7.487e-01 2.509e-01 6.920e-05 2.188e-05 1.789e-04 -1.000 4.188e-04 -2.810 1.505 5.335 3.816 1.192 0.413 -0.153 -0.599 -1.143 -2.125 -2.299 -2.544 -2.699 -2.988 -3.059 -3.430 -3.452 -3.712
0.00039019 -1.60000 10.05000 0.8226627111 2.4263996903    0.783  3.072  3.6365  0.758    3  0.000  0.517    32.08    20.31    13.59    10.71     8.69  1 -6.93e-09      0.00 7.487e-01 2.509e-01 6.920e-05 2.188e-05 1.789e-04 -1.000 4.188e-04 -2.909 1.424 5.365 3.888 1.210 0.426 -0.161 -0.624 -1.185 -2.192 -2.370 -2.621 -2.779 -3.073 -3.146 -3.523 -3.546 -3.811
0.00039019 -1.60000 10.05000 0.8226718903 2.4264027007    0.780  3.111  3.6337  0.706    3  0.000  0.517    35.83    22.31    14.86    11.74     9.53  1 -8.07e-09      0.00 7.487e-01 2.509e-01 6.920e-05 2.188e-05 1.789e-04 -1.000 4.188e-04 -3.008 1.344 5.397 3.965 1.230 0.442 -0.164 -0.645 -1.224 -2.258 -2.439 -2.697 -2.857 -3.158 -3.232 -3.616 -3.639 -3.908
0.00039019 -1.60000 10.05000 0.8226802349 2.4264054373    0.776  3.149  3.6310  0.655    3  0.000  0.517    39.86    24.42    16.21    12.82    10.40  1 -9.37e-09      0.00 7.487e-01 2.509e-01 6.920e-05 2.188e-05 1.789e-04 -1.000 4.188e-04 -3.103 1.266 5.425 4.039 1.250 0.458 -0.167 -0.664 -1.261 -2.321 -2.506 -2.770 -2.933 -3.239 -3.315 -3.704 -3.728 -4.003
0.00039019 -1.60000 10.05000 0.8226885796 2.4264081738    0.772  3.189  3.6282  0.601    3  0.000  0.517    44.59    26.86    17.75    14.06    11.41  1 -1.09e-08      0.00 7.487e-01 2.509e-01 6.920e-05 2.188e-05 1.789e-04 -1.000 4.188e-04 -3.202 1.185 5.443 4.110 1.267 0.471 -0.171 -0.686 -1.300 -2.387 -2.575 -2.846 -3.011 -3.323 -3.401 -3.797 -3.822 -4.101
0.00039019 -1.60000 10.05000 0.8226959705 2.4264105976    0.768  3.227  3.6255  0.551    3  0.000  0.517    49.61    29.40    19.35    15.35    12.46  1 -1.27e-08      0.00 7.487e-01 2.509e-01 6.920e-05 2.188e-05 1.789e-04 -1.000 4.188e-04 -3.296 1.109 5.457 4.179 1.285 0.486 -0.172 -0.704 -1.335 -2.447 -2.639 -2.916 -3.083 -3.401 -3.481 -3.884 -3.908 -4.193
0.00039019 -1.60000 10.05000 0.8227031827 2.4264129626    0.763  3.264  3.6228  0.499    3  0.000  0.517    55.24    32.21    21.10    16.76    13.62  1 -1.47e-08      0.00 7.487e-01 2.509e-01 6.920e-05 2.188e-05 1.789e-04 -1.000 4.188e-04 -3.391 1.033 5.468 4.247 1.303 0.501 -0.173 -0.721 -1.369 -2.507 -2.702 -2.987 -3.156 -3.480 -3.561 -3.971 -3.996 -4.285
0.00039019 -1.60000 10.05000 0.8227092028 2.4264149367    0.759  3.294  3.6206  0.458    3  0.000  0.517    60.19    34.63    22.61    17.99    14.61  1 -1.67e-08      0.00 7.487e-01 2.509e-01 6.920e-05 2.188e-05 1.789e-04 -1.000 4.188e-04 -3.465 0.973 5.470 4.302 1.314 0.509 -0.165 -0.725 -1.388 -2.551 -2.749 -3.040 -3.211 -3.541 -3.624 -4.039 -4.065 -4.359
0.00039019 -1.60000 10.05000 0.8227092028 2.4264149367    0.759  1.727  3.7827  2.674    4  0.000  0.526     0.00     0.00     0.00     0.00     0.00 -1    -1e-30      0.00 7.453e-01 2.543e-01 7.186e-05 2.103e-05 1.824e-04 -1.000 4.188e-04 0.452 3.315 2.488 1.729 1.166 0.880 1.010 1.011 0.876 0.566 0.491 0.390 0.315 0.175 0.144 -0.045 -0.052 -0.162
0.00039019 -1.60000 10.05000 0.8227624297 2.4264323894    0.759  1.746  3.7782  2.637    4  0.000  0.526     0.00     0.00     0.00     0.00     0.00 -1    -1e-30      0.00 7.453e-01 2.543e-01 7.186e-05 2.103e-05 1.824e-04 -1.000 4.188e-04 0.404 3.335 2.519 1.730 1.143 0.845 0.986 0.986 0.846 0.525 0.448 0.345 0.267 0.124 0.092 -0.102 -0.109 -0.223
0.00039019 -1.60000 10.05000 0.8228133917 2.4264490970    0.759  1.749  3.7783  2.634    4  0.000  0.526     0.00     0.00     0.00     0.00     0.00 -1    -1e-30      0.00 7.453e-01 2.543e-01 7.186e-05 2.103e-05 1.824e-04 -1.000 4.188e-04 0.398 3.329 2.513 1.724 1.137 0.840 0.979 0.979 0.839 0.519 0.442 0.339 0.261 0.118 0.086 -0.108 -0.115 -0.228
0.00039019 -1.60000 10.05000 0.8228646517 2.4264658999    0.759  1.750  3.7787  2.635    4  0.000  0.526     0.00     0.00     0.00     0.00     0.00 -1    -1e-30      0.00 7.453e-01 2.543e-01 7.186e-05 2.103e-05 1.824e-04 -1.000 4.188e-04 0.396 3.320 2.502 1.717 1.132 0.836 0.974 0.974 0.835 0.516 0.439 0.336 0.259 0.116 0.084 -0.109 -0.116 -0.229
0.00039019 -1.60000 10.05000 0.8229169250 2.4264830324    0.759  1.750  3.7795  2.638    4  0.000  0.526     0.00     0.00     0.00     0.00     0.00 -1    -1e-30      0.00 7.453e-01 2.543e-01 7.186e-05 2.103e-05 1.824e-04 -1.000 4.188e-04 0.395 3.308 2.487 1.707 1.127 0.832 0.969 0.969 0.831 0.514 0.437 0.335 0.257 0.115 0.083 -0.109 -0.116 -0.228
0.00039019 -1.60000 10.05000 0.8229700923 2.4265004555    0.759  1.750  3.7804  2.642    4  0.000  0.526     0.00     0.00     0.00     0.00     0.00 -1    -1e-30      0.00 7.453e-01 2.543e-01 7.186e-05 2.103e-05 1.824e-04 -1.000 4.188e-04 0.395 3.294 2.471 1.698 1.122 0.830 0.964 0.964 0.826 0.512 0.435 0.334 0.257 0.116 0.084 -0.107 -0.114 -0.226
0.00039019 -1.60000 10.05000 0.8230238557 2.4265180712    0.759  1.750  3.7816  2.647    4  0.000  0.526     0.00     0.00     0.00     0.00     0.00 -1    -1e-30      0.00 7.453e-01 2.543e-01 7.186e-05 2.103e-05 1.824e-04 -1.000 4.188e-04 0.396 3.279 2.455 1.689 1.119 0.829 0.958 0.959 0.822 0.510 0.435 0.334 0.257 0.117 0.085 -0.104 -0.111 -0.222
0.00039019 -1.60000 10.05000 0.8230761886 2.4265352157    0.759  1.749  3.7828  2.652    4  0.000  0.526     0.00     0.00     0.00     0.00     0.00 -1    -1e-30      0.00 7.453e-01 2.543e-01 7.186e-05 2.103e-05 1.824e-04 -1.000 4.188e-04 0.397 3.263 2.438 1.679 1.115 0.828 0.953 0.954 0.819 0.509 0.434 0.334 0.258 0.119 0.088 -0.100 -0.108 -0.217
0.00039019 -1.60000 10.05000 0.8231294155 2.4265526504    0.759  1.748  3.7841  2.658    4  0.000  0.526     0.00     0.00     0.00     0.00     0.00 -1    -1e-30      0.00 7.453e-01 2.543e-01 7.186e-05 2.103e-05 1.824e-04 -1.000 4.188e-04 0.399 3.247 2.420 1.670 1.112 0.828 0.949 0.949 0.815 0.509 0.434 0.335 0.260 0.122 0.091 -0.096 -0.103 -0.212
0.00039019 -1.60000 10.05000 0.8231851459 2.4265709025    0.759  1.748  3.7855  2.665    4  0.000  0.526     0.00     0.00     0.00     0.00     0.00 -1    -1e-30      0.00 7.453e-01 2.543e-01 7.186e-05 2.103e-05 1.824e-04 -1.000 4.188e-04 0.401 3.230 2.401 1.660 1.108 0.828 0.944 0.944 0.812 0.508 0.435 0.336 0.262 0.125 0.094 -0.091 -0.098 -0.206
0.00039019 -1.60000 10.05000 0.8232407570 2.4265891126    0.759  1.747  3.7867  2.670    4  0.000  0.526     0.00     0.00     0.00     0.00     0.00 -1    -1e-30      0.00 7.453e-01 2.543e-01 7.186e-05 2.103e-05 1.824e-04 -1.000 4.188e-04 0.403 3.215 2.385 1.651 1.105 0.827 0.939 0.939 0.808 0.508 0.435 0.337 0.263 0.127 0.097 -0.087 -0.094 -0.201
0.00039019 -1.60000 10.05000 0.8232966065 2.4266073980    0.759  1.746  3.7877  2.675    4  0.000  0.526     0.00     0.00     0.00     0.00     0.00 -1    -1e-30      0.00 7.453e-01 2.543e-01 7.186e-05 2.103e-05 1.824e-04 -1.000 4.188e-04 0.404 3.202 2.370 1.643 1.102 0.827 0.935 0.935 0.805 0.507 0.435 0.338 0.264 0.129 0.099 -0.084 -0.091 -0.197
0.00039019 -1.60000 10.05000 0.8233504891 2.4266250367    0.759  1.746  3.7885  2.679    4  0.000  0.526     0.00     0.00     0.00     0.00     0.00 -1    -1e-30      0.00 7.453e-01 2.543e-01 7.186e-05 2.103e-05 1.824e-04 -1.000 4.188e-04 0.405 3.191 2.358 1.637 1.100 0.826 0.932 0.932 0.803 0.507 0.435 0.339 0.265 0.131 0.101 -0.081 -0.088 -0.193
0.00039019 -1.60000 10.05000 0.8234027028 2.4266421265    0.759  1.746  3.7891  2.681    4  0.000  0.526     0.00     0.00     0.00     0.00     0.00 -1    -1e-30      0.00 7.453e-01 2.543e-01 7.186e-05 2.103e-05 1.824e-04 -1.000 4.188e-04 0.406 3.183 2.349 1.632 1.098 0.826 0.929 0.930 0.801 0.506 0.434 0.339 0.266 0.132 0.102 -0.080 -0.086 -0.191
0.00039019 -1.60000 10.05000 0.8234478831 2.4266569122    0.760  1.746  3.7895  2.683    4  0.000  0.526     0.00     0.00     0.00     0.00     0.00 -1    -1e-30      0.00 7.453e-01 2.543e-01 7.186e-05 2.103e-05 1.824e-04 -1.000 4.188e-04 0.406 3.179 2.345 1.629 1.097 0.825 0.928 0.928 0.800 0.506 0.434 0.338 0.266 0.132 0.102 -0.079 -0.086 -0.190
0.00039019 -1.60000 10.05000 0.8234534860 2.4266587457    0.760  1.746  3.7895  2.683    4  0.000  0.526     0.00     0.00     0.00     0.00     0.00 -1    -1e-30      0.00 7.453e-01 2.543e-01 7.186e-05 2.103e-05 1.824e-04 -1.000 4.188e-04 0.406 3.179 2.344 1.629 1.097 0.825 0.927 0.928 0.800 0.506 0.434 0.338 0.266 0.132 0.102 -0.079 -0.086 -0.190
0.00039019 -1.60000 10.05000 0.8235043287 2.4266753820    0.760  1.746  3.7894  2.682    4  0.000  0.526     0.00     0.00     0.00     0.00     0.00 -1    -1e-30      0.00 7.453e-01 2.543e-01 7.186e-05 2.103e-05 1.824e-04 -1.000 4.188e-04 0.405 3.178 2.344 1.628 1.096 0.824 0.927 0.927 0.799 0.505 0.433 0.338 0.265 0.131 0.101 -0.080 -0.087 -0.191
0.00039019 -1.60000 10.05000 0.8235579133 2.4266929130    0.760  1.747  3.7890  2.680    4  0.000  0.526     0.00     0.00     0.00     0.00     0.00 -1    -1e-30      0.00 7.453e-01 2.543e-01 7.186e-05 2.103e-05 1.824e-04 -1.000 4.188e-04 0.403 3.182 2.349 1.630 1.096 0.823 0.927 0.927 0.799 0.504 0.432 0.336 0.263 0.129 0.099 -0.083 -0.089 -0.194
0.00039019 -1.60000 10.05000 0.8236111999 2.4267103438    0.760  1.748  3.7883  2.676    4  0.000  0.526     0.00     0.00     0.00     0.00     0.00 -1    -1e-30      0.00 7.453e-01 2.543e-01 7.186e-05 2.103e-05 1.824e-04 -1.000 4.188e-04 0.400 3.190 2.358 1.634 1.097 0.822 0.928 0.928 0.799 0.502 0.430 0.334 0.260 0.126 0.096 -0.087 -0.094 -0.199
0.00039019 -1.60000 10.05000 0.8236641288 2.4267276551    0.760  1.749  3.7870  2.669    4  0.000  0.526     0.00     0.00     0.00     0.00     0.00 -1    -1e-30      0.00 7.453e-01 2.543e-01 7.186e-05 2.103e-05 1.824e-04 -1.000 4.188e-04 0.396 3.204 2.374 1.642 1.098 0.821 0.931 0.931 0.800 0.501 0.428 0.331 0.257 0.121 0.091 -0.093 -0.100 -0.206
0.00039019 -1.60000 10.05000 0.8237153888 2.4267444181    0.760  1.751  3.7856  2.662    4  0.000  0.526     0.00     0.00     0.00     0.00     0.00 -1    -1e-30      0.00 7.453e-01 2.543e-01 7.186e-05 2.103e-05 1.824e-04 -1.000 4.188e-04 0.392 3.220 2.392 1.651 1.100 0.819 0.934 0.934 0.802 0.499 0.426 0.327 0.253 0.116 0.085 -0.100 -0.107 -0.214
0.00039019 -1.60000 10.05000 0.8237673044 2.4267613931    0.760  1.754  3.7835  2.651    4  0.000  0.526     0.00     0.00     0.00     0.00     0.00 -1    -1e-30      0.00 7.453e-01 2.543e-01 7.186e-05 2.103e-05 1.824e-04 -1.000 4.188e-04 0.386 3.243 2.417 1.663 1.102 0.817 0.939 0.939 0.805 0.497 0.422 0.323 0.247 0.109 0.078 -0.110 -0.117 -0.226
0.00039019 -1.60000 10.05000 0.8238202333 2.4267786969    0.760  1.756  3.7813  2.640    4  0.000  0.526     0.00     0.00     0.00     0.00     0.00 -1    -1e-30      0.00 7.453e-01 2.543e-01 7.186e-05 2.103e-05 1.824e-04 -1.000 4.188e-04 0.380 3.268 2.445 1.677 1.105 0.815 0.944 0.944 0.807 0.495 0.419 0.318 0.241 0.101 0.069 -0.121 -0.128 -0.239
0.00039019 -1.60000 10.05000 0.8238458037 2.4267870555    0.760  1.757  3.7803  2.634    4  0.000  0.526     0.00     0.00     0.00     0.00     0.00 -1    -1e-30      0.00 7.453e-01 2.543e-01 7.186e-05 2.103e-05 1.824e-04 -1.000 4.188e-04 0.376 3.279 2.457 1.682 1.106 0.813 0.946 0.946 0.808 0.493 0.417 0.315 0.238 0.097 0.065 -0.126 -0.133 -0.245
0.00039019 -1.60000 10.05000 0.8238540292 2.4267897442    0.760  1.758  3.7798  2.632    4  0.000  0.526     0.00     0.00     0.00     0.00     0.00 -1    -1e-30      0.00 7.453e-01 2.543e-01 7.186e-05 2.103e-05 1.824e-04 -1.000 4.188e-04 0.375 3.285 2.465 1.686 1.107 0.813 0.947 0.947 0.809 0.493 0.416 0.314 0.237 0.095 0.063 -0.128 -0.136 -0.248
0.00039019 -1.60000 10.05000 0.8239026070 2.4268056217    0.760  1.762  3.7768  2.616    4  0.000  0.526     0.00     0.00     0.00     0.00     0.00 -1    -1e-30      0.00 7.453e-01 2.543e-01 7.186e-05 2.103e-05 1.824e-04 -1.000 4.188e-04 0.366 3.322 2.513 1.712 1.116 0.815 0.956 0.955 0.814 0.490 0.412 0.308 0.229 0.085 0.052 -0.143 -0.150 -0.265
0.00039019 -1.60000 10.05000 0.8239499927 2.4268211075    0.760  1.765  3.7739  2.601    4  0.000  0.526     0.00     0.00     0.00     0.00     0.00 -1    -1e-30      0.00 7.453e-01 2.543e-01 7.186e-05 2.103e-05 1.824e-04 -1.000 4.188e-04 0.357 3.357 2.558 1.737 1.124 0.816 0.964 0.961 0.817 0.486 0.407 0.301 0.221 0.075 0.041 -0.157 -0.165 -0.282
0.00039019 -1.60000 10.05000 0.8240005970 2.4268376429    0.760  1.770  3.7707  2.584    4  0.000  0.526     0.00     0.00     0.00     0.00     0.00 -1    -1e-30      0.00 7.453e-01 2.543e-01 7.186e-05 2.103e-05 1.824e-04 -1.000 4.189e-04 0.346 3.395 2.607 1.762 1.132 0.817 0.971 0.968 0.820 0.482 0.401 0.293 0.212 0.062 0.028 -0.174 -0.182 -0.301
0.00039019 -1.60000 10.05000 0.8240487576 2.4268533776    0.760  1.774  3.7677  2.567    4  0.000  0.526     0.00     0.00     0.00     0.00     0.00 -1    -1e-30      0.00 7.453e-01 2.543e-01 7.186e-05 2.103e-05 1.824e-04 -1.000 4.188e-04 0.334 3.428 2.656 1.788 1.139 0.816 0.978 0.973 0.822 0.476 0.394 0.284 0.202 0.050 0.015 -0.191 -0.199 -0.321
0.00039019 -1.60000 10.05000 0.8240948915 2.4268684482    0.760  1.779  3.7651  2.552    4  0.000  0.526     0.00     0.00     0.00     0.00     0.00 -1    -1e-30      0.00 7.453e-01 2.543e-01 7.186e-05 2.103e-05 1.824e-04 -1.000 4.188e-04 0.322 3.454 2.697 1.808 1.143 0.813 0.982 0.976 0.822 0.470 0.386 0.274 0.191 0.037 0.001 -0.207 -0.215 -0.339
0.00039019 -1.60000 10.05000 0.8241425157 2.4268840036    0.760  1.784  3.7625  2.537    4  0.000  0.526     0.00     0.00     0.00     0.00     0.00 -1    -1e-30      0.00 7.453e-01 2.543e-01 7.186e-05 2.103e-05 1.824e-04 -1.000 4.188e-04 0.309 3.478 2.736 1.827 1.145 0.809 0.984 0.978 0.821 0.462 0.377 0.263 0.179 0.023 -0.013 -0.224 -0.232 -0.359
0.00039019 -1.60000 10.05000 0.8241892457 2.4268992649    0.760  1.790  3.7604  2.523    4  0.000  0.526     0.00     0.00     0.00     0.00     0.00 -1    -1e-30      0.00 7.453e-01 2.543e-01 7.186e-05 2.103e-05 1.824e-04 -1.000 4.188e-04 0.296 3.495 2.765 1.840 1.144 0.803 0.983 0.976 0.817 0.453 0.367 0.252 0.167 0.009 -0.027 -0.241 -0.249 -0.378
0.00039019 -1.60000 10.05000 0.8242365122 2.4269146994    0.760  1.795  3.7583  2.509    4  0.000  0.526     0.00     0.00     0.00     0.00     0.00 -1    -1e-30      0.00 7.453e-01 2.543e-01 7.186e-05 2.103e-05 1.824e-04 -1.000 4.188e-04 0.281 3.509 2.800 1.855 1.145 0.798 0.982 0.974 0.812 0.443 0.356 0.239 0.154 -0.006 -0.043 -0.259 -0.268 -0.398
0.00039019 -1.60000 10.05000 0.8242837787 2.4269301319    0.760  1.802  3.7563  2.494    4  0.000  0.526     0.00     0.00     0.00     0.00     0.00 -1    -1e-30      0.00 7.453e-01 2.543e-01 7.186e-05 2.103e-05 1.824e-04 -1.000 4.188e-04 0.266 3.522 2.833 1.869 1.145 0.792 0.979 0.970 0.806 0.431 0.344 0.226 0.139 -0.023 -0.060 -0.278 -0.287 -0.419
0.00039019 -1.60000 10.05000 0.8243314028 2.4269456790    0.761  1.809  3.7541  2.478    4  0.000  0.526     0.00     0.00     0.00     0.00     0.00 -1    -1e-30      0.00 7.453e-01 2.543e-01 7.186e-05 2.103e-05 1.824e-04 -1.000 4.188e-04 0.247 3.534 2.869 1.885 1.144 0.785 0.975 0.964 0.798 0.417 0.329 0.209 0.121 -0.042 -0.080 -0.300 -0.309 -0.443
0.00039019 -1.60000 10.05000 0.8243408203 2.4269487532    0.761  1.806  3.7557  2.488    4  0.000  0.526     0.00     0.00     0.00     0.00     0.00 -1    -1e-30      0.00 7.453e-01 2.543e-01 7.186e-05 2.103e-05 1.824e-04 -1.000 4.188e-04 0.255 3.521 2.839 1.869 1.140 0.785 0.973 0.963 0.798 0.422 0.334 0.216 0.129 -0.033 -0.071 -0.289 -0.298 -0.431
0.00039019 -1.60000 10.05000 0.8243837953 2.4269627805    0.761  1.817  3.7524  2.464    4  0.000  0.526     0.00     0.00     0.00     0.00     0.00 -1    -1e-30      0.00 7.453e-01 2.543e-01 7.186e-05 2.103e-05 1.824e-04 -1.000 4.188e-04 0.228 3.540 2.894 1.893 1.140 0.775 0.967 0.956 0.787 0.402 0.313 0.192 0.103 -0.061 -0.100 -0.322 -0.331 -0.466
0.00039019 -1.60000 10.05000 0.8243893385 2.4269645897    0.761  1.818  3.7520  2.461    4  0.000  0.526     0.00     0.00     0.00     0.00     0.00 -1    -1e-30      0.00 7.453e-01 2.543e-01 7.186e-05 2.103e-05 1.824e-04 -1.000 4.188e-04 0.224 3.543 2.901 1.897 1.139 0.773 0.966 0.955 0.785 0.399 0.310 0.188 0.100 -0.065 -0.103 -0.326 -0.335 -0.471
0.00039019 -1.60000 10.05000 0.8244349360 2.4269794710    0.761  1.833  3.7484  2.431    4  0.000  0.526     0.00     0.00     0.00     0.00     0.00 -1    -1e-30      0.00 7.453e-01 2.543e-01 7.186e-05 2.103e-05 1.824e-04 -1.000 4.188e-04 0.187 3.555 2.957 1.918 1.133 0.756 0.953 0.938 0.765 0.369 0.278 0.154 0.064 -0.104 -0.143 -0.369 -0.379 -0.518
0.00039019 -1.60000 10.05000 0.8244733214 2.4269919970    0.761  1.866  3.7420  2.373    4  0.000  0.526     0.00     0.00     0.00     0.00     0.00 -1    -1e-30      0.00 7.453e-01 2.543e-01 7.186e-05 2.103e-05 1.824e-04 -1.000 4.188e-04 0.105 3.557 3.049 1.948 1.110 0.715 0.915 0.895 0.713 0.301 0.207 0.079 -0.013 -0.186 -0.227 -0.460 -0.470 -0.615
0.00039019 -1.60000 10.05000 0.8244941235 2.4269987846    0.761  1.905  3.7354  2.308    4  0.000  0.526     0.00     0.00     0.00     0.00     0.00 -1    -1e-30      0.00 7.453e-01 2.543e-01 7.186e-05 2.103e-05 1.824e-04 -1.000 4.188e-04 0.009 3.547 3.171 1.994 1.092 0.675 0.868 0.839 0.649 0.218 0.122 -0.011 -0.106 -0.285 -0.327 -0.567 -0.578 -0.728
0.00039019 -1.60000 10.05000 0.8245035410 2.4270018573    0.761  1.944  3.7295  2.245    4  0.000  0.526     0.00     0.00     0.00     0.00     0.00 -1    -1e-30      0.00 7.453e-01 2.543e-01 7.186e-05 2.103e-05 1.824e-04 -1.000 4.188e-04 -0.091 3.523 3.283 2.032 1.070 0.633 0.815 0.778 0.579 0.131 0.032 -0.105 -0.202 -0.385 -0.428 -0.675 -0.686 -0.842
0.00039019 -1.60000 10.05000 0.8245077133 2.4270032187    0.761  1.983  3.7245  2.186    4  0.000  0.526     0.00     0.00     0.00     0.00     0.00 -1    -1e-30      0.00 7.453e-01 2.543e-01 7.186e-05 2.103e-05 1.824e-04 -1.000 4.188e-04 -0.187 3.483 3.384 2.065 1.046 0.593 0.762 0.717 0.510 0.047 -0.055 -0.195 -0.294 -0.482 -0.526 -0.778 -0.790 -0.950
0.00039019 -1.60000 10.05000 0.8245096803 2.4270038604    0.761  2.019  3.7203  2.133    4  0.000  0.526     0.00     0.00     0.00     0.00     0.00 -1    -1e-30      0.00 7.453e-01 2.543e-01 7.186e-05 2.103e-05 1.824e-04 -1.000 4.188e-04 -0.279 3.438 3.458 2.081 1.016 0.548 0.707 0.655 0.441 -0.034 -0.138 -0.281 -0.382 -0.573 -0.618 -0.874 -0.887 -1.051
0.00039019 -1.60000 10.05000 0.8245105147 2.4270041327    0.761  2.042  3.7180  2.101    7  0.000  0.526     0.00     0.00     0.00     0.00     0.00 -1    -1e-30      0.00 7.453e-01 2.543e-01 7.186e-05 2.103e-05 1.824e-04 -1.000 4.188e-04 -0.334 3.406 3.501 2.090 0.997 0.522 0.673 0.617 0.399 -0.084 -0.188 -0.333 -0.435 -0.628 -0.673 -0.932 -0.945 -1.112
0.00039019 -1.60000 10.05000 0.8245111108 2.4270043272    0.761  2.065  3.7159  2.070    7  0.000  0.526     0.00     0.00     0.00     0.00     0.00 -1    -1e-30      0.00 7.453e-01 2.543e-01 7.186e-05 2.103e-05 1.824e-04 -1.000 4.188e-04 -0.392 3.368 3.533 2.091 0.973 0.491 0.635 0.575 0.354 -0.136 -0.241 -0.388 -0.491 -0.685 -0.731 -0.993 -1.005 -1.174
0.00039019 -1.60000 10.05000 0.8245122433 2.4270046967    0.761  2.110  3.7121  2.010    7  0.000  0.526     0.00     0.00     0.00     0.00     0.00 -1    -1e-30      0.00 7.453e-01 2.543e-01 7.186e-05 2.103e-05 1.824e-04 -1.000 4.187e-04 -0.504 3.292 3.588 2.089 0.924 0.428 0.560 0.493 0.264 -0.238 -0.345 -0.495 -0.599 -0.796 -0.844 -1.109 -1.122 -1.295
0.00039019 -1.60000 10.05000 0.8245131373 2.4270049884    0.761  2.141  3.7096  1.969    7  0.000  0.526     0.00     0.00     0.00     0.00     0.00 -1    -1e-30      0.00 7.453e-01 2.543e-01 7.186e-05 2.103e-05 1.824e-04 -1.000 4.188e-04 -0.582 3.239 3.632 2.091 0.892 0.387 0.507 0.435 0.202 -0.309 -0.417 -0.569 -0.674 -0.874 -0.922 -1.190 -1.203 -1.378
0.00039019 -1.60000 10.05000 0.8245140910 2.4270052995    0.761  2.161  3.7081  1.943    7  0.000  0.526     0.00     0.00     0.00     0.00     0.00 -1    -1e-30      0.00 7.453e-01 2.543e-01 7.186e-05 2.103e-05 1.824e-04 -1.000 4.188e-04 -0.632 3.202 3.665 2.095 0.873 0.362 0.474 0.397 0.161 -0.355 -0.464 -0.616 -0.722 -0.923 -0.972 -1.242 -1.255 -1.432
0.00039019 -1.60000 10.05000 0.8245162964 2.4270060191    0.761  2.165  3.7080  1.938    7  0.000  0.526     0.00     0.00     0.00     0.00     0.00 -1    -1e-30      0.00 7.453e-01 2.543e-01 7.186e-05 2.103e-05 1.824e-04 -1.000 4.189e-04 -0.642 3.194 3.667 2.093 0.868 0.356 0.466 0.389 0.153 -0.364 -0.473 -0.626 -0.732 -0.933 -0.981 -1.251 -1.265 -1.442
0.00039019 -1.60000 10.05000 0.8245180845 2.4270066025    0.761  2.158  3.7085  1.948    7  0.000  0.526     0.00     0.00     0.00     0.00     0.00 -1    -1e-30      0.00 7.453e-01 2.543e-01 7.186e-05 2.103e-05 1.824e-04 -1.000 4.188e-04 -0.624 3.207 3.653 2.091 0.874 0.364 0.478 0.402 0.167 -0.347 -0.456 -0.609 -0.715 -0.915 -0.963 -1.233 -1.247 -1.423
0.00039019 -1.60000 10.05000 0.8245250583 2.4270088777    0.761  2.135  3.7103  1.978    7  0.000  0.526     0.00     0.00     0.00     0.00     0.00 -1    -1e-30      0.00 7.453e-01 2.543e-01 7.186e-05 2.103e-05 1.824e-04 -1.000 4.188e-04 -0.567 3.247 3.612 2.083 0.894 0.391 0.514 0.443 0.212 -0.296 -0.404 -0.555 -0.660 -0.859 -0.907 -1.174 -1.188 -1.362
0.00039019 -1.60000 10.05000 0.8245547414 2.4270185617    0.761  2.166  3.7076  1.936    7  0.000  0.526     0.00     0.00     0.00     0.00     0.00 -1    -1e-30      0.00 7.453e-01 2.543e-01 7.186e-05 2.103e-05 1.824e-04 -1.000 4.188e-04 -0.644 3.195 3.681 2.102 0.872 0.359 0.468 0.390 0.153 -0.364 -0.474 -0.627 -0.733 -0.934 -0.983 -1.254 -1.267 -1.444
0.00039019 -1.60000 10.05000 0.8245726824 2.4270244144    0.761  2.201  3.7047  1.889    7  0.000  0.526     0.00     0.00     0.00     0.00     0.00 -1    -1e-30      0.00 7.453e-01 2.543e-01 7.186e-05 2.103e-05 1.824e-04 -1.000 4.188e-04 -0.733 3.132 3.749 2.117 0.842 0.318 0.412 0.327 0.084 -0.444 -0.555 -0.710 -0.818 -1.022 -1.071 -1.345 -1.359 -1.539
0.00039019 -1.60000 10.05000 0.8245866895 2.4270289837    0.761  2.235  3.7021  1.845    7  0.000  0.526     0.00     0.00     0.00     0.00     0.00 -1    -1e-30      0.00 7.453e-01 2.543e-01 7.186e-05 2.103e-05 1.824e-04 -1.000 4.188e-04 -0.818 3.069 3.807 2.126 0.811 0.276 0.356 0.265 0.016 -0.522 -0.634 -0.791 -0.900 -1.106 -1.156 -1.433 -1.448 -1.630
0.00039019 -1.60000 10.05000 0.8246030807 2.4270343304    0.761  2.278  3.6990  1.789    7  0.000  0.526     0.00     0.00     0.00     0.00     0.00 -1    -1e-30      0.00 7.453e-01 2.543e-01 7.186e-05 2.103e-05 1.824e-04 -1.000 4.188e-04 -0.925 2.988 3.878 2.137 0.771 0.224 0.287 0.187 -0.069 -0.618 -0.732 -0.892 -1.003 -1.211 -1.262 -1.543 -1.558 -1.743
0.00039019 -1.60000 10.05000 0.8246187568 2.4270394436    0.761  2.321  3.6960  1.735    7  0.000  0.526     0.00     0.00     0.00     0.00     0.00 -1    -1e-30      0.00 7.453e-01 2.543e-01 7.186e-05 2.103e-05 1.824e-04 -1.000 4.188e-04 -1.031 2.906 3.950 2.151 0.734 0.175 0.219 0.110 -0.152 -0.713 -0.829 -0.991 -1.103 -1.315 -1.366 -1.651 -1.666 -1.855
0.00039019 -1.60000 10.05000 0.8246328831 2.4270440511    0.761  2.362  3.6931  1.682    7  0.000  0.526     0.00     0.00     0.00     0.00     0.00 -1    -1e-30      0.00 7.453e-01 2.543e-01 7.186e-05 2.103e-05 1.824e-04 -1.000 4.068e-04 -1.134 2.825 4.019 2.164 0.697 0.127 0.153 0.036 -0.233 -0.805 -0.922 -1.088 -1.201 -1.415 -1.467 -1.755 -1.771 -1.963
0.00039019 -1.60000 10.05000 0.8246454000 2.4270481336    0.761  2.402  3.6902  1.630    7  0.000  0.526     0.00     0.00     0.00     0.00     0.00 -1    -1e-30      0.00 7.453e-01 2.543e-01 7.184e-05 2.103e-05 1.824e-04 -1.000 4.076e-04 -1.236 2.744 4.086 2.177 0.661 0.080 0.089 -0.036 -0.312 -0.896 -1.015 -1.183 -1.297 -1.514 -1.567 -1.858 -1.874 -2.069
0.00039019 -1.60000 10.05000 0.8246566057 2.4270517882    0.761  2.443  3.6874  1.578    7  0.000  0.525     0.00     0.00     0.00     0.00     0.00 -1    -1e-30      0.00 7.453e-01 2.543e-01 7.178e-05 2.105e-05 1.824e-04 -1.000 4.061e-04 -1.337 2.662 4.158 2.196 0.629 0.037 0.027 -0.108 -0.391 -0.986 -1.106 -1.276 -1.392 -1.611 -1.666 -1.961 -1.977 -2.175
0.00039019 -1.60000 10.05000 0.8246667385 2.4270550929    0.761  2.484  3.6845  1.525    7  0.000  0.523     0.00     0.00     0.00     0.00     0.00 -1    -1e-30      0.00 7.453e-01 2.543e-01 7.155e-05 2.119e-05 1.824e-04 -1.000 4.074e-04 -1.440 2.579 4.213 2.234 0.613 0.008 -0.028 -0.175 -0.467 -1.078 -1.199 -1.372 -1.490 -1.712 -1.767 -2.065 -2.081 -2.283
0.00039019 -1.60000 10.05000 0.8246758580 2.4270580670    0.761  2.525  3.6816  1.473    7  0.000  0.517     6.98     5.54     3.93     3.04     2.46  3    -1e-30      0.00 7.453e-01 2.543e-01 7.098e-05 2.165e-05 1.824e-04 -1.000 4.188e-04 -1.542 2.496 4.249 2.300 0.621 -0.000 -0.072 -0.235 -0.540 -1.169 -1.293 -1.470 -1.589 -1.814 -1.869 -2.171 -2.188 -2.392
0.00039019 -1.60000 10.05000 0.8246842027 2.4270607883    0.761  2.566  3.6787  1.420    7  0.000  0.508     7.80     6.09     4.30     3.33     2.70  3    -1e-30      0.00 7.452e-01 2.544e-01 6.988e-05 2.274e-05 1.824e-04 -1.000 4.184e-04 -1.645 2.414 4.295 2.380 0.638 0.000 -0.110 -0.291 -0.610 -1.259 -1.386 -1.566 -1.687 -1.915 -1.971 -2.277 -2.294 -2.501
0.00039019 -1.60000 10.05000 0.8246917725 2.4270632569    0.761  2.607  3.6758  1.368    7  0.000  0.497     8.72     6.69     4.71     3.65     2.96  3    -1e-30      0.00 7.452e-01 2.544e-01 6.837e-05 2.451e-05 1.824e-04 -1.000 4.173e-04 -1.747 2.332 4.348 2.471 0.663 0.010 -0.141 -0.341 -0.675 -1.346 -1.476 -1.660 -1.784 -2.015 -2.072 -2.381 -2.399 -2.610
0.00039019 -1.60000 10.05000 0.8246988654 2.4270655699    0.761  2.648  3.6729  1.315    7  0.000  0.486     9.76     7.36     5.16     4.01     3.24  3    -1e-30      0.00 7.451e-01 2.545e-01 6.680e-05 2.642e-05 1.824e-04 -1.000 4.175e-04 -1.849 2.250 4.410 2.574 0.695 0.027 -0.166 -0.387 -0.737 -1.433 -1.566 -1.754 -1.881 -2.116 -2.174 -2.487 -2.505 -2.719
0.00039019 -1.60000 10.05000 0.8247056603 2.4270677857    0.761  2.689  3.6699  1.262    7  0.000  0.476    10.92     8.10     5.65     4.40     3.56  3    -1e-30      0.00 7.450e-01 2.546e-01 6.538e-05 2.816e-05 1.824e-04 -1.000 4.185e-04 -1.952 2.169 4.480 2.688 0.735 0.052 -0.185 -0.428 -0.796 -1.519 -1.656 -1.848 -1.977 -2.217 -2.276 -2.593 -2.611 -2.828
0.00039019 -1.60000 10.05000 0.8247122169 2.4270699237    0.761  2.730  3.6668  1.209    7  0.000  0.467    12.23     8.92     6.19     4.83     3.91  2    -1e-30      0.00 7.449e-01 2.547e-01 6.419e-05 2.962e-05 1.824e-04 -1.000 4.174e-04 -2.054 2.088 4.555 2.813 0.784 0.086 -0.197 -0.464 -0.852 -1.602 -1.743 -1.940 -2.072 -2.316 -2.376 -2.697 -2.716 -2.937
0.00039019 -1.60000 10.05000 0.8247185946 2.4270720034    0.761  2.771  3.6638  1.156    7  0.000  0.459    13.69     9.83     6.79     5.30     4.29  2    -1e-30      0.00 7.448e-01 2.548e-01 6.315e-05 3.090e-05 1.823e-04 -1.000 4.172e-04 -2.157 2.006 4.636 2.947 0.839 0.127 -0.203 -0.496 -0.904 -1.684 -1.829 -2.032 -2.167 -2.415 -2.476 -2.803 -2.821 -3.046
0.00039019 -1.60000 10.05000 0.8247243762 2.4270738887    0.761  2.811  3.6608  1.103    7  0.000  0.453    15.31    10.80     7.43     5.81     4.71  2    -1e-30      0.00 7.447e-01 2.549e-01 6.226e-05 3.199e-05 1.823e-04 -1.000 4.189e-04 -2.258 1.927 4.722 3.086 0.900 0.176 -0.203 -0.521 -0.951 -1.763 -1.913 -2.121 -2.259 -2.512 -2.574 -2.905 -2.925 -3.153
0.00039019 -1.60000 10.05000 0.8247297406 2.4270756379    0.761  2.853  3.6576  1.049    7  0.000  0.447    17.18    11.92     8.16     6.39     5.18  2    -1e-30      0.00 7.446e-01 2.550e-01 6.148e-05 3.297e-05 1.823e-04 -1.000 4.188e-04 -2.362 1.845 4.806 3.235 0.969 0.233 -0.194 -0.541 -0.995 -1.841 -1.995 -2.209 -2.351 -2.610 -2.673 -3.010 -3.029 -3.262
0.00039019 -1.60000 10.05000 0.8247343898 2.4270771538    0.761  2.895  3.6544  0.994    7  0.000  0.443    19.30    13.16     8.97     7.04     5.70  2    -1e-30      0.00 7.444e-01 2.551e-01 6.080e-05 3.381e-05 1.822e-04 -1.000 4.188e-04 -2.467 1.759 4.899 3.324 0.988 0.244 -0.214 -0.579 -1.050 -1.919 -2.077 -2.296 -2.440 -2.705 -2.769 -3.111 -3.131 -3.369
0.00039019 -1.60000 10.05000 0.8247380853 2.4270783588    0.761  2.934  3.6513  0.942    7  0.000  0.439    21.55    14.45     9.81     7.71     6.25  2    -1e-30      0.00 7.443e-01 2.553e-01 6.024e-05 3.451e-05 1.821e-04 -1.000 4.188e-04 -2.566 1.679 4.985 3.414 1.013 0.261 -0.223 -0.606 -1.094 -1.990 -2.151 -2.377 -2.523 -2.793 -2.858 -3.207 -3.227 -3.469
0.00039019 -1.60000 10.05000 0.8247411251 2.4270793500    0.761  2.973  3.6482  0.891    7  0.000  0.436    24.03    15.86    10.72     8.43     6.84  1    -1e-30      0.00 7.441e-01 2.555e-01 5.975e-05 3.514e-05 1.819e-04 -1.000 4.188e-04 -2.663 1.600 5.062 3.504 1.039 0.280 -0.229 -0.632 -1.137 -2.058 -2.223 -2.455 -2.604 -2.879 -2.946 -3.301 -3.322 -3.568
0.00039019 -1.60000 10.05000 0.8247441649 2.4270803411    0.761  3.015  3.6449  0.836    7  0.000  0.433    27.03    17.53    11.80     9.29     7.54  1    -1e-30      0.00 7.440e-01 2.556e-01 5.934e-05 3.571e-05 1.818e-04 -1.000 4.188e-04 -2.769 1.515 5.138 3.600 1.068 0.301 -0.237 -0.659 -1.182 -2.131 -2.300 -2.538 -2.690 -2.971 -3.039 -3.401 -3.422 -3.674
0.00039019 -1.60000 10.05000 0.8247468472 2.4270812157    0.761  3.055  3.6417  0.783    7  0.000  0.432    30.20    19.26    12.91    10.18     8.26  1    -1e-30      0.00 7.439e-01 2.557e-01 5.904e-05 3.616e-05 1.816e-04 -1.000 4.188e-04 -2.867 1.436 5.211 3.692 1.096 0.322 -0.242 -0.683 -1.223 -2.199 -2.372 -2.615 -2.770 -3.056 -3.127 -3.495 -3.516 -3.773
0.00039019 -1.60000 10.05000 0.8247493505 2.4270820319    0.761  3.110  3.6372  0.710    7  0.000  0.430    35.25    21.97    14.64    11.57     9.39  1    -1e-30      0.00 7.438e-01 2.558e-01 5.876e-05 3.664e-05 1.813e-04 -1.000 4.188e-04 -3.004 1.328 5.291 3.823 1.140 0.357 -0.239 -0.707 -1.273 -2.287 -2.466 -2.719 -2.877 -3.172 -3.245 -3.622 -3.645 -3.909
0.00039019 -1.60000 10.05000 0.8247495890 2.4270821097    0.761  3.118  3.6365  0.699    7  0.000  0.430    36.12    22.43    14.94    11.80     9.58  1    -1e-30      0.00 7.438e-01 2.558e-01 5.874e-05 3.668e-05 1.813e-04 -1.000 4.188e-04 -3.026 1.311 5.300 3.843 1.146 0.362 -0.238 -0.710 -1.281 -2.301 -2.480 -2.735 -2.893 -3.190 -3.263 -3.642 -3.665 -3.931
0.00039019 -1.60000 10.05000 0.8247497082 2.4270821485    0.761  3.127  3.6358  0.688    7  0.000  0.430    36.97    22.88    15.22    12.03     9.77  1    -1e-30      0.00 7.438e-01 2.558e-01 5.869e-05 3.678e-05 1.812e-04 -1.000 4.182e-04 -3.047 1.294 5.308 3.862 1.152 0.367 -0.238 -0.713 -1.288 -2.314 -2.494 -2.750 -2.910 -3.208 -3.281 -3.662 -3.684 -3.951
0.00039019 -1.60000 10.05000 0.8247499466 2.4270822263    0.761  3.145  3.6344  0.664    7  0.000  0.430    38.92    23.90    15.87    12.55    10.19  1    -1e-30      0.00 7.437e-01 2.559e-01 5.860e-05 3.703e-05 1.811e-04 -1.000 4.170e-04 -3.092 1.257 5.325 3.902 1.164 0.377 -0.236 -0.721 -1.304 -2.344 -2.526 -2.785 -2.945 -3.246 -3.320 -3.704 -3.727 -3.996
0.00039019 -1.60000 10.05000 0.8247504830 2.4270824012    0.761  3.184  3.6311  0.611    7  0.000  0.428    43.53    26.29    17.38    13.77    11.18  1    -1e-30      0.00 7.435e-01 2.561e-01 5.817e-05 3.795e-05 1.805e-04 -1.000 4.187e-04 -3.191 1.179 5.368 3.998 1.197 0.405 -0.228 -0.732 -1.335 -2.405 -2.591 -2.857 -3.020 -3.328 -3.404 -3.795 -3.819 -4.094
0.00039019 -1.60000 10.05000 0.8247506022 2.4270824401    0.761  3.197  3.6300  0.594    7  0.549  0.427    45.12    27.10    17.90    14.18    11.51  1    -1e-30      0.00 7.434e-01 2.562e-01 5.796e-05 3.837e-05 1.803e-04 -1.000 4.189e-04 -3.223 1.155 5.383 4.030 1.209 0.414 -0.225 -0.735 -1.345 -2.424 -2.611 -2.880 -3.044 -3.354 -3.431 -3.824 -3.848 -4.125
0.00039019 -1.60000 10.05000 0.8247507215 2.4270824789    0.761  3.368  3.6168  0.371    8  0.542  0.402    72.54    40.60    26.32    20.99    17.05  1 -8.85e-07      0.00 7.349e-01 2.648e-01 5.383e-05 4.879e-05 1.813e-04 -1.000 3.097e-04 -3.649 0.820 5.413 4.361 1.291 0.484 -0.184 -0.767 -1.459 -2.670 -2.874 -3.178 -3.353 -3.696 -3.781 -4.209 -4.236 -4.540
0.00039019 -1.60000 10.05000 0.8247507811 2.4270824984    0.760  3.205  3.6288  0.581    8  0.542  0.396    46.36    27.73    18.29    14.50    11.77  1  -4.2e-07      0.00 7.349e-01 2.648e-01 5.383e-05 4.879e-05 1.813e-04 -1.000 3.097e-04 -3.241 1.144 5.405 4.072 1.231 0.435 -0.209 -0.725 -1.341 -2.429 -2.617 -2.889 -3.054 -3.366 -3.443 -3.839 -3.863 -4.142
0.00039019 -1.60000 10.05000 0.8247508407 2.4270825178    0.759  3.060  3.6413  0.775    8  0.542  0.396    30.69    19.52    13.08    10.32     8.37  1 -2.16e-07      0.00 7.349e-01 2.648e-01 5.383e-05 4.879e-05 1.813e-04 -1.000 3.097e-04 -2.879 1.427 5.223 3.707 1.102 0.327 -0.240 -0.684 -1.227 -2.206 -2.380 -2.624 -2.779 -3.067 -3.137 -3.506 -3.528 -3.785
0.00039019 -1.60000 10.05000 0.8247510195 2.4270825761    0.756  2.862  3.6584  1.040    8  0.542  0.396    17.46    12.08     8.27     6.48     5.25  2 -8.64e-08      0.00 7.349e-01 2.648e-01 5.383e-05 4.879e-05 1.813e-04 -1.000 3.097e-04 -2.384 1.819 4.759 3.182 0.927 0.193 -0.231 -0.575 -1.026 -1.868 -2.021 -2.235 -2.376 -2.634 -2.697 -3.033 -3.052 -3.284
0.00039019 -1.60000 10.05000 0.8247512579 2.4270826538    0.752  2.867  3.6578  1.030    8  0.542  0.396    17.81    12.29     8.40     6.59     5.34  2 -8.99e-08      0.00 7.349e-01 2.648e-01 5.383e-05 4.879e-05 1.813e-04 -1.000 3.097e-04 -2.398 1.809 4.779 3.211 0.942 0.207 -0.226 -0.574 -1.029 -1.877 -2.031 -2.246 -2.388 -2.647 -2.710 -3.047 -3.066 -3.299
0.00039019 -1.60000 10.05000 0.8247515559 2.4270827510    0.748  2.963  3.6494  0.898    8  0.543  0.396    23.58    15.59    10.55     8.30     6.73  1 -1.43e-07      0.00 7.349e-01 2.648e-01 5.383e-05 4.879e-05 1.813e-04 -1.000 3.097e-04 -2.638 1.619 5.036 3.475 1.029 0.272 -0.230 -0.627 -1.128 -2.043 -2.207 -2.436 -2.585 -2.858 -2.925 -3.278 -3.299 -3.544
0.00039019 -1.60000 10.05000 0.8247519135 2.4270828676    0.742  3.123  3.6354  0.679    8  0.543  0.396    37.45    23.09    15.35    12.15     9.86  1 -3.08e-07      0.00 7.349e-01 2.648e-01 5.383e-05 4.879e-05 1.813e-04 -1.000 3.097e-04 -3.037 1.306 5.337 3.898 1.179 0.394 -0.214 -0.692 -1.269 -2.300 -2.480 -2.737 -2.897 -3.196 -3.270 -3.651 -3.674 -3.941
0.00039019 -1.60000 10.05000 0.8247522712 2.4270829842    0.735  3.261  3.6233  0.488    8  0.543  0.396    56.17    32.55    21.30    16.95    13.76  1    -6e-07      0.00 7.349e-01 2.648e-01 5.383e-05 4.879e-05 1.813e-04 -1.000 3.097e-04 -3.384 1.039 5.469 4.249 1.307 0.505 -0.167 -0.714 -1.363 -2.502 -2.697 -2.982 -3.151 -3.476 -3.556 -3.965 -3.990 -4.280
0.00039019 -1.60000 10.05000 0.8247527480 2.4270831397    0.728  3.354  3.6151  0.359    8  0.544  0.396    73.81    41.01    26.55    21.20    17.23  1 -9.43e-07      0.00 7.349e-01 2.648e-01 5.383e-05 4.879e-05 1.813e-04 -1.000 3.097e-04 -3.614 0.866 5.486 4.467 1.373 0.565 -0.101 -0.690 -1.390 -2.613 -2.819 -3.127 -3.303 -3.649 -3.736 -4.168 -4.195 -4.502
0.00039019 -1.60000 10.05000 0.8247532845 2.4270833146    0.719  3.405  3.6105  0.284    8  0.544  0.396    86.37    46.79    30.11    24.10    19.59  1 -1.23e-06      0.00 7.349e-01 2.648e-01 5.383e-05 4.879e-05 1.813e-04 -1.000 3.097e-04 -3.742 0.772 5.480 4.587 1.408 0.599 -0.055 -0.667 -1.397 -2.670 -2.881 -3.203 -3.383 -3.741 -3.832 -4.278 -4.307 -4.623
0.00039019 -1.60000 10.05000 0.8247538805 2.4270835089    0.710  3.432  3.6080  0.242    8  0.545  0.396    94.38    50.37    32.29    25.89    21.04  1 -1.44e-06      0.00 7.349e-01 2.648e-01 5.383e-05 4.879e-05 1.813e-04 -1.000 3.097e-04 -3.809 0.724 5.475 4.654 1.429 0.619 -0.024 -0.648 -1.395 -2.695 -2.910 -3.240 -3.422 -3.787 -3.881 -4.334 -4.364 -4.686
0.00039019 -1.60000 10.05000 0.8247545362 2.4270837227    0.700  3.449  3.6062  0.211    8  0.545  0.396   100.50    53.03    33.91    27.22    22.12  1 -1.63e-06      0.00 7.349e-01 2.648e-01 5.383e-05 4.879e-05 1.813e-04 -1.000 3.097e-04 -3.852 0.694 5.472 4.702 1.446 0.636 0.001 -0.631 -1.389 -2.709 -2.926 -3.263 -3.446 -3.816 -3.911 -4.370 -4.400 -4.726
0.00039019 -1.60000 10.05000 0.8247572780 2.4270846167    0.547 -9.999  4.0000  1.749    9  0.547  0.000     0.00     0.00     0.00     0.00     0.00 -1    -1e-30      0.00 7.349e-01 2.648e-01 5.383e-05 4.879e-05 1.813e-04 -1.000 3.096e-04 29.767 29.898 29.850 29.816 29.838 29.897 29.961 30.070 30.055 30.098 30.100 30.095 30.093 30.091 30.093 30.083 30.082 30.056
