 Zini     MH   logAge Mini        int_IMF         Mass   logL    logTe  logg  label   McoreTP C_O  period0  period1  period2  period3  period4  pmode  Mloss  tau1m   X   Y   Xc  Xn  Xo  Cexcess  Z 	 mbolmag  F170Wmag  F218Wmag  F255Wmag  F300Wmag  F336Wmag  F380Wmag  F439Wmag  F450Wmag  F555Wmag  F569Wmag  F606Wmag  F622Wmag  F675Wmag  F702Wmag  F791Wmag  F814Wmag  F850LPmag
0.0001957 -1.90000 10.00000 0.0903137773 1.0846886060    0.090 -3.191  3.4895  5.495    1  0.000  0.545     0.00     0.00     0.00     0.00     0.00 -1 -4.82e-17      0.00 7.487e-01 2.511e-01 3.540e-05 9.550e-06 8.661e-05 -1.000 1.968e-04 12.749 17.362 22.335 22.730 18.676 17.955 18.688 17.372 16.461 14.873 14.659 14.136 13.949 13.331 12.996 12.090 12.034 11.558
0.0001957 -1.90000 10.00000 0.0904842466 1.0863122592    0.090 -3.185  3.4905  5.493    1  0.000  0.545     0.00     0.00     0.00     0.00     0.00 -1  -4.9e-17      0.00 7.487e-01 2.511e-01 3.540e-05 9.550e-06 8.661e-05 -1.000 1.968e-04 12.732 17.344 22.317 22.697 18.648 17.923 18.631 17.326 16.423 14.836 14.622 14.104 13.916 13.306 12.974 12.073 12.018 11.544
0.0001957 -1.90000 10.00000 0.0973224267 1.1483422956    0.097 -2.922  3.5290  5.416    1  0.000  0.545     0.00     0.00     0.00     0.00     0.00 -1 -9.44e-17      0.00 7.472e-01 2.526e-01 3.540e-05 9.550e-06 8.661e-05 -1.000 1.968e-04 12.075 16.617 21.515 21.134 17.434 16.600 16.614 15.707 15.042 13.593 13.385 12.988 12.780 12.349 12.127 11.428 11.385 10.987
0.0001957 -1.90000 10.00000 0.1003081650 1.1736754597    0.100 -2.814  3.5450  5.385    1  0.000  0.545     0.00     0.00     0.00     0.00     0.00 -1 -1.24e-16      0.00 7.465e-01 2.533e-01 3.540e-05 9.550e-06 8.661e-05 -1.000 1.968e-04 11.804 16.304 21.097 20.264 16.837 15.986 15.832 15.066 14.486 13.135 12.934 12.559 12.352 11.955 11.777 11.160 11.120 10.748
0.0001957 -1.90000 10.00000 0.1202969626 1.3212694581    0.120 -2.521  3.5755  5.293    1  0.000  0.545     0.00     0.00     0.00     0.00     0.00 -1 -2.47e-16      0.00 7.438e-01 2.560e-01 3.540e-05 9.550e-06 8.662e-05 -1.000 1.969e-04 11.071 15.479 19.849 18.226 15.407 14.565 14.257 13.708 13.253 12.109 11.924 11.583 11.389 11.032 10.918 10.428 10.395 10.066
0.0001957 -1.90000 10.00000 0.1402857453 1.4399918744    0.140 -2.338  3.5901  5.235    1  0.000  0.545     0.00     0.00     0.00     0.00     0.00 -1 -3.71e-16      0.00 7.418e-01 2.580e-01 3.540e-05 9.551e-06 8.662e-05 -1.000 1.969e-04 10.616 14.978 19.004 17.142 14.602 13.779 13.466 12.997 12.584 11.537 11.361 11.043 10.859 10.519 10.421 9.971 9.941 9.630
0.0001957 -1.90000 10.00000 0.1602745354 1.5385365924    0.160 -2.196  3.5996  5.189    1  0.000  0.545     0.00     0.00     0.00     0.00     0.00 -1 -5.08e-16      0.00 7.406e-01 2.592e-01 3.540e-05 9.551e-06 8.662e-05 -1.000 1.969e-04 10.260 14.592 18.372 16.418 14.024 13.215 12.920 12.492 12.101 11.112 10.942 10.640 10.462 10.135 10.044 9.613 9.585 9.286
0.0001957 -1.90000 10.00000 0.2002521455 1.6947337812    0.200 -1.977  3.6118  5.115    1  0.000  0.545     0.00     0.00     0.00     0.00     0.00 -1  -8.2e-16      0.00 7.396e-01 2.602e-01 3.540e-05 9.551e-06 8.662e-05 -1.000 1.969e-04 9.711 14.002 17.501 15.444 13.196 12.405 12.148 11.767 11.400 10.479 10.317 10.035 9.866 9.553 9.470 9.060 9.034 8.750
0.0001957 -1.90000 10.00000 0.2502241135 1.8408943289    0.250 -1.774  3.6227  5.053    1  0.000  0.545     0.00     0.00     0.00     0.00     0.00 -1 -1.26e-15      0.00 7.397e-01 2.601e-01 3.540e-05 9.551e-06 8.662e-05 -1.000 1.968e-04 9.205 13.456 16.644 14.556 12.444 11.672 11.459 11.115 10.765 9.900 9.745 9.480 9.319 9.020 8.942 8.550 8.526 8.255
0.0001957 -1.90000 10.00000 0.3001961410 1.9533065853    0.300 -1.618  3.6318  5.013    1  0.000  0.545     0.00     0.00     0.00     0.00     0.00 -1 -1.72e-15      0.00 7.399e-01 2.599e-01 3.539e-05 9.552e-06 8.662e-05 -1.000 1.969e-04 8.816 13.032 15.909 13.844 11.853 11.100 10.929 10.613 10.275 9.453 9.303 9.053 8.897 8.610 8.535 8.158 8.135 7.875
0.0001957 -1.90000 10.00000 0.3501680791 2.0436928651    0.350 -1.491  3.6400  4.985    1  0.000  0.544     0.00     0.00     0.00     0.00     0.00 -1 -2.21e-15      0.00 7.398e-01 2.600e-01 3.537e-05 9.553e-06 8.662e-05 -1.000 1.969e-04 8.497 12.680 15.299 13.253 11.355 10.619 10.490 10.198 9.870 9.084 8.939 8.700 8.550 8.272 8.201 7.837 7.815 7.565
0.0001957 -1.90000 10.00000 0.4001400769 2.1186953837    0.400 -1.367  3.6491  4.955    1  0.000  0.545     0.00     0.00     0.00     0.00     0.00 -1 -2.85e-15      0.00 7.503e-01 2.495e-01 3.540e-05 9.550e-06 8.661e-05 -1.000 1.968e-04 8.187 12.333 14.750 12.683 10.853 10.134 10.056 9.789 9.472 8.722 8.582 8.356 8.211 7.944 7.876 7.525 7.504 7.264
0.0001957 -1.90000 10.00000 0.4501120746 2.1824133859    0.450 -1.213  3.6641  4.912    1  0.000  0.545     0.00     0.00     0.00     0.00     0.00 -1 -4.01e-15      0.00 7.507e-01 2.491e-01 3.540e-05 9.550e-06 8.661e-05 -1.000 1.969e-04 7.802 11.883 13.864 11.836 10.148 9.467 9.475 9.252 8.953 8.260 8.127 7.920 7.784 7.533 7.471 7.140 7.121 6.899
0.0001957 -1.90000 10.00000 0.5000840425 2.2375407721    0.500 -1.042  3.6821  4.860    1  0.000  0.545     0.00     0.00     0.00     0.00     0.00 -1    -6e-15      0.00 7.508e-01 2.491e-01 3.539e-05 9.549e-06 8.660e-05 -1.000 1.968e-04 7.375 11.365 12.729 10.829 9.338 8.711 8.823 8.655 8.378 7.750 7.626 7.439 7.314 7.081 7.024 6.717 6.701 6.498
0.0001957 -1.90000 10.00000 0.5500560999 2.2837046950    0.550 -0.845  3.7019  4.783    1  0.000  0.544     0.00     0.00     0.00     0.00     0.00 -1 -9.81e-15      0.00 7.791e-01 2.208e-01 3.162e-05 8.536e-06 7.745e-05 -1.000 1.020e-04 6.884 10.754 11.462 9.738 8.457 7.895 8.110 8.003 7.751 7.187 7.071 6.904 6.789 6.574 6.523 6.239 6.224 6.042
0.0001957 -1.90000 10.00000 0.5997542739 2.3209546855    0.599 -0.648  3.7260  4.720    1  0.000  0.544     0.00     0.00     0.00     0.00     0.00 -1 -1.59e-14      0.00 7.894e-01 2.104e-01 3.029e-05 8.181e-06 7.426e-05 -1.000 1.964e-04 6.389 10.062 10.009 8.577 7.550 7.069 7.385 7.341 7.122 6.630 6.524 6.376 6.272 6.077 6.031 5.773 5.762 5.603
0.0001957 -1.90000 10.00000 0.6000280380 2.3211403119    0.600 -0.647  3.7262  4.719    1  0.000  0.544     0.00     0.00     0.00     0.00     0.00 -1  -1.6e-14      0.00 7.895e-01 2.103e-01 3.029e-05 8.179e-06 7.424e-05 -1.000 1.968e-04 6.387 10.058 10.002 8.571 7.545 7.064 7.381 7.338 7.119 6.627 6.521 6.373 6.269 6.074 6.029 5.771 5.759 5.600
0.0001957 -1.90000 10.00000 0.6126397252 2.3294852881    0.612 -0.594  3.7332  4.704    1  0.000  0.544     0.00     0.00     0.00     0.00     0.00 -1 -1.81e-14      0.00 7.928e-01 2.070e-01 2.987e-05 8.069e-06 7.324e-05 -1.000 1.968e-04 6.256 9.854 9.610 8.264 7.306 6.849 7.191 7.163 6.953 6.481 6.378 6.236 6.134 5.946 5.902 5.651 5.640 5.488
0.0001957 -1.90000 10.00000 0.6273329854 2.3387226112    0.627 -0.533  3.7415  4.686    1  0.000  0.544     0.00     0.00     0.00     0.00     0.00 -1 -2.11e-14      0.00 7.968e-01 2.030e-01 2.936e-05 7.932e-06 7.202e-05 -1.000 1.708e-04 6.103 9.605 9.162 7.915 7.037 6.606 6.974 6.963 6.764 6.314 6.214 6.078 5.980 5.797 5.755 5.513 5.503 5.358
0.0001957 -1.90000 10.00000 0.6404458880 2.3465561184    0.640 -0.478  3.7488  4.670    1  0.000  0.543     0.00     0.00     0.00     0.00     0.00 -1 -2.41e-14      0.00 8.007e-01 1.992e-01 2.887e-05 7.802e-06 7.085e-05 -1.000 1.611e-04 5.966 9.353 8.750 7.603 6.802 6.398 6.786 6.787 6.597 6.167 6.070 5.939 5.844 5.667 5.626 5.392 5.383 5.244
0.0001957 -1.90000 10.00000 0.6499999762 2.3520353107    0.650 -0.438  3.7541  4.657    1  0.000  0.543     0.00     0.00     0.00     0.00     0.00 -1 -2.66e-14      0.00 8.036e-01 1.962e-01 2.850e-05 7.703e-06 6.996e-05 -1.000 1.833e-04 5.865 9.159 8.461 7.382 6.632 6.248 6.649 6.659 6.475 6.059 5.965 5.837 5.745 5.573 5.533 5.304 5.295 5.161
0.0001957 -1.90000 10.00000 0.6583250761 2.3566608716    0.658 -0.403  3.7584  4.645    1  0.000  0.543     0.00     0.00     0.00     0.00     0.00 -1 -2.91e-14      0.00 8.069e-01 1.930e-01 2.809e-05 7.594e-06 6.899e-05 -1.000 1.584e-04 5.777 8.989 8.219 7.195 6.487 6.118 6.531 6.548 6.369 5.966 5.874 5.749 5.658 5.490 5.451 5.227 5.219 5.089
0.0001957 -1.90000 10.00000 0.6708268523 2.3633596775    0.671 -0.350  3.7649  4.626    1  0.000  0.543     0.00     0.00     0.00     0.00     0.00 -1 -3.33e-14      0.00 8.120e-01 1.879e-01 2.745e-05 7.422e-06 6.744e-05 -1.000 1.221e-04 5.644 8.727 7.879 6.928 6.278 5.932 6.358 6.385 6.213 5.827 5.737 5.617 5.529 5.366 5.329 5.111 5.103 4.978
0.0001957 -1.90000 10.00000 0.6831359863 2.3696805365    0.683 -0.296  3.7712  4.605    1  0.000  0.542     0.00     0.00     0.00     0.00     0.00 -1 -3.82e-14      0.00 8.174e-01 1.824e-01 2.676e-05 7.239e-06 6.579e-05 -1.000 1.779e-04 5.510 8.465 7.561 6.674 6.076 5.752 6.190 6.223 6.059 5.689 5.602 5.486 5.401 5.242 5.206 4.995 4.987 4.868
0.0001957 -1.90000 10.00000 0.6940735579 2.3750812882    0.694 -0.248  3.7767  4.586    1  0.000  0.542     0.00     0.00     0.00     0.00     0.00 -1 -4.33e-14      0.00 8.226e-01 1.772e-01 2.611e-05 7.065e-06 6.423e-05 -1.000 1.969e-04 5.390 8.229 7.293 6.458 5.902 5.596 6.041 6.080 5.922 5.565 5.481 5.369 5.285 5.131 5.096 4.890 4.883 4.768
0.0001957 -1.90000 10.00000 0.6999999881 2.3779266974    0.700 -0.222  3.7796  4.575    1  0.000  0.542     0.00     0.00     0.00     0.00     0.00 -1 -4.63e-14      0.00 8.255e-01 1.743e-01 2.574e-05 6.966e-06 6.335e-05 -1.000 1.968e-04 5.325 8.101 7.150 6.341 5.807 5.511 5.961 6.002 5.847 5.498 5.415 5.304 5.222 5.070 5.036 4.832 4.825 4.713
0.0001957 -1.90000 10.00000 0.7004592419 2.3781448847    0.700 -0.220  3.7798  4.574    1  0.000  0.542     0.00     0.00     0.00     0.00     0.00 -1 -4.66e-14      0.00 8.258e-01 1.740e-01 2.570e-05 6.958e-06 6.327e-05 -1.000 1.963e-04 5.320 8.091 7.139 6.332 5.800 5.505 5.954 5.996 5.841 5.493 5.409 5.299 5.217 5.065 5.031 4.828 4.821 4.708
0.0001957 -1.90000 10.00000 0.7130104303 2.3839829365    0.713 -0.162  3.7856  4.548    1  0.000  0.539     0.00     0.00     0.00     0.00     0.00 -1 -5.43e-14      0.00 8.329e-01 1.669e-01 2.477e-05 6.731e-06 6.127e-05 -1.000 1.702e-04 5.176 7.822 6.857 6.099 5.607 5.331 5.784 5.829 5.680 5.346 5.265 5.159 5.079 4.932 4.899 4.702 4.695 4.588
0.0001957 -1.90000 10.00000 0.7251023650 2.3893881090    0.725 -0.105  3.7910  4.520    1  0.000  0.536     0.00     0.00     0.00     0.00     0.00 -1 -6.35e-14      0.00 8.395e-01 1.604e-01 2.394e-05 6.529e-06 5.949e-05 -1.000 9.835e-05 5.033 7.563 6.590 5.876 5.420 5.162 5.616 5.664 5.521 5.200 5.122 5.019 4.942 4.799 4.767 4.575 4.569 4.466
0.0001957 -1.90000 10.00000 0.7358641624 2.3940272837    0.736 -0.052  3.7958  4.492    1  0.000  0.534     0.00     0.00     0.00     0.00     0.00 -1 -7.34e-14      0.00 8.450e-01 1.549e-01 2.327e-05 6.369e-06 5.808e-05 -1.000 1.256e-04 4.901 7.334 6.362 5.682 5.256 5.012 5.464 5.513 5.375 5.065 4.989 4.889 4.814 4.675 4.644 4.456 4.451 4.352
0.0001957 -1.90000 10.00000 0.7460107207 2.3982605607    0.746 -0.001  3.8001  4.464    1  0.000  0.532     0.00     0.00     0.00     0.00     0.00 -1 -8.48e-14      0.00 8.497e-01 1.502e-01 2.272e-05 6.239e-06 5.695e-05 -1.000 1.050e-04 4.771 7.118 6.147 5.499 5.098 4.868 5.315 5.365 5.232 4.932 4.858 4.761 4.687 4.552 4.521 4.339 4.334 4.238
0.0001957 -1.90000 10.00000 0.7500000000 2.3998889087    0.750  0.021  3.8018  4.451    1  0.000  0.531     0.00     0.00     0.00     0.00     0.00 -1    -9e-14      0.00 8.514e-01 1.485e-01 2.253e-05 6.194e-06 5.656e-05 -1.000 9.695e-05 4.719 7.033 6.066 5.428 5.037 4.812 5.255 5.306 5.174 4.877 4.804 4.709 4.636 4.501 4.471 4.291 4.286 4.192
0.0001957 -1.90000 10.00000 0.7574436665 2.4028745972    0.757  0.061  3.8051  4.429    1  0.000  0.531     0.00     0.00     0.00     0.00     0.00 -1 -1.01e-13      0.00 8.523e-01 1.476e-01 2.255e-05 6.201e-06 5.664e-05 -1.000 1.083e-04 4.618 6.873 5.911 5.295 4.922 4.706 5.142 5.192 5.063 4.774 4.702 4.609 4.538 4.406 4.377 4.199 4.194 4.103
0.0001957 -1.90000 10.00000 0.7659653425 2.4062108806    0.765  0.109  3.8088  4.400    1  0.000  0.530     0.00     0.00     0.00     0.00     0.00 -1 -1.16e-13      0.00 8.531e-01 1.468e-01 2.258e-05 6.213e-06 5.677e-05 -1.000 1.110e-04 4.497 6.685 5.730 5.138 4.784 4.579 5.006 5.055 4.930 4.649 4.579 4.488 4.418 4.290 4.261 4.087 4.083 3.995
0.0001957 -1.90000 10.00000 0.7741243839 2.4093261629    0.773  0.159  3.8124  4.369    1  0.000  0.530     0.00     0.00     0.00     0.00     0.00 -1 -1.34e-13      0.00 8.539e-01 1.460e-01 2.261e-05 6.225e-06 5.691e-05 -1.000 1.254e-04 4.373 6.502 5.556 4.985 4.649 4.454 4.869 4.916 4.795 4.522 4.453 4.365 4.297 4.171 4.143 3.973 3.969 3.884
0.0001957 -1.90000 10.00000 0.7817520499 2.4121710226    0.781  0.208  3.8157  4.337    1  0.000  0.529     0.00     0.00     0.00     0.00     0.00 -1 -1.55e-13      0.00 8.544e-01 1.454e-01 2.265e-05 6.239e-06 5.706e-05 -1.000 1.488e-04 4.250 6.332 5.394 4.840 4.518 4.331 4.734 4.779 4.661 4.395 4.328 4.242 4.174 4.052 4.024 3.858 3.854 3.772
0.0001957 -1.90000 10.00000 0.7909353375 2.4155124967    0.790  0.272  3.8195  4.294    1  0.000  0.529     0.00     0.00     0.00     0.00     0.00 -1 -1.87e-13      0.00 8.551e-01 1.448e-01 2.272e-05 6.259e-06 5.726e-05 -1.000 1.171e-04 4.091 6.121 5.192 4.657 4.351 4.173 4.560 4.603 4.489 4.230 4.164 4.081 4.015 3.896 3.869 3.707 3.703 3.624
0.0001957 -1.90000 10.00000 0.7994121909 2.4185186928    0.798  0.337  3.8227  4.246    1  0.000  0.529     0.00     0.00     0.00     0.00     0.00 -1 -2.28e-13      0.00 8.555e-01 1.444e-01 2.279e-05 6.281e-06 5.748e-05 -1.000 9.738e-05 3.928 5.917 4.999 4.479 4.186 4.015 4.385 4.426 4.315 4.062 3.998 3.917 3.853 3.736 3.710 3.551 3.548 3.471
0.0001957 -1.90000 10.00000 0.8000000119 2.4187244405    0.799  0.341  3.8230  4.243    1  0.000  0.529     0.00     0.00     0.00     0.00     0.00 -1 -2.31e-13      0.00 8.555e-01 1.444e-01 2.279e-05 6.283e-06 5.749e-05 -1.000 9.726e-05 3.917 5.903 4.986 4.467 4.174 4.004 4.373 4.413 4.302 4.051 3.986 3.906 3.841 3.725 3.699 3.540 3.537 3.461
0.0001957 -1.90000 10.00000 0.8009582162 2.4190590844    0.800  0.349  3.8233  4.238    1  0.000  0.529     0.00     0.00     0.00     0.00     0.00 -1 -2.37e-13      0.00 8.554e-01 1.445e-01 2.280e-05 6.285e-06 5.752e-05 -1.000 9.871e-05 3.898 5.880 4.963 4.447 4.155 3.986 4.353 4.393 4.282 4.031 3.968 3.887 3.823 3.707 3.681 3.523 3.519 3.443
0.0001957 -1.90000 10.00000 0.8069092035 2.4211169629    0.806  0.398  3.8254  4.200    1  0.000  0.529     0.00     0.00     0.00     0.00     0.00 -1 -2.75e-13      0.00 8.549e-01 1.450e-01 2.289e-05 6.308e-06 5.773e-05 -1.000 1.137e-04 3.776 5.732 4.823 4.316 4.033 3.868 4.222 4.260 4.152 3.905 3.842 3.763 3.700 3.585 3.560 3.404 3.401 3.327
0.0001957 -1.90000 10.00000 0.8135047555 2.4233573302    0.812  0.456  3.8270  4.152    1  0.000  0.529     0.00     0.00     0.00     0.00     0.00 -1 -3.31e-13      0.00 8.528e-01 1.471e-01 2.315e-05 6.380e-06 5.838e-05 -1.000 1.268e-04 3.631 5.569 4.666 4.168 3.891 3.729 4.069 4.105 3.998 3.756 3.694 3.616 3.553 3.441 3.415 3.262 3.259 3.186
0.0001957 -1.90000 10.00000 0.8148214221 2.4237995820    0.814  0.468  3.8271  4.141    1  0.000  0.529     0.00     0.00     0.00     0.00     0.00 -1 -3.47e-13      0.00 8.524e-01 1.475e-01 2.321e-05 6.395e-06 5.851e-05 -1.000 1.293e-04 3.600 5.537 4.635 4.138 3.861 3.700 4.037 4.073 3.966 3.724 3.662 3.584 3.522 3.409 3.384 3.231 3.228 3.155
0.0001957 -1.90000 10.00000 0.8156662583 2.4240824873    0.814  0.477  3.8270  4.132    1  0.000  0.529     0.00     0.00     0.00     0.00     0.00 -1 -3.57e-13      0.00 8.521e-01 1.478e-01 2.324e-05 6.404e-06 5.860e-05 -1.000 1.310e-04 3.577 5.517 4.615 4.118 3.841 3.680 4.015 4.050 3.944 3.702 3.640 3.562 3.500 3.387 3.362 3.208 3.205 3.132
0.0001957 -1.90000 10.00000 0.8204335570 2.4256663343    0.819  0.528  3.8260  4.079    1  0.000  0.529     0.00     0.00     0.00     0.00     0.00 -1 -4.24e-13      0.00 8.506e-01 1.493e-01 2.343e-05 6.457e-06 5.908e-05 -1.000 1.404e-04 3.449 5.406 4.505 4.005 3.724 3.561 3.888 3.922 3.815 3.572 3.510 3.432 3.369 3.256 3.231 3.077 3.074 3.000
0.0001957 -1.90000 10.00000 0.8250063658 2.4271658027    0.823  0.585  3.8224  4.010    1  0.000  0.529     0.00     0.00     0.00     0.00     0.00 -1 -5.22e-13      0.00 8.491e-01 1.507e-01 2.362e-05 6.507e-06 5.953e-05 -1.000 1.492e-04 3.307 5.315 4.409 3.896 3.602 3.433 3.754 3.788 3.679 3.431 3.368 3.288 3.224 3.109 3.083 2.926 2.922 2.845
0.0001957 -1.90000 10.00000 0.8258183002 2.4274300482    0.824  0.596  3.8215  3.996    1  0.000  0.529     0.00     0.00     0.00     0.00     0.00 -1 -5.45e-13      0.00 8.489e-01 1.510e-01 2.365e-05 6.516e-06 5.961e-05 -1.000 1.507e-04 3.280 5.301 4.394 3.876 3.579 3.408 3.729 3.763 3.653 3.404 3.340 3.260 3.196 3.080 3.054 2.896 2.892 2.815
0.0001957 -1.90000 10.00000 0.8265101910 2.4276547542    0.825  0.606  3.8203  3.981    2  0.000  0.529     0.00     0.00     0.00     0.00     0.00 -1  -5.7e-13      0.00 8.486e-01 1.512e-01 2.368e-05 6.524e-06 5.968e-05 -1.000 1.521e-04 3.254 5.293 4.383 3.861 3.559 3.386 3.707 3.740 3.630 3.379 3.315 3.234 3.170 3.053 3.027 2.867 2.864 2.785
0.0001957 -1.90000 10.00000 0.8288326263 2.4284058600    0.827  0.644  3.8147  3.922    2  0.000  0.529     0.00     0.00     0.00     0.00     0.00 -1  -6.6e-13      0.00 8.479e-01 1.519e-01 2.377e-05 6.549e-06 5.991e-05 -1.000 1.566e-04 3.160 5.283 4.365 3.817 3.493 3.308 3.629 3.663 3.548 3.288 3.222 3.138 3.071 2.950 2.923 2.759 2.755 2.672
0.0001957 -1.90000 10.00000 0.8306000829 2.4289742428    0.829  0.678  3.8075  3.861    2  0.000  0.529     0.00     0.00     0.00     0.00     0.00 -1 -7.65e-13      0.00 8.474e-01 1.525e-01 2.385e-05 6.569e-06 6.009e-05 -1.000 1.599e-04 3.076 5.314 4.384 3.798 3.442 3.241 3.569 3.603 3.483 3.210 3.141 3.052 2.983 2.857 2.828 2.657 2.652 2.563
0.0001957 -1.90000 10.00000 0.8319777846 2.4294153617    0.830  0.708  3.7989  3.797    2  0.000  0.529     0.00     0.00     0.00     0.00     0.00 -1 -8.82e-13      0.00 8.469e-01 1.529e-01 2.390e-05 6.584e-06 6.022e-05 -1.000 1.626e-04 3.000 5.384 4.442 3.805 3.409 3.187 3.526 3.561 3.433 3.142 3.070 2.976 2.903 2.770 2.740 2.560 2.555 2.459
0.0001957 -1.90000 10.00000 0.8330851197 2.4297686975    0.831  0.735  3.7894  3.732    2  0.000  0.529     0.00     0.00     0.00     0.00     0.00 -1 -1.01e-12      0.00 8.466e-01 1.533e-01 2.395e-05 6.596e-06 6.033e-05 -1.000 1.643e-04 2.932 5.481 4.535 3.839 3.396 3.150 3.498 3.531 3.394 3.084 3.008 2.908 2.832 2.691 2.660 2.470 2.464 2.360
0.0001957 -1.90000 10.00000 0.8340066671 2.4300619283    0.832  0.760  3.7796  3.669    2  0.000  0.530     0.00     0.00     0.00     0.00     0.00 -1 -1.15e-12      0.00 8.406e-01 1.593e-01 2.465e-05 6.785e-06 6.203e-05 -1.000 1.540e-04 2.871 5.594 4.654 3.892 3.396 3.125 3.480 3.511 3.365 3.034 2.954 2.847 2.768 2.619 2.586 2.386 2.380 2.267
0.0001957 -1.90000 10.00000 0.8348089457 2.4303166024    0.833  0.783  3.7704  3.609    2  0.000  0.532     0.00     0.00     0.00     0.00     0.00 -1  -1.3e-12      0.00 8.187e-01 1.811e-01 2.711e-05 7.445e-06 6.793e-05 -1.000 1.551e-04 2.814 5.713 4.801 3.963 3.409 3.112 3.468 3.495 3.339 2.987 2.903 2.790 2.707 2.552 2.517 2.308 2.300 2.181
0.0001957 -1.90000 10.00000 0.8355487585 2.4305509492    0.834  0.807  3.7619  3.551    2  0.000  0.534     0.00     0.00     0.00     0.00     0.00 -1 -1.47e-12      0.00 7.962e-01 2.037e-01 2.965e-05 8.126e-06 7.401e-05 -1.000 1.580e-04 2.752 5.806 4.941 4.030 3.418 3.096 3.451 3.472 3.308 2.936 2.849 2.731 2.644 2.482 2.445 2.228 2.220 2.093
0.0001957 -1.90000 10.00000 0.8362909555 2.4307855720    0.834  0.841  3.7541  3.487    2  0.000  0.536     0.00     0.00     0.00     0.00     0.00 -1 -1.71e-12      0.00 7.803e-01 2.196e-01 3.146e-05 8.608e-06 7.830e-05 -1.000 1.908e-04 2.669 5.856 5.060 4.077 3.409 3.064 3.413 3.428 3.255 2.864 2.773 2.650 2.561 2.393 2.354 2.129 2.120 1.987
0.0001957 -1.90000 10.00000 0.8368710876 2.4309686298    0.835  0.875  3.7490  3.432    2  0.000  0.536     0.00     0.00     0.00     0.00     0.00 -1 -1.96e-12      0.00 7.733e-01 2.265e-01 3.224e-05 8.818e-06 8.018e-05 -1.000 1.969e-04 2.582 5.855 5.116 4.082 3.375 3.014 3.357 3.367 3.189 2.785 2.692 2.566 2.474 2.303 2.263 2.033 2.023 1.885
0.0001957 -1.90000 10.00000 0.8374450803 2.4311494634    0.835  0.917  3.7449  3.374    2  0.000  0.536     0.00     0.00     0.00     0.00     0.00 -1 -2.31e-12      0.00 7.691e-01 2.307e-01 3.272e-05 8.946e-06 8.132e-05 -1.000 1.969e-04 2.477 5.815 5.134 4.057 3.316 2.943 3.279 3.284 3.101 2.687 2.592 2.463 2.370 2.195 2.155 1.920 1.910 1.768
0.0001957 -1.90000 10.00000 0.8375285268 2.4311757290    0.835  0.925  3.7444  3.365    2  0.000  0.537     0.00     0.00     0.00     0.00     0.00 -1 -2.38e-12      0.00 7.686e-01 2.312e-01 3.277e-05 8.958e-06 8.143e-05 -1.000 1.832e-04 2.459 5.804 5.129 4.047 3.303 2.928 3.263 3.268 3.085 2.670 2.575 2.445 2.352 2.177 2.136 1.901 1.891 1.749
0.0001957 -1.90000 10.00000 0.8379870653 2.4313199516    0.836  0.966  3.7421  3.314    3  0.000  0.537     0.00     0.00     0.00     0.00     0.00 -1 -2.77e-12      0.00 7.664e-01 2.334e-01 3.299e-05 9.018e-06 8.197e-05 -1.000 1.918e-04 2.355 5.736 5.095 3.989 3.226 2.845 3.175 3.177 2.991 2.570 2.474 2.343 2.249 2.072 2.031 1.794 1.784 1.639
0.0001957 -1.90000 10.00000 0.8384936452 2.4314790735    0.836  1.014  3.7396  3.256    3  0.000  0.537     0.00     0.00     0.00     0.00     0.00 -1 -3.31e-12      0.00 7.641e-01 2.357e-01 3.320e-05 9.073e-06 8.246e-05 -1.000 1.962e-04 2.234 5.651 5.046 3.914 3.133 2.745 3.069 3.068 2.880 2.454 2.357 2.224 2.129 1.950 1.909 1.669 1.658 1.511
0.0001957 -1.90000 10.00000 0.8389211297 2.4316131788    0.837  1.058  3.7378  3.206    3  0.000  0.537     0.00     0.00     0.00     0.00     0.00 -1 -3.88e-12      0.00 7.623e-01 2.375e-01 3.333e-05 9.110e-06 8.279e-05 -1.000 1.967e-04 2.124 5.564 4.993 3.843 3.046 2.654 2.972 2.969 2.778 2.347 2.250 2.116 2.021 1.840 1.798 1.556 1.546 1.397
0.0001957 -1.90000 10.00000 0.8393328190 2.4317421806    0.837  1.103  3.7362  3.154    3  0.000  0.537     0.00     0.00     0.00     0.00     0.00 -1 -4.57e-12      0.00 7.607e-01 2.391e-01 3.344e-05 9.140e-06 8.306e-05 -1.000 1.970e-04 2.011 5.473 4.932 3.765 2.955 2.558 2.870 2.865 2.672 2.238 2.140 2.005 1.909 1.727 1.685 1.442 1.431 1.280
0.0001957 -1.90000 10.00000 0.8397159576 2.4318621054    0.837  1.148  3.7346  3.103    3  0.000  0.537     0.00     0.00     0.00     0.00     0.00 -1 -5.36e-12      0.00 7.592e-01 2.406e-01 3.352e-05 9.166e-06 8.328e-05 -1.000 1.969e-04 1.900 5.382 4.868 3.685 2.864 2.463 2.769 2.762 2.568 2.130 2.031 1.895 1.799 1.616 1.573 1.328 1.318 1.166
0.0001957 -1.90000 10.00000 0.8400769234 2.4319749749    0.837  1.193  3.7332  3.053    3  0.000  0.536     0.00     0.00     0.00     0.00     0.00 -1 -6.31e-12      0.00 7.578e-01 2.420e-01 3.358e-05 9.190e-06 8.346e-05 -1.000 1.879e-04 1.787 5.288 4.800 3.602 2.769 2.365 2.667 2.657 2.462 2.020 1.921 1.784 1.687 1.504 1.461 1.214 1.203 1.050
0.0001957 -1.90000 10.00000 0.8404380679 2.4320877887    0.838  1.241  3.7316  2.998    3  0.000  0.536     0.00     0.00     0.00     0.00     0.00 -1  -7.5e-12      0.00 7.564e-01 2.435e-01 3.359e-05 9.218e-06 8.362e-05 -1.000 1.455e-04 1.666 5.186 4.726 3.512 2.668 2.259 2.556 2.544 2.347 1.902 1.802 1.665 1.568 1.383 1.340 1.092 1.080 0.926
0.0001957 -1.90000 10.00000 0.8407500982 2.4321851705    0.838  1.287  3.7302  2.947    3  0.000  0.534     0.00     0.00     0.00     0.00     0.00 -1 -8.83e-12      0.00 7.551e-01 2.447e-01 3.357e-05 9.255e-06 8.374e-05 -1.000 1.734e-04 1.554 5.093 4.661 3.432 2.575 2.162 2.452 2.439 2.240 1.792 1.692 1.553 1.456 1.270 1.226 0.977 0.966 0.809
0.0001957 -1.90000 10.00000 0.8410570025 2.4322808715    0.838  1.335  3.7287  2.893    3  0.000  0.533     0.00     0.00     0.00     0.00     0.00 -1 -1.05e-11      0.00 7.539e-01 2.459e-01 3.349e-05 9.319e-06 8.384e-05 -1.000 1.968e-04 1.433 4.992 4.596 3.348 2.477 2.061 2.343 2.327 2.126 1.675 1.574 1.435 1.337 1.150 1.106 0.855 0.843 0.686
0.0001957 -1.90000 10.00000 0.8413355947 2.4323676745    0.838  1.382  3.7272  2.840    3  0.000  0.530     0.00     0.00     0.00     0.00     0.00 -1 -1.24e-11      0.00 7.529e-01 2.470e-01 3.337e-05 9.416e-06 8.392e-05 -1.000 1.968e-04 1.315 4.891 4.530 3.265 2.381 1.960 2.235 2.217 2.015 1.560 1.458 1.318 1.219 1.032 0.987 0.735 0.723 0.564
0.0001957 -1.90000 10.00000 0.8415874839 2.4324461006    0.838  1.428  3.7257  2.788    3  0.000  0.527     0.00     0.00     0.00     0.00     0.00 -1 -1.47e-11      0.00 7.520e-01 2.478e-01 3.322e-05 9.547e-06 8.399e-05 -1.000 1.969e-04 1.199 4.793 4.469 3.186 2.287 1.862 2.130 2.109 1.905 1.447 1.345 1.204 1.105 0.916 0.871 0.617 0.606 0.445
0.0001957 -1.90000 10.00000 0.8418172598 2.4325175946    0.838  1.474  3.7242  2.736    3  0.000  0.525     0.00     0.00     0.00     0.00     0.00 -1 -1.73e-11      0.00 7.513e-01 2.485e-01 3.307e-05 9.697e-06 8.404e-05 -1.000 1.968e-04 1.084 4.696 4.409 3.107 2.195 1.765 2.026 2.003 1.798 1.335 1.233 1.091 0.991 0.801 0.756 0.501 0.489 0.327
0.0001957 -1.90000 10.00000 0.8420341611 2.4325850415    0.839  1.522  3.7227  2.683    3  0.000  0.522     0.00     0.00     0.00     0.00     0.00 -1 -2.06e-11      0.00 7.506e-01 2.492e-01 3.292e-05 9.861e-06 8.408e-05 -1.000 1.969e-04 0.966 4.596 4.344 3.024 2.098 1.664 1.919 1.894 1.686 1.221 1.117 0.975 0.874 0.683 0.638 0.381 0.369 0.205
0.0001957 -1.90000 10.00000 0.8422280550 2.4326453004    0.839  1.568  3.7211  2.630    3  0.000  0.520     0.00     0.00     0.00     0.00     0.00 -1 -2.43e-11      0.00 7.502e-01 2.496e-01 3.278e-05 1.001e-05 8.411e-05 -1.000 1.969e-04 0.851 4.499 4.285 2.946 2.005 1.566 1.815 1.788 1.578 1.109 1.005 0.862 0.761 0.569 0.523 0.264 0.252 0.087
0.0001957 -1.90000 10.00000 0.8424018025 2.4326992709    0.839  1.612  3.7195  2.579    3  0.000  0.518     0.00     0.00     0.00     0.00     0.00 -1 -2.86e-11      0.00 7.498e-01 2.500e-01 3.268e-05 1.012e-05 8.413e-05 -1.000 1.969e-04 0.739 4.405 4.230 2.871 1.916 1.472 1.715 1.685 1.474 1.001 0.896 0.752 0.650 0.457 0.411 0.151 0.138 -0.028
0.0001957 -1.90000 10.00000 0.8425645828 2.4327498116    0.838  1.658  3.7179  2.527    3  0.000  0.517     0.00     0.00     0.00     0.00     0.00 -1 -3.37e-11      0.00 7.496e-01 2.502e-01 3.261e-05 1.020e-05 8.414e-05 -1.000 1.968e-04 0.625 4.306 4.175 2.796 1.825 1.377 1.613 1.581 1.367 0.890 0.785 0.640 0.538 0.344 0.297 0.035 0.023 -0.145
0.0001957 -1.90000 10.00000 0.8427092433 2.4327947074    0.838  1.702  3.7164  2.477    3  0.000  0.516     0.00     0.00     0.00     0.00     0.00 -1 -3.95e-11      0.00 7.494e-01 2.504e-01 3.257e-05 1.025e-05 8.415e-05 -1.000 1.969e-04 0.514 4.213 4.132 2.730 1.742 1.288 1.516 1.481 1.265 0.784 0.678 0.531 0.429 0.233 0.187 -0.077 -0.089 -0.259
0.0001957 -1.90000 10.00000 0.8428443074 2.4328366091    0.838  1.747  3.7147  2.425    3  0.000  0.516     0.00     0.00     0.00     0.00     0.00 -1 -4.65e-11      0.00 7.494e-01 2.504e-01 3.255e-05 1.028e-05 8.416e-05 -1.000 1.968e-04 0.402 4.121 4.100 2.672 1.661 1.202 1.419 1.380 1.162 0.675 0.569 0.421 0.318 0.121 0.074 -0.191 -0.204 -0.375
0.0001957 -1.90000 10.00000 0.8429698348 2.4328755382    0.838  1.792  3.7131  2.373    3  0.000  0.516     0.00     0.00     0.00     0.00     0.00 -1 -5.48e-11      0.00 7.494e-01 2.504e-01 3.254e-05 1.029e-05 8.416e-05 -1.000 1.969e-04 0.289 4.027 4.065 2.611 1.580 1.114 1.320 1.278 1.057 0.566 0.459 0.310 0.206 0.008 -0.040 -0.306 -0.320 -0.492
0.0001957 -1.90000 10.00000 0.8430849910 2.4329112393    0.838  1.838  3.7114  2.321    3  0.000  0.516     0.00     0.00     0.00     0.00     0.00 -1 -6.46e-11      0.00 7.494e-01 2.504e-01 3.254e-05 1.029e-05 8.416e-05 -1.000 1.969e-04 0.176 3.934 4.032 2.552 1.499 1.027 1.223 1.177 0.953 0.457 0.349 0.199 0.095 -0.105 -0.153 -0.421 -0.435 -0.609
0.0001957 -1.90000 10.00000 0.8431896567 2.4329436783    0.838  1.882  3.7096  2.270    3  0.000  0.516     0.00     0.00     0.00     0.00     0.00 -1 -7.59e-11      0.00 7.494e-01 2.504e-01 3.253e-05 1.030e-05 8.416e-05 -1.000 1.969e-04 0.065 3.843 4.005 2.497 1.421 0.942 1.128 1.078 0.852 0.350 0.242 0.090 -0.015 -0.216 -0.264 -0.534 -0.548 -0.724
0.0001957 -1.90000 10.00000 0.8432875276 2.4329740030    0.838  1.927  3.7079  2.218    3  0.000  0.515     0.00     0.00     0.00     0.00     0.00 -1 -8.94e-11      0.00 7.494e-01 2.504e-01 3.253e-05 1.030e-05 8.416e-05 -1.000 1.970e-04 -0.047 3.748 3.981 2.443 1.343 0.858 1.033 0.979 0.750 0.243 0.134 -0.019 -0.125 -0.327 -0.376 -0.648 -0.662 -0.840
0.0001957 -1.90000 10.00000 0.8433768749 2.4330016798    0.837  1.971  3.7062  2.167    3  0.000  0.515     0.00     0.00     0.00     0.00     0.00 -1 -1.05e-10      0.00 7.493e-01 2.505e-01 3.253e-05 1.030e-05 8.416e-05 -1.000 1.968e-04 -0.158 3.654 3.958 2.391 1.267 0.776 0.940 0.882 0.650 0.137 0.027 -0.127 -0.234 -0.437 -0.487 -0.761 -0.775 -0.954
0.0001957 -1.90000 10.00000 0.8434560299 2.4330261936    0.837  2.014  3.7044  2.117    3  0.000  0.515     0.00     0.00     0.00     0.00     0.00 -1 -1.23e-10      0.00 7.493e-01 2.505e-01 3.253e-05 1.030e-05 8.417e-05 -1.000 1.969e-04 -0.264 3.566 3.943 2.345 1.196 0.698 0.852 0.790 0.555 0.036 -0.075 -0.230 -0.337 -0.543 -0.592 -0.869 -0.883 -1.064
0.0001957 -1.90000 10.00000 0.8435290456 2.4330488014    0.837  2.056  3.7027  2.068    3  0.000  0.515     0.00     0.00     0.00     0.00     0.00 -1 -1.43e-10      0.00 7.493e-01 2.505e-01 3.253e-05 1.030e-05 8.417e-05 -1.000 1.969e-04 -0.369 3.477 3.925 2.298 1.125 0.621 0.764 0.699 0.460 -0.064 -0.176 -0.333 -0.440 -0.647 -0.697 -0.975 -0.990 -1.173
0.0001957 -1.90000 10.00000 0.8435975313 2.4330700026    0.836  2.097  3.7011  2.019    3  0.000  0.515     0.00     0.00     0.00     0.00     0.00 -1 -1.67e-10      0.00 7.493e-01 2.505e-01 3.253e-05 1.030e-05 8.417e-05 -1.000 1.968e-04 -0.474 3.388 3.906 2.251 1.054 0.543 0.677 0.608 0.366 -0.164 -0.276 -0.435 -0.543 -0.751 -0.802 -1.082 -1.096 -1.281
0.0001957 -1.90000 10.00000 0.8436589837 2.4330890230    0.836  2.138  3.6993  1.971    3  0.000  0.515     0.00     0.00     0.00     0.00     0.00 -1 -1.93e-10      0.00 7.493e-01 2.505e-01 3.253e-05 1.030e-05 8.417e-05 -1.000 1.969e-04 -0.575 3.304 3.908 2.219 0.993 0.474 0.596 0.522 0.277 -0.260 -0.373 -0.533 -0.642 -0.852 -0.903 -1.185 -1.199 -1.386
0.0001957 -1.90000 10.00000 0.8437206149 2.4331080956    0.835  2.180  3.6975  1.922    3  0.000  0.515     0.00     0.00     0.00     0.00     0.00 -1 -2.25e-10      0.00 7.493e-01 2.505e-01 3.253e-05 1.031e-05 8.417e-05 -1.000 1.969e-04 -0.679 3.215 3.915 2.190 0.933 0.406 0.513 0.434 0.185 -0.358 -0.473 -0.634 -0.744 -0.955 -1.007 -1.291 -1.306 -1.494
0.0001957 -1.90000 10.00000 0.8437852859 2.4331281055    0.835  2.214  3.6961  1.882    3  0.000  0.515     0.00     0.00     0.00     0.00     0.00 -1 -2.56e-10      0.00 7.493e-01 2.505e-01 3.253e-05 1.031e-05 8.417e-05 -1.000 1.968e-04 -0.765 3.142 3.918 2.166 0.883 0.350 0.445 0.361 0.109 -0.439 -0.555 -0.717 -0.827 -1.040 -1.092 -1.378 -1.393 -1.583
0.0001957 -1.90000 10.00000 0.8438191414 2.4331385793    0.835  2.230  3.6955  1.863    3  0.000  0.515     0.00     0.00     0.00     0.00     0.00 -1 -2.73e-10      0.00 7.493e-01 2.505e-01 3.253e-05 1.031e-05 8.417e-05 -1.000 1.969e-04 -0.805 3.108 3.920 2.155 0.859 0.323 0.413 0.327 0.073 -0.478 -0.593 -0.756 -0.867 -1.080 -1.132 -1.419 -1.434 -1.624
0.0001957 -1.90000 10.00000 0.8438623548 2.4331519468    0.834  2.215  3.6965  1.882    3  0.000  0.515     0.00     0.00     0.00     0.00     0.00 -1  -2.6e-10      0.00 7.493e-01 2.505e-01 3.252e-05 1.031e-05 8.417e-05 -1.000 1.969e-04 -0.767 3.138 3.900 2.153 0.874 0.343 0.438 0.356 0.104 -0.443 -0.558 -0.720 -0.831 -1.043 -1.094 -1.380 -1.395 -1.585
0.0001957 -1.90000 10.00000 0.8438703418 2.4331544173    0.834  2.222  3.6961  1.873    3  0.000  0.515     0.00     0.00     0.00     0.00     0.00 -1 -2.66e-10      0.00 7.493e-01 2.505e-01 3.252e-05 1.031e-05 8.417e-05 -1.000 1.969e-04 -0.786 3.122 3.903 2.150 0.865 0.331 0.424 0.341 0.088 -0.460 -0.575 -0.738 -0.848 -1.061 -1.113 -1.399 -1.414 -1.604
0.0001957 -1.90000 10.00000 0.8439145684 2.4331680962    0.834  2.264  3.6942  1.824    3  0.000  0.515     0.00     0.00     0.00     0.00     0.00 -1 -3.07e-10      0.00 7.493e-01 2.505e-01 3.252e-05 1.031e-05 8.417e-05 -1.000 1.968e-04 -0.890 3.034 3.919 2.128 0.808 0.266 0.344 0.254 -0.002 -0.558 -0.674 -0.838 -0.950 -1.164 -1.217 -1.505 -1.520 -1.712
0.0001957 -1.90000 10.00000 0.8439592123 2.4331819026    0.833  2.308  3.6923  1.772    3  0.000  0.515     0.00     0.00     0.00     0.00     0.00 -1 -3.61e-10      0.00 7.493e-01 2.505e-01 3.252e-05 1.031e-05 8.417e-05 -1.000 1.968e-04 -1.001 2.940 3.927 2.099 0.744 0.195 0.257 0.162 -0.099 -0.662 -0.780 -0.945 -1.058 -1.274 -1.327 -1.617 -1.633 -1.826
0.0001957 -1.90000 10.00000 0.8439971805 2.4331936431    0.832  2.348  3.6905  1.724    3  0.000  0.515     0.00     0.00     0.00     0.00     0.00 -1 -4.18e-10      0.00 7.493e-01 2.505e-01 3.252e-05 1.031e-05 8.417e-05 -1.000 1.969e-04 -1.101 2.856 3.945 2.080 0.691 0.133 0.181 0.081 -0.185 -0.756 -0.874 -1.041 -1.154 -1.372 -1.426 -1.718 -1.734 -1.930
0.0001957 -1.90000 10.00000 0.8440344334 2.4332051613    0.832  2.390  3.6885  1.674    3  0.000  0.515     0.00     0.00     0.00     0.00     0.00 -1 -4.87e-10      0.00 7.493e-01 2.505e-01 3.252e-05 1.031e-05 8.417e-05 -1.000 1.968e-04 -1.205 2.767 3.967 2.064 0.638 0.071 0.104 -0.003 -0.273 -0.852 -0.972 -1.141 -1.255 -1.475 -1.529 -1.824 -1.840 -2.038
0.0001957 -1.90000 10.00000 0.8440693021 2.4332159412    0.831  2.432  3.6865  1.624    3  0.000  0.515     0.00     0.00     0.00     0.00     0.00 -1 -5.69e-10      0.00 7.493e-01 2.505e-01 3.252e-05 1.031e-05 8.417e-05 -1.000 1.969e-04 -1.310 2.677 3.990 2.050 0.586 0.011 0.027 -0.087 -0.362 -0.949 -1.070 -1.240 -1.356 -1.577 -1.632 -1.929 -1.945 -2.146
0.0001957 -1.90000 10.00000 0.8440997601 2.4332253567    0.830  2.471  3.6846  1.576    3  0.000  0.515     0.00     0.00     0.00     0.00     0.00 -1 -6.59e-10      0.00 7.493e-01 2.505e-01 3.252e-05 1.031e-05 8.417e-05 -1.000 1.969e-04 -1.408 2.593 3.998 2.054 0.553 -0.031 -0.038 -0.160 -0.442 -1.040 -1.162 -1.335 -1.451 -1.674 -1.729 -2.029 -2.046 -2.248
0.0001957 -1.90000 10.00000 0.8441299796 2.4332346977    0.829  2.513  3.6827  1.527    3  0.000  0.515     6.42     5.14     3.66     2.82     2.28  3 -7.68e-10      0.00 7.493e-01 2.505e-01 3.252e-05 1.031e-05 8.417e-05 -1.000 1.969e-04 -1.512 2.504 3.990 2.065 0.526 -0.069 -0.103 -0.237 -0.527 -1.138 -1.261 -1.436 -1.554 -1.779 -1.835 -2.137 -2.153 -2.358
0.0001957 -1.90000 10.00000 0.8441567421 2.4332429695    0.829  2.553  3.6807  1.479    3  0.000  0.515     7.10     5.60     3.98     3.07     2.48  3  -8.9e-10      0.00 7.493e-01 2.505e-01 3.252e-05 1.031e-05 8.417e-05 -1.000 1.969e-04 -1.612 2.420 3.994 2.090 0.510 -0.096 -0.158 -0.305 -0.604 -1.229 -1.354 -1.532 -1.651 -1.878 -1.934 -2.239 -2.256 -2.462
0.0001957 -1.90000 10.00000 0.8441817760 2.4332507065    0.828  2.592  3.6787  1.431    3  0.000  0.515     7.85     6.11     4.32     3.34     2.70  3 -1.03e-09      0.00 7.493e-01 2.505e-01 3.252e-05 1.031e-05 8.417e-05 -1.000 1.969e-04 -1.710 2.337 4.008 2.128 0.502 -0.114 -0.208 -0.368 -0.678 -1.319 -1.446 -1.626 -1.747 -1.977 -2.033 -2.341 -2.358 -2.566
0.0001957 -1.90000 10.00000 0.8442055583 2.4332580561    0.827  2.632  3.6767  1.382    3  0.000  0.515     8.70     6.67     4.70     3.64     2.94  3  -1.2e-09      0.00 7.493e-01 2.505e-01 3.252e-05 1.032e-05 8.417e-05 -1.000 1.969e-04 -1.811 2.252 4.025 2.171 0.498 -0.129 -0.256 -0.431 -0.752 -1.409 -1.538 -1.721 -1.844 -2.076 -2.134 -2.444 -2.461 -2.672
0.0001957 -1.90000 10.00000 0.8442311883 2.4332659763    0.825  2.679  3.6742  1.325    3  0.000  0.515     9.82     7.39     5.18     4.02     3.25  3 -1.42e-09      0.00 7.493e-01 2.505e-01 3.252e-05 1.032e-05 8.418e-05 -1.000 1.969e-04 -1.927 2.155 4.057 2.238 0.504 -0.135 -0.302 -0.496 -0.832 -1.511 -1.644 -1.831 -1.956 -2.192 -2.250 -2.564 -2.581 -2.795
0.0001957 -1.90000 10.00000 0.8442518115 2.4332723488    0.824  2.719  3.6722  1.275    3  0.000  0.515    10.88     8.07     5.64     4.38     3.55  3 -1.65e-09      0.00 7.493e-01 2.505e-01 3.252e-05 1.032e-05 8.418e-05 -1.000 1.969e-04 -2.028 2.070 4.083 2.291 0.507 -0.141 -0.343 -0.554 -0.902 -1.601 -1.736 -1.926 -2.053 -2.292 -2.351 -2.668 -2.686 -2.902
0.0001957 -1.90000 10.00000 0.8442730308 2.4332789051    0.822  2.764  3.6697  1.220    3  0.000  0.515    12.23     8.92     6.20     4.82     3.91  3 -1.95e-09      0.00 7.493e-01 2.505e-01 3.252e-05 1.032e-05 8.418e-05 -1.000 1.969e-04 -2.140 1.978 4.132 2.377 0.529 -0.131 -0.375 -0.607 -0.973 -1.697 -1.836 -2.030 -2.159 -2.403 -2.462 -2.783 -2.802 -3.021
0.0001957 -1.90000 10.00000 0.8442906141 2.4332843378    0.821  2.804  3.6677  1.171    3  0.000  0.515    13.55     9.74     6.74     5.25     4.25  2 -2.27e-09      0.00 7.493e-01 2.505e-01 3.252e-05 1.032e-05 8.418e-05 -1.000 1.969e-04 -2.239 1.896 4.170 2.448 0.546 -0.122 -0.404 -0.655 -1.036 -1.781 -1.923 -2.121 -2.253 -2.500 -2.560 -2.885 -2.903 -3.125
0.0001957 -1.90000 10.00000 0.8443084359 2.4332898438    0.819  2.847  3.6652  1.117    3  0.000  0.515    15.18    10.73     7.40     5.77     4.68  2 -2.67e-09      0.00 7.493e-01 2.505e-01 3.252e-05 1.032e-05 8.418e-05 -1.000 1.969e-04 -2.347 1.808 4.231 2.551 0.584 -0.094 -0.422 -0.697 -1.096 -1.870 -2.016 -2.219 -2.353 -2.605 -2.666 -2.995 -3.014 -3.239
0.0001957 -1.90000 10.00000 0.8443233371 2.4332944473    0.817  2.885  3.6631  1.070    3  0.000  0.515    16.77    11.69     8.03     6.27     5.08  2 -3.08e-09      0.00 7.493e-01 2.505e-01 3.252e-05 1.032e-05 8.418e-05 -1.000 1.968e-04 -2.443 1.729 4.280 2.638 0.614 -0.071 -0.437 -0.733 -1.150 -1.949 -2.098 -2.306 -2.443 -2.698 -2.760 -3.093 -3.112 -3.340
0.0001957 -1.90000 10.00000 0.8443388939 2.4332992532    0.815  2.928  3.6606  1.016    3  0.000  0.515    18.79    12.88     8.81     6.89     5.58  2 -3.63e-09      0.00 7.493e-01 2.505e-01 3.252e-05 1.032e-05 8.418e-05 -1.000 1.969e-04 -2.550 1.641 4.348 2.754 0.664 -0.030 -0.443 -0.765 -1.204 -2.035 -2.188 -2.402 -2.542 -2.803 -2.866 -3.204 -3.223 -3.454
0.0001957 -1.90000 10.00000 0.8443546891 2.4333041325    0.813  2.975  3.6580  0.957    3  0.000  0.515    21.25    14.31     9.74     7.63     6.18  2 -4.33e-09      0.00 7.493e-01 2.505e-01 3.252e-05 1.032e-05 8.418e-05 -1.000 1.969e-04 -2.667 1.546 4.415 2.888 0.728 0.026 -0.435 -0.787 -1.253 -2.123 -2.282 -2.503 -2.647 -2.914 -2.978 -3.322 -3.342 -3.578
0.0001957 -1.90000 10.00000 0.8443675041 2.4333080910    0.810  3.016  3.6555  0.905    3  0.000  0.515    23.71    15.71    10.64     8.35     6.77  2 -5.06e-09      0.00 7.493e-01 2.505e-01 3.252e-05 1.032e-05 8.418e-05 -1.000 1.968e-04 -2.769 1.460 4.483 2.958 0.740 0.031 -0.452 -0.821 -1.304 -2.199 -2.362 -2.589 -2.735 -3.007 -3.073 -3.423 -3.443 -3.683
0.0001957 -1.90000 10.00000 0.8443785310 2.4333114971    0.808  3.053  3.6533  0.858    3  0.000  0.515    26.16    17.09    11.53     9.06     7.35  1 -5.82e-09      0.00 7.493e-01 2.505e-01 3.252e-05 1.032e-05 8.418e-05 -1.000 1.969e-04 -2.861 1.382 4.541 3.018 0.749 0.033 -0.469 -0.853 -1.352 -2.269 -2.435 -2.667 -2.815 -3.092 -3.159 -3.514 -3.535 -3.778
0.0001957 -1.90000 10.00000 0.8443899155 2.4333150135    0.805  3.093  3.6508  0.806    3  0.000  0.515    29.19    18.76    12.61     9.92     8.05  1  -6.8e-09      0.00 7.493e-01 2.505e-01 3.252e-05 1.032e-05 8.418e-05 -1.000 1.969e-04 -2.963 1.297 4.608 3.089 0.762 0.040 -0.484 -0.884 -1.401 -2.344 -2.514 -2.751 -2.903 -3.185 -3.254 -3.614 -3.635 -3.883
0.0001957 -1.90000 10.00000 0.8444014788 2.4333185850    0.802  3.137  3.6481  0.749    3  0.000  0.515    32.90    20.77    13.90    10.95     8.89  1 -8.04e-09      0.00 7.493e-01 2.505e-01 3.252e-05 1.032e-05 8.418e-05 -1.000 1.969e-04 -3.073 1.204 4.674 3.167 0.778 0.048 -0.500 -0.919 -1.454 -2.425 -2.599 -2.842 -2.996 -3.285 -3.355 -3.721 -3.743 -3.995
0.0001957 -1.90000 10.00000 0.8444112539 2.4333216042    0.798  3.177  3.6456  0.698    3  0.000  0.515    36.60    22.75    15.15    11.96     9.71  1 -9.36e-09      0.00 7.493e-01 2.505e-01 3.252e-05 1.032e-05 8.418e-05 -1.000 1.969e-04 -3.171 1.122 4.726 3.233 0.791 0.054 -0.516 -0.950 -1.502 -2.497 -2.674 -2.923 -3.079 -3.373 -3.445 -3.817 -3.839 -4.095
0.0001957 -1.90000 10.00000 0.8444210887 2.4333246417    0.794  3.218  3.6430  0.643    3  0.000  0.515    41.03    25.07    16.63    13.14    10.67  1  -1.1e-08      0.00 7.493e-01 2.505e-01 3.252e-05 1.032e-05 8.418e-05 -1.000 1.968e-04 -3.276 1.035 4.783 3.310 0.809 0.066 -0.525 -0.978 -1.548 -2.571 -2.752 -3.007 -3.166 -3.466 -3.539 -3.918 -3.940 -4.201
0.0001957 -1.90000 10.00000 0.8444302082 2.4333274582    0.790  3.257  3.6406  0.593    3  0.000  0.515    45.66    27.45    18.13    14.35    11.66  1 -1.28e-08      0.00 7.493e-01 2.505e-01 3.252e-05 1.032e-05 8.418e-05 -1.000 1.968e-04 -3.373 0.953 4.827 3.378 0.823 0.074 -0.534 -1.003 -1.591 -2.640 -2.825 -3.086 -3.248 -3.553 -3.627 -4.012 -4.035 -4.300
0.0001957 -1.90000 10.00000 0.8444327712 2.4333282497    0.788  3.267  3.6400  0.580    3  0.000  0.515    46.86    28.07    18.52    14.66    11.91  1 -1.34e-08      0.00 7.493e-01 2.505e-01 3.252e-05 1.032e-05 8.418e-05 -1.000 1.968e-04 -3.397 0.934 4.838 3.396 0.827 0.076 -0.536 -1.008 -1.600 -2.656 -2.842 -3.105 -3.267 -3.574 -3.649 -4.035 -4.058 -4.324
0.0001957 -1.90000 10.00000 0.8444327712 2.4333282497    0.788  1.723  3.8072  2.793    4  0.000  0.530     0.00     0.00     0.00     0.00     0.00 -1    -1e-30      0.00 7.535e-01 2.463e-01 3.317e-05 9.376e-06 8.345e-05 -1.000 1.968e-04 0.462 2.920 2.062 1.453 1.050 0.837 0.895 0.901 0.792 0.541 0.478 0.395 0.330 0.212 0.185 0.022 0.016 -0.076
0.0001957 -1.90000 10.00000 0.8444644809 2.4333380424    0.788  1.743  3.7973  2.732    4  0.000  0.530     0.00     0.00     0.00     0.00     0.00 -1    -1e-30      0.00 7.535e-01 2.463e-01 3.317e-05 9.376e-06 8.345e-05 -1.000 1.969e-04 0.412 3.008 2.144 1.476 1.032 0.798 0.891 0.898 0.780 0.508 0.439 0.350 0.280 0.153 0.125 -0.049 -0.056 -0.155
0.0001957 -1.90000 10.00000 0.8445210457 2.4333555089    0.788  1.746  3.7969  2.728    4  0.000  0.530     0.00     0.00     0.00     0.00     0.00 -1    -1e-30      0.00 7.535e-01 2.463e-01 3.317e-05 9.376e-06 8.345e-05 -1.000 1.967e-04 0.404 3.007 2.143 1.473 1.027 0.792 0.886 0.893 0.774 0.501 0.432 0.342 0.273 0.145 0.116 -0.058 -0.064 -0.164
0.0001957 -1.90000 10.00000 0.8445757031 2.4333723839    0.788  1.747  3.7974  2.729    4  0.000  0.530     0.00     0.00     0.00     0.00     0.00 -1    -1e-30      0.00 7.535e-01 2.463e-01 3.317e-05 9.376e-06 8.345e-05 -1.000 1.968e-04 0.402 2.997 2.134 1.467 1.023 0.789 0.881 0.888 0.769 0.497 0.429 0.340 0.271 0.143 0.115 -0.059 -0.065 -0.165
0.0001957 -1.90000 10.00000 0.8446313143 2.4333895507    0.788  1.748  3.7984  2.732    4  0.000  0.530     0.00     0.00     0.00     0.00     0.00 -1    -1e-30      0.00 7.535e-01 2.463e-01 3.317e-05 9.377e-06 8.345e-05 -1.000 1.967e-04 0.400 2.983 2.120 1.458 1.018 0.787 0.874 0.881 0.764 0.494 0.426 0.337 0.269 0.142 0.114 -0.059 -0.065 -0.164
0.0001957 -1.90000 10.00000 0.8446890712 2.4334073771    0.789  1.748  3.7997  2.737    4  0.000  0.530     0.00     0.00     0.00     0.00     0.00 -1    -1e-30      0.00 7.535e-01 2.463e-01 3.317e-05 9.377e-06 8.346e-05 -1.000 1.968e-04 0.399 2.964 2.101 1.448 1.013 0.784 0.867 0.873 0.757 0.491 0.424 0.336 0.268 0.142 0.114 -0.057 -0.063 -0.161
0.0001957 -1.90000 10.00000 0.8447436690 2.4334242260    0.789  1.748  3.8012  2.743    4  0.000  0.530     0.00     0.00     0.00     0.00     0.00 -1    -1e-30      0.00 7.535e-01 2.463e-01 3.317e-05 9.377e-06 8.346e-05 -1.000 1.968e-04 0.399 2.944 2.083 1.437 1.009 0.783 0.860 0.866 0.751 0.488 0.421 0.334 0.267 0.143 0.115 -0.054 -0.060 -0.157
0.0001957 -1.90000 10.00000 0.8448010683 2.4334419366    0.789  1.748  3.8030  2.750    4  0.000  0.530     0.00     0.00     0.00     0.00     0.00 -1    -1e-30      0.00 7.535e-01 2.463e-01 3.317e-05 9.378e-06 8.346e-05 -1.000 1.968e-04 0.399 2.921 2.061 1.426 1.004 0.782 0.851 0.857 0.744 0.485 0.419 0.333 0.267 0.145 0.117 -0.050 -0.056 -0.152
0.0001957 -1.90000 10.00000 0.8448579907 2.4334594974    0.789  1.748  3.8049  2.759    4  0.000  0.530     0.00     0.00     0.00     0.00     0.00 -1    -1e-30      0.00 7.535e-01 2.463e-01 3.317e-05 9.378e-06 8.346e-05 -1.000 1.968e-04 0.400 2.896 2.038 1.414 1.000 0.782 0.842 0.848 0.737 0.482 0.417 0.333 0.267 0.147 0.120 -0.046 -0.052 -0.146
0.0001957 -1.90000 10.00000 0.8449151516 2.4334771291    0.789  1.748  3.8069  2.767    4  0.000  0.530     0.00     0.00     0.00     0.00     0.00 -1    -1e-30      0.00 7.535e-01 2.463e-01 3.317e-05 9.378e-06 8.346e-05 -1.000 1.969e-04 0.400 2.870 2.015 1.402 0.995 0.781 0.834 0.838 0.729 0.479 0.415 0.332 0.268 0.149 0.122 -0.041 -0.047 -0.140
0.0001957 -1.90000 10.00000 0.8449689746 2.4334937286    0.789  1.748  3.8087  2.774    4  0.000  0.530     0.00     0.00     0.00     0.00     0.00 -1    -1e-30      0.00 7.535e-01 2.463e-01 3.317e-05 9.379e-06 8.346e-05 -1.000 1.968e-04 0.401 2.847 1.993 1.391 0.991 0.781 0.826 0.830 0.723 0.476 0.413 0.332 0.268 0.151 0.124 -0.037 -0.042 -0.134
0.0001957 -1.90000 10.00000 0.8450279832 2.4335119246    0.789  1.748  3.8103  2.781    4  0.000  0.530     0.00     0.00     0.00     0.00     0.00 -1    -1e-30      0.00 7.535e-01 2.463e-01 3.317e-05 9.379e-06 8.346e-05 -1.000 1.968e-04 0.401 2.826 1.974 1.380 0.987 0.780 0.818 0.822 0.717 0.474 0.411 0.331 0.268 0.152 0.126 -0.033 -0.039 -0.129
0.0001957 -1.90000 10.00000 0.8450854421 2.4335296399    0.789  1.748  3.8117  2.786    4  0.000  0.530     0.00     0.00     0.00     0.00     0.00 -1    -1e-30      0.00 7.535e-01 2.463e-01 3.317e-05 9.379e-06 8.346e-05 -1.000 1.968e-04 0.401 2.808 1.959 1.373 0.984 0.780 0.812 0.816 0.711 0.471 0.410 0.330 0.268 0.153 0.128 -0.030 -0.036 -0.125
0.0001957 -1.90000 10.00000 0.8451436758 2.4335475913    0.789  1.748  3.8125  2.789    4  0.000  0.530     0.00     0.00     0.00     0.00     0.00 -1    -1e-30      0.00 7.535e-01 2.463e-01 3.317e-05 9.380e-06 8.346e-05 -1.000 1.968e-04 0.400 2.797 1.949 1.367 0.982 0.779 0.808 0.811 0.707 0.469 0.408 0.329 0.267 0.154 0.128 -0.029 -0.034 -0.123
0.0001957 -1.90000 10.00000 0.8452029824 2.4335658706    0.789  1.748  3.8129  2.790    4  0.000  0.530     0.00     0.00     0.00     0.00     0.00 -1    -1e-30      0.00 7.535e-01 2.463e-01 3.317e-05 9.380e-06 8.346e-05 -1.000 1.968e-04 0.399 2.791 1.944 1.364 0.980 0.778 0.805 0.808 0.705 0.468 0.407 0.328 0.266 0.153 0.128 -0.029 -0.034 -0.123
0.0001957 -1.90000 10.00000 0.8452268839 2.4335732365    0.789  1.748  3.8129  2.790    4  0.000  0.530     0.00     0.00     0.00     0.00     0.00 -1    -1e-30      0.00 7.535e-01 2.463e-01 3.317e-05 9.380e-06 8.346e-05 -1.000 1.968e-04 0.399 2.790 1.943 1.364 0.979 0.778 0.804 0.807 0.704 0.467 0.406 0.328 0.266 0.152 0.127 -0.029 -0.035 -0.124
0.0001957 -1.90000 10.00000 0.8452591896 2.4335831918    0.789  1.749  3.8126  2.789    4  0.000  0.530     0.00     0.00     0.00     0.00     0.00 -1    -1e-30      0.00 7.535e-01 2.463e-01 3.317e-05 9.380e-06 8.347e-05 -1.000 1.968e-04 0.398 2.793 1.945 1.364 0.979 0.777 0.804 0.807 0.704 0.466 0.405 0.326 0.264 0.151 0.126 -0.031 -0.037 -0.126
0.0001957 -1.90000 10.00000 0.8453195095 2.4336017774    0.789  1.750  3.8117  2.784    4  0.000  0.530     0.00     0.00     0.00     0.00     0.00 -1    -1e-30      0.00 7.535e-01 2.463e-01 3.317e-05 9.381e-06 8.347e-05 -1.000 1.968e-04 0.395 2.803 1.954 1.367 0.979 0.774 0.806 0.809 0.705 0.465 0.404 0.324 0.262 0.147 0.122 -0.036 -0.042 -0.131
0.0001957 -1.90000 10.00000 0.8453744650 2.4336187076    0.789  1.751  3.8101  2.777    4  0.000  0.530     0.00     0.00     0.00     0.00     0.00 -1    -1e-30      0.00 7.535e-01 2.464e-01 3.317e-05 9.381e-06 8.347e-05 -1.000 1.968e-04 0.392 2.819 1.967 1.373 0.979 0.772 0.810 0.813 0.708 0.464 0.402 0.322 0.259 0.143 0.117 -0.043 -0.048 -0.139
0.0001957 -1.90000 10.00000 0.8454308510 2.4336360757    0.789  1.753  3.8080  2.766    4  0.000  0.530     0.00     0.00     0.00     0.00     0.00 -1    -1e-30      0.00 7.534e-01 2.464e-01 3.317e-05 9.381e-06 8.347e-05 -1.000 1.968e-04 0.388 2.845 1.991 1.384 0.981 0.769 0.816 0.820 0.712 0.464 0.401 0.319 0.255 0.137 0.111 -0.051 -0.057 -0.150
0.0001957 -1.90000 10.00000 0.8454907537 2.4336545242    0.789  1.755  3.8049  2.752    4  0.000  0.530     0.00     0.00     0.00     0.00     0.00 -1    -1e-30      0.00 7.534e-01 2.464e-01 3.317e-05 9.382e-06 8.347e-05 -1.000 1.968e-04 0.382 2.880 2.023 1.399 0.984 0.766 0.825 0.830 0.719 0.464 0.399 0.315 0.250 0.129 0.102 -0.063 -0.069 -0.164
0.0001957 -1.90000 10.00000 0.8455504179 2.4336728963    0.789  1.758  3.8012  2.735    4  0.000  0.530     0.00     0.00     0.00     0.00     0.00 -1    -1e-30      0.00 7.534e-01 2.464e-01 3.317e-05 9.382e-06 8.347e-05 -1.000 1.969e-04 0.376 2.923 2.062 1.417 0.987 0.762 0.836 0.841 0.727 0.464 0.398 0.311 0.244 0.120 0.092 -0.077 -0.083 -0.180
0.0001957 -1.90000 10.00000 0.8456086516 2.4336908250    0.790  1.761  3.7971  2.715    4  0.000  0.530     0.00     0.00     0.00     0.00     0.00 -1    -1e-30      0.00 7.534e-01 2.464e-01 3.317e-05 9.382e-06 8.347e-05 -1.000 1.967e-04 0.369 2.972 2.110 1.440 0.994 0.759 0.848 0.855 0.736 0.464 0.396 0.306 0.237 0.109 0.081 -0.093 -0.099 -0.199
0.0001957 -1.90000 10.00000 0.8456420898 2.4337011185    0.790  1.762  3.7946  2.703    4  0.000  0.530     0.00     0.00     0.00     0.00     0.00 -1    -1e-30      0.00 7.534e-01 2.464e-01 3.317e-05 9.383e-06 8.347e-05 -1.000 1.968e-04 0.364 3.002 2.140 1.455 0.998 0.758 0.856 0.863 0.742 0.464 0.395 0.303 0.233 0.103 0.074 -0.103 -0.109 -0.211
0.0001957 -1.90000 10.00000 0.8456946611 2.4337173000    0.790  1.766  3.7905  2.684    4  0.000  0.530     0.00     0.00     0.00     0.00     0.00 -1    -1e-30      0.00 7.534e-01 2.464e-01 3.317e-05 9.383e-06 8.347e-05 -1.000 1.968e-04 0.356 3.051 2.188 1.478 1.003 0.754 0.869 0.876 0.751 0.464 0.392 0.298 0.226 0.092 0.062 -0.119 -0.126 -0.230
0.0001957 -1.90000 10.00000 0.8457502723 2.4337344146    0.790  1.769  3.7861  2.663    4  0.000  0.530     0.00     0.00     0.00     0.00     0.00 -1    -1e-30      0.00 7.534e-01 2.464e-01 3.317e-05 9.383e-06 8.347e-05 -1.000 1.968e-04 0.347 3.102 2.242 1.505 1.011 0.752 0.881 0.889 0.760 0.462 0.389 0.291 0.217 0.080 0.050 -0.137 -0.143 -0.252
0.0001957 -1.90000 10.00000 0.8458052278 2.4337513249    0.790  1.773  3.7822  2.643    4  0.000  0.530     0.00     0.00     0.00     0.00     0.00 -1    -1e-30      0.00 7.534e-01 2.464e-01 3.317e-05 9.383e-06 8.347e-05 -1.000 1.969e-04 0.337 3.147 2.290 1.528 1.016 0.749 0.892 0.900 0.766 0.460 0.385 0.284 0.209 0.068 0.037 -0.154 -0.161 -0.272
0.0001957 -1.90000 10.00000 0.8458614349 2.4337686178    0.790  1.778  3.7780  2.622    4  0.000  0.530     0.00     0.00     0.00     0.00     0.00 -1    -1e-30      0.00 7.534e-01 2.464e-01 3.317e-05 9.384e-06 8.348e-05 -1.000 1.968e-04 0.325 3.196 2.345 1.555 1.024 0.748 0.903 0.910 0.773 0.457 0.379 0.276 0.199 0.055 0.022 -0.173 -0.180 -0.295
0.0001957 -1.90000 10.00000 0.8459150791 2.4337851196    0.790  1.783  3.7745  2.603    4  0.000  0.530     0.00     0.00     0.00     0.00     0.00 -1    -1e-30      0.00 7.534e-01 2.464e-01 3.317e-05 9.384e-06 8.348e-05 -1.000 1.968e-04 0.314 3.238 2.397 1.581 1.032 0.748 0.911 0.917 0.776 0.452 0.373 0.267 0.189 0.042 0.008 -0.191 -0.198 -0.316
0.0001957 -1.90000 10.00000 0.8459686041 2.4338015824    0.790  1.787  3.7719  2.588    4  0.000  0.530     0.00     0.00     0.00     0.00     0.00 -1    -1e-30      0.00 7.534e-01 2.464e-01 3.317e-05 9.384e-06 8.348e-05 -1.000 1.968e-04 0.303 3.268 2.433 1.598 1.036 0.746 0.914 0.921 0.777 0.446 0.366 0.259 0.179 0.030 -0.004 -0.206 -0.214 -0.334
0.0001957 -1.90000 10.00000 0.8460215330 2.4338178595    0.790  1.793  3.7686  2.569    4  0.000  0.530     0.00     0.00     0.00     0.00     0.00 -1    -1e-30      0.00 7.534e-01 2.464e-01 3.317e-05 9.385e-06 8.348e-05 -1.000 1.968e-04 0.288 3.303 2.478 1.619 1.039 0.742 0.918 0.923 0.776 0.437 0.356 0.246 0.165 0.013 -0.021 -0.227 -0.235 -0.358
0.0001957 -1.90000 10.00000 0.8460751772 2.4338343542    0.790  1.800  3.7654  2.549    4  0.000  0.530     0.00     0.00     0.00     0.00     0.00 -1    -1e-30      0.00 7.534e-01 2.464e-01 3.317e-05 9.385e-06 8.348e-05 -1.000 1.968e-04 0.270 3.334 2.524 1.640 1.041 0.735 0.919 0.924 0.773 0.427 0.344 0.232 0.149 -0.005 -0.041 -0.250 -0.258 -0.383
0.0001957 -1.90000 10.00000 0.8461284637 2.4338507365    0.790  1.807  3.7624  2.530    4  0.000  0.530     0.00     0.00     0.00     0.00     0.00 -1    -1e-30      0.00 7.534e-01 2.464e-01 3.317e-05 9.385e-06 8.348e-05 -1.000 1.968e-04 0.252 3.360 2.564 1.657 1.040 0.726 0.918 0.922 0.768 0.414 0.330 0.216 0.132 -0.025 -0.061 -0.274 -0.282 -0.410
0.0001957 -1.90000 10.00000 0.8461633325 2.4338614552    0.790  1.805  3.7635  2.537    4  0.000  0.530     0.00     0.00     0.00     0.00     0.00 -1    -1e-30      0.00 7.534e-01 2.464e-01 3.317e-05 9.385e-06 8.348e-05 -1.000 1.968e-04 0.258 3.350 2.549 1.650 1.040 0.729 0.918 0.921 0.769 0.418 0.334 0.221 0.137 -0.019 -0.055 -0.266 -0.274 -0.401
0.0001957 -1.90000 10.00000 0.8462158442 2.4338775954    0.790  1.817  3.7589  2.506    4  0.000  0.530     0.00     0.00     0.00     0.00     0.00 -1    -1e-30      0.00 7.534e-01 2.464e-01 3.317e-05 9.386e-06 8.348e-05 -1.000 1.968e-04 0.227 3.386 2.611 1.675 1.038 0.714 0.914 0.917 0.759 0.397 0.311 0.194 0.109 -0.051 -0.088 -0.304 -0.313 -0.443
0.0001957 -1.90000 10.00000 0.8462701440 2.4338942828    0.790  1.833  3.7543  2.472    4  0.000  0.530     0.00     0.00     0.00     0.00     0.00 -1    -1e-30      0.00 7.534e-01 2.464e-01 3.317e-05 9.386e-06 8.348e-05 -1.000 1.968e-04 0.189 3.416 2.682 1.704 1.035 0.699 0.904 0.905 0.742 0.368 0.280 0.160 0.073 -0.091 -0.128 -0.350 -0.359 -0.494
0.0001957 -1.90000 10.00000 0.8463231921 2.4339105832    0.790  1.859  3.7479  2.420    4  0.000  0.530     0.00     0.00     0.00     0.00     0.00 -1    -1e-30      0.00 7.534e-01 2.464e-01 3.317e-05 9.386e-06 8.348e-05 -1.000 1.968e-04 0.122 3.443 2.773 1.735 1.020 0.666 0.878 0.875 0.705 0.315 0.224 0.100 0.010 -0.159 -0.198 -0.426 -0.436 -0.576
0.0001957 -1.90000 10.00000 0.8463552594 2.4339204356    0.790  1.890  3.7415  2.364    4  0.000  0.530     0.00     0.00     0.00     0.00     0.00 -1    -1e-30      0.00 7.534e-01 2.464e-01 3.317e-05 9.387e-06 8.348e-05 -1.000 1.968e-04 0.045 3.453 2.862 1.763 1.000 0.627 0.843 0.834 0.657 0.250 0.157 0.029 -0.063 -0.238 -0.278 -0.513 -0.524 -0.670
0.0001957 -1.90000 10.00000 0.8463712931 2.4339253614    0.790  1.924  3.7355  2.306    4  0.000  0.530     0.00     0.00     0.00     0.00     0.00 -1    -1e-30      0.00 7.534e-01 2.464e-01 3.317e-05 9.387e-06 8.348e-05 -1.000 1.968e-04 -0.040 3.453 2.974 1.804 0.986 0.593 0.802 0.787 0.601 0.179 0.082 -0.050 -0.144 -0.323 -0.366 -0.607 -0.618 -0.769
0.0001957 -1.90000 10.00000 0.8463781476 2.4339274672    0.790  1.958  3.7303  2.251    4  0.000  0.530     0.00     0.00     0.00     0.00     0.00 -1    -1e-30      0.00 7.534e-01 2.464e-01 3.317e-05 9.387e-06 8.348e-05 -1.000 1.968e-04 -0.124 3.439 3.068 1.835 0.966 0.556 0.756 0.735 0.542 0.105 0.007 -0.130 -0.226 -0.409 -0.453 -0.700 -0.711 -0.867
0.0001957 -1.90000 10.00000 0.8463813066 2.4339284377    0.790  1.992  3.7259  2.200    4  0.000  0.530     0.00     0.00     0.00     0.00     0.00 -1    -1e-30      0.00 7.534e-01 2.464e-01 3.317e-05 9.387e-06 8.348e-05 -1.000 1.968e-04 -0.209 3.408 3.150 1.859 0.943 0.518 0.707 0.679 0.481 0.031 -0.070 -0.209 -0.308 -0.494 -0.539 -0.791 -0.802 -0.963
0.0001957 -1.90000 10.00000 0.8463828564 2.4339289138    0.790  2.023  3.7224  2.155    4  0.000  0.530     0.00     0.00     0.00     0.00     0.00 -1    -1e-30      0.00 7.534e-01 2.464e-01 3.317e-05 9.387e-06 8.348e-05 -1.000 1.968e-04 -0.287 3.372 3.205 1.867 0.915 0.477 0.658 0.625 0.421 -0.039 -0.141 -0.283 -0.382 -0.572 -0.617 -0.873 -0.885 -1.048
0.0001957 -1.90000 10.00000 0.8463829756 2.4339289504    0.790  2.025  3.7222  2.151    7  0.000  0.530     0.00     0.00     0.00     0.00     0.00 -1    -1e-30      0.00 7.534e-01 2.464e-01 3.317e-05 9.387e-06 8.348e-05 -1.000 1.968e-04 -0.293 3.368 3.209 1.867 0.912 0.473 0.654 0.620 0.416 -0.045 -0.147 -0.289 -0.389 -0.579 -0.624 -0.880 -0.892 -1.056
0.0001957 -1.90000 10.00000 0.8463837504 2.4339291884    0.790  2.052  3.7198  2.115    7  0.000  0.530     0.00     0.00     0.00     0.00     0.00 -1    -1e-30      0.00 7.534e-01 2.464e-01 3.317e-05 9.387e-06 8.348e-05 -1.000 1.968e-04 -0.360 3.329 3.234 1.861 0.879 0.432 0.606 0.569 0.362 -0.106 -0.210 -0.353 -0.454 -0.645 -0.691 -0.950 -0.962 -1.128
0.0001957 -1.90000 10.00000 0.8463848233 2.4339295180    0.790  2.092  3.7166  2.062    7  0.000  0.530     0.00     0.00     0.00     0.00     0.00 -1    -1e-30      0.00 7.534e-01 2.464e-01 3.317e-05 9.387e-06 8.348e-05 -1.000 1.968e-04 -0.460 3.263 3.273 1.851 0.832 0.374 0.536 0.493 0.280 -0.198 -0.303 -0.449 -0.551 -0.745 -0.791 -1.053 -1.066 -1.235
0.0001957 -1.90000 10.00000 0.8463858962 2.4339298476    0.790  2.131  3.7138  2.012    7  0.000  0.530     0.00     0.00     0.00     0.00     0.00 -1    -1e-30      0.00 7.534e-01 2.464e-01 3.317e-05 9.387e-06 8.348e-05 -1.000 1.968e-04 -0.557 3.196 3.300 1.835 0.782 0.313 0.465 0.417 0.199 -0.287 -0.394 -0.542 -0.645 -0.842 -0.889 -1.154 -1.167 -1.339
0.0001957 -1.90000 10.00000 0.8463872671 2.4339302687    0.790  2.168  3.7112  1.964    7  0.000  0.530     0.00     0.00     0.00     0.00     0.00 -1    -1e-30      0.00 7.534e-01 2.464e-01 3.317e-05 9.387e-06 8.348e-05 -1.000 1.968e-04 -0.651 3.131 3.331 1.824 0.735 0.257 0.396 0.343 0.121 -0.374 -0.482 -0.632 -0.736 -0.935 -0.983 -1.251 -1.264 -1.439
0.0001957 -1.90000 10.00000 0.8463905454 2.4339312758    0.790  2.165  3.7118  1.970    7  0.000  0.530     0.00     0.00     0.00     0.00     0.00 -1    -1e-30      0.00 7.534e-01 2.464e-01 3.317e-05 9.387e-06 8.348e-05 -1.000 1.968e-04 -0.642 3.134 3.316 1.818 0.735 0.259 0.400 0.348 0.127 -0.367 -0.474 -0.624 -0.728 -0.926 -0.974 -1.241 -1.255 -1.429
0.0001957 -1.90000 10.00000 0.8464086056 2.4339368237    0.790  2.145  3.7129  1.994    7  0.000  0.530     0.00     0.00     0.00     0.00     0.00 -1    -1e-30      0.00 7.534e-01 2.464e-01 3.317e-05 9.387e-06 8.348e-05 -1.000 1.968e-04 -0.593 3.170 3.307 1.827 0.762 0.290 0.438 0.388 0.169 -0.321 -0.428 -0.577 -0.680 -0.878 -0.925 -1.191 -1.204 -1.377
0.0001957 -1.90000 10.00000 0.8464309573 2.4339436896    0.790  2.171  3.7109  1.961    7  0.000  0.530     0.00     0.00     0.00     0.00     0.00 -1    -1e-30      0.00 7.534e-01 2.464e-01 3.317e-05 9.387e-06 8.348e-05 -1.000 1.968e-04 -0.656 3.129 3.341 1.829 0.735 0.256 0.394 0.340 0.118 -0.379 -0.487 -0.637 -0.741 -0.940 -0.988 -1.257 -1.270 -1.445
0.0001957 -1.90000 10.00000 0.8464508057 2.4339497861    0.790  2.214  3.7079  1.905    7  0.000  0.530     0.00     0.00     0.00     0.00     0.00 -1    -1e-30      0.00 7.534e-01 2.464e-01 3.317e-05 9.387e-06 8.348e-05 -1.000 1.968e-04 -0.766 3.050 3.394 1.827 0.688 0.196 0.318 0.257 0.028 -0.479 -0.589 -0.741 -0.847 -1.049 -1.098 -1.370 -1.383 -1.561
0.0001957 -1.90000 10.00000 0.8464646935 2.4339540516    0.790  2.249  3.7055  1.861    7  0.000  0.530     0.00     0.00     0.00     0.00     0.00 -1    -1e-30      0.00 7.534e-01 2.464e-01 3.317e-05 9.387e-06 8.348e-05 -1.000 1.968e-04 -0.854 2.985 3.434 1.825 0.650 0.147 0.256 0.189 -0.045 -0.560 -0.671 -0.825 -0.932 -1.136 -1.185 -1.460 -1.474 -1.654
0.0001957 -1.90000 10.00000 0.8464822769 2.4339594520    0.790  2.294  3.7027  1.805    7  0.000  0.530     0.00     0.00     0.00     0.00     0.00 -1    -1e-30      0.00 7.534e-01 2.464e-01 3.317e-05 9.387e-06 8.349e-05 -1.000 1.969e-04 -0.964 2.901 3.481 1.819 0.599 0.085 0.176 0.103 -0.136 -0.662 -0.774 -0.931 -1.039 -1.246 -1.296 -1.574 -1.588 -1.771
0.0001957 -1.90000 10.00000 0.8464988470 2.4339645409    0.791  2.334  3.7002  1.755    7  0.000  0.530     0.00     0.00     0.00     0.00     0.00 -1    -1e-30      0.00 7.534e-01 2.464e-01 3.317e-05 9.387e-06 8.349e-05 -1.000 1.968e-04 -1.066 2.823 3.518 1.811 0.551 0.026 0.103 0.023 -0.221 -0.756 -0.869 -1.028 -1.137 -1.346 -1.397 -1.678 -1.693 -1.878
0.0001957 -1.90000 10.00000 0.8465141058 2.4339692268    0.791  2.375  3.6978  1.705    7  0.000  0.530     0.00     0.00     0.00     0.00     0.00 -1    -1e-30      0.00 7.534e-01 2.464e-01 3.317e-05 9.388e-06 8.349e-05 -1.000 1.968e-04 -1.166 2.743 3.559 1.807 0.506 -0.029 0.032 -0.054 -0.304 -0.849 -0.963 -1.124 -1.234 -1.445 -1.497 -1.781 -1.796 -1.984
0.0001957 -1.90000 10.00000 0.8465278745 2.4339734550    0.791  2.415  3.6954  1.655    7  0.000  0.529     0.00     0.00     0.00     0.00     0.00 -1    -1e-30      0.00 7.533e-01 2.465e-01 3.315e-05 9.395e-06 8.349e-05 -1.000 1.968e-04 -1.267 2.661 3.600 1.802 0.460 -0.084 -0.039 -0.132 -0.387 -0.941 -1.057 -1.220 -1.331 -1.545 -1.597 -1.883 -1.899 -2.089
0.0001957 -1.90000 10.00000 0.8465403318 2.4339772804    0.791  2.455  3.6930  1.605    7  0.000  0.528     0.00     0.00     0.00     0.00     0.00 -1    -1e-30      0.00 7.533e-01 2.465e-01 3.306e-05 9.438e-06 8.349e-05 -1.000 1.962e-04 -1.368 2.579 3.639 1.798 0.415 -0.140 -0.110 -0.210 -0.471 -1.034 -1.151 -1.316 -1.429 -1.644 -1.697 -1.987 -2.002 -2.195
0.0001957 -1.90000 10.00000 0.8465517163 2.4339807762    0.791  2.496  3.6907  1.554    7  0.000  0.523     0.00     0.00     0.00     0.00     0.00 -1    -1e-30      0.00 7.532e-01 2.466e-01 3.278e-05 9.652e-06 8.352e-05 -1.000 1.964e-04 -1.470 2.496 3.679 1.793 0.368 -0.196 -0.182 -0.289 -0.555 -1.127 -1.246 -1.413 -1.527 -1.744 -1.798 -2.090 -2.106 -2.302
0.0001957 -1.90000 10.00000 0.8465619683 2.4339839242    0.791  2.537  3.6883  1.504    7  0.000  0.513     6.62     5.28     3.76     2.90     2.35  3    -1e-30      0.00 7.531e-01 2.467e-01 3.218e-05 1.027e-05 8.353e-05 -1.000 1.969e-04 -1.572 2.411 3.723 1.793 0.325 -0.249 -0.252 -0.365 -0.637 -1.220 -1.339 -1.509 -1.624 -1.844 -1.898 -2.193 -2.209 -2.408
0.0001957 -1.90000 10.00000 0.8465712070 2.4339867609    0.791  2.577  3.6859  1.455    7  0.000  0.501     7.35     5.78     4.09     3.17     2.56  3    -1e-30      0.00 7.529e-01 2.469e-01 3.138e-05 1.122e-05 8.355e-05 -1.000 1.951e-04 -1.672 2.327 3.773 1.801 0.287 -0.297 -0.318 -0.439 -0.717 -1.310 -1.431 -1.603 -1.718 -1.941 -1.996 -2.294 -2.311 -2.512
0.0001957 -1.90000 10.00000 0.8465797305 2.4339893780    0.791  2.617  3.6836  1.405    7  0.000  0.488     8.16     6.32     4.46     3.45     2.79  3    -1e-30      0.00 7.528e-01 2.471e-01 3.061e-05 1.217e-05 8.357e-05 -1.000 1.791e-04 -1.772 2.245 3.792 1.840 0.280 -0.317 -0.370 -0.504 -0.793 -1.401 -1.524 -1.698 -1.816 -2.041 -2.096 -2.398 -2.414 -2.618
0.0001957 -1.90000 10.00000 0.8465876579 2.4339918120    0.791  2.657  3.6812  1.356    7  0.000  0.477     9.06     6.91     4.85     3.77     3.05  3    -1e-30      0.00 7.526e-01 2.472e-01 2.993e-05 1.300e-05 8.359e-05 -1.000 1.699e-04 -1.872 2.163 3.815 1.891 0.281 -0.328 -0.415 -0.565 -0.865 -1.491 -1.617 -1.794 -1.913 -2.141 -2.197 -2.502 -2.518 -2.725
0.0001957 -1.90000 10.00000 0.8465952277 2.4339941361    0.791  2.697  3.6788  1.306    7  0.000  0.468    10.07     7.56     5.29     4.11     3.33  3    -1e-30      0.00 7.524e-01 2.474e-01 2.934e-05 1.373e-05 8.360e-05 -1.000 1.956e-04 -1.972 2.082 3.847 1.954 0.291 -0.331 -0.455 -0.621 -0.934 -1.580 -1.708 -1.889 -2.010 -2.241 -2.297 -2.605 -2.623 -2.831
0.0001957 -1.90000 10.00000 0.8466024995 2.4339963687    0.791  2.737  3.6764  1.257    7  0.000  0.460    11.18     8.26     5.76     4.48     3.63  3    -1e-30      0.00 7.523e-01 2.476e-01 2.884e-05 1.436e-05 8.361e-05 -1.000 1.768e-04 -2.072 2.000 3.884 2.024 0.306 -0.327 -0.489 -0.673 -1.000 -1.666 -1.797 -1.982 -2.105 -2.339 -2.397 -2.708 -2.726 -2.937
0.0001957 -1.90000 10.00000 0.8466095328 2.4339985281    0.791  2.777  3.6739  1.207    7  0.000  0.453    12.43     9.05     6.28     4.89     3.96  3    -1e-30      0.00 7.521e-01 2.478e-01 2.839e-05 1.492e-05 8.360e-05 -1.000 1.204e-04 -2.172 1.919 3.929 2.104 0.329 -0.316 -0.517 -0.722 -1.063 -1.752 -1.887 -2.075 -2.201 -2.438 -2.497 -2.812 -2.830 -3.044
0.0001957 -1.90000 10.00000 0.8466160297 2.4340005227    0.791  2.817  3.6715  1.157    7  0.000  0.447    13.81     9.90     6.85     5.34     4.32  2    -1e-30      0.00 7.519e-01 2.479e-01 2.801e-05 1.539e-05 8.358e-05 -1.000 1.965e-04 -2.272 1.838 3.981 2.193 0.357 -0.298 -0.540 -0.765 -1.124 -1.837 -1.975 -2.167 -2.296 -2.537 -2.597 -2.916 -2.934 -3.151
0.0001957 -1.90000 10.00000 0.8466215730 2.4340022245    0.791  2.856  3.6690  1.108    7  0.000  0.441    15.32    10.81     7.45     5.81     4.71  2    -1e-30      0.00 7.517e-01 2.481e-01 2.767e-05 1.582e-05 8.353e-05 -1.000 1.969e-04 -2.370 1.760 4.039 2.290 0.393 -0.272 -0.556 -0.803 -1.179 -1.918 -2.059 -2.256 -2.387 -2.633 -2.693 -3.017 -3.035 -3.255
0.0001957 -1.90000 10.00000 0.8466264606 2.4340037250    0.791  2.895  3.6665  1.059    7  0.000  0.437    17.00    11.82     8.11     6.34     5.14  2    -1e-30      0.00 7.515e-01 2.483e-01 2.738e-05 1.619e-05 8.345e-05 -1.000 1.969e-04 -2.468 1.682 4.104 2.400 0.439 -0.236 -0.565 -0.835 -1.230 -1.997 -2.142 -2.344 -2.478 -2.729 -2.790 -3.117 -3.136 -3.360
0.0001957 -1.90000 10.00000 0.8466306329 2.4340050059    0.791  2.935  3.6639  1.008    7  0.000  0.434    18.93    12.95     8.85     6.93     5.62  2    -1e-30      0.00 7.513e-01 2.485e-01 2.713e-05 1.653e-05 8.333e-05 -1.000 1.969e-04 -2.568 1.602 4.177 2.523 0.494 -0.190 -0.565 -0.862 -1.278 -2.076 -2.226 -2.434 -2.571 -2.826 -2.888 -3.221 -3.240 -3.467
0.0001957 -1.90000 10.00000 0.8466344476 2.4340061770    0.791  2.977  3.6612  0.956    7  0.000  0.431    21.15    14.24     9.69     7.59     6.16  2    -1e-30      0.00 7.511e-01 2.487e-01 2.691e-05 1.689e-05 8.317e-05 -1.000 1.969e-04 -2.672 1.519 4.257 2.661 0.563 -0.130 -0.552 -0.877 -1.319 -2.155 -2.309 -2.524 -2.664 -2.926 -2.989 -3.328 -3.347 -3.578
0.0001957 -1.90000 10.00000 0.8466383815 2.4340073847    0.791  3.020  3.6583  0.901    7  0.000  0.429    23.77    15.73    10.66     8.37     6.78  2    -1e-30      0.00 7.509e-01 2.489e-01 2.673e-05 1.724e-05 8.298e-05 -1.000 1.969e-04 -2.781 1.434 4.342 2.821 0.648 -0.054 -0.524 -0.881 -1.354 -2.232 -2.393 -2.615 -2.760 -3.029 -3.094 -3.439 -3.459 -3.695
0.0001957 -1.90000 10.00000 0.8466417789 2.4340084277    0.791  3.071  3.6548  0.836    7  0.000  0.428    27.27    17.69    11.92     9.37     7.60  1    -1e-30      0.00 7.508e-01 2.490e-01 2.660e-05 1.754e-05 8.279e-05 -1.000 1.950e-04 -2.908 1.329 4.447 2.932 0.680 -0.032 -0.533 -0.914 -1.411 -2.324 -2.490 -2.720 -2.868 -3.144 -3.211 -3.564 -3.585 -3.826
0.0001957 -1.90000 10.00000 0.8466437459 2.4340090315    0.791  3.126  3.6509  0.765    7  0.000  0.428    31.67    20.10    13.46    10.61     8.61  1    -1e-30      0.00 7.507e-01 2.491e-01 2.653e-05 1.770e-05 8.269e-05 -1.000 1.968e-04 -3.046 1.216 4.563 3.052 0.713 -0.010 -0.543 -0.949 -1.471 -2.422 -2.593 -2.832 -2.984 -3.268 -3.337 -3.699 -3.720 -3.967
0.0001957 -1.90000 10.00000 0.8466441035 2.4340091413    0.791  3.141  3.6498  0.747    7  0.000  0.427    32.94    20.78    13.90    10.96     8.89  1    -1e-30      0.00 7.505e-01 2.493e-01 2.643e-05 1.804e-05 8.245e-05 -1.000 1.969e-04 -3.081 1.187 4.594 3.085 0.723 -0.002 -0.544 -0.957 -1.486 -2.447 -2.620 -2.861 -3.014 -3.300 -3.369 -3.733 -3.755 -4.004
0.0001957 -1.90000 10.00000 0.8466442227 2.4340091779    0.791  3.159  3.6484  0.723    7  0.000  0.427    34.67    21.71    14.49    11.43     9.28  1    -1e-30      0.00 7.502e-01 2.496e-01 2.623e-05 1.872e-05 8.195e-05 -1.000 1.968e-04 -3.128 1.149 4.630 3.127 0.736 0.007 -0.547 -0.967 -1.505 -2.479 -2.654 -2.898 -3.052 -3.341 -3.411 -3.778 -3.800 -4.051
0.0001957 -1.90000 10.00000 0.8466444016 2.4340092328    0.791  3.174  3.6473  0.703    7  0.000  0.426    36.15    22.50    14.99    11.83     9.60  1    -1e-30      0.00 7.501e-01 2.497e-01 2.616e-05 1.898e-05 8.177e-05 -1.000 1.968e-04 -3.166 1.119 4.658 3.161 0.747 0.014 -0.548 -0.976 -1.521 -2.506 -2.681 -2.928 -3.083 -3.374 -3.445 -3.815 -3.836 -4.090
0.0001957 -1.90000 10.00000 0.8466445208 2.4340092694    0.791  3.183  3.6466  0.691    7  0.000  0.426    37.06    22.98    15.30    12.08     9.80  1    -1e-30      0.00 7.501e-01 2.498e-01 2.613e-05 1.908e-05 8.169e-05 -1.000 1.969e-04 -3.188 1.100 4.675 3.182 0.753 0.019 -0.549 -0.981 -1.530 -2.521 -2.698 -2.946 -3.102 -3.394 -3.465 -3.836 -3.858 -4.113
0.0001957 -1.90000 10.00000 0.8466446996 2.4340093243    0.791  3.194  3.6459  0.678    7  0.000  0.426    38.12    23.54    15.65    12.36    10.04  1    -1e-30      0.00 7.500e-01 2.498e-01 2.611e-05 1.916e-05 8.163e-05 -1.000 1.969e-04 -3.214 1.079 4.694 3.205 0.760 0.024 -0.550 -0.986 -1.540 -2.538 -2.716 -2.966 -3.122 -3.417 -3.488 -3.861 -3.883 -4.139
0.0001957 -1.90000 10.00000 0.8466449380 2.4340093975    0.791  3.205  3.6450  0.662    7  0.000  0.426    39.38    24.20    16.07    12.70    10.31  1    -1e-30      0.00 7.500e-01 2.498e-01 2.608e-05 1.925e-05 8.156e-05 -1.000 1.969e-04 -3.243 1.056 4.715 3.232 0.769 0.030 -0.550 -0.992 -1.551 -2.558 -2.737 -2.989 -3.146 -3.442 -3.514 -3.889 -3.911 -4.169
0.0001957 -1.90000 10.00000 0.8466452360 2.4340094889    0.791  3.225  3.6435  0.637    7  0.000  0.426    41.58    25.35    16.80    13.29    10.79  1    -1e-30      0.00 7.499e-01 2.499e-01 2.602e-05 1.945e-05 8.141e-05 -1.000 1.968e-04 -3.293 1.015 4.749 3.277 0.783 0.040 -0.550 -1.001 -1.570 -2.592 -2.773 -3.028 -3.186 -3.486 -3.558 -3.937 -3.959 -4.219
0.0001957 -1.90000 10.00000 0.8466458321 2.4340096719    0.791  3.270  3.6402  0.579    7  0.000  0.425    46.97    28.13    18.56    14.69    11.93  1    -1e-30      0.00 7.496e-01 2.502e-01 2.586e-05 1.999e-05 8.103e-05 -1.000 1.969e-04 -3.404 0.925 4.822 3.379 0.814 0.063 -0.548 -1.019 -1.611 -2.666 -2.851 -3.114 -3.276 -3.582 -3.657 -4.043 -4.066 -4.332
0.0001957 -1.90000 10.00000 0.8466464281 2.4340098549    0.791  3.310  3.6335  0.512    8  0.525  0.441    54.18    31.77    20.84    16.54    13.43  1 -4.74e-07      0.00 7.494e-01 2.504e-01 2.692e-05 2.050e-05 8.140e-05 -1.000 1.554e-04 -3.505 0.865 5.001 3.646 0.957 0.192 -0.441 -0.946 -1.577 -2.689 -2.883 -3.160 -3.327 -3.647 -3.726 -4.127 -4.151 -4.428
0.0001957 -1.90000 10.00000 0.8466464877 2.4340098732    0.788  3.102  3.6490  0.780    8  0.526  0.441    30.66    19.54    13.10    10.32     8.38  1 -2.06e-07      0.00 7.494e-01 2.504e-01 2.692e-05 2.050e-05 8.140e-05 -1.000 1.554e-04 -2.986 1.284 4.691 3.176 0.812 0.085 -0.453 -0.863 -1.391 -2.350 -2.522 -2.763 -2.915 -3.201 -3.271 -3.635 -3.657 -3.907
0.0001957 -1.90000 10.00000 0.8466466069 2.4340099098    0.786  2.954  3.6599  0.971    8  0.526  0.441    20.44    13.83     9.42     7.38     5.98  2  -1.2e-07      0.00 7.494e-01 2.504e-01 2.692e-05 2.050e-05 8.140e-05 -1.000 1.554e-04 -2.614 1.585 4.363 2.789 0.671 -0.026 -0.459 -0.793 -1.243 -2.089 -2.245 -2.461 -2.603 -2.866 -2.929 -3.270 -3.289 -3.522
0.0001957 -1.90000 10.00000 0.8466468453 2.4340099830    0.780  2.740  3.6755  1.244    8  0.526  0.441    11.44     8.43     5.87     4.57     3.70  3 -6.01e-08      0.00 7.494e-01 2.504e-01 2.692e-05 2.050e-05 8.140e-05 -1.000 1.555e-04 -2.081 1.998 3.920 2.073 0.337 -0.300 -0.474 -0.665 -0.997 -1.670 -1.802 -1.988 -2.112 -2.348 -2.405 -2.718 -2.736 -2.948
0.0001957 -1.90000 10.00000 0.8466472030 2.4340100928    0.772  2.746  3.6749  1.231    8  0.526  0.441    11.71     8.60     5.98     4.66     3.77  3 -6.17e-08      0.00 7.494e-01 2.504e-01 2.692e-05 2.050e-05 8.140e-05 -1.000 1.554e-04 -2.094 1.990 3.945 2.107 0.356 -0.284 -0.468 -0.665 -1.000 -1.680 -1.813 -1.999 -2.124 -2.361 -2.419 -2.732 -2.750 -2.963
0.0001957 -1.90000 10.00000 0.8466476202 2.4340102208    0.762  2.830  3.6683  1.116    8  0.526  0.441    14.91    10.57     7.28     5.69     4.61  2 -8.16e-08      0.00 7.494e-01 2.504e-01 2.692e-05 2.050e-05 8.140e-05 -1.000 1.554e-04 -2.304 1.830 4.129 2.393 0.485 -0.182 -0.472 -0.723 -1.103 -1.848 -1.990 -2.188 -2.319 -2.566 -2.626 -2.951 -2.969 -3.190
0.0001957 -1.90000 10.00000 0.8466480970 2.4340103672    0.749  3.009  3.6546  0.874    8  0.527  0.441    24.81    16.28    11.00     8.65     7.02  1 -1.55e-07      0.00 7.494e-01 2.504e-01 2.692e-05 2.050e-05 8.140e-05 -1.000 1.555e-04 -2.753 1.483 4.571 3.049 0.807 0.095 -0.399 -0.775 -1.266 -2.173 -2.337 -2.566 -2.714 -2.988 -3.055 -3.407 -3.427 -3.668
0.0001957 -1.90000 10.00000 0.8466486931 2.4340105502    0.735  3.171  3.6422  0.654    8  0.527  0.441    39.42    24.11    15.99    12.67    10.28  1 -2.95e-07      0.00 7.494e-01 2.504e-01 2.692e-05 2.050e-05 8.140e-05 -1.000 1.555e-04 -3.157 1.157 4.924 3.450 0.940 0.195 -0.397 -0.851 -1.422 -2.447 -2.629 -2.885 -3.044 -3.344 -3.418 -3.797 -3.820 -4.081
0.0001957 -1.90000 10.00000 0.8466493487 2.4340107515    0.720  3.279  3.6337  0.503    8  0.527  0.441    54.20    31.52    20.65    16.43    13.34  1 -4.76e-07      0.00 7.494e-01 2.504e-01 2.692e-05 2.050e-05 8.140e-05 -1.000 1.555e-04 -3.427 0.942 5.079 3.726 1.037 0.273 -0.362 -0.868 -1.498 -2.612 -2.806 -3.084 -3.251 -3.571 -3.649 -4.050 -4.075 -4.352
0.0001957 -1.90000 10.00000 0.8466501236 2.4340109893    0.702  3.338  3.6287  0.413    8  0.528  0.441    65.35    36.85    23.95    19.13    15.53  1 -6.38e-07      0.00 7.494e-01 2.504e-01 2.692e-05 2.050e-05 8.140e-05 -1.000 1.554e-04 -3.575 0.828 5.154 3.894 1.094 0.319 -0.317 -0.850 -1.517 -2.689 -2.889 -3.183 -3.355 -3.689 -3.771 -4.187 -4.212 -4.500
0.0001957 -1.90000 10.00000 0.8466509581 2.4340112455    0.683  3.368  3.6259  0.361    8  0.528  0.441    72.76    40.23    26.03    20.83    16.92  1 -7.58e-07      0.00 7.494e-01 2.504e-01 2.692e-05 2.050e-05 8.140e-05 -1.000 1.555e-04 -3.649 0.774 5.187 3.996 1.132 0.353 -0.277 -0.824 -1.512 -2.717 -2.922 -3.226 -3.400 -3.743 -3.828 -4.252 -4.278 -4.572
0.0001957 -1.90000 10.00000 0.8466519117 2.4340115383    0.663  3.385  3.6240  0.323    8  0.529  0.441    78.55    42.77    27.58    22.12    17.96  1 -8.58e-07      0.00 7.494e-01 2.504e-01 2.692e-05 2.050e-05 8.140e-05 -1.000 1.555e-04 -3.692 0.746 5.217 4.076 1.167 0.384 -0.238 -0.796 -1.498 -2.728 -2.936 -3.246 -3.423 -3.772 -3.858 -4.289 -4.316 -4.614
0.0001957 -1.90000 10.00000 0.8466565013 2.4340129472    0.531 -9.999  4.0000  1.848    9  0.532  0.000     0.00     0.00     0.00     0.00     0.00 -1    -1e-30      0.00 7.494e-01 2.504e-01 2.692e-05 2.050e-05 8.140e-05 -1.000 1.555e-04 29.767 29.892 29.849 29.814 29.845 29.910 29.967 30.076 30.061 30.104 30.106 30.101 30.099 30.097 30.099 30.089 30.088 30.060
