 Zini     MH   logAge Mini        int_IMF         Mass   logL    logTe  logg  label   McoreTP C_O  period0  period1  period2  period3  period4  pmode  Mloss  tau1m   X   Y   Xc  Xn  Xo  Cexcess  Z 	 mbolmag  F170Wmag  F218Wmag  F255Wmag  F300Wmag  F336Wmag  F380Wmag  F439Wmag  F450Wmag  F555Wmag  F569Wmag  F606Wmag  F622Wmag  F675Wmag  F702Wmag  F791Wmag  F814Wmag  F850LPmag
0.0015467 -1.00000 9.70000 0.0900000036 1.0816895926    0.090 -3.242  3.4432  5.359    1  0.000  0.545     0.00     0.00     0.00     0.00     0.00 -1 -5.02e-17      0.00 7.462e-01 2.522e-01 2.929e-04 7.903e-05 7.168e-04 -1.000 1.629e-03 12.875 17.895 22.830 23.530 19.511 19.243 20.274 19.113 18.065 16.518 16.302 15.687 15.526 14.619 13.947 12.655 12.558 11.819
0.0015467 -1.00000 9.70000 0.0987188071 1.1603141600    0.099 -3.033  3.4728  5.308    1  0.000  0.545     0.00     0.00     0.00     0.00     0.00 -1 -8.24e-17      0.00 7.458e-01 2.526e-01 2.929e-04 7.903e-05 7.168e-04 -1.000 1.629e-03 12.351 17.239 22.180 22.659 18.643 18.109 18.528 17.513 16.673 15.160 14.945 14.441 14.265 13.562 13.072 11.981 11.910 11.293
0.0015467 -1.00000 9.70000 0.1000000015 1.1711064122    0.100 -3.003  3.4770  5.301    1  0.000  0.545     0.00     0.00     0.00     0.00     0.00 -1 -8.83e-17      0.00 7.457e-01 2.527e-01 2.929e-04 7.903e-05 7.168e-04 -1.000 1.629e-03 12.278 17.147 22.088 22.521 18.514 17.949 18.296 17.302 16.487 14.979 14.765 14.276 14.097 13.421 12.953 11.890 11.822 11.221
0.0015467 -1.00000 9.70000 0.1136556864 1.2760048902    0.114 -2.806  3.5003  5.253    1  0.000  0.545     0.00     0.00     0.00     0.00     0.00 -1 -1.38e-16      0.00 7.451e-01 2.532e-01 2.929e-04 7.903e-05 7.168e-04 -1.000 1.629e-03 11.785 16.546 21.470 21.551 17.658 16.945 16.944 16.087 15.394 13.934 13.720 13.304 13.112 12.572 12.219 11.312 11.257 10.740
0.0015467 -1.00000 9.70000 0.1200000048 1.3193154741    0.120 -2.722  3.5103  5.232    1  0.000  0.545     0.00     0.00     0.00     0.00     0.00 -1 -1.67e-16      0.00 7.449e-01 2.535e-01 2.929e-04 7.903e-05 7.168e-04 -1.000 1.629e-03 11.575 16.292 21.197 21.087 17.275 16.517 16.406 15.606 14.956 13.528 13.316 12.921 12.726 12.229 11.918 11.074 11.023 10.538
0.0015467 -1.00000 9.70000 0.1400000006 1.4384526719    0.140 -2.539  3.5280  5.186    1  0.000  0.545     0.00     0.00     0.00     0.00     0.00 -1 -2.48e-16      0.00 7.442e-01 2.542e-01 2.929e-04 7.903e-05 7.168e-04 -1.000 1.629e-03 11.116 15.754 20.605 20.116 16.483 15.670 15.412 14.708 14.126 12.771 12.564 12.195 11.998 11.559 11.312 10.572 10.528 10.091
0.0015467 -1.00000 9.70000 0.1599999964 1.5372931554    0.160 -2.400  3.5393  5.151    1  0.000  0.545     0.00     0.00     0.00     0.00     0.00 -1 -3.32e-16      0.00 7.436e-01 2.548e-01 2.929e-04 7.903e-05 7.168e-04 -1.000 1.629e-03 10.771 15.361 20.160 19.431 15.920 15.086 14.765 14.115 13.573 12.269 12.067 11.709 11.513 11.100 10.886 10.205 10.164 9.754
0.0015467 -1.00000 9.70000 0.2000000179 1.6938791367    0.200 -2.189  3.5541  5.096    1  0.000  0.545     0.00     0.00     0.00     0.00     0.00 -1 -5.15e-16      0.00 7.427e-01 2.557e-01 2.929e-04 7.903e-05 7.168e-04 -1.000 1.629e-03 10.243 14.773 19.480 18.445 15.103 14.254 13.879 13.292 12.795 11.563 11.367 11.021 10.827 10.439 10.264 9.654 9.616 9.237
0.0015467 -1.00000 9.70000 0.2500000000 1.8403257998    0.250 -1.988  3.5658  5.039    1  0.000  0.545     0.00     0.00     0.00     0.00     0.00 -1  -7.8e-16      0.00 7.421e-01 2.563e-01 2.929e-04 7.903e-05 7.168e-04 -1.000 1.629e-03 9.740 14.226 18.834 17.561 14.373 13.520 13.119 12.577 12.111 10.936 10.744 10.406 10.215 9.843 9.695 9.138 9.103 8.747
0.0015467 -1.00000 9.70000 0.3000000417 1.9529140366    0.300 -1.827  3.5746  4.992    1  0.000  0.545     0.00     0.00     0.00     0.00     0.00 -1 -1.09e-15      0.00 7.419e-01 2.564e-01 2.929e-04 7.904e-05 7.168e-04 -1.000 1.629e-03 9.337 13.791 18.317 16.892 13.803 12.949 12.541 12.028 11.581 10.449 10.261 9.930 9.741 9.379 9.249 8.726 8.694 8.352
0.0015467 -1.00000 9.70000 0.3499999940 2.0434174644    0.350 -1.687  3.5817  4.948    1  0.000  0.545     0.00     0.00     0.00     0.00     0.00 -1 -1.47e-15      0.00 7.468e-01 2.516e-01 2.929e-04 7.903e-05 7.168e-04 -1.000 1.629e-03 8.987 13.416 17.873 16.345 13.321 12.467 12.061 11.568 11.136 10.036 9.853 9.528 9.341 8.988 8.868 8.370 8.338 8.008
0.0015467 -1.00000 9.70000 0.4000000060 2.1185024399    0.400 -1.539  3.5926  4.901    1  0.000  0.545     0.00     0.00     0.00     0.00     0.00 -1 -2.03e-15      0.00 7.470e-01 2.514e-01 2.929e-04 7.903e-05 7.168e-04 -1.000 1.629e-03 8.618 13.011 17.331 15.644 12.745 11.896 11.506 11.042 10.628 9.580 9.402 9.088 8.905 8.565 8.459 7.993 7.964 7.649
0.0015467 -1.00000 9.70000 0.4499999881 2.1822809009    0.450 -1.369  3.6081  4.844    1  0.000  0.545     0.00     0.00     0.00     0.00     0.00 -1 -3.03e-15      0.00 7.470e-01 2.514e-01 2.929e-04 7.903e-05 7.168e-04 -1.000 1.629e-03 8.192 12.536 16.705 14.843 12.028 11.182 10.832 10.401 10.015 9.039 8.872 8.577 8.400 8.080 7.987 7.557 7.530 7.237
0.0015467 -1.00000 9.70000 0.5000000000 2.2374541529    0.500 -1.180  3.6319  4.796    1  0.000  0.545     0.00     0.00     0.00     0.00     0.00 -1  -4.7e-15      0.00 7.470e-01 2.514e-01 2.929e-04 7.903e-05 7.168e-04 -1.000 1.629e-03 7.720 11.987 15.750 13.693 11.098 10.268 10.015 9.620 9.273 8.405 8.254 7.991 7.824 7.536 7.459 7.077 7.054 6.792
0.0015467 -1.00000 9.70000 0.5028951168 2.2404188593    0.503 -1.168  3.6337  4.794    1  0.000  0.545     0.00     0.00     0.00     0.00     0.00 -1 -4.83e-15      0.00 7.479e-01 2.505e-01 2.920e-04 7.878e-05 7.145e-04 -1.000 1.623e-03 7.690 11.951 15.673 13.606 11.030 10.202 9.959 9.566 9.222 8.362 8.212 7.952 7.787 7.501 7.425 7.047 7.024 6.764
0.0015467 -1.00000 9.70000 0.5500000715 2.2836583126    0.550 -0.980  3.6625  4.760    1  0.000  0.545     0.00     0.00     0.00     0.00     0.00 -1  -7.4e-15      0.00 7.618e-01 2.366e-01 2.770e-04 7.474e-05 6.780e-04 -1.000 1.521e-03 7.219 11.368 14.562 12.278 9.931 9.135 9.064 8.729 8.431 7.702 7.573 7.353 7.204 6.959 6.896 6.570 6.551 6.329
0.0015467 -1.00000 9.70000 0.6000000238 2.3211213258    0.600 -0.796  3.6902  4.725    1  0.000  0.544     0.00     0.00     0.00     0.00     0.00 -1 -1.12e-14      0.00 7.652e-01 2.333e-01 2.737e-04 7.388e-05 6.703e-04 -1.000 1.530e-03 6.761 10.776 12.948 10.711 8.835 8.131 8.220 7.980 7.713 7.093 6.979 6.795 6.665 6.449 6.397 6.109 6.094 5.905
0.0015467 -1.00000 9.70000 0.6075068712 2.3261370240    0.607 -0.769  3.6945  4.721    1  0.000  0.544     0.00     0.00     0.00     0.00     0.00 -1  -1.2e-14      0.00 7.657e-01 2.327e-01 2.731e-04 7.372e-05 6.689e-04 -1.000 1.534e-03 6.693 10.684 12.656 10.482 8.676 7.990 8.101 7.876 7.613 7.007 6.894 6.715 6.588 6.376 6.324 6.042 6.027 5.842
0.0015467 -1.00000 9.70000 0.6499999762 2.3520353107    0.650 -0.619  3.7184  4.695    1  0.000  0.544     0.00     0.00     0.00     0.00     0.00 -1 -1.68e-14      0.00 7.691e-01 2.294e-01 2.697e-04 7.280e-05 6.606e-04 -1.000 1.484e-03 6.316 10.156 11.020 9.288 7.834 7.239 7.463 7.319 7.080 6.547 6.443 6.287 6.175 5.981 5.935 5.679 5.667 5.506
0.0015467 -1.00000 9.70000 0.6723182201 2.3641396897    0.672 -0.542  3.7302  4.680    1  0.000  0.544     0.00     0.00     0.00     0.00     0.00 -1 -2.01e-14      0.00 7.713e-01 2.272e-01 2.676e-04 7.224e-05 6.556e-04 -1.000 1.535e-03 6.124 9.870 10.268 8.751 7.440 6.887 7.157 7.049 6.823 6.324 6.223 6.077 5.971 5.786 5.743 5.498 5.487 5.337
0.0015467 -1.00000 9.70000 0.6959348917 2.3759809595    0.696 -0.462  3.7423  4.663    1  0.000  0.544     0.00     0.00     0.00     0.00     0.00 -1 -2.42e-14      0.00 7.737e-01 2.248e-01 2.652e-04 7.161e-05 6.500e-04 -1.000 1.502e-03 5.924 9.554 9.557 8.232 7.057 6.545 6.855 6.779 6.567 6.099 6.002 5.865 5.764 5.588 5.547 5.314 5.304 5.165
0.0015467 -1.00000 9.70000 0.6999999881 2.3779266974    0.700 -0.448  3.7443  4.660    1  0.000  0.544     0.00     0.00     0.00     0.00     0.00 -1  -2.5e-14      0.00 7.742e-01 2.244e-01 2.648e-04 7.150e-05 6.489e-04 -1.000 1.489e-03 5.890 9.497 9.434 8.142 6.994 6.489 6.805 6.734 6.524 6.061 5.965 5.830 5.730 5.555 5.515 5.283 5.274 5.137
0.0015467 -1.00000 9.70000 0.7060317993 2.3807663666    0.706 -0.428  3.7473  4.656    1  0.000  0.543     0.00     0.00     0.00     0.00     0.00 -1 -2.62e-14      0.00 7.749e-01 2.236e-01 2.636e-04 7.130e-05 6.472e-04 -1.000 1.466e-03 5.840 9.412 9.256 8.012 6.901 6.408 6.731 6.667 6.461 6.006 5.911 5.778 5.679 5.506 5.467 5.238 5.229 5.095
0.0015467 -1.00000 9.70000 0.7305956483 2.3917757804    0.731 -0.347  3.7591  4.637    1  0.000  0.539     0.00     0.00     0.00     0.00     0.00 -1 -3.17e-14      0.00 7.781e-01 2.204e-01 2.588e-04 7.043e-05 6.400e-04 -1.000 1.460e-03 5.638 9.053 8.577 7.506 6.534 6.085 6.438 6.401 6.209 5.785 5.694 5.570 5.477 5.313 5.276 5.059 5.051 4.927
0.0015467 -1.00000 9.70000 0.7500000000 2.3998889087    0.750 -0.284  3.7680  4.621    1  0.000  0.536     0.00     0.00     0.00     0.00     0.00 -1 -3.69e-14      0.00 7.809e-01 2.177e-01 2.549e-04 6.970e-05 6.337e-04 -1.000 1.395e-03 5.479 8.749 8.100 7.138 6.263 5.848 6.218 6.198 6.016 5.617 5.530 5.411 5.322 5.165 5.130 4.921 4.914 4.798
0.0015467 -1.00000 9.70000 0.7534571290 2.4012840166    0.753 -0.272  3.7693  4.617    1  0.000  0.536     0.00     0.00     0.00     0.00     0.00 -1 -3.79e-14      0.00 7.817e-01 2.169e-01 2.542e-04 6.951e-05 6.320e-04 -1.000 1.387e-03 5.451 8.699 8.027 7.081 6.220 5.809 6.181 6.164 5.984 5.587 5.501 5.383 5.295 5.139 5.103 4.897 4.889 4.774
0.0015467 -1.00000 9.70000 0.7777513862 2.4106869136    0.777 -0.194  3.7780  4.587    1  0.000  0.536     0.00     0.00     0.00     0.00     0.00 -1 -4.63e-14      0.00 7.875e-01 2.111e-01 2.487e-04 6.804e-05 6.188e-04 -1.000 1.402e-03 5.254 8.339 7.545 6.693 5.919 5.540 5.927 5.925 5.756 5.383 5.300 5.189 5.104 4.954 4.921 4.722 4.716 4.608
0.0015467 -1.00000 9.70000 0.7996212840 2.4185919189    0.799 -0.123  3.7855  4.558    1  0.000  0.535     0.00     0.00     0.00     0.00     0.00 -1 -5.55e-14      0.00 7.935e-01 2.051e-01 2.432e-04 6.654e-05 6.054e-04 -1.000 1.391e-03 5.078 8.015 7.155 6.374 5.668 5.315 5.707 5.714 5.554 5.201 5.121 5.015 4.933 4.789 4.757 4.566 4.560 4.458
0.0015467 -1.00000 9.70000 0.8000000119 2.4187244405    0.800 -0.122  3.7857  4.557    1  0.000  0.535     0.00     0.00     0.00     0.00     0.00 -1 -5.57e-14      0.00 7.936e-01 2.050e-01 2.431e-04 6.651e-05 6.052e-04 -1.000 1.390e-03 5.075 8.009 7.148 6.369 5.664 5.311 5.704 5.710 5.551 5.198 5.118 5.012 4.930 4.786 4.754 4.563 4.557 4.456
0.0015467 -1.00000 9.70000 0.8136082888 2.4233921653    0.813 -0.078  3.7899  4.538    1  0.000  0.535     0.00     0.00     0.00     0.00     0.00 -1 -6.25e-14      0.00 7.976e-01 2.011e-01 2.391e-04 6.544e-05 5.957e-04 -1.000 1.351e-03 4.965 7.812 6.924 6.183 5.514 5.177 5.570 5.581 5.427 5.085 5.007 4.904 4.824 4.683 4.652 4.465 4.459 4.361
0.0015467 -1.00000 9.70000 0.8372223973 2.4310793421    0.837 -0.001  3.7971  4.502    1  0.000  0.534     0.00     0.00     0.00     0.00     0.00 -1 -7.66e-14      0.00 8.045e-01 1.942e-01 2.320e-04 6.354e-05 5.787e-04 -1.000 1.306e-03 4.773 7.472 6.557 5.874 5.264 4.950 5.342 5.359 5.213 4.889 4.814 4.715 4.639 4.503 4.473 4.293 4.288 4.196
0.0015467 -1.00000 9.70000 0.8500000238 2.4350346840    0.849  0.041  3.8008  4.482    1  0.000  0.534     0.00     0.00     0.00     0.00     0.00 -1 -8.56e-14      0.00 8.082e-01 1.905e-01 2.282e-04 6.254e-05 5.698e-04 -1.000 1.300e-03 4.668 7.291 6.367 5.713 5.131 4.830 5.219 5.238 5.097 4.782 4.708 4.612 4.537 4.405 4.375 4.199 4.194 4.105
0.0015467 -1.00000 9.70000 0.8627530336 2.4388483613    0.862  0.082  3.8046  4.462    1  0.000  0.534     0.00     0.00     0.00     0.00     0.00 -1 -9.57e-14      0.00 8.092e-01 1.895e-01 2.280e-04 6.253e-05 5.698e-04 -1.000 1.298e-03 4.564 7.111 6.186 5.559 5.004 4.715 5.098 5.118 4.981 4.675 4.603 4.510 4.436 4.307 4.278 4.105 4.101 4.015
0.0015467 -1.00000 9.70000 0.8821722865 2.4444126869    0.881  0.147  3.8102  4.429    1  0.000  0.533     0.00     0.00     0.00     0.00     0.00 -1 -1.14e-13      0.00 8.103e-01 1.884e-01 2.283e-04 6.265e-05 5.712e-04 -1.000 1.287e-03 4.403 6.839 5.914 5.326 4.810 4.538 4.911 4.933 4.802 4.510 4.440 4.350 4.279 4.154 4.127 3.959 3.955 3.874
0.0015467 -1.00000 9.70000 0.8998137116 2.4492289074    0.899  0.207  3.8151  4.397    1  0.000  0.533     0.00     0.00     0.00     0.00     0.00 -1 -1.34e-13      0.00 8.110e-01 1.877e-01 2.290e-04 6.286e-05 5.733e-04 -1.000 1.303e-03 4.253 6.602 5.684 5.125 4.639 4.381 4.741 4.762 4.637 4.356 4.288 4.202 4.133 4.012 3.985 3.823 3.819 3.742
0.0015467 -1.00000 9.70000 0.8999999762 2.4492786016    0.899  0.207  3.8152  4.397    1  0.000  0.533     0.00     0.00     0.00     0.00     0.00 -1 -1.35e-13      0.00 8.110e-01 1.877e-01 2.290e-04 6.286e-05 5.734e-04 -1.000 1.303e-03 4.252 6.599 5.682 5.123 4.637 4.379 4.739 4.760 4.636 4.354 4.287 4.200 4.131 4.010 3.983 3.821 3.818 3.740
0.0015467 -1.00000 9.70000 0.9148988724 2.4531782842    0.914  0.259  3.8196  4.370    1  0.000  0.532     0.00     0.00     0.00     0.00     0.00 -1 -1.55e-13      0.00 8.110e-01 1.877e-01 2.293e-04 6.296e-05 5.744e-04 -1.000 1.320e-03 4.122 6.397 5.486 4.951 4.489 4.242 4.592 4.613 4.492 4.221 4.155 4.071 4.004 3.886 3.860 3.703 3.699 3.625
0.0015467 -1.00000 9.70000 0.9285988808 2.4566374540    0.928  0.308  3.8235  4.343    1  0.000  0.532     0.00     0.00     0.00     0.00     0.00 -1 -1.78e-13      0.00 8.109e-01 1.878e-01 2.297e-04 6.307e-05 5.754e-04 -1.000 1.297e-03 3.999 6.210 5.309 4.793 4.352 4.116 4.453 4.473 4.357 4.094 4.029 3.948 3.883 3.768 3.743 3.589 3.586 3.516
0.0015467 -1.00000 9.70000 0.9412735701 2.4597348285    0.940  0.355  3.8271  4.316    1  0.000  0.532     0.00     0.00     0.00     0.00     0.00 -1 -2.03e-13      0.00 8.108e-01 1.879e-01 2.302e-04 6.320e-05 5.767e-04 -1.000 1.294e-03 3.882 6.037 5.143 4.646 4.223 3.996 4.322 4.341 4.228 3.973 3.910 3.831 3.767 3.656 3.631 3.481 3.478 3.411
0.0015467 -1.00000 9.70000 0.9499999881 2.4618121868    0.949  0.388  3.8295  4.297    1  0.000  0.532     0.00     0.00     0.00     0.00     0.00 -1 -2.23e-13      0.00 8.106e-01 1.881e-01 2.305e-04 6.330e-05 5.776e-04 -1.000 1.303e-03 3.800 5.918 5.030 4.545 4.134 3.913 4.230 4.249 4.139 3.888 3.826 3.749 3.686 3.577 3.553 3.405 3.402 3.336
0.0015467 -1.00000 9.70000 0.9596088529 2.4640494267    0.959  0.424  3.8323  4.277    1  0.000  0.532     0.00     0.00     0.00     0.00     0.00 -1 -2.46e-13      0.00 8.105e-01 1.882e-01 2.306e-04 6.332e-05 5.778e-04 -1.000 1.316e-03 3.710 5.788 4.908 4.436 4.039 3.824 4.130 4.148 4.040 3.795 3.734 3.659 3.597 3.490 3.467 3.322 3.320 3.256
0.0015467 -1.00000 9.70000 0.9730308056 2.4670895687    0.972  0.475  3.8357  4.246    1  0.000  0.532     0.00     0.00     0.00     0.00     0.00 -1 -2.85e-13      0.00 8.103e-01 1.884e-01 2.308e-04 6.338e-05 5.783e-04 -1.000 1.321e-03 3.583 5.613 4.745 4.288 3.907 3.700 3.990 4.006 3.902 3.663 3.604 3.532 3.471 3.367 3.344 3.204 3.201 3.140
0.0015467 -1.00000 9.70000 0.9843201041 2.4695729646    0.983  0.519  3.8383  4.217    1  0.000  0.532     0.00     0.00     0.00     0.00     0.00 -1 -3.25e-13      0.00 8.098e-01 1.889e-01 2.312e-04 6.350e-05 5.793e-04 -1.000 1.304e-03 3.471 5.468 4.608 4.163 3.793 3.593 3.869 3.883 3.781 3.548 3.490 3.419 3.360 3.259 3.236 3.098 3.096 3.037
0.0015467 -1.00000 9.70000 0.9935739040 2.4715602668    0.993  0.558  3.8402  4.189    1  0.000  0.532     0.00     0.00     0.00     0.00     0.00 -1 -3.65e-13      0.00 8.087e-01 1.900e-01 2.323e-04 6.377e-05 5.818e-04 -1.000 1.323e-03 3.374 5.346 4.492 4.057 3.695 3.499 3.764 3.776 3.676 3.447 3.390 3.321 3.263 3.163 3.141 3.005 3.003 2.945
0.0015467 -1.00000 9.70000 1.0000000000 2.4729154477    0.999  0.587  3.8413  4.168    1  0.000  0.532     0.00     0.00     0.00     0.00     0.00 -1 -3.98e-13      0.00 8.075e-01 1.912e-01 2.334e-04 6.408e-05 5.845e-04 -1.000 1.304e-03 3.303 5.261 4.413 3.982 3.625 3.431 3.688 3.699 3.600 3.374 3.318 3.249 3.191 3.093 3.071 2.937 2.935 2.878
0.0015467 -1.00000 9.70000 1.0000951290 2.4729353588    0.999  0.587  3.8413  4.168    1  0.000  0.532     0.00     0.00     0.00     0.00     0.00 -1 -3.99e-13      0.00 8.075e-01 1.912e-01 2.334e-04 6.408e-05 5.846e-04 -1.000 1.304e-03 3.302 5.260 4.411 3.981 3.624 3.430 3.687 3.698 3.599 3.373 3.317 3.248 3.190 3.092 3.070 2.936 2.934 2.877
0.0015467 -1.00000 9.70000 1.0054636002 2.4740519955    1.005  0.612  3.8424  4.150    1  0.000  0.533     0.00     0.00     0.00     0.00     0.00 -1 -4.26e-13      0.00 8.066e-01 1.921e-01 2.343e-04 6.431e-05 5.866e-04 -1.000 1.315e-03 3.241 5.185 4.341 3.916 3.563 3.373 3.621 3.631 3.534 3.310 3.254 3.187 3.130 3.032 3.010 2.878 2.875 2.819
0.0015467 -1.00000 9.70000 1.0101929903 2.4750244042    1.009  0.635  3.8428  4.130    1  0.000  0.533     0.00     0.00     0.00     0.00     0.00 -1 -4.55e-13      0.00 8.057e-01 1.929e-01 2.351e-04 6.452e-05 5.884e-04 -1.000 1.324e-03 3.182 5.123 4.282 3.859 3.508 3.318 3.561 3.570 3.473 3.251 3.195 3.128 3.071 2.974 2.952 2.820 2.818 2.762
0.0015467 -1.00000 9.70000 1.0177296400 2.4765525558    1.017  0.673  3.8429  4.095    1  0.000  0.533     0.00     0.00     0.00     0.00     0.00 -1 -5.09e-13      0.00 8.044e-01 1.942e-01 2.363e-04 6.484e-05 5.913e-04 -1.000 1.339e-03 3.086 5.029 4.191 3.769 3.418 3.229 3.463 3.471 3.374 3.153 3.097 3.030 2.974 2.877 2.855 2.724 2.722 2.666
0.0015467 -1.00000 9.70000 1.0249987841 2.4780020100    1.024  0.713  3.8417  4.054    1  0.000  0.533     0.00     0.00     0.00     0.00     0.00 -1 -5.76e-13      0.00 8.032e-01 1.955e-01 2.374e-04 6.515e-05 5.940e-04 -1.000 1.354e-03 2.988 4.950 4.111 3.686 3.330 3.138 3.365 3.373 3.276 3.053 2.997 2.930 2.873 2.776 2.754 2.622 2.619 2.562
0.0015467 -1.00000 9.70000 1.0297949314 2.4789454783    1.028  0.740  3.8399  4.021    1  0.000  0.533     0.00     0.00     0.00     0.00     0.00 -1 -6.32e-13      0.00 8.024e-01 1.963e-01 2.382e-04 6.535e-05 5.958e-04 -1.000 1.364e-03 2.919 4.907 4.067 3.635 3.271 3.076 3.300 3.307 3.209 2.984 2.928 2.859 2.802 2.703 2.681 2.547 2.545 2.487
0.0015467 -1.00000 9.70000 1.0315041542 2.4792792684    1.030  0.751  3.8387  4.007    1  0.000  0.533     0.00     0.00     0.00     0.00     0.00 -1 -6.58e-13      0.00 8.021e-01 1.965e-01 2.384e-04 6.542e-05 5.965e-04 -1.000 1.367e-03 2.892 4.899 4.056 3.620 3.251 3.053 3.277 3.284 3.185 2.958 2.901 2.832 2.774 2.674 2.653 2.517 2.515 2.456
0.0015467 -1.00000 9.70000 1.0374529362 2.4804311369    1.036  0.789  3.8332  3.949    2  0.000  0.533     0.00     0.00     0.00     0.00     0.00 -1 -7.57e-13      0.00 8.011e-01 1.975e-01 2.394e-04 6.567e-05 5.987e-04 -1.000 1.379e-03 2.797 4.889 4.036 3.576 3.182 2.971 3.197 3.204 3.101 2.865 2.806 2.734 2.674 2.570 2.547 2.407 2.404 2.340
0.0015467 -1.00000 9.70000 1.0419785976 2.4812973220    1.040  0.821  3.8258  3.889    2  0.000  0.533     0.00     0.00     0.00     0.00     0.00 -1 -8.65e-13      0.00 8.003e-01 1.983e-01 2.401e-04 6.586e-05 6.004e-04 -1.000 1.388e-03 2.717 4.929 4.064 3.570 3.138 2.910 3.141 3.148 3.039 2.790 2.729 2.652 2.589 2.479 2.455 2.308 2.304 2.235
0.0015467 -1.00000 9.70000 1.0453684330 2.4819404702    1.044  0.846  3.8173  3.832    2  0.000  0.533     0.00     0.00     0.00     0.00     0.00 -1 -9.73e-13      0.00 7.998e-01 1.989e-01 2.406e-04 6.600e-05 6.016e-04 -1.000 1.394e-03 2.655 5.006 4.131 3.595 3.119 2.871 3.109 3.116 2.999 2.734 2.669 2.587 2.521 2.405 2.380 2.224 2.220 2.143
0.0015467 -1.00000 9.70000 1.0479520559 2.4824274451    1.046  0.865  3.8078  3.776    2  0.000  0.533     0.00     0.00     0.00     0.00     0.00 -1 -1.08e-12      0.00 7.992e-01 1.994e-01 2.411e-04 6.615e-05 6.029e-04 -1.000 1.399e-03 2.608 5.122 4.239 3.650 3.121 2.850 3.100 3.106 2.980 2.696 2.627 2.539 2.469 2.346 2.319 2.153 2.149 2.065
0.0015467 -1.00000 9.70000 1.0499576330 2.4828035673    1.048  0.877  3.7978  3.724    2  0.000  0.533     0.00     0.00     0.00     0.00     0.00 -1 -1.18e-12      0.00 7.975e-01 2.011e-01 2.430e-04 6.665e-05 6.074e-04 -1.000 1.408e-03 2.577 5.271 4.393 3.737 3.148 2.849 3.114 3.118 2.982 2.675 2.602 2.507 2.433 2.302 2.273 2.097 2.092 2.000
0.0015467 -1.00000 9.70000 1.0499999523 2.4828114860    1.048  0.877  3.7976  3.723    2  0.000  0.533     0.00     0.00     0.00     0.00     0.00 -1 -1.18e-12      0.00 7.974e-01 2.012e-01 2.431e-04 6.667e-05 6.076e-04 -1.000 1.408e-03 2.576 5.275 4.398 3.740 3.149 2.850 3.115 3.118 2.982 2.674 2.602 2.507 2.432 2.301 2.272 2.096 2.091 1.999
0.0015467 -1.00000 9.70000 1.0506753922 2.4829377733    1.049  0.881  3.7935  3.704    2  0.000  0.533     0.00     0.00     0.00     0.00     0.00 -1 -1.21e-12      0.00 7.962e-01 2.024e-01 2.445e-04 6.705e-05 6.110e-04 -1.000 1.413e-03 2.568 5.338 4.470 3.784 3.166 2.856 3.126 3.128 2.988 2.670 2.596 2.498 2.422 2.288 2.258 2.079 2.073 1.978
0.0015467 -1.00000 9.70000 1.0517555475 2.4831393429    1.050  0.884  3.7862  3.672    2  0.000  0.534     0.00     0.00     0.00     0.00     0.00 -1 -1.27e-12      0.00 7.902e-01 2.084e-01 2.512e-04 6.883e-05 6.269e-04 -1.000 1.439e-03 2.560 5.461 4.615 3.875 3.207 2.877 3.156 3.154 3.006 2.671 2.594 2.491 2.413 2.272 2.241 2.054 2.048 1.947
0.0015467 -1.00000 9.70000 1.0525796413 2.4832928086    1.051  0.884  3.7800  3.647    2  0.000  0.535     0.00     0.00     0.00     0.00     0.00 -1  -1.3e-12      0.00 7.839e-01 2.147e-01 2.581e-04 7.070e-05 6.435e-04 -1.000 1.467e-03 2.559 5.570 4.750 3.961 3.248 2.900 3.187 3.182 3.027 2.678 2.598 2.491 2.409 2.265 2.232 2.039 2.032 1.926
0.0015467 -1.00000 9.70000 1.0534694195 2.4834581962    1.051  0.883  3.7726  3.619    2  0.000  0.535     0.00     0.00     0.00     0.00     0.00 -1 -1.34e-12      0.00 7.791e-01 2.194e-01 2.634e-04 7.210e-05 6.560e-04 -1.000 1.504e-03 2.563 5.701 4.947 4.092 3.318 2.948 3.236 3.224 3.059 2.691 2.608 2.497 2.412 2.262 2.228 2.027 2.020 1.907
0.0015467 -1.00000 9.70000 1.0542399883 2.4836011664    1.052  0.882  3.7660  3.594    2  0.000  0.535     0.00     0.00     0.00     0.00     0.00 -1 -1.38e-12      0.00 7.746e-01 2.239e-01 2.675e-04 7.319e-05 6.658e-04 -1.000 1.523e-03 2.565 5.810 5.128 4.211 3.380 2.990 3.280 3.261 3.088 2.703 2.617 2.501 2.414 2.259 2.223 2.016 2.008 1.890
0.0015467 -1.00000 9.70000 1.0549067259 2.4837246781    1.053  0.882  3.7603  3.572    2  0.000  0.536     0.00     0.00     0.00     0.00     0.00 -1 -1.41e-12      0.00 7.697e-01 2.288e-01 2.712e-04 7.417e-05 6.745e-04 -1.000 1.529e-03 2.566 5.899 5.287 4.315 3.433 3.026 3.317 3.292 3.112 2.713 2.624 2.505 2.415 2.255 2.219 2.006 1.998 1.874
0.0015467 -1.00000 9.70000 1.0555131435 2.4838368599    1.053  0.884  3.7555  3.551    2  0.000  0.536     0.00     0.00     0.00     0.00     0.00 -1 -1.44e-12      0.00 7.649e-01 2.336e-01 2.745e-04 7.504e-05 6.822e-04 -1.000 1.529e-03 2.561 5.957 5.430 4.405 3.478 3.056 3.345 3.314 3.128 2.716 2.626 2.503 2.412 2.248 2.211 1.993 1.985 1.857
0.0015467 -1.00000 9.70000 1.0560821295 2.4839419824    1.054  0.886  3.7511  3.531    2  0.000  0.537     0.00     0.00     0.00     0.00     0.00 -1 -1.48e-12      0.00 7.612e-01 2.373e-01 2.771e-04 7.572e-05 6.882e-04 -1.000 1.538e-03 2.554 6.007 5.556 4.484 3.516 3.080 3.368 3.331 3.140 2.717 2.625 2.499 2.406 2.239 2.201 1.979 1.970 1.838
0.0015467 -1.00000 9.70000 1.0566436052 2.4840455897    1.055  0.892  3.7473  3.510    2  0.000  0.537     0.00     0.00     0.00     0.00     0.00 -1 -1.54e-12      0.00 7.583e-01 2.402e-01 2.790e-04 7.624e-05 6.929e-04 -1.000 1.553e-03 2.539 6.039 5.666 4.548 3.542 3.094 3.380 3.338 3.143 2.710 2.616 2.488 2.393 2.223 2.184 1.958 1.949 1.814
0.0015467 -1.00000 9.70000 1.0573474169 2.4841752832    1.055  0.905  3.7431  3.480    2  0.000  0.537     0.00     0.00     0.00     0.00     0.00 -1 -1.64e-12      0.00 7.559e-01 2.425e-01 2.806e-04 7.667e-05 6.966e-04 -1.000 1.561e-03 2.506 6.054 5.773 4.603 3.554 3.094 3.377 3.329 3.128 2.685 2.590 2.459 2.363 2.190 2.150 1.919 1.910 1.771
0.0015467 -1.00000 9.70000 1.0581717491 2.4843269331    1.056  0.927  3.7390  3.443    2  0.000  0.537     0.00     0.00     0.00     0.00     0.00 -1 -1.79e-12      0.00 7.540e-01 2.445e-01 2.819e-04 7.702e-05 6.998e-04 -1.000 1.575e-03 2.453 6.048 5.865 4.641 3.549 3.077 3.354 3.299 3.094 2.640 2.544 2.410 2.312 2.136 2.095 1.861 1.850 1.708
0.0015467 -1.00000 9.70000 1.0582724810 2.4843454458    1.056  0.930  3.7385  3.438    2  0.000  0.537     0.00     0.00     0.00     0.00     0.00 -1 -1.82e-12      0.00 7.537e-01 2.447e-01 2.820e-04 7.705e-05 7.000e-04 -1.000 1.577e-03 2.445 6.044 5.873 4.642 3.546 3.073 3.349 3.293 3.087 2.633 2.536 2.402 2.304 2.128 2.087 1.852 1.842 1.698
0.0015467 -1.00000 9.70000 1.0591241121 2.4845017984    1.057  0.963  3.7357  3.394    3  0.000  0.537     0.00     0.00     0.00     0.00     0.00 -1 -2.06e-12      0.00 7.520e-01 2.464e-01 2.828e-04 7.729e-05 7.020e-04 -1.000 1.552e-03 2.362 5.992 5.898 4.626 3.503 3.021 3.289 3.228 3.018 2.556 2.459 2.323 2.224 2.046 2.004 1.766 1.756 1.610
0.0015467 -1.00000 9.70000 1.0601180792 2.4846839175    1.058  1.006  3.7328  3.339    3  0.000  0.536     0.00     0.00     0.00     0.00     0.00 -1  -2.4e-12      0.00 7.499e-01 2.485e-01 2.830e-04 7.767e-05 7.039e-04 -1.000 1.618e-03 2.254 5.914 5.897 4.584 3.434 2.945 3.203 3.138 2.924 2.455 2.357 2.219 2.119 1.938 1.896 1.656 1.645 1.496
0.0015467 -1.00000 9.70000 1.0609455109 2.4848352240    1.059  1.046  3.7307  3.292    3  0.000  0.533     0.00     0.00     0.00     0.00     0.00 -1 -2.78e-12      0.00 7.479e-01 2.504e-01 2.819e-04 7.863e-05 7.052e-04 -1.000 1.624e-03 2.156 5.837 5.875 4.533 3.363 2.869 3.121 3.051 2.835 2.361 2.262 2.122 2.022 1.840 1.797 1.555 1.544 1.393
0.0015467 -1.00000 9.70000 1.0618262291 2.4849959766    1.060  1.092  3.7287  3.238    3  0.000  0.524     0.00     0.00     0.00     0.00     0.00 -1 -3.27e-12      0.00 7.455e-01 2.529e-01 2.772e-04 8.232e-05 7.064e-04 -1.000 1.625e-03 2.041 5.742 5.839 4.466 3.277 2.778 3.022 2.949 2.731 2.252 2.152 2.011 1.910 1.727 1.684 1.439 1.428 1.275
0.0015467 -1.00000 9.70000 1.0626608133 2.4851480260    1.060  1.138  3.7268  3.185    3  0.000  0.507     0.00     0.00     0.00     0.00     0.00 -1 -3.87e-12      0.00 7.429e-01 2.555e-01 2.681e-04 9.176e-05 7.074e-04 -1.000 1.622e-03 1.925 5.642 5.797 4.395 3.187 2.684 2.921 2.845 2.624 2.140 2.039 1.898 1.796 1.611 1.568 1.321 1.310 1.155
0.0015467 -1.00000 9.70000 1.0634188652 2.4852858944    1.061  1.184  3.7251  3.133    3  0.000  0.486     0.00     0.00     0.00     0.00     0.00 -1 -4.56e-12      0.00 7.404e-01 2.580e-01 2.575e-04 1.047e-04 7.081e-04 -1.000 1.580e-03 1.811 5.543 5.750 4.321 3.097 2.590 2.820 2.741 2.518 2.030 1.929 1.786 1.684 1.498 1.454 1.206 1.194 1.038
0.0015467 -1.00000 9.70000 1.0641152859 2.4854123548    1.062  1.229  3.7234  3.081    3  0.000  0.469     0.00     0.00     0.00     0.00     0.00 -1 -5.36e-12      0.00 7.382e-01 2.602e-01 2.490e-04 1.153e-04 7.086e-04 -1.000 1.611e-03 1.698 5.445 5.703 4.248 3.008 2.497 2.721 2.639 2.414 1.922 1.820 1.676 1.573 1.386 1.342 1.092 1.080 0.922
0.0015467 -1.00000 9.70000 1.0647583008 2.4855289485    1.062  1.273  3.7218  3.030    3  0.000  0.456     0.00     0.00     0.00     0.00     0.00 -1 -6.29e-12      0.00 7.361e-01 2.623e-01 2.423e-04 1.238e-04 7.091e-04 -1.000 1.587e-03 1.587 5.348 5.655 4.175 2.920 2.405 2.623 2.539 2.311 1.815 1.712 1.568 1.464 1.276 1.232 0.980 0.968 0.808
0.0015467 -1.00000 9.70000 1.0653851032 2.4856424467    1.063  1.320  3.7200  2.976    3  0.000  0.446     0.00     0.00     0.00     0.00     0.00 -1 -7.44e-12      0.00 7.344e-01 2.640e-01 2.374e-04 1.300e-04 7.094e-04 -1.000 1.617e-03 1.470 5.247 5.609 4.102 2.829 2.309 2.520 2.433 2.203 1.702 1.599 1.453 1.349 1.160 1.115 0.861 0.849 0.688
0.0015467 -1.00000 9.70000 1.0659537315 2.4857452783    1.063  1.366  3.7182  2.924    3  0.000  0.439     0.00     0.00     0.00     0.00     0.00 -1 -8.78e-12      0.00 7.328e-01 2.655e-01 2.337e-04 1.347e-04 7.097e-04 -1.000 1.629e-03 1.355 5.148 5.585 4.041 2.745 2.220 2.422 2.331 2.098 1.593 1.489 1.342 1.237 1.046 1.001 0.745 0.733 0.570
0.0015467 -1.00000 9.70000 1.0664546490 2.4858357604    1.064  1.410  3.7164  2.873    3  0.000  0.434     0.00     0.00     0.00     0.00     0.00 -1 -1.03e-11      0.00 7.318e-01 2.666e-01 2.312e-04 1.379e-04 7.099e-04 -1.000 1.629e-03 1.246 5.054 5.565 3.985 2.666 2.136 2.330 2.234 1.999 1.489 1.384 1.236 1.130 0.938 0.892 0.635 0.622 0.457
0.0015467 -1.00000 9.70000 1.0669362545 2.4859226621    1.064  1.455  3.7145  2.820    3  0.000  0.430     0.00     0.00     0.00     0.00     0.00 -1 -1.21e-11      0.00 7.309e-01 2.675e-01 2.294e-04 1.402e-04 7.100e-04 -1.000 1.629e-03 1.132 4.956 5.544 3.927 2.585 2.048 2.234 2.134 1.896 1.380 1.275 1.125 1.019 0.826 0.779 0.520 0.507 0.340
0.0015467 -1.00000 9.70000 1.0673699379 2.4860008395    1.064  1.500  3.7126  2.768    3  0.000  0.428     0.00     0.00     0.00     0.00     0.00 -1 -1.43e-11      0.00 7.303e-01 2.681e-01 2.281e-04 1.418e-04 7.101e-04 -1.000 1.628e-03 1.020 4.860 5.525 3.870 2.505 1.963 2.140 2.037 1.796 1.274 1.168 1.017 0.911 0.716 0.669 0.407 0.394 0.225
0.0015467 -1.00000 9.70000 1.0677622557 2.4860714972    1.065  1.544  3.7107  2.717    3  0.000  0.426     0.00     0.00     0.00     0.00     0.00 -1 -1.67e-11      0.00 7.299e-01 2.685e-01 2.273e-04 1.429e-04 7.102e-04 -1.000 1.622e-03 0.911 4.767 5.509 3.816 2.428 1.880 2.049 1.942 1.698 1.171 1.064 0.912 0.805 0.608 0.561 0.297 0.284 0.112
0.0015467 -1.00000 9.70000 1.0681316853 2.4861379782    1.065  1.588  3.7087  2.664    3  0.000  0.425     0.00     0.00     0.00     0.00     0.00 -1 -1.97e-11      0.00 7.296e-01 2.688e-01 2.268e-04 1.436e-04 7.102e-04 -1.000 1.617e-03 0.800 4.671 5.499 3.765 2.351 1.797 1.958 1.846 1.600 1.067 0.959 0.806 0.697 0.499 0.452 0.185 0.172 -0.002
0.0015467 -1.00000 9.70000 1.0684678555 2.4861984280    1.065  1.631  3.7067  2.613    3  0.000  0.425     0.00     0.00     0.00     0.00     0.00 -1 -2.31e-11      0.00 7.294e-01 2.689e-01 2.265e-04 1.439e-04 7.103e-04 -1.000 1.626e-03 0.691 4.576 5.497 3.718 2.278 1.718 1.870 1.754 1.504 0.965 0.857 0.702 0.593 0.393 0.345 0.076 0.062 -0.114
0.0015467 -1.00000 9.70000 1.0687689781 2.4862525384    1.065  1.673  3.7047  2.563    3  0.000  0.425     0.00     0.00     0.00     0.00     0.00 -1 -2.69e-11      0.00 7.294e-01 2.690e-01 2.264e-04 1.441e-04 7.103e-04 -1.000 1.610e-03 0.586 4.485 5.495 3.674 2.207 1.642 1.785 1.665 1.411 0.867 0.758 0.601 0.491 0.290 0.241 -0.030 -0.044 -0.222
0.0015467 -1.00000 9.70000 1.0690575838 2.4863043667    1.066  1.717  3.7026  2.511    3  0.000  0.424     0.00     0.00     0.00     0.00     0.00 -1 -3.15e-11      0.00 7.294e-01 2.690e-01 2.263e-04 1.442e-04 7.103e-04 -1.000 1.591e-03 0.478 4.392 5.495 3.628 2.135 1.563 1.698 1.573 1.316 0.766 0.655 0.497 0.387 0.184 0.135 -0.139 -0.153 -0.333
0.0015467 -1.00000 9.70000 1.0693217516 2.4863517782    1.066  1.760  3.7004  2.459    3  0.000  0.424     0.00     0.00     0.00     0.00     0.00 -1 -3.69e-11      0.00 7.294e-01 2.690e-01 2.263e-04 1.442e-04 7.103e-04 -1.000 1.591e-03 0.371 4.301 5.512 3.597 2.071 1.493 1.615 1.484 1.224 0.666 0.554 0.395 0.283 0.078 0.029 -0.247 -0.262 -0.444
0.0015467 -1.00000 9.70000 1.0695636272 2.4863951652    1.066  1.802  3.6982  2.409    3  0.000  0.424     0.00     0.00     0.00     0.00     0.00 -1 -4.31e-11      0.00 7.294e-01 2.690e-01 2.262e-04 1.443e-04 7.103e-04 -1.000 1.591e-03 0.266 4.210 5.536 3.575 2.014 1.427 1.535 1.398 1.134 0.569 0.456 0.294 0.182 -0.025 -0.075 -0.353 -0.368 -0.553
0.0015467 -1.00000 9.70000 1.0697934628 2.4864363716    1.066  1.844  3.6960  2.357    3  0.000  0.424     0.00     0.00     0.00     0.00     0.00 -1 -5.05e-11      0.00 7.294e-01 2.690e-01 2.262e-04 1.443e-04 7.103e-04 -1.000 1.592e-03 0.159 4.118 5.564 3.555 1.956 1.362 1.456 1.311 1.043 0.470 0.356 0.193 0.079 -0.129 -0.180 -0.461 -0.476 -0.663
0.0015467 -1.00000 9.70000 1.0700025558 2.4864738414    1.066  1.886  3.6938  2.307    3  0.000  0.424     0.00     0.00     0.00     0.00     0.00 -1 -5.88e-11      0.00 7.294e-01 2.690e-01 2.262e-04 1.443e-04 7.103e-04 -1.000 1.592e-03 0.055 4.029 5.592 3.536 1.901 1.299 1.379 1.228 0.955 0.375 0.260 0.095 -0.020 -0.230 -0.282 -0.565 -0.580 -0.770
0.0015467 -1.00000 9.70000 1.0701963902 2.4865085618    1.066  1.926  3.6915  2.258    3  0.000  0.424     0.00     0.00     0.00     0.00     0.00 -1 -6.83e-11      0.00 7.294e-01 2.690e-01 2.262e-04 1.444e-04 7.103e-04 -1.000 1.592e-03 -0.046 3.942 5.621 3.518 1.848 1.239 1.305 1.147 0.870 0.282 0.166 -0.001 -0.117 -0.329 -0.381 -0.667 -0.683 -0.875
0.0015467 -1.00000 9.70000 1.0703814030 2.4865416886    1.066  1.966  3.6893  2.209    3  0.000  0.424     0.00     0.00     0.00     0.00     0.00 -1 -7.92e-11      0.00 7.294e-01 2.690e-01 2.261e-04 1.444e-04 7.103e-04 -1.000 1.592e-03 -0.144 3.857 5.647 3.504 1.798 1.182 1.234 1.070 0.788 0.192 0.075 -0.094 -0.211 -0.425 -0.478 -0.766 -0.782 -0.976
0.0015467 -1.00000 9.70000 1.0705724955 2.4865758901    1.066  2.003  3.6872  2.163    3  0.000  0.424     0.00     0.00     0.00     0.00     0.00 -1  -9.1e-11      0.00 7.294e-01 2.690e-01 2.261e-04 1.444e-04 7.104e-04 -1.000 1.593e-03 -0.238 3.776 5.662 3.492 1.753 1.130 1.168 0.997 0.711 0.107 -0.011 -0.182 -0.299 -0.515 -0.568 -0.859 -0.875 -1.072
0.0015467 -1.00000 9.70000 1.0707685947 2.4866109732    1.066  2.031  3.6858  2.130    3  0.000  0.424     0.00     0.00     0.00     0.00     0.00 -1 -1.01e-10      0.00 7.294e-01 2.690e-01 2.261e-04 1.445e-04 7.104e-04 -1.000 1.593e-03 -0.307 3.716 5.670 3.481 1.719 1.091 1.119 0.943 0.654 0.045 -0.074 -0.246 -0.364 -0.581 -0.635 -0.928 -0.944 -1.142
0.0015467 -1.00000 9.70000 1.0708291531 2.4866218043    1.066  2.022  3.6864  2.142    3  0.000  0.424     0.00     0.00     0.00     0.00     0.00 -1 -9.82e-11      0.00 7.294e-01 2.690e-01 2.261e-04 1.445e-04 7.104e-04 -1.000 1.593e-03 -0.284 3.735 5.660 3.479 1.727 1.101 1.133 0.960 0.672 0.065 -0.054 -0.225 -0.343 -0.560 -0.613 -0.905 -0.921 -1.119
0.0015467 -1.00000 9.70000 1.0709517002 2.4866437182    1.065  1.990  3.6885  2.181    3  0.000  0.424     0.00     0.00     0.00     0.00     0.00 -1 -8.82e-11      0.00 7.294e-01 2.690e-01 2.261e-04 1.445e-04 7.104e-04 -1.000 1.593e-03 -0.206 3.801 5.629 3.476 1.757 1.138 1.183 1.017 0.733 0.133 0.016 -0.154 -0.270 -0.485 -0.538 -0.828 -0.844 -1.039
0.0015467 -1.00000 9.70000 1.0710127354 2.4866546304    1.065  1.969  3.6900  2.209    3  0.000  0.424     0.00     0.00     0.00     0.00     0.00 -1 -8.09e-11      0.00 7.294e-01 2.690e-01 2.261e-04 1.445e-04 7.104e-04 -1.000 1.593e-03 -0.152 3.847 5.610 3.475 1.779 1.165 1.219 1.057 0.776 0.181 0.065 -0.104 -0.220 -0.433 -0.486 -0.774 -0.789 -0.983
0.0015467 -1.00000 9.70000 1.0710734129 2.4866654772    1.065  1.985  3.6890  2.189    3  0.000  0.424     0.00     0.00     0.00     0.00     0.00 -1 -8.54e-11      0.00 7.294e-01 2.690e-01 2.260e-04 1.445e-04 7.104e-04 -1.000 1.593e-03 -0.192 3.812 5.617 3.471 1.760 1.143 1.191 1.025 0.743 0.145 0.028 -0.141 -0.258 -0.472 -0.525 -0.814 -0.830 -1.025
0.0015467 -1.00000 9.70000 1.0712258816 2.4866927265    1.065  2.027  3.6866  2.137    3  0.000  0.424     0.00     0.00     0.00     0.00     0.00 -1 -9.91e-11      0.00 7.294e-01 2.691e-01 2.260e-04 1.445e-04 7.104e-04 -1.000 1.593e-03 -0.296 3.722 5.639 3.461 1.712 1.086 1.118 0.945 0.658 0.051 -0.067 -0.238 -0.356 -0.573 -0.626 -0.918 -0.934 -1.132
0.0015467 -1.00000 9.70000 1.0713754892 2.4867194557    1.065  2.069  3.6841  2.085    3  0.000  0.424     0.00     0.00     0.00     0.00     0.00 -1 -1.16e-10      0.00 7.294e-01 2.691e-01 2.260e-04 1.446e-04 7.104e-04 -1.000 1.594e-03 -0.401 3.631 5.663 3.452 1.664 1.031 1.046 0.865 0.573 -0.043 -0.162 -0.336 -0.455 -0.673 -0.727 -1.022 -1.038 -1.239
0.0015467 -1.00000 9.70000 1.0715137720 2.4867441541    1.065  2.110  3.6817  2.034    3  0.000  0.424     0.00     0.00     0.00     0.00     0.00 -1 -1.35e-10      0.00 7.293e-01 2.691e-01 2.260e-04 1.446e-04 7.104e-04 -1.000 1.594e-03 -0.504 3.543 5.689 3.444 1.617 0.976 0.976 0.787 0.490 -0.135 -0.256 -0.431 -0.551 -0.772 -0.827 -1.124 -1.141 -1.344
0.0015467 -1.00000 9.70000 1.0716453791 2.4867676532    1.065  2.151  3.6791  1.982    3  0.000  0.424     0.00     0.00     0.00     0.00     0.00 -1 -1.58e-10      0.00 7.293e-01 2.691e-01 2.260e-04 1.446e-04 7.104e-04 -1.000 1.594e-03 -0.609 3.453 5.707 3.457 1.584 0.931 0.911 0.712 0.407 -0.229 -0.351 -0.529 -0.650 -0.873 -0.928 -1.229 -1.246 -1.452
0.0015467 -1.00000 9.70000 1.0717623234 2.4867885287    1.065  2.191  3.6767  1.933    3  0.000  0.424     0.00     0.00     0.00     0.00     0.00 -1 -1.83e-10      0.00 7.293e-01 2.691e-01 2.260e-04 1.446e-04 7.104e-04 -1.000 1.594e-03 -0.708 3.368 5.706 3.507 1.578 0.908 0.859 0.648 0.333 -0.319 -0.443 -0.623 -0.746 -0.971 -1.027 -1.330 -1.347 -1.556
0.0015467 -1.00000 9.70000 1.0718765259 2.4868089098    1.064  2.233  3.6740  1.880    3  0.000  0.424     0.00     0.00     0.00     0.00     0.00 -1 -2.14e-10      0.00 7.293e-01 2.691e-01 2.259e-04 1.447e-04 7.104e-04 -1.000 1.594e-03 -0.812 3.279 5.710 3.563 1.574 0.887 0.807 0.583 0.256 -0.412 -0.538 -0.722 -0.846 -1.073 -1.130 -1.436 -1.453 -1.664
0.0015467 -1.00000 9.70000 1.0719767809 2.4868267975    1.064  2.272  3.6715  1.831    3  0.000  0.424     0.00     0.00     0.00     0.00     0.00 -1 -2.49e-10      0.00 7.293e-01 2.691e-01 2.259e-04 1.447e-04 7.104e-04 -1.000 1.594e-03 -0.910 3.196 5.718 3.616 1.571 0.867 0.760 0.522 0.184 -0.500 -0.629 -0.814 -0.941 -1.170 -1.227 -1.535 -1.553 -1.766
0.0015467 -1.00000 9.70000 1.0720728636 2.4868439372    1.064  2.313  3.6689  1.780    3  0.000  0.424     0.00     0.00     0.00     0.00     0.00 -1  -2.9e-10      0.00 7.293e-01 2.691e-01 2.259e-04 1.447e-04 7.104e-04 -1.000 1.594e-03 -1.011 3.110 5.731 3.678 1.571 0.850 0.714 0.463 0.113 -0.589 -0.720 -0.909 -1.037 -1.269 -1.326 -1.637 -1.654 -1.870
0.0015467 -1.00000 9.70000 1.0721594095 2.4868593727    1.064  2.352  3.6663  1.730    3  0.000  0.424     0.00     0.00     0.00     0.00     0.00 -1 -3.36e-10      0.00 7.293e-01 2.691e-01 2.259e-04 1.447e-04 7.104e-04 -1.000 1.595e-03 -1.109 3.028 5.744 3.744 1.575 0.838 0.673 0.407 0.045 -0.674 -0.807 -0.999 -1.129 -1.363 -1.421 -1.735 -1.752 -1.971
0.0015467 -1.00000 9.70000 1.0722405910 2.4868738489    1.063  2.391  3.6636  1.680    3  0.000  0.424     0.00     0.00     0.00     0.00     0.00 -1 -3.89e-10      0.00 7.293e-01 2.691e-01 2.259e-04 1.447e-04 7.104e-04 -1.000 1.595e-03 -1.207 2.945 5.762 3.814 1.581 0.828 0.636 0.355 -0.021 -0.758 -0.894 -1.088 -1.221 -1.457 -1.516 -1.832 -1.850 -2.071
0.0015467 -1.00000 9.70000 1.0723153353 2.4868871749    1.063  2.429  3.6610  1.631    3  0.000  0.424     0.00     0.00     0.00     0.00     0.00 -1 -4.51e-10      0.00 7.293e-01 2.691e-01 2.259e-04 1.447e-04 7.104e-04 -1.000 1.595e-03 -1.303 2.864 5.781 3.881 1.587 0.819 0.599 0.303 -0.085 -0.841 -0.979 -1.177 -1.311 -1.550 -1.609 -1.928 -1.946 -2.170
0.0015467 -1.00000 9.70000 1.0723860264 2.4868997763    1.062  2.468  3.6583  1.581    3  0.000  0.424     0.00     0.00     0.00     0.00     0.00 -1 -5.23e-10      0.00 7.293e-01 2.691e-01 2.259e-04 1.447e-04 7.104e-04 -1.000 1.595e-03 -1.401 2.783 5.794 3.950 1.596 0.814 0.566 0.254 -0.148 -0.923 -1.064 -1.265 -1.401 -1.642 -1.702 -2.024 -2.042 -2.269
0.0015467 -1.00000 9.70000 1.0724500418 2.4869111861    1.062  2.506  3.6556  1.532    3  0.000  0.424     6.94     5.42     3.87     2.96     2.40  4 -6.04e-10      0.00 7.293e-01 2.691e-01 2.259e-04 1.447e-04 7.104e-04 -1.000 1.595e-03 -1.495 2.704 5.806 4.017 1.607 0.811 0.536 0.208 -0.207 -1.001 -1.145 -1.349 -1.487 -1.731 -1.791 -2.116 -2.134 -2.364
0.0015467 -1.00000 9.70000 1.0725103617 2.4869219357    1.061  2.544  3.6529  1.483    3  0.000  0.424     7.68     5.92     4.21     3.23     2.62  4 -6.98e-10      0.00 7.293e-01 2.691e-01 2.259e-04 1.448e-04 7.104e-04 -1.000 1.595e-03 -1.590 2.625 5.836 4.082 1.613 0.807 0.505 0.162 -0.266 -1.078 -1.225 -1.432 -1.571 -1.819 -1.880 -2.208 -2.227 -2.460
0.0015467 -1.00000 9.70000 1.0725672245 2.4869320680    1.061  2.582  3.6502  1.434    3  0.000  0.424     8.51     6.47     4.59     3.52     2.85  4 -8.08e-10      0.00 7.293e-01 2.691e-01 2.259e-04 1.448e-04 7.104e-04 -1.000 1.595e-03 -1.686 2.545 5.889 4.137 1.610 0.797 0.471 0.114 -0.325 -1.154 -1.302 -1.513 -1.654 -1.905 -1.967 -2.300 -2.319 -2.555
0.0015467 -1.00000 9.70000 1.0726320744 2.4869436220    1.060  2.629  3.6468  1.374    3  0.000  0.424     9.64     7.21     5.09     3.91     3.17  4 -9.65e-10      0.00 7.293e-01 2.691e-01 2.258e-04 1.448e-04 7.104e-04 -1.000 1.595e-03 -1.802 2.449 5.934 4.204 1.609 0.790 0.433 0.057 -0.394 -1.243 -1.395 -1.610 -1.754 -2.009 -2.072 -2.410 -2.429 -2.671
0.0015467 -1.00000 9.70000 1.0726919174 2.4869542826    1.059  2.676  3.6433  1.313    3  0.000  0.424    10.95     8.05     5.66     4.35     3.53  3 -1.15e-09      0.00 7.293e-01 2.691e-01 2.258e-04 1.448e-04 7.104e-04 -1.000 1.595e-03 -1.919 2.352 5.980 4.277 1.611 0.785 0.397 0.002 -0.463 -1.332 -1.486 -1.707 -1.853 -2.112 -2.177 -2.521 -2.541 -2.787
0.0015467 -1.00000 9.70000 1.0727367401 2.4869622665    1.058  2.713  3.6406  1.264    3  0.000  0.424    12.11     8.79     6.15     4.74     3.84  3 -1.33e-09      0.00 7.293e-01 2.691e-01 2.258e-04 1.448e-04 7.104e-04 -1.000 1.595e-03 -2.012 2.274 6.015 4.333 1.612 0.781 0.367 -0.042 -0.517 -1.403 -1.560 -1.784 -1.932 -2.195 -2.261 -2.609 -2.629 -2.880
0.0015467 -1.00000 9.70000 1.0727871656 2.4869712474    1.057  2.758  3.6372  1.205    3  0.000  0.424    13.69     9.78     6.81     5.26     4.27  3 -1.59e-09      0.00 7.293e-01 2.691e-01 2.258e-04 1.448e-04 7.104e-04 -1.000 1.595e-03 -2.125 2.182 6.047 4.404 1.617 0.781 0.335 -0.093 -0.580 -1.486 -1.646 -1.875 -2.025 -2.293 -2.361 -2.715 -2.736 -2.991
0.0015467 -1.00000 9.70000 1.0728340149 2.4869795905    1.055  2.803  3.6336  1.145    3  0.000  0.423    15.49    10.89     7.55     5.83     4.74  3 -1.89e-09      0.00 7.293e-01 2.691e-01 2.258e-04 1.448e-04 7.104e-04 -1.000 1.595e-03 -2.238 2.091 6.077 4.478 1.625 0.784 0.306 -0.140 -0.641 -1.568 -1.731 -1.965 -2.117 -2.390 -2.459 -2.820 -2.841 -3.101
0.0015467 -1.00000 9.70000 1.0728780031 2.4869874234    1.054  2.849  3.6301  1.085    3  0.000  0.423    17.55    12.14     8.37     6.48     5.26  3 -2.26e-09      0.00 7.293e-01 2.691e-01 2.258e-04 1.448e-04 7.104e-04 -1.000 1.595e-03 -2.352 1.998 6.100 4.552 1.634 0.788 0.278 -0.188 -0.702 -1.650 -1.816 -2.056 -2.210 -2.488 -2.559 -2.925 -2.947 -3.213
0.0015467 -1.00000 9.70000 1.0729181767 2.4869945764    1.053  2.893  3.6267  1.026    3  0.000  0.423    19.82    13.50     9.26     7.18     5.83  3 -2.68e-09      0.00 7.293e-01 2.691e-01 2.258e-04 1.448e-04 7.104e-04 -1.000 1.595e-03 -2.463 1.907 6.102 4.621 1.644 0.795 0.254 -0.230 -0.758 -1.728 -1.897 -2.142 -2.299 -2.582 -2.655 -3.027 -3.050 -3.321
0.0015467 -1.00000 9.70000 1.0729550123 2.4870011345    1.051  2.937  3.6233  0.968    3  0.000  0.423    22.37    15.00    10.24     7.95     6.46  2 -3.18e-09      0.00 7.293e-01 2.691e-01 2.258e-04 1.448e-04 7.104e-04 -1.000 1.595e-03 -2.573 1.819 6.102 4.692 1.659 0.808 0.237 -0.266 -0.809 -1.803 -1.975 -2.226 -2.385 -2.674 -2.748 -3.128 -3.151 -3.428
0.0015467 -1.00000 9.70000 1.0729895830 2.4870072888    1.049  2.981  3.6198  0.909    3  0.000  0.423    25.27    16.67    11.33     8.81     7.16  2 -3.79e-09      0.00 7.293e-01 2.691e-01 2.258e-04 1.448e-04 7.104e-04 -1.000 1.596e-03 -2.683 1.731 6.099 4.765 1.679 0.826 0.227 -0.296 -0.856 -1.875 -2.051 -2.308 -2.469 -2.764 -2.841 -3.228 -3.251 -3.534
0.0015467 -1.00000 9.70000 1.0730217695 2.4870130184    1.047  3.025  3.6162  0.850    3  0.000  0.423    28.54    18.53    12.54     9.77     7.94  2  -4.5e-09      0.00 7.293e-01 2.691e-01 2.258e-04 1.448e-04 7.104e-04 -1.000 1.596e-03 -2.793 1.644 6.087 4.834 1.699 0.845 0.218 -0.324 -0.900 -1.945 -2.124 -2.389 -2.552 -2.854 -2.932 -3.327 -3.351 -3.640
0.0015467 -1.00000 9.70000 1.0730507374 2.4870181746    1.045  3.067  3.6129  0.793    3  0.000  0.423    32.08    20.51    13.81    10.78     8.76  2 -5.32e-09      0.00 7.293e-01 2.691e-01 2.258e-04 1.449e-04 7.104e-04 -1.000 1.596e-03 -2.898 1.561 6.076 4.901 1.719 0.865 0.211 -0.350 -0.941 -2.011 -2.193 -2.465 -2.631 -2.938 -3.019 -3.421 -3.446 -3.741
0.0015467 -1.00000 9.70000 1.0730782747 2.4870230759    1.042  3.110  3.6094  0.736    3  0.000  0.423    36.14    22.75    15.25    11.91     9.69  2  -6.3e-09      0.00 7.293e-01 2.691e-01 2.258e-04 1.449e-04 7.104e-04 -1.000 1.596e-03 -3.004 1.477 6.061 4.968 1.739 0.885 0.206 -0.374 -0.982 -2.077 -2.263 -2.541 -2.710 -3.024 -3.107 -3.517 -3.542 -3.844
0.0015467 -1.00000 9.70000 1.0731042624 2.4870277011    1.039  3.153  3.6059  0.678    3  0.000  0.423    40.76    25.26    16.85    13.19    10.73  2 -7.48e-09      0.00 7.293e-01 2.691e-01 2.258e-04 1.449e-04 7.104e-04 -1.000 1.596e-03 -3.112 1.393 6.033 5.027 1.757 0.904 0.204 -0.394 -1.019 -2.141 -2.330 -2.616 -2.787 -3.108 -3.193 -3.612 -3.638 -3.946
0.0015467 -1.00000 9.70000 1.0731288195 2.4870320715    1.036  3.196  3.6024  0.619    3  0.000  0.423    45.98    28.04    18.61    14.59    11.88  2 -8.89e-09      0.00 7.293e-01 2.691e-01 2.258e-04 1.449e-04 7.104e-04 -1.000 1.596e-03 -3.219 1.309 6.002 5.082 1.772 0.922 0.202 -0.414 -1.056 -2.204 -2.398 -2.691 -2.864 -3.192 -3.280 -3.707 -3.734 -4.048
0.0015467 -1.00000 9.70000 1.0731513500 2.4870360810    1.032  3.237  3.5990  0.562    3  0.000  0.423    51.72    31.05    20.52    16.11    13.11  1 -1.05e-08      0.00 7.293e-01 2.691e-01 2.258e-04 1.449e-04 7.104e-04 -1.000 1.596e-03 -3.324 1.228 5.967 5.132 1.785 0.938 0.204 -0.429 -1.088 -2.264 -2.461 -2.761 -2.937 -3.272 -3.362 -3.798 -3.826 -4.147
0.0015467 -1.00000 9.70000 1.0731723309 2.4870398146    1.029  3.278  3.5956  0.506    3  0.000  0.423    58.08    34.33    22.58    17.76    14.46  1 -1.24e-08      0.00 7.293e-01 2.691e-01 2.258e-04 1.449e-04 7.104e-04 -1.000 1.596e-03 -3.426 1.150 5.927 5.176 1.796 0.953 0.209 -0.440 -1.116 -2.319 -2.519 -2.828 -3.006 -3.347 -3.441 -3.887 -3.915 -4.242
0.0015467 -1.00000 9.70000 1.0731925964 2.4870434207    1.024  3.317  3.5924  0.453    3  0.000  0.423    64.86    37.78    24.74    19.49    15.87  1 -1.46e-08      0.00 7.293e-01 2.691e-01 2.258e-04 1.449e-04 7.104e-04 -1.000 1.596e-03 -3.523 1.076 5.887 5.216 1.802 0.964 0.223 -0.441 -1.135 -2.368 -2.572 -2.888 -3.069 -3.418 -3.515 -3.970 -4.000 -4.334
0.0015467 -1.00000 9.70000 1.0731981993 2.4870444177    1.023  3.328  3.5915  0.438    3  0.000  0.423    66.86    38.78    25.36    19.99    16.28  1 -1.53e-08      0.00 7.293e-01 2.691e-01 2.258e-04 1.449e-04 7.104e-04 -1.000 1.596e-03 -3.549 1.056 5.876 5.226 1.804 0.966 0.227 -0.441 -1.140 -2.381 -2.586 -2.905 -3.086 -3.438 -3.535 -3.993 -4.023 -4.359
0.0015467 -1.00000 9.70000 1.0731981993 2.4870444177    1.023  1.820  3.7225  2.470    4  0.000  0.439     0.00     0.00     0.00     0.00     0.00 -1    -1e-30      0.00 7.265e-01 2.719e-01 2.362e-04 1.364e-04 7.171e-04 -1.000 1.663e-03 0.220 3.988 4.290 2.843 1.589 1.079 1.245 1.161 0.936 0.445 0.343 0.200 0.098 -0.089 -0.133 -0.385 -0.396 -0.557
0.0015467 -1.00000 9.70000 1.0733590126 2.4870730273    1.023  1.832  3.7214  2.453    4  0.000  0.439     0.00     0.00     0.00     0.00     0.00 -1    -1e-30      0.00 7.265e-01 2.719e-01 2.362e-04 1.365e-04 7.171e-04 -1.000 1.662e-03 0.190 3.968 4.312 2.845 1.577 1.063 1.225 1.138 0.911 0.417 0.314 0.171 0.068 -0.120 -0.164 -0.417 -0.429 -0.590
0.0015467 -1.00000 9.70000 1.0735225677 2.4871021147    1.023  1.837  3.7211  2.447    4  0.000  0.438     0.00     0.00     0.00     0.00     0.00 -1    -1e-30      0.00 7.264e-01 2.719e-01 2.362e-04 1.365e-04 7.171e-04 -1.000 1.662e-03 0.178 3.959 4.317 2.844 1.571 1.055 1.216 1.129 0.901 0.406 0.303 0.159 0.056 -0.132 -0.176 -0.429 -0.441 -0.603
0.0015467 -1.00000 9.70000 1.0736876726 2.4871314673    1.024  1.840  3.7211  2.444    4  0.000  0.438     0.00     0.00     0.00     0.00     0.00 -1    -1e-30      0.00 7.264e-01 2.719e-01 2.361e-04 1.366e-04 7.171e-04 -1.000 1.662e-03 0.170 3.952 4.311 2.838 1.565 1.049 1.209 1.121 0.894 0.398 0.295 0.152 0.049 -0.139 -0.184 -0.437 -0.449 -0.611
0.0015467 -1.00000 9.70000 1.0738552809 2.4871612544    1.024  1.842  3.7213  2.443    4  0.000  0.438     0.00     0.00     0.00     0.00     0.00 -1    -1e-30      0.00 7.264e-01 2.719e-01 2.361e-04 1.366e-04 7.171e-04 -1.000 1.662e-03 0.165 3.945 4.298 2.828 1.557 1.042 1.202 1.115 0.888 0.393 0.290 0.147 0.044 -0.144 -0.189 -0.441 -0.453 -0.615
0.0015467 -1.00000 9.70000 1.0740242004 2.4871912637    1.024  1.843  3.7216  2.444    4  0.000  0.438     0.00     0.00     0.00     0.00     0.00 -1    -1e-30      0.00 7.264e-01 2.719e-01 2.360e-04 1.367e-04 7.171e-04 -1.000 1.661e-03 0.163 3.940 4.280 2.816 1.550 1.036 1.196 1.110 0.883 0.390 0.287 0.143 0.041 -0.147 -0.191 -0.444 -0.456 -0.617
0.0015467 -1.00000 9.70000 1.0741885900 2.4872204578    1.024  1.844  3.7221  2.445    4  0.000  0.438     0.00     0.00     0.00     0.00     0.00 -1    -1e-30      0.00 7.264e-01 2.719e-01 2.360e-04 1.367e-04 7.171e-04 -1.000 1.661e-03 0.161 3.934 4.260 2.804 1.542 1.029 1.190 1.105 0.879 0.387 0.284 0.141 0.038 -0.149 -0.193 -0.445 -0.457 -0.618
0.0015467 -1.00000 9.70000 1.0743429661 2.4872478643    1.024  1.844  3.7225  2.446    4  0.000  0.438     0.00     0.00     0.00     0.00     0.00 -1    -1e-30      0.00 7.264e-01 2.719e-01 2.360e-04 1.368e-04 7.171e-04 -1.000 1.661e-03 0.159 3.929 4.242 2.792 1.535 1.023 1.185 1.100 0.875 0.384 0.281 0.138 0.036 -0.151 -0.195 -0.446 -0.458 -0.619
0.0015467 -1.00000 9.70000 1.0745124817 2.4872779480    1.025  1.845  3.7229  2.447    4  0.000  0.438     0.00     0.00     0.00     0.00     0.00 -1    -1e-30      0.00 7.264e-01 2.719e-01 2.359e-04 1.368e-04 7.171e-04 -1.000 1.661e-03 0.157 3.923 4.220 2.779 1.527 1.017 1.179 1.095 0.870 0.381 0.279 0.136 0.034 -0.153 -0.197 -0.448 -0.460 -0.620
0.0015467 -1.00000 9.70000 1.0746645927 2.4873049337    1.025  1.846  3.7233  2.448    4  0.000  0.438     0.00     0.00     0.00     0.00     0.00 -1    -1e-30      0.00 7.264e-01 2.719e-01 2.359e-04 1.369e-04 7.171e-04 -1.000 1.661e-03 0.155 3.917 4.201 2.767 1.519 1.010 1.173 1.090 0.866 0.378 0.276 0.133 0.032 -0.155 -0.199 -0.449 -0.461 -0.621
0.0015467 -1.00000 9.70000 1.0748200417 2.4873325025    1.025  1.847  3.7237  2.449    4  0.000  0.438     0.00     0.00     0.00     0.00     0.00 -1    -1e-30      0.00 7.264e-01 2.719e-01 2.359e-04 1.369e-04 7.171e-04 -1.000 1.660e-03 0.153 3.912 4.184 2.755 1.512 1.004 1.168 1.085 0.862 0.375 0.273 0.131 0.029 -0.157 -0.201 -0.451 -0.463 -0.622
0.0015467 -1.00000 9.70000 1.0749900341 2.4873626400    1.025  1.848  3.7241  2.449    4  0.000  0.438     0.00     0.00     0.00     0.00     0.00 -1    -1e-30      0.00 7.264e-01 2.719e-01 2.358e-04 1.370e-04 7.171e-04 -1.000 1.660e-03 0.151 3.906 4.165 2.743 1.505 0.998 1.162 1.080 0.857 0.371 0.269 0.128 0.026 -0.160 -0.204 -0.453 -0.465 -0.624
0.0015467 -1.00000 9.70000 1.0751420259 2.4873895770    1.025  1.849  3.7244  2.450    4  0.000  0.438     0.00     0.00     0.00     0.00     0.00 -1    -1e-30      0.00 7.264e-01 2.720e-01 2.358e-04 1.370e-04 7.171e-04 -1.000 1.660e-03 0.148 3.901 4.149 2.733 1.498 0.992 1.156 1.075 0.853 0.368 0.266 0.125 0.023 -0.162 -0.206 -0.455 -0.467 -0.626
0.0015467 -1.00000 9.70000 1.0752989054 2.4874173711    1.025  1.850  3.7247  2.450    4  0.000  0.438     0.00     0.00     0.00     0.00     0.00 -1    -1e-30      0.00 7.264e-01 2.720e-01 2.357e-04 1.370e-04 7.171e-04 -1.000 1.660e-03 0.145 3.895 4.134 2.723 1.491 0.986 1.151 1.070 0.848 0.364 0.263 0.121 0.020 -0.165 -0.209 -0.458 -0.469 -0.628
0.0015467 -1.00000 9.70000 1.0754649639 2.4874467812    1.026  1.851  3.7250  2.450    4  0.000  0.438     0.00     0.00     0.00     0.00     0.00 -1    -1e-30      0.00 7.264e-01 2.720e-01 2.357e-04 1.371e-04 7.171e-04 -1.000 1.659e-03 0.143 3.890 4.118 2.713 1.484 0.980 1.145 1.065 0.844 0.360 0.259 0.118 0.017 -0.168 -0.212 -0.460 -0.472 -0.630
0.0015467 -1.00000 9.70000 1.0755528212 2.4874623371    1.026  1.852  3.7252  2.450    4  0.000  0.438     0.00     0.00     0.00     0.00     0.00 -1    -1e-30      0.00 7.264e-01 2.720e-01 2.357e-04 1.371e-04 7.171e-04 -1.000 1.659e-03 0.141 3.887 4.111 2.707 1.481 0.977 1.142 1.062 0.841 0.358 0.257 0.116 0.015 -0.170 -0.214 -0.462 -0.474 -0.631
0.0015467 -1.00000 9.70000 1.0756180286 2.4874738807    1.026  1.852  3.7253  2.450    4  0.000  0.438     0.00     0.00     0.00     0.00     0.00 -1    -1e-30      0.00 7.264e-01 2.720e-01 2.357e-04 1.371e-04 7.171e-04 -1.000 1.659e-03 0.140 3.885 4.105 2.704 1.478 0.975 1.140 1.060 0.839 0.357 0.256 0.115 0.014 -0.171 -0.215 -0.463 -0.475 -0.633
0.0015467 -1.00000 9.70000 1.0757691860 2.4875006339    1.026  1.853  3.7255  2.450    4  0.000  0.437     0.00     0.00     0.00     0.00     0.00 -1    -1e-30      0.00 7.264e-01 2.720e-01 2.356e-04 1.372e-04 7.171e-04 -1.000 1.659e-03 0.137 3.880 4.093 2.695 1.472 0.970 1.135 1.055 0.835 0.353 0.252 0.111 0.010 -0.174 -0.218 -0.466 -0.478 -0.635
0.0015467 -1.00000 9.70000 1.0759198666 2.4875272941    1.026  1.855  3.7257  2.449    4  0.000  0.437     0.00     0.00     0.00     0.00     0.00 -1    -1e-30      0.00 7.264e-01 2.720e-01 2.356e-04 1.372e-04 7.171e-04 -1.000 1.659e-03 0.133 3.875 4.082 2.687 1.467 0.965 1.130 1.051 0.831 0.350 0.249 0.108 0.007 -0.177 -0.221 -0.469 -0.481 -0.638
0.0015467 -1.00000 9.70000 1.0760709047 2.4875540089    1.026  1.856  3.7258  2.449    4  0.000  0.437     0.00     0.00     0.00     0.00     0.00 -1    -1e-30      0.00 7.263e-01 2.720e-01 2.355e-04 1.373e-04 7.171e-04 -1.000 1.659e-03 0.130 3.870 4.072 2.681 1.461 0.960 1.125 1.046 0.827 0.346 0.245 0.104 0.004 -0.181 -0.224 -0.472 -0.484 -0.641
0.0015467 -1.00000 9.70000 1.0762336254 2.4875827804    1.026  1.857  3.7260  2.448    4  0.000  0.437     0.00     0.00     0.00     0.00     0.00 -1    -1e-30      0.00 7.263e-01 2.720e-01 2.355e-04 1.373e-04 7.171e-04 -1.000 1.658e-03 0.126 3.866 4.064 2.674 1.456 0.955 1.120 1.041 0.822 0.341 0.241 0.100 -0.000 -0.185 -0.228 -0.476 -0.487 -0.644
0.0015467 -1.00000 9.70000 1.0763911009 2.4876106150    1.027  1.859  3.7261  2.447    4  0.000  0.437     0.00     0.00     0.00     0.00     0.00 -1    -1e-30      0.00 7.263e-01 2.720e-01 2.355e-04 1.374e-04 7.171e-04 -1.000 1.658e-03 0.122 3.861 4.057 2.669 1.451 0.950 1.115 1.037 0.817 0.337 0.236 0.096 -0.005 -0.189 -0.232 -0.480 -0.491 -0.648
0.0015467 -1.00000 9.70000 1.0765491724 2.4876385455    1.027  1.861  3.7261  2.445    4  0.000  0.437     0.00     0.00     0.00     0.00     0.00 -1    -1e-30      0.00 7.263e-01 2.720e-01 2.354e-04 1.374e-04 7.171e-04 -1.000 1.658e-03 0.118 3.856 4.052 2.664 1.447 0.946 1.111 1.032 0.813 0.333 0.232 0.091 -0.009 -0.193 -0.237 -0.484 -0.496 -0.653
0.0015467 -1.00000 9.70000 1.0767049789 2.4876660666    1.027  1.863  3.7261  2.443    4  0.000  0.437     0.00     0.00     0.00     0.00     0.00 -1    -1e-30      0.00 7.263e-01 2.720e-01 2.354e-04 1.375e-04 7.171e-04 -1.000 1.658e-03 0.113 3.852 4.049 2.660 1.443 0.942 1.106 1.027 0.808 0.328 0.227 0.087 -0.014 -0.198 -0.242 -0.489 -0.501 -0.658
0.0015467 -1.00000 9.70000 1.0767453909 2.4876732033    1.027  1.863  3.7260  2.442    4  0.000  0.437     0.00     0.00     0.00     0.00     0.00 -1    -1e-30      0.00 7.263e-01 2.720e-01 2.354e-04 1.375e-04 7.171e-04 -1.000 1.658e-03 0.112 3.851 4.048 2.660 1.442 0.941 1.105 1.026 0.807 0.326 0.226 0.085 -0.015 -0.200 -0.243 -0.491 -0.502 -0.659
0.0015467 -1.00000 9.70000 1.0768404007 2.4876899795    1.027  1.865  3.7260  2.441    4  0.000  0.437     0.00     0.00     0.00     0.00     0.00 -1    -1e-30      0.00 7.263e-01 2.720e-01 2.354e-04 1.375e-04 7.171e-04 -1.000 1.657e-03 0.108 3.848 4.048 2.658 1.439 0.938 1.102 1.023 0.804 0.323 0.222 0.082 -0.019 -0.203 -0.247 -0.494 -0.506 -0.663
0.0015467 -1.00000 9.70000 1.0769901276 2.4877164104    1.027  1.867  3.7259  2.438    4  0.000  0.437     0.00     0.00     0.00     0.00     0.00 -1    -1e-30      0.00 7.263e-01 2.720e-01 2.353e-04 1.375e-04 7.171e-04 -1.000 1.657e-03 0.103 3.843 4.048 2.657 1.436 0.934 1.097 1.018 0.799 0.318 0.217 0.076 -0.024 -0.209 -0.252 -0.500 -0.512 -0.669
0.0015467 -1.00000 9.70000 1.0771355629 2.4877420757    1.027  1.869  3.7257  2.435    4  0.000  0.437     0.00     0.00     0.00     0.00     0.00 -1    -1e-30      0.00 7.263e-01 2.720e-01 2.353e-04 1.376e-04 7.171e-04 -1.000 1.657e-03 0.096 3.839 4.051 2.656 1.433 0.931 1.093 1.014 0.794 0.312 0.211 0.071 -0.030 -0.215 -0.258 -0.506 -0.518 -0.675
0.0015467 -1.00000 9.70000 1.0772855282 2.4877685320    1.028  1.872  3.7254  2.431    4  0.000  0.437     0.00     0.00     0.00     0.00     0.00 -1    -1e-30      0.00 7.263e-01 2.720e-01 2.353e-04 1.376e-04 7.171e-04 -1.000 1.657e-03 0.089 3.835 4.057 2.657 1.430 0.927 1.088 1.008 0.788 0.306 0.204 0.064 -0.037 -0.222 -0.266 -0.514 -0.526 -0.683
0.0015467 -1.00000 9.70000 1.0774321556 2.4877943912    1.028  1.876  3.7250  2.426    4  0.000  0.437     0.00     0.00     0.00     0.00     0.00 -1    -1e-30      0.00 7.263e-01 2.720e-01 2.352e-04 1.377e-04 7.171e-04 -1.000 1.657e-03 0.081 3.830 4.067 2.660 1.428 0.924 1.084 1.003 0.782 0.298 0.197 0.056 -0.045 -0.230 -0.274 -0.523 -0.534 -0.692
0.0015467 -1.00000 9.70000 1.0775772333 2.4878199692    1.028  1.880  3.7245  2.420    4  0.000  0.437     0.00     0.00     0.00     0.00     0.00 -1    -1e-30      0.00 7.263e-01 2.721e-01 2.352e-04 1.377e-04 7.171e-04 -1.000 1.656e-03 0.071 3.825 4.080 2.665 1.427 0.920 1.079 0.997 0.775 0.290 0.188 0.047 -0.055 -0.240 -0.284 -0.533 -0.545 -0.703
0.0015467 -1.00000 9.70000 1.0777237415 2.4878457914    1.028  1.884  3.7239  2.413    4  0.000  0.437     0.00     0.00     0.00     0.00     0.00 -1    -1e-30      0.00 7.263e-01 2.721e-01 2.352e-04 1.377e-04 7.171e-04 -1.000 1.656e-03 0.060 3.819 4.096 2.670 1.425 0.917 1.073 0.990 0.767 0.280 0.178 0.036 -0.065 -0.251 -0.295 -0.545 -0.557 -0.716
0.0015467 -1.00000 9.70000 1.0778709650 2.4878717314    1.028  1.889  3.7232  2.406    4  0.000  0.437     0.00     0.00     0.00     0.00     0.00 -1    -1e-30      0.00 7.263e-01 2.721e-01 2.351e-04 1.378e-04 7.171e-04 -1.000 1.656e-03 0.047 3.813 4.114 2.677 1.423 0.913 1.067 0.982 0.758 0.269 0.167 0.025 -0.077 -0.264 -0.308 -0.558 -0.570 -0.730
0.0015467 -1.00000 9.70000 1.0780192614 2.4878978523    1.028  1.895  3.7224  2.396    4  0.000  0.437     0.00     0.00     0.00     0.00     0.00 -1    -1e-30      0.00 7.263e-01 2.721e-01 2.351e-04 1.378e-04 7.171e-04 -1.000 1.656e-03 0.032 3.806 4.138 2.686 1.421 0.908 1.060 0.974 0.748 0.256 0.154 0.011 -0.091 -0.279 -0.323 -0.574 -0.586 -0.747
0.0015467 -1.00000 9.70000 1.0781643391 2.4879233983    1.029  1.899  3.7218  2.390    4  0.000  0.436     0.00     0.00     0.00     0.00     0.00 -1    -1e-30      0.00 7.263e-01 2.721e-01 2.350e-04 1.379e-04 7.171e-04 -1.000 1.656e-03 0.021 3.800 4.152 2.690 1.419 0.904 1.054 0.967 0.740 0.247 0.144 0.001 -0.102 -0.289 -0.334 -0.586 -0.598 -0.759
0.0015467 -1.00000 9.70000 1.0783091784 2.4879488944    1.029  1.910  3.7203  2.373    4  0.000  0.436     0.00     0.00     0.00     0.00     0.00 -1    -1e-30      0.00 7.263e-01 2.721e-01 2.350e-04 1.379e-04 7.171e-04 -1.000 1.655e-03 -0.006 3.787 4.194 2.707 1.416 0.896 1.042 0.951 0.722 0.224 0.120 -0.024 -0.127 -0.316 -0.361 -0.614 -0.627 -0.789
0.0015467 -1.00000 9.70000 1.0784600973 2.4879754523    1.029  1.932  3.7174  2.341    4  0.000  0.436     0.00     0.00     0.00     0.00     0.00 -1    -1e-30      0.00 7.263e-01 2.721e-01 2.350e-04 1.380e-04 7.171e-04 -1.000 1.655e-03 -0.059 3.757 4.283 2.739 1.411 0.882 1.017 0.920 0.686 0.179 0.074 -0.073 -0.177 -0.368 -0.414 -0.670 -0.683 -0.848
0.0015467 -1.00000 9.70000 1.0785784721 2.4879962773    1.029  1.965  3.7132  2.290    4  0.000  0.436     0.00     0.00     0.00     0.00     0.00 -1    -1e-30      0.00 7.263e-01 2.721e-01 2.349e-04 1.380e-04 7.171e-04 -1.000 1.655e-03 -0.144 3.707 4.413 2.785 1.399 0.856 0.976 0.869 0.628 0.107 0.000 -0.150 -0.256 -0.450 -0.497 -0.758 -0.771 -0.941
0.0015467 -1.00000 9.70000 1.0786319971 2.4880056919    1.029  2.001  3.7091  2.238    4  0.000  0.436     0.00     0.00     0.00     0.00     0.00 -1    -1e-30      0.00 7.262e-01 2.721e-01 2.349e-04 1.380e-04 7.171e-04 -1.000 1.655e-03 -0.232 3.650 4.534 2.824 1.382 0.826 0.931 0.814 0.565 0.031 -0.078 -0.231 -0.339 -0.536 -0.584 -0.850 -0.863 -1.037
0.0015467 -1.00000 9.70000 1.0786544085 2.4880096336    1.029  2.035  3.7054  2.189    4  0.000  0.436     0.00     0.00     0.00     0.00     0.00 -1    -1e-30      0.00 7.262e-01 2.721e-01 2.349e-04 1.380e-04 7.171e-04 -1.000 1.655e-03 -0.317 3.590 4.651 2.859 1.366 0.798 0.887 0.760 0.505 -0.042 -0.152 -0.308 -0.418 -0.619 -0.667 -0.938 -0.951 -1.129
0.0015467 -1.00000 9.70000 1.0786647797 2.4880114576    1.029  2.070  3.7017  2.139    4  0.000  0.436     0.00     0.00     0.00     0.00     0.00 -1    -1e-30      0.00 7.262e-01 2.721e-01 2.349e-04 1.380e-04 7.171e-04 -1.000 1.655e-03 -0.406 3.526 4.758 2.889 1.344 0.765 0.838 0.703 0.440 -0.119 -0.231 -0.390 -0.501 -0.705 -0.754 -1.029 -1.043 -1.224
0.0015467 -1.00000 9.70000 1.0786696672 2.4880123171    1.029  2.104  3.6985  2.092    4  0.000  0.436     0.00     0.00     0.00     0.00     0.00 -1    -1e-30      0.00 7.262e-01 2.721e-01 2.349e-04 1.380e-04 7.171e-04 -1.000 1.655e-03 -0.490 3.463 4.852 2.915 1.322 0.733 0.791 0.647 0.378 -0.192 -0.305 -0.467 -0.579 -0.786 -0.836 -1.114 -1.129 -1.313
0.0015467 -1.00000 9.70000 1.0786715746 2.4880126526    1.029  2.124  3.6966  2.065    7  0.000  0.436     0.00     0.00     0.00     0.00     0.00 -1 -4.62e-13      0.00 7.262e-01 2.713e-01 2.349e-04 1.380e-04 7.171e-04 -1.000 2.472e-03 -0.540 3.424 4.906 2.930 1.310 0.714 0.764 0.614 0.342 -0.234 -0.349 -0.512 -0.625 -0.833 -0.884 -1.164 -1.179 -1.366
0.0015467 -1.00000 9.70000 1.0786728859 2.4880128832    1.029  2.142  3.6950  2.041    7  0.000  0.436     0.00     0.00     0.00     0.00     0.00 -1 -5.02e-13      0.00 7.262e-01 2.713e-01 2.349e-04 1.380e-04 7.171e-04 -1.000 2.472e-03 -0.585 3.389 4.952 2.941 1.297 0.696 0.738 0.585 0.309 -0.273 -0.388 -0.552 -0.667 -0.876 -0.927 -1.209 -1.224 -1.413
0.0015467 -1.00000 9.70000 1.0786758661 2.4880134073    1.029  2.183  3.6915  1.985    7  0.000  0.436     0.00     0.00     0.00     0.00     0.00 -1 -6.12e-13      0.00 7.262e-01 2.713e-01 2.349e-04 1.380e-04 7.171e-04 -1.000 2.472e-03 -0.689 3.307 5.050 2.966 1.267 0.654 0.678 0.514 0.231 -0.364 -0.481 -0.648 -0.763 -0.976 -1.028 -1.314 -1.330 -1.522
0.0015467 -1.00000 9.70000 1.0786789656 2.4880139524    1.029  2.226  3.6880  1.929    7  0.000  0.436     0.00     0.00     0.00     0.00     0.00 -1 -7.53e-13      0.00 7.262e-01 2.713e-01 2.349e-04 1.380e-04 7.171e-04 -1.000 2.472e-03 -0.794 3.223 5.152 3.007 1.246 0.621 0.621 0.445 0.154 -0.454 -0.573 -0.743 -0.861 -1.076 -1.130 -1.420 -1.436 -1.632
0.0015467 -1.00000 9.70000 1.0786873102 2.4880154199    1.029  2.268  3.6845  1.872    7  0.000  0.436     0.00     0.00     0.00     0.00     0.00 -1 -9.43e-13      0.00 7.262e-01 2.713e-01 2.349e-04 1.380e-04 7.171e-04 -1.000 2.472e-03 -0.901 3.137 5.215 3.060 1.237 0.596 0.568 0.378 0.078 -0.546 -0.667 -0.841 -0.960 -1.178 -1.233 -1.527 -1.543 -1.743
0.0015467 -1.00000 9.70000 1.0787086487 2.4880191724    1.029  2.211  3.6893  1.948    7  0.000  0.436     0.00     0.00     0.00     0.00     0.00 -1 -1.22e-12      0.00 7.262e-01 2.713e-01 2.349e-04 1.380e-04 7.171e-04 -1.000 2.484e-03 -0.758 3.252 5.115 2.989 1.250 0.630 0.638 0.467 0.180 -0.424 -0.542 -0.711 -0.828 -1.042 -1.095 -1.384 -1.400 -1.594
0.0015467 -1.00000 9.70000 1.0788187981 2.4880385403    1.027  2.237  3.6870  1.912    7  0.000  0.436     0.00     0.00     0.00     0.00     0.00 -1 -5.56e-10      0.00 7.262e-01 2.712e-01 2.349e-04 1.381e-04 7.171e-04 -1.000 2.606e-03 -0.823 3.201 5.180 3.021 1.242 0.614 0.606 0.427 0.134 -0.478 -0.597 -0.769 -0.887 -1.103 -1.157 -1.449 -1.464 -1.662
0.0015467 -1.00000 9.70000 1.0788756609 2.4880485368    1.026  2.279  3.6833  1.855    7  0.000  0.436     0.00     0.00     0.00     0.00     0.00 -1 -1.38e-09      0.00 7.262e-01 2.711e-01 2.349e-04 1.381e-04 7.171e-04 -1.000 2.620e-03 -0.928 3.116 5.228 3.092 1.248 0.600 0.560 0.365 0.061 -0.570 -0.691 -0.866 -0.986 -1.206 -1.260 -1.555 -1.572 -1.773
0.0015467 -1.00000 9.70000 1.0789111853 2.4880547814    1.025  2.311  3.6807  1.813    7  0.000  0.436     0.00     0.00     0.00     0.00     0.00 -1 -1.64e-09      0.00 7.262e-01 2.711e-01 2.349e-04 1.381e-04 7.171e-04 -1.000 2.620e-03 -1.007 3.053 5.249 3.154 1.260 0.596 0.530 0.322 0.007 -0.639 -0.762 -0.940 -1.061 -1.283 -1.338 -1.636 -1.652 -1.856
0.0015467 -1.00000 9.70000 1.0789470673 2.4880610884    1.024  2.343  3.6780  1.769    7  0.000  0.436     0.00     0.00     0.00     0.00     0.00 -1 -1.97e-09      0.00 7.262e-01 2.711e-01 2.349e-04 1.381e-04 7.171e-04 -1.000 2.619e-03 -1.089 2.987 5.279 3.227 1.275 0.593 0.499 0.278 -0.048 -0.710 -0.835 -1.015 -1.139 -1.363 -1.418 -1.719 -1.735 -1.942
0.0015467 -1.00000 9.70000 1.0789864063 2.4880680025    1.023  2.382  3.6748  1.717    7  0.000  0.436     0.00     0.00     0.00     0.00     0.00 -1 -2.44e-09      0.00 7.262e-01 2.711e-01 2.348e-04 1.381e-04 7.171e-04 -1.000 2.619e-03 -1.185 2.909 5.320 3.315 1.293 0.592 0.465 0.229 -0.111 -0.793 -0.921 -1.104 -1.230 -1.457 -1.513 -1.816 -1.833 -2.042
0.0015467 -1.00000 9.70000 1.0790221691 2.4880742876    1.022  2.421  3.6716  1.665    7  0.000  0.436     0.00     0.00     0.00     0.00     0.00 -1 -3.03e-09      0.00 7.262e-01 2.711e-01 2.348e-04 1.381e-04 7.171e-04 -1.000 2.619e-03 -1.283 2.829 5.364 3.404 1.310 0.590 0.432 0.179 -0.175 -0.877 -1.008 -1.195 -1.323 -1.552 -1.609 -1.916 -1.933 -2.145
0.0015467 -1.00000 9.70000 1.0790544748 2.4880799646    1.020  2.461  3.6683  1.611    7  0.000  0.436     0.00     0.00     0.00     0.00     0.00 -1 -3.77e-09      0.00 7.262e-01 2.712e-01 2.348e-04 1.381e-04 7.171e-04 -1.000 2.594e-03 -1.383 2.748 5.413 3.505 1.334 0.594 0.402 0.131 -0.237 -0.961 -1.095 -1.285 -1.416 -1.648 -1.706 -2.016 -2.033 -2.249
0.0015467 -1.00000 9.70000 1.0790841579 2.4880851805    1.018  2.502  3.6650  1.556    7  0.000  0.436     6.51     5.14     3.68     2.82     2.28  4 -4.73e-09      0.00 7.262e-01 2.712e-01 2.348e-04 1.381e-04 7.171e-04 -1.000 2.577e-03 -1.485 2.665 5.459 3.611 1.360 0.600 0.375 0.086 -0.299 -1.046 -1.183 -1.377 -1.510 -1.745 -1.804 -2.117 -2.135 -2.354
0.0015467 -1.00000 9.70000 1.0791108608 2.4880898724    1.016  2.543  3.6616  1.500    7  0.000  0.436     7.30     5.68     4.05     3.10     2.52  4 -5.92e-09      0.00 7.263e-01 2.712e-01 2.348e-04 1.382e-04 7.171e-04 -1.000 2.546e-03 -1.588 2.582 5.510 3.717 1.387 0.609 0.351 0.042 -0.360 -1.130 -1.271 -1.469 -1.604 -1.843 -1.902 -2.219 -2.237 -2.460
0.0015467 -1.00000 9.70000 1.0791351795 2.4880941451    1.014  2.585  3.6565  1.437    7  0.000  0.435     8.32     6.36     4.51     3.46     2.81  3 -7.43e-09      0.00 7.263e-01 2.712e-01 2.345e-04 1.382e-04 7.171e-04 -1.000 2.546e-03 -1.691 2.508 5.626 3.900 1.467 0.668 0.365 0.028 -0.397 -1.201 -1.346 -1.551 -1.689 -1.934 -1.994 -2.317 -2.336 -2.564
0.0015467 -1.00000 9.70000 1.0791516304 2.4880970354    1.011  2.615  3.6511  1.384    7  0.000  0.435     9.28     6.99     4.94     3.80     3.08  3 -8.86e-09      0.00 7.263e-01 2.712e-01 2.342e-04 1.385e-04 7.171e-04 -1.000 2.538e-03 -1.768 2.460 5.805 4.071 1.540 0.729 0.392 0.032 -0.409 -1.240 -1.389 -1.600 -1.741 -1.992 -2.054 -2.385 -2.404 -2.640
0.0015467 -1.00000 9.70000 1.0791717768 2.4881005748    1.008  2.656  3.6476  1.328    7  0.000  0.432    10.42     7.73     5.43     4.18     3.39  3 -1.11e-08      0.00 7.262e-01 2.712e-01 2.330e-04 1.395e-04 7.171e-04 -1.000 2.557e-03 -1.869 2.379 5.874 4.158 1.556 0.738 0.370 -0.008 -0.462 -1.314 -1.466 -1.681 -1.825 -2.080 -2.143 -2.481 -2.500 -2.740
0.0015467 -1.00000 9.70000 1.0791907310 2.4881039046    1.005  2.696  3.6442  1.273    7  0.000  0.429    11.68     8.54     5.97     4.61     3.74  3 -1.38e-08      0.00 7.262e-01 2.712e-01 2.312e-04 1.417e-04 7.171e-04 -1.000 2.573e-03 -1.970 2.298 5.929 4.236 1.568 0.743 0.346 -0.050 -0.517 -1.387 -1.542 -1.762 -1.908 -2.168 -2.232 -2.575 -2.595 -2.840
0.0015467 -1.00000 9.70000 1.0792088509 2.4881070877    1.001  2.737  3.6408  1.217    7  0.000  0.425    13.11     9.44     6.57     5.08     4.12  3 -1.72e-08      0.00 7.262e-01 2.712e-01 2.291e-04 1.441e-04 7.171e-04 -1.000 2.580e-03 -2.072 2.216 5.982 4.315 1.580 0.749 0.322 -0.092 -0.571 -1.462 -1.620 -1.845 -1.992 -2.256 -2.322 -2.671 -2.691 -2.941
0.0015467 -1.00000 9.70000 1.0792262554 2.4881101450    0.995  2.778  3.6373  1.159    7  0.000  0.421    14.75    10.46     7.25     5.61     4.55  3 -2.16e-08      0.00 7.262e-01 2.713e-01 2.273e-04 1.464e-04 7.171e-04 -1.000 2.574e-03 -2.175 2.133 6.025 4.396 1.595 0.759 0.300 -0.132 -0.624 -1.535 -1.696 -1.926 -2.076 -2.344 -2.412 -2.766 -2.787 -3.042
0.0015467 -1.00000 9.70000 1.0792422295 2.4881129509    0.989  2.819  3.6338  1.101    7  0.000  0.418    16.61    11.59     8.00     6.20     5.03  3  -2.7e-08      0.00 7.262e-01 2.713e-01 2.256e-04 1.485e-04 7.171e-04 -1.000 2.531e-03 -2.278 2.051 6.060 4.478 1.612 0.770 0.281 -0.171 -0.675 -1.607 -1.771 -2.006 -2.158 -2.432 -2.501 -2.861 -2.882 -3.143
0.0015467 -1.00000 9.70000 1.0792580843 2.4881157358    0.982  2.860  3.6301  1.042    7  0.000  0.415    18.75    12.87     8.84     6.86     5.57  2 -3.39e-08      0.00 7.261e-01 2.713e-01 2.241e-04 1.503e-04 7.171e-04 -1.000 2.531e-03 -2.380 1.970 6.096 4.568 1.635 0.789 0.266 -0.204 -0.723 -1.677 -1.844 -2.084 -2.239 -2.518 -2.589 -2.955 -2.977 -3.243
0.0015467 -1.00000 9.70000 1.0792739391 2.4881185207    0.973  2.902  3.6263  0.981    7  0.000  0.413    21.24    14.34     9.79     7.62     6.19  2 -4.25e-08      0.00 7.261e-01 2.713e-01 2.228e-04 1.519e-04 7.171e-04 -1.000 2.531e-03 -2.484 1.890 6.116 4.662 1.666 0.817 0.262 -0.229 -0.764 -1.742 -1.913 -2.159 -2.316 -2.601 -2.674 -3.048 -3.071 -3.343
0.0015467 -1.00000 9.70000 1.0792891979 2.4881212007    0.961  2.943  3.6223  0.919    7  0.000  0.411    24.14    16.01    10.88     8.49     6.89  2 -5.45e-08      0.00 7.261e-01 2.714e-01 2.217e-04 1.532e-04 7.170e-04 -1.000 2.531e-03 -2.588 1.811 6.134 4.763 1.707 0.856 0.269 -0.244 -0.797 -1.804 -1.978 -2.232 -2.392 -2.684 -2.759 -3.141 -3.164 -3.443
0.0015467 -1.00000 9.70000 1.0793015957 2.4881233781    0.949  2.985  3.6182  0.856    7  0.000  0.409    27.43    17.88    12.09     9.45     7.67  2 -6.92e-08      0.00 7.261e-01 2.714e-01 2.208e-04 1.543e-04 7.170e-04 -1.000 2.529e-03 -2.691 1.733 6.147 4.863 1.749 0.896 0.278 -0.257 -0.828 -1.863 -2.042 -2.303 -2.466 -2.764 -2.842 -3.233 -3.256 -3.542
0.0015467 -1.00000 9.70000 1.0793100595 2.4881248646    0.939  3.024  3.6145  0.797    7  0.000  0.407    30.95    19.84    13.35    10.45     8.49  2 -8.65e-08      0.00 7.261e-01 2.714e-01 2.200e-04 1.553e-04 7.169e-04 -1.000 2.523e-03 -2.790 1.658 6.149 4.949 1.784 0.931 0.285 -0.271 -0.858 -1.920 -2.102 -2.371 -2.536 -2.841 -2.921 -3.320 -3.345 -3.637
0.0015467 -1.00000 9.70000 1.0793172121 2.4881261208    0.928  3.063  3.6108  0.738    7  0.000  0.406    34.92    22.01    14.73    11.56     9.39  2 -1.07e-07      0.00 7.260e-01 2.715e-01 2.194e-04 1.562e-04 7.167e-04 -1.000 2.526e-03 -2.887 1.586 6.154 5.039 1.823 0.969 0.295 -0.281 -0.885 -1.974 -2.160 -2.436 -2.604 -2.916 -2.998 -3.405 -3.431 -3.729
0.0015467 -1.00000 9.70000 1.0793241262 2.4881273351    0.915  3.103  3.6068  0.675    7  0.000  0.405    39.65    24.54    16.34    12.85    10.44  1 -1.35e-07      0.00 7.260e-01 2.715e-01 2.188e-04 1.569e-04 7.166e-04 -1.000 2.504e-03 -2.988 1.512 6.145 5.126 1.862 1.010 0.311 -0.285 -0.908 -2.026 -2.215 -2.500 -2.671 -2.990 -3.075 -3.492 -3.518 -3.824
0.0015467 -1.00000 9.70000 1.0793294907 2.4881282772    0.903  3.138  3.6032  0.620    7  0.000  0.405    44.43    27.04    17.93    14.12    11.48  1 -1.67e-07      0.00 7.260e-01 2.715e-01 2.184e-04 1.574e-04 7.164e-04 -1.000 2.525e-03 -3.076 1.448 6.135 5.203 1.899 1.048 0.330 -0.283 -0.923 -2.069 -2.262 -2.554 -2.727 -3.053 -3.141 -3.567 -3.594 -3.906
0.0015467 -1.00000 9.70000 1.0793352127 2.4881292821    0.886  3.179  3.5989  0.554    7  0.000  0.404    50.82    30.33    19.99    15.78    12.83  1 -2.12e-07      0.00 7.260e-01 2.715e-01 2.180e-04 1.580e-04 7.162e-04 -1.000 2.525e-03 -3.177 1.376 6.118 5.290 1.941 1.094 0.358 -0.276 -0.937 -2.115 -2.312 -2.613 -2.789 -3.124 -3.215 -3.652 -3.680 -4.000
0.0015467 -1.00000 9.70000 1.0793401003 2.4881301405    0.867  3.218  3.5946  0.489    7  0.000  0.404    58.02    33.93    22.24    17.60    14.31  1 -2.72e-07      0.00 7.259e-01 2.715e-01 2.180e-04 1.581e-04 7.162e-04 -1.000 2.530e-03 -3.275 1.309 6.096 5.370 1.980 1.138 0.394 -0.260 -0.941 -2.153 -2.355 -2.665 -2.844 -3.189 -3.283 -3.731 -3.760 -4.090
0.0015467 -1.00000 9.70000 1.0793414116 2.4881303708    0.861  3.223  3.5939  0.477    7  0.000  0.404    59.32    34.56    22.63    17.92    14.57  1 -2.86e-07      0.00 7.259e-01 2.715e-01 2.178e-04 1.584e-04 7.161e-04 -1.000 2.527e-03 -3.288 1.300 6.094 5.385 1.988 1.147 0.404 -0.253 -0.938 -2.157 -2.359 -2.671 -2.850 -3.197 -3.291 -3.742 -3.771 -4.102
0.0015467 -1.00000 9.70000 1.0793415308 2.4881303917    0.861  3.215  3.5948  0.489    7  0.000  0.404    57.84    33.82    22.17    17.55    14.27  1 -2.74e-07      0.00 7.259e-01 2.715e-01 2.178e-04 1.584e-04 7.161e-04 -1.000 2.526e-03 -3.266 1.316 6.102 5.373 1.984 1.142 0.399 -0.255 -0.936 -2.147 -2.348 -2.659 -2.837 -3.182 -3.276 -3.724 -3.752 -4.082
0.0015467 -1.00000 9.70000 1.0793416500 2.4881304126    0.860  3.235  3.5927  0.460    7  0.000  0.403    61.55    35.67    23.33    18.48    15.03  1 -3.02e-07      0.00 7.259e-01 2.716e-01 2.175e-04 1.589e-04 7.158e-04 -1.000 2.525e-03 -3.319 1.279 6.084 5.404 1.995 1.156 0.415 -0.248 -0.940 -2.169 -2.372 -2.688 -2.868 -3.217 -3.313 -3.767 -3.797 -4.131
0.0015467 -1.00000 9.70000 1.0793417692 2.4881304336    0.859  3.205  3.5957  0.502    7  0.000  0.403    56.28    33.03    21.68    17.15    13.94  1 -2.65e-07      0.00 7.259e-01 2.716e-01 2.175e-04 1.589e-04 7.158e-04 -1.000 2.524e-03 -3.242 1.334 6.111 5.361 1.981 1.138 0.394 -0.255 -0.932 -2.136 -2.336 -2.644 -2.822 -3.164 -3.257 -3.703 -3.731 -4.059
0.0015467 -1.00000 9.70000 1.0793421268 2.4881304964    0.858  3.207  3.5954  0.498    7  0.000  0.403    56.74    33.26    21.82    17.27    14.04  1 -2.68e-07      0.00 7.259e-01 2.716e-01 2.174e-04 1.589e-04 7.158e-04 -1.000 2.522e-03 -3.248 1.330 6.110 5.366 1.983 1.141 0.396 -0.254 -0.932 -2.138 -2.338 -2.647 -2.825 -3.168 -3.262 -3.708 -3.736 -4.065
0.0015467 -1.00000 9.70000 1.0793424845 2.4881305592    0.856  3.222  3.5940  0.477    7  0.000  0.403    59.28    34.53    22.61    17.91    14.56  1 -2.89e-07      0.00 7.259e-01 2.716e-01 2.174e-04 1.590e-04 7.158e-04 -1.000 2.519e-03 -3.284 1.304 6.098 5.388 1.991 1.150 0.407 -0.250 -0.935 -2.153 -2.355 -2.668 -2.847 -3.193 -3.287 -3.738 -3.767 -4.098
0.0015467 -1.00000 9.70000 1.0793428421 2.4881306220    0.855  3.237  3.5924  0.455    7  0.000  0.403    62.15    35.95    23.50    18.62    15.14  1 -3.12e-07      0.00 7.259e-01 2.716e-01 2.173e-04 1.591e-04 7.157e-04 -1.000 2.517e-03 -3.323 1.277 6.085 5.412 2.000 1.161 0.420 -0.244 -0.937 -2.169 -2.372 -2.689 -2.869 -3.219 -3.315 -3.770 -3.799 -4.134
0.0015467 -1.00000 9.70000 1.0793431997 2.4881306848    0.853  3.260  3.5902  0.422    7  0.000  0.403    66.50    38.09    24.83    19.70    16.02  1 -3.47e-07      0.00 7.259e-01 2.716e-01 2.172e-04 1.593e-04 7.157e-04 -1.000 2.524e-03 -3.379 1.236 6.066 5.445 2.011 1.175 0.437 -0.236 -0.941 -2.192 -2.398 -2.720 -2.902 -3.258 -3.355 -3.817 -3.847 -4.186
0.0015467 -1.00000 9.70000 1.0793437958 2.4881307895    0.849  3.289  3.5873  0.379    7  0.000  0.403    72.80    41.15    26.73    21.23    17.27  1 -4.01e-07      0.00 7.259e-01 2.716e-01 2.171e-04 1.595e-04 7.155e-04 -1.000 2.511e-03 -3.453 1.184 6.037 5.483 2.023 1.192 0.464 -0.222 -0.942 -2.219 -2.429 -2.758 -2.942 -3.304 -3.406 -3.878 -3.909 -4.255
0.0015467 -1.00000 9.70000 1.0793443918 2.4881308941    0.844  3.329  3.5832  0.320    7  0.000  0.402    82.42    45.74    29.57    23.53    19.14  1 -4.88e-07      0.00 7.259e-01 2.716e-01 2.168e-04 1.601e-04 7.153e-04 -1.000 2.508e-03 -3.554 1.115 5.997 5.532 2.035 1.212 0.502 -0.199 -0.941 -2.254 -2.468 -2.808 -2.994 -3.367 -3.475 -3.961 -3.992 -4.347
0.0015467 -1.00000 9.70000 1.0793454647 2.4881310825    0.833  3.376  3.5782  0.247    7  0.000  0.402    95.78    51.96    33.38    26.62    21.66  1 -6.29e-07      0.00 7.258e-01 2.716e-01 2.164e-04 1.608e-04 7.148e-04 -1.000 2.531e-03 -3.671 1.036 5.949 5.587 2.048 1.236 0.555 -0.163 -0.929 -2.287 -2.506 -2.859 -3.049 -3.434 -3.549 -4.054 -4.087 -4.453
0.0015467 -1.00000 9.70000 1.0793467760 2.4881313128    0.816  3.403  3.5751  0.199    7  0.000  0.402   105.70    56.39    36.08    28.83    23.46  1 -7.49e-07      0.00 7.258e-01 2.716e-01 2.162e-04 1.613e-04 7.146e-04 -1.000 2.531e-03 -3.737 0.995 5.923 5.622 2.058 1.253 0.598 -0.129 -0.911 -2.296 -2.519 -2.881 -3.071 -3.467 -3.586 -4.104 -4.138 -4.513
0.0015467 -1.00000 9.70000 1.0965409279 2.4910964848    0.544 -9.999  4.9665  6.763    9  0.545  0.000     0.00     0.00     0.00     0.00     0.00 -1    -1e-30      0.00 7.252e-01 2.732e-01 2.244e-04 1.654e-04 7.173e-04 -1.000 1.584e-03 29.767 32.023 32.612 33.068 33.538 33.970 35.322 35.763 35.790 36.061 36.116 36.154 36.205 36.285 36.304 36.433 36.451 36.638
