 Zini     MH   logAge Mini        int_IMF         Mass   logL    logTe  logg  label   McoreTP C_O  period0  period1  period2  period3  period4  pmode  Mloss  tau1m   X   Y   Xc  Xn  Xo  Cexcess  Z 	 mbolmag  F170Wmag  F218Wmag  F255Wmag  F300Wmag  F336Wmag  F380Wmag  F439Wmag  F450Wmag  F555Wmag  F569Wmag  F606Wmag  F622Wmag  F675Wmag  F702Wmag  F791Wmag  F814Wmag  F850LPmag
0.00123 -1.10000 9.70000 0.0900000036 1.0816895926    0.090 -3.228  3.4500  5.373    1  0.000  0.545     0.00     0.00     0.00     0.00     0.00 -1  -5.1e-17      0.00 7.471e-01 2.516e-01 2.335e-04 6.300e-05 5.714e-04 -1.000 1.299e-03 12.841 17.799 22.741 23.427 19.390 19.055 20.060 18.863 17.822 16.269 16.054 15.437 15.269 14.402 13.785 12.544 12.456 11.758
0.00123 -1.10000 9.70000 0.0990664735 1.1632606842    0.099 -3.003  3.4820  5.317    1  0.000  0.545     0.00     0.00     0.00     0.00     0.00 -1 -8.72e-17      0.00 7.467e-01 2.520e-01 2.335e-04 6.300e-05 5.714e-04 -1.000 1.299e-03 12.277 17.105 22.052 22.449 18.447 17.844 18.189 17.171 16.353 14.829 14.613 14.127 13.942 13.297 12.865 11.846 11.782 11.211
0.00123 -1.10000 9.70000 0.1000000089 1.1711064744    0.100 -2.981  3.4852  5.311    1  0.000  0.545     0.00     0.00     0.00     0.00     0.00 -1 -9.19e-17      0.00 7.466e-01 2.521e-01 2.335e-04 6.300e-05 5.714e-04 -1.000 1.299e-03 12.222 17.036 21.982 22.336 18.347 17.722 18.014 17.016 16.215 14.696 14.480 14.006 13.819 13.193 12.778 11.780 11.718 11.159
0.00123 -1.10000 9.70000 0.1129504666 1.2709968003    0.113 -2.792  3.5072  5.264    1  0.000  0.545     0.00     0.00     0.00     0.00     0.00 -1 -1.41e-16      0.00 7.461e-01 2.526e-01 2.335e-04 6.300e-05 5.714e-04 -1.000 1.299e-03 11.750 16.470 21.392 21.373 17.521 16.775 16.751 15.895 15.207 13.746 13.532 13.123 12.927 12.417 12.099 11.245 11.193 10.707
0.00123 -1.10000 9.70000 0.1199999973 1.3193154249    0.120 -2.698  3.5182  5.240    1  0.000  0.545     0.00     0.00     0.00     0.00     0.00 -1 -1.74e-16      0.00 7.457e-01 2.530e-01 2.335e-04 6.300e-05 5.714e-04 -1.000 1.299e-03 11.516 16.189 21.085 20.835 17.089 16.301 16.158 15.371 14.732 13.312 13.101 12.712 12.514 12.047 11.772 10.984 10.937 10.482
0.00123 -1.10000 9.70000 0.1400000006 1.4384526719    0.140 -2.516  3.5352  5.193    1  0.000  0.545     0.00     0.00     0.00     0.00     0.00 -1 -2.59e-16      0.00 7.451e-01 2.536e-01 2.335e-04 6.300e-05 5.714e-04 -1.000 1.299e-03 11.061 15.663 20.492 19.872 16.305 15.477 15.207 14.515 13.943 12.603 12.398 12.032 11.834 11.413 11.192 10.497 10.455 10.041
0.00123 -1.10000 9.70000 0.1599999964 1.5372931554    0.160 -2.379  3.5460  5.157    1  0.000  0.545     0.00     0.00     0.00     0.00     0.00 -1 -3.47e-16      0.00 7.444e-01 2.543e-01 2.335e-04 6.300e-05 5.714e-04 -1.000 1.299e-03 10.718 15.276 20.045 19.188 15.747 14.904 14.580 13.941 13.409 12.123 11.922 11.567 11.369 10.969 10.778 10.137 10.097 9.707
0.00123 -1.10000 9.70000 0.2000000179 1.6938791367    0.200 -2.168  3.5605  5.101    1  0.000  0.545     0.00     0.00     0.00     0.00     0.00 -1 -5.37e-16      0.00 7.435e-01 2.552e-01 2.335e-04 6.300e-05 5.714e-04 -1.000 1.299e-03 10.190 14.692 19.353 18.183 14.928 14.074 13.702 13.129 12.642 11.431 11.237 10.892 10.698 10.320 10.164 9.590 9.554 9.191
0.00123 -1.10000 9.70000 0.2500000000 1.8403257998    0.250 -1.967  3.5720  5.043    1  0.000  0.545     0.00     0.00     0.00     0.00     0.00 -1 -8.16e-16      0.00 7.429e-01 2.558e-01 2.335e-04 6.300e-05 5.714e-04 -1.000 1.299e-03 9.687 14.146 18.691 17.286 14.192 13.339 12.949 12.422 11.965 10.814 10.625 10.289 10.098 9.734 9.602 9.076 9.043 8.700
0.00123 -1.10000 9.70000 0.3000000715 1.9529140962    0.300 -1.806  3.5807  4.996    1  0.000  0.545     0.00     0.00     0.00     0.00     0.00 -1 -1.14e-15      0.00 7.428e-01 2.559e-01 2.335e-04 6.300e-05 5.714e-04 -1.000 1.299e-03 9.285 13.714 18.169 16.626 13.620 12.768 12.376 11.879 11.442 10.335 10.151 9.823 9.635 9.281 9.162 8.666 8.635 8.305
0.00123 -1.10000 9.70000 0.3500000238 2.0434175133    0.350 -1.668  3.5877  4.952    1  0.000  0.545     0.00     0.00     0.00     0.00     0.00 -1 -1.52e-15      0.00 7.477e-01 2.510e-01 2.335e-04 6.300e-05 5.714e-04 -1.000 1.299e-03 8.939 13.345 17.703 16.047 13.134 12.286 11.902 11.427 11.004 9.932 9.752 9.432 9.247 8.901 8.792 8.317 8.286 7.966
0.00123 -1.10000 9.70000 0.4000000358 2.1185024810    0.400 -1.522  3.5985  4.908    1  0.000  0.545     0.00     0.00     0.00     0.00     0.00 -1  -2.1e-15      0.00 7.480e-01 2.507e-01 2.335e-04 6.300e-05 5.714e-04 -1.000 1.299e-03 8.575 12.945 17.155 15.358 12.558 11.716 11.354 10.906 10.503 9.485 9.311 9.004 8.823 8.490 8.392 7.945 7.916 7.611
0.00123 -1.10000 9.70000 0.4500000477 2.1822809714    0.450 -1.352  3.6142  4.852    1  0.000  0.545     0.00     0.00     0.00     0.00     0.00 -1 -3.12e-15      0.00 7.480e-01 2.507e-01 2.335e-04 6.300e-05 5.714e-04 -1.000 1.299e-03 8.150 12.470 16.521 14.547 11.829 10.992 10.679 10.265 9.892 8.948 8.785 8.499 8.325 8.013 7.926 7.511 7.485 7.201
0.00123 -1.10000 9.70000 0.5000000000 2.2374541529    0.500 -1.162  3.6391  4.807    1  0.000  0.545     0.00     0.00     0.00     0.00     0.00 -1 -4.84e-15      0.00 7.480e-01 2.507e-01 2.335e-04 6.300e-05 5.714e-04 -1.000 1.299e-03 7.675 11.910 15.414 13.282 10.853 10.040 9.842 9.469 9.134 8.305 8.160 7.908 7.747 7.469 7.396 7.029 7.007 6.755
0.00123 -1.10000 9.70000 0.5043394566 2.2418832898    0.504 -1.144  3.6418  4.804    1  0.000  0.545     0.00     0.00     0.00     0.00     0.00 -1 -5.04e-15      0.00 7.493e-01 2.494e-01 2.324e-04 6.270e-05 5.686e-04 -1.000 1.292e-03 7.629 11.855 15.319 13.165 10.751 9.940 9.757 9.389 9.059 8.242 8.099 7.851 7.691 7.417 7.345 6.983 6.962 6.713
0.00123 -1.10000 9.70000 0.5500000715 2.2836583126    0.550 -0.963  3.6692  4.769    1  0.000  0.545     0.00     0.00     0.00     0.00     0.00 -1 -7.61e-15      0.00 7.628e-01 2.360e-01 2.207e-04 5.956e-05 5.403e-04 -1.000 1.214e-03 7.176 11.289 14.049 11.800 9.687 8.924 8.907 8.604 8.315 7.618 7.493 7.284 7.140 6.902 6.843 6.527 6.509 6.295
0.00123 -1.10000 9.70000 0.6000000238 2.3211213258    0.600 -0.780  3.6956  4.730    1  0.000  0.544     0.00     0.00     0.00     0.00     0.00 -1 -1.16e-14      0.00 7.665e-01 2.323e-01 2.178e-04 5.880e-05 5.334e-04 -1.000 1.201e-03 6.721 10.698 12.460 10.369 8.645 7.975 8.103 7.893 7.631 7.032 6.919 6.742 6.617 6.405 6.353 6.071 6.057 5.872
0.00123 -1.10000 9.70000 0.6063942313 2.3254026248    0.606 -0.757  3.6992  4.726    1  0.000  0.544     0.00     0.00     0.00     0.00     0.00 -1 -1.22e-14      0.00 7.670e-01 2.318e-01 2.174e-04 5.868e-05 5.324e-04 -1.000 1.206e-03 6.662 10.619 12.211 10.178 8.511 7.855 8.002 7.804 7.546 6.959 6.847 6.674 6.552 6.342 6.292 6.014 6.000 5.819
0.00123 -1.10000 9.70000 0.6468257904 2.3502355839    0.647 -0.613  3.7217  4.701    1  0.000  0.544     0.00     0.00     0.00     0.00     0.00 -1  -1.7e-14      0.00 7.706e-01 2.283e-01 2.145e-04 5.791e-05 5.255e-04 -1.000 1.171e-03 6.303 10.103 10.707 9.096 7.731 7.158 7.406 7.282 7.048 6.527 6.424 6.271 6.161 5.970 5.924 5.670 5.659 5.500
0.00123 -1.10000 9.70000 0.6499999762 2.3520353107    0.650 -0.602  3.7234  4.699    1  0.000  0.544     0.00     0.00     0.00     0.00     0.00 -1 -1.74e-14      0.00 7.709e-01 2.280e-01 2.143e-04 5.784e-05 5.249e-04 -1.000 1.180e-03 6.275 10.061 10.601 9.019 7.674 7.107 7.362 7.243 7.011 6.495 6.392 6.241 6.132 5.942 5.897 5.644 5.633 5.476
0.00123 -1.10000 9.70000 0.6676609516 2.3616905638    0.668 -0.541  3.7327  4.686    1  0.000  0.544     0.00     0.00     0.00     0.00     0.00 -1 -2.01e-14      0.00 7.727e-01 2.260e-01 2.128e-04 5.746e-05 5.214e-04 -1.000 1.215e-03 6.122 9.827 10.043 8.610 7.370 6.835 7.125 7.032 6.811 6.320 6.220 6.076 5.972 5.788 5.745 5.502 5.491 5.343
0.00123 -1.10000 9.70000 0.6912684441 2.3737149119    0.691 -0.460  3.7447  4.669    1  0.000  0.544     0.00     0.00     0.00     0.00     0.00 -1 -2.42e-14      0.00 7.754e-01 2.234e-01 2.107e-04 5.690e-05 5.164e-04 -1.000 1.201e-03 5.921 9.502 9.352 8.096 6.991 6.498 6.825 6.763 6.556 6.096 6.000 5.865 5.766 5.590 5.550 5.318 5.308 5.170
0.00123 -1.10000 9.70000 0.7000000477 2.3779267258    0.700 -0.431  3.7490  4.662    1  0.000  0.544     0.00     0.00     0.00     0.00     0.00 -1 -2.59e-14      0.00 7.765e-01 2.224e-01 2.099e-04 5.669e-05 5.145e-04 -1.000 1.174e-03 5.848 9.375 9.099 7.908 6.856 6.379 6.717 6.666 6.463 6.015 5.920 5.789 5.691 5.519 5.480 5.252 5.243 5.109
0.00123 -1.10000 9.70000 0.7014452219 2.3786122051    0.701 -0.426  3.7497  4.661    1  0.000  0.544     0.00     0.00     0.00     0.00     0.00 -1 -2.62e-14      0.00 7.767e-01 2.222e-01 2.097e-04 5.664e-05 5.141e-04 -1.000 1.169e-03 5.836 9.354 9.058 7.877 6.834 6.360 6.700 6.650 6.448 6.002 5.907 5.776 5.679 5.508 5.468 5.241 5.232 5.099
0.00123 -1.10000 9.70000 0.7259030342 2.3897387101    0.726 -0.345  3.7612  4.641    1  0.000  0.540     0.00     0.00     0.00     0.00     0.00 -1 -3.18e-14      0.00 7.803e-01 2.186e-01 2.055e-04 5.587e-05 5.076e-04 -1.000 1.164e-03 5.632 8.982 8.413 7.385 6.473 6.043 6.410 6.385 6.197 5.782 5.692 5.569 5.478 5.315 5.278 5.063 5.055 4.932
0.00123 -1.10000 9.70000 0.7484090328 2.3992418992    0.748 -0.271  3.7714  4.621    1  0.000  0.536     0.00     0.00     0.00     0.00     0.00 -1  -3.8e-14      0.00 7.840e-01 2.149e-01 2.015e-04 5.508e-05 5.009e-04 -1.000 1.103e-03 5.447 8.620 7.884 6.971 6.165 5.772 6.157 6.150 5.975 5.587 5.501 5.385 5.298 5.143 5.108 4.902 4.895 4.781
0.00123 -1.10000 9.70000 0.7500000000 2.3998889087    0.750 -0.266  3.7721  4.619    1  0.000  0.536     0.00     0.00     0.00     0.00     0.00 -1 -3.85e-14      0.00 7.842e-01 2.147e-01 2.012e-04 5.503e-05 5.004e-04 -1.000 1.102e-03 5.434 8.593 7.848 6.943 6.144 5.753 6.140 6.134 5.959 5.573 5.488 5.373 5.286 5.131 5.096 4.891 4.884 4.770
0.00123 -1.10000 9.70000 0.7728456259 2.4088429049    0.773 -0.191  3.7803  4.590    1  0.000  0.536     0.00     0.00     0.00     0.00     0.00 -1 -4.66e-14      0.00 7.907e-01 2.082e-01 1.964e-04 5.373e-05 4.887e-04 -1.000 1.114e-03 5.247 8.248 7.406 6.585 5.864 5.502 5.902 5.909 5.744 5.380 5.298 5.188 5.105 4.956 4.923 4.726 4.720 4.613
0.00123 -1.10000 9.70000 0.7946320176 2.4168325418    0.794 -0.120  3.7877  4.560    1  0.000  0.535     0.00     0.00     0.00     0.00     0.00 -1 -5.59e-14      0.00 7.977e-01 2.012e-01 1.912e-04 5.232e-05 4.761e-04 -1.000 1.110e-03 5.070 7.922 7.033 6.277 5.618 5.282 5.684 5.699 5.543 5.198 5.119 5.014 4.934 4.791 4.759 4.569 4.563 4.462
0.00123 -1.10000 9.70000 0.8000000715 2.4187244613    0.800 -0.102  3.7894  4.553    1  0.000  0.535     0.00     0.00     0.00     0.00     0.00 -1 -5.85e-14      0.00 7.995e-01 1.994e-01 1.898e-04 5.194e-05 4.728e-04 -1.000 1.093e-03 5.026 7.841 6.944 6.203 5.558 5.228 5.631 5.647 5.494 5.153 5.075 4.971 4.891 4.750 4.718 4.530 4.524 4.425
0.00123 -1.10000 9.70000 0.8086493611 2.4217121393    0.808 -0.074  3.7922  4.541    1  0.000  0.535     0.00     0.00     0.00     0.00     0.00 -1  -6.3e-14      0.00 8.017e-01 1.972e-01 1.882e-04 5.152e-05 4.690e-04 -1.000 1.064e-03 4.955 7.714 6.805 6.087 5.464 5.144 5.547 5.565 5.415 5.081 5.004 4.902 4.823 4.684 4.653 4.467 4.462 4.365
0.00123 -1.10000 9.70000 0.8322174549 2.4294919290    0.832  0.003  3.7995  4.505    1  0.000  0.534     0.00     0.00     0.00     0.00     0.00 -1 -7.73e-14      0.00 8.072e-01 1.917e-01 1.841e-04 5.046e-05 4.596e-04 -1.000 1.041e-03 4.762 7.368 6.439 5.778 5.212 4.916 5.317 5.340 5.199 4.883 4.809 4.712 4.636 4.503 4.473 4.294 4.289 4.198
0.00123 -1.10000 9.70000 0.8500000238 2.4350346840    0.849  0.062  3.8049  4.477    1  0.000  0.534     0.00     0.00     0.00     0.00     0.00 -1 -9.05e-14      0.00 8.108e-01 1.881e-01 1.816e-04 4.978e-05 4.536e-04 -1.000 1.037e-03 4.615 7.114 6.183 5.560 5.032 4.753 5.146 5.171 5.036 4.732 4.661 4.567 4.494 4.364 4.335 4.162 4.158 4.071
0.00123 -1.10000 9.70000 0.8577533960 2.4373688019    0.857  0.087  3.8073  4.465    1  0.000  0.533     0.00     0.00     0.00     0.00     0.00 -1 -9.68e-14      0.00 8.111e-01 1.878e-01 1.816e-04 4.980e-05 4.539e-04 -1.000 1.036e-03 4.551 7.004 6.073 5.467 4.954 4.682 5.072 5.097 4.965 4.667 4.596 4.504 4.432 4.304 4.276 4.105 4.101 4.016
0.00123 -1.10000 9.70000 0.8771584630 2.4430031612    0.876  0.152  3.8131  4.432    1  0.000  0.533     0.00     0.00     0.00     0.00     0.00 -1 -1.15e-13      0.00 8.116e-01 1.873e-01 1.820e-04 4.993e-05 4.552e-04 -1.000 1.029e-03 4.389 6.731 5.807 5.238 4.763 4.508 4.885 4.911 4.784 4.500 4.431 4.343 4.274 4.151 4.123 3.958 3.954 3.875
0.00123 -1.10000 9.70000 0.8947903514 2.4478797288    0.894  0.213  3.8183  4.401    1  0.000  0.533     0.00     0.00     0.00     0.00     0.00 -1 -1.36e-13      0.00 8.118e-01 1.871e-01 1.826e-04 5.010e-05 4.570e-04 -1.000 1.034e-03 4.237 6.495 5.580 5.038 4.590 4.349 4.713 4.738 4.617 4.344 4.277 4.193 4.125 4.006 3.980 3.820 3.816 3.741
0.00123 -1.10000 9.70000 0.8999999762 2.4492786016    0.899  0.231  3.8198  4.391    1  0.000  0.532     0.00     0.00     0.00     0.00     0.00 -1 -1.43e-13      0.00 8.119e-01 1.871e-01 1.828e-04 5.017e-05 4.577e-04 -1.000 1.039e-03 4.191 6.425 5.511 4.977 4.538 4.300 4.661 4.686 4.566 4.296 4.230 4.147 4.080 3.962 3.936 3.777 3.774 3.700
0.00123 -1.10000 9.70000 0.9099355936 2.4518954886    0.909  0.267  3.8229  4.374    1  0.000  0.532     0.00     0.00     0.00     0.00     0.00 -1 -1.58e-13      0.00 8.119e-01 1.870e-01 1.828e-04 5.019e-05 4.580e-04 -1.000 1.044e-03 4.104 6.289 5.382 4.864 4.439 4.210 4.562 4.586 4.469 4.206 4.141 4.059 3.994 3.878 3.853 3.698 3.694 3.623
0.00123 -1.10000 9.70000 0.9236952662 2.4554128773    0.923  0.317  3.8272  4.347    1  0.000  0.532     0.00     0.00     0.00     0.00     0.00 -1 -1.81e-13      0.00 8.118e-01 1.871e-01 1.830e-04 5.026e-05 4.586e-04 -1.000 1.035e-03 3.978 6.097 5.200 4.703 4.300 4.081 4.420 4.443 4.331 4.076 4.013 3.934 3.870 3.758 3.734 3.583 3.580 3.512
0.00123 -1.10000 9.70000 0.9364267588 2.4585617744    0.935  0.365  3.8311  4.321    1  0.000  0.532     0.00     0.00     0.00     0.00     0.00 -1 -2.07e-13      0.00 8.116e-01 1.873e-01 1.833e-04 5.034e-05 4.593e-04 -1.000 1.032e-03 3.859 5.919 5.032 4.553 4.169 3.960 4.286 4.307 4.199 3.952 3.891 3.814 3.752 3.643 3.619 3.473 3.470 3.405
0.00123 -1.10000 9.70000 0.9476002455 2.4612453039    0.946  0.408  3.8344  4.296    1  0.000  0.532     0.00     0.00     0.00     0.00     0.00 -1 -2.34e-13      0.00 8.114e-01 1.876e-01 1.836e-04 5.043e-05 4.601e-04 -1.000 1.038e-03 3.751 5.766 4.889 4.425 4.056 3.855 4.166 4.186 4.081 3.840 3.781 3.707 3.646 3.540 3.517 3.374 3.371 3.308
0.00123 -1.10000 9.70000 0.9499999881 2.4618121868    0.949  0.417  3.8351  4.291    1  0.000  0.532     0.00     0.00     0.00     0.00     0.00 -1  -2.4e-13      0.00 8.113e-01 1.877e-01 1.837e-04 5.045e-05 4.603e-04 -1.000 1.039e-03 3.728 5.733 4.859 4.398 4.032 3.832 4.141 4.160 4.055 3.816 3.757 3.683 3.623 3.518 3.494 3.352 3.350 3.288
0.00123 -1.10000 9.70000 0.9548493624 2.4629477427    0.954  0.435  3.8367  4.281    1  0.000  0.532     0.00     0.00     0.00     0.00     0.00 -1 -2.53e-13      0.00 8.113e-01 1.877e-01 1.837e-04 5.045e-05 4.604e-04 -1.000 1.044e-03 3.682 5.666 4.796 4.342 3.983 3.787 4.089 4.107 4.004 3.768 3.709 3.637 3.577 3.473 3.450 3.310 3.307 3.247
0.00123 -1.10000 9.70000 0.9683161378 2.4660327128    0.967  0.488  3.8407  4.250    1  0.000  0.532     0.00     0.00     0.00     0.00     0.00 -1 -2.93e-13      0.00 8.111e-01 1.879e-01 1.839e-04 5.049e-05 4.607e-04 -1.000 1.048e-03 3.550 5.482 4.624 4.188 3.846 3.659 3.943 3.960 3.860 3.632 3.575 3.505 3.447 3.347 3.325 3.189 3.186 3.129
0.00123 -1.10000 9.70000 0.9796435237 2.4685522054    0.979  0.534  3.8437  4.222    1  0.000  0.532     0.00     0.00     0.00     0.00     0.00 -1 -3.35e-13      0.00 8.107e-01 1.882e-01 1.841e-04 5.056e-05 4.613e-04 -1.000 1.035e-03 3.436 5.329 4.482 4.059 3.730 3.549 3.818 3.832 3.735 3.513 3.457 3.390 3.333 3.236 3.214 3.081 3.079 3.024
0.00123 -1.10000 9.70000 0.9889287949 2.4705680515    0.988  0.574  3.8459  4.194    1  0.000  0.532     0.00     0.00     0.00     0.00     0.00 -1 -3.77e-13      0.00 8.097e-01 1.893e-01 1.849e-04 5.076e-05 4.631e-04 -1.000 1.047e-03 3.335 5.201 4.363 3.949 3.629 3.453 3.708 3.721 3.626 3.409 3.354 3.288 3.233 3.137 3.116 2.986 2.984 2.930
0.00123 -1.10000 9.70000 1.0000000000 2.4729154477    0.999  0.625  3.8482  4.157    1  0.000  0.533     0.00     0.00     0.00     0.00     0.00 -1  -4.4e-13      0.00 8.076e-01 1.914e-01 1.864e-04 5.118e-05 4.668e-04 -1.000 1.039e-03 3.207 5.046 4.217 3.814 3.503 3.332 3.571 3.581 3.489 3.277 3.223 3.159 3.105 3.011 2.991 2.864 2.862 2.809
0.00123 -1.10000 9.70000 1.0009540319 2.4731149355    1.000  0.630  3.8484  4.154    1  0.000  0.533     0.00     0.00     0.00     0.00     0.00 -1 -4.45e-13      0.00 8.075e-01 1.915e-01 1.866e-04 5.121e-05 4.671e-04 -1.000 1.041e-03 3.196 5.032 4.204 3.802 3.492 3.322 3.559 3.569 3.477 3.265 3.212 3.148 3.094 3.000 2.980 2.853 2.851 2.799
0.00123 -1.10000 9.70000 1.0054324865 2.4740455633    1.004  0.653  3.8490  4.135    1  0.000  0.533     0.00     0.00     0.00     0.00     0.00 -1 -4.76e-13      0.00 8.067e-01 1.922e-01 1.871e-04 5.136e-05 4.684e-04 -1.000 1.050e-03 3.138 4.968 4.144 3.745 3.436 3.267 3.498 3.508 3.416 3.206 3.153 3.089 3.035 2.943 2.923 2.796 2.795 2.743
0.00123 -1.10000 9.70000 1.0123182535 2.4754579778    1.011  0.690  3.8491  4.102    1  0.000  0.533     0.00     0.00     0.00     0.00     0.00 -1 -5.31e-13      0.00 8.056e-01 1.933e-01 1.879e-04 5.158e-05 4.704e-04 -1.000 1.064e-03 3.046 4.877 4.056 3.658 3.350 3.182 3.403 3.411 3.321 3.111 3.058 2.996 2.942 2.850 2.829 2.704 2.702 2.650
0.00123 -1.10000 9.70000 1.0186910629 2.4767456273    1.017  0.726  3.8481  4.064    1  0.000  0.533     0.00     0.00     0.00     0.00     0.00 -1 -5.95e-13      0.00 8.046e-01 1.943e-01 1.887e-04 5.179e-05 4.722e-04 -1.000 1.077e-03 2.955 4.803 3.981 3.581 3.269 3.098 3.313 3.320 3.229 3.019 2.966 2.903 2.849 2.756 2.736 2.609 2.608 2.555
0.00123 -1.10000 9.70000 1.0227631330 2.4775587479    1.021  0.751  3.8466  4.035    1  0.000  0.533     0.00     0.00     0.00     0.00     0.00 -1 -6.46e-13      0.00 8.039e-01 1.950e-01 1.892e-04 5.192e-05 4.734e-04 -1.000 1.085e-03 2.893 4.764 3.940 3.535 3.216 3.042 3.254 3.262 3.170 2.957 2.904 2.840 2.785 2.691 2.671 2.543 2.541 2.487
0.00123 -1.10000 9.70000 1.0243402719 2.4778716781    1.023  0.761  3.8455  4.021    1  0.000  0.533     0.00     0.00     0.00     0.00     0.00 -1 -6.71e-13      0.00 8.037e-01 1.952e-01 1.894e-04 5.197e-05 4.738e-04 -1.000 1.088e-03 2.867 4.754 3.929 3.519 3.195 3.020 3.232 3.239 3.146 2.932 2.878 2.813 2.758 2.664 2.643 2.515 2.513 2.458
0.00123 -1.10000 9.70000 1.0299252272 2.4789709683    1.028  0.798  3.8407  3.967    2  0.000  0.533     0.00     0.00     0.00     0.00     0.00 -1 -7.67e-13      0.00 8.028e-01 1.961e-01 1.900e-04 5.215e-05 4.754e-04 -1.000 1.099e-03 2.775 4.733 3.897 3.469 3.125 2.939 3.152 3.160 3.063 2.842 2.786 2.719 2.662 2.564 2.542 2.409 2.407 2.348
0.00123 -1.10000 9.70000 1.0342743397 2.4798175579    1.033  0.830  3.8335  3.908    2  0.000  0.533     0.00     0.00     0.00     0.00     0.00 -1 -8.76e-13      0.00 8.021e-01 1.968e-01 1.906e-04 5.229e-05 4.767e-04 -1.000 1.108e-03 2.696 4.760 3.909 3.451 3.075 2.873 3.093 3.102 3.000 2.767 2.708 2.636 2.577 2.473 2.451 2.310 2.307 2.243
0.00123 -1.10000 9.70000 1.0375888348 2.4804572736    1.036  0.856  3.8251  3.850    2  0.000  0.533     0.00     0.00     0.00     0.00     0.00 -1 -9.89e-13      0.00 8.016e-01 1.973e-01 1.910e-04 5.239e-05 4.776e-04 -1.000 1.115e-03 2.631 4.825 3.960 3.463 3.047 2.826 3.055 3.065 2.956 2.708 2.646 2.569 2.506 2.396 2.372 2.223 2.220 2.149
0.00123 -1.10000 9.70000 1.0401481390 2.4809480269    1.038  0.876  3.8157  3.793    2  0.000  0.533     0.00     0.00     0.00     0.00     0.00 -1  -1.1e-12      0.00 8.012e-01 1.977e-01 1.913e-04 5.249e-05 4.785e-04 -1.000 1.120e-03 2.579 4.926 4.048 3.505 3.041 2.798 3.038 3.047 2.930 2.664 2.599 2.516 2.449 2.332 2.306 2.148 2.144 2.065
0.00123 -1.10000 9.70000 1.0421546698 2.4813308464    1.040  0.892  3.8056  3.738    2  0.000  0.533     0.00     0.00     0.00     0.00     0.00 -1 -1.22e-12      0.00 7.998e-01 1.990e-01 1.927e-04 5.286e-05 4.818e-04 -1.000 1.128e-03 2.540 5.057 4.171 3.569 3.052 2.784 3.040 3.048 2.922 2.634 2.565 2.476 2.405 2.280 2.252 2.084 2.080 1.993
0.00123 -1.10000 9.70000 1.0437538624 2.4816347394    1.042  0.903  3.7954  3.687    2  0.000  0.534     0.00     0.00     0.00     0.00     0.00 -1 -1.32e-12      0.00 7.960e-01 2.028e-01 1.965e-04 5.387e-05 4.908e-04 -1.000 1.152e-03 2.514 5.209 4.329 3.661 3.082 2.788 3.060 3.066 2.929 2.619 2.546 2.449 2.375 2.242 2.212 2.034 2.028 1.934
0.00123 -1.10000 9.70000 1.0450683832 2.4818837358    1.043  0.909  3.7853  3.641    2  0.000  0.534     0.00     0.00     0.00     0.00     0.00 -1 -1.41e-12      0.00 7.909e-01 2.080e-01 2.017e-04 5.526e-05 5.032e-04 -1.000 1.176e-03 2.498 5.373 4.517 3.777 3.132 2.810 3.095 3.097 2.949 2.616 2.538 2.435 2.356 2.215 2.184 1.995 1.989 1.886
0.00123 -1.10000 9.70000 1.0461925268 2.4820961002    1.044  0.911  3.7753  3.599    2  0.000  0.534     0.00     0.00     0.00     0.00     0.00 -1 -1.48e-12      0.00 7.864e-01 2.124e-01 2.054e-04 5.626e-05 5.121e-04 -1.000 1.192e-03 2.493 5.543 4.742 3.921 3.203 2.852 3.145 3.141 2.981 2.624 2.542 2.432 2.349 2.201 2.167 1.969 1.962 1.850
0.00123 -1.10000 9.70000 1.0472013950 2.4822862414    1.045  0.910  3.7661  3.563    2  0.000  0.535     0.00     0.00     0.00     0.00     0.00 -1 -1.54e-12      0.00 7.781e-01 2.207e-01 2.108e-04 5.769e-05 5.249e-04 -1.000 1.198e-03 2.494 5.698 4.981 4.078 3.284 2.905 3.202 3.189 3.019 2.638 2.552 2.436 2.350 2.194 2.159 1.951 1.943 1.824
0.00123 -1.10000 9.70000 1.0481660366 2.4824676535    1.046  0.909  3.7577  3.531    2  0.000  0.536     0.00     0.00     0.00     0.00     0.00 -1 -1.59e-12      0.00 7.668e-01 2.320e-01 2.177e-04 5.951e-05 5.411e-04 -1.000 1.208e-03 2.496 5.827 5.214 4.230 3.364 2.959 3.257 3.236 3.055 2.653 2.564 2.442 2.352 2.190 2.153 1.937 1.928 1.802
0.00123 -1.10000 9.70000 1.0493528843 2.4826903279    1.047  0.919  3.7489  3.486    2  0.000  0.537     0.00     0.00     0.00     0.00     0.00 -1 -1.71e-12      0.00 7.596e-01 2.392e-01 2.220e-04 6.067e-05 5.514e-04 -1.000 1.259e-03 2.471 5.920 5.454 4.377 3.428 2.997 3.292 3.260 3.068 2.643 2.550 2.423 2.330 2.161 2.122 1.897 1.887 1.753
0.00123 -1.10000 9.70000 1.0499999523 2.4828114860    1.048  0.933  3.7449  3.457    2  0.000  0.537     0.00     0.00     0.00     0.00     0.00 -1 -1.82e-12      0.00 7.573e-01 2.414e-01 2.233e-04 6.103e-05 5.546e-04 -1.000 1.269e-03 2.438 5.936 5.549 4.427 3.439 2.995 3.287 3.249 3.053 2.617 2.523 2.393 2.299 2.127 2.087 1.858 1.848 1.710
0.00123 -1.10000 9.70000 1.0505998135 2.4829236516    1.049  0.948  3.7416  3.429    2  0.000  0.537     0.00     0.00     0.00     0.00     0.00 -1 -1.94e-12      0.00 7.557e-01 2.430e-01 2.243e-04 6.128e-05 5.568e-04 -1.000 1.269e-03 2.400 5.938 5.618 4.458 3.436 2.983 3.271 3.229 3.029 2.586 2.490 2.358 2.262 2.088 2.047 1.815 1.805 1.664
0.00123 -1.10000 9.70000 1.0507029295 2.4829429180    1.049  0.952  3.7412  3.424    2  0.000  0.537     0.00     0.00     0.00     0.00     0.00 -1 -1.98e-12      0.00 7.554e-01 2.433e-01 2.244e-04 6.131e-05 5.571e-04 -1.000 1.269e-03 2.391 5.934 5.624 4.458 3.432 2.977 3.266 3.222 3.022 2.578 2.482 2.350 2.253 2.079 2.038 1.805 1.795 1.654
0.00123 -1.10000 9.70000 1.0515294075 2.4830971820    1.049  0.984  3.7381  3.379    3  0.000  0.537     0.00     0.00     0.00     0.00     0.00 -1 -2.23e-12      0.00 7.537e-01 2.451e-01 2.252e-04 6.152e-05 5.589e-04 -1.000 1.208e-03 2.310 5.888 5.650 4.445 3.390 2.927 3.208 3.159 2.955 2.503 2.406 2.272 2.175 1.998 1.957 1.720 1.710 1.566
0.00123 -1.10000 9.70000 1.0524940491 2.4832768822    1.050  1.028  3.7351  3.324    3  0.000  0.537     0.00     0.00     0.00     0.00     0.00 -1 -2.61e-12      0.00 7.516e-01 2.471e-01 2.256e-04 6.175e-05 5.605e-04 -1.000 1.297e-03 2.201 5.811 5.645 4.402 3.320 2.849 3.121 3.068 2.860 2.401 2.303 2.167 2.068 1.889 1.848 1.609 1.598 1.451
0.00123 -1.10000 9.70000 1.0532971621 2.4834262029    1.051  1.068  3.7330  3.276    3  0.000  0.535     0.00     0.00     0.00     0.00     0.00 -1 -3.02e-12      0.00 7.497e-01 2.490e-01 2.253e-04 6.214e-05 5.617e-04 -1.000 1.298e-03 2.101 5.735 5.622 4.350 3.249 2.772 3.038 2.981 2.770 2.305 2.207 2.069 1.970 1.790 1.747 1.506 1.495 1.346
0.00123 -1.10000 9.70000 1.0541520119 2.4835848556    1.052  1.114  3.7309  3.222    3  0.000  0.528     0.00     0.00     0.00     0.00     0.00 -1 -3.57e-12      0.00 7.473e-01 2.514e-01 2.226e-04 6.397e-05 5.627e-04 -1.000 1.298e-03 1.985 5.642 5.578 4.280 3.161 2.679 2.937 2.877 2.664 2.194 2.095 1.956 1.856 1.674 1.632 1.388 1.377 1.226
0.00123 -1.10000 9.70000 1.0549620390 2.4837349167    1.053  1.161  3.7290  3.167    3  0.000  0.513     0.00     0.00     0.00     0.00     0.00 -1 -4.23e-12      0.00 7.448e-01 2.539e-01 2.162e-04 7.021e-05 5.635e-04 -1.000 1.297e-03 1.867 5.543 5.529 4.205 3.068 2.582 2.834 2.771 2.555 2.081 1.981 1.841 1.741 1.557 1.514 1.269 1.258 1.104
0.00123 -1.10000 9.70000 1.0556977987 2.4838709900    1.053  1.207  3.7273  3.114    3  0.000  0.491     0.00     0.00     0.00     0.00     0.00 -1    -5e-12      0.00 7.423e-01 2.564e-01 2.074e-04 8.055e-05 5.641e-04 -1.000 1.273e-03 1.752 5.444 5.480 4.131 2.978 2.487 2.733 2.666 2.448 1.970 1.869 1.728 1.627 1.443 1.399 1.152 1.141 0.986
0.00123 -1.10000 9.70000 1.0563738346 2.4839958256    1.054  1.253  3.7256  3.062    3  0.000  0.474     0.00     0.00     0.00     0.00     0.00 -1 -5.88e-12      0.00 7.400e-01 2.587e-01 2.003e-04 8.955e-05 5.646e-04 -1.000 1.292e-03 1.638 5.345 5.429 4.055 2.887 2.393 2.632 2.563 2.342 1.860 1.759 1.617 1.515 1.330 1.286 1.037 1.026 0.869
0.00123 -1.10000 9.70000 1.0569980145 2.4841109226    1.054  1.298  3.7239  3.011    3  0.000  0.459     0.00     0.00     0.00     0.00     0.00 -1 -6.92e-12      0.00 7.379e-01 2.609e-01 1.944e-04 9.694e-05 5.650e-04 -1.000 1.277e-03 1.525 5.248 5.379 3.982 2.797 2.299 2.532 2.461 2.238 1.752 1.650 1.507 1.405 1.218 1.174 0.924 0.912 0.754
0.00123 -1.10000 9.70000 1.0576064587 2.4842229676    1.055  1.345  3.7221  2.956    3  0.000  0.449     0.00     0.00     0.00     0.00     0.00 -1  -8.2e-12      0.00 7.361e-01 2.626e-01 1.903e-04 1.022e-04 5.652e-04 -1.000 1.293e-03 1.407 5.147 5.333 3.910 2.706 2.203 2.428 2.353 2.128 1.637 1.535 1.391 1.288 1.100 1.056 0.804 0.792 0.632
0.00123 -1.10000 9.70000 1.0581585169 2.4843245009    1.056  1.392  3.7204  2.903    3  0.000  0.441     0.00     0.00     0.00     0.00     0.00 -1 -9.69e-12      0.00 7.345e-01 2.642e-01 1.872e-04 1.062e-04 5.655e-04 -1.000 1.299e-03 1.291 5.049 5.290 3.840 2.618 2.109 2.327 2.249 2.021 1.526 1.423 1.278 1.174 0.985 0.940 0.686 0.674 0.512
0.00123 -1.10000 9.70000 1.0586447716 2.4844138309    1.056  1.436  3.7186  2.852    3  0.000  0.436     0.00     0.00     0.00     0.00     0.00 -1 -1.14e-11      0.00 7.334e-01 2.653e-01 1.850e-04 1.089e-04 5.656e-04 -1.000 1.299e-03 1.180 4.954 5.263 3.780 2.537 2.023 2.233 2.151 1.921 1.420 1.316 1.170 1.066 0.876 0.830 0.574 0.562 0.398
0.00123 -1.10000 9.70000 1.0591123104 2.4844996337    1.056  1.482  3.7167  2.799    3  0.000  0.432     0.00     0.00     0.00     0.00     0.00 -1 -1.34e-11      0.00 7.324e-01 2.663e-01 1.834e-04 1.109e-04 5.657e-04 -1.000 1.299e-03 1.065 4.856 5.237 3.719 2.453 1.934 2.135 2.049 1.816 1.311 1.206 1.058 0.954 0.762 0.716 0.458 0.445 0.280
0.00123 -1.10000 9.70000 1.0595333576 2.4845768298    1.057  1.527  3.7149  2.746    3  0.000  0.429     0.00     0.00     0.00     0.00     0.00 -1 -1.58e-11      0.00 7.318e-01 2.669e-01 1.824e-04 1.123e-04 5.658e-04 -1.000 1.298e-03 0.952 4.759 5.210 3.659 2.371 1.846 2.039 1.950 1.714 1.203 1.098 0.949 0.844 0.650 0.604 0.344 0.331 0.163
0.00123 -1.10000 9.70000 1.0599142313 2.4846465996    1.057  1.571  3.7129  2.695    3  0.000  0.428     0.00     0.00     0.00     0.00     0.00 -1 -1.86e-11      0.00 7.314e-01 2.673e-01 1.817e-04 1.132e-04 5.659e-04 -1.000 1.297e-03 0.842 4.666 5.189 3.603 2.292 1.762 1.947 1.854 1.615 1.099 0.993 0.843 0.737 0.542 0.495 0.233 0.220 0.050
0.00123 -1.10000 9.70000 1.0602729321 2.4847122550    1.057  1.616  3.7110  2.642    3  0.000  0.427     0.00     0.00     0.00     0.00     0.00 -1 -2.19e-11      0.00 7.311e-01 2.676e-01 1.812e-04 1.137e-04 5.660e-04 -1.000 1.295e-03 0.730 4.571 5.167 3.546 2.212 1.676 1.854 1.756 1.515 0.993 0.886 0.734 0.628 0.431 0.384 0.119 0.106 -0.066
0.00123 -1.10000 9.70000 1.0605993271 2.4847719529    1.057  1.660  3.7089  2.590    3  0.000  0.426     0.00     0.00     0.00     0.00     0.00 -1 -2.57e-11      0.00 7.310e-01 2.677e-01 1.810e-04 1.140e-04 5.660e-04 -1.000 1.298e-03 0.620 4.477 5.154 3.494 2.136 1.594 1.763 1.662 1.417 0.890 0.782 0.629 0.521 0.323 0.275 0.009 -0.005 -0.179
0.00123 -1.10000 9.70000 1.0608917475 2.4848254009    1.057  1.702  3.7069  2.540    3  0.000  0.426     0.00     0.00     0.00     0.00     0.00 -1    -3e-11      0.00 7.309e-01 2.678e-01 1.809e-04 1.142e-04 5.660e-04 -1.000 1.287e-03 0.514 4.385 5.146 3.446 2.063 1.516 1.677 1.571 1.323 0.790 0.681 0.527 0.419 0.219 0.171 -0.098 -0.112 -0.288
0.00123 -1.10000 9.70000 1.0611718893 2.4848765729    1.058  1.746  3.7049  2.487    3  0.000  0.426     0.00     0.00     0.00     0.00     0.00 -1 -3.53e-11      0.00 7.309e-01 2.678e-01 1.809e-04 1.142e-04 5.660e-04 -1.000 1.276e-03 0.404 4.290 5.141 3.399 1.990 1.436 1.588 1.477 1.226 0.687 0.577 0.421 0.313 0.111 0.062 -0.209 -0.223 -0.401
0.00123 -1.10000 9.70000 1.0614283085 2.4849233844    1.058  1.790  3.7027  2.435    3  0.000  0.426     0.00     0.00     0.00     0.00     0.00 -1 -4.14e-11      0.00 7.309e-01 2.678e-01 1.809e-04 1.143e-04 5.660e-04 -1.000 1.276e-03 0.296 4.199 5.157 3.369 1.927 1.366 1.503 1.387 1.132 0.585 0.475 0.317 0.207 0.004 -0.045 -0.319 -0.333 -0.514
0.00123 -1.10000 9.70000 1.0616631508 2.4849662340    1.058  1.832  3.7006  2.384    3  0.000  0.426     0.00     0.00     0.00     0.00     0.00 -1 -4.84e-11      0.00 7.309e-01 2.678e-01 1.808e-04 1.143e-04 5.660e-04 -1.000 1.276e-03 0.189 4.109 5.170 3.338 1.865 1.296 1.421 1.299 1.040 0.485 0.374 0.215 0.104 -0.101 -0.151 -0.427 -0.442 -0.624
0.00123 -1.10000 9.70000 1.0618863106 2.4850069318    1.058  1.875  3.6983  2.332    3  0.000  0.426     0.00     0.00     0.00     0.00     0.00 -1 -5.67e-11      0.00 7.309e-01 2.678e-01 1.808e-04 1.143e-04 5.660e-04 -1.000 1.276e-03 0.081 4.017 5.193 3.314 1.804 1.228 1.339 1.210 0.947 0.385 0.272 0.111 -0.000 -0.207 -0.258 -0.536 -0.551 -0.736
0.00123 -1.10000 9.70000 1.0620893240 2.4850439384    1.058  1.917  3.6961  2.281    3  0.000  0.425     0.00     0.00     0.00     0.00     0.00 -1 -6.63e-11      0.00 7.309e-01 2.678e-01 1.808e-04 1.143e-04 5.660e-04 -1.000 1.276e-03 -0.024 3.927 5.217 3.291 1.747 1.163 1.260 1.125 0.858 0.288 0.174 0.011 -0.101 -0.310 -0.361 -0.642 -0.657 -0.845
0.00123 -1.10000 9.70000 1.0622775555 2.4850782360    1.058  1.959  3.6939  2.231    3  0.000  0.425     0.00     0.00     0.00     0.00     0.00 -1 -7.72e-11      0.00 7.309e-01 2.678e-01 1.808e-04 1.144e-04 5.660e-04 -1.000 1.276e-03 -0.127 3.839 5.243 3.270 1.691 1.100 1.183 1.042 0.770 0.193 0.078 -0.086 -0.200 -0.411 -0.462 -0.746 -0.761 -0.951
0.00123 -1.10000 9.70000 1.0624572039 2.4851109566    1.058  1.999  3.6917  2.182    3  0.000  0.425     0.00     0.00     0.00     0.00     0.00 -1 -8.97e-11      0.00 7.309e-01 2.678e-01 1.807e-04 1.144e-04 5.660e-04 -1.000 1.276e-03 -0.228 3.752 5.270 3.251 1.638 1.039 1.109 0.961 0.685 0.100 -0.016 -0.183 -0.297 -0.510 -0.562 -0.848 -0.864 -1.056
0.00123 -1.10000 9.70000 1.0626426935 2.4851447277    1.058  2.039  3.6895  2.133    3  0.000  0.425     0.00     0.00     0.00     0.00     0.00 -1 -1.04e-10      0.00 7.309e-01 2.678e-01 1.807e-04 1.144e-04 5.660e-04 -1.000 1.276e-03 -0.327 3.667 5.294 3.233 1.585 0.980 1.036 0.882 0.602 0.009 -0.108 -0.277 -0.392 -0.607 -0.660 -0.948 -0.964 -1.159
0.00123 -1.10000 9.70000 1.0628331900 2.4851793963    1.057  2.066  3.6880  2.100    3  0.000  0.425     0.00     0.00     0.00     0.00     0.00 -1 -1.15e-10      0.00 7.309e-01 2.678e-01 1.807e-04 1.145e-04 5.660e-04 -1.000 1.277e-03 -0.395 3.608 5.305 3.221 1.551 0.940 0.988 0.829 0.546 -0.053 -0.170 -0.340 -0.456 -0.672 -0.725 -1.016 -1.031 -1.228
0.00123 -1.10000 9.70000 1.0628892183 2.4851895903    1.057  2.057  3.6887  2.112    3  0.000  0.425     0.00     0.00     0.00     0.00     0.00 -1 -1.12e-10      0.00 7.309e-01 2.678e-01 1.807e-04 1.145e-04 5.660e-04 -1.000 1.277e-03 -0.372 3.627 5.293 3.220 1.559 0.951 1.002 0.845 0.563 -0.033 -0.150 -0.319 -0.435 -0.650 -0.703 -0.993 -1.009 -1.205
0.00123 -1.10000 9.70000 1.0630028248 2.4852102563    1.057  2.027  3.6907  2.150    3  0.000  0.425     0.00     0.00     0.00     0.00     0.00 -1 -1.01e-10      0.00 7.309e-01 2.678e-01 1.807e-04 1.145e-04 5.660e-04 -1.000 1.277e-03 -0.297 3.690 5.259 3.221 1.591 0.989 1.052 0.901 0.623 0.034 -0.082 -0.250 -0.365 -0.578 -0.631 -0.918 -0.934 -1.127
0.00123 -1.10000 9.70000 1.0630593300 2.4852205332    1.057  2.006  3.6921  2.177    3  0.000  0.425     0.00     0.00     0.00     0.00     0.00 -1 -9.29e-11      0.00 7.309e-01 2.678e-01 1.807e-04 1.145e-04 5.660e-04 -1.000 1.277e-03 -0.245 3.733 5.234 3.224 1.615 1.018 1.088 0.941 0.666 0.081 -0.034 -0.200 -0.315 -0.527 -0.579 -0.865 -0.880 -1.072
0.00123 -1.10000 9.70000 1.0631161928 2.4852308739    1.057  2.022  3.6912  2.157    3  0.000  0.425     0.00     0.00     0.00     0.00     0.00 -1 -9.81e-11      0.00 7.309e-01 2.678e-01 1.807e-04 1.145e-04 5.660e-04 -1.000 1.277e-03 -0.285 3.699 5.245 3.217 1.594 0.993 1.058 0.909 0.632 0.044 -0.072 -0.239 -0.354 -0.567 -0.619 -0.906 -0.922 -1.114
0.00123 -1.10000 9.70000 1.0632587671 2.4852567959    1.057  2.064  3.6888  2.106    3  0.000  0.425     0.00     0.00     0.00     0.00     0.00 -1 -1.14e-10      0.00 7.309e-01 2.678e-01 1.807e-04 1.145e-04 5.660e-04 -1.000 1.277e-03 -0.389 3.610 5.273 3.202 1.542 0.934 0.984 0.828 0.546 -0.050 -0.168 -0.336 -0.453 -0.667 -0.720 -1.010 -1.026 -1.221
0.00123 -1.10000 9.70000 1.0633985996 2.4852822116    1.057  2.106  3.6863  2.054    3  0.000  0.425     0.00     0.00     0.00     0.00     0.00 -1 -1.33e-10      0.00 7.309e-01 2.678e-01 1.807e-04 1.145e-04 5.660e-04 -1.000 1.277e-03 -0.494 3.520 5.301 3.191 1.493 0.877 0.911 0.747 0.460 -0.144 -0.263 -0.434 -0.551 -0.768 -0.822 -1.115 -1.130 -1.329
0.00123 -1.10000 9.70000 1.0635279417 2.4853057138    1.057  2.147  3.6839  2.003    3  0.000  0.425     0.00     0.00     0.00     0.00     0.00 -1 -1.55e-10      0.00 7.309e-01 2.678e-01 1.806e-04 1.145e-04 5.660e-04 -1.000 1.277e-03 -0.596 3.432 5.331 3.181 1.444 0.821 0.840 0.669 0.377 -0.237 -0.357 -0.529 -0.648 -0.867 -0.921 -1.217 -1.233 -1.434
0.00123 -1.10000 9.70000 1.0636510849 2.4853280834    1.057  2.188  3.6814  1.951    3  0.000  0.425     0.00     0.00     0.00     0.00     0.00 -1 -1.81e-10      0.00 7.309e-01 2.678e-01 1.806e-04 1.146e-04 5.660e-04 -1.000 1.277e-03 -0.701 3.343 5.329 3.217 1.432 0.791 0.782 0.598 0.295 -0.333 -0.454 -0.629 -0.749 -0.970 -1.025 -1.323 -1.339 -1.543
0.00123 -1.10000 9.70000 1.0637605190 2.4853479578    1.056  2.228  3.6790  1.902    3  0.000  0.425     0.00     0.00     0.00     0.00     0.00 -1  -2.1e-10      0.00 7.309e-01 2.678e-01 1.806e-04 1.146e-04 5.660e-04 -1.000 1.277e-03 -0.800 3.259 5.332 3.262 1.424 0.767 0.729 0.533 0.220 -0.423 -0.547 -0.724 -0.846 -1.069 -1.124 -1.424 -1.441 -1.646
0.00123 -1.10000 9.70000 1.0638672113 2.4853673297    1.056  2.269  3.6764  1.850    3  0.000  0.425     0.00     0.00     0.00     0.00     0.00 -1 -2.46e-10      0.00 7.309e-01 2.678e-01 1.806e-04 1.146e-04 5.660e-04 -1.000 1.277e-03 -0.903 3.171 5.346 3.319 1.421 0.747 0.678 0.467 0.143 -0.516 -0.642 -0.822 -0.945 -1.171 -1.226 -1.529 -1.546 -1.754
0.00123 -1.10000 9.70000 1.0639610291 2.4853843603    1.056  2.308  3.6740  1.801    3  0.000  0.425     0.00     0.00     0.00     0.00     0.00 -1 -2.84e-10      0.00 7.309e-01 2.678e-01 1.806e-04 1.146e-04 5.661e-04 -1.000 1.277e-03 -1.001 3.089 5.361 3.373 1.419 0.728 0.631 0.407 0.072 -0.603 -0.731 -0.914 -1.039 -1.266 -1.323 -1.628 -1.645 -1.855
0.00123 -1.10000 9.70000 1.0640507936 2.4854006519    1.055  2.348  3.6714  1.751    3  0.000  0.425     0.00     0.00     0.00     0.00     0.00 -1 -3.31e-10      0.00 7.309e-01 2.678e-01 1.806e-04 1.146e-04 5.661e-04 -1.000 1.277e-03 -1.100 3.005 5.384 3.435 1.420 0.713 0.586 0.348 0.001 -0.692 -0.822 -1.008 -1.135 -1.364 -1.421 -1.729 -1.746 -1.959
0.00123 -1.10000 9.70000 1.0641318560 2.4854153613    1.055  2.387  3.6689  1.702    3  0.000  0.425     0.00     0.00     0.00     0.00     0.00 -1 -3.82e-10      0.00 7.309e-01 2.679e-01 1.806e-04 1.146e-04 5.661e-04 -1.000 1.277e-03 -1.196 2.924 5.406 3.498 1.423 0.700 0.544 0.292 -0.067 -0.777 -0.909 -1.098 -1.226 -1.458 -1.516 -1.826 -1.844 -2.059
0.00123 -1.10000 9.70000 1.0642077923 2.4854291383    1.055  2.425  3.6663  1.653    3  0.000  0.425     0.00     0.00     0.00     0.00     0.00 -1 -4.43e-10      0.00 7.309e-01 2.679e-01 1.806e-04 1.146e-04 5.661e-04 -1.000 1.277e-03 -1.293 2.844 5.432 3.572 1.432 0.694 0.508 0.240 -0.132 -0.859 -0.994 -1.186 -1.317 -1.551 -1.609 -1.922 -1.940 -2.158
0.00123 -1.10000 9.70000 1.0642776489 2.4854418103    1.054  2.463  3.6638  1.605    3  0.000  0.425     0.00     0.00     0.00     0.00     0.00 -1 -5.11e-10      0.00 7.309e-01 2.679e-01 1.806e-04 1.146e-04 5.661e-04 -1.000 1.278e-03 -1.388 2.764 5.457 3.643 1.441 0.688 0.473 0.190 -0.194 -0.941 -1.078 -1.273 -1.406 -1.643 -1.701 -2.017 -2.035 -2.256
0.00123 -1.10000 9.70000 1.0643438101 2.4854538101    1.054  2.501  3.6611  1.556    3  0.000  0.425     6.59     5.18     3.71     2.84     2.30  4 -5.91e-10      0.00 7.309e-01 2.679e-01 1.806e-04 1.147e-04 5.661e-04 -1.000 1.277e-03 -1.483 2.685 5.489 3.719 1.454 0.686 0.442 0.143 -0.256 -1.022 -1.162 -1.360 -1.495 -1.734 -1.794 -2.112 -2.130 -2.354
0.00123 -1.10000 9.70000 1.0644036531 2.4854646625    1.053  2.538  3.6586  1.509    3  0.000  0.425     7.27     5.64     4.03     3.08     2.50  4  -6.8e-10      0.00 7.309e-01 2.679e-01 1.805e-04 1.147e-04 5.661e-04 -1.000 1.278e-03 -1.575 2.608 5.514 3.791 1.466 0.684 0.412 0.097 -0.315 -1.099 -1.242 -1.443 -1.580 -1.822 -1.882 -2.203 -2.222 -2.448
0.00123 -1.10000 9.70000 1.0644600391 2.4854748868    1.053  2.575  3.6560  1.461    3  0.000  0.425     8.02     6.15     4.37     3.35     2.72  4 -7.83e-10      0.00 7.309e-01 2.679e-01 1.805e-04 1.147e-04 5.661e-04 -1.000 1.278e-03 -1.668 2.531 5.564 3.849 1.467 0.677 0.380 0.051 -0.372 -1.173 -1.319 -1.523 -1.661 -1.907 -1.968 -2.293 -2.312 -2.541
0.00123 -1.10000 9.70000 1.0645133257 2.4854845478    1.052  2.612  3.6534  1.413    3  0.000  0.425     8.86     6.70     4.75     3.64     2.95  4 -9.03e-10      0.00 7.309e-01 2.679e-01 1.805e-04 1.147e-04 5.661e-04 -1.000 1.278e-03 -1.761 2.453 5.620 3.904 1.464 0.668 0.347 0.004 -0.429 -1.247 -1.394 -1.602 -1.742 -1.991 -2.053 -2.383 -2.401 -2.635
0.00123 -1.10000 9.70000 1.0645738840 2.4854955259    1.051  2.658  3.6501  1.354    3  0.000  0.425    10.01     7.45     5.25     4.04     3.27  3 -1.07e-09      0.00 7.309e-01 2.679e-01 1.805e-04 1.147e-04 5.661e-04 -1.000 1.278e-03 -1.874 2.358 5.685 3.971 1.462 0.659 0.308 -0.053 -0.499 -1.336 -1.486 -1.699 -1.841 -2.094 -2.157 -2.492 -2.511 -2.748
0.00123 -1.10000 9.70000 1.0646299124 2.4855056816    1.050  2.703  3.6468  1.295    3  0.000  0.425    11.32     8.29     5.82     4.48     3.63  3 -1.28e-09      0.00 7.309e-01 2.679e-01 1.805e-04 1.147e-04 5.661e-04 -1.000 1.278e-03 -1.988 2.265 5.738 4.043 1.466 0.656 0.274 -0.105 -0.564 -1.422 -1.576 -1.793 -1.937 -2.195 -2.259 -2.600 -2.619 -2.862
0.00123 -1.10000 9.70000 1.0646717548 2.4855132651    1.049  2.739  3.6442  1.248    3  0.000  0.425    12.47     9.02     6.31     4.86     3.94  3 -1.47e-09      0.00 7.309e-01 2.679e-01 1.805e-04 1.147e-04 5.661e-04 -1.000 1.278e-03 -2.078 2.190 5.776 4.098 1.467 0.652 0.245 -0.148 -0.617 -1.491 -1.647 -1.868 -2.014 -2.275 -2.341 -2.685 -2.705 -2.951
0.00123 -1.10000 9.70000 1.0647189617 2.4855218200    1.048  2.783  3.6409  1.191    3  0.000  0.425    14.04    10.00     6.96     5.37     4.36  3 -1.74e-09      0.00 7.309e-01 2.679e-01 1.805e-04 1.147e-04 5.661e-04 -1.000 1.278e-03 -2.187 2.100 5.825 4.169 1.472 0.651 0.214 -0.197 -0.679 -1.573 -1.732 -1.958 -2.106 -2.372 -2.438 -2.788 -2.809 -3.059
0.00123 -1.10000 9.70000 1.0647627115 2.4855297477    1.047  2.826  3.6375  1.134    3  0.000  0.425    15.81    11.09     7.68     5.94     4.82  3 -2.06e-09      0.00 7.309e-01 2.679e-01 1.805e-04 1.147e-04 5.661e-04 -1.000 1.278e-03 -2.295 2.012 5.864 4.243 1.481 0.654 0.186 -0.243 -0.738 -1.653 -1.814 -2.045 -2.195 -2.466 -2.534 -2.890 -2.910 -3.166
0.00123 -1.10000 9.70000 1.0648039579 2.4855372210    1.045  2.870  3.6342  1.076    3  0.000  0.425    17.82    12.31     8.48     6.57     5.33  3 -2.44e-09      0.00 7.309e-01 2.679e-01 1.805e-04 1.147e-04 5.661e-04 -1.000 1.278e-03 -2.405 1.923 5.893 4.315 1.490 0.658 0.159 -0.288 -0.797 -1.732 -1.897 -2.133 -2.285 -2.560 -2.630 -2.992 -3.013 -3.274
0.00123 -1.10000 9.70000 1.0648413897 2.4855440026    1.044  2.912  3.6310  1.020    3  0.000  0.425    20.02    13.62     9.34     7.24     5.88  3 -2.88e-09      0.00 7.309e-01 2.679e-01 1.805e-04 1.147e-04 5.661e-04 -1.000 1.278e-03 -2.511 1.836 5.916 4.386 1.500 0.663 0.134 -0.331 -0.853 -1.809 -1.977 -2.218 -2.372 -2.652 -2.723 -3.091 -3.113 -3.378
0.00123 -1.10000 9.70000 1.0648758411 2.4855502438    1.042  2.954  3.6277  0.964    3  0.000  0.425    22.46    15.05    10.27     7.98     6.48  2 -3.39e-09      0.00 7.309e-01 2.679e-01 1.805e-04 1.147e-04 5.661e-04 -1.000 1.278e-03 -2.616 1.751 5.926 4.457 1.516 0.676 0.119 -0.364 -0.901 -1.881 -2.051 -2.298 -2.455 -2.740 -2.813 -3.187 -3.209 -3.480
0.00123 -1.10000 9.70000 1.0649081469 2.4855560958    1.040  2.996  3.6244  0.908    3  0.000  0.425    25.22    16.64    11.31     8.80     7.15  2 -3.99e-09      0.00 7.309e-01 2.679e-01 1.805e-04 1.147e-04 5.661e-04 -1.000 1.278e-03 -2.720 1.668 5.930 4.530 1.536 0.694 0.111 -0.392 -0.945 -1.949 -2.123 -2.376 -2.535 -2.827 -2.901 -3.282 -3.305 -3.582
0.00123 -1.10000 9.70000 1.0649383068 2.4855615588    1.038  3.038  3.6211  0.853    3  0.000  0.425    28.30    18.39    12.44     9.70     7.88  2 -4.71e-09      0.00 7.309e-01 2.679e-01 1.805e-04 1.147e-04 5.661e-04 -1.000 1.278e-03 -2.824 1.585 5.934 4.603 1.556 0.712 0.103 -0.418 -0.988 -2.017 -2.194 -2.454 -2.615 -2.912 -2.989 -3.377 -3.401 -3.683
0.00123 -1.10000 9.70000 1.0649653673 2.4855664600    1.036  3.077  3.6180  0.800    3  0.000  0.425    31.57    20.23    13.63    10.63     8.65  2  -5.5e-09      0.00 7.309e-01 2.679e-01 1.805e-04 1.147e-04 5.661e-04 -1.000 1.278e-03 -2.923 1.506 5.929 4.668 1.575 0.730 0.097 -0.442 -1.027 -2.080 -2.261 -2.526 -2.690 -2.993 -3.071 -3.466 -3.491 -3.778
0.00123 -1.10000 9.70000 1.0649911165 2.4855711235    1.033  3.117  3.6147  0.746    3  0.000  0.425    35.31    22.29    14.95    11.68     9.50  2 -6.45e-09      0.00 7.309e-01 2.679e-01 1.805e-04 1.147e-04 5.661e-04 -1.000 1.278e-03 -3.023 1.427 5.924 4.736 1.595 0.750 0.092 -0.465 -1.065 -2.142 -2.327 -2.599 -2.765 -3.074 -3.154 -3.557 -3.581 -3.875
0.00123 -1.10000 9.70000 1.0650155544 2.4855755492    1.031  3.158  3.6114  0.691    3  0.000  0.425    39.53    24.58    16.41    12.85    10.45  2 -7.58e-09      0.00 7.309e-01 2.679e-01 1.805e-04 1.147e-04 5.661e-04 -1.000 1.278e-03 -3.124 1.348 5.915 4.804 1.616 0.770 0.088 -0.487 -1.103 -2.205 -2.392 -2.671 -2.840 -3.155 -3.237 -3.647 -3.672 -3.972
0.00123 -1.10000 9.70000 1.0650384426 2.4855796941    1.028  3.198  3.6082  0.637    3  0.000  0.425    44.23    27.10    18.01    14.12    11.49  2  -8.9e-09      0.00 7.309e-01 2.679e-01 1.805e-04 1.148e-04 5.661e-04 -1.000 1.278e-03 -3.224 1.269 5.896 4.864 1.633 0.788 0.087 -0.506 -1.138 -2.265 -2.456 -2.742 -2.913 -3.234 -3.319 -3.736 -3.762 -4.068
0.00123 -1.10000 9.70000 1.0650594234 2.4855834934    1.024  3.236  3.6051  0.585    3  0.000  0.425    49.29    29.77    19.71    15.47    12.59  1 -1.04e-08      0.00 7.309e-01 2.679e-01 1.805e-04 1.148e-04 5.661e-04 -1.000 1.278e-03 -3.321 1.194 5.871 4.917 1.648 0.804 0.088 -0.521 -1.169 -2.322 -2.516 -2.809 -2.982 -3.309 -3.396 -3.821 -3.848 -4.159
0.00123 -1.10000 9.70000 1.0650792122 2.4855870767    1.021  3.274  3.6020  0.533    3  0.000  0.425    54.83    32.65    21.52    16.92    13.77  1 -1.21e-08      0.00 7.308e-01 2.679e-01 1.805e-04 1.148e-04 5.661e-04 -1.000 1.278e-03 -3.415 1.121 5.842 4.967 1.661 0.819 0.091 -0.534 -1.198 -2.376 -2.573 -2.873 -3.048 -3.382 -3.471 -3.904 -3.931 -4.248
0.00123 -1.10000 9.70000 1.0650980473 2.4855904871    1.017  3.309  3.5991  0.484    3  0.000  0.425    60.63    35.61    23.38    18.41    14.99  1  -1.4e-08      0.00 7.308e-01 2.679e-01 1.805e-04 1.148e-04 5.661e-04 -1.000 1.278e-03 -3.504 1.053 5.812 5.010 1.671 0.831 0.098 -0.541 -1.221 -2.424 -2.625 -2.931 -3.108 -3.449 -3.540 -3.981 -4.009 -4.332
0.00123 -1.10000 9.70000 1.0651034117 2.4855914584    1.016  3.319  3.5983  0.471    3  0.000  0.425    62.34    36.48    23.92    18.84    15.34  1 -1.46e-08      0.00 7.308e-01 2.679e-01 1.805e-04 1.148e-04 5.661e-04 -1.000 1.278e-03 -3.528 1.034 5.802 5.021 1.672 0.834 0.102 -0.541 -1.225 -2.436 -2.638 -2.946 -3.124 -3.467 -3.559 -4.002 -4.031 -4.355
0.00123 -1.10000 9.70000 1.0651034117 2.4855914584    1.016  1.828  3.7266  2.476    4  0.000  0.440     0.00     0.00     0.00     0.00     0.00 -1    -1e-30      0.00 7.279e-01 2.708e-01 1.889e-04 1.081e-04 5.718e-04 -1.000 1.319e-03 0.201 3.913 3.986 2.643 1.482 0.994 1.178 1.110 0.894 0.419 0.319 0.179 0.079 -0.105 -0.149 -0.396 -0.408 -0.565
0.00123 -1.10000 9.70000 1.0652630329 2.4856203549    1.016  1.840  3.7254  2.459    4  0.000  0.440     0.00     0.00     0.00     0.00     0.00 -1    -1e-30      0.00 7.279e-01 2.708e-01 1.889e-04 1.082e-04 5.718e-04 -1.000 1.319e-03 0.170 3.894 4.007 2.645 1.470 0.978 1.157 1.086 0.869 0.391 0.290 0.149 0.049 -0.136 -0.180 -0.429 -0.441 -0.599
0.00123 -1.10000 9.70000 1.0654255152 2.4856497590    1.016  1.845  3.7251  2.453    4  0.000  0.440     0.00     0.00     0.00     0.00     0.00 -1    -1e-30      0.00 7.279e-01 2.708e-01 1.888e-04 1.082e-04 5.718e-04 -1.000 1.319e-03 0.158 3.885 4.011 2.644 1.464 0.971 1.149 1.077 0.859 0.380 0.279 0.138 0.037 -0.148 -0.192 -0.441 -0.453 -0.611
0.00123 -1.10000 9.70000 1.0655894279 2.4856794116    1.016  1.848  3.7250  2.449    4  0.000  0.439     0.00     0.00     0.00     0.00     0.00 -1    -1e-30      0.00 7.279e-01 2.708e-01 1.888e-04 1.082e-04 5.718e-04 -1.000 1.319e-03 0.150 3.878 4.006 2.638 1.458 0.964 1.141 1.070 0.851 0.372 0.271 0.130 0.029 -0.156 -0.200 -0.449 -0.461 -0.619
0.00123 -1.10000 9.70000 1.0657559633 2.4857095279    1.017  1.850  3.7253  2.448    4  0.000  0.439     0.00     0.00     0.00     0.00     0.00 -1    -1e-30      0.00 7.279e-01 2.708e-01 1.888e-04 1.083e-04 5.718e-04 -1.000 1.319e-03 0.145 3.871 3.993 2.628 1.450 0.957 1.134 1.063 0.845 0.366 0.265 0.125 0.024 -0.161 -0.205 -0.454 -0.466 -0.624
0.00123 -1.10000 9.70000 1.0659235716 2.4857398273    1.017  1.851  3.7256  2.449    4  0.000  0.439     0.00     0.00     0.00     0.00     0.00 -1    -1e-30      0.00 7.279e-01 2.708e-01 1.888e-04 1.083e-04 5.718e-04 -1.000 1.318e-03 0.142 3.865 3.975 2.616 1.442 0.950 1.128 1.057 0.839 0.362 0.261 0.121 0.020 -0.165 -0.208 -0.457 -0.469 -0.626
0.00123 -1.10000 9.70000 1.0660870075 2.4857693618    1.017  1.852  3.7260  2.449    4  0.000  0.439     0.00     0.00     0.00     0.00     0.00 -1    -1e-30      0.00 7.279e-01 2.708e-01 1.887e-04 1.083e-04 5.718e-04 -1.000 1.318e-03 0.140 3.858 3.956 2.603 1.434 0.944 1.121 1.052 0.835 0.358 0.258 0.118 0.017 -0.167 -0.211 -0.459 -0.471 -0.628
0.00123 -1.10000 9.70000 1.0662403107 2.4857970559    1.017  1.853  3.7265  2.450    4  0.000  0.439     0.00     0.00     0.00     0.00     0.00 -1    -1e-30      0.00 7.279e-01 2.708e-01 1.887e-04 1.084e-04 5.718e-04 -1.000 1.318e-03 0.138 3.852 3.937 2.591 1.426 0.937 1.115 1.046 0.830 0.355 0.255 0.115 0.015 -0.169 -0.213 -0.461 -0.472 -0.629
0.00123 -1.10000 9.70000 1.0664086342 2.4858274527    1.017  1.854  3.7269  2.451    4  0.000  0.439     0.00     0.00     0.00     0.00     0.00 -1    -1e-30      0.00 7.279e-01 2.708e-01 1.887e-04 1.084e-04 5.718e-04 -1.000 1.318e-03 0.135 3.846 3.916 2.577 1.418 0.930 1.109 1.041 0.825 0.352 0.251 0.112 0.012 -0.172 -0.215 -0.462 -0.474 -0.631
0.00123 -1.10000 9.70000 1.0665596724 2.4858547187    1.018  1.855  3.7273  2.452    4  0.000  0.439     0.00     0.00     0.00     0.00     0.00 -1    -1e-30      0.00 7.279e-01 2.708e-01 1.886e-04 1.084e-04 5.718e-04 -1.000 1.318e-03 0.133 3.840 3.897 2.565 1.410 0.924 1.103 1.035 0.821 0.348 0.248 0.109 0.009 -0.174 -0.218 -0.464 -0.476 -0.632
0.00123 -1.10000 9.70000 1.0667141676 2.4858825996    1.018  1.856  3.7277  2.453    4  0.000  0.439     0.00     0.00     0.00     0.00     0.00 -1    -1e-30      0.00 7.279e-01 2.708e-01 1.886e-04 1.085e-04 5.718e-04 -1.000 1.318e-03 0.131 3.834 3.879 2.553 1.402 0.917 1.097 1.030 0.816 0.345 0.245 0.106 0.006 -0.177 -0.220 -0.466 -0.478 -0.634
0.00123 -1.10000 9.70000 1.0668829679 2.4859130515    1.018  1.857  3.7281  2.453    4  0.000  0.439     0.00     0.00     0.00     0.00     0.00 -1    -1e-30      0.00 7.279e-01 2.708e-01 1.886e-04 1.085e-04 5.718e-04 -1.000 1.318e-03 0.128 3.827 3.860 2.540 1.394 0.910 1.091 1.024 0.811 0.341 0.241 0.102 0.003 -0.180 -0.223 -0.469 -0.480 -0.636
0.00123 -1.10000 9.70000 1.0670338869 2.4859402681    1.018  1.858  3.7285  2.454    4  0.000  0.439     0.00     0.00     0.00     0.00     0.00 -1    -1e-30      0.00 7.279e-01 2.708e-01 1.886e-04 1.085e-04 5.718e-04 -1.000 1.318e-03 0.125 3.821 3.844 2.529 1.387 0.904 1.085 1.019 0.806 0.337 0.238 0.099 0.000 -0.183 -0.226 -0.471 -0.483 -0.638
0.00123 -1.10000 9.70000 1.0671896935 2.4859683568    1.018  1.859  3.7288  2.454    4  0.000  0.439     0.00     0.00     0.00     0.00     0.00 -1    -1e-30      0.00 7.278e-01 2.708e-01 1.885e-04 1.086e-04 5.718e-04 -1.000 1.317e-03 0.122 3.815 3.828 2.519 1.380 0.898 1.079 1.014 0.801 0.334 0.234 0.096 -0.003 -0.186 -0.229 -0.474 -0.485 -0.640
0.00123 -1.10000 9.70000 1.0673547983 2.4859981116    1.018  1.860  3.7291  2.454    4  0.000  0.439     0.00     0.00     0.00     0.00     0.00 -1    -1e-30      0.00 7.278e-01 2.708e-01 1.885e-04 1.086e-04 5.718e-04 -1.000 1.317e-03 0.119 3.809 3.812 2.508 1.372 0.891 1.073 1.008 0.796 0.329 0.230 0.092 -0.007 -0.189 -0.232 -0.477 -0.488 -0.643
0.00123 -1.10000 9.70000 1.0674419403 2.4860138119    1.019  1.861  3.7293  2.454    4  0.000  0.439     0.00     0.00     0.00     0.00     0.00 -1    -1e-30      0.00 7.278e-01 2.708e-01 1.885e-04 1.086e-04 5.718e-04 -1.000 1.317e-03 0.117 3.806 3.804 2.502 1.369 0.888 1.070 1.005 0.794 0.327 0.228 0.090 -0.009 -0.191 -0.234 -0.478 -0.490 -0.644
0.00123 -1.10000 9.70000 1.0675060749 2.4860253650    1.019  1.862  3.7294  2.454    4  0.000  0.439     0.00     0.00     0.00     0.00     0.00 -1    -1e-30      0.00 7.278e-01 2.708e-01 1.885e-04 1.086e-04 5.718e-04 -1.000 1.317e-03 0.116 3.804 3.799 2.498 1.366 0.886 1.067 1.003 0.792 0.326 0.226 0.089 -0.010 -0.192 -0.235 -0.480 -0.491 -0.645
0.00123 -1.10000 9.70000 1.0676547289 2.4860521373    1.019  1.863  3.7296  2.454    4  0.000  0.439     0.00     0.00     0.00     0.00     0.00 -1    -1e-30      0.00 7.278e-01 2.708e-01 1.884e-04 1.087e-04 5.718e-04 -1.000 1.317e-03 0.113 3.798 3.786 2.490 1.360 0.880 1.062 0.998 0.787 0.322 0.223 0.085 -0.014 -0.195 -0.238 -0.483 -0.494 -0.648
0.00123 -1.10000 9.70000 1.0678027868 2.4860787936    1.019  1.864  3.7298  2.453    4  0.000  0.439     0.00     0.00     0.00     0.00     0.00 -1    -1e-30      0.00 7.278e-01 2.709e-01 1.884e-04 1.087e-04 5.718e-04 -1.000 1.317e-03 0.109 3.793 3.775 2.482 1.354 0.875 1.057 0.994 0.783 0.318 0.219 0.081 -0.017 -0.199 -0.242 -0.486 -0.497 -0.651
0.00123 -1.10000 9.70000 1.0679512024 2.4861055059    1.019  1.866  3.7300  2.452    4  0.000  0.439     0.00     0.00     0.00     0.00     0.00 -1    -1e-30      0.00 7.278e-01 2.709e-01 1.884e-04 1.087e-04 5.718e-04 -1.000 1.317e-03 0.106 3.788 3.765 2.475 1.348 0.870 1.052 0.989 0.778 0.314 0.215 0.078 -0.021 -0.202 -0.245 -0.489 -0.500 -0.654
0.00123 -1.10000 9.70000 1.0681111813 2.4861342898    1.019  1.867  3.7301  2.452    4  0.000  0.438     0.00     0.00     0.00     0.00     0.00 -1    -1e-30      0.00 7.278e-01 2.709e-01 1.884e-04 1.088e-04 5.718e-04 -1.000 1.317e-03 0.102 3.783 3.757 2.468 1.343 0.865 1.047 0.984 0.774 0.310 0.211 0.074 -0.025 -0.206 -0.249 -0.493 -0.504 -0.657
0.00123 -1.10000 9.70000 1.0682659149 2.4861621205    1.019  1.869  3.7302  2.450    4  0.000  0.438     0.00     0.00     0.00     0.00     0.00 -1    -1e-30      0.00 7.278e-01 2.709e-01 1.883e-04 1.088e-04 5.718e-04 -1.000 1.317e-03 0.098 3.778 3.750 2.462 1.338 0.861 1.042 0.979 0.769 0.305 0.207 0.069 -0.029 -0.210 -0.253 -0.497 -0.508 -0.661
0.00123 -1.10000 9.70000 1.0684213638 2.4861900705    1.020  1.871  3.7302  2.449    4  0.000  0.438     0.00     0.00     0.00     0.00     0.00 -1    -1e-30      0.00 7.278e-01 2.709e-01 1.883e-04 1.088e-04 5.718e-04 -1.000 1.317e-03 0.093 3.774 3.745 2.458 1.334 0.856 1.037 0.975 0.764 0.301 0.202 0.065 -0.034 -0.215 -0.258 -0.501 -0.512 -0.666
0.00123 -1.10000 9.70000 1.0685745478 2.4862176041    1.020  1.873  3.7302  2.447    4  0.000  0.438     0.00     0.00     0.00     0.00     0.00 -1    -1e-30      0.00 7.278e-01 2.709e-01 1.883e-04 1.089e-04 5.718e-04 -1.000 1.317e-03 0.088 3.769 3.742 2.454 1.330 0.852 1.033 0.970 0.760 0.296 0.197 0.060 -0.039 -0.220 -0.263 -0.506 -0.517 -0.671
0.00123 -1.10000 9.70000 1.0686142445 2.4862247378    1.020  1.873  3.7302  2.446    4  0.000  0.438     0.00     0.00     0.00     0.00     0.00 -1    -1e-30      0.00 7.278e-01 2.709e-01 1.883e-04 1.089e-04 5.718e-04 -1.000 1.317e-03 0.087 3.768 3.741 2.453 1.329 0.851 1.031 0.969 0.758 0.295 0.196 0.059 -0.040 -0.221 -0.264 -0.507 -0.519 -0.672
0.00123 -1.10000 9.70000 1.0687091351 2.4862417877    1.020  1.875  3.7302  2.445    4  0.000  0.438     0.00     0.00     0.00     0.00     0.00 -1    -1e-30      0.00 7.278e-01 2.709e-01 1.883e-04 1.089e-04 5.718e-04 -1.000 1.316e-03 0.084 3.765 3.740 2.452 1.326 0.848 1.028 0.965 0.755 0.291 0.192 0.055 -0.043 -0.225 -0.267 -0.511 -0.522 -0.676
0.00123 -1.10000 9.70000 1.0688587427 2.4862686619    1.020  1.877  3.7300  2.442    4  0.000  0.438     0.00     0.00     0.00     0.00     0.00 -1    -1e-30      0.00 7.278e-01 2.709e-01 1.882e-04 1.089e-04 5.718e-04 -1.000 1.316e-03 0.078 3.761 3.741 2.450 1.323 0.844 1.024 0.961 0.750 0.286 0.187 0.050 -0.049 -0.230 -0.273 -0.517 -0.528 -0.682
0.00123 -1.10000 9.70000 1.0690040588 2.4862947570    1.020  1.879  3.7298  2.439    4  0.000  0.438     0.00     0.00     0.00     0.00     0.00 -1    -1e-30      0.00 7.278e-01 2.709e-01 1.882e-04 1.090e-04 5.718e-04 -1.000 1.316e-03 0.072 3.757 3.743 2.449 1.320 0.841 1.020 0.956 0.745 0.280 0.181 0.044 -0.055 -0.237 -0.279 -0.523 -0.535 -0.688
0.00123 -1.10000 9.70000 1.0691540241 2.4863216784    1.020  1.882  3.7295  2.435    4  0.000  0.438     0.00     0.00     0.00     0.00     0.00 -1    -1e-30      0.00 7.278e-01 2.709e-01 1.882e-04 1.090e-04 5.718e-04 -1.000 1.316e-03 0.065 3.753 3.749 2.451 1.317 0.837 1.015 0.951 0.740 0.274 0.175 0.037 -0.062 -0.244 -0.287 -0.531 -0.542 -0.696
0.00123 -1.10000 9.70000 1.0693006516 2.4863479923    1.021  1.885  3.7291  2.430    4  0.000  0.438     0.00     0.00     0.00     0.00     0.00 -1    -1e-30      0.00 7.278e-01 2.709e-01 1.882e-04 1.090e-04 5.718e-04 -1.000 1.316e-03 0.056 3.749 3.759 2.454 1.315 0.834 1.011 0.945 0.734 0.267 0.167 0.029 -0.070 -0.252 -0.295 -0.540 -0.551 -0.705
0.00123 -1.10000 9.70000 1.0694456100 2.4863739984    1.021  1.889  3.7286  2.424    4  0.000  0.438     0.00     0.00     0.00     0.00     0.00 -1    -1e-30      0.00 7.278e-01 2.709e-01 1.881e-04 1.091e-04 5.718e-04 -1.000 1.316e-03 0.047 3.744 3.772 2.458 1.314 0.831 1.006 0.940 0.727 0.258 0.159 0.020 -0.079 -0.261 -0.304 -0.550 -0.561 -0.716
0.00123 -1.10000 9.70000 1.0695919991 2.4864002530    1.021  1.894  3.7280  2.417    4  0.000  0.438     0.00     0.00     0.00     0.00     0.00 -1    -1e-30      0.00 7.278e-01 2.709e-01 1.881e-04 1.091e-04 5.718e-04 -1.000 1.316e-03 0.036 3.740 3.788 2.464 1.312 0.827 1.001 0.933 0.719 0.249 0.149 0.010 -0.089 -0.272 -0.315 -0.561 -0.573 -0.728
0.00123 -1.10000 9.70000 1.0697392225 2.4864266489    1.021  1.898  3.7273  2.410    4  0.000  0.438     0.00     0.00     0.00     0.00     0.00 -1    -1e-30      0.00 7.278e-01 2.709e-01 1.881e-04 1.091e-04 5.718e-04 -1.000 1.316e-03 0.024 3.734 3.805 2.471 1.311 0.824 0.995 0.926 0.711 0.239 0.138 -0.001 -0.101 -0.284 -0.327 -0.574 -0.586 -0.742
0.00123 -1.10000 9.70000 1.0698873997 2.4864532073    1.021  1.904  3.7265  2.401    4  0.000  0.438     0.00     0.00     0.00     0.00     0.00 -1    -1e-30      0.00 7.278e-01 2.709e-01 1.880e-04 1.091e-04 5.718e-04 -1.000 1.316e-03 0.010 3.728 3.827 2.480 1.310 0.819 0.988 0.918 0.701 0.226 0.126 -0.014 -0.114 -0.298 -0.342 -0.589 -0.601 -0.758
0.00123 -1.10000 9.70000 1.0700325966 2.4864792234    1.021  1.909  3.7258  2.393    4  0.000  0.438     0.00     0.00     0.00     0.00     0.00 -1    -1e-30      0.00 7.278e-01 2.709e-01 1.880e-04 1.092e-04 5.718e-04 -1.000 1.316e-03 -0.003 3.723 3.846 2.487 1.308 0.816 0.982 0.910 0.693 0.216 0.115 -0.025 -0.126 -0.310 -0.354 -0.602 -0.614 -0.772
0.00123 -1.10000 9.70000 1.0701773167 2.4865051459    1.022  1.919  3.7243  2.377    4  0.000  0.438     0.00     0.00     0.00     0.00     0.00 -1    -1e-30      0.00 7.278e-01 2.709e-01 1.880e-04 1.092e-04 5.718e-04 -1.000 1.315e-03 -0.028 3.712 3.886 2.503 1.306 0.809 0.971 0.896 0.676 0.194 0.093 -0.049 -0.150 -0.336 -0.380 -0.629 -0.641 -0.800
0.00123 -1.10000 9.70000 1.0703283548 2.4865321916    1.022  1.939  3.7215  2.346    4  0.000  0.438     0.00     0.00     0.00     0.00     0.00 -1    -1e-30      0.00 7.277e-01 2.709e-01 1.880e-04 1.092e-04 5.718e-04 -1.000 1.315e-03 -0.078 3.689 3.958 2.530 1.299 0.793 0.947 0.867 0.642 0.151 0.049 -0.095 -0.197 -0.385 -0.430 -0.682 -0.695 -0.856
0.00123 -1.10000 9.70000 1.0704467297 2.4865533823    1.022  1.971  3.7173  2.298    4  0.000  0.438     0.00     0.00     0.00     0.00     0.00 -1    -1e-30      0.00 7.277e-01 2.709e-01 1.880e-04 1.093e-04 5.718e-04 -1.000 1.315e-03 -0.157 3.646 4.073 2.572 1.288 0.767 0.908 0.819 0.587 0.083 -0.022 -0.168 -0.272 -0.463 -0.509 -0.766 -0.779 -0.945
0.00123 -1.10000 9.70000 1.0705001354 2.4865629409    1.022  2.006  3.7131  2.246    4  0.000  0.438     0.00     0.00     0.00     0.00     0.00 -1    -1e-30      0.00 7.277e-01 2.709e-01 1.879e-04 1.093e-04 5.718e-04 -1.000 1.315e-03 -0.245 3.594 4.186 2.609 1.270 0.737 0.863 0.764 0.525 0.008 -0.099 -0.248 -0.354 -0.549 -0.595 -0.857 -0.870 -1.040
0.00123 -1.10000 9.70000 1.0705225468 2.4865669517    1.022  2.039  3.7094  2.198    4  0.000  0.438     0.00     0.00     0.00     0.00     0.00 -1    -1e-30      0.00 7.277e-01 2.709e-01 1.879e-04 1.093e-04 5.718e-04 -1.000 1.315e-03 -0.328 3.540 4.282 2.637 1.250 0.705 0.818 0.711 0.464 -0.065 -0.173 -0.325 -0.433 -0.630 -0.678 -0.944 -0.957 -1.131
0.00123 -1.10000 9.70000 1.0705329180 2.4865688077    1.022  2.073  3.7059  2.150    4  0.000  0.438     0.00     0.00     0.00     0.00     0.00 -1    -1e-30      0.00 7.277e-01 2.709e-01 1.879e-04 1.093e-04 5.718e-04 -1.000 1.315e-03 -0.414 3.480 4.382 2.665 1.229 0.673 0.771 0.655 0.402 -0.139 -0.249 -0.404 -0.512 -0.713 -0.762 -1.032 -1.045 -1.223
0.00123 -1.10000 9.70000 1.0705378056 2.4865696824    1.022  2.107  3.7027  2.103    4  0.000  0.438     0.00     0.00     0.00     0.00     0.00 -1    -1e-30      0.00 7.277e-01 2.709e-01 1.879e-04 1.093e-04 5.718e-04 -1.000 1.315e-03 -0.497 3.419 4.466 2.684 1.205 0.638 0.723 0.599 0.340 -0.212 -0.323 -0.481 -0.591 -0.794 -0.844 -1.117 -1.131 -1.312
0.00123 -1.10000 9.70000 1.0705397129 2.4865700237    1.022  2.125  3.7010  2.078    4  0.000  0.438     0.00     0.00     0.00     0.00     0.00 -1    -1e-30      0.00 7.277e-01 2.709e-01 1.879e-04 1.093e-04 5.718e-04 -1.000 1.315e-03 -0.543 3.385 4.508 2.693 1.190 0.618 0.695 0.567 0.305 -0.252 -0.364 -0.523 -0.634 -0.839 -0.889 -1.164 -1.179 -1.361
0.00123 -1.10000 9.70000 1.0705398321 2.4865700451    1.022  2.126  3.7010  2.077    7  0.000  0.438     0.00     0.00     0.00     0.00     0.00 -1 -5.79e-18      0.00 7.277e-01 2.704e-01 1.879e-04 1.093e-04 5.718e-04 -1.000 1.902e-03 -0.544 3.384 4.509 2.693 1.189 0.617 0.694 0.566 0.304 -0.253 -0.366 -0.525 -0.635 -0.840 -0.890 -1.166 -1.180 -1.362
0.00123 -1.10000 9.70000 1.0705411434 2.4865702797    1.022  2.143  3.6994  2.054    7  0.000  0.438     0.00     0.00     0.00     0.00     0.00 -1 -6.15e-18      0.00 7.277e-01 2.704e-01 1.879e-04 1.093e-04 5.718e-04 -1.000 1.902e-03 -0.588 3.351 4.547 2.700 1.175 0.598 0.668 0.537 0.272 -0.291 -0.404 -0.565 -0.676 -0.882 -0.932 -1.210 -1.224 -1.408
0.00123 -1.10000 9.70000 1.0705441236 2.4865708131    1.022  2.184  3.6960  1.999    7  0.000  0.438     0.00     0.00     0.00     0.00     0.00 -1  -7.1e-18      0.00 7.277e-01 2.704e-01 1.879e-04 1.093e-04 5.718e-04 -1.000 1.902e-03 -0.690 3.270 4.634 2.716 1.141 0.553 0.606 0.465 0.194 -0.381 -0.496 -0.659 -0.772 -0.981 -1.032 -1.313 -1.328 -1.516
0.00123 -1.10000 9.70000 1.0705471039 2.4865713464    1.022  2.224  3.6927  1.946    7  0.000  0.438     0.00     0.00     0.00     0.00     0.00 -1 -8.24e-18      0.00 7.277e-01 2.704e-01 1.879e-04 1.093e-04 5.718e-04 -1.000 1.902e-03 -0.790 3.192 4.736 2.748 1.116 0.516 0.549 0.398 0.119 -0.468 -0.585 -0.751 -0.865 -1.077 -1.129 -1.414 -1.429 -1.620
0.00123 -1.10000 9.70000 1.0705556870 2.4865728823    1.022  2.264  3.6895  1.893    7  0.000  0.438     0.00     0.00     0.00     0.00     0.00 -1    -1e-17      0.00 7.277e-01 2.704e-01 1.879e-04 1.093e-04 5.718e-04 -1.000 1.902e-03 -0.891 3.112 4.830 2.776 1.089 0.478 0.491 0.329 0.043 -0.556 -0.674 -0.843 -0.959 -1.174 -1.227 -1.516 -1.531 -1.726
0.00123 -1.10000 9.70000 1.0705770254 2.4865767007    1.021  2.216  3.6935  1.957    7  0.000  0.437     0.00     0.00     0.00     0.00     0.00 -1  -3.4e-17      0.00 7.277e-01 2.703e-01 1.879e-04 1.093e-04 5.718e-04 -1.000 1.932e-03 -0.770 3.207 4.709 2.737 1.118 0.521 0.559 0.410 0.133 -0.451 -0.567 -0.733 -0.847 -1.058 -1.110 -1.394 -1.409 -1.599
0.00123 -1.10000 9.70000 1.0706877708 2.4865965152    1.020  2.242  3.6912  1.922    7  0.000  0.437     0.00     0.00     0.00     0.00     0.00 -1 -1.97e-10      0.00 7.277e-01 2.700e-01 1.879e-04 1.093e-04 5.718e-04 -1.000 2.250e-03 -0.834 3.158 4.785 2.764 1.106 0.501 0.525 0.369 0.086 -0.507 -0.624 -0.791 -0.906 -1.119 -1.172 -1.459 -1.474 -1.667
0.00123 -1.10000 9.70000 1.0707448721 2.4866067299    1.019  2.283  3.6878  1.867    7  0.000  0.437     0.00     0.00     0.00     0.00     0.00 -1 -1.42e-09      0.00 7.277e-01 2.700e-01 1.879e-04 1.093e-04 5.718e-04 -1.000 2.286e-03 -0.936 3.077 4.887 2.804 1.086 0.468 0.469 0.302 0.012 -0.594 -0.713 -0.883 -1.000 -1.217 -1.270 -1.561 -1.577 -1.774
0.00123 -1.10000 9.70000 1.0707805157 2.4866131054    1.018  2.313  3.6852  1.826    7  0.000  0.437     0.00     0.00     0.00     0.00     0.00 -1 -1.69e-09      0.00 7.277e-01 2.700e-01 1.879e-04 1.093e-04 5.718e-04 -1.000 2.286e-03 -1.013 3.016 4.949 2.839 1.076 0.448 0.431 0.253 -0.043 -0.660 -0.780 -0.953 -1.071 -1.289 -1.343 -1.638 -1.654 -1.853
0.00123 -1.10000 9.70000 1.0708166361 2.4866195657    1.017  2.345  3.6827  1.783    7  0.000  0.437     0.00     0.00     0.00     0.00     0.00 -1 -2.02e-09      0.00 7.277e-01 2.700e-01 1.879e-04 1.093e-04 5.718e-04 -1.000 2.286e-03 -1.093 2.951 4.975 2.898 1.086 0.442 0.397 0.207 -0.099 -0.731 -0.853 -1.028 -1.148 -1.369 -1.423 -1.720 -1.736 -1.938
0.00123 -1.10000 9.70000 1.0708562136 2.4866266438    1.016  2.384  3.6796  1.731    7  0.000  0.437     0.00     0.00     0.00     0.00     0.00 -1 -2.51e-09      0.00 7.277e-01 2.700e-01 1.879e-04 1.094e-04 5.718e-04 -1.000 2.286e-03 -1.189 2.874 5.012 2.975 1.099 0.436 0.359 0.154 -0.166 -0.816 -0.941 -1.119 -1.241 -1.464 -1.519 -1.819 -1.835 -2.040
0.00123 -1.10000 9.70000 1.0708920956 2.4866330604    1.014  2.423  3.6764  1.679    7  0.000  0.437     0.00     0.00     0.00     0.00     0.00 -1 -3.12e-09      0.00 7.277e-01 2.700e-01 1.879e-04 1.094e-04 5.718e-04 -1.000 2.286e-03 -1.288 2.794 5.059 3.063 1.117 0.434 0.323 0.101 -0.231 -0.901 -1.028 -1.210 -1.334 -1.560 -1.616 -1.919 -1.936 -2.144
0.00123 -1.10000 9.70000 1.0709245205 2.4866388584    1.013  2.463  3.6732  1.625    7  0.000  0.437     0.00     0.00     0.00     0.00     0.00 -1 -3.89e-09      0.00 7.277e-01 2.700e-01 1.879e-04 1.094e-04 5.718e-04 -1.000 2.269e-03 -1.388 2.713 5.110 3.156 1.137 0.435 0.289 0.050 -0.297 -0.987 -1.117 -1.302 -1.429 -1.657 -1.714 -2.020 -2.037 -2.249
0.00123 -1.10000 9.70000 1.0709543228 2.4866441871    1.011  2.504  3.6699  1.570    7  0.000  0.437     6.29     4.99     3.58     2.74     2.22  4 -4.89e-09      0.00 7.277e-01 2.700e-01 1.879e-04 1.094e-04 5.718e-04 -1.000 2.245e-03 -1.490 2.630 5.166 3.255 1.159 0.438 0.257 -0.000 -0.362 -1.075 -1.208 -1.396 -1.525 -1.757 -1.814 -2.124 -2.142 -2.356
0.00123 -1.10000 9.70000 1.0709812641 2.4866490040    1.009  2.546  3.6666  1.514    7  0.000  0.437     7.07     5.52     3.94     3.02     2.45  4 -6.16e-09      0.00 7.277e-01 2.700e-01 1.878e-04 1.094e-04 5.718e-04 -1.000 2.220e-03 -1.594 2.546 5.220 3.368 1.189 0.448 0.230 -0.046 -0.424 -1.161 -1.297 -1.490 -1.621 -1.856 -1.914 -2.228 -2.245 -2.463
0.00123 -1.10000 9.70000 1.0710055828 2.4866533517    1.006  2.587  3.6615  1.451    7  0.000  0.437     8.05     6.18     4.39     3.37     2.73  3 -7.76e-09      0.00 7.277e-01 2.700e-01 1.875e-04 1.095e-04 5.718e-04 -1.000 2.220e-03 -1.698 2.472 5.345 3.580 1.285 0.517 0.247 -0.059 -0.463 -1.236 -1.377 -1.576 -1.711 -1.952 -2.011 -2.330 -2.348 -2.572
0.00123 -1.10000 9.70000 1.0710221529 2.4866563140    1.004  2.618  3.6568  1.401    7  0.000  0.435     8.94     6.77     4.79     3.68     2.98  3 -9.28e-09      0.00 7.277e-01 2.701e-01 1.871e-04 1.098e-04 5.718e-04 -1.000 2.200e-03 -1.775 2.421 5.471 3.772 1.381 0.593 0.280 -0.053 -0.479 -1.284 -1.430 -1.635 -1.773 -2.019 -2.079 -2.404 -2.422 -2.651
0.00123 -1.10000 9.70000 1.0710424185 2.4866599368    1.001  2.659  3.6528  1.343    7  0.000  0.432    10.08     7.52     5.29     4.07     3.30  3 -1.17e-08      0.00 7.277e-01 2.701e-01 1.860e-04 1.110e-04 5.718e-04 -1.000 2.202e-03 -1.877 2.342 5.580 3.879 1.406 0.609 0.265 -0.089 -0.529 -1.357 -1.506 -1.716 -1.857 -2.108 -2.169 -2.501 -2.519 -2.753
0.00123 -1.10000 9.70000 1.0710614920 2.4866633463    0.997  2.700  3.6494  1.286    7  0.000  0.428    11.32     8.31     5.82     4.49     3.64  3 -1.46e-08      0.00 7.277e-01 2.701e-01 1.842e-04 1.130e-04 5.718e-04 -1.000 2.223e-03 -1.979 2.260 5.661 3.965 1.421 0.615 0.241 -0.130 -0.584 -1.433 -1.585 -1.800 -1.943 -2.198 -2.261 -2.598 -2.617 -2.856
0.00123 -1.10000 9.70000 1.0710796118 2.4866665852    0.992  2.741  3.6460  1.230    7  0.000  0.424    12.73     9.20     6.42     4.96     4.02  3 -1.83e-08      0.00 7.277e-01 2.701e-01 1.825e-04 1.151e-04 5.718e-04 -1.000 2.231e-03 -2.082 2.177 5.722 4.045 1.433 0.621 0.217 -0.173 -0.639 -1.508 -1.664 -1.883 -2.028 -2.288 -2.352 -2.695 -2.714 -2.958
0.00123 -1.10000 9.70000 1.0710971355 2.4866697175    0.987  2.783  3.6425  1.171    7  0.000  0.420    14.35    10.21     7.09     5.48     4.45  3 -2.32e-08      0.00 7.277e-01 2.701e-01 1.808e-04 1.171e-04 5.718e-04 -1.000 2.203e-03 -2.187 2.092 5.784 4.131 1.449 0.630 0.194 -0.214 -0.694 -1.585 -1.743 -1.967 -2.115 -2.379 -2.445 -2.793 -2.813 -3.062
0.00123 -1.10000 9.70000 1.0711131096 2.4866725727    0.980  2.825  3.6389  1.112    7  0.000  0.417    16.19    11.34     7.83     6.07     4.93  3 -2.92e-08      0.00 7.276e-01 2.702e-01 1.794e-04 1.189e-04 5.718e-04 -1.000 2.182e-03 -2.291 2.009 5.842 4.220 1.468 0.643 0.174 -0.253 -0.747 -1.659 -1.820 -2.050 -2.199 -2.469 -2.536 -2.890 -2.911 -3.165
0.00123 -1.10000 9.70000 1.0711290836 2.4866754277    0.972  2.867  3.6352  1.052    7  0.000  0.413    18.33    12.62     8.67     6.74     5.47  2 -3.69e-08      0.00 7.276e-01 2.702e-01 1.781e-04 1.204e-04 5.718e-04 -1.000 2.182e-03 -2.397 1.926 5.889 4.314 1.493 0.662 0.160 -0.287 -0.796 -1.731 -1.895 -2.130 -2.283 -2.557 -2.626 -2.987 -3.008 -3.268
0.00123 -1.10000 9.70000 1.0711450577 2.4866782827    0.962  2.909  3.6313  0.990    7  0.000  0.411    20.81    14.09     9.63     7.49     6.09  2 -4.69e-08      0.00 7.276e-01 2.702e-01 1.770e-04 1.218e-04 5.717e-04 -1.000 2.182e-03 -2.502 1.844 5.934 4.415 1.523 0.687 0.151 -0.317 -0.842 -1.801 -1.969 -2.210 -2.365 -2.645 -2.716 -3.084 -3.105 -3.371
0.00123 -1.10000 9.70000 1.0711603165 2.4866810097    0.949  2.951  3.6273  0.925    7  0.000  0.409    23.71    15.77    10.72     8.36     6.79  2 -6.05e-08      0.00 7.276e-01 2.702e-01 1.761e-04 1.230e-04 5.717e-04 -1.000 2.182e-03 -2.608 1.763 5.967 4.524 1.567 0.727 0.159 -0.332 -0.875 -1.864 -2.036 -2.285 -2.442 -2.729 -2.803 -3.178 -3.201 -3.473
0.00123 -1.10000 9.70000 1.0711728334 2.4866832467    0.936  2.992  3.6232  0.862    7  0.000  0.407    26.97    17.62    11.91     9.31     7.56  2 -7.71e-08      0.00 7.275e-01 2.703e-01 1.753e-04 1.239e-04 5.716e-04 -1.000 2.176e-03 -2.710 1.686 5.994 4.633 1.612 0.770 0.171 -0.342 -0.905 -1.923 -2.100 -2.356 -2.516 -2.810 -2.886 -3.270 -3.293 -3.572
0.00123 -1.10000 9.70000 1.0711812973 2.4866847593    0.925  3.030  3.6196  0.804    7  0.000  0.405    30.34    19.49    13.12    10.27     8.35  2 -9.63e-08      0.00 7.275e-01 2.703e-01 1.747e-04 1.247e-04 5.715e-04 -1.000 2.160e-03 -2.806 1.614 6.011 4.724 1.649 0.805 0.179 -0.354 -0.935 -1.979 -2.159 -2.422 -2.585 -2.886 -2.963 -3.355 -3.379 -3.664
0.00123 -1.10000 9.70000 1.0711884499 2.4866860375    0.913  3.068  3.6159  0.746    7  0.000  0.404    34.18    21.59    14.46    11.35     9.22  2  -1.2e-07      0.00 7.275e-01 2.704e-01 1.741e-04 1.255e-04 5.713e-04 -1.000 2.168e-03 -2.900 1.543 6.023 4.818 1.690 0.844 0.191 -0.362 -0.959 -2.032 -2.215 -2.486 -2.651 -2.958 -3.038 -3.438 -3.463 -3.754
0.00123 -1.10000 9.70000 1.0711953640 2.4866872731    0.898  3.108  3.6119  0.683    7  0.000  0.403    38.88    24.11    16.06    12.63    10.26  1 -1.52e-07      0.00 7.275e-01 2.704e-01 1.736e-04 1.261e-04 5.711e-04 -1.000 2.159e-03 -3.001 1.469 6.035 4.922 1.736 0.890 0.208 -0.367 -0.983 -2.085 -2.272 -2.551 -2.719 -3.034 -3.116 -3.525 -3.551 -3.849
0.00123 -1.10000 9.70000 1.0712007284 2.4866882317    0.884  3.142  3.6084  0.628    7  0.000  0.403    43.45    26.50    17.57    13.85    11.25  1 -1.87e-07      0.00 7.274e-01 2.704e-01 1.733e-04 1.266e-04 5.709e-04 -1.000 2.167e-03 -3.085 1.408 6.038 5.008 1.777 0.931 0.228 -0.365 -0.998 -2.127 -2.318 -2.604 -2.774 -3.096 -3.181 -3.598 -3.624 -3.929
0.00123 -1.10000 9.70000 1.0712065697 2.4866892755    0.865  3.184  3.6040  0.559    7  0.000  0.402    49.95    29.83    19.67    15.54    12.63  1 -2.42e-07      0.00 7.274e-01 2.704e-01 1.730e-04 1.271e-04 5.707e-04 -1.000 2.165e-03 -3.189 1.334 6.029 5.107 1.824 0.981 0.259 -0.356 -1.011 -2.174 -2.370 -2.665 -2.839 -3.169 -3.257 -3.685 -3.712 -4.025
0.00123 -1.10000 9.70000 1.0712114573 2.4866901489    0.844  3.226  3.5995  0.489    7  0.000  0.402    57.67    33.68    22.07    17.49    14.21  1 -3.18e-07      0.00 7.274e-01 2.704e-01 1.729e-04 1.273e-04 5.706e-04 -1.000 2.180e-03 -3.294 1.261 6.015 5.205 1.870 1.030 0.296 -0.341 -1.019 -2.219 -2.419 -2.725 -2.902 -3.242 -3.333 -3.772 -3.800 -4.123
0.00123 -1.10000 9.70000 1.0712127686 2.4866903832    0.837  3.235  3.5985  0.472    7  0.000  0.402    59.62    34.64    22.67    17.97    14.61  1 -3.41e-07      0.00 7.274e-01 2.705e-01 1.727e-04 1.276e-04 5.705e-04 -1.000 2.172e-03 -3.317 1.245 6.010 5.226 1.879 1.040 0.309 -0.333 -1.017 -2.226 -2.428 -2.736 -2.914 -3.257 -3.348 -3.791 -3.819 -4.144
0.00123 -1.10000 9.70000 1.0712128878 2.4866904045    0.836  3.230  3.5990  0.479    7  0.000  0.401    58.77    34.21    22.40    17.75    14.43  1 -3.33e-07      0.00 7.274e-01 2.705e-01 1.727e-04 1.276e-04 5.705e-04 -1.000 2.169e-03 -3.304 1.254 6.014 5.219 1.877 1.038 0.305 -0.335 -1.016 -2.221 -2.422 -2.729 -2.906 -3.248 -3.339 -3.780 -3.809 -4.132
0.00123 -1.10000 9.70000 1.0712130070 2.4866904258    0.836  3.244  3.5976  0.458    7  0.000  0.401    61.41    35.52    23.22    18.41    14.97  1 -3.57e-07      0.00 7.274e-01 2.705e-01 1.725e-04 1.280e-04 5.703e-04 -1.000 2.166e-03 -3.341 1.228 6.003 5.243 1.885 1.048 0.318 -0.329 -1.018 -2.236 -2.438 -2.749 -2.927 -3.273 -3.365 -3.811 -3.839 -4.166
0.00123 -1.10000 9.70000 1.0712131262 2.4866904472    0.835  3.231  3.5988  0.476    7  0.000  0.401    59.16    34.40    22.52    17.85    14.51  1 -3.38e-07      0.00 7.274e-01 2.705e-01 1.725e-04 1.280e-04 5.703e-04 -1.000 2.165e-03 -3.308 1.251 6.013 5.223 1.879 1.040 0.308 -0.333 -1.015 -2.222 -2.424 -2.731 -2.909 -3.251 -3.342 -3.784 -3.812 -4.136
0.00123 -1.10000 9.70000 1.0712132454 2.4866904685    0.835  3.225  3.5994  0.485    7  0.000  0.401    58.03    33.84    22.17    17.57    14.28  1 -3.29e-07      0.00 7.274e-01 2.705e-01 1.725e-04 1.280e-04 5.703e-04 -1.000 2.164e-03 -3.292 1.263 6.019 5.214 1.876 1.037 0.304 -0.335 -1.014 -2.215 -2.416 -2.722 -2.899 -3.239 -3.330 -3.770 -3.798 -4.121
0.00123 -1.10000 9.70000 1.0712134838 2.4866905111    0.834  3.228  3.5991  0.480    7  0.000  0.401    58.63    34.13    22.35    17.72    14.40  1 -3.35e-07      0.00 7.274e-01 2.705e-01 1.724e-04 1.281e-04 5.703e-04 -1.000 2.159e-03 -3.299 1.258 6.017 5.220 1.879 1.039 0.307 -0.333 -1.014 -2.218 -2.419 -2.726 -2.903 -3.244 -3.335 -3.776 -3.804 -4.128
0.00123 -1.10000 9.70000 1.0712138414 2.4866905750    0.831  3.238  3.5981  0.464    7  0.000  0.401    60.55    35.08    22.94    18.19    14.79  1 -3.54e-07      0.00 7.274e-01 2.705e-01 1.724e-04 1.282e-04 5.702e-04 -1.000 2.151e-03 -3.325 1.240 6.009 5.237 1.885 1.046 0.316 -0.328 -1.015 -2.228 -2.430 -2.740 -2.918 -3.262 -3.354 -3.798 -3.826 -4.152
0.00123 -1.10000 9.70000 1.0712141991 2.4866906389    0.829  3.249  3.5970  0.447    7  0.000  0.401    62.75    36.16    23.61    18.73    15.23  1 -3.76e-07      0.00 7.274e-01 2.705e-01 1.723e-04 1.283e-04 5.702e-04 -1.000 2.146e-03 -3.353 1.220 6.001 5.257 1.892 1.055 0.327 -0.322 -1.015 -2.239 -2.442 -2.755 -2.934 -3.281 -3.374 -3.821 -3.850 -4.178
0.00123 -1.10000 9.70000 1.0712145567 2.4866907028    0.826  3.271  3.5948  0.415    7  0.000  0.401    67.12    38.29    24.94    19.81    16.10  1 -4.19e-07      0.00 7.273e-01 2.705e-01 1.722e-04 1.285e-04 5.700e-04 -1.000 2.163e-03 -3.409 1.181 5.983 5.293 1.904 1.070 0.346 -0.313 -1.018 -2.261 -2.467 -2.785 -2.966 -3.318 -3.413 -3.867 -3.896 -4.229
0.00123 -1.10000 9.70000 1.0712151527 2.4866908093    0.822  3.302  3.5917  0.370    7  0.000  0.401    73.77    41.50    26.92    21.41    17.41  1 -4.89e-07      0.00 7.273e-01 2.705e-01 1.721e-04 1.289e-04 5.698e-04 -1.000 2.175e-03 -3.486 1.126 5.960 5.344 1.922 1.092 0.373 -0.300 -1.021 -2.292 -2.501 -2.828 -3.010 -3.370 -3.468 -3.932 -3.962 -4.301
0.00123 -1.10000 9.70000 1.0712158680 2.4866909371    0.815  3.343  3.5877  0.310    7  0.000  0.400    83.63    46.16    29.80    23.75    19.31  1    -6e-07      0.00 7.273e-01 2.705e-01 1.718e-04 1.294e-04 5.695e-04 -1.000 2.174e-03 -3.586 1.056 5.924 5.404 1.940 1.116 0.412 -0.278 -1.021 -2.329 -2.542 -2.880 -3.065 -3.435 -3.538 -4.015 -4.046 -4.394
0.00123 -1.10000 9.70000 1.0712169409 2.4866911288    0.802  3.386  3.5832  0.241    7  0.000  0.400    96.46    52.05    33.41    26.69    21.71  1 -7.71e-07      0.00 7.272e-01 2.706e-01 1.716e-04 1.301e-04 5.690e-04 -1.000 2.182e-03 -3.695 0.982 5.884 5.466 1.957 1.141 0.464 -0.243 -1.011 -2.362 -2.581 -2.931 -3.119 -3.501 -3.609 -4.102 -4.134 -4.492
0.00123 -1.10000 9.70000 1.0712182522 2.4866913631    0.779  3.410  3.5805  0.193    7  0.000  0.400   106.25    56.34    36.01    28.83    23.45  1 -9.34e-07      0.00 7.272e-01 2.706e-01 1.714e-04 1.305e-04 5.688e-04 -1.000 2.182e-03 -3.756 0.943 5.865 5.512 1.975 1.164 0.507 -0.211 -0.996 -2.375 -2.598 -2.956 -3.146 -3.535 -3.647 -4.150 -4.183 -4.547
0.00123 -1.10000 9.70000 1.0949344635 2.4908239789    0.545 -9.999  4.9669  6.805    9  0.546  0.000     0.00     0.00     0.00     0.00     0.00 -1    -1e-30      0.00 7.265e-01 2.722e-01 1.773e-04 1.344e-04 5.712e-04 -1.000 1.249e-03 29.767 32.026 32.616 33.071 33.541 33.973 35.326 35.767 35.794 36.065 36.119 36.158 36.209 36.289 36.308 36.438 36.455 36.642
