 Zini     MH   logAge Mini        int_IMF         Mass   logL    logTe  logg  label   McoreTP C_O  period0  period1  period2  period3  period4  pmode  Mloss  tau1m   X   Y   Xc  Xn  Xo  Cexcess  Z 	 mbolmag  F170Wmag  F218Wmag  F255Wmag  F300Wmag  F336Wmag  F380Wmag  F439Wmag  F450Wmag  F555Wmag  F569Wmag  F606Wmag  F622Wmag  F675Wmag  F702Wmag  F791Wmag  F814Wmag  F850LPmag
0.00031003 -1.70000 6.75000 0.0900000036 1.0816895926    0.090 -1.645  3.5459  4.172    0  0.000  0.545     0.00     0.00     0.00     0.00     0.00 -1 -7.88e-15      0.00 7.506e-01 2.491e-01 6.177e-05 1.667e-05 1.511e-04 -1.000 3.435e-04 8.881 13.422 18.128 17.022 13.729 12.881 12.481 11.919 11.419 10.176 9.975 9.610 9.415 9.021 8.882 8.325 8.287 7.912
0.00031003 -1.70000 6.75000 0.0919919387 1.1005014652    0.092 -1.633  3.5469  4.174    0  0.000  0.545     0.00     0.00     0.00     0.00     0.00 -1 -7.99e-15      0.00 7.506e-01 2.491e-01 6.177e-05 1.667e-05 1.511e-04 -1.000 3.435e-04 8.853 13.390 18.087 16.959 13.679 12.832 12.430 11.872 11.375 10.138 9.937 9.573 9.379 8.986 8.848 8.295 8.257 7.884
0.00031003 -1.70000 6.75000 0.0985733420 1.1590773157    0.099 -1.594  3.5503  4.178    0  0.000  0.545     0.00     0.00     0.00     0.00     0.00 -1 -8.41e-15      0.00 7.506e-01 2.491e-01 6.177e-05 1.667e-05 1.511e-04 -1.000 3.436e-04 8.754 13.280 17.951 16.754 13.515 12.666 12.261 11.716 11.228 10.009 9.810 9.449 9.256 8.868 8.735 8.193 8.156 7.787
0.00031003 -1.70000 6.75000 0.1000000015 1.1711064122    0.100 -1.585  3.5510  4.179    0  0.000  0.545     0.00     0.00     0.00     0.00     0.00 -1 -8.52e-15      0.00 7.506e-01 2.491e-01 6.177e-05 1.667e-05 1.511e-04 -1.000 3.435e-04 8.732 13.256 17.920 16.709 13.479 12.631 12.225 11.683 11.196 9.981 9.783 9.423 9.230 8.842 8.711 8.170 8.133 7.766
0.00031003 -1.70000 6.75000 0.1095849276 1.2465239789    0.110 -1.534  3.5553  4.185    0  0.000  0.545     0.00     0.00     0.00     0.00     0.00 -1 -9.07e-15      0.00 7.506e-01 2.491e-01 6.177e-05 1.667e-05 1.511e-04 -1.000 3.435e-04 8.606 13.116 17.737 16.438 13.266 12.419 12.013 11.486 11.010 9.819 9.623 9.268 9.076 8.694 8.567 8.040 8.004 7.642
0.00031003 -1.70000 6.75000 0.1200000048 1.3193154741    0.120 -1.483  3.5596  4.190    0  0.000  0.545     0.00     0.00     0.00     0.00     0.00 -1  -9.7e-15      0.00 7.506e-01 2.491e-01 6.177e-05 1.667e-05 1.511e-04 -1.000 3.435e-04 8.478 12.973 17.553 16.168 13.054 12.207 11.801 11.289 10.823 9.655 9.461 9.111 8.921 8.543 8.422 7.907 7.872 7.516
0.00031003 -1.70000 6.75000 0.1400000006 1.4384526719    0.140 -1.396  3.5663  4.197    0  0.000  0.545     0.00     0.00     0.00     0.00     0.00 -1 -1.09e-14      0.00 7.506e-01 2.491e-01 6.177e-05 1.667e-05 1.511e-04 -1.000 3.435e-04 8.259 12.734 17.230 15.715 12.702 11.858 11.457 10.969 10.517 9.384 9.194 8.852 8.665 8.295 8.181 7.683 7.649 7.302
0.00031003 -1.70000 6.75000 0.1718794405 1.5886972663    0.172 -1.275  3.5762  4.205    0  0.000  0.545     0.00     0.00     0.00     0.00     0.00 -1 -1.28e-14      0.00 7.506e-01 2.491e-01 6.177e-05 1.667e-05 1.511e-04 -1.000 3.435e-04 7.958 12.401 16.762 15.067 12.195 11.358 10.973 10.516 10.086 9.006 8.822 8.493 8.310 7.953 7.848 7.374 7.341 7.007
0.00031003 -1.70000 6.75000 0.1951637268 1.6772092229    0.195 -1.200  3.5826  4.211    0  0.000  0.545     0.00     0.00     0.00     0.00     0.00 -1 -1.43e-14      0.00 7.506e-01 2.491e-01 6.177e-05 1.667e-05 1.511e-04 -1.000 3.435e-04 7.770 12.192 16.448 14.649 11.871 11.040 10.669 10.232 9.815 8.768 8.589 8.269 8.089 7.740 7.641 7.179 7.148 6.823
0.00031003 -1.70000 6.75000 0.2099776864 1.7266711218    0.210 -1.156  3.5864  4.214    0  0.000  0.545     0.00     0.00     0.00     0.00     0.00 -1 -1.51e-14      0.00 7.506e-01 2.491e-01 6.177e-05 1.667e-05 1.511e-04 -1.000 3.435e-04 7.661 12.070 16.255 14.400 11.684 10.858 10.497 10.070 9.660 8.632 8.455 8.141 7.963 7.619 7.522 7.067 7.037 6.716
0.00031003 -1.70000 6.75000 0.2244271189 1.7707292539    0.224 -1.116  3.5899  4.217    0  0.000  0.545     0.00     0.00     0.00     0.00     0.00 -1 -1.59e-14      0.00 7.506e-01 2.491e-01 6.177e-05 1.667e-05 1.511e-04 -1.000 3.435e-04 7.561 11.959 16.077 14.172 11.513 10.690 10.339 9.922 9.518 8.508 8.332 8.024 7.847 7.507 7.412 6.965 6.935 6.618
0.00031003 -1.70000 6.75000 0.2268504798 1.7777574871    0.227 -1.110  3.5904  4.217    0  0.000  0.545     0.00     0.00     0.00     0.00     0.00 -1 -1.61e-14      0.00 7.506e-01 2.491e-01 6.177e-05 1.667e-05 1.511e-04 -1.000 3.435e-04 7.545 11.941 16.047 14.136 11.484 10.663 10.313 9.898 9.495 8.488 8.313 8.005 7.829 7.489 7.395 6.948 6.918 6.603
0.00031003 -1.70000 6.75000 0.2348840982 1.8003760665    0.235 -1.089  3.5923  4.219    0  0.000  0.545     0.00     0.00     0.00     0.00     0.00 -1 -1.66e-14      0.00 7.506e-01 2.491e-01 6.177e-05 1.667e-05 1.511e-04 -1.000 3.435e-04 7.492 11.882 15.951 14.018 11.391 10.572 10.229 9.818 9.418 8.421 8.247 7.942 7.767 7.430 7.337 6.894 6.864 6.551
0.00031003 -1.70000 6.75000 0.2521471381 1.8457455887    0.252 -1.048  3.5962  4.225    0  0.000  0.545     0.00     0.00     0.00     0.00     0.00 -1 -1.75e-14      0.00 7.506e-01 2.491e-01 6.177e-05 1.667e-05 1.511e-04 -1.000 3.435e-04 7.391 11.767 15.757 13.778 11.205 10.389 10.062 9.661 9.268 8.290 8.119 7.820 7.647 7.316 7.225 6.789 6.760 6.452
0.00031003 -1.70000 6.75000 0.2758526206 1.9018581814    0.276 -0.994  3.6018  4.232    0  0.000  0.545     0.00     0.00     0.00     0.00     0.00 -1 -1.88e-14      0.00 7.506e-01 2.491e-01 6.177e-05 1.667e-05 1.511e-04 -1.000 3.435e-04 7.255 11.611 15.499 13.457 10.949 10.139 9.834 9.446 9.063 8.114 7.946 7.656 7.485 7.162 7.074 6.649 6.621 6.320
0.00031003 -1.70000 6.75000 0.3029015958 1.9586885315    0.303 -0.938  3.6080  4.241    0  0.000  0.545     0.00     0.00     0.00     0.00     0.00 -1 -2.02e-14      0.00 7.506e-01 2.491e-01 6.177e-05 1.667e-05 1.511e-04 -1.000 3.435e-04 7.115 11.450 15.250 13.138 10.682 9.877 9.598 9.224 8.852 7.931 7.768 7.487 7.319 7.004 6.919 6.504 6.477 6.185
0.00031003 -1.70000 6.75000 0.3356590569 2.0192667339    0.336 -0.874  3.6155  4.252    0  0.000  0.545     0.00     0.00     0.00     0.00     0.00 -1 -2.19e-14      0.00 7.506e-01 2.491e-01 6.177e-05 1.667e-05 1.511e-04 -1.000 3.435e-04 6.956 11.262 14.922 12.744 10.359 9.563 9.321 8.964 8.604 7.719 7.561 7.291 7.127 6.823 6.741 6.339 6.313 6.031
0.00031003 -1.70000 6.75000 0.3499999940 2.0434174644    0.350 -0.849  3.6186  4.257    0  0.000  0.545     0.00     0.00     0.00     0.00     0.00 -1 -2.26e-14      0.00 7.506e-01 2.491e-01 6.177e-05 1.667e-05 1.511e-04 -1.000 3.435e-04 6.892 11.187 14.781 12.578 10.226 9.434 9.208 8.858 8.503 7.633 7.477 7.211 7.049 6.749 6.669 6.273 6.248 5.969
0.00031003 -1.70000 6.75000 0.3932105303 2.1090434274    0.393 -0.775  3.6280  4.272    0  0.000  0.545     0.00     0.00     0.00     0.00     0.00 -1 -2.49e-14      0.00 7.506e-01 2.491e-01 6.177e-05 1.667e-05 1.511e-04 -1.000 3.435e-04 6.709 10.966 14.265 12.050 9.834 9.059 8.884 8.556 8.214 7.386 7.237 6.985 6.828 6.541 6.465 6.084 6.060 5.794
0.00031003 -1.70000 6.75000 0.4000000060 2.1185024399    0.400 -0.765  3.6295  4.275    0  0.000  0.545     0.00     0.00     0.00     0.00     0.00 -1 -2.52e-14      0.00 7.506e-01 2.491e-01 6.177e-05 1.667e-05 1.511e-04 -1.000 3.435e-04 6.682 10.934 14.185 11.970 9.775 9.003 8.836 8.511 8.172 7.350 7.201 6.951 6.796 6.510 6.435 6.057 6.033 5.768
0.00031003 -1.70000 6.75000 0.4246709943 2.1511923784    0.424 -0.726  3.6350  4.284    0  0.000  0.545     0.00     0.00     0.00     0.00     0.00 -1 -2.64e-14      0.00 7.506e-01 2.491e-01 6.177e-05 1.667e-05 1.511e-04 -1.000 3.435e-04 6.585 10.814 13.890 11.675 9.556 8.795 8.659 8.347 8.016 7.218 7.072 6.831 6.678 6.399 6.327 5.957 5.934 5.676
0.00031003 -1.70000 6.75000 0.4500000179 2.1822809362    0.450 -0.687  3.6405  4.292    0  0.000  0.545     0.00     0.00     0.00     0.00     0.00 -1 -2.78e-14      0.00 7.506e-01 2.491e-01 6.177e-05 1.667e-05 1.511e-04 -1.000 3.435e-04 6.487 10.693 13.601 11.384 9.335 8.586 8.481 8.183 7.859 7.084 6.943 6.708 6.559 6.287 6.217 5.856 5.834 5.583
0.00031003 -1.70000 6.75000 0.4985533357 2.2359600170    0.499 -0.612  3.6514  4.306    0  0.000  0.545     0.00     0.00     0.00     0.00     0.00 -1 -3.09e-14      0.00 7.506e-01 2.491e-01 6.177e-05 1.667e-05 1.511e-04 -1.000 3.435e-04 6.301 10.459 13.117 10.858 8.908 8.182 8.140 7.872 7.562 6.831 6.696 6.476 6.333 6.074 6.008 5.664 5.644 5.407
0.00031003 -1.70000 6.75000 0.5118223429 2.2493183254    0.512 -0.590  3.6545  4.307    0  0.000  0.545     0.00     0.00     0.00     0.00     0.00 -1 -3.21e-14      0.00 7.506e-01 2.491e-01 6.177e-05 1.667e-05 1.511e-04 -1.000 3.435e-04 6.244 10.388 12.953 10.699 8.785 8.067 8.042 7.783 7.477 6.758 6.624 6.407 6.266 6.011 5.946 5.606 5.586 5.352
0.00031003 -1.70000 6.75000 0.5485076308 2.2824188037    0.548 -0.528  3.6621  4.305    0  0.000  0.545     0.00     0.00     0.00     0.00     0.00 -1 -3.58e-14      0.00 7.506e-01 2.491e-01 6.177e-05 1.667e-05 1.511e-04 -1.000 3.435e-04 6.090 10.197 12.488 10.278 8.462 7.767 7.785 7.549 7.252 6.562 6.432 6.225 6.089 5.842 5.779 5.450 5.431 5.206
0.00031003 -1.70000 6.75000 0.5500000715 2.2836583126    0.550 -0.525  3.6624  4.305    0  0.000  0.545     0.00     0.00     0.00     0.00     0.00 -1  -3.6e-14      0.00 7.506e-01 2.491e-01 6.177e-05 1.667e-05 1.511e-04 -1.000 3.435e-04 6.084 10.189 12.466 10.260 8.449 7.755 7.775 7.540 7.242 6.554 6.424 6.218 6.081 5.835 5.772 5.444 5.425 5.200
0.00031003 -1.70000 6.75000 0.5521124601 2.2853995376    0.552 -0.523  3.6628  4.306    0  0.000  0.545     0.00     0.00     0.00     0.00     0.00 -1  -3.6e-14      0.00 7.506e-01 2.491e-01 6.177e-05 1.667e-05 1.511e-04 -1.000 3.435e-04 6.079 10.182 12.441 10.240 8.436 7.743 7.765 7.531 7.234 6.547 6.417 6.211 6.075 5.829 5.767 5.439 5.420 5.196
0.00031003 -1.70000 6.75000 0.6000000238 2.3211213258    0.600 -0.473  3.6712  4.326    0  0.000  0.545     0.00     0.00     0.00     0.00     0.00 -1 -3.79e-14      0.00 7.506e-01 2.491e-01 6.177e-05 1.667e-05 1.511e-04 -1.000 3.435e-04 5.953 10.011 11.865 9.792 8.121 7.458 7.526 7.320 7.032 6.376 6.251 6.055 5.925 5.687 5.628 5.311 5.293 5.079
0.00031003 -1.70000 6.75000 0.6083866954 2.3267155663    0.608 -0.462  3.6727  4.327    0  0.000  0.545     0.00     0.00     0.00     0.00     0.00 -1 -3.86e-14      0.00 7.506e-01 2.491e-01 6.177e-05 1.667e-05 1.511e-04 -1.000 3.435e-04 5.926 9.976 11.768 9.713 8.063 7.405 7.480 7.279 6.993 6.342 6.217 6.024 5.894 5.658 5.599 5.284 5.266 5.054
0.00031003 -1.70000 6.75000 0.6359212995 2.3438951436    0.636 -0.423  3.6778  4.327    0  0.000  0.545     0.00     0.00     0.00     0.00     0.00 -1 -4.13e-14      0.00 7.506e-01 2.491e-01 6.177e-05 1.667e-05 1.511e-04 -1.000 3.435e-04 5.827 9.849 11.430 9.441 7.857 7.216 7.319 7.134 6.853 6.220 6.097 5.909 5.782 5.551 5.493 5.185 5.168 4.961
0.00031003 -1.70000 6.75000 0.6499999762 2.3520353107    0.650 -0.403  3.6803  4.327    0  0.000  0.545     0.00     0.00     0.00     0.00     0.00 -1 -4.28e-14      0.00 7.506e-01 2.491e-01 6.177e-05 1.667e-05 1.511e-04 -1.000 3.435e-04 5.777 9.785 11.262 9.304 7.755 7.122 7.238 7.061 6.784 6.159 6.037 5.851 5.726 5.497 5.441 5.135 5.119 4.914
0.00031003 -1.70000 6.75000 0.6770759225 2.3666016641    0.677 -0.365  3.6850  4.325    0  0.000  0.545     0.00     0.00     0.00     0.00     0.00 -1 -4.59e-14      0.00 7.506e-01 2.491e-01 6.177e-05 1.667e-05 1.511e-04 -1.000 3.435e-04 5.682 9.662 10.977 9.061 7.564 6.948 7.087 6.926 6.654 6.044 5.924 5.743 5.620 5.395 5.340 5.040 5.024 4.825
0.00031003 -1.70000 6.75000 0.6999999881 2.3779266974    0.700 -0.333  3.6889  4.324    0  0.000  0.545     0.00     0.00     0.00     0.00     0.00 -1 -4.87e-14      0.00 7.506e-01 2.491e-01 6.177e-05 1.667e-05 1.511e-04 -1.000 3.435e-04 5.602 9.559 10.738 8.857 7.405 6.802 6.961 6.814 6.546 5.948 5.829 5.652 5.532 5.310 5.256 4.961 4.945 4.750
0.00031003 -1.70000 6.75000 0.7049584985 2.3802651618    0.705 -0.325  3.6909  4.326    0  0.000  0.544     0.00     0.00     0.00     0.00     0.00 -1 -4.93e-14      0.00 7.506e-01 2.491e-01 6.169e-05 1.666e-05 1.511e-04 -1.000 3.435e-04 5.582 9.527 10.638 8.778 7.348 6.751 6.920 6.778 6.512 5.920 5.802 5.627 5.508 5.287 5.234 4.941 4.925 4.732
0.00031003 -1.70000 6.75000 0.7500000000 2.3998889087    0.750 -0.240  3.7086  4.340    0  0.000  0.538     0.00     0.00     0.00     0.00     0.00 -1 -5.71e-14      0.00 7.506e-01 2.491e-01 6.095e-05 1.665e-05 1.512e-04 -1.000 3.435e-04 5.371 9.193 9.661 8.048 6.819 6.280 6.526 6.436 6.192 5.652 5.540 5.380 5.269 5.063 5.014 4.740 4.726 4.551
0.00031003 -1.70000 6.75000 0.7692174911 2.4074617251    0.769 -0.213  3.7121  4.338    0  0.000  0.538     0.00     0.00     0.00     0.00     0.00 -1 -6.01e-14      0.00 7.506e-01 2.491e-01 6.095e-05 1.665e-05 1.512e-04 -1.000 3.435e-04 5.303 9.097 9.449 7.883 6.692 6.165 6.425 6.344 6.104 5.574 5.464 5.307 5.198 4.994 4.946 4.675 4.662 4.490
0.00031003 -1.70000 6.75000 0.8000000119 2.4187244405    0.800 -0.159  3.7187  4.327    0  0.000  0.538     0.00     0.00     0.00     0.00     0.00 -1 -6.76e-14      0.00 7.506e-01 2.491e-01 6.095e-05 1.665e-05 1.512e-04 -1.000 3.435e-04 5.167 8.904 9.045 7.566 6.446 5.941 6.226 6.162 5.932 5.421 5.313 5.161 5.055 4.856 4.809 4.546 4.534 4.368
0.00031003 -1.70000 6.75000 0.8500000238 2.4350346840    0.850 -0.076  3.7299  4.315    0  0.000  0.538     0.00     0.00     0.00     0.00     0.00 -1 -7.99e-14      0.00 7.506e-01 2.491e-01 6.095e-05 1.665e-05 1.512e-04 -1.000 3.435e-04 4.961 8.587 8.407 7.070 6.065 5.596 5.920 5.882 5.668 5.189 5.086 4.942 4.840 4.651 4.607 4.355 4.344 4.189
0.00031003 -1.70000 6.75000 0.8629043698 2.4388928394    0.862 -0.055  3.7328  4.312    0  0.000  0.538     0.00     0.00     0.00     0.00     0.00 -1 -8.36e-14      0.00 7.506e-01 2.491e-01 6.095e-05 1.665e-05 1.512e-04 -1.000 3.435e-04 4.907 8.502 8.254 6.949 5.971 5.512 5.844 5.811 5.601 5.130 5.028 4.886 4.786 4.598 4.555 4.306 4.295 4.143
0.00031003 -1.70000 6.75000 0.8999999762 2.4492786016    0.899  0.020  3.7422  4.292    0  0.000  0.538     0.00     0.00     0.00     0.00     0.00 -1 -9.94e-14      0.00 7.506e-01 2.491e-01 6.095e-05 1.665e-05 1.512e-04 -1.000 3.435e-04 4.719 8.200 7.733 6.540 5.653 5.224 5.583 5.568 5.370 4.925 4.827 4.692 4.595 4.415 4.373 4.134 4.124 3.980
0.00031003 -1.70000 6.75000 0.9066435695 2.4510357259    0.906  0.034  3.7438  4.288    0  0.000  0.538     0.00     0.00     0.00     0.00     0.00 -1 -1.03e-13      0.00 7.506e-01 2.491e-01 6.095e-05 1.665e-05 1.512e-04 -1.000 3.435e-04 4.685 8.142 7.640 6.468 5.599 5.176 5.537 5.526 5.330 4.889 4.792 4.658 4.562 4.383 4.342 4.104 4.094 3.952
0.00031003 -1.70000 6.75000 0.9499999881 2.4618121868    0.950  0.129  3.7550  4.259    0  0.000  0.538     0.00     0.00     0.00     0.00     0.00 -1 -1.29e-13      0.00 7.506e-01 2.491e-01 6.095e-05 1.665e-05 1.512e-04 -1.000 3.435e-04 4.447 7.717 7.005 5.973 5.217 4.836 5.220 5.226 5.044 4.635 4.543 4.417 4.326 4.156 4.117 3.892 3.883 3.751
0.00031003 -1.70000 6.75000 0.9702245593 2.4664619341    0.970  0.175  3.7603  4.242    0  0.000  0.538     0.00     0.00     0.00     0.00     0.00 -1 -1.44e-13      0.00 7.506e-01 2.491e-01 6.095e-05 1.665e-05 1.512e-04 -1.000 3.435e-04 4.331 7.505 6.713 5.742 5.037 4.674 5.067 5.082 4.906 4.513 4.422 4.301 4.211 4.046 4.009 3.788 3.780 3.653
0.00031003 -1.70000 6.75000 1.0000000000 2.4729154477    1.000  0.252  3.7688  4.213    0  0.000  0.538     0.00     0.00     0.00     0.00     0.00 -1 -1.75e-13      0.00 7.506e-01 2.491e-01 6.095e-05 1.665e-05 1.512e-04 -1.000 3.435e-04 4.141 7.148 6.275 5.391 4.759 4.426 4.827 4.851 4.685 4.314 4.227 4.111 4.025 3.867 3.831 3.619 3.611 3.491
0.00031003 -1.70000 6.75000 1.0273169279 2.4784592858    1.027  0.326  3.7769  4.183    0  0.000  0.538     0.00     0.00     0.00     0.00     0.00 -1 -2.04e-13      0.00 7.506e-01 2.491e-01 6.095e-05 1.665e-05 1.512e-04 -1.000 3.435e-04 3.954 6.793 5.872 5.064 4.496 4.191 4.596 4.626 4.470 4.120 4.037 3.926 3.844 3.692 3.657 3.454 3.447 3.333
0.00031003 -1.70000 6.75000 1.0499999523 2.4828114860    1.050  0.390  3.7840  4.157    0  0.000  0.538     0.00     0.00     0.00     0.00     0.00 -1 -2.32e-13      0.00 7.506e-01 2.491e-01 6.095e-05 1.665e-05 1.512e-04 -1.000 3.435e-04 3.796 6.491 5.548 4.799 4.281 3.998 4.402 4.436 4.289 3.955 3.876 3.770 3.690 3.544 3.511 3.315 3.309 3.201
0.00031003 -1.70000 6.75000 1.0661131144 2.4857740787    1.066  0.434  3.7891  4.140    0  0.000  0.538     0.00     0.00     0.00     0.00     0.00 -1 -2.53e-13      0.00 7.506e-01 2.491e-01 6.095e-05 1.665e-05 1.512e-04 -1.000 3.435e-04 3.685 6.279 5.330 4.620 4.134 3.867 4.266 4.302 4.160 3.839 3.762 3.659 3.582 3.440 3.408 3.217 3.211 3.107
0.00031003 -1.70000 6.75000 1.0984348059 2.4914165679    1.098  0.518  3.8000  4.113    0  0.000  0.538     0.00     0.00     0.00     0.00     0.00 -1 -2.97e-13      0.00 7.506e-01 2.491e-01 6.095e-05 1.665e-05 1.512e-04 -1.000 3.435e-04 3.476 5.866 4.919 4.284 3.861 3.625 4.009 4.047 3.915 3.619 3.546 3.451 3.378 3.245 3.215 3.035 3.030 2.936
0.00031003 -1.70000 6.75000 1.1000000238 2.4916801480    1.099  0.522  3.8005  4.112    0  0.000  0.538     0.00     0.00     0.00     0.00     0.00 -1 -2.99e-13      0.00 7.506e-01 2.491e-01 6.095e-05 1.665e-05 1.512e-04 -1.000 3.435e-04 3.466 5.847 4.900 4.269 3.849 3.615 3.997 4.035 3.904 3.609 3.537 3.442 3.369 3.236 3.206 3.027 3.022 2.928
0.00031003 -1.70000 6.75000 1.1237505674 2.4955763096    1.123  0.577  3.8093  4.101    0  0.000  0.538     0.00     0.00     0.00     0.00     0.00 -1 -3.27e-13      0.00 7.506e-01 2.491e-01 6.095e-05 1.664e-05 1.512e-04 -1.000 3.435e-04 3.329 5.559 4.627 4.049 3.674 3.462 3.825 3.861 3.739 3.463 3.394 3.305 3.236 3.110 3.082 2.911 2.907 2.820
0.00031003 -1.70000 6.75000 1.1499999762 2.4996678137    1.149  0.633  3.8202  4.098    0  0.000  0.538     0.00     0.00     0.00     0.00     0.00 -1 -3.53e-13      0.00 7.506e-01 2.491e-01 6.095e-05 1.664e-05 1.512e-04 -1.000 3.436e-04 3.187 5.256 4.347 3.823 3.494 3.308 3.644 3.677 3.565 3.310 3.245 3.163 3.098 2.981 2.955 2.796 2.792 2.714
0.00031003 -1.70000 6.75000 1.1753089428 2.5034143739    1.175  0.685  3.8325  4.105    0  0.000  0.538     0.00     0.00     0.00     0.00     0.00 -1 -3.73e-13      0.00 7.506e-01 2.491e-01 6.095e-05 1.664e-05 1.512e-04 -1.000 3.435e-04 3.058 4.963 4.083 3.613 3.331 3.170 3.474 3.503 3.401 3.167 3.108 3.033 2.973 2.866 2.842 2.695 2.692 2.625
0.00031003 -1.70000 6.75000 1.2000000477 2.5068948796    1.200  0.733  3.8465  4.122    0  0.000  0.538     0.00     0.00     0.00     0.00     0.00 -1 -3.86e-13      0.00 7.506e-01 2.490e-01 6.095e-05 1.664e-05 1.512e-04 -1.000 3.436e-04 2.937 4.671 3.832 3.418 3.182 3.048 3.312 3.333 3.242 3.033 2.978 2.913 2.859 2.763 2.742 2.610 2.608 2.551
0.00031003 -1.70000 6.75000 1.2134151459 2.5087177503    1.213  0.758  3.8557  4.138    0  0.000  0.538     0.00     0.00     0.00     0.00     0.00 -1 -3.88e-13      0.00 7.507e-01 2.490e-01 6.095e-05 1.664e-05 1.512e-04 -1.000 3.435e-04 2.874 4.501 3.691 3.311 3.104 2.987 3.223 3.239 3.155 2.961 2.910 2.851 2.800 2.712 2.692 2.570 2.568 2.519
0.00031003 -1.70000 6.75000 1.2338269949 2.5114040986    1.233  0.795  3.8714  4.172    0  0.000  0.538     0.00     0.00     0.00     0.00     0.00 -1 -3.86e-13      0.00 7.507e-01 2.490e-01 6.095e-05 1.664e-05 1.512e-04 -1.000 3.435e-04 2.782 4.234 3.478 3.154 2.992 2.902 3.090 3.096 3.024 2.855 2.810 2.762 2.718 2.643 2.626 2.521 2.520 2.482
0.00031003 -1.70000 6.75000 1.2500000000 2.5134610955    1.250  0.823  3.8848  4.203    0  0.000  0.538     0.00     0.00     0.00     0.00     0.00 -1 -3.82e-13      0.00 7.507e-01 2.490e-01 6.095e-05 1.664e-05 1.512e-04 -1.000 3.435e-04 2.713 4.022 3.315 3.037 2.909 2.840 2.989 2.988 2.925 2.777 2.737 2.698 2.659 2.596 2.581 2.491 2.491 2.462
0.00031003 -1.70000 6.75000 1.2543437481 2.5140031825    1.254  0.830  3.8884  4.212    0  0.000  0.538     0.00     0.00     0.00     0.00     0.00 -1  -3.8e-13      0.00 7.507e-01 2.490e-01 6.095e-05 1.664e-05 1.512e-04 -1.000 3.435e-04 2.694 3.965 3.272 3.006 2.887 2.824 2.963 2.959 2.899 2.756 2.718 2.681 2.644 2.584 2.570 2.484 2.484 2.457
0.00031003 -1.70000 6.75000 1.2760387659 2.5166472400    1.276  0.864  3.9061  4.256    0  0.000  0.538     0.00     0.00     0.00     0.00     0.00 -1 -3.67e-13      0.00 7.507e-01 2.490e-01 6.095e-05 1.664e-05 1.512e-04 -1.000 3.435e-04 2.610 3.681 3.078 2.869 2.788 2.749 2.844 2.830 2.783 2.668 2.637 2.611 2.582 2.537 2.526 2.459 2.459 2.443
0.00031003 -1.70000 6.75000 1.2818468809 2.5173376550    1.282  0.873  3.9107  4.268    0  0.000  0.538     0.00     0.00     0.00     0.00     0.00 -1 -3.63e-13      0.00 7.507e-01 2.490e-01 6.095e-05 1.664e-05 1.512e-04 -1.000 3.435e-04 2.588 3.603 3.030 2.835 2.763 2.729 2.815 2.798 2.755 2.647 2.618 2.595 2.568 2.527 2.517 2.455 2.455 2.441
0.00031003 -1.70000 6.75000 1.2941951752 2.5187818523    1.294  0.888  3.9197  4.292    0  0.000  0.538     0.00     0.00     0.00     0.00     0.00 -1 -3.55e-13      0.00 7.507e-01 2.490e-01 6.095e-05 1.664e-05 1.512e-04 -1.000 3.435e-04 2.549 3.446 2.940 2.772 2.717 2.693 2.763 2.742 2.706 2.612 2.587 2.569 2.547 2.513 2.504 2.451 2.451 2.441
0.00031003 -1.70000 6.75000 1.2999999523 2.5194498592    1.300  0.895  3.9238  4.304    0  0.000  0.538     0.00     0.00     0.00     0.00     0.00 -1  -3.5e-13      0.00 7.507e-01 2.490e-01 6.095e-05 1.664e-05 1.512e-04 -1.000 3.435e-04 2.531 3.371 2.902 2.746 2.697 2.677 2.741 2.720 2.687 2.599 2.576 2.560 2.539 2.508 2.500 2.451 2.451 2.443
0.00031003 -1.70000 6.75000 1.3119060993 2.5207987569    1.312  0.910  3.9322  4.327    0  0.000  0.538     0.00     0.00     0.00     0.00     0.00 -1  -3.4e-13      0.00 7.507e-01 2.490e-01 6.095e-05 1.664e-05 1.512e-04 -1.000 3.435e-04 2.496 3.215 2.824 2.691 2.656 2.645 2.700 2.676 2.649 2.575 2.555 2.544 2.526 2.501 2.494 2.452 2.453 2.449
0.00031003 -1.70000 6.75000 1.3438333273 2.5242806287    1.344  0.940  3.9517  4.385    0  0.000  0.538     0.00     0.00     0.00     0.00     0.00 -1  -3.1e-13      0.00 7.507e-01 2.490e-01 6.095e-05 1.664e-05 1.512e-04 -1.000 3.435e-04 2.421 2.869 2.657 2.570 2.564 2.571 2.632 2.608 2.593 2.544 2.531 2.528 2.517 2.504 2.499 2.472 2.473 2.478
0.00031003 -1.70000 6.75000 1.3500000238 2.5249313598    1.350  0.944  3.9548  4.395    0  0.000  0.538     0.00     0.00     0.00     0.00     0.00 -1 -3.04e-13      0.00 7.507e-01 2.490e-01 6.095e-05 1.664e-05 1.512e-04 -1.000 3.435e-04 2.409 2.821 2.630 2.550 2.548 2.559 2.623 2.600 2.586 2.542 2.530 2.527 2.517 2.506 2.502 2.476 2.477 2.483
0.00031003 -1.70000 6.75000 1.3757983446 2.5275811031    1.376  0.964  3.9684  4.438    0  0.000  0.538     0.00     0.00     0.00     0.00     0.00 -1 -2.77e-13      0.00 7.507e-01 2.490e-01 6.095e-05 1.664e-05 1.511e-04 -1.000 3.435e-04 2.360 2.626 2.518 2.462 2.481 2.507 2.591 2.573 2.564 2.535 2.526 2.528 2.522 2.517 2.514 2.498 2.499 2.511
0.00031003 -1.70000 6.75000 1.3999999762 2.5299650300    1.400  0.980  3.9787  4.470    0  0.000  0.538     0.00     0.00     0.00     0.00     0.00 -1 -2.56e-13      0.00 7.507e-01 2.490e-01 6.095e-05 1.664e-05 1.511e-04 -1.000 3.435e-04 2.319 2.491 2.431 2.390 2.425 2.462 2.567 2.555 2.549 2.530 2.524 2.528 2.525 2.524 2.521 2.511 2.513 2.529
0.00031003 -1.70000 6.75000 1.4305168390 2.5328391922    1.431  1.001  3.9912  4.510    0  0.000  0.538     0.00     0.00     0.00     0.00     0.00 -1 -2.27e-13      0.00 7.507e-01 2.490e-01 6.095e-05 1.664e-05 1.511e-04 -1.000 3.435e-04 2.268 2.342 2.325 2.303 2.356 2.406 2.543 2.540 2.537 2.529 2.526 2.532 2.531 2.534 2.533 2.529 2.531 2.553
0.00031003 -1.70000 6.75000 1.4500000477 2.5346015836    1.450  1.016  3.9976  4.526    0  0.000  0.538     0.00     0.00     0.00     0.00     0.00 -1 -2.13e-13      0.00 7.507e-01 2.490e-01 6.095e-05 1.664e-05 1.511e-04 -1.000 3.435e-04 2.231 2.263 2.263 2.249 2.311 2.368 2.522 2.524 2.522 2.520 2.518 2.526 2.525 2.530 2.530 2.529 2.531 2.555
0.00031003 -1.70000 6.75000 1.4987124205 2.5387782845    1.499  1.052  4.0132  4.567    0  0.000  0.538     0.00     0.00     0.00     0.00     0.00 -1 -1.75e-13      0.00 7.507e-01 2.490e-01 6.095e-05 1.664e-05 1.511e-04 -1.000 3.435e-04 2.141 2.082 2.116 2.121 2.204 2.276 2.475 2.492 2.493 2.503 2.504 2.513 2.515 2.524 2.524 2.529 2.532 2.561
0.00031003 -1.70000 6.75000 1.5000000000 2.5388844597    1.500  1.053  4.0135  4.567    0  0.000  0.538     0.00     0.00     0.00     0.00     0.00 -1 -1.74e-13      0.00 7.507e-01 2.490e-01 6.095e-05 1.664e-05 1.511e-04 -1.000 3.435e-04 2.138 2.078 2.112 2.118 2.201 2.274 2.474 2.490 2.491 2.502 2.503 2.512 2.514 2.523 2.524 2.529 2.531 2.561
0.00031003 -1.70000 6.75000 1.5499999523 2.5428511323    1.550  1.090  4.0274  4.599    0  0.000  0.538     0.00     0.00     0.00     0.00     0.00 -1 -1.35e-13      0.00 7.507e-01 2.490e-01 6.094e-05 1.664e-05 1.511e-04 -1.000 3.435e-04 2.044 1.915 1.972 1.995 2.096 2.182 2.424 2.453 2.456 2.477 2.480 2.490 2.494 2.506 2.507 2.517 2.520 2.555
0.00031003 -1.70000 6.75000 1.5987099409 2.5464423618    1.598  1.124  4.0398  4.629    0  0.000  0.538     0.00     0.00     0.00     0.00     0.00 -1 -9.33e-14      0.00 7.507e-01 2.490e-01 6.094e-05 1.664e-05 1.511e-04 -1.000 3.435e-04 1.960 1.776 1.851 1.889 2.004 2.102 2.384 2.424 2.428 2.458 2.462 2.473 2.479 2.493 2.495 2.509 2.512 2.551
0.00031003 -1.70000 6.75000 1.6000000238 2.5465340628    1.600  1.125  4.0401  4.630    0  0.000  0.538     0.00     0.00     0.00     0.00     0.00 -1 -9.24e-14      0.00 7.507e-01 2.490e-01 6.094e-05 1.664e-05 1.511e-04 -1.000 3.435e-04 1.958 1.773 1.848 1.886 2.002 2.100 2.383 2.423 2.427 2.457 2.461 2.473 2.478 2.492 2.494 2.508 2.512 2.551
0.00031003 -1.70000 6.75000 1.6332148314 2.5488377789    1.633  1.148  4.0474  4.644    0  0.000  0.538     0.00     0.00     0.00     0.00     0.00 -1 -4.29e-25      0.00 7.507e-01 2.490e-01 6.094e-05 1.664e-05 1.511e-04 -1.000 3.435e-04 1.899 1.685 1.770 1.816 1.940 2.045 2.351 2.398 2.403 2.437 2.442 2.455 2.461 2.476 2.478 2.495 2.498 2.540
0.00031003 -1.70000 6.75000 1.6499999762 2.5499614773    1.649  1.164  4.0510  4.648    0  0.000  0.538     0.00     0.00     0.00     0.00     0.00 -1    -1e-30      0.00 7.507e-01 2.490e-01 6.094e-05 1.664e-05 1.511e-04 -1.000 3.435e-04 1.861 1.633 1.723 1.773 1.901 2.009 2.326 2.377 2.381 2.418 2.424 2.436 2.443 2.459 2.461 2.478 2.482 2.525
0.00031003 -1.70000 6.75000 1.6638313532 2.5508678646    1.663  1.176  4.0540  4.650    0  0.000  0.538     0.00     0.00     0.00     0.00     0.00 -1    -1e-30      0.00 7.507e-01 2.490e-01 6.094e-05 1.664e-05 1.511e-04 -1.000 3.435e-04 1.829 1.591 1.684 1.737 1.869 1.980 2.306 2.359 2.364 2.402 2.408 2.421 2.428 2.444 2.447 2.465 2.469 2.512
0.00031003 -1.70000 6.75000 1.6984429359 2.5530617917    1.698  1.207  4.0610  4.657    0  0.000  0.538     0.00     0.00     0.00     0.00     0.00 -1    -1e-30      0.00 7.507e-01 2.490e-01 6.094e-05 1.664e-05 1.511e-04 -1.000 3.435e-04 1.753 1.490 1.591 1.652 1.791 1.908 2.256 2.316 2.321 2.364 2.371 2.384 2.392 2.409 2.412 2.432 2.437 2.482
0.00031003 -1.70000 6.75000 1.7468860149 2.5559652025    1.746  1.247  4.0704  4.666    0  0.000  0.538     0.00     0.00     0.00     0.00     0.00 -1    -1e-30      0.00 7.507e-01 2.490e-01 6.094e-05 1.664e-05 1.511e-04 -1.000 3.435e-04 1.651 1.358 1.469 1.540 1.689 1.814 2.192 2.260 2.266 2.314 2.323 2.336 2.344 2.363 2.367 2.389 2.394 2.443
0.00031003 -1.70000 6.75000 1.7744354010 2.5575352806    1.773  1.271  4.0758  4.671    0  0.000  0.538     0.00     0.00     0.00     0.00     0.00 -1    -1e-30      0.00 7.507e-01 2.490e-01 6.094e-05 1.664e-05 1.511e-04 -1.000 3.435e-04 1.592 1.282 1.399 1.475 1.629 1.759 2.154 2.227 2.233 2.284 2.293 2.307 2.316 2.335 2.339 2.363 2.367 2.418
0.00031003 -1.70000 6.75000 1.7953288555 2.5586891505    1.794  1.291  4.0800  4.673    0  0.000  0.538     0.00     0.00     0.00     0.00     0.00 -1    -1e-30      0.00 7.507e-01 2.490e-01 6.094e-05 1.664e-05 1.511e-04 -1.000 3.435e-04 1.543 1.220 1.342 1.422 1.580 1.713 2.122 2.199 2.205 2.259 2.268 2.282 2.291 2.311 2.315 2.340 2.345 2.397
0.00031003 -1.70000 6.75000 1.8437719345 2.5612491592    1.843  1.336  4.0897  4.678    0  0.000  0.538     0.00     0.00     0.00     0.00     0.00 -1    -1e-30      0.00 7.507e-01 2.490e-01 6.094e-05 1.664e-05 1.511e-04 -1.000 3.435e-04 1.430 1.081 1.213 1.302 1.470 1.610 2.050 2.135 2.142 2.201 2.211 2.225 2.236 2.257 2.261 2.289 2.294 2.350
0.00031003 -1.70000 6.75000 1.8922147751 2.5636590006    1.891  1.380  4.0992  4.684    0  0.000  0.538     0.00     0.00     0.00     0.00     0.00 -1    -1e-30      0.00 7.507e-01 2.490e-01 6.094e-05 1.664e-05 1.511e-04 -1.000 3.435e-04 1.320 0.947 1.088 1.187 1.363 1.511 1.981 2.074 2.081 2.145 2.156 2.170 2.182 2.204 2.209 2.238 2.244 2.303
0.00031003 -1.70000 6.75000 1.9406578541 2.5659310206    1.940  1.423  4.1084  4.689    0  0.000  0.538     0.00     0.00     0.00     0.00     0.00 -1    -1e-30      0.00 7.507e-01 2.490e-01 6.093e-05 1.664e-05 1.511e-04 -1.000 3.436e-04 1.214 0.819 0.969 1.077 1.261 1.416 1.914 2.014 2.023 2.090 2.102 2.117 2.129 2.153 2.158 2.190 2.196 2.258
0.00031003 -1.70000 6.75000 1.9891006947 2.5680762331    1.989  1.463  4.1171  4.694    0  0.000  0.538     0.00     0.00     0.00     0.00     0.00 -1    -1e-30      0.00 7.507e-01 2.490e-01 6.093e-05 1.664e-05 1.511e-04 -1.000 3.421e-04 1.111 0.699 0.858 0.973 1.165 1.326 1.851 1.958 1.966 2.038 2.051 2.066 2.079 2.103 2.108 2.143 2.149 2.215
0.00031003 -1.70000 6.75000 2.0375437737 2.5701045716    2.037  1.503  4.1254  4.698    0  0.000  0.538     0.00     0.00     0.00     0.00     0.00 -1    -1e-30      0.00 7.507e-01 2.490e-01 6.094e-05 1.664e-05 1.511e-04 -1.000 3.435e-04 1.013 0.585 0.752 0.874 1.073 1.240 1.789 1.903 1.912 1.987 2.001 2.017 2.030 2.055 2.061 2.097 2.104 2.172
0.00031003 -1.70000 6.75000 2.0859866142 2.5720249420    2.085  1.541  4.1334  4.702    0  0.000  0.538     0.00     0.00     0.00     0.00     0.00 -1    -1e-30      0.00 7.507e-01 2.490e-01 6.094e-05 1.664e-05 1.511e-04 -1.000 3.435e-04 0.917 0.475 0.649 0.778 0.984 1.157 1.730 1.849 1.859 1.937 1.952 1.968 1.982 2.008 2.014 2.052 2.059 2.131
0.00031003 -1.70000 6.75000 2.1344296932 2.5738454211    2.133  1.579  4.1412  4.705    0  0.000  0.538     0.00     0.00     0.00     0.00     0.00 -1    -1e-30      0.00 7.507e-01 2.490e-01 6.094e-05 1.664e-05 1.511e-04 -1.000 3.435e-04 0.823 0.368 0.549 0.685 0.897 1.076 1.671 1.797 1.807 1.889 1.904 1.920 1.935 1.962 1.968 2.008 2.015 2.090
0.00031003 -1.70000 6.75000 2.1828727722 2.5755732906    2.181  1.615  4.1487  4.708    0  0.000  0.538     0.00     0.00     0.00     0.00     0.00 -1    -1e-30      0.00 7.507e-01 2.489e-01 6.093e-05 1.664e-05 1.511e-04 -1.000 3.436e-04 0.732 0.265 0.454 0.596 0.814 0.998 1.615 1.746 1.756 1.841 1.857 1.874 1.889 1.917 1.924 1.965 1.973 2.050
0.00031003 -1.70000 6.75000 2.2313156128 2.5772151559    2.230  1.651  4.1560  4.712    0  0.000  0.538     0.00     0.00     0.00     0.00     0.00 -1    -1e-30      0.00 7.507e-01 2.489e-01 6.093e-05 1.664e-05 1.511e-04 -1.000 3.435e-04 0.643 0.167 0.362 0.510 0.734 0.924 1.560 1.697 1.707 1.795 1.812 1.829 1.845 1.874 1.880 1.923 1.931 2.011
0.00031003 -1.70000 6.75000 2.2797584534 2.5787770364    2.278  1.685  4.1630  4.714    0  0.000  0.538     0.00     0.00     0.00     0.00     0.00 -1    -1e-30      0.00 7.507e-01 2.489e-01 6.093e-05 1.664e-05 1.511e-04 -1.000 3.435e-04 0.557 0.072 0.274 0.428 0.658 0.852 1.506 1.648 1.659 1.750 1.767 1.785 1.801 1.831 1.837 1.882 1.890 1.973
0.00031003 -1.70000 6.75000 2.3282012939 2.5802644066    2.327  1.719  4.1695  4.716    0  0.000  0.538     0.00     0.00     0.00     0.00     0.00 -1    -1e-30      0.00 7.506e-01 2.490e-01 6.095e-05 1.664e-05 1.511e-04 -1.000 3.435e-04 0.473 -0.020 0.188 0.347 0.582 0.781 1.453 1.600 1.611 1.704 1.722 1.740 1.757 1.787 1.794 1.840 1.849 1.933
0.00031003 -1.70000 6.75000 2.3766443729 2.5816822699    2.375  1.751  4.1761  4.719    0  0.000  0.538     0.00     0.00     0.00     0.00     0.00 -1    -1e-30      0.00 7.506e-01 2.491e-01 6.095e-05 1.665e-05 1.511e-04 -1.000 3.435e-04 0.392 -0.108 0.106 0.270 0.511 0.714 1.403 1.554 1.566 1.662 1.680 1.698 1.716 1.747 1.754 1.802 1.810 1.897
0.00031003 -1.70000 6.75000 2.5704159737 2.5867444059    2.569  1.874  4.1991  4.722    0  0.000  0.538     0.00     0.00     0.00     0.00     0.00 -1    -1e-30      0.00 7.506e-01 2.491e-01 6.102e-05 1.666e-05 1.513e-04 -1.000 3.435e-04 0.085 -0.434 -0.198 -0.016 0.242 0.461 1.205 1.373 1.386 1.491 1.511 1.531 1.550 1.584 1.591 1.644 1.653 1.748
0.00031003 -1.70000 6.75000 2.7641882896 2.5909992214    2.763  1.987  4.2188  4.720    0  0.000  0.538     0.00     0.00     0.00     0.00     0.00 -1    -1e-30      0.00 7.506e-01 2.491e-01 6.102e-05 1.666e-05 1.513e-04 -1.000 3.435e-04 -0.197 -0.727 -0.472 -0.276 -0.003 0.229 1.017 1.198 1.212 1.325 1.347 1.368 1.388 1.424 1.433 1.489 1.499 1.600
0.00031003 -1.70000 6.75000 2.9579598904 2.5946194275    2.957  2.091  4.2368  4.717    0  0.000  0.538     0.00     0.00     0.00     0.00     0.00 -1    -1e-30      0.00 7.506e-01 2.491e-01 6.102e-05 1.666e-05 1.513e-04 -1.000 3.434e-04 -0.457 -0.993 -0.722 -0.513 -0.227 0.017 0.843 1.037 1.051 1.172 1.195 1.217 1.239 1.277 1.286 1.346 1.357 1.462
0.00031003 -1.70000 6.75000 3.1517319679 2.5977325659    3.150  2.188  4.2529  4.712    0  0.000  0.538     0.00     0.00     0.00     0.00     0.00 -1    -1e-30      0.00 7.506e-01 2.491e-01 6.102e-05 1.666e-05 1.513e-04 -1.000 3.435e-04 -0.699 -1.237 -0.951 -0.731 -0.434 -0.179 0.679 0.884 0.899 1.026 1.050 1.073 1.096 1.136 1.145 1.209 1.220 1.330
0.00031003 -1.70000 6.75000 3.3455038071 2.6004346722    3.343  2.278  4.2674  4.706    0  0.000  0.538     0.00     0.00     0.00     0.00     0.00 -1    -1e-30      0.00 7.506e-01 2.491e-01 6.102e-05 1.666e-05 1.513e-04 -1.000 3.435e-04 -0.925 -1.462 -1.163 -0.933 -0.626 -0.363 0.523 0.738 0.754 0.886 0.912 0.935 0.959 1.001 1.011 1.077 1.089 1.203
0.00031003 -1.70000 6.75000 3.5392754078 2.6027993784    3.536  2.363  4.2807  4.699    1  0.000  0.538     0.00     0.00     0.00     0.00     0.00 -1    -1e-30      0.00 7.506e-01 2.491e-01 6.102e-05 1.666e-05 1.513e-04 -1.000 3.435e-04 -1.136 -1.672 -1.360 -1.122 -0.807 -0.536 0.376 0.599 0.616 0.753 0.780 0.804 0.829 0.872 0.883 0.952 0.963 1.082
0.00031003 -1.70000 6.75000 3.7330474854 2.6048840222    3.730  2.442  4.2933  4.693    0  0.000  0.538     0.00     0.00     0.00     0.00     0.00 -1    -1e-30      0.00 7.506e-01 2.491e-01 6.102e-05 1.666e-05 1.513e-04 -1.000 3.434e-04 -1.335 -1.867 -1.544 -1.298 -0.976 -0.697 0.237 0.469 0.486 0.628 0.656 0.681 0.707 0.752 0.762 0.834 0.846 0.967
0.00031003 -1.70000 6.75000 3.9268190861 2.6067338521    3.925  2.518  4.3047  4.685    1  0.000  0.538     0.00     0.00     0.00     0.00     0.00 -1    -1e-30      0.00 7.506e-01 2.491e-01 6.102e-05 1.666e-05 1.513e-04 -1.000 3.435e-04 -1.524 -2.052 -1.719 -1.466 -1.137 -0.852 0.103 0.342 0.360 0.506 0.535 0.560 0.587 0.633 0.644 0.718 0.730 0.854
0.00031003 -1.70000 6.75000 4.1205911636 2.6083850511    4.118  2.590  4.3155  4.677    1  0.000  0.538     0.00     0.00     0.00     0.00     0.00 -1    -1e-30      0.00 7.506e-01 2.491e-01 6.102e-05 1.666e-05 1.513e-04 -1.000 3.436e-04 -1.704 -2.227 -1.884 -1.625 -1.290 -0.999 -0.026 0.221 0.239 0.389 0.419 0.445 0.473 0.519 0.530 0.606 0.619 0.746
0.00031003 -1.70000 6.75000 4.3143630028 2.6098668496    4.311  2.657  4.3259  4.671    1  0.000  0.538     0.00     0.00     0.00     0.00     0.00 -1    -1e-30      0.00 7.506e-01 2.491e-01 6.102e-05 1.666e-05 1.513e-04 -1.000 3.434e-04 -1.874 -2.391 -2.039 -1.773 -1.433 -1.137 -0.146 0.108 0.126 0.281 0.312 0.338 0.366 0.414 0.425 0.503 0.516 0.646
0.00031003 -1.70000 6.75000 4.5081343651 2.6112031155    4.504  2.722  4.3353  4.663    1  0.000  0.538     0.00     0.00     0.00     0.00     0.00 -1    -1e-30      0.00 7.506e-01 2.491e-01 6.102e-05 1.666e-05 1.513e-04 -1.000 3.435e-04 -2.035 -2.548 -2.187 -1.916 -1.571 -1.269 -0.263 -0.003 0.015 0.174 0.205 0.231 0.261 0.309 0.321 0.401 0.413 0.546
0.00031003 -1.70000 6.75000 4.5578269958 2.6115248187    4.554  2.738  4.3378  4.661    1  0.000  0.538     0.00     0.00     0.00     0.00     0.00 -1    -1e-30      0.00 7.506e-01 2.491e-01 6.102e-05 1.666e-05 1.513e-04 -1.000 3.435e-04 -2.076 -2.586 -2.224 -1.951 -1.604 -1.302 -0.291 -0.030 -0.011 0.148 0.180 0.206 0.236 0.285 0.296 0.376 0.389 0.522
0.00031003 -1.70000 6.75000 4.7019066811 2.6124135244    4.699  2.784  4.3449  4.658    1  0.000  0.538     0.00     0.00     0.00     0.00     0.00 -1    -1e-30      0.00 7.506e-01 2.491e-01 6.102e-05 1.666e-05 1.513e-04 -1.000 3.436e-04 -2.189 -2.696 -2.327 -2.049 -1.699 -1.393 -0.371 -0.105 -0.086 0.076 0.108 0.134 0.164 0.214 0.226 0.307 0.320 0.455
0.00031003 -1.70000 6.75000 4.8956785202 2.6135144066    4.893  2.843  4.3536  4.651    1  0.000  0.538     0.00     0.00     0.00     0.00     0.00 -1    -1e-30      0.00 7.506e-01 2.491e-01 6.102e-05 1.666e-05 1.513e-04 -1.000 3.435e-04 -2.337 -2.838 -2.461 -2.178 -1.824 -1.513 -0.478 -0.206 -0.187 -0.022 0.011 0.038 0.069 0.119 0.132 0.214 0.228 0.365
0.00031003 -1.70000 6.75000 5.0953311920 2.6145485761    5.094  2.901  4.3620  4.644    1  0.000  0.538     0.00     0.00     0.00     0.00     0.00 -1    -1e-30      0.00 7.506e-01 2.491e-01 6.102e-05 1.666e-05 1.513e-04 -1.000 3.442e-04 -2.483 -2.978 -2.594 -2.306 -1.947 -1.632 -0.584 -0.307 -0.287 -0.119 -0.086 -0.058 -0.027 0.025 0.037 0.121 0.135 0.274
0.00031003 -1.70000 6.75000 5.1913790703 2.6150136249    5.190  2.928  4.3660  4.641    1  0.000  0.538     0.00     0.00     0.00     0.00     0.00 -1    -1e-30      0.00 7.506e-01 2.491e-01 6.102e-05 1.666e-05 1.513e-04 -1.000 3.435e-04 -2.551 -3.043 -2.656 -2.365 -2.004 -1.687 -0.633 -0.354 -0.334 -0.164 -0.130 -0.103 -0.071 -0.019 -0.007 0.079 0.092 0.232
0.00031003 -1.70000 6.75000 5.2949848175 2.6154935781    5.294  2.957  4.3702  4.638    1  0.000  0.538     0.00     0.00     0.00     0.00     0.00 -1    -1e-30      0.00 7.506e-01 2.491e-01 6.102e-05 1.666e-05 1.513e-04 -1.000 3.436e-04 -2.622 -3.112 -2.721 -2.427 -2.064 -1.745 -0.685 -0.403 -0.383 -0.212 -0.178 -0.150 -0.118 -0.066 -0.053 0.033 0.047 0.188
0.00031003 -1.70000 6.75000 5.4946379662 2.6163600384    5.494  3.010  4.3780  4.632    1  0.000  0.538     0.00     0.00     0.00     0.00     0.00 -1    -1e-30      0.00 7.506e-01 2.491e-01 6.102e-05 1.666e-05 1.513e-04 -1.000 3.436e-04 -2.756 -3.240 -2.842 -2.544 -2.177 -1.854 -0.782 -0.495 -0.475 -0.301 -0.266 -0.238 -0.206 -0.152 -0.140 -0.052 -0.038 0.104
0.00031003 -1.70000 6.75000 5.6942911148 2.6171569979    5.694  3.062  4.3854  4.625    1  0.000  0.538     0.00     0.00     0.00     0.00     0.00 -1    -1e-30      0.00 7.506e-01 2.491e-01 6.102e-05 1.666e-05 1.513e-04 -1.000 3.435e-04 -2.884 -3.363 -2.959 -2.655 -2.285 -1.958 -0.876 -0.585 -0.564 -0.387 -0.352 -0.324 -0.290 -0.237 -0.224 -0.135 -0.121 0.024
0.00031003 -1.70000 6.75000 5.7478218079 2.6173598826    5.748  3.075  4.3874  4.624    1  0.000  0.538     0.00     0.00     0.00     0.00     0.00 -1    -1e-30      0.00 7.506e-01 2.491e-01 6.102e-05 1.666e-05 1.513e-04 -1.000 3.434e-04 -2.918 -3.396 -2.989 -2.685 -2.313 -1.985 -0.901 -0.608 -0.588 -0.410 -0.375 -0.346 -0.313 -0.259 -0.246 -0.157 -0.143 0.002
0.00031003 -1.70000 6.75000 5.8939447403 2.6178921872    5.894  3.111  4.3925  4.619    1  0.000  0.538     0.00     0.00     0.00     0.00     0.00 -1    -1e-30      0.00 7.506e-01 2.491e-01 6.102e-05 1.666e-05 1.513e-04 -1.000 3.435e-04 -3.008 -3.482 -3.071 -2.763 -2.389 -2.059 -0.967 -0.672 -0.651 -0.471 -0.435 -0.407 -0.373 -0.318 -0.305 -0.215 -0.201 -0.055
0.00031003 -1.70000 6.75000 6.0935983658 2.6185722499    6.093  3.159  4.3994  4.613    1  0.000  0.538     0.00     0.00     0.00     0.00     0.00 -1    -1e-30      0.00 7.506e-01 2.491e-01 6.102e-05 1.666e-05 1.513e-04 -1.000 3.435e-04 -3.128 -3.597 -3.180 -2.868 -2.490 -2.156 -1.055 -0.756 -0.735 -0.552 -0.516 -0.487 -0.453 -0.397 -0.384 -0.293 -0.278 -0.131
0.00031003 -1.70000 6.75000 6.2932510376 2.6192029264    6.292  3.205  4.4060  4.607    1  0.000  0.538     0.00     0.00     0.00     0.00     0.00 -1    -1e-30      0.00 7.506e-01 2.491e-01 6.102e-05 1.666e-05 1.513e-04 -1.000 3.435e-04 -3.243 -3.591 -3.212 -2.934 -2.577 -2.259 -1.223 -0.864 -0.850 -0.647 -0.611 -0.588 -0.557 -0.507 -0.493 -0.415 -0.402 -0.283
0.00031003 -1.70000 6.75000 6.4929046631 2.6197892103    6.488  3.249  4.4122  4.602    1  0.000  0.538     0.00     0.00     0.00     0.00     0.00 -1    -1e-30      0.00 7.506e-01 2.491e-01 6.102e-05 1.666e-05 1.513e-04 -1.000 3.435e-04 -3.353 -3.701 -3.315 -3.031 -2.669 -2.347 -1.305 -0.944 -0.929 -0.723 -0.686 -0.663 -0.631 -0.579 -0.565 -0.486 -0.473 -0.352
0.00031003 -1.70000 6.75000 7.0918645859 2.6213225746    7.083  3.375  4.4297  4.584    1  0.000  0.538     0.00     0.00     0.00     0.00     0.00 -1    -1e-30      0.00 7.506e-01 2.491e-01 6.102e-05 1.666e-05 1.513e-04 -1.000 3.435e-04 -3.666 -4.005 -3.598 -3.296 -2.923 -2.590 -1.529 -1.164 -1.147 -0.934 -0.895 -0.869 -0.834 -0.778 -0.763 -0.676 -0.663 -0.538
0.00031003 -1.70000 6.75000 7.6367144585 2.6224799067    7.630  3.479  4.4441  4.569    1  0.000  0.538     0.00     0.00     0.00     0.00     0.00 -1    -1e-30      0.00 7.506e-01 2.491e-01 6.102e-05 1.666e-05 1.513e-04 -1.000 3.436e-04 -3.929 -4.241 -3.804 -3.493 -3.115 -2.774 -1.692 -1.327 -1.311 -1.097 -1.056 -1.026 -0.988 -0.924 -0.907 -0.811 -0.797 -0.667
0.00031003 -1.70000 6.75000 8.0901317596 2.6233076162    8.085  3.562  4.4553  4.557    1  0.000  0.538     0.00     0.00     0.00     0.00     0.00 -1    -1e-30      0.00 7.506e-01 2.491e-01 6.102e-05 1.666e-05 1.513e-04 -1.000 3.435e-04 -4.135 -4.435 -3.988 -3.668 -3.285 -2.940 -1.842 -1.473 -1.457 -1.241 -1.200 -1.169 -1.131 -1.066 -1.049 -0.950 -0.936 -0.802
0.00031003 -1.70000 6.75000 8.5461225510 2.6240389909    8.539  3.639  4.4656  4.544    1  0.000  0.538     0.00     0.00     0.00     0.00     0.00 -1    -1e-30      0.00 7.506e-01 2.491e-01 6.102e-05 1.666e-05 1.513e-04 -1.000 3.434e-04 -4.328 -4.627 -4.183 -3.853 -3.465 -3.117 -2.005 -1.629 -1.612 -1.392 -1.351 -1.323 -1.286 -1.225 -1.209 -1.114 -1.100 -0.964
0.00031003 -1.70000 6.75000 9.0883979797 2.6247998461    9.079  3.727  4.4771  4.530    1  0.000  0.538     0.00     0.00     0.00     0.00     0.00 -1    -1e-30      0.00 7.506e-01 2.491e-01 6.102e-05 1.666e-05 1.513e-04 -1.000 3.434e-04 -4.547 -4.843 -4.401 -4.059 -3.665 -3.313 -2.186 -1.804 -1.785 -1.562 -1.521 -1.494 -1.459 -1.402 -1.386 -1.294 -1.280 -1.142
0.00031003 -1.70000 6.75000 9.8622665405 2.6257208186    9.856  3.842  4.4921  4.510    1  0.000  0.538     0.00     0.00     0.00     0.00     0.00 -1    -1e-30      0.00 7.506e-01 2.491e-01 6.102e-05 1.666e-05 1.513e-04 -1.000 3.436e-04 -4.836 -5.123 -4.670 -4.316 -3.913 -3.552 -2.411 -2.025 -2.004 -1.775 -1.732 -1.704 -1.666 -1.607 -1.592 -1.498 -1.483 -1.341
0.00031003 -1.70000 6.75000 10.0866641998 2.6259576676   10.081  3.874  4.4962  4.504    1  0.000  0.538     0.00     0.00     0.00     0.00     0.00 -1    -1e-30      0.00 7.506e-01 2.491e-01 6.102e-05 1.666e-05 1.513e-04 -1.000 3.436e-04 -4.916 -5.200 -4.745 -4.387 -3.982 -3.619 -2.474 -2.086 -2.066 -1.834 -1.791 -1.763 -1.724 -1.665 -1.649 -1.555 -1.540 -1.397
0.00031003 -1.70000 6.75000 10.6011762619 2.6264574597   10.598  3.944  4.5050  4.491    1  0.000  0.538     0.00     0.00     0.00     0.00     0.00 -1    -1e-30      0.00 7.506e-01 2.491e-01 6.102e-05 1.666e-05 1.513e-04 -1.000 3.435e-04 -5.090 -5.365 -4.906 -4.543 -4.134 -3.767 -2.610 -2.220 -2.199 -1.966 -1.921 -1.892 -1.853 -1.792 -1.776 -1.680 -1.665 -1.520
0.00031003 -1.70000 6.75000 11.0849313736 2.6268790398   11.083  4.007  4.5129  4.479    1  0.000  0.538     0.00     0.00     0.00     0.00     0.00 -1    -1e-30      0.00 7.506e-01 2.491e-01 6.102e-05 1.666e-05 1.513e-04 -1.000 3.434e-04 -5.248 -5.509 -5.049 -4.683 -4.273 -3.902 -2.733 -2.342 -2.321 -2.086 -2.041 -2.011 -1.970 -1.907 -1.892 -1.794 -1.779 -1.632
0.00031003 -1.70000 6.75000 11.5409002304 2.6272394247   11.537  4.063  4.5197  4.468    1  0.000  0.538     0.00     0.00     0.00     0.00     0.00 -1 -2.52e-30      0.00 7.506e-01 2.491e-01 6.104e-05 1.666e-05 1.513e-04 -1.000 3.435e-04 -5.389 -5.638 -5.177 -4.809 -4.396 -4.023 -2.843 -2.450 -2.429 -2.193 -2.148 -2.117 -2.075 -2.011 -1.995 -1.895 -1.880 -1.732
0.00031003 -1.70000 6.75000 12.0831985474 2.6276275836   12.078  4.128  4.5275  4.454    1  0.000  0.538     0.00     0.00     0.00     0.00     0.00 -1 -7.21e-30      0.00 7.506e-01 2.491e-01 6.107e-05 1.666e-05 1.513e-04 -1.000 3.434e-04 -5.550 -5.783 -5.321 -4.950 -4.535 -4.158 -2.968 -2.574 -2.553 -2.315 -2.269 -2.237 -2.195 -2.129 -2.113 -2.011 -1.996 -1.846
0.00031003 -1.70000 6.75000 12.6351938248 2.6279835931   12.627  4.190  4.5349  4.441    1  0.000  0.540     0.00     0.00     0.00     0.00     0.00 -1 -3.94e-24      0.00 7.506e-01 2.491e-01 6.127e-05 1.666e-05 1.513e-04 -1.000 3.434e-04 -5.705 -5.917 -5.455 -5.081 -4.663 -4.283 -3.087 -2.691 -2.669 -2.429 -2.383 -2.351 -2.308 -2.242 -2.225 -2.122 -2.106 -1.954
0.00031003 -1.70000 6.75000 13.3936138153 2.6284181337   13.381  4.272  4.5443  4.422    1  0.000  0.543     0.00     0.00     0.00     0.00     0.00 -1 -1.25e-16      0.00 7.506e-01 2.491e-01 6.154e-05 1.666e-05 1.512e-04 -1.000 3.435e-04 -5.910 -6.096 -5.633 -5.255 -4.833 -4.450 -3.246 -2.847 -2.824 -2.583 -2.536 -2.504 -2.461 -2.395 -2.378 -2.271 -2.256 -2.101
0.00031003 -1.70000 6.75000 14.0797309875 2.6287652247   14.065  4.344  4.5522  4.403    1  0.000  0.545     0.00     0.00     0.00     0.00     0.00 -1 -3.47e-10      0.00 7.506e-01 2.491e-01 6.177e-05 1.667e-05 1.511e-04 -1.000 3.435e-04 -6.089 -6.246 -5.784 -5.404 -4.981 -4.596 -3.384 -2.983 -2.961 -2.719 -2.673 -2.641 -2.598 -2.532 -2.515 -2.408 -2.392 -2.236
0.00031003 -1.70000 6.75000 14.7992362976 2.6290897406   14.787  4.413  4.5596  4.385    1  0.000  0.545     0.00     0.00     0.00     0.00     0.00 -1 -4.77e-10      0.00 7.506e-01 2.491e-01 6.177e-05 1.667e-05 1.511e-04 -1.000 3.435e-04 -6.264 -6.381 -5.922 -5.545 -5.122 -4.737 -3.517 -3.114 -3.093 -2.853 -2.807 -2.776 -2.734 -2.669 -2.652 -2.546 -2.531 -2.374
0.00031003 -1.70000 6.75000 15.7809886932 2.6294781178   15.773  4.504  4.5690  4.359    1  0.000  0.545     0.00     0.00     0.00     0.00     0.00 -1 -7.18e-10      0.00 7.506e-01 2.491e-01 6.177e-05 1.667e-05 1.511e-04 -1.000 3.435e-04 -6.491 -6.558 -6.104 -5.729 -5.306 -4.922 -3.692 -3.288 -3.267 -3.030 -2.985 -2.954 -2.913 -2.849 -2.832 -2.727 -2.712 -2.554
0.00031003 -1.70000 6.75000 16.0762653351 2.6295843108   16.070  4.531  4.5716  4.351    1  0.000  0.545     0.00     0.00     0.00     0.00     0.00 -1 -8.11e-10      0.00 7.506e-01 2.491e-01 6.177e-05 1.667e-05 1.511e-04 -1.000 3.435e-04 -6.557 -6.610 -6.157 -5.783 -5.360 -4.976 -3.743 -3.339 -3.318 -3.082 -3.037 -3.006 -2.966 -2.901 -2.885 -2.780 -2.765 -2.607
0.00031003 -1.70000 6.75000 16.5885887146 2.6297582881   16.578  4.574  4.5757  4.338    1  0.000  0.545     0.00     0.00     0.00     0.00     0.00 -1 -9.85e-10      0.00 7.506e-01 2.491e-01 6.177e-05 1.667e-05 1.511e-04 -1.000 3.435e-04 -6.666 -6.695 -6.243 -5.871 -5.448 -5.064 -3.827 -3.422 -3.402 -3.167 -3.122 -3.091 -3.051 -2.987 -2.971 -2.867 -2.851 -2.693
0.00031003 -1.70000 6.75000 17.5682258606 2.6300587007   17.549  4.655  4.5830  4.311    1  0.000  0.545     0.00     0.00     0.00     0.00     0.00 -1 -1.41e-09      0.00 7.506e-01 2.491e-01 6.177e-05 1.667e-05 1.511e-04 -1.000 3.435e-04 -6.867 -6.845 -6.394 -6.023 -5.602 -5.219 -3.977 -3.572 -3.552 -3.321 -3.277 -3.247 -3.207 -3.145 -3.129 -3.026 -3.010 -2.852
0.00031003 -1.70000 6.75000 18.0727977753 2.6301989003   18.052  4.696  4.5863  4.296    1  0.000  0.545     0.00     0.00     0.00     0.00     0.00 -1 -1.69e-09      0.00 7.506e-01 2.491e-01 6.177e-05 1.667e-05 1.511e-04 -1.000 3.435e-04 -6.969 -6.922 -6.472 -6.102 -5.681 -5.300 -4.054 -3.650 -3.630 -3.400 -3.357 -3.327 -3.288 -3.226 -3.210 -3.108 -3.092 -2.934
0.00031003 -1.70000 6.75000 18.3206138611 2.6302645150   18.300  4.714  4.5878  4.289    1  0.000  0.545     0.00     0.00     0.00     0.00     0.00 -1 -1.83e-09      0.00 7.506e-01 2.491e-01 6.177e-05 1.667e-05 1.511e-04 -1.000 3.435e-04 -7.016 -6.959 -6.509 -6.139 -5.719 -5.337 -4.091 -3.686 -3.667 -3.437 -3.394 -3.364 -3.326 -3.264 -3.248 -3.146 -3.130 -2.972
0.00031003 -1.70000 6.75000 19.2212543488 2.6304866822   19.200  4.782  4.5927  4.263    1  0.000  0.545     0.00     0.00     0.00     0.00     0.00 -1 -2.44e-09      0.00 7.506e-01 2.491e-01 6.177e-05 1.667e-05 1.511e-04 -1.000 3.435e-04 -7.184 -7.091 -6.642 -6.274 -5.853 -5.473 -4.223 -3.818 -3.800 -3.572 -3.530 -3.500 -3.462 -3.401 -3.385 -3.283 -3.268 -3.110
0.00031003 -1.70000 6.75000 20.0693321228 2.6306750588   20.048  4.843  4.5967  4.236    1  0.000  0.545     0.00     0.00     0.00     0.00     0.00 -1 -3.18e-09      0.00 7.506e-01 2.491e-01 6.177e-05 1.667e-05 1.511e-04 -1.000 3.435e-04 -7.337 -7.215 -6.766 -6.398 -5.979 -5.599 -4.346 -3.942 -3.923 -3.698 -3.656 -3.626 -3.589 -3.528 -3.512 -3.411 -3.395 -3.238
0.00031003 -1.70000 6.75000 20.5047721863 2.6307648467   20.482  4.872  4.5985  4.224    1  0.000  0.545     0.00     0.00     0.00     0.00     0.00 -1 -3.59e-09      0.00 7.506e-01 2.491e-01 6.177e-05 1.667e-05 1.511e-04 -1.000 3.434e-04 -7.409 -7.274 -6.826 -6.459 -6.039 -5.659 -4.406 -4.001 -3.983 -3.758 -3.716 -3.687 -3.650 -3.589 -3.573 -3.472 -3.456 -3.299
0.00031003 -1.70000 6.75000 21.4542884827 2.6309461824   21.430  4.934  4.6016  4.194    1  0.000  0.545     0.00     0.00     0.00     0.00     0.00 -1 -4.65e-09      0.00 7.506e-01 2.491e-01 6.177e-05 1.667e-05 1.511e-04 -1.000 3.435e-04 -7.564 -7.407 -6.958 -6.591 -6.172 -5.792 -4.537 -4.132 -4.114 -3.890 -3.848 -3.819 -3.782 -3.721 -3.705 -3.604 -3.588 -3.430
0.00031003 -1.70000 6.75000 22.5513896942 2.6311339917   22.524  5.003  4.6039  4.155    1  0.000  0.545     0.00     0.00     0.00     0.00     0.00 -1 -6.21e-09      0.00 7.506e-01 2.491e-01 6.177e-05 1.667e-05 1.511e-04 -1.000 3.435e-04 -7.738 -7.563 -7.114 -6.747 -6.327 -5.947 -4.691 -4.287 -4.269 -4.045 -4.003 -3.974 -3.937 -3.876 -3.859 -3.758 -3.742 -3.583
0.00031003 -1.70000 6.75000 23.6607456207 2.6313036783   23.629  5.072  4.6049  4.112    1  0.000  0.545     0.00     0.00     0.00     0.00     0.00 -1 -8.28e-09      0.00 7.506e-01 2.491e-01 6.177e-05 1.667e-05 1.511e-04 -1.000 3.435e-04 -7.909 -7.722 -7.274 -6.907 -6.487 -6.106 -4.850 -4.446 -4.429 -4.205 -4.163 -4.134 -4.097 -4.036 -4.019 -3.917 -3.901 -3.743
0.00031003 -1.70000 6.75000 24.0623989105 2.6313606963   24.029  5.096  4.6051  4.095    1  0.000  0.545     0.00     0.00     0.00     0.00     0.00 -1 -9.17e-09      0.00 7.506e-01 2.491e-01 6.177e-05 1.667e-05 1.511e-04 -1.000 3.435e-04 -7.969 -7.779 -7.331 -6.964 -6.544 -6.164 -4.908 -4.504 -4.487 -4.263 -4.222 -4.193 -4.155 -4.094 -4.078 -3.975 -3.960 -3.801
0.00031003 -1.70000 6.75000 25.0975246429 2.6314980150   25.053  5.152  4.6041  4.053    1  0.000  0.545     0.00     0.00     0.00     0.00     0.00 -1 -1.15e-08      0.00 7.506e-01 2.491e-01 6.177e-05 1.667e-05 1.511e-04 -1.000 3.435e-04 -8.111 -7.921 -7.475 -7.108 -6.689 -6.309 -5.054 -4.650 -4.633 -4.410 -4.369 -4.340 -4.302 -4.241 -4.224 -4.122 -4.106 -3.947
0.00031003 -1.70000 6.75000 26.0649147034 2.6316150752   26.009  5.205  4.6017  4.007    1  0.000  0.545     0.00     0.00     0.00     0.00     0.00 -1 -1.41e-08      0.00 7.506e-01 2.491e-01 6.177e-05 1.667e-05 1.511e-04 -1.000 3.435e-04 -8.241 -8.060 -7.615 -7.251 -6.832 -6.453 -5.199 -4.796 -4.779 -4.557 -4.516 -4.487 -4.449 -4.387 -4.371 -4.268 -4.252 -4.094
0.00031003 -1.70000 6.75000 27.2181129456 2.6317421928   27.146  5.265  4.5970  3.947    1  0.000  0.545     0.00     0.00     0.00     0.00     0.00 -1  -1.8e-08      0.00 7.506e-01 2.491e-01 6.177e-05 1.667e-05 1.511e-04 -1.000 3.435e-04 -8.392 -8.226 -7.787 -7.425 -7.008 -6.630 -5.380 -4.978 -4.961 -4.740 -4.699 -4.670 -4.633 -4.571 -4.554 -4.452 -4.436 -4.279
0.00031003 -1.70000 6.75000 28.0554656982 2.6318270019   27.975  5.308  4.5921  3.897    1  0.000  0.545     0.00     0.00     0.00     0.00     0.00 -1 -2.12e-08      0.00 7.506e-01 2.491e-01 6.177e-05 1.667e-05 1.511e-04 -1.000 3.435e-04 -8.499 -8.352 -7.917 -7.557 -7.141 -6.763 -5.517 -5.117 -5.100 -4.880 -4.838 -4.809 -4.772 -4.710 -4.694 -4.592 -4.576 -4.421
0.00031003 -1.70000 6.75000 28.3663101196 2.6318570233   28.281  5.322  4.5902  3.880    1  0.000  0.545     0.00     0.00     0.00     0.00     0.00 -1 -2.25e-08      0.00 7.506e-01 2.491e-01 6.177e-05 1.667e-05 1.511e-04 -1.000 3.435e-04 -8.536 -8.396 -7.963 -7.604 -7.188 -6.811 -5.566 -5.167 -5.150 -4.929 -4.888 -4.859 -4.821 -4.760 -4.744 -4.642 -4.626 -4.471
0.00031003 -1.70000 6.75000 29.3469181061 2.6319469564   29.248  5.369  4.5816  3.813    1  0.000  0.545     0.00     0.00     0.00     0.00     0.00 -1 -2.66e-08      0.00 7.506e-01 2.491e-01 6.177e-05 1.667e-05 1.511e-04 -1.000 3.435e-04 -8.653 -8.550 -8.125 -7.769 -7.354 -6.977 -5.738 -5.341 -5.324 -5.104 -5.063 -5.034 -4.997 -4.936 -4.920 -4.819 -4.803 -4.650
0.00031003 -1.70000 6.75000 30.0519981384 2.6320074660   29.945  5.402  4.5740  3.760    1  0.000  0.545     0.00     0.00     0.00     0.00     0.00 -1 -2.95e-08      0.00 7.506e-01 2.491e-01 6.177e-05 1.667e-05 1.511e-04 -1.000 3.435e-04 -8.735 -8.667 -8.247 -7.893 -7.479 -7.103 -5.869 -5.473 -5.456 -5.237 -5.196 -5.167 -5.131 -5.070 -5.054 -4.955 -4.940 -4.787
0.00031003 -1.70000 6.75000 30.1134529114 2.6320125858   30.006  5.405  4.5733  3.756    1  0.000  0.545     0.00     0.00     0.00     0.00     0.00 -1 -2.97e-08      0.00 7.506e-01 2.491e-01 6.177e-05 1.667e-05 1.511e-04 -1.000 3.435e-04 -8.742 -8.676 -8.257 -7.903 -7.490 -7.114 -5.880 -5.484 -5.467 -5.248 -5.207 -5.179 -5.142 -5.082 -5.066 -4.966 -4.951 -4.799
0.00031003 -1.70000 6.75000 30.9566364288 2.6320804781   30.837  5.441  4.5631  3.690    1  0.000  0.545     0.00     0.00     0.00     0.00     0.00 -1 -3.31e-08      0.00 7.506e-01 2.491e-01 6.177e-05 1.667e-05 1.511e-04 -1.000 3.435e-04 -8.833 -8.813 -8.402 -8.051 -7.639 -7.264 -6.037 -5.642 -5.625 -5.408 -5.367 -5.340 -5.304 -5.245 -5.230 -5.133 -5.118 -4.969
0.00031003 -1.70000 6.75000 31.5459308624 2.6321254576   31.417  5.467  4.5545  3.639    1  0.000  0.545     0.00     0.00     0.00     0.00     0.00 -1 -3.56e-08      0.00 7.506e-01 2.491e-01 6.177e-05 1.667e-05 1.511e-04 -1.000 3.435e-04 -8.897 -8.918 -8.514 -8.165 -7.754 -7.380 -6.158 -5.765 -5.748 -5.530 -5.490 -5.463 -5.427 -5.370 -5.355 -5.260 -5.245 -5.098
0.00031003 -1.70000 6.75000 32.0630722046 2.6321633674   31.926  5.489  4.5454  3.587    1  0.000  0.545     0.00     0.00     0.00     0.00     0.00 -1 -3.75e-08      0.00 7.506e-01 2.491e-01 6.177e-05 1.667e-05 1.511e-04 -1.000 3.435e-04 -8.953 -9.017 -8.621 -8.275 -7.865 -7.492 -6.276 -5.883 -5.866 -5.649 -5.608 -5.581 -5.545 -5.488 -5.472 -5.378 -5.363 -5.217
0.00031003 -1.70000 6.75000 32.5608558655 2.6321985532   32.415  5.511  4.5358  3.533    1  0.000  0.545     0.00     0.00     0.00     0.00     0.00 -1 -3.88e-08      0.00 7.506e-01 2.491e-01 6.177e-05 1.667e-05 1.511e-04 -1.000 3.435e-04 -9.007 -9.116 -8.728 -8.386 -7.977 -7.606 -6.395 -6.004 -5.987 -5.769 -5.728 -5.701 -5.665 -5.607 -5.591 -5.496 -5.481 -5.334
0.00031003 -1.70000 6.75000 33.0349273682 2.6322309317   32.880  5.531  4.5267  3.483    1  0.000  0.545     0.00     0.00     0.00     0.00     0.00 -1 -4.01e-08      0.00 7.506e-01 2.491e-01 6.177e-05 1.667e-05 1.511e-04 -1.000 3.436e-04 -9.058 -9.213 -8.833 -8.493 -8.086 -7.717 -6.509 -6.119 -6.102 -5.885 -5.844 -5.816 -5.780 -5.722 -5.706 -5.610 -5.595 -5.448
0.00031003 -1.70000 6.75000 33.7612037659 2.6322785131   33.593  5.563  4.5155  3.415    1  0.000  0.545     0.00     0.00     0.00     0.00     0.00 -1 -4.26e-08      0.00 7.506e-01 2.491e-01 6.177e-05 1.667e-05 1.511e-04 -1.000 3.435e-04 -9.137 -9.338 -8.967 -8.630 -8.226 -7.860 -6.659 -6.271 -6.255 -6.040 -6.001 -5.974 -5.939 -5.882 -5.866 -5.772 -5.757 -5.613
0.00031003 -1.70000 6.75000 33.8069000244 2.6322814284   33.637  5.565  4.5148  3.411    1  0.000  0.545     0.00     0.00     0.00     0.00     0.00 -1 -4.28e-08      0.00 7.506e-01 2.491e-01 6.177e-05 1.667e-05 1.511e-04 -1.000 3.435e-04 -9.142 -9.345 -8.975 -8.638 -8.235 -7.869 -6.669 -6.280 -6.264 -6.050 -6.010 -5.984 -5.949 -5.892 -5.876 -5.782 -5.768 -5.623
0.00031003 -1.70000 6.75000 33.9402046204 2.6322898811   33.769  5.572  4.5190  3.422    1  0.000  0.545     0.00     0.00     0.00     0.00     0.00 -1 -4.54e-08      0.00 7.506e-01 2.491e-01 6.177e-05 1.667e-05 1.511e-04 -1.000 3.435e-04 -9.161 -9.349 -8.974 -8.636 -8.231 -7.864 -6.661 -6.272 -6.255 -6.039 -5.999 -5.972 -5.937 -5.879 -5.863 -5.768 -5.754 -5.608
0.00031003 -1.70000 6.75000 34.1081733704 2.6323004237   33.933  5.584  4.5294  3.454    1  0.000  0.545     0.00     0.00     0.00     0.00     0.00 -1 -5.11e-08      0.00 7.506e-01 2.491e-01 6.177e-05 1.667e-05 1.511e-04 -1.000 3.435e-04 -9.191 -9.332 -8.950 -8.610 -8.203 -7.833 -6.624 -6.234 -6.217 -5.999 -5.959 -5.931 -5.895 -5.837 -5.821 -5.725 -5.711 -5.564
0.00031003 -1.70000 6.75000 34.1479454041 2.6323029026   33.972  5.592  4.5393  3.486    1  0.000  0.545     0.00     0.00     0.00     0.00     0.00 -1  -5.6e-08      0.00 7.506e-01 2.491e-01 6.177e-05 1.667e-05 1.511e-04 -1.000 3.435e-04 -9.209 -9.296 -8.910 -8.568 -8.160 -7.788 -6.575 -6.184 -6.168 -5.950 -5.910 -5.882 -5.847 -5.789 -5.774 -5.680 -5.665 -5.519
0.00031003 -1.70000 6.75000 34.1606292725 2.6323036917   33.984  5.599  4.5494  3.519    1  0.000  0.545     0.00     0.00     0.00     0.00     0.00 -1  -6.1e-08      0.00 7.506e-01 2.491e-01 6.177e-05 1.667e-05 1.511e-04 -1.000 3.435e-04 -9.229 -9.262 -8.870 -8.526 -8.116 -7.743 -6.525 -6.134 -6.117 -5.900 -5.859 -5.832 -5.797 -5.740 -5.725 -5.633 -5.618 -5.472
0.00031003 -1.70000 6.75000 34.1670494080 2.6323040909   33.991  5.606  4.5572  3.544    1  0.000  0.545     0.00     0.00     0.00     0.00     0.00 -1 -6.53e-08      0.00 7.506e-01 2.491e-01 6.177e-05 1.667e-05 1.511e-04 -1.000 3.435e-04 -9.244 -9.233 -8.835 -8.490 -8.080 -7.706 -6.485 -6.092 -6.076 -5.859 -5.819 -5.792 -5.757 -5.700 -5.685 -5.592 -5.577 -5.430
0.00031003 -1.70000 6.75000 34.1746673584 2.6323045644   33.999  5.611  4.5638  3.566    1  0.000  0.545     0.00     0.00     0.00     0.00     0.00 -1 -6.95e-08      0.00 7.506e-01 2.491e-01 6.177e-05 1.667e-05 1.511e-04 -1.000 3.435e-04 -9.257 -9.209 -8.807 -8.460 -8.049 -7.675 -6.450 -6.058 -6.041 -5.825 -5.785 -5.758 -5.723 -5.665 -5.650 -5.556 -5.541 -5.394
0.00031003 -1.70000 6.75000 34.1837196350 2.6323051266   34.007  5.615  4.5586  3.541    2  0.000  0.545     0.00     0.00     0.00     0.00     0.00 -1 -6.94e-08      0.00 7.506e-01 2.491e-01 6.177e-05 1.667e-05 1.511e-04 -1.000 3.435e-04 -9.268 -9.247 -8.849 -8.504 -8.094 -7.720 -6.498 -6.106 -6.089 -5.873 -5.833 -5.806 -5.770 -5.713 -5.698 -5.605 -5.590 -5.444
0.00031003 -1.70000 6.75000 34.1919212341 2.6323056357   34.015  5.621  4.5497  3.499    2  0.000  0.545     0.00     0.00     0.00     0.00     0.00 -1 -6.85e-08      0.00 7.506e-01 2.491e-01 6.177e-05 1.667e-05 1.511e-04 -1.000 3.435e-04 -9.282 -9.311 -8.921 -8.578 -8.168 -7.795 -6.578 -6.186 -6.169 -5.952 -5.912 -5.885 -5.849 -5.793 -5.778 -5.686 -5.671 -5.526
0.00031003 -1.70000 6.75000 34.1982688904 2.6323060296   34.021  5.625  4.5384  3.451    2  0.000  0.545     0.00     0.00     0.00     0.00     0.00 -1 -6.61e-08      0.00 7.506e-01 2.491e-01 6.177e-05 1.667e-05 1.511e-04 -1.000 3.435e-04 -9.291 -9.382 -8.997 -8.655 -8.247 -7.875 -6.663 -6.272 -6.256 -6.038 -5.997 -5.970 -5.934 -5.877 -5.862 -5.767 -5.753 -5.607
0.00031003 -1.70000 6.75000 34.2025451660 2.6323062948   34.026  5.626  4.5283  3.409    2  0.000  0.545     0.00     0.00     0.00     0.00     0.00 -1  -6.3e-08      0.00 7.506e-01 2.491e-01 6.177e-05 1.667e-05 1.511e-04 -1.000 3.435e-04 -9.296 -9.442 -9.062 -8.721 -8.314 -7.944 -6.736 -6.346 -6.329 -6.112 -6.071 -6.043 -6.007 -5.949 -5.933 -5.837 -5.822 -5.676
0.00031003 -1.70000 6.75000 34.2052192688 2.6323064606   34.028  5.627  4.5214  3.380    2  0.000  0.545     0.00     0.00     0.00     0.00     0.00 -1  -6.1e-08      0.00 7.506e-01 2.491e-01 6.177e-05 1.667e-05 1.511e-04 -1.000 3.435e-04 -9.298 -9.476 -9.100 -8.762 -8.356 -7.988 -6.784 -6.395 -6.378 -6.162 -6.122 -6.095 -6.059 -6.001 -5.985 -5.890 -5.875 -5.729
0.00031003 -1.70000 6.75000 34.2067832947 2.6323065576   34.030  5.628  4.5168  3.361    3  0.000  0.545     0.10     0.48     0.42     0.27     0.22  3 -5.95e-08      0.00 7.506e-01 2.491e-01 6.177e-05 1.667e-05 1.511e-04 -1.000 3.435e-04 -9.300 -9.494 -9.124 -8.788 -8.384 -8.018 -6.817 -6.429 -6.413 -6.199 -6.159 -6.132 -6.097 -6.040 -6.025 -5.930 -5.916 -5.772
0.00031003 -1.70000 6.75000 34.2102813721 2.6323067745   34.033  5.630  4.5058  3.315    3  0.000  0.545     0.12     0.52     0.45     0.29     0.24  3 -5.62e-08      0.00 7.506e-01 2.491e-01 6.177e-05 1.667e-05 1.511e-04 -1.000 3.435e-04 -9.304 -9.535 -9.179 -8.852 -8.453 -8.092 -6.899 -6.514 -6.500 -6.292 -6.255 -6.230 -6.196 -6.142 -6.127 -6.036 -6.022 -5.882
0.00031003 -1.70000 6.75000 34.2123908997 2.6323069052   34.036  5.631  4.4988  3.286    3  0.000  0.545     0.13     0.55     0.47     0.31     0.26  3 -5.38e-08      0.00 7.506e-01 2.491e-01 6.177e-05 1.667e-05 1.511e-04 -1.000 3.435e-04 -9.308 -9.558 -9.213 -8.892 -8.497 -8.140 -6.952 -6.570 -6.557 -6.354 -6.318 -6.293 -6.261 -6.209 -6.193 -6.105 -6.091 -5.954
0.00031003 -1.70000 6.75000 34.2138481140 2.6323069955   34.037  5.632  4.4939  3.266    3  0.000  0.545     0.13     0.57     0.49     0.32     0.26  3 -5.26e-08      0.00 7.506e-01 2.491e-01 6.177e-05 1.667e-05 1.511e-04 -1.000 3.435e-04 -9.310 -9.569 -9.230 -8.913 -8.520 -8.165 -6.982 -6.602 -6.589 -6.388 -6.352 -6.327 -6.295 -6.242 -6.227 -6.139 -6.125 -5.989
0.00031003 -1.70000 6.75000 34.2177925110 2.6323072399   34.041  5.635  4.4808  3.210    3  0.000  0.545     0.15     0.63     0.54     0.35     0.29  3 -4.91e-08      0.00 7.506e-01 2.491e-01 6.177e-05 1.667e-05 1.511e-04 -1.000 3.435e-04 -9.317 -9.597 -9.273 -8.969 -8.583 -8.235 -7.062 -6.687 -6.676 -6.481 -6.446 -6.422 -6.391 -6.338 -6.323 -6.235 -6.221 -6.089
0.00031003 -1.70000 6.75000 34.2206916809 2.6323074195   34.044  5.637  4.4716  3.171    3  0.000  0.545     0.17     0.68     0.58     0.38     0.31  3  -4.7e-08      0.00 7.506e-01 2.491e-01 6.177e-05 1.667e-05 1.511e-04 -1.000 3.435e-04 -9.323 -9.621 -9.306 -9.009 -8.627 -8.283 -7.117 -6.744 -6.734 -6.543 -6.509 -6.485 -6.455 -6.402 -6.387 -6.300 -6.287 -6.156
0.00031003 -1.70000 6.75000 34.2244148254 2.6323076501   34.048  5.640  4.4610  3.126    3  0.000  0.545     0.19     0.74     0.63     0.41     0.34  3 -4.44e-08      0.00 7.506e-01 2.491e-01 6.177e-05 1.667e-05 1.511e-04 -1.000 3.435e-04 -9.331 -9.667 -9.357 -9.063 -8.682 -8.340 -7.183 -6.811 -6.800 -6.606 -6.571 -6.547 -6.516 -6.464 -6.448 -6.362 -6.348 -6.219
0.00031003 -1.70000 6.75000 34.2296829224 2.6323079762   34.053  5.645  4.4480  3.069    3  0.000  0.545     0.22     0.82     0.69     0.45     0.37  3 -4.09e-08      0.00 7.506e-01 2.491e-01 6.177e-05 1.667e-05 1.511e-04 -1.000 3.435e-04 -9.342 -9.732 -9.428 -9.138 -8.758 -8.416 -7.269 -6.898 -6.886 -6.686 -6.650 -6.625 -6.593 -6.538 -6.523 -6.435 -6.421 -6.292
0.00031003 -1.70000 6.75000 34.2371253967 2.6323084368   34.059  5.650  4.4339  3.008    3  0.000  0.545     0.26     0.92     0.77     0.50     0.42  3 -3.65e-08      0.00 7.506e-01 2.491e-01 6.177e-05 1.667e-05 1.511e-04 -1.000 3.435e-04 -9.356 -9.786 -9.488 -9.207 -8.831 -8.492 -7.357 -6.988 -6.976 -6.777 -6.740 -6.714 -6.681 -6.625 -6.609 -6.520 -6.507 -6.380
0.00031003 -1.70000 6.75000 34.2461738586 2.6323089965   34.069  5.655  4.4226  2.957    3  0.000  0.545     0.30     1.00     0.84     0.55     0.46  3 -3.26e-08      0.00 7.506e-01 2.491e-01 6.177e-05 1.667e-05 1.511e-04 -1.000 3.435e-04 -9.368 -9.825 -9.525 -9.251 -8.877 -8.541 -7.418 -7.052 -7.039 -6.839 -6.802 -6.776 -6.743 -6.686 -6.669 -6.580 -6.567 -6.442
0.00031003 -1.70000 6.75000 34.2766914368 2.6323108816   34.099  5.664  4.4090  2.895    3  0.000  0.545     0.36     1.12     0.93     0.61     0.51  3 -2.75e-08      0.00 7.506e-01 2.491e-01 6.177e-05 1.667e-05 1.511e-04 -1.000 3.435e-04 -9.390 -9.851 -9.556 -9.294 -8.927 -8.596 -7.491 -7.130 -7.118 -6.922 -6.886 -6.860 -6.827 -6.770 -6.755 -6.668 -6.655 -6.533
0.00031003 -1.70000 6.75000 34.2840690613 2.6323113367   34.106  5.666  4.4075  2.887    3  0.000  0.545     0.36     1.14     0.94     0.62     0.51  3 -2.68e-08      0.00 7.506e-01 2.491e-01 6.177e-05 1.667e-05 1.511e-04 -1.000 3.435e-04 -9.394 -9.855 -9.561 -9.300 -8.933 -8.604 -7.500 -7.140 -7.128 -6.932 -6.896 -6.870 -6.837 -6.781 -6.765 -6.679 -6.666 -6.545
0.00031003 -1.70000 6.75000 34.3018493652 2.6323124327   34.124  5.667  4.4091  2.893    4  0.000  0.545     0.00     0.00     0.00     0.00     0.00 -1 -2.75e-08      0.00 7.506e-01 2.491e-01 6.177e-05 1.667e-05 1.511e-04 -1.000 3.435e-04 -9.397 -9.858 -9.563 -9.301 -8.933 -8.603 -7.498 -7.136 -7.125 -6.929 -6.892 -6.866 -6.833 -6.777 -6.761 -6.674 -6.661 -6.540
0.00031003 -1.70000 6.75000 34.4114608765 2.6323191603   34.231  5.670  4.4190  2.931    5  0.000  0.545     0.00     0.00     0.00     0.00     0.00 -1 -2.98e-08      0.00 7.506e-01 2.491e-01 6.177e-05 1.667e-05 1.511e-04 -1.000 3.435e-04 -9.404 -9.862 -9.563 -9.292 -8.920 -8.586 -7.467 -7.102 -7.090 -6.891 -6.854 -6.828 -6.795 -6.738 -6.722 -6.633 -6.620 -6.496
0.00031003 -1.70000 6.75000 34.5987548828 2.6323305425   34.416  5.674  4.4256  2.955    5  0.000  0.545     0.00     0.00     0.00     0.00     0.00 -1 -3.29e-08      0.00 7.506e-01 2.491e-01 6.177e-05 1.667e-05 1.511e-04 -1.000 3.435e-04 -9.416 -9.870 -9.570 -9.293 -8.918 -8.581 -7.454 -7.087 -7.074 -6.873 -6.836 -6.810 -6.777 -6.720 -6.703 -6.614 -6.600 -6.475
0.00031003 -1.70000 6.75000 35.0104331970 2.6323550694   34.820  5.686  4.4178  2.917    6  0.000  0.545     0.00     0.00     0.00     0.00     0.00 -1 -3.18e-08      0.00 7.506e-01 2.491e-01 6.177e-05 1.667e-05 1.511e-04 -1.000 3.434e-04 -9.446 -9.904 -9.606 -9.336 -8.965 -8.631 -7.514 -7.149 -7.137 -6.938 -6.902 -6.876 -6.842 -6.786 -6.770 -6.681 -6.668 -6.545
0.00031003 -1.70000 6.75000 35.0433311462 2.6323570008   34.856  5.687  4.4168  2.912    6  0.000  0.545     0.00     0.00     0.00     0.00     0.00 -1 -3.17e-08      0.00 7.506e-01 2.491e-01 6.177e-05 1.667e-05 1.511e-04 -1.000 3.434e-04 -9.448 -9.907 -9.609 -9.340 -8.969 -8.636 -7.520 -7.156 -7.144 -6.945 -6.909 -6.883 -6.849 -6.793 -6.777 -6.689 -6.675 -6.552
0.00031003 -1.70000 6.75000 35.3708877563 2.6323760063   35.180  5.696  4.4073  2.869    6  0.000  0.545     0.00     0.00     0.00     0.00     0.00 -1 -3.15e-08      0.00 7.506e-01 2.491e-01 6.177e-05 1.667e-05 1.511e-04 -1.000 3.435e-04 -9.471 -9.932 -9.638 -9.377 -9.011 -8.681 -7.578 -7.217 -7.206 -7.010 -6.974 -6.948 -6.915 -6.859 -6.843 -6.757 -6.744 -6.623
0.00031003 -1.70000 6.75000 35.6822738647 2.6323937019   35.486  5.705  4.3962  2.820    6  0.000  0.545     0.00     0.00     0.00     0.00     0.00 -1 -3.09e-08      0.00 7.506e-01 2.491e-01 6.177e-05 1.667e-05 1.511e-04 -1.000 3.435e-04 -9.492 -9.986 -9.686 -9.421 -9.055 -8.726 -7.607 -7.254 -7.242 -7.050 -7.014 -6.990 -6.958 -6.904 -6.890 -6.803 -6.790 -6.660
0.00031003 -1.70000 6.75000 35.9566497803 2.6324090026   35.757  5.712  4.3847  2.770    6  0.000  0.545     0.00     0.00     0.00     0.00     0.00 -1 -3.18e-08      0.00 7.506e-01 2.491e-01 6.177e-05 1.667e-05 1.511e-04 -1.000 3.435e-04 -9.510 -10.011 -9.711 -9.450 -9.087 -8.763 -7.665 -7.317 -7.305 -7.114 -7.078 -7.055 -7.023 -6.972 -6.958 -6.874 -6.861 -6.735
0.00031003 -1.70000 6.75000 36.1835632324 2.6324214551   35.980  5.718  4.3735  2.722    6  0.000  0.545     0.00     0.00     0.00     0.00     0.00 -1 -4.04e-08      0.00 7.506e-01 2.491e-01 6.177e-05 1.667e-05 1.511e-04 -1.000 3.435e-04 -9.526 -10.036 -9.740 -9.481 -9.122 -8.802 -7.718 -7.377 -7.365 -7.176 -7.142 -7.119 -7.089 -7.039 -7.025 -6.944 -6.931 -6.806
0.00031003 -1.70000 6.75000 36.3869132996 2.6324324628   36.178  5.724  4.3620  2.673    6  0.000  0.545     0.00     0.00     0.00     0.00     0.00 -1 -5.04e-08      0.00 7.506e-01 2.491e-01 6.177e-05 1.667e-05 1.511e-04 -1.000 3.435e-04 -9.540 -10.060 -9.777 -9.530 -9.178 -8.865 -7.788 -7.457 -7.446 -7.265 -7.233 -7.211 -7.182 -7.135 -7.121 -7.042 -7.029 -6.905
0.00031003 -1.70000 6.75000 36.5491676331 2.6324411451   36.335  5.728  4.3515  2.628    6  0.000  0.545     0.00     0.00     0.00     0.00     0.00 -1 -9.87e-08      0.00 7.506e-01 2.491e-01 6.177e-05 1.667e-05 1.511e-04 -1.000 3.435e-04 -9.550 -10.085 -9.796 -9.544 -9.193 -8.882 -7.809 -7.491 -7.479 -7.303 -7.270 -7.248 -7.219 -7.173 -7.160 -7.079 -7.066 -6.937
0.00031003 -1.70000 6.75000 36.7048606873 2.6324493932   36.483  5.732  4.3403  2.581    6  0.000  0.545     0.00     0.00     0.00     0.00     0.00 -1 -1.08e-07      0.00 7.506e-01 2.491e-01 6.177e-05 1.667e-05 1.511e-04 -1.000 3.436e-04 -9.561 -10.063 -9.851 -9.657 -9.329 -9.040 -7.971 -7.626 -7.625 -7.468 -7.443 -7.428 -7.407 -7.370 -7.357 -7.295 -7.284 -7.181
0.00031003 -1.70000 6.75000 36.8515167236 2.6324570894   36.623  5.736  4.3285  2.531    6  0.000  0.545     0.00     0.00     0.00     0.00     0.00 -1 -1.14e-07      0.00 7.506e-01 2.491e-01 6.177e-05 1.667e-05 1.511e-04 -1.000 3.435e-04 -9.571 -10.079 -9.888 -9.708 -9.385 -9.098 -8.045 -7.707 -7.706 -7.552 -7.526 -7.510 -7.488 -7.450 -7.437 -7.373 -7.362 -7.261
0.00031003 -1.70000 6.75000 36.9740753174 2.6324634672   36.740  5.740  4.3174  2.485    6  0.000  0.545     0.00     0.00     0.00     0.00     0.00 -1 -1.37e-07      0.00 7.506e-01 2.491e-01 6.177e-05 1.667e-05 1.511e-04 -1.000 3.435e-04 -9.579 -10.091 -9.911 -9.740 -9.423 -9.141 -8.106 -7.771 -7.771 -7.618 -7.593 -7.578 -7.557 -7.519 -7.506 -7.445 -7.433 -7.335
0.00031003 -1.70000 6.75000 37.0800094604 2.6324689408   36.841  5.743  4.3067  2.441    6  0.000  0.545     0.00     0.00     0.00     0.00     0.00 -1 -1.83e-07      0.00 7.506e-01 2.491e-01 6.177e-05 1.667e-05 1.511e-04 -1.000 3.435e-04 -9.586 -10.100 -9.924 -9.758 -9.447 -9.171 -8.157 -7.825 -7.825 -7.674 -7.649 -7.635 -7.614 -7.578 -7.566 -7.507 -7.496 -7.401
0.00031003 -1.70000 6.75000 37.1797027588 2.6324740591   36.934  5.745  4.2950  2.392    6  0.000  0.545     0.00     0.00     0.00     0.00     0.00 -1 -2.11e-07      0.00 7.506e-01 2.491e-01 6.177e-05 1.667e-05 1.511e-04 -1.000 3.435e-04 -9.593 -10.139 -9.904 -9.693 -9.374 -9.092 -8.109 -7.821 -7.813 -7.656 -7.628 -7.610 -7.586 -7.546 -7.535 -7.465 -7.454 -7.342
0.00031003 -1.70000 6.75000 37.2539634705 2.6324778513   37.004  5.747  4.2848  2.350    6  0.000  0.545     0.00     0.00     0.00     0.00     0.00 -1  -3.2e-07      0.00 7.506e-01 2.491e-01 6.177e-05 1.667e-05 1.511e-04 -1.000 3.435e-04 -9.598 -10.148 -9.946 -9.752 -9.439 -9.164 -8.172 -7.878 -7.873 -7.723 -7.698 -7.681 -7.659 -7.623 -7.612 -7.546 -7.534 -7.424
0.00031003 -1.70000 6.75000 37.3295211792 2.6324816919   37.076  5.750  4.2731  2.302    6  0.000  0.545     0.00     0.00     0.00     0.00     0.00 -1 -3.72e-07      0.00 7.506e-01 2.491e-01 6.177e-05 1.667e-05 1.511e-04 -1.000 3.435e-04 -9.604 -10.155 -9.974 -9.792 -9.488 -9.219 -8.236 -7.944 -7.941 -7.797 -7.772 -7.757 -7.737 -7.703 -7.692 -7.629 -7.618 -7.511
0.00031003 -1.70000 6.75000 37.3919029236 2.6324848494   37.134  5.751  4.2621  2.257    6  0.000  0.545     0.00     0.00     0.00     0.00     0.00 -1 -3.72e-07      0.00 7.506e-01 2.491e-01 6.177e-05 1.667e-05 1.511e-04 -1.000 3.435e-04 -9.608 -10.157 -9.985 -9.809 -9.511 -9.248 -8.291 -8.007 -8.004 -7.863 -7.839 -7.825 -7.805 -7.772 -7.761 -7.701 -7.690 -7.587
0.00031003 -1.70000 6.75000 37.4428672791 2.6324874199   37.182  5.753  4.2514  2.213    6  0.000  0.545     0.00     0.00     0.00     0.00     0.00 -1 -3.63e-07      0.00 7.506e-01 2.491e-01 6.177e-05 1.667e-05 1.511e-04 -1.000 3.435e-04 -9.612 -10.158 -9.992 -9.822 -9.530 -9.273 -8.343 -8.067 -8.065 -7.926 -7.903 -7.889 -7.870 -7.838 -7.828 -7.769 -7.759 -7.660
0.00031003 -1.70000 6.75000 37.4841499329 2.6324894963   37.221  5.754  4.2410  2.171    6  0.000  0.545     0.00     0.00     0.00     0.00     0.00 -1 -3.57e-07      0.00 7.506e-01 2.491e-01 6.177e-05 1.667e-05 1.511e-04 -1.000 3.435e-04 -9.615 -10.157 -9.997 -9.832 -9.548 -9.296 -8.393 -8.125 -8.122 -7.987 -7.965 -7.951 -7.933 -7.902 -7.892 -7.835 -7.825 -7.730
0.00031003 -1.70000 6.75000 37.5221939087 2.6324914050   37.256  5.755  4.2295  2.124    6  0.000  0.545     0.00     0.00     0.00     0.00     0.00 -1 -3.48e-07      0.00 7.506e-01 2.491e-01 6.177e-05 1.667e-05 1.511e-04 -1.000 3.435e-04 -9.618 -10.154 -10.002 -9.844 -9.567 -9.322 -8.449 -8.188 -8.187 -8.055 -8.033 -8.020 -8.002 -7.972 -7.963 -7.908 -7.899 -7.809
0.00031003 -1.70000 6.75000 37.5514869690 2.6324928718   37.285  5.756  4.2187  2.080    6  0.000  0.545     0.00     0.00     0.00     0.00     0.00 -1 -3.39e-07      0.00 7.506e-01 2.491e-01 6.177e-05 1.667e-05 1.511e-04 -1.000 3.435e-04 -9.620 -10.149 -10.004 -9.851 -9.582 -9.344 -8.500 -8.247 -8.246 -8.117 -8.096 -8.084 -8.067 -8.038 -8.029 -7.977 -7.968 -7.882
0.00031003 -1.70000 6.75000 37.5739250183 2.6324939934   37.305  5.757  4.2090  2.041    6  0.000  0.545     0.00     0.00     0.00     0.00     0.00 -1 -3.32e-07      0.00 7.506e-01 2.491e-01 6.177e-05 1.667e-05 1.511e-04 -1.000 3.435e-04 -9.622 -10.143 -10.005 -9.857 -9.595 -9.364 -8.546 -8.301 -8.300 -8.174 -8.154 -8.142 -8.125 -8.098 -8.089 -8.039 -8.030 -7.948
0.00031003 -1.70000 6.75000 37.5907173157 2.6324948319   37.322  5.757  4.2001  2.005    6  0.000  0.545     0.00     0.00     0.00     0.00     0.00 -1 -3.27e-07      0.00 7.506e-01 2.491e-01 6.177e-05 1.667e-05 1.511e-04 -1.000 3.435e-04 -9.623 -10.136 -10.004 -9.861 -9.607 -9.381 -8.588 -8.349 -8.348 -8.225 -8.206 -8.194 -8.178 -8.152 -8.143 -8.095 -8.087 -8.008
0.00031003 -1.70000 6.75000 37.6059265137 2.6324955906   37.336  5.758  4.1901  1.965    6  0.000  0.545     0.00     0.00     0.00     0.00     0.00 -1  -3.2e-07      0.00 7.506e-01 2.491e-01 6.177e-05 1.667e-05 1.511e-04 -1.000 3.435e-04 -9.625 -10.126 -10.001 -9.864 -9.618 -9.399 -8.634 -8.402 -8.402 -8.282 -8.263 -8.253 -8.237 -8.212 -8.203 -8.158 -8.150 -8.076
0.00031003 -1.70000 6.75000 37.6210975647 2.6324963466   37.350  5.758  4.1779  1.916    6  0.000  0.545     0.00     0.00     0.00     0.00     0.00 -1 -3.11e-07      0.00 7.506e-01 2.491e-01 6.177e-05 1.667e-05 1.511e-04 -1.000 3.435e-04 -9.625 -10.113 -9.998 -9.871 -9.634 -9.424 -8.690 -8.466 -8.466 -8.351 -8.333 -8.324 -8.309 -8.286 -8.277 -8.235 -8.227 -8.158
0.00031003 -1.70000 6.75000 37.6289367676 2.6324967370   37.357  5.758  4.1702  1.885    6  0.000  0.545     0.00     0.00     0.00     0.00     0.00 -1 -3.06e-07      0.00 7.506e-01 2.491e-01 6.177e-05 1.667e-05 1.511e-04 -1.000 3.435e-04 -9.626 -10.103 -10.003 -9.885 -9.656 -9.451 -8.724 -8.500 -8.502 -8.392 -8.376 -8.367 -8.354 -8.332 -8.324 -8.285 -8.277 -8.210
0.00031003 -1.70000 6.75000 37.6375274658 2.6324971646   37.365  5.758  4.1598  1.843    6  0.000  0.545     0.00     0.00     0.00     0.00     0.00 -1 -2.98e-07      0.00 7.506e-01 2.491e-01 6.177e-05 1.667e-05 1.511e-04 -1.000 3.435e-04 -9.626 -10.087 -10.017 -9.915 -9.695 -9.498 -8.767 -8.541 -8.547 -8.445 -8.431 -8.425 -8.414 -8.396 -8.389 -8.353 -8.346 -8.281
0.00031003 -1.70000 6.75000 37.6429901123 2.6324974364   37.371  5.758  4.1512  1.809    6  0.000  0.545     0.00     0.00     0.00     0.00     0.00 -1 -2.93e-07      0.00 7.506e-01 2.491e-01 6.177e-05 1.667e-05 1.511e-04 -1.000 3.435e-04 -9.626 -10.074 -10.028 -9.940 -9.728 -9.537 -8.803 -8.575 -8.584 -8.490 -8.477 -8.473 -8.465 -8.449 -8.442 -8.410 -8.402 -8.339
0.00031003 -1.70000 6.75000 37.6475982666 2.6324976656   37.375  5.758  4.1421  1.773    6  0.000  0.545     0.00     0.00     0.00     0.00     0.00 -1 -2.86e-07      0.00 7.506e-01 2.491e-01 6.177e-05 1.667e-05 1.511e-04 -1.000 3.435e-04 -9.626 -10.056 -10.016 -9.935 -9.732 -9.548 -8.843 -8.622 -8.632 -8.540 -8.529 -8.525 -8.517 -8.503 -8.496 -8.466 -8.459 -8.400
0.00031003 -1.70000 6.75000 37.6518783569 2.6324978784   37.379  5.758  4.1322  1.733    6  0.000  0.545     0.00     0.00     0.00     0.00     0.00 -1 -2.79e-07      0.00 7.506e-01 2.491e-01 6.177e-05 1.667e-05 1.511e-04 -1.000 3.435e-04 -9.625 -10.034 -9.984 -9.903 -9.711 -9.536 -8.890 -8.683 -8.690 -8.598 -8.586 -8.582 -8.574 -8.559 -8.553 -8.524 -8.518 -8.465
0.00031003 -1.70000 6.75000 37.6539688110 2.6324979824   37.381  5.757  4.1263  1.710    6  0.000  0.545     0.00     0.00     0.00     0.00     0.00 -1 -2.74e-07      0.00 7.506e-01 2.491e-01 6.177e-05 1.667e-05 1.511e-04 -1.000 3.435e-04 -9.624 -10.020 -9.962 -9.881 -9.695 -9.525 -8.917 -8.719 -8.725 -8.633 -8.620 -8.616 -8.607 -8.592 -8.586 -8.557 -8.552 -8.503
0.00031003 -1.70000 6.75000 37.6560974121 2.6324980882   37.383  5.757  4.1186  1.680    7  0.000  0.545     9.19    10.33     7.78     5.27     4.39  3 -2.67e-07      0.00 7.506e-01 2.491e-01 6.177e-05 1.667e-05 1.511e-04 -1.000 3.435e-04 -9.622 -10.000 -9.934 -9.852 -9.675 -9.513 -8.952 -8.766 -8.770 -8.677 -8.665 -8.660 -8.650 -8.635 -8.629 -8.601 -8.596 -8.553
0.00031003 -1.70000 6.75000 37.6591644287 2.6324982406   37.386  5.755  4.1043  1.624    7  0.000  0.545    10.66    11.43     8.56     5.81     4.84  3  -2.6e-07      0.00 7.506e-01 2.491e-01 6.177e-05 1.667e-05 1.511e-04 -1.000 3.435e-04 -9.619 -9.960 -9.894 -9.819 -9.658 -9.508 -9.014 -8.841 -8.845 -8.755 -8.743 -8.738 -8.729 -8.714 -8.709 -8.684 -8.680 -8.645
0.00031003 -1.70000 6.75000 37.6617813110 2.6324983707   37.389  5.754  4.0885  1.563    7  0.000  0.545    12.58    12.78     9.52     6.47     5.40  3 -4.56e-07      0.00 7.506e-01 2.491e-01 6.177e-05 1.667e-05 1.511e-04 -1.000 3.435e-04 -9.615 -9.910 -9.855 -9.793 -9.650 -9.514 -9.079 -8.918 -8.922 -8.838 -8.828 -8.823 -8.816 -8.803 -8.798 -8.778 -8.774 -8.747
0.00031003 -1.70000 6.75000 37.6639060974 2.6324984762   37.390  5.753  4.0724  1.499    7  0.000  0.545    14.91    14.33    10.63     7.23     6.04  3 -4.63e-07      0.00 7.506e-01 2.491e-01 6.177e-05 1.667e-05 1.511e-04 -1.000 3.435e-04 -9.613 -9.854 -9.851 -9.816 -9.692 -9.568 -9.135 -8.970 -8.981 -8.911 -8.904 -8.905 -8.901 -8.894 -8.890 -8.877 -8.874 -8.852
0.00031003 -1.70000 6.75000 37.6655197144 2.6324985564   37.392  5.752  4.0581  1.443    7  0.000  0.545    17.35    15.87    11.72     7.99     6.67  3 -4.48e-07      0.00 7.506e-01 2.491e-01 6.177e-05 1.667e-05 1.511e-04 -1.000 3.435e-04 -9.611 -9.797 -9.814 -9.795 -9.690 -9.578 -9.190 -9.031 -9.044 -8.982 -8.977 -8.979 -8.977 -8.974 -8.970 -8.962 -8.959 -8.944
0.00031003 -1.70000 6.75000 37.6671333313 2.6324986365   37.393  5.752  4.0420  1.379    7  0.000  0.545    20.55    17.80    13.07     8.92     7.45  3 -4.29e-07      0.00 7.506e-01 2.491e-01 6.177e-05 1.667e-05 1.511e-04 -1.000 3.435e-04 -9.609 -9.723 -9.749 -9.743 -9.658 -9.561 -9.253 -9.107 -9.121 -9.064 -9.060 -9.063 -9.062 -9.060 -9.057 -9.054 -9.052 -9.048
0.00031003 -1.70000 6.75000 37.6687660217 2.6324987176   37.395  5.751  4.0248  1.311    7  0.000  0.545    24.66    20.13    14.70    10.06     8.40  3 -4.09e-07      0.00 7.506e-01 2.491e-01 6.177e-05 1.667e-05 1.511e-04 -1.000 3.435e-04 -9.607 -9.632 -9.666 -9.677 -9.615 -9.532 -9.318 -9.187 -9.202 -9.150 -9.147 -9.151 -9.152 -9.151 -9.149 -9.150 -9.150 -9.157
0.00031003 -1.70000 6.75000 37.6704063416 2.6324987991   37.396  5.750  4.0064  1.238    7  0.000  0.545    29.99    22.97    16.67    11.43     9.55  3 -4.17e-07      0.00 7.506e-01 2.491e-01 6.177e-05 1.667e-05 1.511e-04 -1.000 3.435e-04 -9.605 -9.519 -9.563 -9.591 -9.556 -9.489 -9.386 -9.271 -9.286 -9.241 -9.239 -9.244 -9.245 -9.247 -9.245 -9.252 -9.253 -9.274
0.00031003 -1.70000 6.75000 37.6714973450 2.6324988533   37.397  5.750  3.9931  1.186    7  0.000  0.545    34.54    25.27    18.26    12.54    10.48  3 -4.07e-07      0.00 7.506e-01 2.491e-01 6.177e-05 1.667e-05 1.511e-04 -1.000 3.435e-04 -9.604 -9.425 -9.475 -9.517 -9.504 -9.449 -9.434 -9.331 -9.346 -9.305 -9.304 -9.309 -9.311 -9.314 -9.312 -9.324 -9.326 -9.358
0.00031003 -1.70000 6.75000 37.6725959778 2.6324989078   37.398  5.749  3.9790  1.129    7  0.000  0.545    40.15    27.97    20.13    13.83    11.57  3 -4.44e-07      0.00 7.506e-01 2.491e-01 6.177e-05 1.667e-05 1.511e-04 -1.000 3.435e-04 -9.603 -9.311 -9.367 -9.427 -9.439 -9.399 -9.483 -9.393 -9.409 -9.371 -9.371 -9.377 -9.380 -9.384 -9.383 -9.399 -9.402 -9.446
0.00031003 -1.70000 6.75000 37.6736946106 2.6324989624   37.399  5.749  3.9643  1.071    7  0.000  0.545    46.92    31.07    22.25    15.32    12.81  3 -6.17e-07      0.00 7.506e-01 2.491e-01 6.177e-05 1.667e-05 1.511e-04 -1.000 3.435e-04 -9.602 -9.177 -9.260 -9.342 -9.384 -9.358 -9.519 -9.438 -9.456 -9.429 -9.432 -9.440 -9.445 -9.452 -9.452 -9.474 -9.478 -9.533
0.00031003 -1.70000 6.75000 37.6748008728 2.6324990173   37.400  5.748  3.9497  1.014    7  0.000  0.545    54.75    34.48    24.58    16.95    14.18  3 -5.91e-07      0.00 7.506e-01 2.491e-01 6.177e-05 1.667e-05 1.511e-04 -1.000 3.436e-04 -9.601 -9.029 -9.162 -9.271 -9.343 -9.331 -9.538 -9.458 -9.484 -9.474 -9.481 -9.494 -9.503 -9.517 -9.517 -9.548 -9.553 -9.616
0.00031003 -1.70000 6.75000 37.6758995056 2.6324990719   37.401  5.748  3.9353  0.956    7  0.000  0.545    63.82    38.24    27.13    18.74    15.68  3  -5.7e-07      0.00 7.506e-01 2.491e-01 6.177e-05 1.667e-05 1.511e-04 -1.000 3.435e-04 -9.599 -8.829 -8.971 -9.105 -9.222 -9.231 -9.583 -9.521 -9.545 -9.536 -9.543 -9.554 -9.563 -9.577 -9.578 -9.613 -9.620 -9.700
0.00031003 -1.70000 6.75000 37.6770057678 2.6324991268   37.402  5.747  3.9203  0.897    7  0.000  0.545    74.76    42.55    30.04    20.78    17.39  3 -5.72e-07      0.00 7.506e-01 2.491e-01 6.177e-05 1.667e-05 1.511e-04 -1.000 3.435e-04 -9.597 -8.642 -8.850 -9.014 -9.165 -9.190 -9.574 -9.515 -9.551 -9.570 -9.583 -9.600 -9.615 -9.637 -9.639 -9.684 -9.691 -9.777
0.00031003 -1.70000 6.75000 37.6781120300 2.6324991817   37.403  5.746  3.9047  0.836    7  0.000  0.545    88.15    47.56    33.41    23.15    19.38  3 -5.93e-07      0.00 7.506e-01 2.491e-01 6.177e-05 1.667e-05 1.511e-04 -1.000 3.435e-04 -9.595 -8.320 -8.582 -8.797 -9.019 -9.071 -9.602 -9.558 -9.593 -9.615 -9.628 -9.646 -9.661 -9.685 -9.689 -9.742 -9.751 -9.855
0.00031003 -1.70000 6.75000 37.6792259216 2.6324992370   37.404  5.745  3.8886  0.773    7  0.000  0.545   104.43    53.32    37.27    25.86    21.66  3 -6.23e-07      0.00 7.506e-01 2.491e-01 6.177e-05 1.667e-05 1.511e-04 -1.000 3.435e-04 -9.592 -7.916 -8.252 -8.546 -8.854 -8.939 -9.628 -9.602 -9.631 -9.651 -9.664 -9.682 -9.698 -9.725 -9.730 -9.793 -9.804 -9.925
0.00031003 -1.70000 6.75000 37.6803283691 2.6324992917   37.404  5.743  3.8726  0.710    7  0.000  0.545   123.51    59.71    41.52    28.86    24.18  3 -6.13e-07      0.00 7.506e-01 2.491e-01 6.177e-05 1.667e-05 1.511e-04 -1.000 3.435e-04 -9.589 -7.535 -7.967 -8.350 -8.737 -8.854 -9.598 -9.582 -9.620 -9.663 -9.682 -9.707 -9.727 -9.763 -9.771 -9.848 -9.859 -9.988
0.00031003 -1.70000 6.75000 37.6808853149 2.6324993194   37.405  5.743  3.8647  0.679    7  0.000  0.545   134.17    63.15    43.80    30.47    25.53  3 -6.12e-07      0.00 7.506e-01 2.491e-01 6.177e-05 1.667e-05 1.511e-04 -1.000 3.435e-04 -9.586 -7.321 -7.794 -8.237 -8.671 -8.805 -9.587 -9.576 -9.615 -9.666 -9.686 -9.713 -9.736 -9.777 -9.786 -9.870 -9.882 -10.015
0.00031003 -1.70000 6.75000 37.6814422607 2.6324993470   37.405  5.742  3.8568  0.648    7  0.000  0.545   145.63    66.74    46.18    32.15    26.94  3 -6.07e-07      0.00 7.506e-01 2.491e-01 6.177e-05 1.667e-05 1.511e-04 -1.000 3.435e-04 -9.584 -7.114 -7.617 -8.125 -8.607 -8.759 -9.571 -9.566 -9.606 -9.665 -9.686 -9.718 -9.743 -9.790 -9.800 -9.892 -9.904 -10.040
0.00031003 -1.70000 6.75000 37.6819953918 2.6324993744   37.406  5.741  3.8493  0.619    7  0.000  0.545   157.44    70.35    48.56    33.84    28.35  3 -6.06e-07      0.00 7.506e-01 2.491e-01 6.177e-05 1.667e-05 1.511e-04 -1.000 3.435e-04 -9.582 -6.943 -7.457 -8.030 -8.555 -8.725 -9.546 -9.547 -9.589 -9.660 -9.685 -9.720 -9.749 -9.802 -9.814 -9.914 -9.926 -10.063
0.00031003 -1.70000 6.75000 37.6825485229 2.6324994019   37.407  5.740  3.8419  0.590    7  0.000  0.545   170.17    74.14    51.05    35.60    29.84  3 -6.07e-07      0.00 7.506e-01 2.491e-01 6.177e-05 1.667e-05 1.511e-04 -1.000 3.435e-04 -9.580 -6.786 -7.299 -7.937 -8.505 -8.695 -9.517 -9.522 -9.569 -9.654 -9.682 -9.722 -9.754 -9.814 -9.827 -9.935 -9.947 -10.085
0.00031003 -1.70000 6.75000 37.6831054688 2.6324994295   37.407  5.739  3.8348  0.563    7  0.000  0.545   183.17    77.91    53.53    37.36    31.31  3 -6.01e-07      0.00 7.506e-01 2.491e-01 6.177e-05 1.667e-05 1.511e-04 -1.000 3.435e-04 -9.578 -6.650 -7.149 -7.851 -8.460 -8.668 -9.485 -9.495 -9.546 -9.646 -9.678 -9.723 -9.758 -9.825 -9.840 -9.956 -9.968 -10.105
0.00031003 -1.70000 6.75000 37.6842231750 2.6324994850   37.408  5.738  3.8214  0.511    7  0.000  0.545   210.36    85.54    58.53    40.90    34.29  3 -7.36e-07      0.00 7.506e-01 2.491e-01 6.177e-05 1.667e-05 1.511e-04 -1.000 3.435e-04 -9.574 -6.433 -6.865 -7.691 -8.380 -8.625 -9.410 -9.431 -9.494 -9.628 -9.668 -9.722 -9.765 -9.845 -9.863 -9.994 -10.006 -10.143
0.00031003 -1.70000 6.75000 37.6853370667 2.6324995403   37.409  5.736  3.8088  0.462    7  0.000  0.545   230.44    93.50    63.72    44.59    37.39  3 -9.63e-07      0.00 7.506e-01 2.491e-01 6.177e-05 1.667e-05 1.511e-04 -1.000 3.435e-04 -9.570 -6.284 -6.631 -7.563 -8.319 -8.600 -9.321 -9.351 -9.430 -9.607 -9.654 -9.719 -9.770 -9.864 -9.885 -10.031 -10.042 -10.178
0.00031003 -1.70000 6.75000 37.6864547729 2.6324995957   37.410  5.735  3.7962  0.413    7  0.000  0.545   248.76   102.13    69.32    48.57    40.74  3 -9.44e-07      0.00 7.506e-01 2.491e-01 6.177e-05 1.667e-05 1.511e-04 -1.000 3.435e-04 -9.566 -6.186 -6.433 -7.449 -8.269 -8.585 -9.216 -9.254 -9.354 -9.580 -9.637 -9.713 -9.772 -9.881 -9.905 -10.066 -10.076 -10.212
0.00031003 -1.70000 6.75000 37.6875724792 2.6324996512   37.411  5.733  3.7844  0.367    7  0.000  0.545   267.34   110.99    75.06    52.65    44.17  3 -9.25e-07      0.00 7.506e-01 2.491e-01 6.177e-05 1.667e-05 1.511e-04 -1.000 3.435e-04 -9.563 -6.090 -6.199 -7.305 -8.203 -8.554 -9.123 -9.169 -9.286 -9.552 -9.617 -9.704 -9.770 -9.892 -9.919 -10.094 -10.104 -10.242
0.00031003 -1.70000 6.75000 37.6886787415 2.6324997061   37.411  5.732  3.7739  0.326    7  0.000  0.545   285.02   119.50    80.54    56.57    47.46  3 -1.35e-06      0.00 7.506e-01 2.491e-01 6.177e-05 1.667e-05 1.511e-04 -1.000 3.435e-04 -9.561 -6.002 -5.951 -7.141 -8.118 -8.500 -9.034 -9.090 -9.221 -9.524 -9.596 -9.692 -9.765 -9.898 -9.928 -10.117 -10.128 -10.268
0.00031003 -1.70000 6.75000 37.6897811890 2.6324997607   37.412  5.731  3.7649  0.291    7  0.000  0.545   300.99   127.27    85.54    60.13    50.45  3 -1.32e-06      0.00 7.506e-01 2.491e-01 6.177e-05 1.667e-05 1.511e-04 -1.000 3.435e-04 -9.558 -5.931 -5.735 -6.997 -8.043 -8.451 -8.953 -9.017 -9.162 -9.497 -9.575 -9.679 -9.758 -9.902 -9.935 -10.135 -10.146 -10.290
0.00031003 -1.70000 6.75000 37.6908569336 2.6324998141   37.413  5.730  3.7565  0.259    7  0.000  0.545   316.68   134.96    90.46    63.65    53.41  3 -1.29e-06      0.00 7.506e-01 2.491e-01 6.176e-05 1.667e-05 1.511e-04 -1.000 3.435e-04 -9.555 -5.871 -5.531 -6.860 -7.974 -8.407 -8.874 -8.947 -9.105 -9.469 -9.553 -9.665 -9.749 -9.902 -9.937 -10.148 -10.159 -10.306
0.00031003 -1.70000 6.75000 37.6919059753 2.6324998661   37.415  5.728  3.7486  0.229    7  0.000  0.545   331.85   142.45    95.26    67.07    56.30  3 -1.26e-06      0.00 7.506e-01 2.491e-01 6.176e-05 1.667e-05 1.511e-04 -1.000 3.435e-04 -9.551 -5.815 -5.324 -6.718 -7.902 -8.359 -8.799 -8.880 -9.050 -9.441 -9.529 -9.648 -9.736 -9.898 -9.935 -10.157 -10.168 -10.319
0.00031003 -1.70000 6.75000 37.6929092407 2.6324999159   37.416  5.726  3.7416  0.203    7  0.000  0.545   345.59   149.28    99.61    70.19    58.92  3 -1.22e-06      0.00 7.506e-01 2.491e-01 6.175e-05 1.667e-05 1.511e-04 -1.000 3.435e-04 -9.546 -5.767 -5.123 -6.578 -7.831 -8.310 -8.730 -8.819 -8.999 -9.413 -9.506 -9.631 -9.723 -9.891 -9.931 -10.161 -10.173 -10.328
0.00031003 -1.70000 6.75000 37.6938552856 2.6324999628   37.416  5.724  3.7354  0.180    7  0.000  0.545   358.05   155.51   103.58    73.03    61.31  3 -1.19e-06      0.00 7.506e-01 2.491e-01 6.175e-05 1.667e-05 1.511e-04 -1.000 3.435e-04 -9.541 -5.722 -4.894 -6.423 -7.751 -8.252 -8.662 -8.761 -8.952 -9.388 -9.485 -9.615 -9.710 -9.885 -9.926 -10.164 -10.176 -10.336
0.00031003 -1.70000 6.75000 37.6951484680 2.6325000269   37.417  5.721  3.7281  0.154    7  0.000  0.544   373.21   163.14   108.43    76.50    64.23  3 -1.15e-06      0.00 7.506e-01 2.491e-01 6.169e-05 1.669e-05 1.511e-04 -1.000 3.435e-04 -9.534 -5.671 -4.598 -6.220 -7.644 -8.172 -8.576 -8.687 -8.891 -9.356 -9.457 -9.595 -9.694 -9.877 -9.920 -10.167 -10.180 -10.344
0.00031003 -1.70000 6.75000 37.6969909668 2.6325001183   37.419  5.720  3.7210  0.127    7  0.000  0.544   389.10   171.18   113.53    80.15    67.30  3 -1.11e-06      0.00 7.505e-01 2.491e-01 6.154e-05 1.676e-05 1.511e-04 -1.000 3.435e-04 -9.530 -5.626 -4.296 -6.009 -7.534 -8.088 -8.489 -8.614 -8.833 -9.327 -9.433 -9.577 -9.680 -9.870 -9.915 -10.172 -10.185 -10.355
0.00031003 -1.70000 6.75000 37.7001380920 2.6325002743   37.422  5.721  3.7135  0.096    7  0.000  0.541   408.77   181.21   119.87    84.70    71.13  3 -1.09e-06      0.00 7.505e-01 2.491e-01 6.125e-05 1.689e-05 1.511e-04 -1.000 3.436e-04 -9.533 -5.589 -3.965 -5.769 -7.408 -7.990 -8.399 -8.540 -8.775 -9.301 -9.412 -9.563 -9.670 -9.869 -9.916 -10.182 -10.196 -10.373
0.00031003 -1.70000 6.75000 37.7027244568 2.6325004025   37.425  5.722  3.7091  0.077    7  0.000  0.536   420.88   187.42   123.79    87.51    73.50  3 -1.08e-06      0.00 7.505e-01 2.491e-01 6.054e-05 1.717e-05 1.511e-04 -1.000 3.435e-04 -9.535 -5.570 -3.773 -5.626 -7.333 -7.930 -8.346 -8.497 -8.742 -9.286 -9.400 -9.556 -9.665 -9.869 -9.917 -10.189 -10.203 -10.384
