 Zini     MH   logAge Mini        int_IMF         Mass   logL    logTe  logg  label   McoreTP C_O  period0  period1  period2  period3  period4  pmode  Mloss  tau1m   X   Y   Xc  Xn  Xo  Cexcess  Z 	 mbolmag  F170Wmag  F218Wmag  F255Wmag  F300Wmag  F336Wmag  F380Wmag  F439Wmag  F450Wmag  F555Wmag  F569Wmag  F606Wmag  F622Wmag  F675Wmag  F702Wmag  F791Wmag  F814Wmag  F850LPmag
0.00024632 -1.80000 10.10000 0.0900000036 1.0816895926    0.090 -3.196  3.4850  5.480    1  0.000  0.545     0.00     0.00     0.00     0.00     0.00 -1 -4.86e-17      0.00 7.482e-01 2.516e-01 4.823e-05 1.301e-05 1.180e-04 -1.000 2.682e-04 12.759 17.411 22.383 22.840 18.772 18.083 18.899 17.572 16.627 15.035 14.821 14.270 14.089 13.432 13.075 12.133 12.075 11.579
0.00024632 -1.80000 10.10000 0.0909633189 1.0908540261    0.091 -3.159  3.4904  5.470    1  0.000  0.545     0.00     0.00     0.00     0.00     0.00 -1 -5.32e-17      0.00 7.479e-01 2.518e-01 4.823e-05 1.301e-05 1.180e-04 -1.000 2.682e-04 12.668 17.311 22.282 22.665 18.621 17.905 18.573 17.309 16.409 14.822 14.607 14.089 13.902 13.287 12.949 12.040 11.985 11.504
0.00024632 -1.80000 10.10000 0.1000000015 1.1711064122    0.100 -2.835  3.5379  5.376    1  0.000  0.545     0.00     0.00     0.00     0.00     0.00 -1 -1.19e-16      0.00 7.455e-01 2.542e-01 4.823e-05 1.301e-05 1.180e-04 -1.000 2.682e-04 11.857 16.391 21.236 20.601 17.049 16.206 16.097 15.292 14.677 13.285 13.080 12.698 12.491 12.080 11.881 11.226 11.185 10.800
0.00024632 -1.80000 10.10000 0.1167722568 1.2976629515    0.117 -2.586  3.5641  5.300    1  0.000  0.545     0.00     0.00     0.00     0.00     0.00 -1 -2.14e-16      0.00 7.428e-01 2.570e-01 4.823e-05 1.301e-05 1.180e-04 -1.000 2.681e-04 11.235 15.686 20.267 18.918 15.848 14.998 14.714 14.101 13.605 12.384 12.192 11.838 11.639 11.268 11.133 10.600 10.565 10.220
0.00024632 -1.80000 10.10000 0.1200000048 1.3193154741    0.120 -2.542  3.5687  5.286    1  0.000  0.545     0.00     0.00     0.00     0.00     0.00 -1 -2.37e-16      0.00 7.423e-01 2.575e-01 4.823e-05 1.301e-05 1.180e-04 -1.000 2.682e-04 11.125 15.562 20.073 18.604 15.631 14.784 14.483 13.899 13.421 12.231 12.042 11.693 11.496 11.130 11.004 10.489 10.456 10.117
0.00024632 -1.80000 10.10000 0.1400000006 1.4384526719    0.140 -2.358  3.5836  5.228    1  0.000  0.545     0.00     0.00     0.00     0.00     0.00 -1 -3.58e-16      0.00 7.400e-01 2.598e-01 4.823e-05 1.301e-05 1.180e-04 -1.000 2.682e-04 10.665 15.054 19.286 17.532 14.824 13.990 13.672 13.169 12.737 11.645 11.465 11.136 10.947 10.599 10.494 10.025 9.994 9.675
0.00024632 -1.80000 10.10000 0.1421663165 1.4500211586    0.142 -2.341  3.5847  5.223    1  0.000  0.545     0.00     0.00     0.00     0.00     0.00 -1 -3.72e-16      0.00 7.398e-01 2.599e-01 4.823e-05 1.301e-05 1.180e-04 -1.000 2.682e-04 10.623 15.009 19.214 17.442 14.756 13.923 13.605 13.108 12.679 11.595 11.415 11.088 10.900 10.553 10.449 9.984 9.953 9.635
0.00024632 -1.80000 10.10000 0.1599999964 1.5372931554    0.160 -2.213  3.5933  5.181    1  0.000  0.545     0.00     0.00     0.00     0.00     0.00 -1 -4.94e-16      0.00 7.386e-01 2.611e-01 4.823e-05 1.301e-05 1.180e-04 -1.000 2.682e-04 10.304 14.661 18.657 16.766 14.233 13.412 13.101 12.646 12.239 11.209 11.035 10.722 10.539 10.203 10.107 9.662 9.633 9.326
0.00024632 -1.80000 10.10000 0.2000000179 1.6938791367    0.200 -1.993  3.6057  5.106    1  0.000  0.545     0.00     0.00     0.00     0.00     0.00 -1 -7.99e-16      0.00 7.377e-01 2.620e-01 4.823e-05 1.301e-05 1.180e-04 -1.000 2.682e-04 9.752 14.068 17.782 15.762 13.396 12.591 12.310 11.905 11.525 10.567 10.401 10.109 9.935 9.614 9.527 9.106 9.079 8.787
0.00024632 -1.80000 10.10000 0.2500000000 1.8403257998    0.250 -1.791  3.6167  5.046    1  0.000  0.545     0.00     0.00     0.00     0.00     0.00 -1 -6.78e-16      0.00 7.380e-01 2.618e-01 4.822e-05 1.301e-05 1.180e-04 -1.000 2.682e-04 9.248 13.526 16.983 14.884 12.645 11.857 11.615 11.247 10.887 9.988 9.829 9.554 9.387 9.081 8.999 8.598 8.573 8.294
0.00024632 -1.80000 10.10000 0.3000000417 1.9529140366    0.300 -1.637  3.6257  5.007    1  0.000  0.545     0.00     0.00     0.00     0.00     0.00 -1 -1.58e-15      0.00 7.380e-01 2.617e-01 4.821e-05 1.301e-05 1.180e-04 -1.000 2.681e-04 8.863 13.107 16.278 14.176 12.059 11.288 11.084 10.743 10.397 9.542 9.389 9.128 8.967 8.673 8.595 8.209 8.185 7.918
0.00024632 -1.80000 10.10000 0.3102186620 1.9729366385    0.310 -1.610  3.6274  5.001    1  0.000  0.545     0.00     0.00     0.00     0.00     0.00 -1 -1.75e-15      0.00 7.380e-01 2.617e-01 4.821e-05 1.301e-05 1.180e-04 -1.000 2.681e-04 8.794 13.031 16.140 14.042 11.952 11.183 10.987 10.652 10.308 9.462 9.310 9.052 8.892 8.600 8.523 8.140 8.116 7.851
0.00024632 -1.80000 10.10000 0.3500000238 2.0434175133    0.350 -1.511  3.6338  4.980    1  0.000  0.544     0.00     0.00     0.00     0.00     0.00 -1 -2.12e-15      0.00 7.378e-01 2.619e-01 4.818e-05 1.301e-05 1.180e-04 -1.000 2.681e-04 8.547 12.759 15.659 13.576 11.566 10.810 10.645 10.327 9.992 9.175 9.026 8.778 8.622 8.337 8.264 7.890 7.867 7.610
0.00024632 -1.80000 10.10000 0.4000000060 2.1185024399    0.400 -1.379  3.6435  4.945    1  0.000  0.545     0.00     0.00     0.00     0.00     0.00 -1  -2.8e-15      0.00 7.502e-01 2.495e-01 4.823e-05 1.301e-05 1.180e-04 -1.000 2.682e-04 8.217 12.391 15.020 12.940 11.027 10.289 10.176 9.885 9.562 8.787 8.644 8.409 8.259 7.987 7.917 7.558 7.537 7.291
0.00024632 -1.80000 10.10000 0.4500000179 2.1822809362    0.450 -1.217  3.6599  4.899    1  0.000  0.545     0.00     0.00     0.00     0.00     0.00 -1 -4.04e-15      0.00 7.506e-01 2.491e-01 4.823e-05 1.301e-05 1.180e-04 -1.000 2.682e-04 7.812 11.919 14.146 12.053 10.274 9.571 9.550 9.304 9.001 8.291 8.157 7.944 7.804 7.550 7.486 7.151 7.132 6.905
0.00024632 -1.80000 10.10000 0.4653407633 2.2000248053    0.465 -1.159  3.6664  4.882    1  0.000  0.545     0.00     0.00     0.00     0.00     0.00 -1 -4.62e-15      0.00 7.506e-01 2.491e-01 4.823e-05 1.301e-05 1.180e-04 -1.000 2.682e-04 7.668 11.743 13.722 11.687 9.987 9.303 9.321 9.094 8.799 8.114 7.983 7.778 7.642 7.396 7.334 7.008 6.989 6.770
0.00024632 -1.80000 10.10000 0.5000000000 2.2374541529    0.500 -1.035  3.6803  4.846    1  0.000  0.545     0.00     0.00     0.00     0.00     0.00 -1 -6.19e-15      0.00 7.506e-01 2.491e-01 4.823e-05 1.301e-05 1.180e-04 -1.000 2.682e-04 7.359 11.364 12.843 10.921 9.380 8.739 8.836 8.653 8.374 7.739 7.616 7.427 7.300 7.067 7.010 6.702 6.685 6.481
0.00024632 -1.80000 10.10000 0.5500000715 2.2836583126    0.550 -0.824  3.7022  4.763    1  0.000  0.544     0.00     0.00     0.00     0.00     0.00 -1 -1.05e-14      0.00 7.864e-01 2.134e-01 4.174e-05 1.127e-05 1.022e-04 -1.000 1.727e-04 6.831 10.705 11.447 9.724 8.417 7.849 8.061 7.947 7.695 7.131 7.016 6.848 6.733 6.520 6.469 6.186 6.172 5.991
0.00024632 -1.80000 10.10000 0.6000000238 2.3211213258    0.600 -0.611  3.7288  4.694    1  0.000  0.544     0.00     0.00     0.00     0.00     0.00 -1 -1.78e-14      0.00 7.990e-01 2.008e-01 3.958e-05 1.069e-05 9.710e-05 -1.000 2.173e-04 6.298 9.951 9.851 8.456 7.431 6.952 7.275 7.232 7.015 6.529 6.424 6.279 6.176 5.984 5.939 5.685 5.674 5.518
0.00024632 -1.80000 10.10000 0.6005485654 2.3214927198    0.600 -0.609  3.7291  4.694    1  0.000  0.544     0.00     0.00     0.00     0.00     0.00 -1 -1.79e-14      0.00 7.992e-01 2.006e-01 3.956e-05 1.069e-05 9.704e-05 -1.000 2.182e-04 6.292 9.942 9.832 8.442 7.420 6.942 7.266 7.223 7.007 6.522 6.418 6.272 6.169 5.978 5.933 5.679 5.668 5.512
0.00024632 -1.80000 10.10000 0.6114148498 2.3286921490    0.611 -0.560  3.7358  4.679    1  0.000  0.543     0.00     0.00     0.00     0.00     0.00 -1 -2.02e-14      0.00 8.025e-01 1.972e-01 3.900e-05 1.054e-05 9.568e-05 -1.000 2.373e-04 6.170 9.748 9.470 8.157 7.199 6.743 7.089 7.061 6.854 6.387 6.285 6.145 6.044 5.858 5.815 5.568 5.557 5.408
0.00024632 -1.80000 10.10000 0.6219214201 2.3353788529    0.622 -0.512  3.7421  4.664    1  0.000  0.543     0.00     0.00     0.00     0.00     0.00 -1 -2.28e-14      0.00 8.059e-01 1.938e-01 3.843e-05 1.039e-05 9.433e-05 -1.000 2.415e-04 6.050 9.551 9.120 7.885 6.990 6.555 6.921 6.906 6.706 6.257 6.158 6.022 5.924 5.742 5.701 5.460 5.450 5.306
0.00024632 -1.80000 10.10000 0.6316810250 2.3413615447    0.631 -0.467  3.7479  4.649    1  0.000  0.543     0.00     0.00     0.00     0.00     0.00 -1 -8.11e-19      0.00 8.092e-01 1.905e-01 3.788e-05 1.024e-05 9.301e-05 -1.000 2.341e-04 5.938 9.351 8.790 7.634 6.801 6.387 6.768 6.764 6.571 6.137 6.040 5.908 5.813 5.636 5.595 5.361 5.351 5.212
0.00024632 -1.80000 10.10000 0.6407481432 2.3467323396    0.640 -0.425  3.7533  4.635    1  0.000  0.543     0.00     0.00     0.00     0.00     0.00 -1 -3.37e-17      0.00 8.125e-01 1.873e-01 3.735e-05 1.010e-05 9.175e-05 -1.000 2.026e-04 5.833 9.155 8.491 7.405 6.626 6.232 6.626 6.631 6.444 6.025 5.931 5.802 5.709 5.537 5.497 5.268 5.259 5.125
0.00024632 -1.80000 10.10000 0.6495794058 2.3517980144    0.649 -0.384  3.7584  4.620    1  0.000  0.542     0.00     0.00     0.00     0.00     0.00 -1 -2.32e-14      0.00 8.157e-01 1.841e-01 3.681e-05 9.953e-06 9.046e-05 -1.000 2.062e-04 5.730 8.959 8.208 7.185 6.456 6.081 6.488 6.501 6.321 5.916 5.823 5.699 5.608 5.440 5.402 5.178 5.169 5.039
0.00024632 -1.80000 10.10000 0.6499999762 2.3520353107    0.650 -0.382  3.7586  4.619    1  0.000  0.543     0.00     0.00     0.00     0.00     0.00 -1 -3.16e-14      0.00 8.159e-01 1.839e-01 3.678e-05 9.948e-06 9.040e-05 -1.000 2.424e-04 5.725 8.949 8.194 7.174 6.448 6.073 6.481 6.494 6.314 5.910 5.818 5.694 5.603 5.435 5.397 5.173 5.165 5.035
0.00024632 -1.80000 10.10000 0.6592332125 2.3571573260    0.659 -0.338  3.7636  4.601    1  0.000  0.542     0.00     0.00     0.00     0.00     0.00 -1 -3.55e-14      0.00 8.202e-01 1.795e-01 3.607e-05 9.757e-06 8.869e-05 -1.000 2.343e-04 5.615 8.741 7.922 6.959 6.278 5.922 6.340 6.361 6.186 5.796 5.706 5.585 5.496 5.332 5.295 5.076 5.068 4.943
0.00024632 -1.80000 10.10000 0.6701480150 2.3630033108    0.670 -0.285  3.7695  4.579    1  0.000  0.542     0.00     0.00     0.00     0.00     0.00 -1  -2.8e-14      0.00 8.257e-01 1.741e-01 3.517e-05 9.519e-06 8.654e-05 -1.000 1.998e-04 5.482 8.490 7.611 6.709 6.080 5.744 6.172 6.201 6.033 5.658 5.570 5.454 5.367 5.208 5.172 4.959 4.951 4.831
0.00024632 -1.80000 10.10000 0.6805557013 2.3683773063    0.680 -0.232  3.7749  4.555    1  0.000  0.541     0.00     0.00     0.00     0.00     0.00 -1 -3.55e-15      0.00 8.313e-01 1.686e-01 3.426e-05 9.276e-06 8.437e-05 -1.000 1.771e-04 5.351 8.243 7.327 6.479 5.893 5.576 6.012 6.046 5.885 5.523 5.438 5.325 5.241 5.086 5.051 4.843 4.836 4.720
0.00024632 -1.80000 10.10000 0.6902530193 2.3732171471    0.690 -0.182  3.7800  4.530    1  0.000  0.541     0.00     0.00     0.00     0.00     0.00 -1 -5.39e-17      0.00 8.367e-01 1.631e-01 3.336e-05 9.035e-06 8.221e-05 -1.000 2.085e-04 5.224 8.008 7.063 6.262 5.715 5.416 5.858 5.897 5.742 5.393 5.311 5.201 5.119 4.967 4.933 4.731 4.724 4.612
0.00024632 -1.80000 10.10000 0.6992673278 2.3775779348    0.699 -0.133  3.7846  4.505    1  0.000  0.540     0.00     0.00     0.00     0.00     0.00 -1 -3.58e-14      0.00 8.422e-01 1.576e-01 3.247e-05 8.799e-06 8.009e-05 -1.000 2.225e-04 5.101 7.786 6.830 6.068 5.554 5.269 5.714 5.756 5.605 5.268 5.187 5.080 5.000 4.852 4.819 4.621 4.615 4.507
0.00024632 -1.80000 10.10000 0.7000000477 2.3779267258    0.700 -0.129  3.7849  4.503    1  0.000  0.540     0.00     0.00     0.00     0.00     0.00 -1 -6.23e-14      0.00 8.426e-01 1.572e-01 3.239e-05 8.779e-06 7.991e-05 -1.000 2.228e-04 5.091 7.768 6.812 6.052 5.541 5.257 5.702 5.744 5.594 5.257 5.177 5.070 4.990 4.843 4.810 4.612 4.606 4.499
0.00024632 -1.80000 10.10000 0.7007863522 2.3783000913    0.700 -0.124  3.7853  4.501    1  0.000  0.540     0.00     0.00     0.00     0.00     0.00 -1 -6.31e-14      0.00 8.431e-01 1.567e-01 3.231e-05 8.759e-06 7.973e-05 -1.000 2.215e-04 5.081 7.749 6.792 6.035 5.527 5.245 5.689 5.732 5.582 5.246 5.166 5.060 4.980 4.833 4.800 4.603 4.596 4.489
0.00024632 -1.80000 10.10000 0.7091370821 2.3822066352    0.709 -0.076  3.7893  4.474    1  0.000  0.538     0.00     0.00     0.00     0.00     0.00 -1 -7.23e-14      0.00 8.480e-01 1.518e-01 3.146e-05 8.551e-06 7.788e-05 -1.000 2.082e-04 4.959 7.543 6.579 5.855 5.374 5.105 5.549 5.593 5.448 5.122 5.044 4.940 4.862 4.718 4.686 4.493 4.487 4.383
0.00024632 -1.80000 10.10000 0.7173830271 2.3859617077    0.717 -0.025  3.7932  4.444    1  0.000  0.536     0.00     0.00     0.00     0.00     0.00 -1 -8.36e-14      0.00 8.525e-01 1.474e-01 3.069e-05 8.363e-06 7.623e-05 -1.000 1.581e-04 4.833 7.337 6.372 5.677 5.221 4.965 5.405 5.450 5.309 4.993 4.916 4.815 4.739 4.598 4.567 4.378 4.372 4.272
0.00024632 -1.80000 10.10000 0.7244656682 2.3891086728    0.724  0.021  3.7965  4.415    1  0.000  0.535     0.00     0.00     0.00     0.00     0.00 -1 -9.55e-14      0.00 8.559e-01 1.439e-01 3.010e-05 8.222e-06 7.501e-05 -1.000 1.568e-04 4.718 7.157 6.193 5.522 5.086 4.840 5.276 5.321 5.184 4.876 4.800 4.702 4.626 4.489 4.458 4.272 4.267 4.169
0.00024632 -1.80000 10.10000 0.7313275337 2.3920907840    0.731  0.068  3.7995  4.384    1  0.000  0.533     0.00     0.00     0.00     0.00     0.00 -1  -1.7e-14      0.00 8.590e-01 1.408e-01 2.959e-05 8.102e-06 7.395e-05 -1.000 1.962e-04 4.600 6.979 6.016 5.368 4.951 4.714 5.144 5.190 5.056 4.755 4.681 4.584 4.511 4.375 4.345 4.163 4.157 4.062
0.00024632 -1.80000 10.10000 0.7381902337 2.3950095789    0.738  0.118  3.8024  4.349    1  0.000  0.532     0.00     0.00     0.00     0.00     0.00 -1 -1.56e-17      0.00 8.618e-01 1.380e-01 2.914e-05 7.994e-06 7.302e-05 -1.000 2.075e-04 4.474 6.800 5.842 5.213 4.812 4.585 5.006 5.051 4.920 4.626 4.553 4.459 4.386 4.253 4.224 4.044 4.039 3.947
0.00024632 -1.80000 10.10000 0.7461202741 2.3983055457    0.745  0.182  3.8055  4.303    1  0.000  0.530     0.00     0.00     0.00     0.00     0.00 -1 -8.05e-15      0.00 8.647e-01 1.351e-01 2.867e-05 7.885e-06 7.208e-05 -1.000 1.819e-04 4.316 6.587 5.636 5.027 4.644 4.425 4.835 4.879 4.751 4.464 4.393 4.301 4.229 4.099 4.070 3.894 3.889 3.799
0.00024632 -1.80000 10.10000 0.7500000596 2.3998889329    0.749  0.214  3.8068  4.277    1  0.000  0.529     0.00     0.00     0.00     0.00     0.00 -1 -1.72e-13      0.00 8.661e-01 1.338e-01 2.845e-05 7.835e-06 7.166e-05 -1.000 1.455e-04 4.234 6.481 5.533 4.934 4.557 4.343 4.746 4.789 4.664 4.380 4.309 4.218 4.147 4.018 3.989 3.815 3.810 3.721
0.00024632 -1.80000 10.10000 0.7552273273 2.4019926882    0.754  0.262  3.8087  4.240    1  0.000  0.529     0.00     0.00     0.00     0.00     0.00 -1 -1.99e-13      0.00 8.667e-01 1.332e-01 2.843e-05 7.832e-06 7.165e-05 -1.000 1.468e-04 4.115 6.332 5.388 4.801 4.434 4.226 4.619 4.661 4.538 4.258 4.189 4.099 4.029 3.902 3.873 3.701 3.696 3.609
0.00024632 -1.80000 10.10000 0.7607449889 2.4041772841    0.760  0.315  3.8102  4.196    1  0.000  0.529     0.00     0.00     0.00     0.00     0.00 -1 -2.35e-13      0.00 8.660e-01 1.338e-01 2.862e-05 7.887e-06 7.215e-05 -1.000 1.498e-04 3.982 6.174 5.235 4.659 4.300 4.096 4.479 4.520 4.398 4.123 4.054 3.965 3.896 3.770 3.742 3.572 3.567 3.481
0.00024632 -1.80000 10.10000 0.7645252347 2.4056530739    0.764  0.354  3.8107  4.161    1  0.000  0.529     0.00     0.00     0.00     0.00     0.00 -1 -2.69e-13      0.00 8.652e-01 1.347e-01 2.881e-05 7.939e-06 7.263e-05 -1.000 1.522e-04 3.884 6.068 5.132 4.560 4.205 4.002 4.378 4.417 4.297 4.023 3.954 3.866 3.797 3.672 3.644 3.474 3.470 3.384
0.00024632 -1.80000 10.10000 0.7657487392 2.4061271363    0.765  0.368  3.8107  4.148    1  0.000  0.529     0.00     0.00     0.00     0.00     0.00 -1 -2.82e-13      0.00 8.649e-01 1.350e-01 2.887e-05 7.956e-06 7.278e-05 -1.000 1.527e-04 3.849 6.035 5.100 4.527 4.172 3.970 4.343 4.382 4.261 3.988 3.919 3.831 3.762 3.637 3.609 3.439 3.435 3.349
0.00024632 -1.80000 10.10000 0.7704900503 2.4079478738    0.769  0.426  3.8092  4.087    1  0.000  0.529     0.00     0.00     0.00     0.00     0.00 -1 -3.42e-13      0.00 8.638e-01 1.360e-01 2.911e-05 8.021e-06 7.339e-05 -1.000 1.549e-04 3.705 5.916 4.981 4.402 4.041 3.836 4.201 4.240 4.118 3.843 3.774 3.685 3.616 3.490 3.462 3.291 3.286 3.199
0.00024632 -1.80000 10.10000 0.7740800381 2.4093094348    0.773  0.476  3.8063  4.027    1  0.000  0.529     0.00     0.00     0.00     0.00     0.00 -1 -4.11e-13      0.00 8.630e-01 1.368e-01 2.929e-05 8.071e-06 7.384e-05 -1.000 1.565e-04 3.580 5.841 4.904 4.309 3.935 3.724 4.085 4.122 3.999 3.718 3.649 3.558 3.488 3.360 3.331 3.158 3.153 3.064
0.00024632 -1.80000 10.10000 0.7746907473 2.4095396123    0.773  0.485  3.8056  4.015    1  0.000  0.529     0.00     0.00     0.00     0.00     0.00 -1 -4.28e-13      0.00 8.629e-01 1.369e-01 2.932e-05 8.079e-06 7.392e-05 -1.000 1.568e-04 3.556 5.830 4.892 4.294 3.916 3.703 4.064 4.101 3.977 3.695 3.625 3.534 3.464 3.335 3.307 3.132 3.128 3.038
0.00024632 -1.80000 10.10000 0.7753232121 2.4097775500    0.774  0.496  3.8045  4.001    2  0.000  0.529     0.00     0.00     0.00     0.00     0.00 -1 -4.46e-13      0.00 8.628e-01 1.371e-01 2.935e-05 8.088e-06 7.400e-05 -1.000 1.571e-04 3.530 5.822 4.882 4.278 3.896 3.680 4.042 4.078 3.953 3.670 3.599 3.508 3.437 3.307 3.278 3.103 3.098 3.008
0.00024632 -1.80000 10.10000 0.7774502039 2.4105744741    0.776  0.535  3.7996  3.944    2  0.000  0.529     0.00     0.00     0.00     0.00     0.00 -1 -5.17e-13      0.00 8.623e-01 1.376e-01 2.946e-05 8.117e-06 7.427e-05 -1.000 1.581e-04 3.433 5.812 4.868 4.235 3.828 3.601 3.962 3.998 3.869 3.576 3.504 3.409 3.337 3.204 3.174 2.994 2.989 2.894
0.00024632 -1.80000 10.10000 0.7790777087 2.4111808762    0.778  0.569  3.7936  3.886    2  0.000  0.529     0.00     0.00     0.00     0.00     0.00 -1 -5.98e-13      0.00 8.617e-01 1.382e-01 2.963e-05 8.166e-06 7.472e-05 -1.000 1.588e-04 3.347 5.836 4.891 4.220 3.781 3.538 3.900 3.934 3.800 3.495 3.420 3.322 3.247 3.109 3.078 2.893 2.887 2.787
0.00024632 -1.80000 10.10000 0.7803524137 2.4116537956    0.779  0.601  3.7865  3.827    2  0.000  0.529     0.00     0.00     0.00     0.00     0.00 -1 -6.87e-13      0.00 8.600e-01 1.398e-01 3.009e-05 8.290e-06 7.584e-05 -1.000 1.754e-04 3.269 5.887 4.945 4.227 3.750 3.488 3.851 3.884 3.743 3.423 3.345 3.243 3.165 3.022 2.990 2.797 2.791 2.685
0.00024632 -1.80000 10.10000 0.7813801169 2.4120337849    0.780  0.629  3.7788  3.768    2  0.000  0.529     0.00     0.00     0.00     0.00     0.00 -1 -7.84e-13      0.00 8.510e-01 1.488e-01 3.205e-05 8.825e-06 8.069e-05 -1.000 1.884e-04 3.198 5.959 5.027 4.254 3.733 3.452 3.815 3.845 3.697 3.360 3.279 3.172 3.091 2.942 2.909 2.708 2.701 2.589
0.00024632 -1.80000 10.10000 0.7822423577 2.4123517095    0.781  0.655  3.7711  3.712    2  0.000  0.531     0.00     0.00     0.00     0.00     0.00 -1 -8.88e-13      0.00 8.318e-01 1.680e-01 3.534e-05 9.713e-06 8.867e-05 -1.000 1.949e-04 3.133 6.042 5.139 4.303 3.731 3.427 3.788 3.813 3.657 3.303 3.219 3.106 3.023 2.868 2.833 2.625 2.618 2.499
0.00024632 -1.80000 10.10000 0.7830029726 2.4126314943    0.781  0.682  3.7637  3.656    2  0.000  0.533     0.00     0.00     0.00     0.00     0.00 -1 -1.45e-13      0.00 8.069e-01 1.929e-01 3.896e-05 1.068e-05 9.735e-05 -1.000 2.078e-04 3.066 6.112 5.252 4.352 3.729 3.403 3.761 3.781 3.617 3.245 3.158 3.041 2.955 2.794 2.758 2.543 2.534 2.409
0.00024632 -1.80000 10.10000 0.7836776972 2.4128791624    0.782  0.711  3.7570  3.600    2  0.000  0.535     0.00     0.00     0.00     0.00     0.00 -1 -5.74e-14      0.00 7.906e-01 2.092e-01 4.134e-05 1.132e-05 1.030e-04 -1.000 1.966e-04 2.992 6.156 5.353 4.391 3.718 3.372 3.726 3.740 3.569 3.181 3.091 2.969 2.881 2.715 2.677 2.455 2.446 2.315
0.00024632 -1.80000 10.10000 0.7843459249 2.4131239629    0.783  0.749  3.7509  3.538    2  0.000  0.536     0.00     0.00     0.00     0.00     0.00 -1 -7.52e-14      0.00 7.805e-01 2.193e-01 4.285e-05 1.172e-05 1.066e-04 -1.000 2.446e-04 2.897 6.160 5.421 4.401 3.683 3.319 3.667 3.675 3.497 3.095 3.002 2.877 2.786 2.615 2.576 2.348 2.339 2.202
0.00024632 -1.80000 10.10000 0.7848733068 2.4133168272    0.783  0.787  3.7468  3.484    2  0.000  0.536     0.00     0.00     0.00     0.00     0.00 -1 -9.53e-14      0.00 7.754e-01 2.244e-01 4.362e-05 1.193e-05 1.085e-04 -1.000 2.553e-04 2.803 6.127 5.442 4.382 3.632 3.256 3.598 3.602 3.420 3.007 2.913 2.784 2.692 2.518 2.478 2.246 2.236 2.096
0.00024632 -1.80000 10.10000 0.7852338552 2.4134485087    0.783  0.816  3.7443  3.445    2  0.000  0.536     0.00     0.00     0.00     0.00     0.00 -1 -1.13e-13      0.00 7.726e-01 2.271e-01 4.402e-05 1.204e-05 1.094e-04 -1.000 2.455e-04 2.730 6.092 5.444 4.358 3.587 3.204 3.541 3.542 3.357 2.939 2.843 2.713 2.620 2.444 2.404 2.169 2.159 2.017
0.00024632 -1.80000 10.10000 0.7853983641 2.4135085454    0.784  0.831  3.7434  3.427    3  0.000  0.536     0.00     0.00     0.00     0.00     0.00 -1 -1.23e-13      0.00 7.717e-01 2.281e-01 4.416e-05 1.207e-05 1.098e-04 -1.000 1.979e-04 2.693 6.069 5.435 4.339 3.561 3.175 3.510 3.510 3.324 2.903 2.807 2.677 2.583 2.407 2.366 2.130 2.120 1.977
0.00024632 -1.80000 10.10000 0.7858399749 2.4136695661    0.784  0.873  3.7411  3.376    3  0.000  0.537     0.00     0.00     0.00     0.00     0.00 -1 -1.54e-13      0.00 7.692e-01 2.305e-01 4.450e-05 1.216e-05 1.106e-04 -1.000 2.660e-04 2.588 5.998 5.397 4.277 3.481 3.089 3.419 3.417 3.228 2.802 2.706 2.574 2.479 2.301 2.260 2.022 2.012 1.867
0.00024632 -1.80000 10.10000 0.7863231301 2.4138454965    0.784  0.922  3.7389  3.318    3  0.000  0.537     0.00     0.00     0.00     0.00     0.00 -1    -2e-13      0.00 7.669e-01 2.329e-01 4.479e-05 1.224e-05 1.113e-04 -1.000 2.571e-04 2.465 5.905 5.342 4.200 3.386 2.988 3.311 3.305 3.114 2.683 2.585 2.452 2.357 2.177 2.135 1.895 1.885 1.737
0.00024632 -1.80000 10.10000 0.7867334485 2.4139947099    0.785  0.967  3.7372  3.266    3  0.000  0.537     0.00     0.00     0.00     0.00     0.00 -1 -2.52e-13      0.00 7.650e-01 2.347e-01 4.499e-05 1.230e-05 1.118e-04 -1.000 2.562e-04 2.352 5.813 5.282 4.123 3.296 2.893 3.210 3.202 3.009 2.573 2.475 2.341 2.245 2.064 2.022 1.780 1.770 1.621
0.00024632 -1.80000 10.10000 0.7871257067 2.4141371884    0.785  1.013  3.7356  3.214    3  0.000  0.537     0.00     0.00     0.00     0.00     0.00 -1 -3.17e-13      0.00 7.634e-01 2.363e-01 4.515e-05 1.234e-05 1.122e-04 -1.000 2.670e-04 2.237 5.719 5.218 4.042 3.202 2.795 3.106 3.096 2.901 2.462 2.363 2.228 2.132 1.950 1.907 1.664 1.653 1.502
0.00024632 -1.80000 10.10000 0.7875242233 2.4142817730    0.785  1.063  3.7340  3.158    3  0.000  0.537     0.00     0.00     0.00     0.00     0.00 -1 -4.05e-13      0.00 7.617e-01 2.380e-01 4.530e-05 1.238e-05 1.125e-04 -1.000 2.670e-04 2.112 5.615 5.144 3.952 3.098 2.687 2.992 2.980 2.783 2.340 2.241 2.105 2.008 1.825 1.782 1.537 1.526 1.374
0.00024632 -1.80000 10.10000 0.7878904939 2.4144145101    0.786  1.113  3.7325  3.102    3  0.000  0.537     0.00     0.00     0.00     0.00     0.00 -1 -5.15e-13      0.00 7.602e-01 2.395e-01 4.540e-05 1.242e-05 1.128e-04 -1.000 2.631e-04 1.988 5.509 5.065 3.858 2.993 2.579 2.878 2.864 2.665 2.219 2.119 1.982 1.885 1.701 1.658 1.411 1.400 1.246
0.00024632 -1.80000 10.10000 0.7882193923 2.4145335826    0.786  1.161  3.7310  3.048    3  0.000  0.536     0.00     0.00     0.00     0.00     0.00 -1 -6.46e-13      0.00 7.589e-01 2.408e-01 4.547e-05 1.245e-05 1.130e-04 -1.000 2.566e-04 1.867 5.407 4.989 3.767 2.891 2.472 2.767 2.751 2.550 2.101 2.001 1.863 1.765 1.580 1.536 1.288 1.277 1.122
0.00024632 -1.80000 10.10000 0.7885070443 2.4146376289    0.786  1.207  3.7296  2.997    3  0.000  0.536     0.00     0.00     0.00     0.00     0.00 -1 -7.99e-13      0.00 7.578e-01 2.420e-01 4.550e-05 1.248e-05 1.132e-04 -1.000 2.550e-04 1.752 5.309 4.918 3.681 2.794 2.372 2.662 2.644 2.442 1.989 1.888 1.749 1.651 1.465 1.421 1.172 1.160 1.004
0.00024632 -1.80000 10.10000 0.7887873054 2.4147389179    0.786  1.256  3.7281  2.942    3  0.000  0.535     0.00     0.00     0.00     0.00     0.00 -1 -9.96e-13      0.00 7.566e-01 2.431e-01 4.550e-05 1.252e-05 1.134e-04 -1.000 2.676e-04 1.630 5.205 4.851 3.596 2.695 2.269 2.550 2.530 2.326 1.870 1.769 1.629 1.530 1.343 1.299 1.048 1.037 0.879
0.00024632 -1.80000 10.10000 0.7890562415 2.4148360361    0.786  1.307  3.7266  2.885    3  0.000  0.534     0.00     0.00     0.00     0.00     0.00 -1 -1.25e-12      0.00 7.557e-01 2.440e-01 4.546e-05 1.256e-05 1.135e-04 -1.000 2.609e-04 1.502 5.094 4.779 3.505 2.590 2.159 2.433 2.410 2.205 1.745 1.643 1.503 1.403 1.215 1.171 0.918 0.907 0.747
0.00024632 -1.80000 10.10000 0.7892817259 2.4149174044    0.786  1.354  3.7251  2.832    3  0.000  0.533     0.00     0.00     0.00     0.00     0.00 -1 -1.53e-12      0.00 7.549e-01 2.448e-01 4.540e-05 1.262e-05 1.136e-04 -1.000 2.436e-04 1.385 4.995 4.717 3.425 2.495 2.061 2.327 2.302 2.095 1.631 1.529 1.387 1.288 1.099 1.054 0.800 0.788 0.627
0.00024632 -1.80000 10.10000 0.7894874215 2.4149915851    0.787  1.401  3.7236  2.779    3  0.000  0.532     0.00     0.00     0.00     0.00     0.00 -1 -1.87e-12      0.00 7.543e-01 2.454e-01 4.533e-05 1.268e-05 1.137e-04 -1.000 2.596e-04 1.268 4.896 4.655 3.344 2.401 1.962 2.222 2.194 1.985 1.518 1.415 1.273 1.172 0.982 0.937 0.682 0.670 0.507
0.00024632 -1.80000 10.10000 0.7896809578 2.4150613402    0.787  1.449  3.7221  2.725    3  0.000  0.531     0.00     0.00     0.00     0.00     0.00 -1  -2.3e-12      0.00 7.538e-01 2.460e-01 4.526e-05 1.275e-05 1.137e-04 -1.000 2.682e-04 1.148 4.794 4.589 3.260 2.302 1.859 2.113 2.082 1.872 1.401 1.298 1.154 1.054 0.863 0.817 0.560 0.548 0.384
0.00024632 -1.80000 10.10000 0.7898519635 2.4151229420    0.787  1.495  3.7205  2.672    3  0.000  0.530     0.00     0.00     0.00     0.00     0.00 -1 -2.79e-12      0.00 7.534e-01 2.464e-01 4.520e-05 1.281e-05 1.138e-04 -1.000 2.682e-04 1.032 4.697 4.530 3.181 2.209 1.761 2.008 1.976 1.763 1.289 1.185 1.040 0.939 0.747 0.701 0.442 0.430 0.265
0.00024632 -1.80000 10.10000 0.7900146842 2.4151815308    0.787  1.544  3.7188  2.617    3  0.000  0.530     0.00     0.00     0.00     0.00     0.00 -1  -3.4e-12      0.00 7.531e-01 2.467e-01 4.514e-05 1.286e-05 1.138e-04 -1.000 2.682e-04 0.911 4.593 4.472 3.101 2.113 1.660 1.900 1.865 1.650 1.172 1.067 0.922 0.820 0.626 0.580 0.320 0.307 0.140
0.00024632 -1.80000 10.10000 0.7901581526 2.4152331646    0.786  1.591  3.7172  2.564    3  0.000  0.529     0.00     0.00     0.00     0.00     0.00 -1 -4.11e-12      0.00 7.529e-01 2.468e-01 4.511e-05 1.289e-05 1.138e-04 -1.000 2.680e-04 0.794 4.492 4.416 3.025 2.020 1.563 1.796 1.758 1.541 1.059 0.954 0.807 0.705 0.510 0.464 0.201 0.189 0.020
0.00024632 -1.80000 10.10000 0.7902858257 2.4152790956    0.786  1.636  3.7156  2.512    3  0.000  0.529     0.00     0.00     0.00     0.00     0.00 -1 -4.94e-12      0.00 7.528e-01 2.469e-01 4.509e-05 1.290e-05 1.138e-04 -1.000 2.664e-04 0.680 4.395 4.366 2.952 1.931 1.469 1.696 1.656 1.436 0.950 0.844 0.696 0.594 0.398 0.351 0.087 0.074 -0.096
0.00024632 -1.80000 10.10000 0.7904074788 2.4153228451    0.786  1.683  3.7139  2.458    3  0.000  0.529     0.00     0.00     0.00     0.00     0.00 -1 -5.96e-12      0.00 7.528e-01 2.469e-01 4.509e-05 1.291e-05 1.138e-04 -1.000 2.639e-04 0.562 4.297 4.327 2.888 1.845 1.377 1.593 1.549 1.328 0.836 0.729 0.581 0.477 0.280 0.233 -0.033 -0.046 -0.218
0.00024632 -1.80000 10.10000 0.7905175686 2.4153624227    0.786  1.730  3.7122  2.404    3  0.000  0.529     0.00     0.00     0.00     0.00     0.00 -1 -7.16e-12      0.00 7.528e-01 2.469e-01 4.509e-05 1.291e-05 1.138e-04 -1.000 2.640e-04 0.446 4.199 4.291 2.825 1.761 1.287 1.492 1.444 1.220 0.723 0.616 0.466 0.362 0.163 0.115 -0.152 -0.165 -0.338
0.00024632 -1.80000 10.10000 0.7906145453 2.4153972756    0.786  1.774  3.7105  2.353    3  0.000  0.529     0.00     0.00     0.00     0.00     0.00 -1 -8.54e-12      0.00 7.528e-01 2.469e-01 4.509e-05 1.291e-05 1.138e-04 -1.000 2.640e-04 0.334 4.107 4.260 2.768 1.681 1.201 1.396 1.344 1.117 0.615 0.507 0.356 0.251 0.051 0.003 -0.266 -0.280 -0.454
0.00024632 -1.80000 10.10000 0.7907036543 2.4154292923    0.786  1.819  3.7087  2.301    3  0.000  0.529     0.00     0.00     0.00     0.00     0.00 -1 -1.25e-13      0.00 7.528e-01 2.469e-01 4.509e-05 1.291e-05 1.138e-04 -1.000 2.640e-04 0.222 4.013 4.236 2.715 1.604 1.117 1.301 1.246 1.015 0.508 0.399 0.247 0.141 -0.060 -0.109 -0.380 -0.393 -0.570
0.00024632 -1.80000 10.10000 0.7907898426 2.4154602516    0.786  1.866  3.7070  2.247    3  0.000  0.529     0.00     0.00     0.00     0.00     0.00 -1 -2.14e-14      0.00 7.528e-01 2.470e-01 4.509e-05 1.292e-05 1.138e-04 -1.000 2.641e-04 0.105 3.914 4.209 2.658 1.523 1.030 1.202 1.142 0.909 0.396 0.286 0.133 0.026 -0.176 -0.225 -0.498 -0.512 -0.691
0.00024632 -1.80000 10.10000 0.7908653021 2.4154873508    0.785  1.911  3.7051  2.195    3  0.000  0.529     0.00     0.00     0.00     0.00     0.00 -1 -2.62e-14      0.00 7.528e-01 2.470e-01 4.509e-05 1.292e-05 1.138e-04 -1.000 2.641e-04 -0.006 3.820 4.190 2.609 1.448 0.948 1.109 1.045 0.809 0.290 0.179 0.024 -0.083 -0.287 -0.337 -0.612 -0.626 -0.806
0.00024632 -1.80000 10.10000 0.7909347415 2.4155122827    0.785  1.955  3.7033  2.143    3  0.000  0.529     0.00     0.00     0.00     0.00     0.00 -1 -3.18e-14      0.00 7.528e-01 2.470e-01 4.509e-05 1.292e-05 1.138e-04 -1.000 2.642e-04 -0.117 3.726 4.172 2.559 1.374 0.866 1.017 0.949 0.709 0.184 0.072 -0.084 -0.192 -0.398 -0.447 -0.724 -0.739 -0.921
0.00024632 -1.80000 10.10000 0.7910004854 2.4155358832    0.785  2.000  3.7015  2.091    3  0.000  0.529     0.00     0.00     0.00     0.00     0.00 -1 -3.86e-14      0.00 7.528e-01 2.470e-01 4.509e-05 1.292e-05 1.138e-04 -1.000 2.642e-04 -0.231 3.629 4.149 2.506 1.296 0.782 0.922 0.850 0.606 0.075 -0.037 -0.195 -0.303 -0.510 -0.561 -0.840 -0.854 -1.038
0.00024632 -1.80000 10.10000 0.7910583615 2.4155566555    0.785  2.043  3.6996  2.040    3  0.000  0.529     0.00     0.00     0.00     0.00     0.00 -1 -4.62e-14      0.00 7.528e-01 2.470e-01 4.509e-05 1.292e-05 1.139e-04 -1.000 2.643e-04 -0.337 3.541 4.140 2.465 1.228 0.707 0.836 0.760 0.513 -0.025 -0.138 -0.297 -0.407 -0.616 -0.666 -0.948 -0.962 -1.148
0.00024632 -1.80000 10.10000 0.7911140323 2.4155766331    0.784  2.086  3.6978  1.990    3  0.000  0.529     0.00     0.00     0.00     0.00     0.00 -1 -5.52e-14      0.00 7.528e-01 2.470e-01 4.509e-05 1.292e-05 1.139e-04 -1.000 2.642e-04 -0.444 3.449 4.134 2.426 1.161 0.633 0.750 0.669 0.418 -0.126 -0.240 -0.401 -0.511 -0.721 -0.773 -1.056 -1.071 -1.258
0.00024632 -1.80000 10.10000 0.7911719084 2.4155973986    0.784  2.129  3.6961  1.940    3  0.000  0.529     0.00     0.00     0.00     0.00     0.00 -1 -6.62e-14      0.00 7.528e-01 2.470e-01 4.509e-05 1.292e-05 1.139e-04 -1.000 2.643e-04 -0.551 3.357 4.141 2.397 1.099 0.563 0.665 0.578 0.323 -0.227 -0.342 -0.505 -0.615 -0.828 -0.879 -1.165 -1.180 -1.369
0.00024632 -1.80000 10.10000 0.7912236452 2.4156159584    0.783  2.153  3.6951  1.911    3  0.000  0.529     0.00     0.00     0.00     0.00     0.00 -1 -7.49e-14      0.00 7.527e-01 2.470e-01 4.509e-05 1.292e-05 1.139e-04 -1.000 2.643e-04 -0.612 3.306 4.146 2.381 1.064 0.523 0.617 0.527 0.270 -0.285 -0.400 -0.563 -0.675 -0.888 -0.940 -1.226 -1.241 -1.432
0.00024632 -1.80000 10.10000 0.7912570834 2.4156279524    0.783  2.143  3.6958  1.924    3  0.000  0.529     0.00     0.00     0.00     0.00     0.00 -1 -7.53e-14      0.00 7.527e-01 2.470e-01 4.509e-05 1.292e-05 1.139e-04 -1.000 2.643e-04 -0.588 3.324 4.130 2.378 1.072 0.534 0.632 0.544 0.289 -0.263 -0.378 -0.541 -0.652 -0.864 -0.916 -1.202 -1.217 -1.407
0.00024632 -1.80000 10.10000 0.7912647128 2.4156306888    0.783  2.151  3.6954  1.914    3  0.000  0.529     0.00     0.00     0.00     0.00     0.00 -1 -7.76e-14      0.00 7.527e-01 2.470e-01 4.509e-05 1.292e-05 1.139e-04 -1.000 2.643e-04 -0.607 3.308 4.133 2.374 1.062 0.522 0.618 0.528 0.272 -0.281 -0.397 -0.559 -0.671 -0.883 -0.935 -1.222 -1.237 -1.427
0.00024632 -1.80000 10.10000 0.7913037539 2.4156446907    0.783  2.194  3.6935  1.864    3  0.000  0.529     0.00     0.00     0.00     0.00     0.00 -1 -9.09e-14      0.00 7.527e-01 2.470e-01 4.509e-05 1.292e-05 1.139e-04 -1.000 2.643e-04 -0.714 3.218 4.149 2.351 1.004 0.456 0.536 0.441 0.180 -0.381 -0.497 -0.662 -0.774 -0.988 -1.041 -1.329 -1.345 -1.537
0.00024632 -1.80000 10.10000 0.7913398743 2.4156576437    0.782  2.235  3.6916  1.815    3  0.000  0.529     0.00     0.00     0.00     0.00     0.00 -1 -1.06e-13      0.00 7.527e-01 2.470e-01 4.509e-05 1.292e-05 1.139e-04 -1.000 2.643e-04 -0.817 3.130 4.164 2.329 0.947 0.391 0.456 0.355 0.090 -0.478 -0.596 -0.762 -0.875 -1.091 -1.144 -1.435 -1.450 -1.645
0.00024632 -1.80000 10.10000 0.7913745642 2.4156700824    0.782  2.278  3.6896  1.764    3  0.000  0.529     0.00     0.00     0.00     0.00     0.00 -1 -1.25e-13      0.00 7.527e-01 2.470e-01 4.509e-05 1.292e-05 1.139e-04 -1.000 2.643e-04 -0.924 3.040 4.186 2.311 0.891 0.327 0.376 0.269 -0.001 -0.577 -0.696 -0.864 -0.978 -1.196 -1.249 -1.543 -1.558 -1.755
0.00024632 -1.80000 10.10000 0.7914038301 2.4156805753    0.781  2.316  3.6877  1.718    3  0.000  0.529     0.00     0.00     0.00     0.00     0.00 -1 -1.45e-13      0.00 7.527e-01 2.470e-01 4.509e-05 1.292e-05 1.139e-04 -1.000 2.644e-04 -1.020 2.958 4.211 2.299 0.844 0.272 0.306 0.193 -0.082 -0.666 -0.786 -0.955 -1.070 -1.290 -1.344 -1.639 -1.655 -1.854
0.00024632 -1.80000 10.10000 0.7914320230 2.4156906826    0.781  2.356  3.6859  1.670    3  0.000  0.529     0.00     0.00     0.00     0.00     0.00 -1 -1.68e-13      0.00 7.527e-01 2.470e-01 4.509e-05 1.292e-05 1.139e-04 -1.000 2.643e-04 -1.119 2.873 4.234 2.287 0.795 0.214 0.233 0.114 -0.166 -0.758 -0.878 -1.049 -1.165 -1.386 -1.441 -1.739 -1.755 -1.956
0.00024632 -1.80000 10.10000 0.7914571762 2.4156996995    0.780  2.393  3.6840  1.625    3  0.000  0.529     0.00     0.00     0.00     0.00     0.00 -1 -1.93e-13      0.00 7.527e-01 2.470e-01 4.509e-05 1.292e-05 1.139e-04 -1.000 2.644e-04 -1.213 2.793 4.234 2.301 0.773 0.182 0.176 0.046 -0.241 -0.845 -0.967 -1.140 -1.257 -1.480 -1.535 -1.835 -1.852 -2.054
0.00024632 -1.80000 10.10000 0.7914806604 2.4157081175    0.779  2.431  3.6821  1.579    3  0.000  0.529     0.00     0.00     0.00     0.00     0.00 -1 -2.22e-13      0.00 7.527e-01 2.470e-01 4.509e-05 1.292e-05 1.139e-04 -1.000 2.644e-04 -1.307 2.713 4.234 2.319 0.753 0.152 0.120 -0.021 -0.317 -0.932 -1.056 -1.231 -1.349 -1.574 -1.630 -1.932 -1.949 -2.153
0.00024632 -1.80000 10.10000 0.7915025949 2.4157159794    0.779  2.469  3.6802  1.534    3  0.000  0.529     0.00     0.00     0.00     0.00     0.00 -1 -2.54e-13      0.00 7.527e-01 2.470e-01 4.509e-05 1.292e-05 1.139e-04 -1.000 2.644e-04 -1.401 2.634 4.239 2.341 0.736 0.124 0.066 -0.087 -0.391 -1.019 -1.145 -1.322 -1.441 -1.668 -1.724 -2.029 -2.046 -2.252
0.00024632 -1.80000 10.10000 0.7915269136 2.4157246954    0.778  2.513  3.6779  1.479    3  0.000  0.529     6.94     5.51     3.91     3.02     2.44  3 -2.99e-13      0.00 7.527e-01 2.470e-01 4.509e-05 1.292e-05 1.139e-04 -1.000 2.644e-04 -1.513 2.540 4.256 2.385 0.726 0.102 0.009 -0.159 -0.475 -1.121 -1.248 -1.428 -1.550 -1.780 -1.836 -2.143 -2.161 -2.369
0.00024632 -1.80000 10.10000 0.7915453315 2.4157312960    0.777  2.549  3.6760  1.435    3  0.000  0.529     7.61     5.96     4.21     3.26     2.64  3  -3.4e-13      0.00 7.527e-01 2.470e-01 4.509e-05 1.292e-05 1.139e-04 -1.000 2.645e-04 -1.604 2.463 4.274 2.426 0.723 0.089 -0.034 -0.215 -0.541 -1.202 -1.331 -1.514 -1.637 -1.869 -1.926 -2.236 -2.254 -2.465
0.00024632 -1.80000 10.10000 0.7915656567 2.4157385798    0.776  2.592  3.6738  1.383    3  0.000  0.529     8.51     6.55     4.61     3.58     2.89  3 -3.96e-13      0.00 7.527e-01 2.470e-01 4.509e-05 1.292e-05 1.139e-04 -1.000 2.645e-04 -1.711 2.374 4.304 2.486 0.726 0.080 -0.079 -0.277 -0.616 -1.296 -1.429 -1.615 -1.740 -1.975 -2.033 -2.346 -2.364 -2.577
0.00024632 -1.80000 10.10000 0.7915843725 2.4157452865    0.775  2.635  3.6714  1.330    3  0.000  0.529     9.50     7.20     5.05     3.92     3.17  3  -4.6e-13      0.00 7.527e-01 2.470e-01 4.509e-05 1.292e-05 1.139e-04 -1.000 2.644e-04 -1.817 2.285 4.341 2.555 0.736 0.079 -0.118 -0.335 -0.688 -1.389 -1.525 -1.715 -1.842 -2.080 -2.139 -2.456 -2.474 -2.690
0.00024632 -1.80000 10.10000 0.7916023731 2.4157517365    0.774  2.679  3.6691  1.276    3  0.000  0.529    10.65     7.93     5.54     4.31     3.49  3 -5.36e-13      0.00 7.527e-01 2.470e-01 4.509e-05 1.292e-05 1.139e-04 -1.000 2.645e-04 -1.927 2.194 4.385 2.633 0.752 0.084 -0.153 -0.390 -0.759 -1.484 -1.622 -1.816 -1.946 -2.188 -2.248 -2.568 -2.586 -2.806
0.00024632 -1.80000 10.10000 0.7916172743 2.4157570757    0.773  2.718  3.6668  1.228    3  0.000  0.529    11.80     8.66     6.02     4.69     3.80  3 -6.15e-13      0.00 7.527e-01 2.470e-01 4.509e-05 1.292e-05 1.139e-04 -1.000 2.645e-04 -2.024 2.114 4.433 2.716 0.777 0.098 -0.178 -0.434 -0.818 -1.566 -1.707 -1.905 -2.037 -2.283 -2.343 -2.667 -2.686 -2.908
0.00024632 -1.80000 10.10000 0.7916321754 2.4157624146    0.772  2.759  3.6645  1.176    3  0.000  0.529    13.17     9.50     6.58     5.13     4.16  2 -7.11e-13      0.00 7.527e-01 2.470e-01 4.509e-05 1.292e-05 1.139e-04 -1.000 2.644e-04 -2.128 2.028 4.486 2.808 0.805 0.116 -0.201 -0.479 -0.880 -1.653 -1.798 -2.001 -2.135 -2.385 -2.446 -2.774 -2.793 -3.018
0.00024632 -1.80000 10.10000 0.7916452885 2.4157671127    0.770  2.798  3.6621  1.127    3  0.000  0.529    14.61    10.38     7.16     5.59     4.53  2 -8.14e-13      0.00 7.527e-01 2.470e-01 4.509e-05 1.292e-05 1.139e-04 -1.000 2.644e-04 -2.226 1.949 4.546 2.909 0.843 0.145 -0.214 -0.514 -0.934 -1.733 -1.882 -2.089 -2.226 -2.480 -2.542 -2.874 -2.893 -3.121
0.00024632 -1.80000 10.10000 0.7916573882 2.4157714476    0.769  2.837  3.6599  1.078    3  0.000  0.529    16.18    11.33     7.78     6.09     4.93  2  -9.3e-13      0.00 7.527e-01 2.470e-01 4.509e-05 1.292e-05 1.139e-04 -1.000 2.645e-04 -2.323 1.870 4.606 3.010 0.883 0.177 -0.223 -0.546 -0.984 -1.811 -1.964 -2.176 -2.315 -2.574 -2.637 -2.973 -2.993 -3.224
0.00024632 -1.80000 10.10000 0.7916687727 2.4157755261    0.767  2.876  3.6576  1.030    3  0.000  0.529    17.94    12.37     8.46     6.63     5.37  2 -1.06e-12      0.00 7.527e-01 2.470e-01 4.509e-05 1.292e-05 1.139e-04 -1.000 2.645e-04 -2.419 1.791 4.663 3.114 0.926 0.213 -0.227 -0.573 -1.031 -1.886 -2.042 -2.260 -2.402 -2.665 -2.729 -3.070 -3.090 -3.324
0.00024632 -1.80000 10.10000 0.7916787863 2.4157791134    0.766  2.912  3.6554  0.984    3  0.000  0.529    19.76    13.43     9.15     7.18     5.82  2  -1.2e-12      0.00 7.527e-01 2.470e-01 4.509e-05 1.292e-05 1.139e-04 -1.000 2.645e-04 -2.510 1.714 4.720 3.169 0.931 0.212 -0.251 -0.611 -1.082 -1.956 -2.116 -2.337 -2.482 -2.749 -2.814 -3.159 -3.179 -3.417
0.00024632 -1.80000 10.10000 0.7916885614 2.4157826151    0.764  2.950  3.6531  0.936    3  0.000  0.529    21.86    14.63     9.93     7.80     6.32  2 -1.37e-12      0.00 7.527e-01 2.470e-01 4.509e-05 1.293e-05 1.139e-04 -1.000 2.646e-04 -2.604 1.634 4.779 3.230 0.940 0.214 -0.269 -0.644 -1.130 -2.027 -2.190 -2.417 -2.563 -2.835 -2.901 -3.252 -3.272 -3.514
0.00024632 -1.80000 10.10000 0.7916971445 2.4157856897    0.762  2.985  3.6509  0.891    3  0.000  0.529    24.02    15.85    10.72     8.43     6.84  1 -1.54e-12      0.00 7.527e-01 2.470e-01 4.509e-05 1.293e-05 1.139e-04 -1.000 2.644e-04 -2.691 1.561 4.837 3.292 0.952 0.220 -0.282 -0.672 -1.173 -2.092 -2.258 -2.490 -2.638 -2.915 -2.982 -3.337 -3.358 -3.603
0.00024632 -1.80000 10.10000 0.7917051315 2.4157885508    0.760  3.019  3.6488  0.847    3  0.000  0.529    26.36    17.15    11.56     9.10     7.38  1 -1.73e-12      0.00 7.527e-01 2.470e-01 4.509e-05 1.293e-05 1.139e-04 -1.000 2.645e-04 -2.777 1.489 4.885 3.350 0.962 0.225 -0.297 -0.701 -1.216 -2.156 -2.325 -2.561 -2.712 -2.993 -3.061 -3.421 -3.442 -3.691
0.00024632 -1.80000 10.10000 0.7917130589 2.4157913904    0.758  3.055  3.6465  0.801    3  0.000  0.529    29.07    18.64    12.52     9.87     8.00  1 -1.96e-12      0.00 7.527e-01 2.470e-01 4.509e-05 1.293e-05 1.139e-04 -1.000 2.646e-04 -2.867 1.414 4.933 3.412 0.974 0.231 -0.311 -0.729 -1.260 -2.221 -2.393 -2.635 -2.788 -3.073 -3.143 -3.508 -3.530 -3.782
0.00024632 -1.80000 10.10000 0.7917197347 2.4157937816    0.756  3.087  3.6444  0.760    3  0.000  0.529    31.71    20.07    13.43    10.60     8.60  1 -2.18e-12      0.00 7.527e-01 2.470e-01 4.509e-05 1.293e-05 1.139e-04 -1.000 2.645e-04 -2.946 1.348 4.979 3.470 0.987 0.239 -0.322 -0.754 -1.297 -2.279 -2.453 -2.699 -2.854 -3.144 -3.215 -3.585 -3.607 -3.862
0.00024632 -1.80000 10.10000 0.7917266488 2.4157962582    0.754  3.121  3.6423  0.715    3  0.000  0.529    34.84    21.74    14.49    11.45     9.29  1 -2.45e-12      0.00 7.527e-01 2.470e-01 4.509e-05 1.293e-05 1.139e-04 -1.000 2.645e-04 -3.033 1.275 5.022 3.528 0.998 0.244 -0.336 -0.782 -1.340 -2.342 -2.520 -2.771 -2.928 -3.222 -3.294 -3.669 -3.691 -3.950
0.00024632 -1.80000 10.10000 0.7917327881 2.4157984571    0.751  3.154  3.6401  0.672    3  0.000  0.529    38.13    23.47    15.59    12.34    10.01  1 -2.74e-12      0.00 7.527e-01 2.470e-01 4.509e-05 1.293e-05 1.139e-04 -1.000 2.646e-04 -3.115 1.208 5.067 3.591 1.013 0.254 -0.343 -0.803 -1.375 -2.400 -2.580 -2.836 -2.995 -3.294 -3.368 -3.747 -3.770 -4.033
0.00024632 -1.80000 10.10000 0.7917386293 2.4158005493    0.749  3.186  3.6380  0.630    3  0.000  0.529    41.66    25.30    16.75    13.27    10.77  1 -3.06e-12      0.00 7.527e-01 2.470e-01 4.509e-05 1.293e-05 1.139e-04 -1.000 2.646e-04 -3.195 1.141 5.090 3.648 1.027 0.263 -0.346 -0.820 -1.407 -2.454 -2.637 -2.898 -3.059 -3.364 -3.438 -3.823 -3.846 -4.113
0.00024632 -1.80000 10.10000 0.7917442322 2.4158025561    0.746  3.218  3.6359  0.588    3  0.000  0.529    45.52    27.26    17.99    14.27    11.58  1 -3.41e-12      0.00 7.527e-01 2.470e-01 4.509e-05 1.293e-05 1.139e-04 -1.000 2.645e-04 -3.275 1.075 5.110 3.703 1.038 0.270 -0.350 -0.837 -1.439 -2.508 -2.694 -2.961 -3.124 -3.433 -3.509 -3.899 -3.923 -4.193
0.00024632 -1.80000 10.10000 0.7917493582 2.4158043920    0.743  3.248  3.6339  0.548    3  0.000  0.529    49.53    29.28    19.26    15.29    12.42  1 -3.78e-12      0.00 7.527e-01 2.470e-01 4.509e-05 1.293e-05 1.139e-04 -1.000 2.645e-04 -3.351 1.012 5.131 3.758 1.051 0.280 -0.352 -0.852 -1.468 -2.558 -2.748 -3.019 -3.184 -3.498 -3.575 -3.971 -3.995 -4.269
0.00024632 -1.80000 10.10000 0.7917550206 2.4158064201    0.739  3.280  3.6319  0.506    3  0.000  0.529    54.17    31.58    20.70    16.46    13.36  1 -4.25e-12      0.00 7.527e-01 2.470e-01 4.509e-05 1.293e-05 1.139e-04 -1.000 2.645e-04 -3.431 0.946 5.151 3.814 1.064 0.288 -0.355 -0.868 -1.499 -2.612 -2.804 -3.082 -3.249 -3.567 -3.646 -4.046 -4.071 -4.349
0.00024632 -1.80000 10.10000 0.7917550206 2.4158064201    0.728  1.680  3.8681  3.045    4  0.000  0.529     0.00     0.00     0.00     0.00     0.00 -1    -1e-30      0.00 7.513e-01 2.484e-01 4.560e-05 1.308e-05 1.151e-04 -1.000 2.681e-04 0.570 2.245 1.580 1.255 1.039 0.933 0.776 0.761 0.704 0.573 0.536 0.496 0.459 0.395 0.381 0.287 0.283 0.223
0.00024632 -1.80000 10.10000 0.7917581201 2.4158075302    0.728  1.690  3.8634  3.016    4  0.000  0.529     0.00     0.00     0.00     0.00     0.00 -1    -1e-30      0.00 7.513e-01 2.484e-01 4.560e-05 1.308e-05 1.151e-04 -1.000 2.682e-04 0.545 2.280 1.595 1.252 1.024 0.909 0.765 0.751 0.690 0.550 0.511 0.467 0.428 0.360 0.345 0.246 0.242 0.181
0.00024632 -1.80000 10.10000 0.7918099761 2.4158261011    0.729  1.702  3.8584  2.985    4  0.000  0.529     0.00     0.00     0.00     0.00     0.00 -1    -1e-30      0.00 7.513e-01 2.484e-01 4.560e-05 1.308e-05 1.151e-04 -1.000 2.683e-04 0.516 2.318 1.612 1.248 1.006 0.884 0.752 0.739 0.674 0.524 0.484 0.437 0.395 0.323 0.307 0.203 0.198 0.135
0.00024632 -1.80000 10.10000 0.7918624878 2.4158449040    0.729  1.702  3.8592  2.987    4  0.000  0.529     0.00     0.00     0.00     0.00     0.00 -1    -1e-30      0.00 7.513e-01 2.484e-01 4.560e-05 1.308e-05 1.151e-04 -1.000 2.681e-04 0.515 2.307 1.603 1.244 1.004 0.883 0.748 0.735 0.670 0.523 0.482 0.436 0.395 0.323 0.307 0.204 0.200 0.136
0.00024632 -1.80000 10.10000 0.7919160724 2.4158640881    0.729  1.702  3.8603  2.992    4  0.000  0.529     0.00     0.00     0.00     0.00     0.00 -1    -1e-30      0.00 7.513e-01 2.484e-01 4.560e-05 1.308e-05 1.151e-04 -1.000 2.681e-04 0.515 2.293 1.594 1.239 1.002 0.883 0.744 0.731 0.667 0.521 0.482 0.436 0.395 0.325 0.309 0.207 0.203 0.140
0.00024632 -1.80000 10.10000 0.7919692397 2.4158831198    0.729  1.702  3.8615  2.997    4  0.000  0.529     0.00     0.00     0.00     0.00     0.00 -1    -1e-30      0.00 7.513e-01 2.484e-01 4.560e-05 1.308e-05 1.151e-04 -1.000 2.681e-04 0.515 2.278 1.584 1.234 1.000 0.883 0.741 0.727 0.664 0.521 0.482 0.437 0.397 0.327 0.312 0.211 0.207 0.145
0.00024632 -1.80000 10.10000 0.7920191884 2.4159009968    0.729  1.702  3.8627  3.002    4  0.000  0.529     0.00     0.00     0.00     0.00     0.00 -1    -1e-30      0.00 7.513e-01 2.484e-01 4.560e-05 1.308e-05 1.151e-04 -1.000 2.681e-04 0.516 2.263 1.575 1.230 0.999 0.883 0.737 0.723 0.662 0.521 0.482 0.438 0.399 0.330 0.315 0.216 0.211 0.149
0.00024632 -1.80000 10.10000 0.7920683026 2.4159185725    0.729  1.701  3.8639  3.007    4  0.000  0.529     0.00     0.00     0.00     0.00     0.00 -1    -1e-30      0.00 7.513e-01 2.484e-01 4.560e-05 1.308e-05 1.151e-04 -1.000 2.681e-04 0.517 2.249 1.567 1.226 0.998 0.884 0.734 0.720 0.660 0.521 0.483 0.439 0.401 0.333 0.319 0.220 0.216 0.154
0.00024632 -1.80000 10.10000 0.7921179533 2.4159363377    0.729  1.701  3.8651  3.012    4  0.000  0.529     0.00     0.00     0.00     0.00     0.00 -1    -1e-30      0.00 7.513e-01 2.484e-01 4.560e-05 1.308e-05 1.151e-04 -1.000 2.681e-04 0.518 2.235 1.559 1.222 0.997 0.885 0.732 0.717 0.658 0.521 0.484 0.441 0.403 0.336 0.322 0.225 0.221 0.160
0.00024632 -1.80000 10.10000 0.7921699286 2.4159549319    0.729  1.701  3.8662  3.017    4  0.000  0.529     0.00     0.00     0.00     0.00     0.00 -1    -1e-30      0.00 7.513e-01 2.484e-01 4.560e-05 1.308e-05 1.151e-04 -1.000 2.681e-04 0.519 2.222 1.551 1.218 0.996 0.886 0.729 0.714 0.656 0.521 0.484 0.442 0.405 0.339 0.325 0.229 0.225 0.164
0.00024632 -1.80000 10.10000 0.7922211885 2.4159732674    0.729  1.700  3.8669  3.020    4  0.000  0.529     0.00     0.00     0.00     0.00     0.00 -1    -1e-30      0.00 7.513e-01 2.484e-01 4.560e-05 1.308e-05 1.151e-04 -1.000 2.682e-04 0.519 2.213 1.545 1.215 0.995 0.886 0.727 0.711 0.654 0.521 0.484 0.443 0.405 0.341 0.327 0.232 0.228 0.167
0.00024632 -1.80000 10.10000 0.7922739387 2.4159921331    0.729  1.701  3.8673  3.022    4  0.000  0.529     0.00     0.00     0.00     0.00     0.00 -1    -1e-30      0.00 7.513e-01 2.484e-01 4.560e-05 1.308e-05 1.151e-04 -1.000 2.681e-04 0.519 2.207 1.541 1.213 0.994 0.886 0.725 0.710 0.652 0.520 0.484 0.443 0.406 0.341 0.327 0.233 0.229 0.168
0.00024632 -1.80000 10.10000 0.7923262119 2.4160108254    0.729  1.701  3.8674  3.021    4  0.000  0.529     0.00     0.00     0.00     0.00     0.00 -1    -1e-30      0.00 7.513e-01 2.484e-01 4.560e-05 1.308e-05 1.151e-04 -1.000 2.681e-04 0.518 2.206 1.540 1.212 0.993 0.885 0.724 0.709 0.651 0.519 0.483 0.442 0.405 0.341 0.327 0.232 0.228 0.168
0.00024632 -1.80000 10.10000 0.7923779488 2.4160293231    0.729  1.701  3.8669  3.019    4  0.000  0.529     0.00     0.00     0.00     0.00     0.00 -1    -1e-30      0.00 7.513e-01 2.484e-01 4.560e-05 1.308e-05 1.151e-04 -1.000 2.681e-04 0.516 2.211 1.543 1.213 0.993 0.884 0.724 0.709 0.651 0.518 0.482 0.440 0.403 0.338 0.324 0.229 0.225 0.164
0.00024632 -1.80000 10.10000 0.7924280167 2.4160472215    0.729  1.702  3.8658  3.014    4  0.000  0.529     0.00     0.00     0.00     0.00     0.00 -1    -1e-30      0.00 7.513e-01 2.484e-01 4.560e-05 1.308e-05 1.151e-04 -1.000 2.681e-04 0.514 2.222 1.549 1.215 0.992 0.881 0.725 0.710 0.652 0.517 0.479 0.437 0.399 0.334 0.319 0.223 0.219 0.158
0.00024632 -1.80000 10.10000 0.7924498916 2.4160550405    0.729  1.703  3.8653  3.011    4  0.000  0.529     0.00     0.00     0.00     0.00     0.00 -1    -1e-30      0.00 7.513e-01 2.484e-01 4.560e-05 1.308e-05 1.151e-04 -1.000 2.681e-04 0.513 2.228 1.553 1.216 0.992 0.880 0.726 0.711 0.652 0.516 0.478 0.436 0.398 0.332 0.317 0.221 0.216 0.155
0.00024632 -1.80000 10.10000 0.7924613953 2.4160591523    0.729  1.703  3.8648  3.009    4  0.000  0.529     0.00     0.00     0.00     0.00     0.00 -1    -1e-30      0.00 7.513e-01 2.484e-01 4.560e-05 1.308e-05 1.151e-04 -1.000 2.681e-04 0.512 2.233 1.555 1.218 0.992 0.880 0.727 0.712 0.652 0.515 0.478 0.435 0.397 0.330 0.316 0.218 0.214 0.153
0.00024632 -1.80000 10.10000 0.7925118208 2.4160771741    0.729  1.705  3.8627  2.999    4  0.000  0.529     0.00     0.00     0.00     0.00     0.00 -1    -1e-30      0.00 7.513e-01 2.484e-01 4.560e-05 1.308e-05 1.151e-04 -1.000 2.681e-04 0.508 2.256 1.569 1.223 0.992 0.876 0.729 0.715 0.654 0.513 0.474 0.430 0.391 0.323 0.307 0.208 0.204 0.142
0.00024632 -1.80000 10.10000 0.7925628424 2.4160954063    0.729  1.707  3.8600  2.986    4  0.000  0.529     0.00     0.00     0.00     0.00     0.00 -1    -1e-30      0.00 7.513e-01 2.484e-01 4.560e-05 1.308e-05 1.151e-04 -1.000 2.681e-04 0.504 2.287 1.587 1.230 0.992 0.872 0.733 0.720 0.656 0.510 0.470 0.424 0.383 0.313 0.297 0.194 0.190 0.127
0.00024632 -1.80000 10.10000 0.7926130295 2.4161133376    0.729  1.709  3.8566  2.970    4  0.000  0.529     0.00     0.00     0.00     0.00     0.00 -1    -1e-30      0.00 7.513e-01 2.484e-01 4.560e-05 1.308e-05 1.151e-04 -1.000 2.682e-04 0.498 2.325 1.612 1.241 0.992 0.867 0.739 0.727 0.660 0.508 0.466 0.418 0.376 0.302 0.286 0.179 0.175 0.110
0.00024632 -1.80000 10.10000 0.7926625013 2.4161310108    0.729  1.711  3.8528  2.953    4  0.000  0.529     0.00     0.00     0.00     0.00     0.00 -1    -1e-30      0.00 7.513e-01 2.484e-01 4.560e-05 1.308e-05 1.151e-04 -1.000 2.681e-04 0.491 2.367 1.641 1.253 0.993 0.861 0.745 0.734 0.665 0.505 0.462 0.411 0.367 0.290 0.273 0.162 0.157 0.091
0.00024632 -1.80000 10.10000 0.7927117348 2.4161485964    0.729  1.715  3.8481  2.931    4  0.000  0.529     0.00     0.00     0.00     0.00     0.00 -1    -1e-30      0.00 7.513e-01 2.484e-01 4.560e-05 1.308e-05 1.151e-04 -1.000 2.681e-04 0.484 2.420 1.676 1.269 0.994 0.854 0.753 0.744 0.671 0.502 0.457 0.403 0.357 0.275 0.257 0.141 0.137 0.068
0.00024632 -1.80000 10.10000 0.7927606106 2.4161660517    0.730  1.718  3.8430  2.907    4  0.000  0.529     0.00     0.00     0.00     0.00     0.00 -1    -1e-30      0.00 7.513e-01 2.484e-01 4.560e-05 1.308e-05 1.151e-04 -1.000 2.682e-04 0.475 2.478 1.717 1.287 0.996 0.846 0.763 0.755 0.678 0.499 0.452 0.394 0.346 0.260 0.241 0.119 0.114 0.043
0.00024632 -1.80000 10.10000 0.7928096056 2.4161835471    0.730  1.722  3.8373  2.881    4  0.000  0.529     0.00     0.00     0.00     0.00     0.00 -1    -1e-30      0.00 7.513e-01 2.484e-01 4.560e-05 1.308e-05 1.151e-04 -1.000 2.681e-04 0.465 2.543 1.764 1.308 0.998 0.838 0.774 0.768 0.686 0.496 0.446 0.385 0.334 0.243 0.222 0.094 0.089 0.015
0.00024632 -1.80000 10.10000 0.7928142548 2.4161852071    0.730  1.722  3.8368  2.878    4  0.000  0.529     0.00     0.00     0.00     0.00     0.00 -1    -1e-30      0.00 7.513e-01 2.484e-01 4.560e-05 1.308e-05 1.151e-04 -1.000 2.681e-04 0.465 2.550 1.769 1.310 0.999 0.838 0.775 0.769 0.686 0.496 0.446 0.384 0.333 0.241 0.221 0.091 0.087 0.012
0.00024632 -1.80000 10.10000 0.7928228378 2.4161882717    0.730  1.723  3.8357  2.873    4  0.000  0.529     0.00     0.00     0.00     0.00     0.00 -1    -1e-30      0.00 7.513e-01 2.484e-01 4.560e-05 1.308e-05 1.151e-04 -1.000 2.682e-04 0.463 2.562 1.778 1.314 0.999 0.836 0.777 0.772 0.688 0.496 0.445 0.382 0.331 0.238 0.217 0.087 0.082 0.007
0.00024632 -1.80000 10.10000 0.7928736806 2.4162064236    0.730  1.727  3.8294  2.843    4  0.000  0.529     0.00     0.00     0.00     0.00     0.00 -1    -1e-30      0.00 7.513e-01 2.484e-01 4.560e-05 1.308e-05 1.151e-04 -1.000 2.681e-04 0.452 2.636 1.833 1.339 1.002 0.827 0.789 0.786 0.697 0.493 0.439 0.372 0.317 0.219 0.197 0.060 0.055 -0.024
0.00024632 -1.80000 10.10000 0.7929232121 2.4162241047    0.730  1.732  3.8231  2.814    4  0.000  0.529     0.00     0.00     0.00     0.00     0.00 -1    -1e-30      0.00 7.513e-01 2.484e-01 4.560e-05 1.308e-05 1.151e-04 -1.000 2.681e-04 0.441 2.713 1.895 1.369 1.009 0.821 0.803 0.801 0.707 0.490 0.434 0.362 0.305 0.201 0.178 0.033 0.028 -0.054
0.00024632 -1.80000 10.10000 0.7929762006 2.4162430171    0.730  1.737  3.8160  2.780    4  0.000  0.529     0.00     0.00     0.00     0.00     0.00 -1    -1e-30      0.00 7.513e-01 2.484e-01 4.560e-05 1.308e-05 1.151e-04 -1.000 2.681e-04 0.427 2.802 1.969 1.405 1.016 0.814 0.819 0.819 0.718 0.487 0.427 0.351 0.291 0.180 0.156 0.003 -0.002 -0.089
0.00024632 -1.80000 10.10000 0.7930266261 2.4162610121    0.730  1.743  3.8089  2.746    4  0.000  0.529     0.00     0.00     0.00     0.00     0.00 -1    -1e-30      0.00 7.513e-01 2.484e-01 4.560e-05 1.308e-05 1.151e-04 -1.000 2.682e-04 0.414 2.885 2.041 1.439 1.022 0.805 0.836 0.838 0.731 0.484 0.421 0.340 0.276 0.160 0.134 -0.027 -0.032 -0.124
0.00024632 -1.80000 10.10000 0.7930749655 2.4162782600    0.730  1.748  3.8027  2.716    4  0.000  0.529     0.00     0.00     0.00     0.00     0.00 -1    -1e-30      0.00 7.513e-01 2.484e-01 4.560e-05 1.308e-05 1.151e-04 -1.000 2.681e-04 0.400 2.955 2.105 1.468 1.026 0.797 0.852 0.855 0.742 0.481 0.416 0.330 0.264 0.142 0.114 -0.053 -0.059 -0.155
0.00024632 -1.80000 10.10000 0.7931247950 2.4162960372    0.730  1.754  3.7960  2.683    4  0.000  0.529     0.00     0.00     0.00     0.00     0.00 -1    -1e-30      0.00 7.513e-01 2.484e-01 4.560e-05 1.308e-05 1.151e-04 -1.000 2.682e-04 0.385 3.032 2.181 1.503 1.033 0.789 0.870 0.874 0.754 0.478 0.410 0.319 0.249 0.121 0.093 -0.082 -0.088 -0.189
0.00024632 -1.80000 10.10000 0.7931737304 2.4163134929    0.730  1.760  3.7899  2.653    4  0.000  0.529     0.00     0.00     0.00     0.00     0.00 -1    -1e-30      0.00 7.513e-01 2.484e-01 4.560e-05 1.308e-05 1.151e-04 -1.000 2.681e-04 0.371 3.101 2.251 1.535 1.039 0.782 0.886 0.891 0.764 0.475 0.403 0.308 0.236 0.103 0.073 -0.109 -0.116 -0.221
0.00024632 -1.80000 10.10000 0.7932232618 2.4163311586    0.730  1.766  3.7842  2.624    4  0.000  0.529     0.00     0.00     0.00     0.00     0.00 -1    -1e-30      0.00 7.513e-01 2.484e-01 4.560e-05 1.308e-05 1.151e-04 -1.000 2.681e-04 0.355 3.164 2.319 1.568 1.046 0.776 0.900 0.905 0.773 0.470 0.396 0.297 0.222 0.084 0.053 -0.135 -0.142 -0.251
0.00024632 -1.80000 10.10000 0.7932727337 2.4163488006    0.730  1.773  3.7789  2.597    4  0.000  0.529     0.00     0.00     0.00     0.00     0.00 -1    -1e-30      0.00 7.513e-01 2.484e-01 4.560e-05 1.308e-05 1.151e-04 -1.000 2.681e-04 0.339 3.221 2.383 1.598 1.052 0.770 0.911 0.916 0.778 0.464 0.387 0.285 0.208 0.065 0.032 -0.161 -0.168 -0.282
0.00024632 -1.80000 10.10000 0.7933226228 2.4163665888    0.730  1.781  3.7734  2.566    4  0.000  0.529     0.00     0.00     0.00     0.00     0.00 -1    -1e-30      0.00 7.513e-01 2.484e-01 4.560e-05 1.308e-05 1.151e-04 -1.000 2.681e-04 0.317 3.284 2.462 1.636 1.061 0.767 0.921 0.924 0.781 0.453 0.374 0.267 0.188 0.041 0.007 -0.193 -0.200 -0.319
0.00024632 -1.80000 10.10000 0.7933325171 2.4163701164    0.730  1.779  3.7740  2.571    4  0.000  0.529     0.00     0.00     0.00     0.00     0.00 -1    -1e-30      0.00 7.513e-01 2.484e-01 4.560e-05 1.308e-05 1.151e-04 -1.000 2.681e-04 0.323 3.280 2.456 1.635 1.064 0.771 0.924 0.927 0.785 0.458 0.379 0.273 0.194 0.047 0.014 -0.185 -0.193 -0.310
0.00024632 -1.80000 10.10000 0.7933837175 2.4163883689    0.730  1.791  3.7678  2.534    4  0.000  0.529     0.00     0.00     0.00     0.00     0.00 -1    -1e-30      0.00 7.513e-01 2.484e-01 4.560e-05 1.308e-05 1.151e-04 -1.000 2.682e-04 0.293 3.344 2.541 1.675 1.069 0.763 0.929 0.931 0.782 0.440 0.358 0.248 0.167 0.015 -0.020 -0.226 -0.234 -0.357
0.00024632 -1.80000 10.10000 0.7934340835 2.4164063214    0.730  1.807  3.7615  2.492    4  0.000  0.529     0.00     0.00     0.00     0.00     0.00 -1    -1e-30      0.00 7.513e-01 2.484e-01 4.560e-05 1.308e-05 1.151e-04 -1.000 2.682e-04 0.251 3.396 2.625 1.709 1.066 0.742 0.924 0.924 0.769 0.412 0.327 0.212 0.128 -0.029 -0.065 -0.278 -0.287 -0.415
0.00024632 -1.80000 10.10000 0.7934765220 2.4164214461    0.730  1.836  3.7534  2.431    4  0.000  0.529     0.00     0.00     0.00     0.00     0.00 -1    -1e-30      0.00 7.513e-01 2.484e-01 4.560e-05 1.308e-05 1.151e-04 -1.000 2.681e-04 0.179 3.442 2.744 1.754 1.055 0.709 0.903 0.898 0.734 0.356 0.268 0.148 0.060 -0.104 -0.142 -0.363 -0.373 -0.508
0.00024632 -1.80000 10.10000 0.7934995294 2.4164296450    0.730  1.871  3.7453  2.364    4  0.000  0.529     0.00     0.00     0.00     0.00     0.00 -1    -1e-30      0.00 7.513e-01 2.484e-01 4.560e-05 1.308e-05 1.151e-04 -1.000 2.681e-04 0.092 3.468 2.862 1.796 1.037 0.667 0.868 0.858 0.684 0.286 0.194 0.068 -0.023 -0.193 -0.233 -0.464 -0.474 -0.616
0.00024632 -1.80000 10.10000 0.7935099006 2.4164333407    0.730  1.909  3.7379  2.297    4  0.000  0.529     0.00     0.00     0.00     0.00     0.00 -1    -1e-30      0.00 7.513e-01 2.484e-01 4.560e-05 1.308e-05 1.151e-04 -1.000 2.681e-04 -0.001 3.475 2.981 1.838 1.017 0.625 0.826 0.810 0.626 0.208 0.113 -0.018 -0.111 -0.288 -0.330 -0.568 -0.579 -0.727
0.00024632 -1.80000 10.10000 0.7935145497 2.4164349973    0.730  1.947  3.7314  2.232    4  0.000  0.529     0.00     0.00     0.00     0.00     0.00 -1    -1e-30      0.00 7.513e-01 2.484e-01 4.560e-05 1.308e-05 1.151e-04 -1.000 2.682e-04 -0.098 3.465 3.108 1.886 1.002 0.587 0.778 0.754 0.562 0.125 0.027 -0.108 -0.204 -0.386 -0.429 -0.675 -0.686 -0.841
0.00024632 -1.80000 10.10000 0.7935166955 2.4164357619    0.730  1.985  3.7262  2.173    4  0.000  0.529     0.00     0.00     0.00     0.00     0.00 -1    -1e-30      0.00 7.513e-01 2.484e-01 4.560e-05 1.308e-05 1.151e-04 -1.000 2.681e-04 -0.193 3.434 3.206 1.917 0.978 0.546 0.726 0.694 0.494 0.043 -0.058 -0.197 -0.295 -0.481 -0.525 -0.776 -0.788 -0.948
0.00024632 -1.80000 10.10000 0.7935175896 2.4164360805    0.730  2.009  3.7233  2.138    7  0.000  0.529     0.00     0.00     0.00     0.00     0.00 -1    -1e-30      0.00 7.513e-01 2.484e-01 4.560e-05 1.308e-05 1.151e-04 -1.000 2.681e-04 -0.253 3.407 3.256 1.929 0.958 0.516 0.690 0.653 0.449 -0.011 -0.113 -0.254 -0.353 -0.542 -0.587 -0.841 -0.853 -1.015
0.00024632 -1.80000 10.10000 0.7935186028 2.4164364416    0.730  2.049  3.7195  2.082    7  0.000  0.529     0.00     0.00     0.00     0.00     0.00 -1    -1e-30      0.00 7.513e-01 2.484e-01 4.560e-05 1.308e-05 1.151e-04 -1.000 2.681e-04 -0.353 3.351 3.308 1.928 0.915 0.460 0.623 0.580 0.370 -0.102 -0.205 -0.349 -0.450 -0.641 -0.687 -0.945 -0.958 -1.124
0.00024632 -1.80000 10.10000 0.7935194969 2.4164367602    0.730  2.088  3.7162  2.031    7  0.000  0.529     0.00     0.00     0.00     0.00     0.00 -1    -1e-30      0.00 7.513e-01 2.484e-01 4.560e-05 1.308e-05 1.151e-04 -1.000 2.681e-04 -0.449 3.289 3.355 1.926 0.873 0.406 0.558 0.509 0.293 -0.189 -0.294 -0.440 -0.542 -0.737 -0.783 -1.045 -1.058 -1.227
0.00024632 -1.80000 10.10000 0.7935203910 2.4164370787    0.730  2.121  3.7136  1.987    7  0.000  0.529     0.00     0.00     0.00     0.00     0.00 -1    -1e-30      0.00 7.513e-01 2.484e-01 4.560e-05 1.308e-05 1.151e-04 -1.000 2.681e-04 -0.532 3.233 3.390 1.920 0.835 0.358 0.500 0.446 0.226 -0.265 -0.371 -0.519 -0.622 -0.819 -0.866 -1.131 -1.144 -1.316
0.00024632 -1.80000 10.10000 0.7935212851 2.4164373973    0.730  2.148  3.7116  1.952    7  0.000  0.529     0.00     0.00     0.00     0.00     0.00 -1    -1e-30      0.00 7.513e-01 2.484e-01 4.560e-05 1.308e-05 1.151e-04 -1.000 2.681e-04 -0.601 3.187 3.423 1.919 0.804 0.320 0.451 0.394 0.169 -0.328 -0.435 -0.585 -0.689 -0.888 -0.935 -1.203 -1.216 -1.390
0.00024632 -1.80000 10.10000 0.7935225964 2.4164378646    0.730  2.177  3.7096  1.915    7  0.000  0.529     0.00     0.00     0.00     0.00     0.00 -1    -1e-30      0.00 7.513e-01 2.484e-01 4.560e-05 1.308e-05 1.151e-04 -1.000 2.681e-04 -0.673 3.136 3.454 1.915 0.771 0.279 0.400 0.338 0.110 -0.394 -0.503 -0.654 -0.759 -0.960 -1.008 -1.277 -1.291 -1.466
0.00024632 -1.80000 10.10000 0.7935250998 2.4164387566    0.730  2.158  3.7111  1.940    7  0.000  0.529     0.00     0.00     0.00     0.00     0.00 -1    -1e-30      0.00 7.513e-01 2.484e-01 4.560e-05 1.308e-05 1.151e-04 -1.000 2.682e-04 -0.624 3.168 3.423 1.912 0.790 0.304 0.432 0.373 0.149 -0.350 -0.458 -0.608 -0.712 -0.911 -0.959 -1.227 -1.240 -1.414
0.00024632 -1.80000 10.10000 0.7935292125 2.4164402220    0.730  2.130  3.7131  1.976    7  0.000  0.529     0.00     0.00     0.00     0.00     0.00 -1    -1e-30      0.00 7.513e-01 2.484e-01 4.560e-05 1.308e-05 1.151e-04 -1.000 2.681e-04 -0.555 3.215 3.393 1.914 0.821 0.343 0.481 0.426 0.205 -0.287 -0.393 -0.542 -0.646 -0.843 -0.890 -1.155 -1.169 -1.341
0.00024632 -1.80000 10.10000 0.7935542464 2.4164491417    0.730  2.151  3.7111  1.947    7  0.000  0.529     0.00     0.00     0.00     0.00     0.00 -1    -1e-30      0.00 7.513e-01 2.484e-01 4.560e-05 1.308e-05 1.151e-04 -1.000 2.681e-04 -0.607 3.184 3.436 1.925 0.805 0.319 0.449 0.390 0.165 -0.333 -0.441 -0.591 -0.696 -0.894 -0.942 -1.210 -1.223 -1.397
0.00024632 -1.80000 10.10000 0.7935694456 2.4164545569    0.730  2.182  3.7087  1.906    7  0.000  0.529     0.00     0.00     0.00     0.00     0.00 -1    -1e-30      0.00 7.513e-01 2.484e-01 4.560e-05 1.308e-05 1.151e-04 -1.000 2.681e-04 -0.685 3.131 3.484 1.931 0.775 0.279 0.397 0.333 0.103 -0.404 -0.513 -0.665 -0.771 -0.972 -1.020 -1.291 -1.304 -1.481
0.00024632 -1.80000 10.10000 0.7935878634 2.4164611185    0.730  2.223  3.7057  1.853    7  0.000  0.529     0.00     0.00     0.00     0.00     0.00 -1    -1e-30      0.00 7.513e-01 2.484e-01 4.560e-05 1.308e-05 1.151e-04 -1.000 2.681e-04 -0.788 3.057 3.545 1.937 0.735 0.226 0.328 0.256 0.021 -0.498 -0.608 -0.762 -0.869 -1.073 -1.122 -1.396 -1.410 -1.590
0.00024632 -1.80000 10.10000 0.7936066985 2.4164678284    0.730  2.269  3.7025  1.794    7  0.000  0.529     0.00     0.00     0.00     0.00     0.00 -1    -1e-30      0.00 7.513e-01 2.484e-01 4.560e-05 1.308e-05 1.151e-04 -1.000 2.681e-04 -0.903 2.971 3.607 1.940 0.686 0.165 0.249 0.169 -0.073 -0.603 -0.715 -0.873 -0.981 -1.187 -1.237 -1.515 -1.530 -1.712
0.00024632 -1.80000 10.10000 0.7936235666 2.4164738373    0.730  2.313  3.6996  1.739    7  0.000  0.529     0.00     0.00     0.00     0.00     0.00 -1    -1e-30      0.00 7.513e-01 2.484e-01 4.560e-05 1.308e-05 1.151e-04 -1.000 2.681e-04 -1.013 2.887 3.661 1.940 0.639 0.106 0.173 0.086 -0.163 -0.704 -0.817 -0.977 -1.087 -1.296 -1.347 -1.628 -1.642 -1.828
0.00024632 -1.80000 10.10000 0.7936385870 2.4164791877    0.730  2.356  3.6968  1.685    7  0.000  0.529     0.00     0.00     0.00     0.00     0.00 -1    -1e-30      0.00 7.514e-01 2.484e-01 4.559e-05 1.308e-05 1.151e-04 -1.000 2.596e-04 -1.119 2.803 3.717 1.944 0.597 0.052 0.101 0.006 -0.248 -0.800 -0.915 -1.077 -1.188 -1.400 -1.451 -1.736 -1.751 -1.940
0.00024632 -1.80000 10.10000 0.7936518192 2.4164839010    0.731  2.398  3.6941  1.632    7  0.000  0.529     0.00     0.00     0.00     0.00     0.00 -1    -1e-30      0.00 7.514e-01 2.483e-01 4.557e-05 1.309e-05 1.151e-04 -1.000 2.570e-04 -1.224 2.719 3.771 1.947 0.554 -0.002 0.030 -0.072 -0.333 -0.896 -1.012 -1.176 -1.288 -1.503 -1.555 -1.843 -1.858 -2.050
0.00024632 -1.80000 10.10000 0.7936634421 2.4164880409    0.731  2.439  3.6915  1.580    7  0.000  0.528     0.00     0.00     0.00     0.00     0.00 -1    -1e-30      0.00 7.514e-01 2.483e-01 4.549e-05 1.312e-05 1.151e-04 -1.000 2.570e-04 -1.328 2.636 3.823 1.950 0.511 -0.056 -0.040 -0.150 -0.417 -0.990 -1.108 -1.275 -1.388 -1.605 -1.658 -1.949 -1.964 -2.159
0.00024632 -1.80000 10.10000 0.7936736941 2.4164916923    0.731  2.480  3.6889  1.529    7  0.000  0.523     0.00     0.00     0.00     0.00     0.00 -1    -1e-30      0.00 7.514e-01 2.483e-01 4.518e-05 1.331e-05 1.151e-04 -1.000 2.578e-04 -1.431 2.552 3.877 1.956 0.470 -0.107 -0.108 -0.225 -0.499 -1.083 -1.202 -1.371 -1.486 -1.705 -1.759 -2.053 -2.069 -2.266
0.00024632 -1.80000 10.10000 0.7936830521 2.4164950253    0.731  2.522  3.6862  1.477    7  0.000  0.513     6.83     5.44     3.86     2.99     2.42  3    -1e-30      0.00 7.513e-01 2.484e-01 4.448e-05 1.399e-05 1.151e-04 -1.000 2.681e-04 -1.535 2.467 3.938 1.969 0.434 -0.154 -0.174 -0.300 -0.581 -1.175 -1.296 -1.467 -1.583 -1.805 -1.859 -2.157 -2.173 -2.374
0.00024632 -1.80000 10.10000 0.7936916351 2.4164980821    0.731  2.563  3.6836  1.425    7  0.000  0.500     7.63     5.98     4.22     3.28     2.65  3    -1e-30      0.00 7.513e-01 2.484e-01 4.345e-05 1.515e-05 1.151e-04 -1.000 2.682e-04 -1.638 2.382 3.970 2.016 0.429 -0.173 -0.226 -0.366 -0.657 -1.268 -1.391 -1.566 -1.683 -1.907 -1.963 -2.264 -2.280 -2.483
0.00024632 -1.80000 10.10000 0.7936996222 2.4165009267    0.731  2.604  3.6809  1.373    7  0.000  0.486     8.52     6.56     4.62     3.59     2.90  3    -1e-30      0.00 7.513e-01 2.485e-01 4.230e-05 1.652e-05 1.151e-04 -1.000 2.682e-04 -1.741 2.299 4.003 2.079 0.436 -0.180 -0.270 -0.426 -0.730 -1.361 -1.486 -1.664 -1.783 -2.011 -2.067 -2.371 -2.388 -2.594
0.00024632 -1.80000 10.10000 0.7937070131 2.4165035589    0.731  2.646  3.6782  1.321    7  0.000  0.474     9.52     7.21     5.05     3.93     3.18  3    -1e-30      0.00 7.512e-01 2.486e-01 4.123e-05 1.784e-05 1.151e-04 -1.000 2.126e-04 -1.845 2.215 4.046 2.156 0.453 -0.177 -0.307 -0.482 -0.800 -1.451 -1.580 -1.761 -1.883 -2.113 -2.170 -2.478 -2.495 -2.704
0.00024632 -1.80000 10.10000 0.7937141061 2.4165060849    0.731  2.687  3.6755  1.269    7  0.000  0.463    10.64     7.93     5.53     4.31     3.49  2    -1e-30      0.00 7.510e-01 2.487e-01 4.027e-05 1.901e-05 1.151e-04 -1.000 2.682e-04 -1.948 2.132 4.095 2.241 0.476 -0.167 -0.338 -0.533 -0.866 -1.540 -1.672 -1.857 -1.981 -2.215 -2.273 -2.585 -2.602 -2.814
0.00024632 -1.80000 10.10000 0.7937209010 2.4165085047    0.731  2.728  3.6729  1.217    7  0.000  0.454    11.87     8.70     6.04     4.72     3.82  2    -1e-30      0.00 7.509e-01 2.488e-01 3.944e-05 2.003e-05 1.151e-04 -1.000 2.681e-04 -2.050 2.050 4.150 2.335 0.505 -0.151 -0.363 -0.579 -0.929 -1.627 -1.762 -1.952 -2.078 -2.317 -2.375 -2.691 -2.709 -2.924
0.00024632 -1.80000 10.10000 0.7937273979 2.4165108183    0.731  2.769  3.6701  1.165    7  0.000  0.446    13.27     9.57     6.61     5.17     4.18  2    -1e-30      0.00 7.507e-01 2.490e-01 3.874e-05 2.089e-05 1.151e-04 -1.000 2.682e-04 -2.154 1.967 4.216 2.441 0.543 -0.125 -0.381 -0.620 -0.988 -1.714 -1.852 -2.046 -2.176 -2.418 -2.478 -2.798 -2.816 -3.034
0.00024632 -1.80000 10.10000 0.7937332988 2.4165129197    0.731  2.811  3.6673  1.112    7  0.000  0.438    14.86    10.53     7.25     5.67     4.59  2    -1e-30      0.00 7.506e-01 2.492e-01 3.811e-05 2.167e-05 1.151e-04 -1.000 2.682e-04 -2.258 1.883 4.285 2.557 0.589 -0.091 -0.394 -0.657 -1.045 -1.799 -1.942 -2.141 -2.273 -2.520 -2.581 -2.905 -2.924 -3.146
0.00024632 -1.80000 10.10000 0.7937381268 2.4165146389    0.731  2.852  3.6645  1.060    7  0.000  0.433    16.60    11.56     7.93     6.21     5.03  2    -1e-30      0.00 7.504e-01 2.493e-01 3.760e-05 2.230e-05 1.150e-04 -1.000 2.682e-04 -2.360 1.803 4.363 2.685 0.645 -0.046 -0.397 -0.686 -1.095 -1.880 -2.027 -2.232 -2.367 -2.619 -2.681 -3.010 -3.029 -3.254
0.00024632 -1.80000 10.10000 0.7937422991 2.4165161247    0.731  2.893  3.6617  1.007    7  0.000  0.428    18.57    12.72     8.68     6.81     5.52  2    -1e-30      0.00 7.502e-01 2.495e-01 3.716e-05 2.286e-05 1.149e-04 -1.000 2.681e-04 -2.464 1.721 4.446 2.823 0.709 0.008 -0.392 -0.709 -1.142 -1.960 -2.112 -2.323 -2.462 -2.719 -2.781 -3.116 -3.135 -3.365
0.00024632 -1.80000 10.10000 0.7937458158 2.4165173770    0.731  2.934  3.6589  0.955    7  0.000  0.424    20.74    13.97     9.49     7.46     6.05  2    -1e-30      0.00 7.500e-01 2.497e-01 3.676e-05 2.336e-05 1.148e-04 -1.000 2.127e-04 -2.565 1.641 4.530 2.975 0.788 0.077 -0.370 -0.717 -1.177 -2.034 -2.191 -2.409 -2.552 -2.815 -2.879 -3.220 -3.239 -3.473
0.00024632 -1.80000 10.10000 0.7937491536 2.4165185655    0.731  2.975  3.6559  0.902    7  0.000  0.421    23.22    15.37    10.40     8.19     6.64  1    -1e-30      0.00 7.499e-01 2.499e-01 3.644e-05 2.383e-05 1.147e-04 -1.000 2.682e-04 -2.668 1.558 4.614 3.083 0.829 0.110 -0.369 -0.738 -1.219 -2.108 -2.269 -2.494 -2.640 -2.909 -2.975 -3.322 -3.342 -3.580
0.00024632 -1.80000 10.10000 0.7937524915 2.4165197541    0.731  3.019  3.6528  0.846    7  0.000  0.419    26.16    17.01    11.46     9.03     7.32  1    -1e-30      0.00 7.497e-01 2.500e-01 3.617e-05 2.422e-05 1.145e-04 -1.000 2.681e-04 -2.777 1.468 4.705 3.176 0.854 0.126 -0.379 -0.768 -1.269 -2.186 -2.352 -2.583 -2.732 -3.008 -3.074 -3.428 -3.449 -3.692
0.00024632 -1.80000 10.10000 0.7937554717 2.4165208153    0.731  3.063  3.6496  0.789    7  0.000  0.417    29.58    18.88    12.66     9.99     8.10  1    -1e-30      0.00 7.495e-01 2.502e-01 3.595e-05 2.461e-05 1.143e-04 -1.000 2.683e-04 -2.889 1.377 4.796 3.274 0.881 0.144 -0.387 -0.796 -1.318 -2.266 -2.436 -2.674 -2.825 -3.108 -3.176 -3.537 -3.558 -3.806
0.00024632 -1.80000 10.10000 0.7937564850 2.4165211761    0.731  3.077  3.6486  0.771    7  0.000  0.416    30.69    19.48    13.04    10.30     8.35  1    -1e-30      0.00 7.495e-01 2.503e-01 3.585e-05 2.480e-05 1.142e-04 -1.000 2.682e-04 -2.922 1.350 4.822 3.305 0.890 0.151 -0.389 -0.804 -1.331 -2.288 -2.460 -2.700 -2.852 -3.136 -3.205 -3.568 -3.590 -3.839
0.00024632 -1.80000 10.10000 0.7937567234 2.4165212610    0.731  3.109  3.6462  0.730    7  0.000  0.416    33.52    20.99    14.01    11.08     8.98  1    -1e-30      0.00 7.494e-01 2.504e-01 3.574e-05 2.505e-05 1.140e-04 -1.000 2.683e-04 -3.001 1.285 4.878 3.374 0.910 0.165 -0.395 -0.825 -1.366 -2.344 -2.519 -2.763 -2.918 -3.207 -3.277 -3.645 -3.667 -3.920
0.00024632 -1.80000 10.10000 0.7937569618 2.4165213459    0.731  3.145  3.6435  0.682    7  0.000  0.414    37.08    22.87    15.20    12.04     9.76  1    -1e-30      0.00 7.491e-01 2.507e-01 3.553e-05 2.561e-05 1.136e-04 -1.000 2.682e-04 -3.093 1.211 4.942 3.455 0.934 0.182 -0.399 -0.846 -1.404 -2.407 -2.585 -2.836 -2.993 -3.287 -3.359 -3.732 -3.755 -4.013
0.00024632 -1.80000 10.10000 0.7937574387 2.4165215157    0.731  3.182  3.6407  0.634    7  0.000  0.413    41.08    24.95    16.52    13.10    10.63  1    -1e-30      0.00 7.488e-01 2.509e-01 3.531e-05 2.623e-05 1.132e-04 -1.000 2.683e-04 -3.185 1.136 5.005 3.541 0.961 0.202 -0.399 -0.863 -1.439 -2.469 -2.651 -2.907 -3.067 -3.367 -3.440 -3.820 -3.843 -4.106
0.00024632 -1.80000 10.10000 0.7937576771 2.4165216006    0.731  3.246  3.6331  0.540    8  0.526  0.417    50.20    29.58    19.43    15.45    12.54  1 -4.58e-07      0.00 7.461e-01 2.537e-01 3.505e-05 2.942e-05 1.140e-04 -1.000 2.256e-04 -3.345 1.024 5.170 3.808 1.087 0.314 -0.321 -0.825 -1.445 -2.542 -2.733 -3.007 -3.172 -3.488 -3.565 -3.962 -3.986 -4.262
0.00024632 -1.80000 10.10000 0.7937577367 2.4165216218    0.729  3.038  3.6488  0.810    8  0.526  0.410    28.25    18.16    12.19     9.62     7.80  1  -1.9e-07      0.00 7.461e-01 2.537e-01 3.505e-05 2.942e-05 1.140e-04 -1.000 2.256e-04 -2.825 1.443 4.872 3.347 0.947 0.209 -0.321 -0.730 -1.251 -2.199 -2.369 -2.607 -2.758 -3.041 -3.109 -3.471 -3.492 -3.741
0.00024632 -1.80000 10.10000 0.7937578559 2.4165216643    0.728  2.884  3.6605  1.010    8  0.526  0.410    18.44    12.64     8.63     6.77     5.49  2 -1.03e-07      0.00 7.461e-01 2.537e-01 3.505e-05 2.942e-05 1.140e-04 -1.000 2.256e-04 -2.440 1.752 4.525 2.924 0.787 0.082 -0.332 -0.657 -1.098 -1.928 -2.081 -2.294 -2.434 -2.693 -2.756 -3.093 -3.112 -3.343
0.00024632 -1.80000 10.10000 0.7937580347 2.4165217279    0.724  2.681  3.6760  1.272    8  0.526  0.410    10.53     7.86     5.48     4.27     3.46  3 -4.96e-08      0.00 7.461e-01 2.537e-01 3.505e-05 2.942e-05 1.140e-04 -1.000 2.256e-04 -1.934 2.143 4.089 2.229 0.472 -0.169 -0.334 -0.526 -0.857 -1.528 -1.659 -1.844 -1.968 -2.202 -2.259 -2.570 -2.588 -2.799
0.00024632 -1.80000 10.10000 0.7937583327 2.4165218341    0.719  2.688  3.6754  1.260    8  0.527  0.410    10.78     8.01     5.58     4.35     3.52  2 -5.12e-08      0.00 7.461e-01 2.537e-01 3.505e-05 2.942e-05 1.140e-04 -1.000 2.256e-04 -1.949 2.132 4.108 2.257 0.486 -0.159 -0.333 -0.530 -0.864 -1.540 -1.672 -1.858 -1.982 -2.217 -2.274 -2.586 -2.604 -2.816
0.00024632 -1.80000 10.10000 0.7937586904 2.4165219614    0.712  2.782  3.6680  1.132    8  0.527  0.410    14.11    10.07     6.94     5.44     4.40  2 -7.28e-08      0.00 7.461e-01 2.537e-01 3.505e-05 2.942e-05 1.140e-04 -1.000 2.256e-04 -2.185 1.952 4.310 2.571 0.622 -0.055 -0.344 -0.601 -0.984 -1.730 -1.872 -2.070 -2.202 -2.447 -2.508 -2.831 -2.849 -3.070
0.00024632 -1.80000 10.10000 0.7937591076 2.4165221100    0.704  2.962  3.6540  0.892    8  0.527  0.410    23.50    15.51    10.48     8.26     6.69  1 -1.48e-07      0.00 7.461e-01 2.537e-01 3.505e-05 2.942e-05 1.140e-04 -1.000 2.256e-04 -2.634 1.602 4.748 3.213 0.924 0.200 -0.290 -0.667 -1.157 -2.058 -2.221 -2.449 -2.596 -2.868 -2.935 -3.285 -3.305 -3.546
0.00024632 -1.80000 10.10000 0.7937596440 2.4165223010    0.695  3.120  3.6416  0.678    8  0.527  0.410    37.01    22.75    15.11    11.99     9.72  1 -2.94e-07      0.00 7.461e-01 2.537e-01 3.505e-05 2.942e-05 1.140e-04 -1.000 2.256e-04 -3.031 1.283 5.082 3.600 1.049 0.294 -0.296 -0.750 -1.315 -2.330 -2.509 -2.762 -2.920 -3.217 -3.290 -3.667 -3.689 -3.950
0.00024632 -1.80000 10.10000 0.7937601805 2.4165224920    0.685  3.226  3.6333  0.532    8  0.528  0.410    50.41    29.51    19.37    15.43    12.52  1  -4.8e-07      0.00 7.461e-01 2.537e-01 3.505e-05 2.942e-05 1.140e-04 -1.000 2.257e-04 -3.296 1.072 5.220 3.860 1.138 0.365 -0.271 -0.775 -1.396 -2.494 -2.685 -2.959 -3.124 -3.440 -3.517 -3.914 -3.939 -4.214
0.00024632 -1.80000 10.10000 0.7937608361 2.4165227255    0.674  3.286  3.6284  0.447    8  0.528  0.410    60.38    34.32    22.36    17.86    14.49  1 -6.47e-07      0.00 7.461e-01 2.537e-01 3.505e-05 2.942e-05 1.140e-04 -1.000 2.257e-04 -3.444 0.956 5.282 4.012 1.189 0.407 -0.240 -0.772 -1.427 -2.577 -2.774 -3.062 -3.232 -3.560 -3.641 -4.051 -4.076 -4.361
0.00024632 -1.80000 10.10000 0.7937616110 2.4165230014    0.661  3.317  3.6258  0.397    8  0.529  0.410    66.93    37.36    24.23    19.40    15.74  1 -7.73e-07      0.00 7.461e-01 2.537e-01 3.505e-05 2.942e-05 1.140e-04 -1.000 2.257e-04 -3.521 0.898 5.306 4.100 1.218 0.432 -0.212 -0.758 -1.432 -2.613 -2.814 -3.110 -3.283 -3.619 -3.702 -4.120 -4.146 -4.437
0.00024632 -1.80000 10.10000 0.7937623858 2.4165232773    0.648  3.336  3.6239  0.361    8  0.529  0.410    72.02    39.64    25.64    20.55    16.68  1 -8.83e-07      0.00 7.461e-01 2.537e-01 3.505e-05 2.942e-05 1.140e-04 -1.000 2.256e-04 -3.570 0.862 5.325 4.166 1.243 0.454 -0.186 -0.742 -1.429 -2.633 -2.837 -3.139 -3.313 -3.655 -3.739 -4.163 -4.189 -4.485
0.00024632 -1.80000 10.10000 0.7937660813 2.4165245932    0.531 -9.999  4.0000  1.850    9  0.531  0.000     0.00     0.00     0.00     0.00     0.00 -1    -1e-30      0.00 7.461e-01 2.537e-01 3.505e-05 2.942e-05 1.140e-04 -1.000 2.256e-04 29.767 29.894 29.849 29.814 29.843 29.906 29.965 30.074 30.059 30.102 30.104 30.099 30.097 30.095 30.097 30.087 30.086 30.059
