 Zini     MH   logAge Mini        int_IMF         Mass   logL    logTe  logg  label   McoreTP C_O  period0  period1  period2  period3  period4  pmode  Mloss  tau1m   X   Y   Xc  Xn  Xo  Cexcess  Z 	 mbolmag  F170Wmag  F218Wmag  F255Wmag  F300Wmag  F336Wmag  F380Wmag  F439Wmag  F450Wmag  F555Wmag  F569Wmag  F606Wmag  F622Wmag  F675Wmag  F702Wmag  F791Wmag  F814Wmag  F850LPmag
0.00024632 -1.80000 6.80000 0.0900000036 1.0816895926    0.090 -1.677  3.5541  4.238    0  0.000  0.545     0.00     0.00     0.00     0.00     0.00 -1 -6.78e-15      0.00 7.506e-01 2.491e-01 4.823e-05 1.301e-05 1.180e-04 -1.000 2.682e-04 8.963 13.471 18.094 16.794 13.642 12.796 12.398 11.862 11.380 10.179 9.983 9.625 9.432 9.048 8.922 8.392 8.356 7.994
0.00024632 -1.80000 6.80000 0.0912579820 1.0936321143    0.091 -1.670  3.5548  4.239    0  0.000  0.545     0.00     0.00     0.00     0.00     0.00 -1 -6.84e-15      0.00 7.506e-01 2.491e-01 4.823e-05 1.301e-05 1.180e-04 -1.000 2.682e-04 8.944 13.450 18.066 16.752 13.610 12.764 12.366 11.832 11.353 10.155 9.959 9.602 9.410 9.027 8.901 8.373 8.337 7.975
0.00024632 -1.80000 6.80000 0.0972707123 1.1478946389    0.097 -1.633  3.5579  4.242    0  0.000  0.545     0.00     0.00     0.00     0.00     0.00 -1 -7.19e-15      0.00 7.506e-01 2.491e-01 4.823e-05 1.301e-05 1.180e-04 -1.000 2.682e-04 8.851 13.347 17.930 16.552 13.454 12.608 12.210 11.688 11.216 10.036 9.842 9.488 9.297 8.918 8.796 8.278 8.242 7.885
0.00024632 -1.80000 6.80000 0.1000000015 1.1711064122    0.100 -1.616  3.5593  4.243    0  0.000  0.545     0.00     0.00     0.00     0.00     0.00 -1 -7.37e-15      0.00 7.506e-01 2.491e-01 4.823e-05 1.301e-05 1.180e-04 -1.000 2.682e-04 8.809 13.301 17.868 16.462 13.383 12.539 12.139 11.623 11.155 9.982 9.789 9.437 9.246 8.869 8.749 8.234 8.199 7.843
0.00024632 -1.80000 6.80000 0.1063629165 1.2221615603    0.106 -1.582  3.5621  4.247    0  0.000  0.545     0.00     0.00     0.00     0.00     0.00 -1 -7.69e-15      0.00 7.506e-01 2.491e-01 4.823e-05 1.301e-05 1.180e-04 -1.000 2.682e-04 8.724 13.207 17.738 16.275 13.241 12.398 12.000 11.494 11.032 9.875 9.683 9.335 9.146 8.771 8.654 8.147 8.112 7.761
0.00024632 -1.80000 6.80000 0.1198349744 1.3182268538    0.120 -1.513  3.5675  4.252    0  0.000  0.545     0.00     0.00     0.00     0.00     0.00 -1 -8.43e-15      0.00 7.506e-01 2.491e-01 4.823e-05 1.301e-05 1.180e-04 -1.000 2.682e-04 8.554 13.020 17.477 15.908 12.960 12.121 11.726 11.240 10.790 9.663 9.474 9.133 8.945 8.577 8.466 7.972 7.938 7.593
0.00024632 -1.80000 6.80000 0.1200000048 1.3193154741    0.120 -1.513  3.5676  4.252    0  0.000  0.545     0.00     0.00     0.00     0.00     0.00 -1 -8.44e-15      0.00 7.506e-01 2.491e-01 4.823e-05 1.301e-05 1.180e-04 -1.000 2.682e-04 8.552 13.018 17.474 15.904 12.957 12.117 11.723 11.237 10.787 9.660 9.471 9.130 8.943 8.575 8.464 7.970 7.936 7.591
0.00024632 -1.80000 6.80000 0.1383752823 1.4296225988    0.138 -1.430  3.5738  4.256    0  0.000  0.545     0.00     0.00     0.00     0.00     0.00 -1 -9.45e-15      0.00 7.506e-01 2.491e-01 4.823e-05 1.301e-05 1.180e-04 -1.000 2.682e-04 8.346 12.792 17.155 15.472 12.619 11.784 11.398 10.934 10.498 9.406 9.221 8.888 8.704 8.344 8.238 7.759 7.726 7.390
0.00024632 -1.80000 6.80000 0.1400000006 1.4384526719    0.140 -1.424  3.5743  4.257    0  0.000  0.545     0.00     0.00     0.00     0.00     0.00 -1 -9.54e-15      0.00 7.506e-01 2.491e-01 4.823e-05 1.301e-05 1.180e-04 -1.000 2.682e-04 8.329 12.773 17.129 15.437 12.590 11.756 11.371 10.909 10.474 9.385 9.200 8.868 8.684 8.325 8.220 7.742 7.709 7.373
0.00024632 -1.80000 6.80000 0.1599999964 1.5372931554    0.160 -1.344  3.5808  4.262    0  0.000  0.545     0.00     0.00     0.00     0.00     0.00 -1 -1.06e-14      0.00 7.506e-01 2.491e-01 4.823e-05 1.301e-05 1.180e-04 -1.000 2.682e-04 8.131 12.554 16.806 15.007 12.253 11.424 11.053 10.611 10.191 9.137 8.956 8.634 8.453 8.102 8.002 7.538 7.507 7.180
0.00024632 -1.80000 6.80000 0.1921515912 1.6665530253    0.192 -1.237  3.5897  4.269    0  0.000  0.545     0.00     0.00     0.00     0.00     0.00 -1 -1.23e-14      0.00 7.506e-01 2.491e-01 4.823e-05 1.301e-05 1.180e-04 -1.000 2.682e-04 7.863 12.257 16.324 14.404 11.799 10.981 10.633 10.218 9.814 8.805 8.630 8.322 8.145 7.806 7.711 7.263 7.233 6.917
0.00024632 -1.80000 6.80000 0.2230322212 1.7666388750    0.223 -1.148  3.5974  4.276    0  0.000  0.545     0.00     0.00     0.00     0.00     0.00 -1 -1.39e-14      0.00 7.506e-01 2.491e-01 4.823e-05 1.301e-05 1.180e-04 -1.000 2.682e-04 7.639 12.006 15.906 13.905 11.406 10.597 10.278 9.884 9.493 8.524 8.354 8.058 7.886 7.557 7.466 7.033 7.005 6.699
0.00024632 -1.80000 6.80000 0.2406980842 1.8161271999    0.241 -1.101  3.6015  4.279    0  0.000  0.545     0.00     0.00     0.00     0.00     0.00 -1 -1.48e-14      0.00 7.506e-01 2.491e-01 4.823e-05 1.301e-05 1.180e-04 -1.000 2.682e-04 7.524 11.876 15.696 13.652 11.202 10.398 10.094 9.711 9.328 8.379 8.212 7.922 7.752 7.428 7.340 6.914 6.886 6.586
0.00024632 -1.80000 6.80000 0.2513012886 1.8436176900    0.251 -1.077  3.6039  4.283    0  0.000  0.545     0.00     0.00     0.00     0.00     0.00 -1 -1.52e-14      0.00 7.506e-01 2.491e-01 4.823e-05 1.301e-05 1.180e-04 -1.000 2.682e-04 7.462 11.805 15.587 13.519 11.090 10.289 9.995 9.617 9.238 8.301 8.135 7.848 7.680 7.359 7.272 6.850 6.823 6.525
0.00024632 -1.80000 6.80000 0.2553527951 1.8537265945    0.255 -1.067  3.6049  4.283    0  0.000  0.545     0.00     0.00     0.00     0.00     0.00 -1 -1.55e-14      0.00 7.506e-01 2.491e-01 4.823e-05 1.301e-05 1.180e-04 -1.000 2.682e-04 7.437 11.777 15.544 13.466 11.045 10.245 9.955 9.580 9.202 8.270 8.104 7.819 7.651 7.332 7.245 6.825 6.797 6.501
0.00024632 -1.80000 6.80000 0.2600099444 1.8650921231    0.260 -1.055  3.6059  4.284    0  0.000  0.545     0.00     0.00     0.00     0.00     0.00 -1 -1.58e-14      0.00 7.506e-01 2.491e-01 4.823e-05 1.301e-05 1.180e-04 -1.000 2.681e-04 7.409 11.745 15.494 13.405 10.994 10.195 9.910 9.537 9.161 8.234 8.069 7.786 7.618 7.300 7.214 6.796 6.768 6.473
0.00024632 -1.80000 6.80000 0.2845719755 1.9209419054    0.284 -1.001  3.6115  4.291    0  0.000  0.545     0.00     0.00     0.00     0.00     0.00 -1  -1.7e-14      0.00 7.506e-01 2.491e-01 4.823e-05 1.301e-05 1.180e-04 -1.000 2.682e-04 7.272 11.588 15.240 13.099 10.740 9.947 9.687 9.327 8.960 8.059 7.898 7.622 7.457 7.147 7.064 6.655 6.628 6.340
0.00024632 -1.80000 6.80000 0.3132111132 1.9786383729    0.313 -0.942  3.6180  4.299    0  0.000  0.545     0.00     0.00     0.00     0.00     0.00 -1 -1.84e-14      0.00 7.506e-01 2.491e-01 4.823e-05 1.301e-05 1.180e-04 -1.000 2.682e-04 7.124 11.416 14.924 12.740 10.448 9.664 9.437 9.093 8.736 7.865 7.709 7.443 7.282 6.980 6.900 6.502 6.477 6.197
0.00024632 -1.80000 6.80000 0.3459289968 2.0366943187    0.346 -0.879  3.6254  4.310    0  0.000  0.545     0.00     0.00     0.00     0.00     0.00 -1    -2e-14      0.00 7.506e-01 2.491e-01 4.823e-05 1.301e-05 1.180e-04 -1.000 2.682e-04 6.968 11.230 14.514 12.320 10.128 9.358 9.170 8.843 8.497 7.660 7.508 7.253 7.096 6.804 6.727 6.342 6.317 6.047
0.00024632 -1.80000 6.80000 0.3500000238 2.0434175133    0.350 -0.872  3.6263  4.311    0  0.000  0.545     0.00     0.00     0.00     0.00     0.00 -1 -2.02e-14      0.00 7.506e-01 2.491e-01 4.823e-05 1.301e-05 1.180e-04 -1.000 2.683e-04 6.951 11.209 14.463 12.270 10.091 9.322 9.139 8.815 8.470 7.636 7.485 7.231 7.075 6.784 6.707 6.323 6.299 6.030
0.00024632 -1.80000 6.80000 0.3570737541 2.0548611675    0.357 -0.860  3.6278  4.314    0  0.000  0.545     0.00     0.00     0.00     0.00     0.00 -1 -2.05e-14      0.00 7.506e-01 2.491e-01 4.823e-05 1.301e-05 1.180e-04 -1.000 2.682e-04 6.920 11.172 14.374 12.182 10.026 9.260 9.085 8.765 8.422 7.595 7.445 7.194 7.038 6.749 6.673 6.292 6.268 6.001
0.00024632 -1.80000 6.80000 0.4000000060 2.1185024399    0.400 -0.787  3.6369  4.327    0  0.000  0.545     0.00     0.00     0.00     0.00     0.00 -1 -2.25e-14      0.00 7.506e-01 2.491e-01 4.823e-05 1.301e-05 1.180e-04 -1.000 2.682e-04 6.738 10.953 13.867 11.681 9.643 8.896 8.771 8.474 8.144 7.356 7.211 6.972 6.822 6.544 6.472 6.105 6.083 5.827
0.00024632 -1.80000 6.80000 0.4388140142 2.1688392489    0.439 -0.726  3.6453  4.340    0  0.000  0.545     0.00     0.00     0.00     0.00     0.00 -1 -2.44e-14      0.00 7.506e-01 2.491e-01 4.823e-05 1.301e-05 1.180e-04 -1.000 2.681e-04 6.586 10.765 13.462 11.259 9.306 8.577 8.500 8.225 7.906 7.152 7.012 6.784 6.639 6.371 6.303 5.949 5.927 5.682
0.00024632 -1.80000 6.80000 0.4500000179 2.1822809362    0.450 -0.709  3.6476  4.343    0  0.000  0.545     0.00     0.00     0.00     0.00     0.00 -1  -2.5e-14      0.00 7.506e-01 2.491e-01 4.823e-05 1.301e-05 1.180e-04 -1.000 2.681e-04 6.543 10.711 13.356 11.144 9.211 8.487 8.424 8.155 7.839 7.094 6.956 6.731 6.587 6.322 6.255 5.904 5.883 5.641
0.00024632 -1.80000 6.80000 0.5000000000 2.2374541529    0.500 -0.632  3.6585  4.355    0  0.000  0.545     0.00     0.00     0.00     0.00     0.00 -1 -2.79e-14      0.00 7.506e-01 2.491e-01 4.823e-05 1.301e-05 1.180e-04 -1.000 2.682e-04 6.350 10.470 12.810 10.607 8.787 8.089 8.087 7.849 7.545 6.841 6.709 6.498 6.359 6.107 6.043 5.708 5.688 5.458
0.00024632 -1.80000 6.80000 0.5167483687 2.2540779142    0.517 -0.604  3.6622  4.356    0  0.000  0.545     0.00     0.00     0.00     0.00     0.00 -1 -2.93e-14      0.00 7.506e-01 2.491e-01 4.823e-05 1.301e-05 1.180e-04 -1.000 2.682e-04 6.279 10.381 12.576 10.405 8.635 7.948 7.967 7.740 7.441 6.751 6.620 6.413 6.277 6.029 5.966 5.636 5.617 5.392
0.00024632 -1.80000 6.80000 0.5500000715 2.2836583126    0.550 -0.547  3.6690  4.353    0  0.000  0.545     0.00     0.00     0.00     0.00     0.00 -1 -3.25e-14      0.00 7.506e-01 2.491e-01 4.823e-05 1.301e-05 1.180e-04 -1.000 2.682e-04 6.137 10.202 12.083 10.003 8.337 7.674 7.732 7.528 7.236 6.572 6.445 6.247 6.115 5.874 5.814 5.493 5.474 5.257
0.00024632 -1.80000 6.80000 0.6000000238 2.3211213258    0.600 -0.492  3.6768  4.368    0  0.000  0.545     0.00     0.00     0.00     0.00     0.00 -1 -3.46e-14      0.00 7.506e-01 2.491e-01 4.823e-05 1.301e-05 1.180e-04 -1.000 2.682e-04 6.001 10.023 11.587 9.601 8.037 7.400 7.499 7.319 7.037 6.400 6.276 6.086 5.959 5.726 5.668 5.356 5.339 5.131
0.00024632 -1.80000 6.80000 0.6176871061 2.3327154694    0.618 -0.468  3.6797  4.368    0  0.000  0.545     0.00     0.00     0.00     0.00     0.00 -1 -3.61e-14      0.00 7.506e-01 2.491e-01 4.823e-05 1.301e-05 1.180e-04 -1.000 2.682e-04 5.940 9.946 11.393 9.441 7.914 7.287 7.402 7.232 6.953 6.325 6.202 6.016 5.891 5.660 5.603 5.295 5.279 5.073
0.00024632 -1.80000 6.80000 0.6477460861 2.3507594692    0.648 -0.424  3.6848  4.365    0  0.000  0.545     0.00     0.00     0.00     0.00     0.00 -1 -3.91e-14      0.00 7.506e-01 2.491e-01 4.823e-05 1.301e-05 1.180e-04 -1.000 2.682e-04 5.830 9.807 11.079 9.171 7.702 7.092 7.232 7.079 6.806 6.195 6.074 5.893 5.770 5.544 5.488 5.186 5.170 4.970
0.00024632 -1.80000 6.80000 0.6499999762 2.3520353107    0.650 -0.421  3.6852  4.364    0  0.000  0.545     0.00     0.00     0.00     0.00     0.00 -1 -3.94e-14      0.00 7.506e-01 2.491e-01 4.823e-05 1.301e-05 1.180e-04 -1.000 2.682e-04 5.822 9.796 11.055 9.151 7.686 7.077 7.219 7.067 6.795 6.185 6.064 5.883 5.761 5.535 5.479 5.178 5.162 4.962
0.00024632 -1.80000 6.80000 0.6544506550 2.3545250150    0.654 -0.415  3.6859  4.364    0  0.000  0.545     0.00     0.00     0.00     0.00     0.00 -1 -3.98e-14      0.00 7.506e-01 2.491e-01 4.823e-05 1.301e-05 1.180e-04 -1.000 2.681e-04 5.807 9.777 11.010 9.113 7.656 7.049 7.196 7.046 6.774 6.167 6.046 5.866 5.744 5.519 5.463 5.163 5.147 4.948
0.00024632 -1.80000 6.80000 0.6985982656 2.3772587113    0.699 -0.347  3.6937  4.357    0  0.000  0.545     0.00     0.00     0.00     0.00     0.00 -1 -4.54e-14      0.00 7.506e-01 2.491e-01 4.823e-05 1.301e-05 1.180e-04 -1.000 2.682e-04 5.638 9.560 10.516 8.704 7.336 6.755 6.940 6.814 6.552 5.969 5.851 5.679 5.561 5.342 5.289 4.997 4.982 4.791
0.00024632 -1.80000 6.80000 0.7000000477 2.3779267258    0.700 -0.345  3.6940  4.356    0  0.000  0.545     0.00     0.00     0.00     0.00     0.00 -1 -4.56e-14      0.00 7.506e-01 2.491e-01 4.823e-05 1.301e-05 1.180e-04 -1.000 2.682e-04 5.632 9.552 10.498 8.690 7.325 6.746 6.931 6.807 6.545 5.962 5.845 5.672 5.555 5.336 5.283 4.991 4.976 4.786
0.00024632 -1.80000 6.80000 0.7322724462 2.3924964037    0.732 -0.285  3.7071  4.368    0  0.000  0.540     0.00     0.00     0.00     0.00     0.00 -1 -5.05e-14      0.00 7.506e-01 2.491e-01 4.781e-05 1.300e-05 1.180e-04 -1.000 2.682e-04 5.481 9.310 9.794 8.160 6.940 6.403 6.647 6.558 6.313 5.770 5.657 5.496 5.384 5.176 5.126 4.849 4.835 4.658
0.00024632 -1.80000 6.80000 0.7500000596 2.3998889329    0.750 -0.250  3.7143  4.373    0  0.000  0.538     0.00     0.00     0.00     0.00     0.00 -1 -5.37e-14      0.00 7.506e-01 2.491e-01 4.759e-05 1.300e-05 1.180e-04 -1.000 2.682e-04 5.395 9.165 9.417 7.876 6.733 6.220 6.491 6.422 6.186 5.664 5.554 5.398 5.290 5.087 5.039 4.770 4.757 4.587
0.00024632 -1.80000 6.80000 0.8000000119 2.4187244405    0.800 -0.164  3.7250  4.357    0  0.000  0.538     0.00     0.00     0.00     0.00     0.00 -1 -6.45e-14      0.00 7.506e-01 2.491e-01 4.759e-05 1.300e-05 1.180e-04 -1.000 2.682e-04 5.180 8.850 8.783 7.379 6.347 5.868 6.179 6.134 5.914 5.422 5.317 5.169 5.065 4.871 4.826 4.568 4.556 4.396
0.00024632 -1.80000 6.80000 0.8115219474 2.4226882147    0.811 -0.144  3.7276  4.354    0  0.000  0.538     0.00     0.00     0.00     0.00     0.00 -1 -6.71e-14      0.00 7.506e-01 2.491e-01 4.759e-05 1.300e-05 1.180e-04 -1.000 2.682e-04 5.131 8.775 8.634 7.262 6.257 5.787 6.107 6.068 5.852 5.368 5.263 5.117 5.015 4.823 4.778 4.523 4.511 4.354
0.00024632 -1.80000 6.80000 0.8244451284 2.4269827971    0.824 -0.120  3.7308  4.349    0  0.000  0.538     0.00     0.00     0.00     0.00     0.00 -1 -7.04e-14      0.00 7.506e-01 2.491e-01 4.759e-05 1.300e-05 1.180e-04 -1.000 2.682e-04 5.071 8.681 8.455 7.122 6.148 5.689 6.019 5.987 5.775 5.300 5.197 5.054 4.952 4.763 4.719 4.467 4.456 4.301
0.00024632 -1.80000 6.80000 0.8489183784 2.4347051600    0.848 -0.067  3.7375  4.336    0  0.000  0.538     0.00     0.00     0.00     0.00     0.00 -1 -7.95e-14      0.00 7.506e-01 2.491e-01 4.759e-05 1.300e-05 1.180e-04 -1.000 2.682e-04 4.938 8.471 8.086 6.832 5.921 5.483 5.833 5.815 5.612 5.155 5.055 4.916 4.818 4.633 4.591 4.346 4.335 4.187
0.00024632 -1.80000 6.80000 0.8500000238 2.4350346840    0.850 -0.065  3.7378  4.335    0  0.000  0.538     0.00     0.00     0.00     0.00     0.00 -1 -7.99e-14      0.00 7.506e-01 2.491e-01 4.759e-05 1.300e-05 1.180e-04 -1.000 2.682e-04 4.932 8.462 8.069 6.819 5.911 5.474 5.825 5.807 5.605 5.149 5.048 4.910 4.812 4.628 4.585 4.340 4.330 4.182
0.00024632 -1.80000 6.80000 0.8765087724 2.4428191574    0.876 -0.008  3.7449  4.320    0  0.000  0.538     0.00     0.00     0.00     0.00     0.00 -1 -9.14e-14      0.00 7.506e-01 2.491e-01 4.759e-05 1.300e-05 1.180e-04 -1.000 2.682e-04 4.789 8.219 7.671 6.510 5.674 5.261 5.630 5.624 5.430 4.994 4.897 4.764 4.668 4.490 4.449 4.212 4.202 4.060
0.00024632 -1.80000 6.80000 0.9000000358 2.4492786175    0.899  0.047  3.7515  4.304    0  0.000  0.538     0.00     0.00     0.00     0.00     0.00 -1 -1.04e-13      0.00 7.506e-01 2.491e-01 4.759e-05 1.300e-05 1.180e-04 -1.000 2.682e-04 4.654 7.974 7.299 6.222 5.453 5.064 5.447 5.453 5.267 4.850 4.755 4.627 4.534 4.361 4.321 4.091 4.082 3.946
0.00024632 -1.80000 6.80000 0.9066767693 2.4510444324    0.906  0.062  3.7534  4.299    0  0.000  0.538     0.00     0.00     0.00     0.00     0.00 -1 -1.08e-13      0.00 7.506e-01 2.491e-01 4.759e-05 1.300e-05 1.180e-04 -1.000 2.682e-04 4.615 7.902 7.198 6.143 5.391 5.009 5.396 5.404 5.221 4.808 4.715 4.588 4.496 4.325 4.285 4.057 4.048 3.914
0.00024632 -1.80000 6.80000 0.9499999881 2.4618121868    0.950  0.173  3.7664  4.260    0  0.000  0.538     0.00     0.00     0.00     0.00     0.00 -1 -1.42e-13      0.00 7.506e-01 2.491e-01 4.759e-05 1.300e-05 1.180e-04 -1.000 2.682e-04 4.337 7.374 6.510 5.599 4.964 4.629 5.036 5.060 4.893 4.516 4.428 4.310 4.223 4.063 4.026 3.811 3.803 3.680
0.00024632 -1.80000 6.80000 0.9550571442 2.4629961018    0.955  0.187  3.7680  4.255    0  0.000  0.538     0.00     0.00     0.00     0.00     0.00 -1 -1.47e-13      0.00 7.506e-01 2.491e-01 4.759e-05 1.300e-05 1.180e-04 -1.000 2.682e-04 4.302 7.309 6.431 5.536 4.914 4.584 4.992 5.019 4.853 4.480 4.393 4.276 4.190 4.030 3.994 3.781 3.773 3.651
0.00024632 -1.80000 6.80000 0.9834699035 2.4693882212    0.983  0.268  3.7772  4.224    0  0.000  0.538     0.00     0.00     0.00     0.00     0.00 -1 -1.81e-13      0.00 7.506e-01 2.491e-01 4.759e-05 1.300e-05 1.180e-04 -1.000 2.682e-04 4.100 6.915 5.982 5.175 4.625 4.326 4.740 4.774 4.619 4.270 4.187 4.076 3.994 3.842 3.808 3.604 3.597 3.483
0.00024632 -1.80000 6.80000 1.0000000000 2.4729154477    1.000  0.315  3.7828  4.206    0  0.000  0.538     0.00     0.00     0.00     0.00     0.00 -1 -2.04e-13      0.00 7.506e-01 2.491e-01 4.759e-05 1.300e-05 1.180e-04 -1.000 2.682e-04 3.982 6.680 5.730 4.970 4.459 4.179 4.593 4.630 4.482 4.146 4.066 3.959 3.879 3.731 3.698 3.500 3.493 3.384
0.00024632 -1.80000 6.80000 1.0074003935 2.4744514886    1.007  0.337  3.7853  4.198    0  0.000  0.538     0.00     0.00     0.00     0.00     0.00 -1 -2.13e-13      0.00 7.506e-01 2.491e-01 4.759e-05 1.300e-05 1.180e-04 -1.000 2.682e-04 3.928 6.577 5.624 4.883 4.388 4.115 4.528 4.566 4.420 4.091 4.011 3.906 3.827 3.682 3.649 3.453 3.447 3.340
0.00024632 -1.80000 6.80000 1.0422742367 2.4813536047    1.042  0.430  3.7978  4.169    0  0.000  0.538     0.00     0.00     0.00     0.00     0.00 -1 -2.56e-13      0.00 7.506e-01 2.491e-01 4.759e-05 1.300e-05 1.180e-04 -1.000 2.682e-04 3.694 6.103 5.148 4.496 4.075 3.839 4.238 4.279 4.146 3.845 3.771 3.674 3.600 3.465 3.434 3.251 3.246 3.149
0.00024632 -1.80000 6.80000 1.0499999523 2.4828114860    1.050  0.450  3.8007  4.164    0  0.000  0.538     0.00     0.00     0.00     0.00     0.00 -1 -2.65e-13      0.00 7.506e-01 2.491e-01 4.759e-05 1.299e-05 1.180e-04 -1.000 2.682e-04 3.645 6.001 5.048 4.415 4.010 3.782 4.177 4.218 4.088 3.793 3.721 3.626 3.553 3.420 3.390 3.210 3.205 3.111
0.00024632 -1.80000 6.80000 1.0660969019 2.4857711495    1.066  0.490  3.8070  4.156    0  0.000  0.538     0.00     0.00     0.00     0.00     0.00 -1 -2.84e-13      0.00 7.507e-01 2.491e-01 4.759e-05 1.299e-05 1.180e-04 -1.000 2.681e-04 3.546 5.794 4.852 4.257 3.883 3.672 4.054 4.094 3.969 3.688 3.618 3.527 3.457 3.329 3.300 3.126 3.122 3.033
0.00024632 -1.80000 6.80000 1.0971573591 2.4912008069    1.096  0.560  3.8203  4.151    0  0.000  0.538     0.00     0.00     0.00     0.00     0.00 -1 -3.16e-13      0.00 7.507e-01 2.490e-01 4.759e-05 1.299e-05 1.180e-04 -1.000 2.682e-04 3.369 5.416 4.501 3.974 3.659 3.478 3.829 3.866 3.753 3.498 3.433 3.351 3.286 3.168 3.142 2.982 2.978 2.900
0.00024632 -1.80000 6.80000 1.1000000238 2.4916801480    1.099  0.566  3.8216  4.151    0  0.000  0.538     0.00     0.00     0.00     0.00     0.00 -1 -3.18e-13      0.00 7.507e-01 2.490e-01 4.759e-05 1.299e-05 1.180e-04 -1.000 2.682e-04 3.354 5.383 4.470 3.950 3.639 3.461 3.810 3.846 3.734 3.481 3.417 3.336 3.271 3.154 3.128 2.970 2.966 2.889
0.00024632 -1.80000 6.80000 1.1239674091 2.4956110101    1.123  0.616  3.8337  4.159    0  0.000  0.538     0.00     0.00     0.00     0.00     0.00 -1 -3.36e-13      0.00 7.507e-01 2.490e-01 4.759e-05 1.299e-05 1.180e-04 -1.000 2.682e-04 3.229 5.099 4.217 3.748 3.482 3.328 3.646 3.678 3.576 3.344 3.285 3.211 3.151 3.044 3.020 2.874 2.871 2.804
0.00024632 -1.80000 6.80000 1.1499999762 2.4996678137    1.149  0.667  3.8489  4.179    0  0.000  0.538     0.00     0.00     0.00     0.00     0.00 -1 -3.49e-13      0.00 7.507e-01 2.490e-01 4.759e-05 1.299e-05 1.180e-04 -1.000 2.682e-04 3.101 4.787 3.950 3.542 3.324 3.200 3.474 3.497 3.407 3.201 3.147 3.084 3.030 2.935 2.914 2.784 2.782 2.727
0.00024632 -1.80000 6.80000 1.1587967873 2.5009913774    1.158  0.684  3.8548  4.189    0  0.000  0.538     0.00     0.00     0.00     0.00     0.00 -1 -3.52e-13      0.00 7.507e-01 2.490e-01 4.759e-05 1.299e-05 1.180e-04 -1.000 2.682e-04 3.059 4.677 3.859 3.472 3.273 3.159 3.415 3.435 3.350 3.153 3.102 3.042 2.991 2.901 2.881 2.757 2.755 2.705
0.00024632 -1.80000 6.80000 1.1792657375 2.5039834169    1.179  0.721  3.8703  4.221    0  0.000  0.538     0.00     0.00     0.00     0.00     0.00 -1 -3.52e-13      0.00 7.507e-01 2.490e-01 4.759e-05 1.299e-05 1.180e-04 -1.000 2.682e-04 2.967 4.413 3.647 3.317 3.161 3.073 3.283 3.293 3.219 3.047 3.002 2.952 2.907 2.830 2.813 2.706 2.705 2.666
0.00024632 -1.80000 6.80000 1.1994440556 2.5068183177    1.199  0.755  3.8868  4.261    0  0.000  0.538     0.00     0.00     0.00     0.00     0.00 -1 -3.47e-13      0.00 7.507e-01 2.490e-01 4.759e-05 1.299e-05 1.180e-04 -1.000 2.682e-04 2.882 4.155 3.449 3.175 3.060 2.998 3.160 3.160 3.098 2.951 2.912 2.873 2.835 2.773 2.758 2.669 2.669 2.642
0.00024632 -1.80000 6.80000 1.2000000477 2.5068948796    1.200  0.756  3.8872  4.262    0  0.000  0.538     0.00     0.00     0.00     0.00     0.00 -1 -3.47e-13      0.00 7.507e-01 2.490e-01 4.759e-05 1.299e-05 1.180e-04 -1.000 2.683e-04 2.880 4.148 3.444 3.171 3.057 2.996 3.157 3.156 3.095 2.949 2.910 2.871 2.833 2.771 2.757 2.669 2.668 2.641
0.00024632 -1.80000 6.80000 1.2048850060 2.5075640626    1.204  0.764  3.8912  4.272    0  0.000  0.538     0.00     0.00     0.00     0.00     0.00 -1 -3.44e-13      0.00 7.507e-01 2.490e-01 4.759e-05 1.299e-05 1.180e-04 -1.000 2.681e-04 2.861 4.088 3.399 3.139 3.035 2.980 3.130 3.126 3.068 2.928 2.890 2.854 2.818 2.759 2.746 2.662 2.662 2.637
0.00024632 -1.80000 6.80000 1.2225741148 2.5099358973    1.222  0.788  3.9047  4.308    0  0.000  0.538     0.00     0.00     0.00     0.00     0.00 -1 -3.35e-13      0.00 7.507e-01 2.490e-01 4.759e-05 1.299e-05 1.180e-04 -1.000 2.682e-04 2.799 3.877 3.256 3.039 2.963 2.926 3.043 3.032 2.983 2.863 2.831 2.804 2.774 2.726 2.715 2.646 2.646 2.629
0.00024632 -1.80000 6.80000 1.2500000000 2.5134610955    1.250  0.819  3.9231  4.360    0  0.000  0.538     0.00     0.00     0.00     0.00     0.00 -1 -3.17e-13      0.00 7.507e-01 2.490e-01 4.759e-05 1.299e-05 1.180e-04 -1.000 2.682e-04 2.722 3.567 3.076 2.916 2.873 2.857 2.941 2.921 2.886 2.794 2.770 2.753 2.731 2.699 2.691 2.640 2.640 2.634
0.00024632 -1.80000 6.80000 1.2757704258 2.5166151675    1.276  0.842  3.9383  4.407    0  0.000  0.538     0.00     0.00     0.00     0.00     0.00 -1 -2.95e-13      0.00 7.507e-01 2.490e-01 4.759e-05 1.299e-05 1.180e-04 -1.000 2.682e-04 2.665 3.289 2.945 2.827 2.807 2.805 2.877 2.852 2.828 2.759 2.741 2.732 2.716 2.694 2.688 2.650 2.651 2.651
0.00024632 -1.80000 6.80000 1.2999999523 2.5194498592    1.300  0.860  3.9505  4.446    0  0.000  0.538     0.00     0.00     0.00     0.00     0.00 -1 -2.76e-13      0.00 7.507e-01 2.490e-01 4.759e-05 1.299e-05 1.180e-04 -1.000 2.682e-04 2.620 3.076 2.845 2.756 2.753 2.762 2.838 2.813 2.796 2.743 2.729 2.725 2.713 2.699 2.694 2.665 2.666 2.672
0.00024632 -1.80000 6.80000 1.3031795025 2.5198128585    1.303  0.863  3.9521  4.451    0  0.000  0.538     0.00     0.00     0.00     0.00     0.00 -1 -2.73e-13      0.00 7.507e-01 2.490e-01 4.759e-05 1.299e-05 1.180e-04 -1.000 2.682e-04 2.614 3.051 2.832 2.746 2.745 2.756 2.833 2.809 2.793 2.742 2.728 2.725 2.714 2.700 2.695 2.667 2.668 2.675
0.00024632 -1.80000 6.80000 1.3500001431 2.5249313723    1.350  0.895  3.9717  4.512    0  0.000  0.538     0.00     0.00     0.00     0.00     0.00 -1 -2.38e-13      0.00 7.507e-01 2.490e-01 4.758e-05 1.299e-05 1.180e-04 -1.000 2.682e-04 2.532 2.760 2.663 2.612 2.641 2.673 2.776 2.759 2.750 2.721 2.713 2.715 2.709 2.706 2.703 2.688 2.689 2.704
0.00024632 -1.80000 6.80000 1.4000000954 2.5299650415    1.400  0.934  3.9889  4.558    0  0.000  0.538     0.00     0.00     0.00     0.00     0.00 -1 -2.09e-13      0.00 7.507e-01 2.490e-01 4.758e-05 1.299e-05 1.180e-04 -1.000 2.682e-04 2.435 2.521 2.493 2.467 2.521 2.570 2.711 2.705 2.701 2.689 2.684 2.690 2.688 2.691 2.689 2.684 2.686 2.708
0.00024632 -1.80000 6.80000 1.4023600817 2.5301924483    1.403  0.936  3.9897  4.560    0  0.000  0.538     0.00     0.00     0.00     0.00     0.00 -1 -2.07e-13      0.00 7.507e-01 2.490e-01 4.758e-05 1.299e-05 1.180e-04 -1.000 2.682e-04 2.430 2.510 2.485 2.461 2.516 2.566 2.709 2.703 2.699 2.687 2.683 2.690 2.688 2.690 2.689 2.684 2.686 2.708
0.00024632 -1.80000 6.80000 1.4500001669 2.5346015942    1.450  0.976  4.0037  4.590    0  0.000  0.538     0.00     0.00     0.00     0.00     0.00 -1 -1.81e-13      0.00 7.507e-01 2.490e-01 4.758e-05 1.299e-05 1.180e-04 -1.000 2.682e-04 2.329 2.319 2.332 2.326 2.399 2.463 2.643 2.649 2.648 2.648 2.647 2.655 2.655 2.662 2.662 2.663 2.665 2.693
0.00024632 -1.80000 6.80000 1.5000001192 2.5388844695    1.500  1.016  4.0175  4.620    0  0.000  0.538     0.00     0.00     0.00     0.00     0.00 -1  -1.5e-13      0.00 7.507e-01 2.490e-01 4.758e-05 1.299e-05 1.180e-04 -1.000 2.683e-04 2.230 2.145 2.186 2.197 2.288 2.366 2.584 2.602 2.603 2.615 2.616 2.626 2.629 2.638 2.639 2.645 2.648 2.680
0.00024632 -1.80000 6.80000 1.5292367935 2.5412401230    1.529  1.039  4.0249  4.636    0  0.000  0.538     0.00     0.00     0.00     0.00     0.00 -1  -1.3e-13      0.00 7.507e-01 2.490e-01 4.758e-05 1.299e-05 1.180e-04 -1.000 2.682e-04 2.173 2.053 2.106 2.126 2.226 2.311 2.551 2.576 2.578 2.596 2.597 2.608 2.611 2.623 2.624 2.633 2.636 2.670
0.00024632 -1.80000 6.80000 1.5499999523 2.5428511323    1.550  1.059  4.0299  4.641    0  0.000  0.538     0.00     0.00     0.00     0.00     0.00 -1  -1.2e-13      0.00 7.507e-01 2.490e-01 4.758e-05 1.299e-05 1.180e-04 -1.000 2.682e-04 2.122 1.978 2.040 2.065 2.172 2.261 2.515 2.545 2.547 2.569 2.572 2.583 2.587 2.599 2.600 2.611 2.614 2.650
0.00024632 -1.80000 6.80000 1.5963480473 2.5462740330    1.596  1.104  4.0403  4.650    0  0.000  0.538     0.00     0.00     0.00     0.00     0.00 -1 -8.83e-14      0.00 7.507e-01 2.490e-01 4.758e-05 1.299e-05 1.180e-04 -1.000 2.682e-04 2.010 1.823 1.899 1.937 2.055 2.155 2.440 2.479 2.483 2.512 2.516 2.528 2.533 2.547 2.549 2.563 2.567 2.606
0.00024632 -1.80000 6.80000 1.6000000238 2.5465340628    1.600  1.107  4.0412  4.651    0  0.000  0.538     0.00     0.00     0.00     0.00     0.00 -1 -8.63e-14      0.00 7.507e-01 2.490e-01 4.758e-05 1.299e-05 1.180e-04 -1.000 2.682e-04 2.001 1.811 1.888 1.927 2.046 2.147 2.434 2.474 2.478 2.507 2.512 2.524 2.529 2.543 2.545 2.559 2.563 2.603
0.00024632 -1.80000 6.80000 1.6499999762 2.5499614773    1.649  1.156  4.0521  4.660    0  0.000  0.538     0.00     0.00     0.00     0.00     0.00 -1    -1e-30      0.00 7.507e-01 2.490e-01 4.758e-05 1.299e-05 1.180e-04 -1.000 2.682e-04 1.881 1.649 1.740 1.791 1.922 2.033 2.353 2.403 2.408 2.445 2.451 2.463 2.470 2.486 2.488 2.506 2.510 2.553
0.00024632 -1.80000 6.80000 1.6848357916 2.5522116375    1.684  1.186  4.0591  4.667    0  0.000  0.538     0.00     0.00     0.00     0.00     0.00 -1    -1e-30      0.00 7.507e-01 2.490e-01 4.758e-05 1.299e-05 1.180e-04 -1.000 2.682e-04 1.806 1.549 1.649 1.707 1.846 1.963 2.305 2.361 2.367 2.408 2.415 2.428 2.435 2.452 2.455 2.474 2.479 2.524
0.00024632 -1.80000 6.80000 1.6976935863 2.5530153811    1.697  1.199  4.0620  4.669    0  0.000  0.538     0.00     0.00     0.00     0.00     0.00 -1    -1e-30      0.00 7.507e-01 2.490e-01 4.758e-05 1.299e-05 1.180e-04 -1.000 2.682e-04 1.773 1.506 1.610 1.671 1.813 1.932 2.283 2.342 2.348 2.391 2.398 2.411 2.419 2.436 2.439 2.459 2.464 2.510
0.00024632 -1.80000 6.80000 1.7453873158 2.5558781534    1.744  1.247  4.0724  4.675    0  0.000  0.538     0.00     0.00     0.00     0.00     0.00 -1    -1e-30      0.00 7.507e-01 2.490e-01 4.758e-05 1.299e-05 1.180e-04 -1.000 2.682e-04 1.653 1.353 1.468 1.540 1.693 1.820 2.204 2.273 2.280 2.329 2.337 2.350 2.359 2.378 2.382 2.404 2.409 2.459
0.00024632 -1.80000 6.80000 1.7930808067 2.5585664829    1.792  1.292  4.0822  4.680    0  0.000  0.538     0.00     0.00     0.00     0.00     0.00 -1    -1e-30      0.00 7.508e-01 2.490e-01 4.758e-05 1.299e-05 1.180e-04 -1.000 2.681e-04 1.540 1.211 1.337 1.419 1.581 1.716 2.131 2.209 2.216 2.270 2.280 2.293 2.303 2.323 2.327 2.353 2.358 2.411
0.00024632 -1.80000 6.80000 1.8407745361 2.5610952515    1.840  1.336  4.0918  4.686    0  0.000  0.538     0.00     0.00     0.00     0.00     0.00 -1    -1e-30      0.00 7.508e-01 2.490e-01 4.758e-05 1.299e-05 1.180e-04 -1.000 2.681e-04 1.429 1.074 1.210 1.301 1.472 1.615 2.061 2.146 2.154 2.213 2.224 2.238 2.248 2.270 2.274 2.302 2.307 2.364
0.00024632 -1.80000 6.80000 1.8884680271 2.5634776821    1.887  1.380  4.1012  4.691    0  0.000  0.538     0.00     0.00     0.00     0.00     0.00 -1    -1e-30      0.00 7.508e-01 2.490e-01 4.757e-05 1.299e-05 1.180e-04 -1.000 2.681e-04 1.321 0.943 1.087 1.188 1.367 1.518 1.992 2.086 2.094 2.158 2.169 2.184 2.195 2.218 2.222 2.253 2.258 2.318
0.00024632 -1.80000 6.80000 1.9361617565 2.5657256486    1.935  1.422  4.1103  4.696    0  0.000  0.538     0.00     0.00     0.00     0.00     0.00 -1    -1e-30      0.00 7.508e-01 2.490e-01 4.757e-05 1.299e-05 1.180e-04 -1.000 2.681e-04 1.215 0.816 0.969 1.078 1.266 1.423 1.926 2.028 2.036 2.104 2.116 2.131 2.143 2.167 2.172 2.205 2.211 2.274
0.00024632 -1.80000 6.80000 1.9838552475 2.5678497580    1.984  1.462  4.1189  4.701    0  0.000  0.538     0.00     0.00     0.00     0.00     0.00 -1    -1e-30      0.00 7.508e-01 2.489e-01 4.757e-05 1.299e-05 1.180e-04 -1.000 2.671e-04 1.114 0.698 0.860 0.976 1.172 1.335 1.864 1.972 1.981 2.053 2.066 2.081 2.094 2.119 2.124 2.158 2.165 2.231
0.00024632 -1.80000 6.80000 2.0315487385 2.5698595823    2.031  1.501  4.1271  4.705    0  0.000  0.538     0.00     0.00     0.00     0.00     0.00 -1    -1e-30      0.00 7.508e-01 2.489e-01 4.757e-05 1.299e-05 1.180e-04 -1.000 2.682e-04 1.017 0.586 0.755 0.879 1.081 1.251 1.804 1.918 1.927 2.003 2.017 2.033 2.046 2.072 2.077 2.114 2.120 2.190
0.00024632 -1.80000 6.80000 2.0792422295 2.5717637421    2.078  1.539  4.1352  4.709    0  0.000  0.538     0.00     0.00     0.00     0.00     0.00 -1    -1e-30      0.00 7.508e-01 2.489e-01 4.757e-05 1.299e-05 1.180e-04 -1.000 2.682e-04 0.922 0.476 0.653 0.784 0.993 1.168 1.745 1.865 1.875 1.954 1.968 1.985 1.999 2.025 2.031 2.069 2.077 2.149
0.00024632 -1.80000 6.80000 2.1269361973 2.5735700473    2.126  1.576  4.1428  4.712    0  0.000  0.538     0.00     0.00     0.00     0.00     0.00 -1    -1e-30      0.00 7.508e-01 2.489e-01 4.757e-05 1.299e-05 1.180e-04 -1.000 2.682e-04 0.829 0.370 0.555 0.692 0.908 1.089 1.687 1.814 1.824 1.906 1.921 1.938 1.952 1.980 1.986 2.026 2.033 2.109
0.00024632 -1.80000 6.80000 2.1746296883 2.5752855217    2.173  1.612  4.1503  4.716    0  0.000  0.538     0.00     0.00     0.00     0.00     0.00 -1    -1e-30      0.00 7.508e-01 2.489e-01 4.757e-05 1.299e-05 1.180e-04 -1.000 2.682e-04 0.739 0.268 0.461 0.604 0.826 1.012 1.632 1.764 1.774 1.859 1.875 1.892 1.908 1.936 1.942 1.984 1.992 2.070
0.00024632 -1.80000 6.80000 2.2223231792 2.5769165945    2.221  1.647  4.1576  4.719    0  0.000  0.538     0.00     0.00     0.00     0.00     0.00 -1    -1e-30      0.00 7.508e-01 2.489e-01 4.757e-05 1.299e-05 1.180e-04 -1.000 2.681e-04 0.651 0.171 0.370 0.520 0.747 0.939 1.578 1.715 1.726 1.814 1.831 1.848 1.864 1.893 1.900 1.943 1.951 2.032
0.00024632 -1.80000 6.80000 2.2700166702 2.5784690987    2.269  1.682  4.1646  4.722    0  0.000  0.538     0.00     0.00     0.00     0.00     0.00 -1    -1e-30      0.00 7.508e-01 2.489e-01 4.757e-05 1.299e-05 1.180e-04 -1.000 2.682e-04 0.566 0.077 0.283 0.438 0.671 0.867 1.525 1.667 1.678 1.770 1.787 1.805 1.821 1.851 1.858 1.903 1.911 1.994
0.00024632 -1.80000 6.80000 2.3177103996 2.5799483602    2.316  1.715  4.1713  4.725    0  0.000  0.538     0.00     0.00     0.00     0.00     0.00 -1    -1e-30      0.00 7.508e-01 2.490e-01 4.758e-05 1.299e-05 1.180e-04 -1.000 2.681e-04 0.482 -0.015 0.197 0.358 0.597 0.798 1.473 1.620 1.631 1.725 1.743 1.761 1.778 1.809 1.816 1.862 1.871 1.956
0.00024632 -1.80000 6.80000 2.3654041290 2.5813592303    2.364  1.747  4.1778  4.728    0  0.000  0.538     0.00     0.00     0.00     0.00     0.00 -1    -1e-30      0.00 7.507e-01 2.490e-01 4.758e-05 1.299e-05 1.180e-04 -1.000 2.681e-04 0.402 -0.102 0.116 0.282 0.526 0.731 1.423 1.575 1.587 1.683 1.701 1.720 1.737 1.769 1.776 1.824 1.833 1.920
0.00024632 -1.80000 6.80000 2.5561783314 2.5864023993    2.555  1.869  4.2009  4.732    0  0.000  0.538     0.00     0.00     0.00     0.00     0.00 -1    -1e-30      0.00 7.507e-01 2.491e-01 4.762e-05 1.300e-05 1.181e-04 -1.000 2.682e-04 0.098 -0.426 -0.185 -0.001 0.260 0.482 1.229 1.397 1.410 1.516 1.536 1.556 1.575 1.609 1.617 1.670 1.679 1.774
0.00024632 -1.80000 6.80000 2.7469530106 2.5906486578    2.746  1.981  4.2206  4.730    0  0.000  0.538     0.00     0.00     0.00     0.00     0.00 -1    -1e-30      0.00 7.507e-01 2.491e-01 4.762e-05 1.300e-05 1.181e-04 -1.000 2.682e-04 -0.182 -0.716 -0.457 -0.258 0.018 0.252 1.043 1.225 1.239 1.353 1.374 1.395 1.416 1.453 1.461 1.518 1.528 1.629
0.00024632 -1.80000 6.80000 2.9377272129 2.5942670328    2.937  2.084  4.2386  4.728    1  0.000  0.538     0.00     0.00     0.00     0.00     0.00 -1    -1e-30      0.00 7.507e-01 2.491e-01 4.762e-05 1.300e-05 1.181e-04 -1.000 2.682e-04 -0.440 -0.980 -0.704 -0.492 -0.204 0.042 0.871 1.065 1.080 1.201 1.224 1.246 1.268 1.307 1.316 1.377 1.387 1.493
0.00024632 -1.80000 6.80000 3.1285016537 2.5973826876    3.127  2.180  4.2547  4.724    0  0.000  0.538     0.00     0.00     0.00     0.00     0.00 -1    -1e-30      0.00 7.507e-01 2.491e-01 4.762e-05 1.300e-05 1.181e-04 -1.000 2.682e-04 -0.681 -1.222 -0.931 -0.708 -0.409 -0.152 0.709 0.914 0.929 1.057 1.081 1.104 1.127 1.168 1.177 1.241 1.252 1.363
0.00024632 -1.80000 6.80000 3.3192763329 2.6000901190    3.317  2.270  4.2695  4.719    1  0.000  0.538     0.00     0.00     0.00     0.00     0.00 -1    -1e-30      0.00 7.507e-01 2.491e-01 4.762e-05 1.300e-05 1.181e-04 -1.000 2.682e-04 -0.905 -1.446 -1.141 -0.909 -0.600 -0.334 0.555 0.770 0.786 0.919 0.945 0.969 0.993 1.035 1.045 1.112 1.124 1.239
0.00024632 -1.80000 6.80000 3.5100505352 2.6024619191    3.507  2.354  4.2828  4.712    1  0.000  0.538     0.00     0.00     0.00     0.00     0.00 -1    -1e-30      0.00 7.507e-01 2.491e-01 4.762e-05 1.300e-05 1.181e-04 -1.000 2.682e-04 -1.115 -1.655 -1.338 -1.097 -0.780 -0.506 0.408 0.632 0.649 0.787 0.814 0.838 0.864 0.907 0.918 0.987 0.999 1.118
0.00024632 -1.80000 6.80000 3.7008249760 2.6045547359    3.697  2.433  4.2954  4.706    1  0.000  0.538     0.00     0.00     0.00     0.00     0.00 -1    -1e-30      0.00 7.507e-01 2.491e-01 4.762e-05 1.300e-05 1.181e-04 -1.000 2.682e-04 -1.313 -1.849 -1.521 -1.272 -0.947 -0.667 0.271 0.503 0.520 0.663 0.692 0.716 0.743 0.788 0.798 0.870 0.882 1.005
0.00024632 -1.80000 6.80000 3.8915991783 2.6064133546    3.889  2.508  4.3069  4.699    1  0.000  0.538     0.00     0.00     0.00     0.00     0.00 -1    -1e-30      0.00 7.507e-01 2.491e-01 4.762e-05 1.300e-05 1.181e-04 -1.000 2.682e-04 -1.501 -2.033 -1.694 -1.438 -1.107 -0.820 0.138 0.378 0.396 0.543 0.572 0.598 0.625 0.671 0.682 0.756 0.768 0.894
0.00024632 -1.80000 6.80000 4.0823736191 2.6080736354    4.081  2.580  4.3176  4.691    1  0.000  0.538     0.00     0.00     0.00     0.00     0.00 -1    -1e-30      0.00 7.507e-01 2.491e-01 4.762e-05 1.300e-05 1.181e-04 -1.000 2.682e-04 -1.681 -2.208 -1.860 -1.597 -1.260 -0.967 0.009 0.257 0.275 0.426 0.456 0.482 0.510 0.557 0.568 0.644 0.657 0.785
0.00024632 -1.80000 6.80000 4.2731480598 2.6095645961    4.270  2.648  4.3279  4.684    1  0.000  0.538     0.00     0.00     0.00     0.00     0.00 -1    -1e-30      0.00 7.507e-01 2.491e-01 4.762e-05 1.300e-05 1.181e-04 -1.000 2.682e-04 -1.850 -2.372 -2.014 -1.745 -1.403 -1.104 -0.111 0.143 0.162 0.317 0.348 0.374 0.403 0.451 0.463 0.541 0.553 0.684
0.00024632 -1.80000 6.80000 4.2998480797 2.6097611631    4.296  2.657  4.3293  4.683    1  0.000  0.538     0.00     0.00     0.00     0.00     0.00 -1    -1e-30      0.00 7.507e-01 2.491e-01 4.762e-05 1.300e-05 1.181e-04 -1.000 2.682e-04 -1.873 -2.394 -2.035 -1.765 -1.422 -1.123 -0.128 0.128 0.146 0.302 0.333 0.359 0.388 0.436 0.448 0.526 0.539 0.670
0.00024632 -1.80000 6.80000 4.4639220238 2.6109099560    4.460  2.712  4.3375  4.677    1  0.000  0.538     0.00     0.00     0.00     0.00     0.00 -1    -1e-30      0.00 7.507e-01 2.491e-01 4.762e-05 1.300e-05 1.181e-04 -1.000 2.681e-04 -2.011 -2.527 -2.161 -1.886 -1.539 -1.235 -0.226 0.034 0.053 0.212 0.244 0.270 0.300 0.349 0.361 0.441 0.454 0.587
0.00024632 -1.80000 6.80000 4.6546969414 2.6121292928    4.651  2.774  4.3469  4.671    1  0.000  0.538     0.00     0.00     0.00     0.00     0.00 -1    -1e-30      0.00 7.507e-01 2.491e-01 4.762e-05 1.300e-05 1.181e-04 -1.000 2.682e-04 -2.164 -2.675 -2.301 -2.020 -1.668 -1.360 -0.336 -0.069 -0.050 0.113 0.145 0.172 0.202 0.252 0.264 0.346 0.359 0.495
0.00024632 -1.80000 6.80000 4.8454713821 2.6132388726    4.843  2.832  4.3556  4.665    1  0.000  0.538     0.00     0.00     0.00     0.00     0.00 -1    -1e-30      0.00 7.507e-01 2.491e-01 4.762e-05 1.300e-05 1.181e-04 -1.000 2.682e-04 -2.311 -2.817 -2.434 -2.148 -1.791 -1.479 -0.442 -0.169 -0.150 0.016 0.049 0.076 0.107 0.158 0.170 0.254 0.267 0.405
0.00024632 -1.80000 6.80000 4.8931427002 2.6135006460    4.891  2.847  4.3577  4.663    1  0.000  0.538     0.00     0.00     0.00     0.00     0.00 -1    -1e-30      0.00 7.507e-01 2.491e-01 4.762e-05 1.300e-05 1.181e-04 -1.000 2.682e-04 -2.347 -2.851 -2.467 -2.179 -1.822 -1.508 -0.467 -0.194 -0.174 -0.008 0.026 0.053 0.084 0.135 0.147 0.231 0.244 0.383
0.00024632 -1.80000 6.80000 5.0453062057 2.6142982830    5.044  2.892  4.3643  4.658    1  0.000  0.538     0.00     0.00     0.00     0.00     0.00 -1    -1e-30      0.00 7.507e-01 2.491e-01 4.762e-05 1.300e-05 1.181e-04 -1.000 2.682e-04 -2.459 -2.959 -2.569 -2.277 -1.916 -1.599 -0.548 -0.271 -0.251 -0.082 -0.048 -0.020 0.011 0.063 0.076 0.161 0.174 0.314
0.00024632 -1.80000 6.80000 5.2451410294 2.6152653985    5.244  2.948  4.3726  4.652    1  0.000  0.538     0.00     0.00     0.00     0.00     0.00 -1    -1e-30      0.00 7.507e-01 2.491e-01 4.762e-05 1.300e-05 1.181e-04 -1.000 2.682e-04 -2.600 -3.094 -2.697 -2.400 -2.035 -1.714 -0.651 -0.368 -0.348 -0.175 -0.141 -0.113 -0.081 -0.028 -0.016 0.071 0.085 0.226
0.00024632 -1.80000 6.80000 5.4449768066 2.6161513384    5.445  3.002  4.3804  4.646    1  0.000  0.538     0.00     0.00     0.00     0.00     0.00 -1    -1e-30      0.00 7.507e-01 2.491e-01 4.762e-05 1.300e-05 1.181e-04 -1.000 2.682e-04 -2.736 -3.224 -2.820 -2.517 -2.149 -1.824 -0.749 -0.462 -0.441 -0.266 -0.231 -0.203 -0.170 -0.116 -0.104 -0.016 -0.002 0.142
0.00024632 -1.80000 6.80000 5.5622730255 2.6166373917    5.562  3.033  4.3849  4.642    1  0.000  0.538     0.00     0.00     0.00     0.00     0.00 -1    -1e-30      0.00 7.507e-01 2.491e-01 4.762e-05 1.300e-05 1.181e-04 -1.000 2.682e-04 -2.812 -3.298 -2.889 -2.584 -2.213 -1.886 -0.806 -0.515 -0.495 -0.318 -0.283 -0.254 -0.221 -0.167 -0.154 -0.065 -0.051 0.093
0.00024632 -1.80000 6.80000 5.6448116302 2.6169655267    5.645  3.054  4.3879  4.639    1  0.000  0.538     0.00     0.00     0.00     0.00     0.00 -1    -1e-30      0.00 7.507e-01 2.491e-01 4.762e-05 1.300e-05 1.181e-04 -1.000 2.682e-04 -2.866 -3.349 -2.938 -2.631 -2.258 -1.930 -0.845 -0.553 -0.532 -0.354 -0.318 -0.290 -0.256 -0.202 -0.189 -0.100 -0.086 0.060
0.00024632 -1.80000 6.80000 5.8446474075 2.6177160241    5.845  3.104  4.3951  4.633    1  0.000  0.538     0.00     0.00     0.00     0.00     0.00 -1    -1e-30      0.00 7.507e-01 2.491e-01 4.762e-05 1.300e-05 1.181e-04 -1.000 2.682e-04 -2.991 -3.469 -3.052 -2.740 -2.364 -2.032 -0.937 -0.641 -0.620 -0.439 -0.403 -0.374 -0.340 -0.285 -0.272 -0.181 -0.167 -0.020
0.00024632 -1.80000 6.80000 6.0444827080 2.6184097390    6.044  3.153  4.4019  4.626    1  0.000  0.538     0.00     0.00     0.00     0.00     0.00 -1    -1e-30      0.00 7.507e-01 2.491e-01 4.762e-05 1.300e-05 1.181e-04 -1.000 2.681e-04 -3.112 -3.460 -3.082 -2.806 -2.452 -2.137 -1.106 -0.750 -0.736 -0.535 -0.499 -0.476 -0.446 -0.396 -0.383 -0.307 -0.294 -0.176
0.00024632 -1.80000 6.80000 6.2443170547 2.6190526375    6.243  3.200  4.4086  4.620    1  0.000  0.538     0.00     0.00     0.00     0.00     0.00 -1    -1e-30      0.00 7.507e-01 2.491e-01 4.762e-05 1.300e-05 1.181e-04 -1.000 2.682e-04 -3.229 -3.577 -3.192 -2.909 -2.550 -2.230 -1.193 -0.835 -0.820 -0.615 -0.579 -0.555 -0.524 -0.473 -0.459 -0.381 -0.368 -0.249
0.00024632 -1.80000 6.80000 6.3275094032 2.6193065534    6.325  3.218  4.4112  4.617    1  0.000  0.538     0.00     0.00     0.00     0.00     0.00 -1    -1e-30      0.00 7.507e-01 2.491e-01 4.762e-05 1.300e-05 1.181e-04 -1.000 2.682e-04 -3.276 -3.624 -3.237 -2.951 -2.590 -2.268 -1.229 -0.869 -0.854 -0.648 -0.611 -0.587 -0.555 -0.504 -0.490 -0.411 -0.398 -0.278
0.00024632 -1.80000 6.80000 6.4441528320 2.6196499024    6.441  3.245  4.4149  4.614    1  0.000  0.538     0.00     0.00     0.00     0.00     0.00 -1    -1e-30      0.00 7.507e-01 2.491e-01 4.762e-05 1.300e-05 1.181e-04 -1.000 2.682e-04 -3.342 -3.689 -3.298 -3.008 -2.645 -2.320 -1.278 -0.917 -0.901 -0.693 -0.656 -0.632 -0.599 -0.548 -0.533 -0.453 -0.440 -0.320
0.00024632 -1.80000 6.80000 7.0436587334 2.6212102209    7.037  3.372  4.4325  4.596    1  0.000  0.538     0.00     0.00     0.00     0.00     0.00 -1    -1e-30      0.00 7.507e-01 2.491e-01 4.762e-05 1.300e-05 1.181e-04 -1.000 2.682e-04 -3.659 -3.995 -3.582 -3.276 -2.902 -2.567 -1.503 -1.138 -1.121 -0.907 -0.868 -0.841 -0.806 -0.749 -0.734 -0.646 -0.633 -0.507
0.00024632 -1.80000 6.80000 7.1468958855 2.6214487082    7.141  3.392  4.4353  4.593    1  0.000  0.538     0.00     0.00     0.00     0.00     0.00 -1    -1e-30      0.00 7.507e-01 2.491e-01 4.762e-05 1.300e-05 1.181e-04 -1.000 2.681e-04 -3.711 -4.043 -3.624 -3.317 -2.942 -2.606 -1.537 -1.171 -1.155 -0.941 -0.901 -0.874 -0.838 -0.780 -0.764 -0.675 -0.662 -0.535
0.00024632 -1.80000 6.80000 8.0428352356 2.6232262788    8.041  3.562  4.4581  4.566    1  0.000  0.538     0.00     0.00     0.00     0.00     0.00 -1    -1e-30      0.00 7.507e-01 2.491e-01 4.762e-05 1.300e-05 1.181e-04 -1.000 2.682e-04 -4.134 -4.442 -4.000 -3.676 -3.291 -2.945 -1.841 -1.469 -1.453 -1.236 -1.195 -1.165 -1.128 -1.066 -1.049 -0.954 -0.939 -0.805
0.00024632 -1.80000 6.80000 8.9958133698 2.6246773950    8.988  3.722  4.4790  4.538    1  0.000  0.538     0.00     0.00     0.00     0.00     0.00 -1    -1e-30      0.00 7.507e-01 2.491e-01 4.762e-05 1.300e-05 1.181e-04 -1.000 2.682e-04 -4.534 -4.834 -4.392 -4.048 -3.653 -3.299 -2.169 -1.786 -1.767 -1.543 -1.501 -1.474 -1.438 -1.381 -1.365 -1.273 -1.259 -1.120
0.00024632 -1.80000 6.80000 9.0420112610 2.6247388562    9.035  3.729  4.4800  4.537    1  0.000  0.538     0.00     0.00     0.00     0.00     0.00 -1    -1e-30      0.00 7.507e-01 2.491e-01 4.762e-05 1.300e-05 1.181e-04 -1.000 2.681e-04 -4.553 -4.852 -4.409 -4.064 -3.668 -3.314 -2.183 -1.800 -1.781 -1.556 -1.515 -1.488 -1.451 -1.394 -1.378 -1.286 -1.272 -1.133
0.00024632 -1.80000 6.80000 9.1752252579 2.6249121042    9.168  3.750  4.4826  4.533    1  0.000  0.538     0.00     0.00     0.00     0.00     0.00 -1    -1e-30      0.00 7.507e-01 2.491e-01 4.762e-05 1.300e-05 1.181e-04 -1.000 2.682e-04 -4.604 -4.902 -4.457 -4.110 -3.712 -3.356 -2.223 -1.839 -1.820 -1.594 -1.553 -1.525 -1.489 -1.431 -1.415 -1.323 -1.308 -1.169
0.00024632 -1.80000 6.80000 10.0239114761 2.6258926606   10.020  3.876  4.4986  4.509    1  0.000  0.538     0.00     0.00     0.00     0.00     0.00 -1    -1e-30      0.00 7.507e-01 2.491e-01 4.762e-05 1.300e-05 1.181e-04 -1.000 2.682e-04 -4.920 -5.206 -4.748 -4.387 -3.981 -3.617 -2.469 -2.081 -2.060 -1.828 -1.785 -1.756 -1.718 -1.658 -1.643 -1.548 -1.533 -1.390
0.00024632 -1.80000 6.80000 10.0411872864 2.6259106502   10.037  3.879  4.4989  4.509    1  0.000  0.538     0.00     0.00     0.00     0.00     0.00 -1    -1e-30      0.00 7.507e-01 2.491e-01 4.762e-05 1.300e-05 1.181e-04 -1.000 2.682e-04 -4.927 -5.212 -4.753 -4.392 -3.987 -3.622 -2.474 -2.085 -2.064 -1.833 -1.789 -1.761 -1.722 -1.663 -1.647 -1.553 -1.538 -1.395
0.00024632 -1.80000 6.80000 10.6042680740 2.6264602949   10.603  3.956  4.5085  4.493    1  0.000  0.538     0.00     0.00     0.00     0.00     0.00 -1    -1e-30      0.00 7.507e-01 2.491e-01 4.762e-05 1.300e-05 1.181e-04 -1.000 2.682e-04 -5.120 -5.391 -4.930 -4.565 -4.156 -3.787 -2.625 -2.235 -2.214 -1.979 -1.935 -1.905 -1.865 -1.804 -1.788 -1.692 -1.677 -1.532
0.00024632 -1.80000 6.80000 11.0403633118 2.6268419734   11.040  4.014  4.5155  4.481    1  0.000  0.538     0.00     0.00     0.00     0.00     0.00 -1    -1e-30      0.00 7.507e-01 2.491e-01 4.762e-05 1.300e-05 1.181e-04 -1.000 2.681e-04 -5.265 -5.523 -5.061 -4.694 -4.282 -3.911 -2.738 -2.346 -2.325 -2.090 -2.044 -2.014 -1.973 -1.910 -1.894 -1.796 -1.781 -1.634
0.00024632 -1.80000 6.80000 11.4555835724 2.6271744987   11.454  4.066  4.5218  4.470    1  0.000  0.538     0.00     0.00     0.00     0.00     0.00 -1 -1.49e-30      0.00 7.507e-01 2.491e-01 4.763e-05 1.300e-05 1.181e-04 -1.000 2.683e-04 -5.395 -5.643 -5.179 -4.810 -4.397 -4.023 -2.840 -2.448 -2.427 -2.190 -2.144 -2.113 -2.071 -2.007 -1.991 -1.891 -1.876 -1.728
0.00024632 -1.80000 6.80000 12.0395402908 2.6275978200   12.037  4.137  4.5301  4.453    1  0.000  0.538     0.00     0.00     0.00     0.00     0.00 -1 -2.56e-30      0.00 7.507e-01 2.491e-01 4.764e-05 1.300e-05 1.181e-04 -1.000 2.682e-04 -5.573 -5.801 -5.336 -4.963 -4.547 -4.170 -2.978 -2.584 -2.562 -2.323 -2.277 -2.245 -2.203 -2.137 -2.121 -2.019 -2.004 -1.853
0.00024632 -1.80000 6.80000 12.3369760513 2.6277958080   12.333  4.172  4.5340  4.445    1  0.000  0.539     0.00     0.00     0.00     0.00     0.00 -1 -3.91e-27      0.00 7.506e-01 2.491e-01 4.774e-05 1.300e-05 1.181e-04 -1.000 2.682e-04 -5.660 -5.876 -5.410 -5.036 -4.619 -4.240 -3.045 -2.649 -2.627 -2.387 -2.341 -2.309 -2.266 -2.200 -2.184 -2.081 -2.065 -1.914
0.00024632 -1.80000 6.80000 13.2555427551 2.6283432747   13.247  4.275  4.5453  4.418    1  0.000  0.542     0.00     0.00     0.00     0.00     0.00 -1 -9.52e-18      0.00 7.506e-01 2.491e-01 4.801e-05 1.301e-05 1.180e-04 -1.000 2.682e-04 -5.917 -6.100 -5.634 -5.255 -4.834 -4.451 -3.246 -2.847 -2.825 -2.583 -2.537 -2.504 -2.461 -2.394 -2.377 -2.271 -2.256 -2.101
0.00024632 -1.80000 6.80000 14.0378913879 2.6287451736   14.026  4.359  4.5540  4.394    1  0.000  0.545     0.00     0.00     0.00     0.00     0.00 -1 -3.14e-10      0.00 7.506e-01 2.491e-01 4.823e-05 1.301e-05 1.180e-04 -1.000 2.682e-04 -6.127 -6.272 -5.809 -5.430 -5.007 -4.623 -3.409 -3.008 -2.986 -2.745 -2.699 -2.667 -2.625 -2.558 -2.541 -2.435 -2.419 -2.264
0.00024632 -1.80000 6.80000 14.4295349121 2.6289276442   14.419  4.398  4.5580  4.383    1  0.000  0.545     0.00     0.00     0.00     0.00     0.00 -1 -3.74e-10      0.00 7.506e-01 2.491e-01 4.823e-05 1.301e-05 1.180e-04 -1.000 2.682e-04 -6.225 -6.348 -5.887 -5.510 -5.087 -4.703 -3.484 -3.083 -3.061 -2.821 -2.775 -2.744 -2.702 -2.636 -2.619 -2.514 -2.498 -2.342
0.00024632 -1.80000 6.80000 15.3088216782 2.6292984793   15.302  4.483  4.5663  4.357    1  0.000  0.545     0.00     0.00     0.00     0.00     0.00 -1 -5.47e-10      0.00 7.506e-01 2.491e-01 4.823e-05 1.301e-05 1.180e-04 -1.000 2.682e-04 -6.437 -6.514 -6.059 -5.684 -5.261 -4.877 -3.650 -3.247 -3.226 -2.988 -2.943 -2.912 -2.871 -2.807 -2.790 -2.685 -2.670 -2.513
0.00024632 -1.80000 6.80000 16.0362453461 2.6295701814   16.032  4.551  4.5724  4.334    1  0.000  0.545     0.00     0.00     0.00     0.00     0.00 -1 -7.48e-10      0.00 7.506e-01 2.491e-01 4.823e-05 1.301e-05 1.180e-04 -1.000 2.682e-04 -6.607 -6.648 -6.197 -5.824 -5.401 -5.017 -3.784 -3.380 -3.359 -3.123 -3.078 -3.048 -3.007 -2.943 -2.927 -2.823 -2.807 -2.649
0.00024632 -1.80000 6.80000 16.7265758514 2.6298030564   16.717  4.611  4.5774  4.311    1  0.000  0.545     0.00     0.00     0.00     0.00     0.00 -1 -9.79e-10      0.00 7.506e-01 2.491e-01 4.823e-05 1.301e-05 1.180e-04 -1.000 2.682e-04 -6.759 -6.768 -6.319 -5.947 -5.525 -5.141 -3.904 -3.499 -3.479 -3.245 -3.200 -3.170 -3.130 -3.067 -3.050 -2.946 -2.931 -2.773
0.00024632 -1.80000 6.80000 17.4894809723 2.6300359800   17.473  4.677  4.5822  4.284    1  0.000  0.545     0.00     0.00     0.00     0.00     0.00 -1  -1.3e-09      0.00 7.506e-01 2.491e-01 4.823e-05 1.301e-05 1.180e-04 -1.000 2.682e-04 -6.922 -6.897 -6.447 -6.077 -5.656 -5.273 -4.032 -3.627 -3.608 -3.376 -3.332 -3.302 -3.263 -3.200 -3.183 -3.081 -3.065 -2.907
0.00024632 -1.80000 6.80000 18.0345973969 2.6301886012   18.016  4.722  4.5852  4.265    1  0.000  0.545     0.00     0.00     0.00     0.00     0.00 -1 -1.59e-09      0.00 7.506e-01 2.491e-01 4.823e-05 1.301e-05 1.180e-04 -1.000 2.682e-04 -7.035 -6.988 -6.539 -6.169 -5.748 -5.366 -4.123 -3.719 -3.699 -3.469 -3.425 -3.395 -3.356 -3.294 -3.278 -3.175 -3.160 -3.002
0.00024632 -1.80000 6.80000 18.1205844879 2.6302117135   18.101  4.729  4.5857  4.262    1  0.000  0.545     0.00     0.00     0.00     0.00     0.00 -1 -1.63e-09      0.00 7.506e-01 2.491e-01 4.823e-05 1.301e-05 1.180e-04 -1.000 2.682e-04 -7.052 -7.002 -6.552 -6.183 -5.762 -5.380 -4.136 -3.732 -3.713 -3.483 -3.439 -3.409 -3.370 -3.308 -3.292 -3.190 -3.174 -3.016
0.00024632 -1.80000 6.80000 18.8896179199 2.6304077071   18.871  4.788  4.5891  4.234    1  0.000  0.545     0.00     0.00     0.00     0.00     0.00 -1 -2.11e-09      0.00 7.506e-01 2.491e-01 4.823e-05 1.301e-05 1.180e-04 -1.000 2.682e-04 -7.201 -7.125 -6.676 -6.307 -5.887 -5.506 -4.259 -3.855 -3.836 -3.608 -3.565 -3.535 -3.497 -3.435 -3.419 -3.317 -3.301 -3.144
0.00024632 -1.80000 6.80000 19.6230430603 2.6305782626   19.604  4.844  4.5917  4.205    1  0.000  0.545     0.00     0.00     0.00     0.00     0.00 -1 -2.67e-09      0.00 7.506e-01 2.491e-01 4.823e-05 1.301e-05 1.180e-04 -1.000 2.682e-04 -7.341 -7.244 -6.795 -6.428 -6.008 -5.627 -4.379 -3.975 -3.957 -3.730 -3.687 -3.658 -3.619 -3.558 -3.542 -3.440 -3.425 -3.268
0.00024632 -1.80000 6.80000 20.0329494476 2.6306673532   20.014  4.875  4.5927  4.187    1  0.000  0.545     0.00     0.00     0.00     0.00     0.00 -1 -3.04e-09      0.00 7.506e-01 2.491e-01 4.823e-05 1.301e-05 1.180e-04 -1.000 2.682e-04 -7.417 -7.311 -6.863 -6.496 -6.076 -5.696 -4.447 -4.043 -4.025 -3.799 -3.756 -3.727 -3.689 -3.627 -3.611 -3.510 -3.494 -3.337
0.00024632 -1.80000 6.80000 20.1600589752 2.6306941348   20.142  4.884  4.5930  4.182    1  0.000  0.545     0.00     0.00     0.00     0.00     0.00 -1 -3.15e-09      0.00 7.506e-01 2.491e-01 4.823e-05 1.301e-05 1.180e-04 -1.000 2.682e-04 -7.440 -7.331 -6.883 -6.516 -6.096 -5.716 -4.467 -4.063 -4.045 -3.819 -3.776 -3.747 -3.709 -3.647 -3.631 -3.530 -3.515 -3.358
0.00024632 -1.80000 6.80000 21.1518878937 2.6308904610   21.131  4.952  4.5944  4.140    1  0.000  0.545     0.00     0.00     0.00     0.00     0.00 -1  -4.2e-09      0.00 7.506e-01 2.491e-01 4.823e-05 1.301e-05 1.180e-04 -1.000 2.682e-04 -7.611 -7.487 -7.040 -6.674 -6.255 -5.875 -4.625 -4.222 -4.204 -3.979 -3.937 -3.908 -3.870 -3.809 -3.793 -3.692 -3.676 -3.519
0.00024632 -1.80000 6.80000 22.0855789185 2.6310568711   22.062  5.015  4.5945  4.097    1  0.000  0.545     0.00     0.00     0.00     0.00     0.00 -1 -5.45e-09      0.00 7.506e-01 2.491e-01 4.823e-05 1.301e-05 1.180e-04 -1.000 2.682e-04 -7.767 -7.636 -7.191 -6.826 -6.407 -6.028 -4.778 -4.375 -4.357 -4.133 -4.092 -4.062 -4.025 -3.964 -3.948 -3.846 -3.831 -3.674
0.00024632 -1.80000 6.80000 22.9359474182 2.6311949526   22.910  5.071  4.5930  4.051    1  0.000  0.545     0.00     0.00     0.00     0.00     0.00 -1 -6.84e-09      0.00 7.506e-01 2.491e-01 4.823e-05 1.301e-05 1.180e-04 -1.000 2.682e-04 -7.907 -7.779 -7.335 -6.970 -6.552 -6.174 -4.925 -4.523 -4.505 -4.282 -4.240 -4.211 -4.173 -4.112 -4.096 -3.994 -3.979 -3.822
0.00024632 -1.80000 6.80000 23.7382488251 2.6313148534   23.709  5.123  4.5900  4.002    1  0.000  0.545     0.00     0.00     0.00     0.00     0.00 -1 -8.44e-09      0.00 7.506e-01 2.491e-01 4.823e-05 1.301e-05 1.180e-04 -1.000 2.682e-04 -8.037 -7.920 -7.477 -7.114 -6.697 -6.319 -5.072 -4.670 -4.653 -4.430 -4.388 -4.359 -4.322 -4.260 -4.244 -4.142 -4.126 -3.969
0.00024632 -1.80000 6.80000 24.0296573639 2.6313561304   23.998  5.141  4.5887  3.984    1  0.000  0.545     0.00     0.00     0.00     0.00     0.00 -1 -9.11e-09      0.00 7.506e-01 2.491e-01 4.823e-05 1.301e-05 1.180e-04 -1.000 2.682e-04 -8.083 -7.970 -7.529 -7.167 -6.750 -6.372 -5.126 -4.725 -4.707 -4.484 -4.443 -4.414 -4.376 -4.314 -4.298 -4.196 -4.181 -4.024
0.00024632 -1.80000 6.80000 24.0550746918 2.6313596762   24.023  5.143  4.5886  3.982    1  0.000  0.545     0.00     0.00     0.00     0.00     0.00 -1 -9.16e-09      0.00 7.506e-01 2.491e-01 4.823e-05 1.301e-05 1.180e-04 -1.000 2.682e-04 -8.087 -7.974 -7.534 -7.171 -6.754 -6.376 -5.130 -4.729 -4.711 -4.489 -4.447 -4.418 -4.380 -4.319 -4.303 -4.201 -4.185 -4.029
0.00024632 -1.80000 6.80000 25.0406494141 2.6314908083   24.998  5.200  4.5827  3.918    1  0.000  0.545     0.00     0.00     0.00     0.00     0.00 -1 -1.15e-08      0.00 7.506e-01 2.491e-01 4.823e-05 1.301e-05 1.180e-04 -1.000 2.681e-04 -8.230 -8.141 -7.706 -7.346 -6.930 -6.552 -5.311 -4.911 -4.893 -4.671 -4.629 -4.600 -4.563 -4.501 -4.485 -4.384 -4.368 -4.213
0.00024632 -1.80000 6.80000 25.8635025024 2.6315915322   25.810  5.248  4.5751  3.855    1  0.000  0.545     0.00     0.00     0.00     0.00     0.00 -1 -1.37e-08      0.00 7.506e-01 2.491e-01 4.823e-05 1.301e-05 1.180e-04 -1.000 2.682e-04 -8.349 -8.292 -7.864 -7.506 -7.091 -6.713 -5.478 -5.080 -5.062 -4.840 -4.798 -4.769 -4.732 -4.671 -4.655 -4.554 -4.539 -4.385
0.00024632 -1.80000 6.80000 26.5172996521 2.6316664580   26.455  5.285  4.5675  3.798    1  0.000  0.545     0.00     0.00     0.00     0.00     0.00 -1 -1.55e-08      0.00 7.506e-01 2.491e-01 4.823e-05 1.301e-05 1.180e-04 -1.000 2.682e-04 -8.442 -8.415 -7.993 -7.638 -7.224 -6.848 -5.617 -5.220 -5.203 -4.983 -4.942 -4.914 -4.877 -4.818 -4.802 -4.704 -4.688 -4.537
0.00024632 -1.80000 6.80000 27.1176567078 2.6317316129   27.047  5.318  4.5592  3.741    1  0.000  0.545     0.00     0.00     0.00     0.00     0.00 -1 -1.71e-08      0.00 7.506e-01 2.491e-01 4.823e-05 1.301e-05 1.180e-04 -1.000 2.682e-04 -8.526 -8.535 -8.119 -7.766 -7.354 -6.979 -5.753 -5.358 -5.341 -5.122 -5.082 -5.054 -5.018 -4.960 -4.944 -4.848 -4.833 -4.684
0.00024632 -1.80000 6.80000 27.6848526001 2.6317901929   27.606  5.350  4.5494  3.679    1  0.000  0.545     0.00     0.00     0.00     0.00     0.00 -1 -1.88e-08      0.00 7.506e-01 2.491e-01 4.823e-05 1.301e-05 1.180e-04 -1.000 2.682e-04 -8.605 -8.661 -8.253 -7.903 -7.491 -7.118 -5.898 -5.504 -5.487 -5.269 -5.228 -5.201 -5.165 -5.108 -5.092 -4.998 -4.983 -4.836
0.00024632 -1.80000 6.80000 28.0263614655 2.6318241518   27.945  5.369  4.5425  3.637    1  0.000  0.545     0.00     0.00     0.00     0.00     0.00 -1 -1.98e-08      0.00 7.506e-01 2.491e-01 4.823e-05 1.301e-05 1.180e-04 -1.000 2.682e-04 -8.653 -8.738 -8.335 -7.987 -7.577 -7.204 -5.989 -5.596 -5.579 -5.360 -5.319 -5.291 -5.255 -5.197 -5.182 -5.087 -5.072 -4.925
0.00024632 -1.80000 6.80000 28.3865985870 2.6318589565   28.301  5.388  4.5350  3.593    1  0.000  0.545     0.00     0.00     0.00     0.00     0.00 -1 -2.06e-08      0.00 7.506e-01 2.491e-01 4.823e-05 1.301e-05 1.180e-04 -1.000 2.682e-04 -8.701 -8.820 -8.424 -8.078 -7.668 -7.295 -6.086 -5.694 -5.676 -5.456 -5.415 -5.388 -5.352 -5.293 -5.278 -5.183 -5.168 -5.021
0.00024632 -1.80000 6.80000 28.8065967560 2.6318982739   28.715  5.411  4.5267  3.544    1  0.000  0.545     0.00     0.00     0.00     0.00     0.00 -1 -2.15e-08      0.00 7.506e-01 2.491e-01 4.823e-05 1.301e-05 1.180e-04 -1.000 2.682e-04 -8.758 -8.916 -8.528 -8.183 -7.775 -7.403 -6.198 -5.806 -5.789 -5.569 -5.528 -5.500 -5.464 -5.406 -5.391 -5.296 -5.281 -5.134
0.00024632 -1.80000 6.80000 29.3419513702 2.6319465183   29.242  5.440  4.5184  3.490    1  0.000  0.545     0.00     0.00     0.00     0.00     0.00 -1 -2.33e-08      0.00 7.506e-01 2.491e-01 4.823e-05 1.301e-05 1.180e-04 -1.000 2.682e-04 -8.830 -9.022 -8.641 -8.301 -7.894 -7.525 -6.324 -5.934 -5.917 -5.699 -5.658 -5.632 -5.596 -5.540 -5.524 -5.430 -5.416 -5.271
0.00024632 -1.80000 6.80000 29.4606113434 2.6319569389   29.359  5.448  4.5213  3.495    1  0.000  0.545     0.00     0.00     0.00     0.00     0.00 -1 -2.44e-08      0.00 7.506e-01 2.491e-01 4.823e-05 1.301e-05 1.180e-04 -1.000 2.682e-04 -8.849 -9.030 -8.648 -8.306 -7.899 -7.529 -6.326 -5.935 -5.918 -5.699 -5.659 -5.632 -5.596 -5.539 -5.524 -5.430 -5.415 -5.270
0.00024632 -1.80000 6.80000 29.6098594666 2.6319699095   29.506  5.460  4.5316  3.526    1  0.000  0.545     0.00     0.00     0.00     0.00     0.00 -1 -2.74e-08      0.00 7.506e-01 2.491e-01 4.823e-05 1.301e-05 1.180e-04 -1.000 2.682e-04 -8.880 -9.011 -8.623 -8.279 -7.870 -7.498 -6.290 -5.898 -5.881 -5.662 -5.621 -5.593 -5.557 -5.500 -5.484 -5.390 -5.375 -5.229
0.00024632 -1.80000 6.80000 29.6451492310 2.6319729545   29.540  5.468  4.5421  3.560    1  0.000  0.545     0.00     0.00     0.00     0.00     0.00 -1 -3.01e-08      0.00 7.506e-01 2.491e-01 4.823e-05 1.301e-05 1.180e-04 -1.000 2.682e-04 -8.900 -8.978 -8.583 -8.238 -7.828 -7.455 -6.241 -5.849 -5.832 -5.613 -5.572 -5.545 -5.509 -5.451 -5.436 -5.342 -5.327 -5.181
0.00024632 -1.80000 6.80000 29.6564044952 2.6319739239   29.552  5.476  4.5517  3.591    1  0.000  0.545     0.00     0.00     0.00     0.00     0.00 -1 -3.29e-08      0.00 7.506e-01 2.491e-01 4.823e-05 1.301e-05 1.180e-04 -1.000 2.682e-04 -8.921 -8.950 -8.549 -8.203 -7.792 -7.418 -6.199 -5.806 -5.789 -5.571 -5.530 -5.503 -5.467 -5.410 -5.395 -5.302 -5.287 -5.140
0.00024632 -1.80000 6.80000 29.6620979309 2.6319744139   29.557  5.484  4.5604  3.618    1  0.000  0.545     0.00     0.00     0.00     0.00     0.00 -1 -3.54e-08      0.00 7.506e-01 2.491e-01 4.823e-05 1.301e-05 1.180e-04 -1.000 2.682e-04 -8.940 -8.921 -8.515 -8.167 -7.755 -7.380 -6.157 -5.763 -5.746 -5.529 -5.489 -5.461 -5.426 -5.368 -5.353 -5.258 -5.243 -5.096
0.00024632 -1.80000 6.80000 29.6688556671 2.6319749953   29.564  5.490  4.5673  3.640    1  0.000  0.545     0.00     0.00     0.00     0.00     0.00 -1 -3.82e-08      0.00 7.506e-01 2.491e-01 4.823e-05 1.301e-05 1.180e-04 -1.000 2.682e-04 -8.956 -8.899 -8.489 -8.139 -7.727 -7.351 -6.124 -5.730 -5.714 -5.496 -5.456 -5.428 -5.393 -5.335 -5.319 -5.224 -5.209 -5.060
0.00024632 -1.80000 6.80000 29.6775016785 2.6319757387   29.573  5.493  4.5602  3.609    2  0.000  0.545     0.00     0.00     0.00     0.00     0.00 -1 -3.74e-08      0.00 7.506e-01 2.491e-01 4.823e-05 1.301e-05 1.180e-04 -1.000 2.682e-04 -8.963 -8.943 -8.537 -8.190 -7.778 -7.403 -6.180 -5.787 -5.770 -5.553 -5.512 -5.485 -5.449 -5.392 -5.376 -5.282 -5.267 -5.120
0.00024632 -1.80000 6.80000 29.6825847626 2.6319761755   29.577  5.496  4.5530  3.578    2  0.000  0.545     0.00     0.00     0.00     0.00     0.00 -1 -3.65e-08      0.00 7.506e-01 2.491e-01 4.823e-05 1.301e-05 1.180e-04 -1.000 2.682e-04 -8.969 -8.988 -8.588 -8.241 -7.830 -7.456 -6.237 -5.844 -5.827 -5.609 -5.569 -5.542 -5.506 -5.449 -5.434 -5.340 -5.326 -5.179
0.00024632 -1.80000 6.80000 29.6871852875 2.6319765707   29.582  5.498  4.5418  3.530    2  0.000  0.545     0.00     0.00     0.00     0.00     0.00 -1  -3.5e-08      0.00 7.506e-01 2.491e-01 4.823e-05 1.301e-05 1.180e-04 -1.000 2.682e-04 -8.975 -9.051 -8.658 -8.314 -7.905 -7.532 -6.319 -5.927 -5.910 -5.691 -5.650 -5.623 -5.587 -5.529 -5.514 -5.421 -5.406 -5.260
0.00024632 -1.80000 6.80000 29.6908130646 2.6319768822   29.585  5.500  4.5311  3.486    2  0.000  0.545     0.00     0.00     0.00     0.00     0.00 -1 -3.35e-08      0.00 7.506e-01 2.491e-01 4.823e-05 1.301e-05 1.180e-04 -1.000 2.682e-04 -8.980 -9.112 -8.726 -8.383 -7.974 -7.602 -6.395 -6.003 -5.986 -5.767 -5.726 -5.699 -5.663 -5.606 -5.590 -5.496 -5.482 -5.336
0.00024632 -1.80000 6.80000 29.6936988831 2.6319771299   29.588  5.502  4.5215  3.445    2  0.000  0.545     0.00     0.00     0.00     0.00     0.00 -1 -3.21e-08      0.00 7.506e-01 2.491e-01 4.823e-05 1.301e-05 1.180e-04 -1.000 2.682e-04 -8.985 -9.164 -8.782 -8.441 -8.034 -7.664 -6.461 -6.071 -6.054 -5.835 -5.795 -5.768 -5.732 -5.675 -5.660 -5.566 -5.551 -5.406
0.00024632 -1.80000 6.80000 29.6942596436 2.6319771781   29.589  5.502  4.5193  3.436    2  0.000  0.545     0.00     0.00     0.00     0.00     0.00 -1 -3.17e-08      0.00 7.506e-01 2.491e-01 4.823e-05 1.301e-05 1.180e-04 -1.000 2.682e-04 -8.986 -9.172 -8.793 -8.453 -8.047 -7.678 -6.476 -6.086 -6.069 -5.852 -5.811 -5.785 -5.749 -5.693 -5.677 -5.584 -5.569 -5.424
0.00024632 -1.80000 6.80000 29.6974563599 2.6319774524   29.592  5.505  4.5068  3.384    3  0.000  0.545     0.10     0.45     0.39     0.25     0.21  3 -2.95e-08      0.00 7.506e-01 2.491e-01 4.823e-05 1.301e-05 1.180e-04 -1.000 2.682e-04 -8.992 -9.220 -8.855 -8.524 -8.124 -7.761 -6.568 -6.181 -6.166 -5.955 -5.917 -5.891 -5.857 -5.803 -5.787 -5.696 -5.682 -5.540
0.00024632 -1.80000 6.80000 29.6989479065 2.6319775804   29.594  5.506  4.5007  3.358    3  0.000  0.545     0.11     0.47     0.40     0.26     0.22  3 -2.85e-08      0.00 7.506e-01 2.491e-01 4.823e-05 1.301e-05 1.180e-04 -1.000 2.682e-04 -8.995 -9.242 -8.886 -8.561 -8.164 -7.805 -6.616 -6.232 -6.218 -6.011 -5.974 -5.949 -5.916 -5.863 -5.847 -5.758 -5.744 -5.605
0.00024632 -1.80000 6.80000 29.6998691559 2.6319776595   29.594  5.507  4.4968  3.341    3  0.000  0.545     0.11     0.48     0.42     0.27     0.22  3 -2.83e-08      0.00 7.506e-01 2.491e-01 4.823e-05 1.301e-05 1.180e-04 -1.000 2.682e-04 -8.998 -9.254 -8.902 -8.580 -8.185 -7.827 -6.642 -6.259 -6.245 -6.040 -6.003 -5.978 -5.945 -5.891 -5.876 -5.786 -5.772 -5.634
0.00024632 -1.80000 6.80000 29.7024059296 2.6319778771   29.597  5.510  4.4860  3.296    3  0.000  0.545     0.13     0.52     0.45     0.29     0.24  3 -2.66e-08      0.00 7.506e-01 2.491e-01 4.823e-05 1.301e-05 1.180e-04 -1.000 2.682e-04 -9.005 -9.284 -8.942 -8.628 -8.237 -7.884 -6.708 -6.329 -6.317 -6.114 -6.077 -6.052 -6.019 -5.965 -5.949 -5.859 -5.845 -5.710
0.00024632 -1.80000 6.80000 29.7043819427 2.6319780466   29.599  5.512  4.4779  3.261    3  0.000  0.545     0.14     0.56     0.48     0.31     0.26  3 -2.54e-08      0.00 7.506e-01 2.491e-01 4.823e-05 1.301e-05 1.180e-04 -1.000 2.682e-04 -9.010 -9.304 -8.972 -8.664 -8.277 -7.927 -6.758 -6.382 -6.370 -6.171 -6.135 -6.110 -6.078 -6.023 -6.007 -5.918 -5.904 -5.770
0.00024632 -1.80000 6.80000 29.7090930939 2.6319784506   29.604  5.518  4.4607  3.186    3  0.000  0.545     0.17     0.64     0.54     0.36     0.29  3 -2.34e-08      0.00 7.506e-01 2.491e-01 4.823e-05 1.301e-05 1.180e-04 -1.000 2.682e-04 -9.025 -9.365 -9.041 -8.741 -8.359 -8.014 -6.861 -6.488 -6.476 -6.277 -6.241 -6.216 -6.184 -6.130 -6.115 -6.027 -6.013 -5.883
0.00024632 -1.80000 6.80000 29.7129764557 2.6319787835   29.607  5.523  4.4489  3.134    3  0.000  0.545     0.19     0.70     0.59     0.39     0.32  3 -2.18e-08      0.00 7.506e-01 2.491e-01 4.823e-05 1.301e-05 1.180e-04 -1.000 2.682e-04 -9.037 -9.421 -9.102 -8.806 -8.424 -8.081 -6.937 -6.565 -6.552 -6.350 -6.313 -6.288 -6.255 -6.200 -6.184 -6.096 -6.082 -5.952
0.00024632 -1.80000 6.80000 29.7184772491 2.6319792549   29.613  5.529  4.4358  3.076    3  0.000  0.545     0.22     0.78     0.66     0.43     0.36  3 -1.97e-08      0.00 7.506e-01 2.491e-01 4.823e-05 1.301e-05 1.180e-04 -1.000 2.682e-04 -9.052 -9.469 -9.157 -8.871 -8.494 -8.155 -7.021 -6.651 -6.639 -6.439 -6.402 -6.377 -6.344 -6.289 -6.273 -6.185 -6.171 -6.044
0.00024632 -1.80000 6.80000 29.7262020111 2.6319799166   29.621  5.535  4.4248  3.026    3  0.000  0.545     0.25     0.85     0.72     0.47     0.39  3 -1.78e-08      0.00 7.506e-01 2.491e-01 4.823e-05 1.301e-05 1.180e-04 -1.000 2.682e-04 -9.067 -9.517 -9.209 -8.930 -8.556 -8.220 -7.094 -6.726 -6.713 -6.514 -6.477 -6.451 -6.418 -6.362 -6.346 -6.257 -6.244 -6.119
0.00024632 -1.80000 6.80000 29.7427349091 2.6319813313   29.637  5.543  4.4144  2.977    3  0.000  0.545     0.29     0.93     0.78     0.51     0.43  3 -1.54e-08      0.00 7.506e-01 2.491e-01 4.823e-05 1.301e-05 1.180e-04 -1.000 2.682e-04 -9.087 -9.546 -9.246 -8.976 -8.606 -8.274 -7.160 -6.796 -6.785 -6.587 -6.551 -6.525 -6.492 -6.436 -6.420 -6.333 -6.319 -6.197
0.00024632 -1.80000 6.80000 29.7523632050 2.6319821544   29.646  5.546  4.4112  2.961    3  0.000  0.545     0.30     0.96     0.80     0.53     0.44  3 -1.46e-08      0.00 7.506e-01 2.491e-01 4.823e-05 1.301e-05 1.180e-04 -1.000 2.682e-04 -9.095 -9.556 -9.257 -8.990 -8.621 -8.290 -7.181 -6.819 -6.807 -6.610 -6.574 -6.548 -6.515 -6.459 -6.444 -6.357 -6.344 -6.222
0.00024632 -1.80000 6.80000 29.7675895691 2.6319834548   29.661  5.548  4.4131  2.967    4  0.000  0.545     0.00     0.00     0.00     0.00     0.00 -1 -1.49e-08      0.00 7.506e-01 2.491e-01 4.823e-05 1.301e-05 1.180e-04 -1.000 2.682e-04 -9.100 -9.559 -9.260 -8.991 -8.622 -8.290 -7.179 -6.815 -6.804 -6.606 -6.570 -6.544 -6.511 -6.455 -6.439 -6.352 -6.339 -6.217
0.00024632 -1.80000 6.80000 29.8079719543 2.6319868962   29.701  5.549  4.4186  2.988    4  0.000  0.545     0.00     0.00     0.00     0.00     0.00 -1  -1.6e-08      0.00 7.506e-01 2.491e-01 4.823e-05 1.301e-05 1.180e-04 -1.000 2.682e-04 -9.103 -9.560 -9.258 -8.985 -8.613 -8.280 -7.160 -6.795 -6.783 -6.584 -6.548 -6.522 -6.489 -6.433 -6.417 -6.328 -6.315 -6.191
0.00024632 -1.80000 6.80000 29.9664974213 2.6320003027   29.858  5.554  4.4313  3.036    5  0.000  0.545     0.00     0.00     0.00     0.00     0.00 -1 -1.89e-08      0.00 7.506e-01 2.491e-01 4.823e-05 1.301e-05 1.180e-04 -1.000 2.682e-04 -9.115 -9.547 -9.240 -8.958 -8.582 -8.245 -7.112 -6.743 -6.731 -6.531 -6.495 -6.469 -6.436 -6.381 -6.365 -6.276 -6.263 -6.136
0.00024632 -1.80000 6.80000 30.0235157013 2.6320050849   29.914  5.556  4.4345  3.048    5  0.000  0.545     0.00     0.00     0.00     0.00     0.00 -1 -1.98e-08      0.00 7.506e-01 2.491e-01 4.823e-05 1.301e-05 1.180e-04 -1.000 2.682e-04 -9.120 -9.542 -9.234 -8.950 -8.574 -8.235 -7.100 -6.731 -6.719 -6.519 -6.483 -6.457 -6.424 -6.369 -6.353 -6.264 -6.251 -6.124
0.00024632 -1.80000 6.80000 30.0247135162 2.6320051852   29.918  5.556  4.4345  3.048    5  0.000  0.545     0.00     0.00     0.00     0.00     0.00 -1 -1.98e-08      0.00 7.506e-01 2.491e-01 4.823e-05 1.301e-05 1.180e-04 -1.000 2.682e-04 -9.120 -9.542 -9.235 -8.950 -8.574 -8.235 -7.101 -6.731 -6.719 -6.519 -6.483 -6.457 -6.424 -6.369 -6.353 -6.265 -6.251 -6.124
0.00024632 -1.80000 6.80000 30.3698463440 2.6320336893   30.259  5.568  4.4263  3.008    5  0.000  0.545     0.00     0.00     0.00     0.00     0.00 -1 -1.89e-08      0.00 7.506e-01 2.491e-01 4.823e-05 1.301e-05 1.180e-04 -1.000 2.682e-04 -9.150 -9.599 -9.294 -9.015 -8.640 -8.304 -7.175 -6.806 -6.794 -6.595 -6.558 -6.532 -6.499 -6.442 -6.426 -6.337 -6.324 -6.198
0.00024632 -1.80000 6.80000 30.6932201385 2.6320597285   30.579  5.579  4.4163  2.962    6  0.000  0.545     0.00     0.00     0.00     0.00     0.00 -1 -1.79e-08      0.00 7.506e-01 2.491e-01 4.823e-05 1.301e-05 1.180e-04 -1.000 2.682e-04 -9.178 -9.636 -9.335 -9.064 -8.693 -8.360 -7.244 -6.880 -6.868 -6.670 -6.633 -6.608 -6.575 -6.518 -6.502 -6.415 -6.401 -6.278
0.00024632 -1.80000 6.80000 30.9735202789 2.6320817942   30.855  5.589  4.4047  2.909    6  0.000  0.545     0.00     0.00     0.00     0.00     0.00 -1 -1.65e-08      0.00 7.506e-01 2.491e-01 4.823e-05 1.301e-05 1.180e-04 -1.000 2.682e-04 -9.202 -9.667 -9.371 -9.109 -8.743 -8.414 -7.314 -6.954 -6.943 -6.747 -6.711 -6.686 -6.653 -6.597 -6.582 -6.496 -6.483 -6.363
0.00024632 -1.80000 6.80000 31.2058162689 2.6320997358   31.085  5.597  4.3931  2.858    6  0.000  0.545     0.00     0.00     0.00     0.00     0.00 -1 -1.56e-08      0.00 7.506e-01 2.491e-01 4.823e-05 1.301e-05 1.180e-04 -1.000 2.683e-04 -9.223 -9.704 -9.406 -9.145 -8.782 -8.457 -7.364 -7.009 -6.997 -6.803 -6.768 -6.743 -6.711 -6.659 -6.644 -6.560 -6.547 -6.426
0.00024632 -1.80000 6.80000 31.3994770050 2.6321144603   31.276  5.604  4.3815  2.808    6  0.000  0.545     0.00     0.00     0.00     0.00     0.00 -1 -1.55e-08      0.00 7.506e-01 2.491e-01 4.823e-05 1.301e-05 1.180e-04 -1.000 2.682e-04 -9.239 -9.727 -9.429 -9.169 -8.810 -8.490 -7.420 -7.067 -7.055 -6.862 -6.827 -6.804 -6.773 -6.723 -6.709 -6.630 -6.617 -6.500
0.00024632 -1.80000 6.80000 31.5618629456 2.6321266468   31.436  5.609  4.3702  2.759    6  0.000  0.545     0.00     0.00     0.00     0.00     0.00 -1 -1.81e-08      0.00 7.506e-01 2.491e-01 4.823e-05 1.301e-05 1.180e-04 -1.000 2.682e-04 -9.254 -9.752 -9.463 -9.210 -8.857 -8.543 -7.484 -7.138 -7.126 -6.937 -6.903 -6.882 -6.852 -6.805 -6.791 -6.715 -6.703 -6.587
0.00024632 -1.80000 6.80000 31.7077846527 2.6321374754   31.579  5.615  4.3587  2.710    6  0.000  0.545     0.00     0.00     0.00     0.00     0.00 -1 -1.91e-08      0.00 7.506e-01 2.491e-01 4.823e-05 1.301e-05 1.180e-04 -1.000 2.682e-04 -9.266 -9.775 -9.513 -9.280 -8.936 -8.631 -7.579 -7.240 -7.231 -7.052 -7.020 -7.000 -6.973 -6.928 -6.914 -6.841 -6.829 -6.717
0.00024632 -1.80000 6.80000 31.8348655701 2.6321468130   31.703  5.619  4.3472  2.661    6  0.000  0.545     0.00     0.00     0.00     0.00     0.00 -1 -2.29e-08      0.00 7.506e-01 2.491e-01 4.823e-05 1.301e-05 1.180e-04 -1.000 2.682e-04 -9.277 -9.797 -9.556 -9.339 -9.003 -8.704 -7.659 -7.328 -7.321 -7.151 -7.122 -7.102 -7.077 -7.034 -7.021 -6.950 -6.938 -6.828
0.00024632 -1.80000 6.80000 31.9421939850 2.6321546326   31.808  5.623  4.3360  2.614    6  0.000  0.545     0.00     0.00     0.00     0.00     0.00 -1 -2.92e-08      0.00 7.506e-01 2.491e-01 4.823e-05 1.301e-05 1.180e-04 -1.000 2.682e-04 -9.287 -9.812 -9.572 -9.358 -9.026 -8.731 -7.698 -7.375 -7.368 -7.202 -7.173 -7.154 -7.129 -7.088 -7.075 -7.005 -6.993 -6.883
0.00024632 -1.80000 6.80000 32.0277328491 2.6321608216   31.891  5.626  4.3256  2.570    6  0.000  0.545     0.00     0.00     0.00     0.00     0.00 -1 -3.45e-08      0.00 7.506e-01 2.491e-01 4.823e-05 1.301e-05 1.180e-04 -1.000 2.682e-04 -9.295 -9.824 -9.587 -9.376 -9.048 -8.758 -7.737 -7.421 -7.414 -7.252 -7.224 -7.206 -7.181 -7.141 -7.128 -7.060 -7.048 -6.939
0.00024632 -1.80000 6.80000 32.1032371521 2.6321662530   31.964  5.629  4.3147  2.525    6  0.000  0.545     0.00     0.00     0.00     0.00     0.00 -1 -5.98e-08      0.00 7.506e-01 2.491e-01 4.823e-05 1.301e-05 1.180e-04 -1.000 2.682e-04 -9.302 -9.840 -9.592 -9.375 -9.048 -8.759 -7.754 -7.452 -7.444 -7.282 -7.253 -7.234 -7.209 -7.169 -7.157 -7.086 -7.074 -6.962
0.00024632 -1.80000 6.80000 32.1719398499 2.6321711697   32.031  5.631  4.3027  2.475    6  0.000  0.545     0.00     0.00     0.00     0.00     0.00 -1 -7.07e-08      0.00 7.506e-01 2.491e-01 4.823e-05 1.301e-05 1.180e-04 -1.000 2.682e-04 -9.308 -9.850 -9.607 -9.393 -9.071 -8.786 -7.802 -7.509 -7.501 -7.342 -7.314 -7.296 -7.271 -7.231 -7.219 -7.150 -7.139 -7.028
0.00024632 -1.80000 6.80000 32.2189407349 2.6321745194   32.075  5.633  4.2926  2.433    6  0.000  0.545     0.00     0.00     0.00     0.00     0.00 -1 -1.47e-07      0.00 7.506e-01 2.491e-01 4.823e-05 1.301e-05 1.180e-04 -1.000 2.682e-04 -9.313 -9.864 -9.633 -9.424 -9.105 -8.824 -7.841 -7.552 -7.544 -7.389 -7.361 -7.344 -7.320 -7.281 -7.270 -7.201 -7.189 -7.078
0.00024632 -1.80000 6.80000 32.2647666931 2.6321777746   32.119  5.635  4.2803  2.383    6  0.000  0.545     0.00     0.00     0.00     0.00     0.00 -1 -2.03e-07      0.00 7.506e-01 2.491e-01 4.823e-05 1.301e-05 1.180e-04 -1.000 2.682e-04 -9.317 -9.874 -9.681 -9.492 -9.182 -8.908 -7.914 -7.619 -7.615 -7.468 -7.443 -7.428 -7.406 -7.371 -7.360 -7.295 -7.284 -7.175
0.00024632 -1.80000 6.80000 32.2946472168 2.6321798914   32.147  5.636  4.2702  2.342    6  0.000  0.545     0.00     0.00     0.00     0.00     0.00 -1  -2.1e-07      0.00 7.506e-01 2.491e-01 4.823e-05 1.301e-05 1.180e-04 -1.000 2.682e-04 -9.320 -9.876 -9.694 -9.511 -9.207 -8.939 -7.964 -7.675 -7.672 -7.528 -7.504 -7.489 -7.469 -7.435 -7.424 -7.362 -7.351 -7.245
0.00024632 -1.80000 6.80000 32.3191108704 2.6321816211   32.170  5.637  4.2598  2.300    6  0.000  0.545     0.00     0.00     0.00     0.00     0.00 -1 -2.04e-07      0.00 7.506e-01 2.491e-01 4.823e-05 1.301e-05 1.180e-04 -1.000 2.682e-04 -9.323 -9.876 -9.701 -9.524 -9.226 -8.963 -8.014 -7.732 -7.730 -7.588 -7.565 -7.551 -7.531 -7.498 -7.487 -7.427 -7.416 -7.315
0.00024632 -1.80000 6.80000 32.3362007141 2.6321828277   32.186  5.638  4.2506  2.262    6  0.000  0.545     0.00     0.00     0.00     0.00     0.00 -1 -2.01e-07      0.00 7.506e-01 2.491e-01 4.823e-05 1.301e-05 1.180e-04 -1.000 2.682e-04 -9.325 -9.875 -9.706 -9.533 -9.242 -8.984 -8.058 -7.783 -7.780 -7.642 -7.619 -7.605 -7.586 -7.554 -7.543 -7.485 -7.474 -7.376
0.00024632 -1.80000 6.80000 32.3510551453 2.6321838752   32.200  5.638  4.2404  2.221    6  0.000  0.545     0.00     0.00     0.00     0.00     0.00 -1 -1.97e-07      0.00 7.506e-01 2.491e-01 4.823e-05 1.301e-05 1.180e-04 -1.000 2.682e-04 -9.326 -9.872 -9.709 -9.542 -9.257 -9.005 -8.106 -7.838 -7.836 -7.700 -7.678 -7.664 -7.646 -7.615 -7.605 -7.548 -7.538 -7.444
0.00024632 -1.80000 6.80000 32.3634681702 2.6321847498   32.212  5.639  4.2292  2.176    6  0.000  0.545     0.00     0.00     0.00     0.00     0.00 -1 -1.92e-07      0.00 7.506e-01 2.491e-01 4.823e-05 1.301e-05 1.180e-04 -1.000 2.682e-04 -9.327 -9.868 -9.712 -9.551 -9.273 -9.028 -8.158 -7.898 -7.896 -7.764 -7.742 -7.730 -7.712 -7.682 -7.672 -7.618 -7.608 -7.518
0.00024632 -1.80000 6.80000 32.3707847595 2.6321852649   32.219  5.639  4.2203  2.141    6  0.000  0.545     0.00     0.00     0.00     0.00     0.00 -1 -1.88e-07      0.00 7.506e-01 2.491e-01 4.823e-05 1.301e-05 1.180e-04 -1.000 2.682e-04 -9.327 -9.861 -9.712 -9.556 -9.284 -9.044 -8.198 -7.945 -7.943 -7.814 -7.793 -7.780 -7.763 -7.734 -7.725 -7.672 -7.663 -7.577
0.00024632 -1.80000 6.80000 32.3771057129 2.6321857097   32.226  5.639  4.2105  2.102    6  0.000  0.545     0.00     0.00     0.00     0.00     0.00 -1 -1.83e-07      0.00 7.506e-01 2.491e-01 4.823e-05 1.301e-05 1.180e-04 -1.000 2.682e-04 -9.327 -9.854 -9.710 -9.560 -9.295 -9.062 -8.242 -7.996 -7.995 -7.868 -7.848 -7.836 -7.819 -7.791 -7.782 -7.732 -7.723 -7.641
0.00024632 -1.80000 6.80000 32.3809204102 2.6321859780   32.229  5.638  4.2024  2.070    6  0.000  0.545     0.00     0.00     0.00     0.00     0.00 -1 -1.79e-07      0.00 7.506e-01 2.491e-01 4.823e-05 1.301e-05 1.180e-04 -1.000 2.682e-04 -9.325 -9.845 -9.708 -9.562 -9.303 -9.075 -8.278 -8.038 -8.037 -7.913 -7.893 -7.881 -7.865 -7.838 -7.829 -7.781 -7.772 -7.693
0.00024632 -1.80000 6.80000 32.3845596313 2.6321862339   32.232  5.637  4.1931  2.033    6  0.000  0.545     0.00     0.00     0.00     0.00     0.00 -1 -1.74e-07      0.00 7.506e-01 2.491e-01 4.823e-05 1.301e-05 1.180e-04 -1.000 2.682e-04 -9.324 -9.833 -9.702 -9.562 -9.311 -9.089 -8.318 -8.085 -8.084 -7.963 -7.944 -7.933 -7.917 -7.891 -7.883 -7.836 -7.828 -7.753
0.00024632 -1.80000 6.80000 32.3846092224 2.6321862374   32.232  5.637  4.1930  2.033    6  0.000  0.545     0.00     0.00     0.00     0.00     0.00 -1 -1.74e-07      0.00 7.506e-01 2.491e-01 4.823e-05 1.301e-05 1.180e-04 -1.000 2.682e-04 -9.324 -9.833 -9.702 -9.562 -9.311 -9.089 -8.319 -8.085 -8.085 -7.964 -7.944 -7.934 -7.918 -7.892 -7.883 -7.837 -7.829 -7.754
0.00024632 -1.80000 6.80000 32.3874130249 2.6321864345   32.235  5.636  4.1812  1.987    7  0.000  0.545     3.91     5.71     4.40     2.97     2.47  3 -1.68e-07      0.00 7.506e-01 2.491e-01 4.823e-05 1.301e-05 1.180e-04 -1.000 2.682e-04 -9.320 -9.816 -9.693 -9.560 -9.319 -9.105 -8.368 -8.143 -8.143 -8.026 -8.007 -7.997 -7.982 -7.958 -7.949 -7.906 -7.898 -7.828
0.00024632 -1.80000 6.80000 32.3897438049 2.6321865984   32.237  5.634  4.1684  1.938    7  0.000  0.545     4.46     6.25     4.79     3.24     2.70  3 -1.63e-07      0.00 7.506e-01 2.491e-01 4.823e-05 1.301e-05 1.180e-04 -1.000 2.682e-04 -9.316 -9.794 -9.697 -9.579 -9.349 -9.145 -8.420 -8.196 -8.199 -8.090 -8.074 -8.066 -8.053 -8.032 -8.024 -7.985 -7.977 -7.911
0.00024632 -1.80000 6.80000 32.3917198181 2.6321867373   32.239  5.633  4.1547  1.884    7  0.000  0.545     5.13     6.88     5.26     3.56     2.96  3 -1.56e-07      0.00 7.506e-01 2.491e-01 4.823e-05 1.301e-05 1.180e-04 -1.000 2.682e-04 -9.312 -9.770 -9.711 -9.615 -9.398 -9.203 -8.473 -8.247 -8.254 -8.157 -8.143 -8.138 -8.129 -8.112 -8.105 -8.071 -8.064 -8.000
0.00024632 -1.80000 6.80000 32.3933219910 2.6321868499   32.241  5.632  4.1414  1.832    7  0.000  0.545     5.89     7.56     5.75     3.90     3.25  3  -1.5e-07      0.00 7.506e-01 2.491e-01 4.823e-05 1.301e-05 1.180e-04 -1.000 2.682e-04 -9.309 -9.743 -9.700 -9.617 -9.412 -9.228 -8.529 -8.309 -8.318 -8.227 -8.215 -8.211 -8.203 -8.189 -8.182 -8.153 -8.145 -8.087
0.00024632 -1.80000 6.80000 32.3945312500 2.6321869348   32.242  5.631  4.1299  1.787    7  0.000  0.545     6.63     8.20     6.22     4.22     3.51  3 -1.46e-07      0.00 7.506e-01 2.491e-01 4.823e-05 1.301e-05 1.180e-04 -1.000 2.682e-04 -9.308 -9.715 -9.659 -9.576 -9.384 -9.210 -8.582 -8.379 -8.386 -8.294 -8.281 -8.277 -8.268 -8.253 -8.247 -8.218 -8.212 -8.162
0.00024632 -1.80000 6.80000 32.3957481384 2.6321870203   32.243  5.630  4.1170  1.736    7  0.000  0.545     7.58     8.99     6.79     4.61     3.84  3 -1.42e-07      0.00 7.506e-01 2.491e-01 4.823e-05 1.301e-05 1.180e-04 -1.000 2.682e-04 -9.306 -9.684 -9.614 -9.531 -9.353 -9.191 -8.641 -8.457 -8.461 -8.368 -8.356 -8.350 -8.341 -8.326 -8.319 -8.292 -8.287 -8.245
0.00024632 -1.80000 6.80000 32.3969688416 2.6321871061   32.244  5.630  4.1028  1.680    7  0.000  0.545     8.80     9.96     7.48     5.09     4.24  3 -1.36e-07      0.00 7.506e-01 2.491e-01 4.823e-05 1.301e-05 1.180e-04 -1.000 2.682e-04 -9.305 -9.645 -9.577 -9.502 -9.340 -9.190 -8.704 -8.533 -8.537 -8.448 -8.435 -8.430 -8.422 -8.407 -8.401 -8.377 -8.373 -8.339
0.00024632 -1.80000 6.80000 32.3981971741 2.6321871924   32.246  5.629  4.0870  1.617    7  0.000  0.545    10.38    11.15     8.33     5.68     4.73  3 -1.36e-07      0.00 7.506e-01 2.491e-01 4.823e-05 1.301e-05 1.180e-04 -1.000 2.682e-04 -9.303 -9.596 -9.539 -9.477 -9.334 -9.197 -8.771 -8.612 -8.616 -8.533 -8.522 -8.518 -8.510 -8.498 -8.492 -8.473 -8.469 -8.444
0.00024632 -1.80000 6.80000 32.3990249634 2.6321872505   32.247  5.629  4.0755  1.572    7  0.000  0.545    11.70    12.11     9.02     6.15     5.13  3 -1.31e-07      0.00 7.506e-01 2.491e-01 4.823e-05 1.301e-05 1.180e-04 -1.000 2.682e-04 -9.303 -9.557 -9.532 -9.488 -9.358 -9.230 -8.814 -8.653 -8.662 -8.587 -8.579 -8.577 -8.572 -8.564 -8.559 -8.544 -8.541 -8.519
0.00024632 -1.80000 6.80000 32.3998565674 2.6321873090   32.247  5.629  4.0633  1.523    7  0.000  0.545    13.31    13.22     9.81     6.70     5.59  3 -1.33e-07      0.00 7.506e-01 2.491e-01 4.823e-05 1.301e-05 1.180e-04 -1.000 2.682e-04 -9.302 -9.512 -9.524 -9.500 -9.385 -9.266 -8.858 -8.695 -8.708 -8.644 -8.638 -8.640 -8.638 -8.633 -8.629 -8.620 -8.617 -8.600
0.00024632 -1.80000 6.80000 32.4006881714 2.6321873674   32.248  5.628  4.0503  1.471    7  0.000  0.545    15.25    14.51    10.72     7.34     6.12  3 -1.52e-07      0.00 7.506e-01 2.491e-01 4.823e-05 1.301e-05 1.180e-04 -1.000 2.682e-04 -9.301 -9.457 -9.476 -9.463 -9.364 -9.257 -8.910 -8.757 -8.771 -8.711 -8.707 -8.709 -8.708 -8.705 -8.701 -8.696 -8.693 -8.684
0.00024632 -1.80000 6.80000 32.4015274048 2.6321874263   32.249  5.628  4.0366  1.417    7  0.000  0.545    17.60    16.01    11.78     8.07     6.73  3 -1.58e-07      0.00 7.506e-01 2.491e-01 4.823e-05 1.301e-05 1.180e-04 -1.000 2.682e-04 -9.300 -9.390 -9.417 -9.416 -9.335 -9.240 -8.964 -8.823 -8.837 -8.781 -8.778 -8.781 -8.781 -8.779 -8.776 -8.775 -8.773 -8.773
0.00024632 -1.80000 6.80000 32.4023780823 2.6321874861   32.250  5.628  4.0222  1.359    7  0.000  0.545    20.48    17.77    13.00     8.93     7.45  3 -1.54e-07      0.00 7.506e-01 2.491e-01 4.823e-05 1.301e-05 1.180e-04 -1.000 2.682e-04 -9.300 -9.313 -9.346 -9.359 -9.297 -9.215 -9.019 -8.890 -8.905 -8.854 -8.852 -8.856 -8.856 -8.856 -8.853 -8.856 -8.856 -8.866
0.00024632 -1.80000 6.80000 32.4032402039 2.6321875466   32.250  5.628  4.0070  1.299    7  0.000  0.545    24.04    19.83    14.44     9.93     8.29  3 -1.49e-07      0.00 7.506e-01 2.491e-01 4.823e-05 1.301e-05 1.180e-04 -1.000 2.682e-04 -9.299 -9.219 -9.260 -9.288 -9.249 -9.179 -9.076 -8.961 -8.976 -8.930 -8.928 -8.933 -8.934 -8.936 -8.934 -8.941 -8.942 -8.963
0.00024632 -1.80000 6.80000 32.4041137695 2.6321876079   32.251  5.627  3.9908  1.235    7  0.000  0.545    28.47    22.27    16.13    11.11     9.28  3 -1.45e-07      0.00 7.506e-01 2.491e-01 4.823e-05 1.301e-05 1.180e-04 -1.000 2.682e-04 -9.298 -9.105 -9.154 -9.199 -9.186 -9.132 -9.134 -9.034 -9.049 -9.008 -9.007 -9.013 -9.015 -9.018 -9.016 -9.029 -9.031 -9.065
0.00024632 -1.80000 6.80000 32.4050064087 2.6321876706   32.252  5.627  3.9737  1.166    7  0.000  0.545    34.09    25.19    18.15    12.53    10.46  3 -1.65e-07      0.00 7.506e-01 2.491e-01 4.823e-05 1.301e-05 1.180e-04 -1.000 2.682e-04 -9.297 -8.959 -9.018 -9.085 -9.106 -9.069 -9.193 -9.109 -9.124 -9.088 -9.089 -9.094 -9.097 -9.102 -9.101 -9.119 -9.122 -9.171
0.00024632 -1.80000 6.80000 32.4059219360 2.6321877349   32.252  5.627  3.9552  1.093    7  0.000  0.545    41.37    28.76    20.60    14.24    11.90  3  -1.9e-07      0.00 7.506e-01 2.491e-01 4.823e-05 1.301e-05 1.180e-04 -1.000 2.682e-04 -9.296 -8.786 -8.900 -9.000 -9.056 -9.037 -9.224 -9.143 -9.166 -9.151 -9.156 -9.167 -9.175 -9.186 -9.187 -9.215 -9.219 -9.278
0.00024632 -1.80000 6.80000 32.4063949585 2.6321877681   32.253  5.626  3.9454  1.054    7  0.000  0.545    45.84    30.86    22.03    15.25    12.74  3 -2.01e-07      0.00 7.506e-01 2.491e-01 4.823e-05 1.301e-05 1.180e-04 -1.000 2.682e-04 -9.296 -8.672 -8.806 -8.923 -9.003 -8.996 -9.246 -9.171 -9.197 -9.187 -9.194 -9.206 -9.215 -9.229 -9.230 -9.262 -9.268 -9.336
0.00024632 -1.80000 6.80000 32.4068679810 2.6321878013   32.253  5.626  3.9354  1.014    7  0.000  0.545    50.95    33.18    23.61    16.36    13.67  3 -2.01e-07      0.00 7.506e-01 2.491e-01 4.823e-05 1.301e-05 1.180e-04 -1.000 2.682e-04 -9.295 -8.531 -8.673 -8.808 -8.920 -8.926 -9.278 -9.216 -9.240 -9.230 -9.237 -9.248 -9.257 -9.271 -9.272 -9.308 -9.315 -9.394
0.00024632 -1.80000 6.80000 32.4073562622 2.6321878356   32.253  5.626  3.9248  0.972    7  0.000  0.545    56.91    35.79    25.39    17.61    14.71  3 -2.02e-07      0.00 7.506e-01 2.491e-01 4.823e-05 1.301e-05 1.180e-04 -1.000 2.682e-04 -9.294 -8.393 -8.573 -8.730 -8.868 -8.887 -9.281 -9.224 -9.253 -9.259 -9.269 -9.284 -9.295 -9.314 -9.316 -9.357 -9.365 -9.450
0.00024632 -1.80000 6.80000 32.4078483582 2.6321878701   32.254  5.625  3.9139  0.929    7  0.000  0.545    63.82    38.72    27.36    19.00    15.88  3 -2.01e-07      0.00 7.506e-01 2.491e-01 4.823e-05 1.301e-05 1.180e-04 -1.000 2.682e-04 -9.294 -8.224 -8.456 -8.641 -8.812 -8.845 -9.278 -9.224 -9.261 -9.283 -9.297 -9.315 -9.331 -9.354 -9.357 -9.406 -9.414 -9.506
0.00024632 -1.80000 6.80000 32.4083557129 2.6321879058   32.254  5.625  3.9026  0.884    7  0.000  0.545    71.76    41.96    29.54    20.54    17.17  3 -2.02e-07      0.00 7.506e-01 2.491e-01 4.823e-05 1.301e-05 1.180e-04 -1.000 2.682e-04 -9.293 -7.974 -8.242 -8.467 -8.695 -8.748 -9.306 -9.265 -9.298 -9.318 -9.331 -9.349 -9.363 -9.387 -9.391 -9.446 -9.455 -9.562
0.00024632 -1.80000 6.80000 32.4088630676 2.6321879414   32.255  5.625  3.8917  0.841    7  0.000  0.545    80.46    45.38    31.84    22.16    18.53  3    -2e-07      0.00 7.506e-01 2.491e-01 4.823e-05 1.301e-05 1.180e-04 -1.000 2.682e-04 -9.291 -7.699 -8.017 -8.296 -8.582 -8.657 -9.326 -9.297 -9.326 -9.343 -9.356 -9.374 -9.388 -9.415 -9.420 -9.481 -9.492 -9.610
0.00024632 -1.80000 6.80000 32.4093780518 2.6321879775   32.256  5.624  3.8814  0.800    7  0.000  0.545    89.59    48.85    34.16    23.81    19.91  3 -2.02e-07      0.00 7.506e-01 2.491e-01 4.823e-05 1.301e-05 1.180e-04 -1.000 2.682e-04 -9.290 -7.454 -7.836 -8.169 -8.504 -8.599 -9.316 -9.294 -9.327 -9.356 -9.371 -9.392 -9.410 -9.441 -9.447 -9.517 -9.528 -9.652
0.00024632 -1.80000 6.80000 32.4098968506 2.6321880139   32.256  5.623  3.8714  0.761    7  0.000  0.545    99.36    52.44    36.56    25.50    21.33  3 -2.02e-07      0.00 7.506e-01 2.491e-01 4.823e-05 1.301e-05 1.180e-04 -1.000 2.682e-04 -9.289 -7.212 -7.653 -8.048 -8.432 -8.548 -9.298 -9.284 -9.320 -9.363 -9.381 -9.406 -9.427 -9.464 -9.472 -9.550 -9.561 -9.690
0.00024632 -1.80000 6.80000 32.4104232788 2.6321880509   32.256  5.623  3.8616  0.722    7  0.000  0.545   109.97    56.21    39.07    27.28    22.82  3 -2.04e-07      0.00 7.506e-01 2.491e-01 4.823e-05 1.301e-05 1.180e-04 -1.000 2.682e-04 -9.287 -6.950 -7.444 -7.913 -8.353 -8.491 -9.285 -9.277 -9.314 -9.365 -9.386 -9.415 -9.438 -9.482 -9.491 -9.578 -9.591 -9.724
0.00024632 -1.80000 6.80000 32.4109497070 2.6321880878   32.257  5.622  3.8520  0.684    7  0.000  0.545   121.52    60.19    41.70    29.15    24.39  3 -2.05e-07      0.00 7.506e-01 2.491e-01 4.823e-05 1.301e-05 1.180e-04 -1.000 2.682e-04 -9.285 -6.725 -7.246 -7.794 -8.288 -8.447 -9.256 -9.255 -9.295 -9.361 -9.385 -9.419 -9.446 -9.498 -9.509 -9.607 -9.619 -9.754
0.00024632 -1.80000 6.80000 32.4114761353 2.6321881248   32.258  5.621  3.8423  0.647    7  0.000  0.545   134.25    64.45    44.51    31.15    26.06  3 -2.06e-07      0.00 7.506e-01 2.491e-01 4.823e-05 1.301e-05 1.180e-04 -1.000 2.682e-04 -9.283 -6.523 -7.050 -7.680 -8.227 -8.411 -9.219 -9.224 -9.270 -9.354 -9.382 -9.422 -9.454 -9.514 -9.528 -9.636 -9.648 -9.783
0.00024632 -1.80000 6.80000 32.4119911194 2.6321881609   32.258  5.620  3.8328  0.609    7  0.000  0.545   148.12    68.94    47.47    33.25    27.83  3 -2.06e-07      0.00 7.506e-01 2.491e-01 4.823e-05 1.301e-05 1.180e-04 -1.000 2.682e-04 -9.281 -6.343 -6.856 -7.571 -8.170 -8.378 -9.176 -9.188 -9.240 -9.345 -9.378 -9.424 -9.460 -9.530 -9.545 -9.664 -9.676 -9.812
0.00024632 -1.80000 6.80000 32.4125099182 2.6321881973   32.258  5.620  3.8233  0.572    7  0.000  0.545   163.40    73.74    50.62    35.49    29.71  3 -2.08e-07      0.00 7.506e-01 2.491e-01 4.823e-05 1.301e-05 1.180e-04 -1.000 2.682e-04 -9.279 -6.192 -6.662 -7.463 -8.117 -8.350 -9.123 -9.141 -9.202 -9.332 -9.371 -9.424 -9.466 -9.545 -9.563 -9.692 -9.704 -9.839
0.00024632 -1.80000 6.80000 32.4130172729 2.6321882329   32.259  5.619  3.8141  0.536    7  0.000  0.545   179.59    78.67    53.85    37.79    31.64  3 -2.75e-07      0.00 7.506e-01 2.491e-01 4.823e-05 1.301e-05 1.180e-04 -1.000 2.682e-04 -9.277 -6.062 -6.469 -7.357 -8.065 -8.325 -9.066 -9.090 -9.161 -9.319 -9.363 -9.423 -9.471 -9.559 -9.579 -9.719 -9.730 -9.865
0.00024632 -1.80000 6.80000 32.4135208130 2.6321882683   32.259  5.618  3.8052  0.502    7  0.000  0.545   196.91    83.79    57.20    40.18    33.64  3  -3.9e-07      0.00 7.506e-01 2.491e-01 4.823e-05 1.301e-05 1.180e-04 -1.000 2.682e-04 -9.275 -5.974 -6.315 -7.270 -8.025 -8.309 -8.998 -9.029 -9.113 -9.303 -9.353 -9.421 -9.475 -9.573 -9.595 -9.745 -9.756 -9.892
0.00024632 -1.80000 6.80000 32.4144935608 2.6321883365   32.260  5.616  3.7898  0.442    7  0.000  0.545   228.79    93.35    63.41    44.61    37.36  3 -3.97e-07      0.00 7.506e-01 2.491e-01 4.823e-05 1.301e-05 1.180e-04 -1.000 2.682e-04 -9.270 -5.856 -6.074 -7.130 -7.964 -8.292 -8.872 -8.912 -9.021 -9.268 -9.330 -9.411 -9.475 -9.590 -9.616 -9.785 -9.796 -9.931
0.00024632 -1.80000 6.80000 32.4154205322 2.6321884016   32.261  5.614  3.7767  0.391    7  0.000  0.545   247.53   102.25    69.17    48.73    40.82  3 -3.91e-07      0.00 7.506e-01 2.491e-01 4.823e-05 1.301e-05 1.180e-04 -1.000 2.682e-04 -9.266 -5.750 -5.805 -6.960 -7.881 -8.246 -8.767 -8.815 -8.942 -9.232 -9.303 -9.396 -9.467 -9.597 -9.627 -9.812 -9.823 -9.962
0.00024632 -1.80000 6.80000 32.4162979126 2.6321884631   32.262  5.612  3.7649  0.347    7  0.000  0.545   265.52   110.90    74.75    52.72    44.17  3 -3.86e-07      0.00 7.506e-01 2.491e-01 4.823e-05 1.301e-05 1.180e-04 -1.000 2.682e-04 -9.260 -5.651 -5.526 -6.771 -7.779 -8.178 -8.659 -8.718 -8.862 -9.194 -9.273 -9.377 -9.455 -9.599 -9.632 -9.834 -9.844 -9.987
0.00024632 -1.80000 6.80000 32.4171142578 2.6321885204   32.263  5.609  3.7547  0.308    7  0.000  0.545   281.88   118.84    79.85    56.38    47.25  3 -3.82e-07      0.00 7.506e-01 2.491e-01 4.822e-05 1.301e-05 1.180e-04 -1.000 2.682e-04 -9.253 -5.574 -5.281 -6.608 -7.696 -8.124 -8.562 -8.631 -8.790 -9.157 -9.242 -9.356 -9.440 -9.595 -9.631 -9.845 -9.856 -10.004
0.00024632 -1.80000 6.80000 32.4178848267 2.6321885744   32.264  5.606  3.7456  0.275    7  0.000  0.545   296.93   126.20    84.57    59.76    50.09  3 -6.76e-07      0.00 7.506e-01 2.491e-01 4.822e-05 1.301e-05 1.180e-04 -1.000 2.682e-04 -9.245 -5.507 -5.042 -6.444 -7.611 -8.067 -8.474 -8.552 -8.724 -9.121 -9.212 -9.333 -9.422 -9.587 -9.625 -9.851 -9.863 -10.015
0.00024632 -1.80000 6.80000 32.4189338684 2.6321886480   32.265  5.602  3.7343  0.235    7  0.000  0.545   316.28   135.77    90.68    64.15    53.78  3  -6.4e-07      0.00 7.506e-01 2.491e-01 4.821e-05 1.301e-05 1.180e-04 -1.000 2.682e-04 -9.234 -5.422 -4.663 -6.187 -7.477 -7.971 -8.355 -8.448 -8.638 -9.074 -9.171 -9.302 -9.397 -9.574 -9.615 -9.855 -9.867 -10.027
0.00024632 -1.80000 6.80000 32.4198532104 2.6321887125   32.265  5.598  3.7265  0.207    7  0.000  0.545   330.35   142.78    95.15    67.36    56.48  3 -6.12e-07      0.00 7.506e-01 2.491e-01 4.820e-05 1.301e-05 1.180e-04 -1.000 2.682e-04 -9.225 -5.365 -4.347 -5.971 -7.363 -7.885 -8.262 -8.368 -8.572 -9.039 -9.141 -9.279 -9.379 -9.563 -9.607 -9.856 -9.869 -10.035
0.00024632 -1.80000 6.80000 32.4215927124 2.6321888345   32.267  5.595  3.7161  0.169    7  0.000  0.544   350.65   152.98   101.63    72.02    60.40  3 -5.84e-07      0.00 7.506e-01 2.491e-01 4.809e-05 1.305e-05 1.180e-04 -1.000 2.682e-04 -9.217 -5.297 -3.899 -5.654 -7.194 -7.755 -8.132 -8.259 -8.484 -8.992 -9.101 -9.249 -9.354 -9.550 -9.596 -9.859 -9.873 -10.047
0.00024632 -1.80000 6.80000 32.4240303040 2.6321890055   32.269  5.595  3.7066  0.130    7  0.000  0.541   372.23   163.92   108.56    77.01    64.59  3 -5.66e-07      0.00 7.506e-01 2.491e-01 4.777e-05 1.315e-05 1.180e-04 -1.000 2.682e-04 -9.217 -5.247 -3.473 -5.340 -7.025 -7.621 -8.012 -8.159 -8.406 -8.954 -9.069 -9.227 -9.337 -9.543 -9.592 -9.868 -9.882 -10.065
0.00024632 -1.80000 6.80000 32.4252624512 2.6321890918   32.272  5.596  3.7032  0.116    7  0.000  0.535   380.91   168.35   111.36    79.03    66.29  3 -5.64e-07      0.00 7.506e-01 2.491e-01 4.723e-05 1.330e-05 1.180e-04 -1.000 2.682e-04 -9.220 -5.232 -3.320 -5.224 -6.963 -7.571 -7.968 -8.124 -8.379 -8.943 -9.060 -9.221 -9.333 -9.543 -9.593 -9.873 -9.888 -10.074
