 Zini     MH   logAge Mini        int_IMF         Mass   logL    logTe  logg  label   McoreTP C_O  period0  period1  period2  period3  period4  pmode  Mloss  tau1m   X   Y   Xc  Xn  Xo  Cexcess  Z 	 mbolmag  F170Wmag  F218Wmag  F255Wmag  F300Wmag  F336Wmag  F380Wmag  F439Wmag  F450Wmag  F555Wmag  F569Wmag  F606Wmag  F622Wmag  F675Wmag  F702Wmag  F791Wmag  F814Wmag  F850LPmag
0.00123 -1.10000 9.80000 0.0900000036 1.0816895926    0.090 -3.228  3.4501  5.372    1  0.000  0.545     0.00     0.00     0.00     0.00     0.00 -1 -5.11e-17      0.00 7.470e-01 2.517e-01 2.335e-04 6.300e-05 5.714e-04 -1.000 1.299e-03 12.839 17.797 22.739 23.424 19.387 19.051 20.052 18.856 17.816 16.264 16.049 15.432 15.264 14.398 13.781 12.541 12.454 11.756
0.00123 -1.10000 9.80000 0.0955804363 1.1330904685    0.096 -3.086  3.4702  5.337    1  0.000  0.545     0.00     0.00     0.00     0.00     0.00 -1 -7.15e-17      0.00 7.466e-01 2.521e-01 2.335e-04 6.300e-05 5.714e-04 -1.000 1.299e-03 12.486 17.363 22.311 22.842 18.810 18.295 18.854 17.771 16.880 15.341 15.125 14.593 14.415 13.691 13.199 12.099 12.028 11.413
0.00123 -1.10000 9.80000 0.1000000089 1.1711064744    0.100 -2.980  3.4853  5.311    1  0.000  0.545     0.00     0.00     0.00     0.00     0.00 -1  -9.2e-17      0.00 7.463e-01 2.524e-01 2.335e-04 6.300e-05 5.714e-04 -1.000 1.299e-03 12.220 17.034 21.980 22.332 18.344 17.718 18.007 17.011 16.211 14.692 14.476 14.002 13.815 13.190 12.775 11.778 11.716 11.157
0.00123 -1.10000 9.80000 0.1199999973 1.3193154249    0.120 -2.698  3.5183  5.240    1  0.000  0.545     0.00     0.00     0.00     0.00     0.00 -1 -1.75e-16      0.00 7.451e-01 2.536e-01 2.335e-04 6.300e-05 5.714e-04 -1.000 1.299e-03 11.514 16.187 21.082 20.830 17.085 16.297 16.153 15.367 14.727 13.308 13.097 12.709 12.510 12.044 11.769 10.982 10.935 10.481
0.00123 -1.10000 9.80000 0.1400000006 1.4384526719    0.140 -2.516  3.5353  5.193    1  0.000  0.545     0.00     0.00     0.00     0.00     0.00 -1  -2.6e-16      0.00 7.442e-01 2.545e-01 2.335e-04 6.300e-05 5.714e-04 -1.000 1.299e-03 11.059 15.661 20.489 19.866 16.301 15.472 15.202 14.510 13.939 12.600 12.394 12.029 11.830 11.410 11.189 10.494 10.452 10.039
0.00123 -1.10000 9.80000 0.1599999964 1.5372931554    0.160 -2.378  3.5461  5.156    1  0.000  0.545     0.00     0.00     0.00     0.00     0.00 -1 -3.48e-16      0.00 7.435e-01 2.552e-01 2.335e-04 6.300e-05 5.714e-04 -1.000 1.299e-03 10.715 15.273 20.041 19.180 15.741 14.898 14.573 13.935 13.403 12.118 11.917 11.562 11.365 10.965 10.774 10.133 10.094 9.703
0.00123 -1.10000 9.80000 0.2000000179 1.6938791367    0.200 -2.165  3.5606  5.098    1  0.000  0.545     0.00     0.00     0.00     0.00     0.00 -1 -5.44e-16      0.00 7.424e-01 2.563e-01 2.335e-04 6.300e-05 5.714e-04 -1.000 1.299e-03 10.181 14.682 19.342 18.169 14.916 14.062 13.690 13.118 12.631 11.421 11.227 10.882 10.688 10.310 10.155 9.581 9.545 9.183
0.00123 -1.10000 9.80000 0.2500000000 1.8403257998    0.250 -1.962  3.5721  5.038    1  0.000  0.545     0.00     0.00     0.00     0.00     0.00 -1  -8.3e-16      0.00 7.418e-01 2.569e-01 2.335e-04 6.300e-05 5.714e-04 -1.000 1.299e-03 9.674 14.133 18.677 17.271 14.178 13.324 12.934 12.407 11.951 10.800 10.611 10.276 10.085 9.721 9.589 9.064 9.030 8.687
0.00123 -1.10000 9.80000 0.3000000715 1.9529140962    0.300 -1.801  3.5807  4.991    1  0.000  0.545     0.00     0.00     0.00     0.00     0.00 -1 -1.16e-15      0.00 7.418e-01 2.570e-01 2.335e-04 6.300e-05 5.714e-04 -1.000 1.299e-03 9.272 13.701 18.156 16.612 13.607 12.754 12.363 11.865 11.429 10.322 10.138 9.810 9.622 9.268 9.150 8.654 8.622 8.292
0.00123 -1.10000 9.80000 0.3500000238 2.0434175133    0.350 -1.666  3.5878  4.951    1  0.000  0.545     0.00     0.00     0.00     0.00     0.00 -1 -1.53e-15      0.00 7.476e-01 2.511e-01 2.335e-04 6.300e-05 5.714e-04 -1.000 1.299e-03 8.935 13.340 17.697 16.039 13.128 12.279 11.896 11.421 10.998 9.927 9.747 9.427 9.242 8.896 8.787 8.312 8.282 7.962
0.00123 -1.10000 9.80000 0.4000000358 2.1185024810    0.400 -1.518  3.5986  4.905    1  0.000  0.545     0.00     0.00     0.00     0.00     0.00 -1 -2.13e-15      0.00 7.480e-01 2.507e-01 2.335e-04 6.300e-05 5.714e-04 -1.000 1.299e-03 8.566 12.936 17.144 15.345 12.547 11.704 11.342 10.895 10.493 9.475 9.301 8.994 8.814 8.481 8.383 7.936 7.907 7.603
0.00123 -1.10000 9.80000 0.4500000477 2.1822809714    0.450 -1.347  3.6146  4.849    1  0.000  0.545     0.00     0.00     0.00     0.00     0.00 -1 -3.17e-15      0.00 7.480e-01 2.507e-01 2.335e-04 6.300e-05 5.714e-04 -1.000 1.299e-03 8.139 12.457 16.502 14.524 11.809 10.972 10.661 10.248 9.875 8.934 8.770 8.485 8.312 8.000 7.913 7.500 7.474 7.190
0.00123 -1.10000 9.80000 0.5000000000 2.2374541529    0.500 -1.155  3.6401  4.804    1  0.000  0.545     0.00     0.00     0.00     0.00     0.00 -1 -4.93e-15      0.00 7.480e-01 2.507e-01 2.335e-04 6.300e-05 5.714e-04 -1.000 1.299e-03 7.657 11.890 15.372 13.234 10.815 10.003 9.810 9.439 9.106 8.281 8.136 7.887 7.726 7.449 7.377 7.012 6.989 6.738
0.00123 -1.10000 9.80000 0.5500000715 2.2836583126    0.550 -0.951  3.6706  4.764    1  0.000  0.545     0.00     0.00     0.00     0.00     0.00 -1 -7.86e-15      0.00 7.665e-01 2.323e-01 2.176e-04 5.871e-05 5.326e-04 -1.000 1.211e-03 7.148 11.254 13.952 11.712 9.626 8.868 8.859 8.560 8.273 7.582 7.458 7.250 7.108 6.872 6.812 6.499 6.481 6.268
0.00123 -1.10000 9.80000 0.6000000238 2.3211213258    0.600 -0.765  3.6973  4.722    1  0.000  0.544     0.00     0.00     0.00     0.00     0.00 -1 -1.21e-14      0.00 7.711e-01 2.277e-01 2.139e-04 5.775e-05 5.240e-04 -1.000 1.199e-03 6.683 10.650 12.329 10.265 8.570 7.907 8.044 7.840 7.580 6.987 6.875 6.700 6.576 6.365 6.314 6.034 6.020 5.837
0.00123 -1.10000 9.80000 0.6259130836 2.3378516994    0.626 -0.669  3.7123  4.705    1  0.000  0.544     0.00     0.00     0.00     0.00     0.00 -1 -1.51e-14      0.00 7.739e-01 2.249e-01 2.117e-04 5.716e-05 5.187e-04 -1.000 1.199e-03 6.443 10.313 11.303 9.518 8.037 7.431 7.639 7.487 7.242 6.694 6.587 6.427 6.312 6.113 6.066 5.802 5.789 5.622
0.00123 -1.10000 9.80000 0.6499999762 2.3520353107    0.650 -0.582  3.7260  4.688    1  0.000  0.544     0.00     0.00     0.00     0.00     0.00 -1 -1.85e-14      0.00 7.765e-01 2.223e-01 2.095e-04 5.658e-05 5.134e-04 -1.000 1.175e-03 6.224 9.987 10.430 8.893 7.578 7.021 7.286 7.175 6.946 6.437 6.335 6.186 6.079 5.890 5.846 5.596 5.585 5.430
0.00123 -1.10000 9.80000 0.6683581471 2.3620596981    0.668 -0.516  3.7358  4.674    1  0.000  0.544     0.00     0.00     0.00     0.00     0.00 -1 -2.16e-14      0.00 7.790e-01 2.199e-01 2.076e-04 5.606e-05 5.088e-04 -1.000 1.169e-03 6.059 9.735 9.853 8.466 7.259 6.735 7.035 6.951 6.733 6.251 6.152 6.010 5.907 5.725 5.683 5.442 5.432 5.286
0.00123 -1.10000 9.80000 0.6866253018 2.3714249895    0.687 -0.451  3.7452  4.658    1  0.000  0.544     0.00     0.00     0.00     0.00     0.00 -1 -2.51e-14      0.00 7.816e-01 2.173e-01 2.056e-04 5.553e-05 5.041e-04 -1.000 1.156e-03 5.897 9.471 9.304 8.057 6.959 6.469 6.796 6.736 6.529 6.071 5.975 5.840 5.741 5.566 5.526 5.294 5.285 5.148
0.00123 -1.10000 9.80000 0.7000000477 2.3779267258    0.700 -0.404  3.7518  4.646    1  0.000  0.543     0.00     0.00     0.00     0.00     0.00 -1 -2.81e-14      0.00 7.836e-01 2.153e-01 2.040e-04 5.511e-05 5.004e-04 -1.000 1.108e-03 5.779 9.267 8.914 7.764 6.747 6.282 6.627 6.582 6.382 5.942 5.849 5.719 5.623 5.453 5.414 5.190 5.181 5.050
0.00123 -1.10000 9.80000 0.7026060224 2.3791604516    0.703 -0.395  3.7531  4.644    1  0.000  0.543     0.00     0.00     0.00     0.00     0.00 -1 -2.88e-14      0.00 7.841e-01 2.148e-01 2.035e-04 5.501e-05 4.995e-04 -1.000 1.099e-03 5.756 9.226 8.842 7.709 6.707 6.246 6.594 6.552 6.354 5.918 5.825 5.696 5.601 5.432 5.393 5.169 5.161 5.031
0.00123 -1.10000 9.80000 0.7216389775 2.3878612326    0.722 -0.328  3.7622  4.625    1  0.000  0.540     0.00     0.00     0.00     0.00     0.00 -1 -3.38e-14      0.00 7.876e-01 2.113e-01 1.997e-04 5.426e-05 4.930e-04 -1.000 1.140e-03 5.589 8.923 8.334 7.319 6.418 5.992 6.360 6.337 6.151 5.739 5.649 5.527 5.436 5.274 5.237 5.022 5.015 4.893
0.00123 -1.10000 9.80000 0.7389382124 2.3953239380    0.739 -0.267  3.7701  4.606    1  0.000  0.537     0.00     0.00     0.00     0.00     0.00 -1 -3.93e-14      0.00 7.912e-01 2.077e-01 1.961e-04 5.351e-05 4.865e-04 -1.000 1.112e-03 5.438 8.634 7.913 6.988 6.170 5.773 6.156 6.147 5.970 5.579 5.493 5.376 5.288 5.132 5.097 4.890 4.883 4.767
0.00123 -1.10000 9.80000 0.7500000000 2.3998889087    0.750 -0.228  3.7750  4.593    1  0.000  0.536     0.00     0.00     0.00     0.00     0.00 -1 -4.32e-14      0.00 7.936e-01 2.053e-01 1.937e-04 5.300e-05 4.821e-04 -1.000 1.119e-03 5.341 8.442 7.660 6.786 6.017 5.637 6.028 6.027 5.856 5.478 5.394 5.280 5.195 5.042 5.008 4.806 4.799 4.688
0.00123 -1.10000 9.80000 0.7647664547 2.4057466758    0.765 -0.176  3.7803  4.571    1  0.000  0.535     0.00     0.00     0.00     0.00     0.00 -1 -4.95e-14      0.00 7.988e-01 2.001e-01 1.898e-04 5.194e-05 4.726e-04 -1.000 1.067e-03 5.211 8.209 7.365 6.546 5.827 5.466 5.864 5.872 5.708 5.344 5.262 5.152 5.069 4.921 4.887 4.690 4.684 4.577
0.00123 -1.10000 9.80000 0.7822279930 2.4123464195    0.782 -0.115  3.7864  4.543    1  0.000  0.535     0.00     0.00     0.00     0.00     0.00 -1 -5.82e-14      0.00 8.056e-01 1.934e-01 1.847e-04 5.059e-05 4.605e-04 -1.000 1.052e-03 5.057 7.933 7.051 6.285 5.617 5.277 5.678 5.691 5.534 5.186 5.106 5.001 4.920 4.776 4.744 4.553 4.547 4.445
0.00123 -1.10000 9.80000 0.7988864779 2.4183343890    0.798 -0.055  3.7919  4.515    1  0.000  0.534     0.00     0.00     0.00     0.00     0.00 -1 -6.82e-14      0.00 8.123e-01 1.866e-01 1.797e-04 4.924e-05 4.484e-04 -1.000 1.028e-03 4.908 7.670 6.762 6.043 5.420 5.099 5.500 5.518 5.368 5.034 4.956 4.854 4.776 4.636 4.605 4.419 4.414 4.316
0.00123 -1.10000 9.80000 0.8000000715 2.4187244613    0.800 -0.051  3.7923  4.513    1  0.000  0.534     0.00     0.00     0.00     0.00     0.00 -1 -6.89e-14      0.00 8.128e-01 1.862e-01 1.794e-04 4.915e-05 4.476e-04 -1.000 1.027e-03 4.898 7.652 6.744 6.027 5.407 5.087 5.488 5.506 5.357 5.023 4.946 4.844 4.766 4.627 4.596 4.410 4.405 4.308
0.00123 -1.10000 9.80000 0.8013849258 2.4192078127    0.801 -0.046  3.7927  4.511    1  0.000  0.534     0.00     0.00     0.00     0.00     0.00 -1 -6.99e-14      0.00 8.131e-01 1.858e-01 1.791e-04 4.908e-05 4.470e-04 -1.000 1.026e-03 4.886 7.631 6.721 6.007 5.391 5.073 5.474 5.492 5.343 5.011 4.934 4.832 4.754 4.615 4.584 4.399 4.394 4.297
0.00123 -1.10000 9.80000 0.8192737699 2.4252829673    0.819  0.019  3.7984  4.478    1  0.000  0.533     0.00     0.00     0.00     0.00     0.00 -1 -8.33e-14      0.00 8.173e-01 1.818e-01 1.762e-04 4.831e-05 4.403e-04 -1.000 9.848e-04 4.723 7.351 6.426 5.758 5.185 4.886 5.283 5.305 5.163 4.845 4.770 4.672 4.597 4.462 4.432 4.253 4.248 4.156
0.00123 -1.10000 9.80000 0.8355696797 2.4305575693    0.835  0.079  3.8035  4.446    1  0.000  0.533     0.00     0.00     0.00     0.00     0.00 -1 -9.82e-14      0.00 8.206e-01 1.784e-01 1.739e-04 4.771e-05 4.350e-04 -1.000 9.818e-04 4.573 7.100 6.171 5.540 5.002 4.719 5.109 5.133 4.996 4.690 4.618 4.523 4.450 4.319 4.290 4.116 4.111 4.024
0.00123 -1.10000 9.80000 0.8500000238 2.4350346840    0.849  0.134  3.8078  4.416    1  0.000  0.532     0.00     0.00     0.00     0.00     0.00 -1 -1.14e-13      0.00 8.233e-01 1.758e-01 1.721e-04 4.726e-05 4.311e-04 -1.000 9.710e-04 4.435 6.878 5.950 5.349 4.841 4.571 4.952 4.977 4.845 4.550 4.479 4.388 4.316 4.189 4.161 3.990 3.986 3.902
0.00123 -1.10000 9.80000 0.8549115658 2.4365189333    0.854  0.153  3.8093  4.406    1  0.000  0.532     0.00     0.00     0.00     0.00     0.00 -1 -1.21e-13      0.00 8.234e-01 1.756e-01 1.722e-04 4.729e-05 4.314e-04 -1.000 9.706e-04 4.388 6.801 5.874 5.283 4.785 4.521 4.898 4.923 4.793 4.501 4.431 4.341 4.270 4.144 4.116 3.947 3.943 3.860
0.00123 -1.10000 9.80000 0.8678255677 2.4403294748    0.867  0.204  3.8133  4.377    1  0.000  0.532     0.00     0.00     0.00     0.00     0.00 -1 -1.39e-13      0.00 8.237e-01 1.753e-01 1.726e-04 4.740e-05 4.326e-04 -1.000 1.016e-03 4.260 6.600 5.680 5.113 4.640 4.387 4.753 4.777 4.651 4.369 4.301 4.213 4.144 4.021 3.994 3.829 3.825 3.746
0.00123 -1.10000 9.80000 0.8797760010 2.4437413291    0.879  0.254  3.8170  4.348    1  0.000  0.531     0.00     0.00     0.00     0.00     0.00 -1  -1.6e-13      0.00 8.238e-01 1.752e-01 1.730e-04 4.754e-05 4.339e-04 -1.000 9.987e-04 4.136 6.417 5.503 4.956 4.502 4.259 4.614 4.638 4.516 4.241 4.174 4.089 4.021 3.902 3.875 3.714 3.711 3.634
0.00123 -1.10000 9.80000 0.8902649283 2.4466492827    0.889  0.299  3.8201  4.321    1  0.000  0.531     0.00     0.00     0.00     0.00     0.00 -1 -1.82e-13      0.00 8.238e-01 1.752e-01 1.735e-04 4.768e-05 4.353e-04 -1.000 9.932e-04 4.023 6.254 5.346 4.816 4.378 4.143 4.488 4.511 4.393 4.125 4.059 3.976 3.910 3.792 3.767 3.609 3.606 3.532
0.00123 -1.10000 9.80000 0.8999999762 2.4492786016    0.899  0.342  3.8229  4.293    1  0.000  0.531     0.00     0.00     0.00     0.00     0.00 -1 -2.07e-13      0.00 8.237e-01 1.753e-01 1.740e-04 4.783e-05 4.368e-04 -1.000 1.009e-03 3.915 6.104 5.203 4.687 4.263 4.034 4.369 4.391 4.276 4.013 3.949 3.868 3.803 3.688 3.662 3.508 3.505 3.433
0.00123 -1.10000 9.80000 0.9002628326 2.4493486898    0.899  0.343  3.8230  4.293    1  0.000  0.531     0.00     0.00     0.00     0.00     0.00 -1 -2.07e-13      0.00 8.237e-01 1.753e-01 1.740e-04 4.784e-05 4.369e-04 -1.000 1.009e-03 3.912 6.100 5.199 4.683 4.260 4.032 4.366 4.388 4.272 4.010 3.946 3.865 3.800 3.685 3.660 3.505 3.502 3.430
0.00123 -1.10000 9.80000 0.9101012349 2.4519385594    0.909  0.387  3.8258  4.264    1  0.000  0.531     0.00     0.00     0.00     0.00     0.00 -1 -2.36e-13      0.00 8.236e-01 1.755e-01 1.742e-04 4.789e-05 4.374e-04 -1.000 9.594e-04 3.802 5.947 5.054 4.552 4.143 3.922 4.245 4.266 4.153 3.897 3.834 3.755 3.691 3.578 3.553 3.402 3.399 3.329
0.00123 -1.10000 9.80000 0.9191645980 2.4542680710    0.918  0.429  3.8280  4.236    1  0.000  0.531     0.00     0.00     0.00     0.00     0.00 -1 -2.67e-13      0.00 8.234e-01 1.756e-01 1.744e-04 4.795e-05 4.379e-04 -1.000 1.011e-03 3.699 5.811 4.924 4.433 4.035 3.819 4.132 4.152 4.042 3.791 3.729 3.651 3.588 3.477 3.453 3.304 3.301 3.233
0.00123 -1.10000 9.80000 0.9306196570 2.4571377852    0.929  0.485  3.8303  4.194    1  0.000  0.531     0.00     0.00     0.00     0.00     0.00 -1 -3.16e-13      0.00 8.221e-01 1.768e-01 1.754e-04 4.823e-05 4.404e-04 -1.000 1.028e-03 3.558 5.638 4.758 4.280 3.893 3.683 3.981 4.000 3.892 3.646 3.585 3.509 3.447 3.339 3.315 3.168 3.165 3.099
0.00123 -1.10000 9.80000 0.9394444227 2.4592937626    0.938  0.532  3.8316  4.157    1  0.000  0.531     0.00     0.00     0.00     0.00     0.00 -1 -3.66e-13      0.00 8.202e-01 1.788e-01 1.769e-04 4.864e-05 4.441e-04 -1.000 1.033e-03 3.441 5.506 4.632 4.160 3.779 3.572 3.858 3.875 3.769 3.526 3.466 3.391 3.330 3.222 3.199 3.054 3.051 2.986
0.00123 -1.10000 9.80000 0.9405854344 2.4595691285    0.939  0.538  3.8317  4.152    1  0.000  0.531     0.00     0.00     0.00     0.00     0.00 -1 -3.74e-13      0.00 8.199e-01 1.790e-01 1.771e-04 4.870e-05 4.446e-04 -1.000 1.033e-03 3.425 5.489 4.616 4.145 3.764 3.557 3.842 3.859 3.753 3.510 3.450 3.375 3.314 3.207 3.184 3.039 3.036 2.971
0.00123 -1.10000 9.80000 0.9470676780 2.4611190493    0.945  0.576  3.8315  4.116    1  0.000  0.531     0.00     0.00     0.00     0.00     0.00 -1 -4.23e-13      0.00 8.185e-01 1.805e-01 1.783e-04 4.902e-05 4.475e-04 -1.000 1.037e-03 3.330 5.398 4.527 4.056 3.674 3.468 3.745 3.760 3.655 3.413 3.353 3.278 3.217 3.110 3.087 2.942 2.939 2.874
0.00123 -1.10000 9.80000 0.9499999881 2.4618121868    0.948  0.594  3.8311  4.097    1  0.000  0.531     0.00     0.00     0.00     0.00     0.00 -1  -4.5e-13      0.00 8.178e-01 1.812e-01 1.788e-04 4.916e-05 4.488e-04 -1.000 1.039e-03 3.284 5.360 4.489 4.016 3.633 3.426 3.700 3.715 3.609 3.367 3.307 3.232 3.170 3.063 3.040 2.895 2.892 2.827
0.00123 -1.10000 9.80000 0.9560580254 2.4632287082    0.955  0.634  3.8299  4.056    1  0.000  0.532     0.00     0.00     0.00     0.00     0.00 -1 -5.14e-13      0.00 8.165e-01 1.824e-01 1.798e-04 4.941e-05 4.510e-04 -1.000 1.039e-03 3.186 5.281 4.410 3.934 3.545 3.336 3.604 3.618 3.511 3.268 3.207 3.132 3.070 2.963 2.939 2.793 2.790 2.724
0.00123 -1.10000 9.80000 0.9624723196 2.4647062024    0.961  0.679  3.8267  4.000    1  0.000  0.532     0.00     0.00     0.00     0.00     0.00 -1 -6.08e-13      0.00 8.152e-01 1.838e-01 1.808e-04 4.967e-05 4.534e-04 -1.000 1.039e-03 3.072 5.219 4.345 3.855 3.452 3.235 3.499 3.512 3.403 3.155 3.093 3.016 2.953 2.843 2.819 2.671 2.668 2.598
0.00123 -1.10000 9.80000 0.9637583494 2.4649997111    0.962  0.690  3.8253  3.984    1  0.000  0.532     0.00     0.00     0.00     0.00     0.00 -1 -6.34e-13      0.00 8.149e-01 1.840e-01 1.810e-04 4.973e-05 4.538e-04 -1.000 1.039e-03 3.045 5.218 4.342 3.845 3.434 3.214 3.477 3.490 3.380 3.129 3.067 2.989 2.926 2.815 2.790 2.641 2.637 2.567
0.00123 -1.10000 9.80000 0.9689249992 2.4661698625    0.967  0.733  3.8178  3.913    2  0.000  0.532     0.00     0.00     0.00     0.00     0.00 -1 -7.57e-13      0.00 8.139e-01 1.851e-01 1.818e-04 4.994e-05 4.557e-04 -1.000 1.039e-03 2.937 5.234 4.350 3.817 3.368 3.130 3.394 3.406 3.290 3.025 2.960 2.878 2.812 2.696 2.670 2.513 2.509 2.433
0.00123 -1.10000 9.80000 0.9725264311 2.4669770692    0.971  0.766  3.8088  3.846    2  0.000  0.532     0.00     0.00     0.00     0.00     0.00 -1 -8.82e-13      0.00 8.131e-01 1.858e-01 1.823e-04 5.008e-05 4.570e-04 -1.000 1.039e-03 2.854 5.305 4.412 3.830 3.333 3.073 3.344 3.355 3.231 2.949 2.881 2.793 2.723 2.600 2.573 2.407 2.403 2.319
0.00123 -1.10000 9.80000 0.9750993252 2.4675495474    0.973  0.791  3.7988  3.782    2  0.000  0.532     0.00     0.00     0.00     0.00     0.00 -1 -1.01e-12      0.00 8.121e-01 1.869e-01 1.833e-04 5.033e-05 4.593e-04 -1.000 1.042e-03 2.792 5.422 4.531 3.885 3.328 3.042 3.325 3.334 3.200 2.896 2.824 2.729 2.656 2.525 2.496 2.320 2.315 2.223
0.00123 -1.10000 9.80000 0.9770112038 2.4679727023    0.975  0.809  3.7879  3.722    2  0.000  0.532     0.00     0.00     0.00     0.00     0.00 -1 -1.12e-12      0.00 8.091e-01 1.899e-01 1.864e-04 5.116e-05 4.667e-04 -1.000 1.056e-03 2.749 5.575 4.707 3.984 3.357 3.041 3.334 3.339 3.193 2.865 2.788 2.686 2.608 2.469 2.438 2.252 2.246 2.145
0.00123 -1.10000 9.80000 0.9785212874 2.4683055845    0.977  0.817  3.7768  3.670    2  0.000  0.533     0.00     0.00     0.00     0.00     0.00 -1 -1.22e-12      0.00 7.993e-01 1.996e-01 1.946e-04 5.337e-05 4.863e-04 -1.000 1.111e-03 2.727 5.749 4.935 4.125 3.418 3.070 3.371 3.369 3.211 2.856 2.774 2.666 2.583 2.435 2.402 2.205 2.198 2.088
0.00123 -1.10000 9.80000 0.9798153043 2.4685898983    0.978  0.820  3.7663  3.625    2  0.000  0.535     0.00     0.00     0.00     0.00     0.00 -1 -1.29e-12      0.00 7.817e-01 2.171e-01 2.069e-04 5.663e-05 5.154e-04 -1.000 1.185e-03 2.720 5.922 5.204 4.299 3.505 3.125 3.428 3.416 3.245 2.863 2.777 2.662 2.575 2.419 2.384 2.176 2.168 2.049
0.00123 -1.10000 9.80000 0.9810438156 2.4688590217    0.979  0.825  3.7561  3.580    2  0.000  0.536     0.00     0.00     0.00     0.00     0.00 -1 -1.37e-12      0.00 7.681e-01 2.307e-01 2.159e-04 5.903e-05 5.367e-04 -1.000 1.205e-03 2.707 6.062 5.479 4.474 3.590 3.179 3.481 3.457 3.274 2.866 2.776 2.654 2.563 2.399 2.362 2.144 2.135 2.007
0.00123 -1.10000 9.80000 0.9822410345 2.4691205452    0.980  0.844  3.7474  3.527    2  0.000  0.537     0.00     0.00     0.00     0.00     0.00 -1 -1.52e-12      0.00 7.616e-01 2.372e-01 2.203e-04 6.020e-05 5.471e-04 -1.000 1.237e-03 2.660 6.129 5.697 4.599 3.633 3.196 3.493 3.459 3.265 2.835 2.742 2.613 2.519 2.349 2.310 2.083 2.074 1.938
0.00123 -1.10000 9.80000 0.9833563566 2.4693635203    0.982  0.878  3.7412  3.468    2  0.000  0.537     0.00     0.00     0.00     0.00     0.00 -1 -1.76e-12      0.00 7.580e-01 2.408e-01 2.225e-04 6.080e-05 5.525e-04 -1.000 1.255e-03 2.574 6.118 5.811 4.642 3.614 3.158 3.450 3.407 3.206 2.761 2.665 2.533 2.436 2.261 2.221 1.988 1.978 1.836
0.00123 -1.10000 9.80000 0.9838203192 2.4694644089    0.982  0.896  3.7389  3.442    2  0.000  0.537     0.00     0.00     0.00     0.00     0.00 -1 -1.89e-12      0.00 7.568e-01 2.420e-01 2.232e-04 6.099e-05 5.542e-04 -1.000 1.231e-03 2.529 6.099 5.842 4.646 3.597 3.134 3.422 3.375 3.171 2.721 2.624 2.490 2.393 2.216 2.175 1.940 1.930 1.786
0.00123 -1.10000 9.80000 0.9839636087 2.4694955450    0.982  0.903  3.7384  3.433    3  0.000  0.537     0.00     0.00     0.00     0.00     0.00 -1 -1.94e-12      0.00 7.564e-01 2.423e-01 2.233e-04 6.104e-05 5.546e-04 -1.000 1.282e-03 2.513 6.088 5.845 4.642 3.588 3.124 3.409 3.361 3.157 2.705 2.608 2.474 2.377 2.200 2.159 1.923 1.913 1.769
0.00123 -1.10000 9.80000 0.9849787354 2.4697158292    0.983  0.954  3.7349  3.368    3  0.000  0.537     0.00     0.00     0.00     0.00     0.00 -1 -2.34e-12      0.00 7.539e-01 2.448e-01 2.244e-04 6.132e-05 5.571e-04 -1.000 1.278e-03 2.385 5.998 5.842 4.593 3.506 3.033 3.308 3.254 3.045 2.585 2.487 2.351 2.252 2.073 2.031 1.791 1.781 1.633
0.00123 -1.10000 9.80000 0.9856973886 2.4698714627    0.984  0.995  3.7327  3.319    3  0.000  0.537     0.00     0.00     0.00     0.00     0.00 -1 -2.71e-12      0.00 7.521e-01 2.467e-01 2.248e-04 6.151e-05 5.585e-04 -1.000 1.281e-03 2.284 5.921 5.818 4.540 3.434 2.956 3.224 3.166 2.954 2.489 2.390 2.252 2.153 1.972 1.930 1.688 1.677 1.528
0.00123 -1.10000 9.80000 0.9864770174 2.4700400063    0.985  1.042  3.7306  3.263    3  0.000  0.535     0.00     0.00     0.00     0.00     0.00 -1 -3.23e-12      0.00 7.498e-01 2.489e-01 2.244e-04 6.191e-05 5.598e-04 -1.000 1.285e-03 2.164 5.824 5.771 4.467 3.342 2.859 3.120 3.059 2.845 2.374 2.274 2.135 2.035 1.853 1.810 1.567 1.556 1.404
0.00123 -1.10000 9.80000 0.9871333838 2.4701816652    0.985  1.086  3.7289  3.214    3  0.000  0.530     0.00     0.00     0.00     0.00     0.00 -1 -3.78e-12      0.00 7.477e-01 2.510e-01 2.225e-04 6.325e-05 5.607e-04 -1.000 1.289e-03 2.056 5.733 5.726 4.398 3.258 2.771 3.025 2.961 2.745 2.270 2.170 2.030 1.929 1.746 1.702 1.457 1.446 1.293
0.00123 -1.10000 9.80000 0.9878098369 2.4703274328    0.986  1.134  3.7271  3.159    3  0.000  0.519     0.00     0.00     0.00     0.00     0.00 -1 -4.49e-12      0.00 7.453e-01 2.534e-01 2.181e-04 6.735e-05 5.615e-04 -1.000 1.294e-03 1.936 5.629 5.674 4.320 3.163 2.671 2.919 2.852 2.633 2.154 2.053 1.912 1.811 1.627 1.583 1.336 1.325 1.169
0.00123 -1.10000 9.80000 0.9884226918 2.4704592976    0.986  1.181  3.7255  3.106    3  0.000  0.504     0.00     0.00     0.00     0.00     0.00 -1 -5.31e-12      0.00 7.432e-01 2.555e-01 2.122e-04 7.412e-05 5.622e-04 -1.000 1.281e-03 1.819 5.527 5.617 4.240 3.069 2.573 2.814 2.745 2.524 2.041 1.940 1.798 1.696 1.510 1.466 1.218 1.206 1.049
0.00123 -1.10000 9.80000 0.9889855385 2.4705802368    0.987  1.227  3.7238  3.053    3  0.000  0.489     0.00     0.00     0.00     0.00     0.00 -1 -6.28e-12      0.00 7.412e-01 2.576e-01 2.062e-04 8.147e-05 5.627e-04 -1.000 1.279e-03 1.703 5.426 5.564 4.163 2.976 2.476 2.712 2.639 2.417 1.929 1.827 1.684 1.582 1.395 1.351 1.101 1.089 0.931
0.00123 -1.10000 9.80000 0.9895353317 2.4706982186    0.987  1.276  3.7221  2.997    3  0.000  0.477     0.00     0.00     0.00     0.00     0.00 -1  -7.5e-12      0.00 7.392e-01 2.595e-01 2.011e-04 8.790e-05 5.631e-04 -1.000 1.286e-03 1.580 5.320 5.508 4.082 2.878 2.374 2.603 2.528 2.303 1.811 1.709 1.564 1.462 1.274 1.229 0.977 0.965 0.805
0.00123 -1.10000 9.80000 0.9900032878 2.4707985199    0.988  1.321  3.7204  2.945    3  0.000  0.467     0.00     0.00     0.00     0.00     0.00 -1 -8.83e-12      0.00 7.377e-01 2.610e-01 1.975e-04 9.256e-05 5.634e-04 -1.000 1.283e-03 1.467 5.223 5.462 4.012 2.790 2.282 2.503 2.425 2.198 1.702 1.599 1.454 1.350 1.161 1.116 0.862 0.850 0.688
0.00123 -1.10000 9.80000 0.9904630184 2.4708969520    0.988  1.369  3.7186  2.890    3  0.000  0.460     0.00     0.00     0.00     0.00     0.00 -1 -1.05e-11      0.00 7.364e-01 2.623e-01 1.947e-04 9.608e-05 5.637e-04 -1.000 1.292e-03 1.347 5.120 5.429 3.945 2.701 2.187 2.400 2.318 2.088 1.587 1.483 1.337 1.233 1.042 0.997 0.741 0.728 0.565
0.00123 -1.10000 9.80000 0.9908568263 2.4709811861    0.988  1.414  3.7168  2.838    3  0.000  0.456     0.00     0.00     0.00     0.00     0.00 -1 -1.24e-11      0.00 7.354e-01 2.633e-01 1.927e-04 9.866e-05 5.639e-04 -1.000 1.292e-03 1.235 5.024 5.400 3.883 2.619 2.100 2.304 2.218 1.986 1.480 1.375 1.228 1.123 0.931 0.885 0.627 0.615 0.449
0.00123 -1.10000 9.80000 0.9912375808 2.4710625548    0.989  1.461  3.7150  2.784    3  0.000  0.452     0.00     0.00     0.00     0.00     0.00 -1 -1.47e-11      0.00 7.346e-01 2.641e-01 1.911e-04 1.006e-04 5.640e-04 -1.000 1.299e-03 1.117 4.922 5.369 3.818 2.532 2.007 2.203 2.114 1.878 1.368 1.262 1.113 1.008 0.815 0.768 0.508 0.496 0.328
0.00123 -1.10000 9.80000 0.9915770292 2.4711350358    0.989  1.507  3.7130  2.730    3  0.000  0.449     0.00     0.00     0.00     0.00     0.00 -1 -1.73e-11      0.00 7.341e-01 2.646e-01 1.902e-04 1.018e-04 5.641e-04 -1.000 1.294e-03 1.003 4.825 5.345 3.759 2.450 1.919 2.107 2.014 1.776 1.259 1.153 1.003 0.897 0.702 0.655 0.393 0.380 0.210
0.00123 -1.10000 9.80000 0.9918836355 2.4712004550    0.989  1.552  3.7112  2.678    3  0.000  0.448     0.00     0.00     0.00     0.00     0.00 -1 -2.04e-11      0.00 7.337e-01 2.650e-01 1.895e-04 1.027e-04 5.642e-04 -1.000 1.277e-03 0.891 4.729 5.319 3.700 2.368 1.833 2.013 1.916 1.675 1.153 1.046 0.895 0.788 0.592 0.544 0.280 0.267 0.096
0.00123 -1.10000 9.80000 0.9921693206 2.4712613685    0.989  1.596  3.7092  2.625    3  0.000  0.447     0.00     0.00     0.00     0.00     0.00 -1  -2.4e-11      0.00 7.335e-01 2.652e-01 1.891e-04 1.033e-04 5.642e-04 -1.000 1.299e-03 0.779 4.633 5.301 3.644 2.289 1.747 1.920 1.819 1.574 1.047 0.939 0.787 0.679 0.481 0.434 0.167 0.154 -0.020
0.00123 -1.10000 9.80000 0.9924312234 2.4713171758    0.989  1.641  3.7071  2.573    3  0.000  0.446     0.00     0.00     0.00     0.00     0.00 -1 -2.83e-11      0.00 7.334e-01 2.653e-01 1.890e-04 1.034e-04 5.643e-04 -1.000 1.298e-03 0.667 4.537 5.291 3.593 2.212 1.665 1.828 1.723 1.476 0.943 0.834 0.680 0.572 0.372 0.324 0.055 0.041 -0.135
0.00123 -1.10000 9.80000 0.9926733375 2.4713687363    0.989  1.686  3.7051  2.520    3  0.000  0.446     0.00     0.00     0.00     0.00     0.00 -1 -3.33e-11      0.00 7.334e-01 2.654e-01 1.889e-04 1.035e-04 5.643e-04 -1.000 1.294e-03 0.556 4.440 5.278 3.540 2.135 1.582 1.737 1.627 1.377 0.838 0.729 0.573 0.464 0.263 0.214 -0.057 -0.071 -0.249
0.00123 -1.10000 9.80000 0.9928963184 2.4714161966    0.989  1.730  3.7029  2.467    3  0.000  0.446     0.00     0.00     0.00     0.00     0.00 -1 -3.93e-11      0.00 7.333e-01 2.654e-01 1.888e-04 1.036e-04 5.643e-04 -1.000 1.295e-03 0.445 4.346 5.286 3.502 2.066 1.506 1.649 1.534 1.280 0.734 0.624 0.466 0.357 0.154 0.104 -0.169 -0.183 -0.364
0.00123 -1.10000 9.80000 0.9930981398 2.4714591321    0.989  1.773  3.7008  2.415    3  0.000  0.446     0.00     0.00     0.00     0.00     0.00 -1  -4.6e-11      0.00 7.333e-01 2.654e-01 1.888e-04 1.036e-04 5.643e-04 -1.000 1.295e-03 0.337 4.254 5.296 3.469 2.001 1.434 1.564 1.443 1.185 0.632 0.521 0.362 0.251 0.046 -0.004 -0.279 -0.294 -0.476
0.00123 -1.10000 9.80000 0.9932899475 2.4714999187    0.989  1.818  3.6986  2.362    3  0.000  0.446     0.00     0.00     0.00     0.00     0.00 -1 -5.42e-11      0.00 7.333e-01 2.654e-01 1.888e-04 1.036e-04 5.643e-04 -1.000 1.295e-03 0.226 4.159 5.317 3.441 1.939 1.364 1.480 1.352 1.090 0.529 0.416 0.256 0.144 -0.063 -0.113 -0.391 -0.406 -0.591
0.00123 -1.10000 9.80000 0.9934653640 2.4715372039    0.989  1.861  3.6963  2.310    3  0.000  0.446     0.00     0.00     0.00     0.00     0.00 -1 -6.36e-11      0.00 7.333e-01 2.654e-01 1.888e-04 1.037e-04 5.643e-04 -1.000 1.295e-03 0.117 4.065 5.338 3.416 1.878 1.295 1.397 1.263 0.996 0.428 0.314 0.152 0.039 -0.169 -0.220 -0.501 -0.516 -0.703
0.00123 -1.10000 9.80000 0.9936261773 2.4715713719    0.989  1.904  3.6941  2.258    3  0.000  0.446     0.00     0.00     0.00     0.00     0.00 -1 -7.46e-11      0.00 7.333e-01 2.654e-01 1.888e-04 1.037e-04 5.643e-04 -1.000 1.295e-03 0.010 3.974 5.362 3.393 1.819 1.229 1.317 1.177 0.906 0.329 0.215 0.050 -0.063 -0.274 -0.325 -0.609 -0.624 -0.814
0.00123 -1.10000 9.80000 0.9937767982 2.4716033628    0.989  1.946  3.6918  2.206    3  0.000  0.446     0.00     0.00     0.00     0.00     0.00 -1 -8.73e-11      0.00 7.333e-01 2.654e-01 1.887e-04 1.037e-04 5.643e-04 -1.000 1.295e-03 -0.096 3.883 5.389 3.372 1.762 1.164 1.238 1.091 0.816 0.231 0.115 -0.051 -0.166 -0.378 -0.430 -0.716 -0.732 -0.924
0.00123 -1.10000 9.80000 0.9939213991 2.4716340646    0.989  1.989  3.6895  2.155    3  0.000  0.446     0.00     0.00     0.00     0.00     0.00 -1 -1.02e-10      0.00 7.333e-01 2.654e-01 1.887e-04 1.037e-04 5.643e-04 -1.000 1.295e-03 -0.202 3.792 5.413 3.352 1.706 1.101 1.161 1.007 0.727 0.135 0.018 -0.151 -0.266 -0.481 -0.533 -0.822 -0.838 -1.032
0.00123 -1.10000 9.80000 0.9940710068 2.4716658186    0.989  2.029  3.6872  2.105    3  0.000  0.446     0.00     0.00     0.00     0.00     0.00 -1 -1.18e-10      0.00 7.333e-01 2.654e-01 1.887e-04 1.038e-04 5.643e-04 -1.000 1.295e-03 -0.302 3.706 5.436 3.339 1.658 1.045 1.090 0.930 0.645 0.044 -0.074 -0.244 -0.361 -0.577 -0.630 -0.922 -0.938 -1.135
0.00123 -1.10000 9.80000 0.9941893816 2.4716909357    0.989  2.047  3.6863  2.083    3  0.000  0.446     0.00     0.00     0.00     0.00     0.00 -1 -1.28e-10      0.00 7.333e-01 2.654e-01 1.887e-04 1.038e-04 5.643e-04 -1.000 1.295e-03 -0.349 3.664 5.440 3.328 1.633 1.017 1.056 0.892 0.605 0.001 -0.117 -0.288 -0.405 -0.622 -0.676 -0.969 -0.985 -1.183
0.00123 -1.10000 9.80000 0.9943142533 2.4717174239    0.988  2.013  3.6888  2.127    3  0.000  0.445     0.00     0.00     0.00     0.00     0.00 -1 -1.13e-10      0.00 7.333e-01 2.654e-01 1.887e-04 1.038e-04 5.643e-04 -1.000 1.295e-03 -0.261 3.737 5.397 3.324 1.666 1.058 1.111 0.955 0.673 0.078 -0.039 -0.208 -0.324 -0.539 -0.592 -0.882 -0.898 -1.093
0.00123 -1.10000 9.80000 0.9943599701 2.4717271196    0.988  1.995  3.6900  2.149    3  0.000  0.445     0.00     0.00     0.00     0.00     0.00 -1 -1.06e-10      0.00 7.333e-01 2.654e-01 1.887e-04 1.038e-04 5.643e-04 -1.000 1.295e-03 -0.218 3.773 5.376 3.322 1.683 1.078 1.139 0.987 0.707 0.116 -0.001 -0.169 -0.284 -0.498 -0.551 -0.839 -0.855 -1.049
0.00123 -1.10000 9.80000 0.9943859577 2.4717326306    0.988  2.005  3.6894  2.137    3  0.000  0.445     0.00     0.00     0.00     0.00     0.00 -1  -1.1e-10      0.00 7.333e-01 2.654e-01 1.887e-04 1.038e-04 5.643e-04 -1.000 1.295e-03 -0.243 3.752 5.383 3.320 1.671 1.065 1.122 0.968 0.687 0.094 -0.023 -0.192 -0.307 -0.522 -0.575 -0.864 -0.879 -1.074
0.00123 -1.10000 9.80000 0.9944999218 2.4717567944    0.988  2.048  3.6869  2.084    3  0.000  0.445     0.00     0.00     0.00     0.00     0.00 -1 -1.27e-10      0.00 7.333e-01 2.654e-01 1.887e-04 1.038e-04 5.643e-04 -1.000 1.295e-03 -0.350 3.659 5.410 3.308 1.620 1.006 1.047 0.885 0.599 -0.003 -0.122 -0.292 -0.409 -0.625 -0.679 -0.971 -0.987 -1.184
0.00123 -1.10000 9.80000 0.9946047664 2.4717790189    0.988  2.089  3.6845  2.033    3  0.000  0.445     0.00     0.00     0.00     0.00     0.00 -1 -1.48e-10      0.00 7.333e-01 2.654e-01 1.886e-04 1.039e-04 5.643e-04 -1.000 1.296e-03 -0.453 3.572 5.439 3.298 1.572 0.950 0.976 0.806 0.516 -0.095 -0.215 -0.387 -0.505 -0.724 -0.778 -1.073 -1.089 -1.289
0.00123 -1.10000 9.80000 0.9947049618 2.4718002528    0.988  2.130  3.6820  1.982    3  0.000  0.445     0.00     0.00     0.00     0.00     0.00 -1 -1.73e-10      0.00 7.333e-01 2.654e-01 1.886e-04 1.039e-04 5.643e-04 -1.000 1.296e-03 -0.556 3.483 5.457 3.304 1.536 0.903 0.909 0.731 0.433 -0.189 -0.310 -0.484 -0.603 -0.824 -0.878 -1.176 -1.193 -1.395
0.00123 -1.10000 9.80000 0.9947993159 2.4718202444    0.987  2.172  3.6795  1.931    3  0.000  0.445     0.00     0.00     0.00     0.00     0.00 -1 -2.02e-10      0.00 7.333e-01 2.654e-01 1.886e-04 1.039e-04 5.643e-04 -1.000 1.296e-03 -0.659 3.395 5.456 3.347 1.527 0.877 0.853 0.661 0.353 -0.284 -0.406 -0.583 -0.704 -0.927 -0.982 -1.282 -1.299 -1.504
0.00123 -1.10000 9.80000 0.9948874712 2.4718389186    0.987  2.213  3.6770  1.879    3  0.000  0.445     0.00     0.00     0.00     0.00     0.00 -1 -2.35e-10      0.00 7.333e-01 2.654e-01 1.886e-04 1.039e-04 5.643e-04 -1.000 1.296e-03 -0.763 3.306 5.464 3.399 1.521 0.854 0.799 0.594 0.275 -0.378 -0.503 -0.682 -0.805 -1.030 -1.085 -1.388 -1.404 -1.612
0.00123 -1.10000 9.80000 0.9949648976 2.4718553169    0.987  2.252  3.6746  1.830    3  0.000  0.445     0.00     0.00     0.00     0.00     0.00 -1 -2.73e-10      0.00 7.333e-01 2.654e-01 1.886e-04 1.039e-04 5.643e-04 -1.000 1.296e-03 -0.861 3.224 5.477 3.453 1.519 0.835 0.751 0.533 0.203 -0.465 -0.592 -0.775 -0.899 -1.126 -1.182 -1.487 -1.504 -1.714
0.00123 -1.10000 9.80000 0.9950403571 2.4718712959    0.986  2.293  3.6720  1.779    3  0.000  0.445     0.00     0.00     0.00     0.00     0.00 -1 -3.18e-10      0.00 7.333e-01 2.655e-01 1.886e-04 1.039e-04 5.643e-04 -1.000 1.296e-03 -0.963 3.138 5.495 3.511 1.517 0.817 0.703 0.471 0.129 -0.556 -0.686 -0.871 -0.997 -1.226 -1.283 -1.590 -1.607 -1.820
0.00123 -1.10000 9.80000 0.9951079488 2.4718856064    0.986  2.332  3.6695  1.730    3  0.000  0.445     0.00     0.00     0.00     0.00     0.00 -1 -3.68e-10      0.00 7.333e-01 2.655e-01 1.886e-04 1.039e-04 5.643e-04 -1.000 1.296e-03 -1.060 3.056 5.517 3.573 1.519 0.803 0.661 0.414 0.060 -0.643 -0.774 -0.962 -1.090 -1.322 -1.379 -1.689 -1.706 -1.921
0.00123 -1.10000 9.80000 0.9951711297 2.4718989810    0.985  2.371  3.6670  1.680    3  0.000  0.445     0.00     0.00     0.00     0.00     0.00 -1 -4.26e-10      0.00 7.332e-01 2.655e-01 1.886e-04 1.040e-04 5.643e-04 -1.000 1.296e-03 -1.158 2.974 5.538 3.643 1.526 0.793 0.621 0.360 -0.007 -0.728 -0.861 -1.052 -1.182 -1.416 -1.474 -1.787 -1.804 -2.022
0.00123 -1.10000 9.80000 0.9952290654 2.4719112436    0.985  2.410  3.6644  1.631    3  0.000  0.445     0.00     0.00     0.00     0.00     0.00 -1 -4.93e-10      0.00 7.332e-01 2.655e-01 1.886e-04 1.040e-04 5.644e-04 -1.000 1.296e-03 -1.254 2.893 5.562 3.715 1.534 0.787 0.585 0.308 -0.071 -0.810 -0.947 -1.141 -1.272 -1.509 -1.567 -1.883 -1.901 -2.121
0.00123 -1.10000 9.80000 0.9952825308 2.4719225586    0.984  2.448  3.6619  1.583    3  0.000  0.445     0.00     0.00     0.00     0.00     0.00 -1 -5.68e-10      0.00 7.332e-01 2.655e-01 1.886e-04 1.040e-04 5.644e-04 -1.000 1.296e-03 -1.349 2.814 5.589 3.787 1.545 0.782 0.552 0.260 -0.133 -0.891 -1.030 -1.227 -1.361 -1.600 -1.659 -1.977 -1.995 -2.218
0.00123 -1.10000 9.80000 0.9953312278 2.4719328632    0.984  2.484  3.6593  1.536    3  0.000  0.445     0.00     0.00     0.00     0.00     0.00 -1 -6.53e-10      0.00 7.332e-01 2.655e-01 1.885e-04 1.040e-04 5.644e-04 -1.000 1.296e-03 -1.440 2.738 5.615 3.860 1.557 0.781 0.522 0.214 -0.192 -0.968 -1.110 -1.310 -1.446 -1.688 -1.747 -2.068 -2.086 -2.312
0.00123 -1.10000 9.80000 0.9953777194 2.4719427000    0.983  2.522  3.6567  1.488    3  0.000  0.445     7.40     5.75     4.10     3.14     2.55  4 -7.52e-10      0.00 7.332e-01 2.655e-01 1.885e-04 1.040e-04 5.644e-04 -1.000 1.296e-03 -1.534 2.660 5.646 3.929 1.567 0.780 0.493 0.169 -0.250 -1.045 -1.189 -1.393 -1.530 -1.775 -1.835 -2.159 -2.178 -2.406
0.00123 -1.10000 9.80000 0.9954301715 2.4719537967    0.982  2.567  3.6536  1.430    3  0.000  0.445     8.35     6.39     4.53     3.48     2.82  4 -8.93e-10      0.00 7.332e-01 2.655e-01 1.885e-04 1.040e-04 5.644e-04 -1.000 1.296e-03 -1.647 2.565 5.710 3.990 1.561 0.766 0.451 0.110 -0.321 -1.135 -1.282 -1.490 -1.629 -1.878 -1.939 -2.268 -2.287 -2.520
0.00123 -1.10000 9.80000 0.9954773188 2.4719637700    0.981  2.611  3.6504  1.373    3  0.000  0.445     9.40     7.08     4.99     3.84     3.12  3 -1.05e-09      0.00 7.332e-01 2.655e-01 1.885e-04 1.040e-04 5.644e-04 -1.000 1.296e-03 -1.756 2.474 5.777 4.058 1.561 0.758 0.414 0.056 -0.387 -1.221 -1.371 -1.583 -1.724 -1.977 -2.040 -2.374 -2.393 -2.630
0.00123 -1.10000 9.80000 0.9955132008 2.4719713595    0.980  2.646  3.6479  1.326    3  0.000  0.445    10.35     7.70     5.41     4.17     3.38  3 -1.21e-09      0.00 7.332e-01 2.655e-01 1.885e-04 1.040e-04 5.644e-04 -1.000 1.296e-03 -1.846 2.400 5.817 4.112 1.561 0.754 0.385 0.014 -0.440 -1.290 -1.442 -1.657 -1.801 -2.057 -2.121 -2.459 -2.478 -2.719
0.00123 -1.10000 9.80000 0.9955540895 2.4719800073    0.979  2.690  3.6448  1.270    3  0.000  0.445    11.64     8.52     5.96     4.60     3.73  3 -1.43e-09      0.00 7.332e-01 2.655e-01 1.885e-04 1.040e-04 5.644e-04 -1.000 1.296e-03 -1.954 2.310 5.861 4.176 1.562 0.748 0.350 -0.038 -0.504 -1.373 -1.528 -1.748 -1.893 -2.154 -2.219 -2.562 -2.582 -2.827
0.00123 -1.10000 9.80000 0.9955911040 2.4719878350    0.978  2.732  3.6416  1.214    3  0.000  0.445    13.08     9.42     6.56     5.07     4.12  3 -1.68e-09      0.00 7.332e-01 2.655e-01 1.885e-04 1.040e-04 5.644e-04 -1.000 1.296e-03 -2.060 2.222 5.910 4.246 1.567 0.746 0.320 -0.086 -0.565 -1.453 -1.611 -1.836 -1.983 -2.248 -2.314 -2.663 -2.683 -2.933
0.00123 -1.10000 9.80000 0.9956256747 2.4719951453    0.976  2.774  3.6384  1.159    3  0.000  0.445    14.68    10.42     7.22     5.59     4.54  3 -1.97e-09      0.00 7.332e-01 2.655e-01 1.885e-04 1.040e-04 5.644e-04 -1.000 1.296e-03 -2.166 2.136 5.949 4.315 1.573 0.747 0.290 -0.133 -0.623 -1.532 -1.692 -1.922 -2.071 -2.340 -2.408 -2.762 -2.783 -3.037
0.00123 -1.10000 9.80000 0.9956579208 2.4720019635    0.975  2.817  3.6352  1.103    3  0.000  0.445    16.49    11.52     7.95     6.16     5.00  3 -2.32e-09      0.00 7.332e-01 2.655e-01 1.885e-04 1.040e-04 5.644e-04 -1.000 1.296e-03 -2.272 2.049 5.978 4.384 1.581 0.750 0.263 -0.178 -0.681 -1.609 -1.772 -2.006 -2.158 -2.432 -2.501 -2.861 -2.882 -3.141
0.00123 -1.10000 9.80000 0.9956864119 2.4720079873    0.973  2.856  3.6321  1.050    3  0.000  0.445    18.39    12.66     8.70     6.75     5.48  3  -2.7e-09      0.00 7.332e-01 2.655e-01 1.885e-04 1.040e-04 5.644e-04 -1.000 1.296e-03 -2.371 1.968 6.003 4.450 1.590 0.755 0.239 -0.218 -0.733 -1.681 -1.847 -2.086 -2.239 -2.517 -2.588 -2.953 -2.975 -3.239
0.00123 -1.10000 9.80000 0.9957131147 2.4720136327    0.972  2.896  3.6291  0.998    3  0.000  0.445    20.53    13.92     9.52     7.41     6.01  2 -3.15e-09      0.00 7.332e-01 2.655e-01 1.885e-04 1.040e-04 5.644e-04 -1.000 1.296e-03 -2.471 1.887 6.021 4.519 1.602 0.763 0.220 -0.255 -0.783 -1.751 -1.920 -2.164 -2.319 -2.602 -2.674 -3.045 -3.067 -3.336
0.00123 -1.10000 9.80000 0.9957382679 2.4720189501    0.970  2.936  3.6260  0.944    3  0.000  0.445    22.93    15.32    10.44     8.13     6.60  2 -3.67e-09      0.00 7.332e-01 2.655e-01 1.885e-04 1.040e-04 5.644e-04 -1.000 1.296e-03 -2.571 1.807 6.024 4.586 1.619 0.779 0.209 -0.283 -0.827 -1.817 -1.990 -2.239 -2.397 -2.685 -2.759 -3.137 -3.159 -3.433
0.00123 -1.10000 9.80000 0.9957613945 2.4720238388    0.968  2.976  3.6229  0.892    3  0.000  0.445    25.58    16.84    11.42     8.91     7.24  2 -4.28e-09      0.00 7.332e-01 2.655e-01 1.885e-04 1.040e-04 5.644e-04 -1.000 1.296e-03 -2.669 1.728 6.026 4.653 1.637 0.795 0.201 -0.309 -0.868 -1.882 -2.057 -2.313 -2.473 -2.767 -2.842 -3.226 -3.250 -3.529
0.00123 -1.10000 9.80000 0.9957824349 2.4720282863    0.966  3.014  3.6199  0.841    3  0.000  0.445    28.44    18.45    12.46     9.74     7.91  2 -4.96e-09      0.00 7.332e-01 2.655e-01 1.885e-04 1.041e-04 5.644e-04 -1.000 1.296e-03 -2.764 1.652 6.028 4.718 1.655 0.810 0.194 -0.333 -0.907 -1.944 -2.123 -2.384 -2.546 -2.845 -2.922 -3.313 -3.337 -3.621
0.00123 -1.10000 9.80000 0.9958023429 2.4720324942    0.963  3.051  3.6169  0.790    3  0.000  0.445    31.62    20.22    13.60    10.64     8.65  2 -5.74e-09      0.00 7.332e-01 2.655e-01 1.885e-04 1.041e-04 5.644e-04 -1.000 1.296e-03 -2.859 1.578 6.022 4.781 1.673 0.828 0.188 -0.356 -0.944 -2.004 -2.185 -2.453 -2.617 -2.922 -3.001 -3.398 -3.423 -3.712
0.00123 -1.10000 9.80000 0.9958214164 2.4720365256    0.961  3.090  3.6138  0.738    3  0.000  0.445    35.23    22.20    14.87    11.65     9.47  2 -6.67e-09      0.00 7.332e-01 2.655e-01 1.885e-04 1.041e-04 5.644e-04 -1.000 1.296e-03 -2.955 1.502 6.015 4.845 1.692 0.846 0.183 -0.378 -0.981 -2.064 -2.249 -2.523 -2.689 -3.000 -3.081 -3.485 -3.510 -3.805
0.00123 -1.10000 9.80000 0.9958381057 2.4720400529    0.958  3.125  3.6109  0.690    3  0.000  0.445    38.92    24.20    16.14    12.66    10.30  2 -7.66e-09      0.00 7.332e-01 2.655e-01 1.885e-04 1.041e-04 5.644e-04 -1.000 1.296e-03 -3.043 1.432 6.007 4.903 1.710 0.864 0.180 -0.397 -1.014 -2.119 -2.307 -2.587 -2.755 -3.071 -3.154 -3.565 -3.590 -3.890
0.00123 -1.10000 9.80000 0.9958543777 2.4720434919    0.955  3.162  3.6080  0.640    3  0.000  0.445    43.14    26.44    17.57    13.80    11.22  1 -8.83e-09      0.00 7.332e-01 2.655e-01 1.885e-04 1.041e-04 5.644e-04 -1.000 1.296e-03 -3.135 1.360 5.988 4.956 1.725 0.880 0.178 -0.414 -1.046 -2.174 -2.365 -2.651 -2.822 -3.143 -3.228 -3.646 -3.672 -3.977
0.00123 -1.10000 9.80000 0.9958695769 2.4720467040    0.952  3.198  3.6051  0.592    3  0.000  0.445    47.73    28.85    19.09    15.02    12.22  1 -1.02e-08      0.00 7.332e-01 2.655e-01 1.885e-04 1.041e-04 5.644e-04 -1.000 1.296e-03 -3.224 1.290 5.964 5.005 1.738 0.894 0.179 -0.429 -1.075 -2.226 -2.420 -2.713 -2.886 -3.213 -3.300 -3.725 -3.752 -4.062
0.00123 -1.10000 9.80000 0.9958837032 2.4720496893    0.949  3.233  3.6023  0.544    3  0.000  0.445    52.74    31.44    20.72    16.33    13.28  1 -1.17e-08      0.00 7.332e-01 2.655e-01 1.885e-04 1.041e-04 5.644e-04 -1.000 1.296e-03 -3.312 1.222 5.938 5.052 1.751 0.909 0.182 -0.440 -1.102 -2.276 -2.473 -2.772 -2.947 -3.280 -3.369 -3.801 -3.829 -4.145
0.00123 -1.10000 9.80000 0.9958967566 2.4720524478    0.945  3.266  3.5995  0.497    3  0.000  0.445    58.03    34.14    22.42    17.69    14.39  1 -1.33e-08      0.00 7.332e-01 2.655e-01 1.885e-04 1.041e-04 5.644e-04 -1.000 1.296e-03 -3.395 1.158 5.911 5.095 1.762 0.922 0.187 -0.450 -1.126 -2.323 -2.523 -2.828 -3.005 -3.344 -3.435 -3.874 -3.903 -4.224
0.00123 -1.10000 9.80000 0.9959089160 2.4720550172    0.941  3.297  3.5969  0.454    3  0.000  0.445    63.50    36.89    24.13    19.07    15.51  1 -1.51e-08      0.00 7.332e-01 2.655e-01 1.885e-04 1.041e-04 5.644e-04 -1.000 1.296e-03 -3.474 1.099 5.879 5.129 1.766 0.929 0.200 -0.448 -1.140 -2.362 -2.565 -2.877 -3.056 -3.401 -3.495 -3.942 -3.971 -4.298
0.00123 -1.10000 9.80000 0.9959188104 2.4720571080    0.938  3.322  3.5949  0.419    3  0.000  0.445    68.23    39.24    25.60    20.25    16.48  1 -1.66e-08      0.00 7.332e-01 2.655e-01 1.885e-04 1.041e-04 5.644e-04 -1.000 1.296e-03 -3.536 1.051 5.853 5.157 1.770 0.935 0.211 -0.447 -1.151 -2.392 -2.598 -2.916 -3.096 -3.447 -3.543 -3.996 -4.025 -4.357
0.00123 -1.10000 9.80000 0.9959188104 2.4720571080    0.938  1.806  3.7273  2.465    4  0.000  0.468     0.00     0.00     0.00     0.00     0.00 -1    -1e-30      0.00 7.308e-01 2.679e-01 2.004e-04 9.397e-05 5.709e-04 -1.000 1.299e-03 0.255 3.961 4.016 2.684 1.529 1.043 1.225 1.158 0.943 0.471 0.370 0.231 0.131 -0.052 -0.096 -0.342 -0.354 -0.510
0.00123 -1.10000 9.80000 0.9960363507 2.4720819418    0.938  1.819  3.7261  2.447    4  0.000  0.468     0.00     0.00     0.00     0.00     0.00 -1    -1e-30      0.00 7.307e-01 2.680e-01 2.003e-04 9.400e-05 5.709e-04 -1.000 1.299e-03 0.221 3.939 4.035 2.684 1.515 1.025 1.202 1.133 0.916 0.440 0.339 0.199 0.099 -0.086 -0.129 -0.377 -0.389 -0.546
0.00123 -1.10000 9.80000 0.9961532950 2.4721066429    0.938  1.824  3.7258  2.442    4  0.000  0.468     0.00     0.00     0.00     0.00     0.00 -1    -1e-30      0.00 7.307e-01 2.680e-01 2.003e-04 9.402e-05 5.709e-04 -1.000 1.299e-03 0.211 3.932 4.038 2.682 1.509 1.018 1.194 1.124 0.907 0.430 0.329 0.189 0.088 -0.096 -0.140 -0.388 -0.400 -0.558
0.00123 -1.10000 9.80000 0.9962725639 2.4721318282    0.938  1.826  3.7258  2.439    4  0.000  0.468     0.00     0.00     0.00     0.00     0.00 -1    -1e-30      0.00 7.307e-01 2.680e-01 2.003e-04 9.404e-05 5.709e-04 -1.000 1.299e-03 0.204 3.925 4.033 2.676 1.503 1.012 1.188 1.117 0.900 0.423 0.322 0.182 0.082 -0.103 -0.147 -0.395 -0.407 -0.564
0.00123 -1.10000 9.80000 0.9963926077 2.4721571701    0.939  1.828  3.7261  2.439    4  0.000  0.468     0.00     0.00     0.00     0.00     0.00 -1    -1e-30      0.00 7.307e-01 2.680e-01 2.003e-04 9.407e-05 5.709e-04 -1.000 1.299e-03 0.200 3.919 4.020 2.667 1.496 1.006 1.181 1.111 0.894 0.418 0.318 0.177 0.077 -0.107 -0.151 -0.399 -0.411 -0.568
0.00123 -1.10000 9.80000 0.9965146184 2.4721829201    0.939  1.829  3.7264  2.439    4  0.000  0.468     0.00     0.00     0.00     0.00     0.00 -1    -1e-30      0.00 7.307e-01 2.680e-01 2.003e-04 9.409e-05 5.709e-04 -1.000 1.299e-03 0.198 3.913 4.002 2.655 1.489 1.000 1.176 1.106 0.890 0.415 0.315 0.175 0.075 -0.110 -0.153 -0.401 -0.412 -0.569
0.00123 -1.10000 9.80000 0.9966343641 2.4722081850    0.939  1.829  3.7269  2.441    4  0.000  0.468     0.00     0.00     0.00     0.00     0.00 -1    -1e-30      0.00 7.307e-01 2.680e-01 2.003e-04 9.412e-05 5.709e-04 -1.000 1.299e-03 0.197 3.908 3.982 2.642 1.481 0.994 1.170 1.102 0.886 0.413 0.312 0.173 0.073 -0.111 -0.154 -0.401 -0.413 -0.569
0.00123 -1.10000 9.80000 0.9967562556 2.4722338954    0.939  1.830  3.7274  2.443    4  0.000  0.468     0.00     0.00     0.00     0.00     0.00 -1    -1e-30      0.00 7.307e-01 2.680e-01 2.002e-04 9.414e-05 5.709e-04 -1.000 1.299e-03 0.196 3.903 3.960 2.629 1.474 0.988 1.165 1.098 0.883 0.411 0.311 0.172 0.072 -0.112 -0.155 -0.401 -0.413 -0.569
0.00123 -1.10000 9.80000 0.9968767166 2.4722592970    0.939  1.830  3.7279  2.445    4  0.000  0.467     0.00     0.00     0.00     0.00     0.00 -1    -1e-30      0.00 7.307e-01 2.680e-01 2.002e-04 9.416e-05 5.709e-04 -1.000 1.299e-03 0.195 3.897 3.938 2.615 1.466 0.982 1.160 1.093 0.880 0.409 0.309 0.170 0.071 -0.112 -0.155 -0.401 -0.413 -0.568
0.00123 -1.10000 9.80000 0.9969999790 2.4722852820    0.939  1.830  3.7284  2.446    4  0.000  0.467     0.00     0.00     0.00     0.00     0.00 -1    -1e-30      0.00 7.307e-01 2.680e-01 2.002e-04 9.419e-05 5.709e-04 -1.000 1.299e-03 0.195 3.892 3.917 2.602 1.459 0.975 1.155 1.089 0.876 0.407 0.307 0.169 0.069 -0.113 -0.156 -0.402 -0.413 -0.568
0.00123 -1.10000 9.80000 0.9971249700 2.4723116239    0.939  1.831  3.7289  2.448    4  0.000  0.467     0.00     0.00     0.00     0.00     0.00 -1    -1e-30      0.00 7.307e-01 2.680e-01 2.002e-04 9.421e-05 5.709e-04 -1.000 1.299e-03 0.193 3.886 3.897 2.589 1.451 0.969 1.149 1.084 0.872 0.405 0.305 0.167 0.068 -0.114 -0.157 -0.402 -0.414 -0.568
0.00123 -1.10000 9.80000 0.9972475171 2.4723374434    0.940  1.831  3.7294  2.449    4  0.000  0.467     0.00     0.00     0.00     0.00     0.00 -1    -1e-30      0.00 7.307e-01 2.680e-01 2.002e-04 9.424e-05 5.709e-04 -1.000 1.299e-03 0.192 3.881 3.877 2.577 1.444 0.963 1.144 1.080 0.868 0.402 0.303 0.165 0.066 -0.116 -0.159 -0.403 -0.414 -0.569
0.00123 -1.10000 9.80000 0.9973679185 2.4723628037    0.940  1.832  3.7298  2.450    4  0.000  0.467     0.00     0.00     0.00     0.00     0.00 -1    -1e-30      0.00 7.307e-01 2.680e-01 2.001e-04 9.426e-05 5.709e-04 -1.000 1.299e-03 0.191 3.876 3.859 2.565 1.437 0.958 1.139 1.075 0.865 0.400 0.301 0.163 0.064 -0.117 -0.160 -0.404 -0.415 -0.569
0.00123 -1.10000 9.80000 0.9974898100 2.4723884707    0.940  1.832  3.7302  2.451    4  0.000  0.467     0.00     0.00     0.00     0.00     0.00 -1    -1e-30      0.00 7.307e-01 2.680e-01 2.001e-04 9.429e-05 5.709e-04 -1.000 1.299e-03 0.189 3.870 3.843 2.555 1.430 0.952 1.134 1.071 0.861 0.397 0.298 0.161 0.062 -0.119 -0.162 -0.405 -0.417 -0.570
0.00123 -1.10000 9.80000 0.9976078868 2.4724133275    0.940  1.833  3.7305  2.452    4  0.000  0.467     0.00     0.00     0.00     0.00     0.00 -1    -1e-30      0.00 7.307e-01 2.680e-01 2.001e-04 9.431e-05 5.709e-04 -1.000 1.299e-03 0.187 3.865 3.829 2.545 1.424 0.947 1.129 1.067 0.857 0.394 0.296 0.159 0.060 -0.121 -0.163 -0.407 -0.418 -0.571
0.00123 -1.10000 9.80000 0.9976221919 2.4724163385    0.940  1.833  3.7305  2.452    4  0.000  0.467     0.00     0.00     0.00     0.00     0.00 -1    -1e-30      0.00 7.307e-01 2.680e-01 2.001e-04 9.431e-05 5.709e-04 -1.000 1.299e-03 0.187 3.864 3.827 2.544 1.423 0.947 1.129 1.066 0.857 0.394 0.295 0.158 0.060 -0.121 -0.164 -0.407 -0.418 -0.571
0.00123 -1.10000 9.80000 0.9976342916 2.4724188852    0.940  1.833  3.7306  2.452    4  0.000  0.467     0.00     0.00     0.00     0.00     0.00 -1    -1e-30      0.00 7.307e-01 2.680e-01 2.001e-04 9.432e-05 5.709e-04 -1.000 1.299e-03 0.187 3.864 3.826 2.543 1.423 0.946 1.128 1.066 0.856 0.394 0.295 0.158 0.060 -0.121 -0.164 -0.407 -0.418 -0.571
0.00123 -1.10000 9.80000 0.9977588654 2.4724451007    0.940  1.834  3.7309  2.453    4  0.000  0.467     0.00     0.00     0.00     0.00     0.00 -1    -1e-30      0.00 7.307e-01 2.680e-01 2.001e-04 9.434e-05 5.709e-04 -1.000 1.299e-03 0.185 3.858 3.813 2.535 1.417 0.942 1.124 1.062 0.853 0.391 0.292 0.156 0.057 -0.123 -0.166 -0.409 -0.420 -0.573
0.00123 -1.10000 9.80000 0.9978763461 2.4724698168    0.940  1.835  3.7311  2.453    4  0.000  0.467     0.00     0.00     0.00     0.00     0.00 -1    -1e-30      0.00 7.307e-01 2.680e-01 2.001e-04 9.436e-05 5.709e-04 -1.000 1.299e-03 0.182 3.853 3.803 2.527 1.412 0.937 1.119 1.058 0.849 0.388 0.289 0.153 0.055 -0.126 -0.168 -0.411 -0.422 -0.575
0.00123 -1.10000 9.80000 0.9980016351 2.4724961682    0.940  1.836  3.7313  2.452    4  0.000  0.467     0.00     0.00     0.00     0.00     0.00 -1    -1e-30      0.00 7.307e-01 2.680e-01 2.000e-04 9.439e-05 5.709e-04 -1.000 1.299e-03 0.180 3.848 3.793 2.520 1.407 0.933 1.114 1.053 0.845 0.385 0.286 0.150 0.052 -0.129 -0.171 -0.414 -0.425 -0.577
0.00123 -1.10000 9.80000 0.9981176853 2.4725205696    0.940  1.837  3.7315  2.452    4  0.000  0.467     0.00     0.00     0.00     0.00     0.00 -1    -1e-30      0.00 7.306e-01 2.681e-01 2.000e-04 9.441e-05 5.709e-04 -1.000 1.299e-03 0.177 3.844 3.785 2.514 1.402 0.928 1.110 1.049 0.841 0.381 0.283 0.146 0.048 -0.132 -0.174 -0.417 -0.428 -0.580
0.00123 -1.10000 9.80000 0.9982426763 2.4725468437    0.941  1.839  3.7315  2.451    4  0.000  0.467     0.00     0.00     0.00     0.00     0.00 -1    -1e-30      0.00 7.306e-01 2.681e-01 2.000e-04 9.444e-05 5.709e-04 -1.000 1.299e-03 0.173 3.839 3.779 2.509 1.398 0.924 1.106 1.045 0.837 0.377 0.279 0.143 0.044 -0.136 -0.178 -0.420 -0.431 -0.584
0.00123 -1.10000 9.80000 0.9983605146 2.4725716074    0.941  1.841  3.7315  2.449    4  0.000  0.467     0.00     0.00     0.00     0.00     0.00 -1    -1e-30      0.00 7.306e-01 2.681e-01 2.000e-04 9.446e-05 5.709e-04 -1.000 1.299e-03 0.169 3.835 3.776 2.505 1.394 0.920 1.102 1.041 0.833 0.373 0.275 0.138 0.040 -0.140 -0.182 -0.424 -0.436 -0.588
0.00123 -1.10000 9.80000 0.9984654784 2.4725936597    0.941  1.842  3.7315  2.447    4  0.000  0.467     0.00     0.00     0.00     0.00     0.00 -1    -1e-30      0.00 7.306e-01 2.681e-01 2.000e-04 9.448e-05 5.709e-04 -1.000 1.299e-03 0.165 3.832 3.774 2.503 1.391 0.917 1.098 1.037 0.829 0.369 0.271 0.134 0.036 -0.144 -0.186 -0.428 -0.440 -0.592
0.00123 -1.10000 9.80000 0.9984758496 2.4725958384    0.941  1.842  3.7315  2.447    4  0.000  0.467     0.00     0.00     0.00     0.00     0.00 -1    -1e-30      0.00 7.306e-01 2.681e-01 2.000e-04 9.448e-05 5.709e-04 -1.000 1.299e-03 0.164 3.832 3.775 2.503 1.391 0.917 1.098 1.037 0.829 0.369 0.270 0.134 0.036 -0.144 -0.187 -0.429 -0.440 -0.592
0.00123 -1.10000 9.80000 0.9985933900 2.4726205261    0.941  1.845  3.7313  2.444    4  0.000  0.467     0.00     0.00     0.00     0.00     0.00 -1    -1e-30      0.00 7.306e-01 2.681e-01 2.000e-04 9.451e-05 5.709e-04 -1.000 1.299e-03 0.159 3.828 3.776 2.502 1.388 0.913 1.094 1.032 0.824 0.363 0.265 0.128 0.030 -0.150 -0.193 -0.435 -0.446 -0.598
0.00123 -1.10000 9.80000 0.9987117648 2.4726453824    0.941  1.847  3.7310  2.441    4  0.000  0.467     0.00     0.00     0.00     0.00     0.00 -1    -1e-30      0.00 7.306e-01 2.681e-01 1.999e-04 9.453e-05 5.709e-04 -1.000 1.299e-03 0.152 3.825 3.779 2.502 1.385 0.910 1.089 1.028 0.819 0.358 0.259 0.122 0.024 -0.156 -0.199 -0.442 -0.453 -0.605
0.00123 -1.10000 9.80000 0.9988324642 2.4726707198    0.941  1.850  3.7307  2.436    4  0.000  0.467     0.00     0.00     0.00     0.00     0.00 -1    -1e-30      0.00 7.306e-01 2.681e-01 1.999e-04 9.455e-05 5.709e-04 -1.000 1.299e-03 0.145 3.821 3.785 2.503 1.383 0.906 1.085 1.022 0.813 0.351 0.252 0.115 0.017 -0.164 -0.207 -0.449 -0.461 -0.614
0.00123 -1.10000 9.80000 0.9989503622 2.4726954623    0.941  1.853  3.7303  2.432    4  0.000  0.467     0.00     0.00     0.00     0.00     0.00 -1    -1e-30      0.00 7.306e-01 2.681e-01 1.999e-04 9.458e-05 5.709e-04 -1.000 1.299e-03 0.136 3.817 3.793 2.506 1.380 0.902 1.080 1.017 0.807 0.343 0.244 0.107 0.009 -0.172 -0.215 -0.458 -0.470 -0.623
0.00123 -1.10000 9.80000 0.9990688562 2.4727203232    0.942  1.857  3.7298  2.426    4  0.000  0.467     0.00     0.00     0.00     0.00     0.00 -1    -1e-30      0.00 7.306e-01 2.681e-01 1.999e-04 9.460e-05 5.709e-04 -1.000 1.299e-03 0.127 3.813 3.804 2.509 1.378 0.899 1.075 1.011 0.800 0.335 0.236 0.098 -0.000 -0.182 -0.225 -0.469 -0.480 -0.634
0.00123 -1.10000 9.80000 0.9991858006 2.4727448523    0.942  1.862  3.7292  2.419    4  0.000  0.467     0.00     0.00     0.00     0.00     0.00 -1    -1e-30      0.00 7.306e-01 2.681e-01 1.999e-04 9.462e-05 5.709e-04 -1.000 1.299e-03 0.116 3.808 3.819 2.515 1.376 0.895 1.070 1.004 0.793 0.326 0.226 0.089 -0.010 -0.192 -0.235 -0.480 -0.491 -0.646
0.00123 -1.10000 9.80000 0.9993046522 2.4727697746    0.942  1.866  3.7286  2.412    4  0.000  0.467     0.00     0.00     0.00     0.00     0.00 -1    -1e-30      0.00 7.306e-01 2.681e-01 1.998e-04 9.465e-05 5.709e-04 -1.000 1.299e-03 0.104 3.803 3.836 2.521 1.375 0.891 1.064 0.997 0.784 0.315 0.216 0.077 -0.022 -0.204 -0.247 -0.493 -0.504 -0.659
0.00123 -1.10000 9.80000 0.9994240403 2.4727948026    0.942  1.872  3.7278  2.403    4  0.000  0.467     0.00     0.00     0.00     0.00     0.00 -1    -1e-30      0.00 7.306e-01 2.681e-01 1.998e-04 9.467e-05 5.710e-04 -1.000 1.299e-03 0.090 3.797 3.856 2.529 1.373 0.887 1.057 0.988 0.774 0.303 0.203 0.064 -0.035 -0.218 -0.262 -0.508 -0.519 -0.675
0.00123 -1.10000 9.80000 0.9995476007 2.4728206980    0.942  1.877  3.7272  2.396    4  0.000  0.466     0.00     0.00     0.00     0.00     0.00 -1    -1e-30      0.00 7.306e-01 2.681e-01 1.998e-04 9.470e-05 5.710e-04 -1.000 1.299e-03 0.078 3.791 3.870 2.533 1.370 0.882 1.050 0.981 0.766 0.293 0.193 0.053 -0.046 -0.230 -0.273 -0.520 -0.532 -0.688
0.00123 -1.10000 9.80000 0.9996684194 2.4728460117    0.942  1.876  3.7274  2.397    4  0.000  0.466     0.00     0.00     0.00     0.00     0.00 -1    -1e-30      0.00 7.306e-01 2.681e-01 1.998e-04 9.472e-05 5.710e-04 -1.000 1.299e-03 0.079 3.789 3.860 2.527 1.367 0.880 1.049 0.980 0.765 0.293 0.193 0.054 -0.046 -0.230 -0.273 -0.519 -0.531 -0.687
0.00123 -1.10000 9.80000 0.9997874498 2.4728709438    0.942  1.891  3.7251  2.373    4  0.000  0.466     0.00     0.00     0.00     0.00     0.00 -1    -1e-30      0.00 7.306e-01 2.681e-01 1.998e-04 9.474e-05 5.710e-04 -1.000 1.299e-03 0.042 3.774 3.925 2.554 1.366 0.871 1.033 0.959 0.741 0.261 0.160 0.019 -0.081 -0.267 -0.310 -0.559 -0.571 -0.729
0.00123 -1.10000 9.80000 0.9999079108 2.4728961687    0.942  1.919  3.7213  2.331    4  0.000  0.466     0.00     0.00     0.00     0.00     0.00 -1    -1e-30      0.00 7.306e-01 2.681e-01 1.997e-04 9.477e-05 5.710e-04 -1.000 1.299e-03 -0.027 3.743 4.021 2.591 1.356 0.848 1.000 0.919 0.694 0.202 0.100 -0.044 -0.146 -0.334 -0.379 -0.632 -0.644 -0.806
0.00123 -1.10000 9.80000 0.9999864697 2.4729126153    0.943  1.954  3.7169  2.278    4  0.000  0.466     0.00     0.00     0.00     0.00     0.00 -1    -1e-30      0.00 7.306e-01 2.681e-01 1.997e-04 9.478e-05 5.710e-04 -1.000 1.299e-03 -0.114 3.694 4.141 2.632 1.341 0.819 0.956 0.865 0.633 0.128 0.023 -0.124 -0.228 -0.420 -0.466 -0.723 -0.736 -0.902
0.00123 -1.10000 9.80000 1.0000220537 2.4729200640    0.943  1.989  3.7128  2.227    4  0.000  0.466     0.00     0.00     0.00     0.00     0.00 -1    -1e-30      0.00 7.306e-01 2.681e-01 1.997e-04 9.479e-05 5.710e-04 -1.000 1.299e-03 -0.201 3.640 4.249 2.667 1.322 0.787 0.910 0.810 0.570 0.052 -0.055 -0.205 -0.311 -0.506 -0.552 -0.815 -0.828 -0.998
0.00123 -1.10000 9.80000 1.0000375509 2.4729233078    0.943  2.023  3.7090  2.177    4  0.000  0.466     0.00     0.00     0.00     0.00     0.00 -1    -1e-30      0.00 7.306e-01 2.681e-01 1.997e-04 9.479e-05 5.710e-04 -1.000 1.299e-03 -0.287 3.584 4.351 2.697 1.302 0.755 0.864 0.755 0.508 -0.023 -0.131 -0.284 -0.391 -0.589 -0.637 -0.904 -0.917 -1.091
0.00123 -1.10000 9.80000 1.0000448227 2.4729248299    0.943  2.058  3.7053  2.127    4  0.000  0.466     0.00     0.00     0.00     0.00     0.00 -1    -1e-30      0.00 7.306e-01 2.681e-01 1.997e-04 9.479e-05 5.710e-04 -1.000 1.299e-03 -0.375 3.523 4.455 2.726 1.281 0.723 0.816 0.698 0.444 -0.099 -0.209 -0.365 -0.474 -0.675 -0.723 -0.994 -1.008 -1.186
0.00123 -1.10000 9.80000 1.0000485182 2.4729256034    0.943  2.094  3.7019  2.078    4  0.000  0.466     0.00     0.00     0.00     0.00     0.00 -1    -1e-30      0.00 7.306e-01 2.681e-01 1.997e-04 9.480e-05 5.710e-04 -1.000 1.299e-03 -0.465 3.457 4.544 2.747 1.255 0.685 0.764 0.638 0.378 -0.177 -0.289 -0.447 -0.557 -0.762 -0.811 -1.086 -1.100 -1.281
0.00123 -1.10000 9.80000 1.0000498295 2.4729258778    0.942  2.113  3.7001  2.052    7  0.000  0.466     0.00     0.00     0.00     0.00     0.00 -1 -4.11e-10      0.00 7.306e-01 2.669e-01 1.997e-04 9.480e-05 5.710e-04 -1.000 2.500e-03 -0.512 3.422 4.587 2.755 1.240 0.665 0.736 0.606 0.342 -0.218 -0.331 -0.491 -0.602 -0.807 -0.857 -1.134 -1.148 -1.331
0.00123 -1.10000 9.80000 1.0000512600 2.4729261772    0.942  2.137  3.6980  2.019    7  0.000  0.466     0.00     0.00     0.00     0.00     0.00 -1 -4.75e-10      0.00 7.306e-01 2.669e-01 1.997e-04 9.480e-05 5.710e-04 -1.000 2.500e-03 -0.573 3.375 4.646 2.769 1.221 0.639 0.701 0.565 0.297 -0.272 -0.385 -0.547 -0.659 -0.866 -0.917 -1.196 -1.210 -1.396
0.00123 -1.10000 9.80000 1.0000536442 2.4729266763    0.942  2.183  3.6941  1.958    7  0.000  0.466     0.00     0.00     0.00     0.00     0.00 -1 -6.12e-10      0.00 7.306e-01 2.669e-01 1.997e-04 9.480e-05 5.710e-04 -1.000 2.500e-03 -0.687 3.286 4.761 2.802 1.191 0.596 0.635 0.487 0.211 -0.371 -0.486 -0.651 -0.765 -0.976 -1.027 -1.311 -1.326 -1.515
0.00123 -1.10000 9.80000 1.0000568628 2.4729273499    0.942  2.222  3.6909  1.905    7  0.000  0.466     0.00     0.00     0.00     0.00     0.00 -1 -7.64e-10      0.00 7.306e-01 2.669e-01 1.997e-04 9.480e-05 5.710e-04 -1.000 2.500e-03 -0.786 3.209 4.862 2.834 1.167 0.560 0.579 0.421 0.138 -0.457 -0.574 -0.742 -0.857 -1.071 -1.123 -1.411 -1.426 -1.619
0.00123 -1.10000 9.80000 1.0000630617 2.4729286474    0.942  2.198  3.6929  1.937    7  0.000  0.466     0.00     0.00     0.00     0.00     0.00 -1 -6.63e-10      0.00 7.306e-01 2.669e-01 1.997e-04 9.480e-05 5.710e-04 -1.000 2.500e-03 -0.725 3.256 4.799 2.813 1.181 0.581 0.613 0.461 0.183 -0.404 -0.521 -0.687 -0.801 -1.013 -1.065 -1.350 -1.365 -1.556
0.00123 -1.10000 9.80000 1.0001142025 2.4729393504    0.941  2.187  3.6938  1.951    7  0.000  0.466     0.00     0.00     0.00     0.00     0.00 -1 -8.42e-10      0.00 7.306e-01 2.669e-01 1.997e-04 9.481e-05 5.710e-04 -1.000 2.506e-03 -0.699 3.277 4.772 2.805 1.188 0.592 0.628 0.480 0.203 -0.381 -0.497 -0.662 -0.776 -0.987 -1.039 -1.323 -1.338 -1.528
0.00123 -1.10000 9.80000 1.0001631975 2.4729496033    0.940  2.225  3.6905  1.900    7  0.000  0.466     0.00     0.00     0.00     0.00     0.00 -1 -1.34e-09      0.00 7.306e-01 2.669e-01 1.997e-04 9.482e-05 5.710e-04 -1.000 2.511e-03 -0.794 3.203 4.875 2.839 1.167 0.559 0.576 0.417 0.133 -0.463 -0.581 -0.749 -0.864 -1.078 -1.131 -1.419 -1.434 -1.628
0.00123 -1.10000 9.80000 1.0001989603 2.4729570863    0.939  2.271  3.6867  1.839    7  0.000  0.466     0.00     0.00     0.00     0.00     0.00 -1 -1.72e-09      0.00 7.305e-01 2.669e-01 1.997e-04 9.483e-05 5.710e-04 -1.000 2.511e-03 -0.906 3.114 4.988 2.886 1.146 0.524 0.516 0.344 0.051 -0.559 -0.679 -0.850 -0.968 -1.185 -1.239 -1.531 -1.547 -1.745
0.00123 -1.10000 9.80000 1.0002218485 2.4729618752    0.938  2.309  3.6833  1.786    7  0.000  0.466     0.00     0.00     0.00     0.00     0.00 -1 -2.17e-09      0.00 7.305e-01 2.669e-01 1.997e-04 9.483e-05 5.710e-04 -1.000 2.511e-03 -1.004 3.037 5.041 2.955 1.154 0.514 0.475 0.288 -0.016 -0.644 -0.766 -0.940 -1.060 -1.280 -1.334 -1.630 -1.647 -1.848
0.00123 -1.10000 9.80000 1.0002506971 2.4729679108    0.936  2.354  3.6797  1.726    7  0.000  0.466     0.00     0.00     0.00     0.00     0.00 -1 -2.79e-09      0.00 7.305e-01 2.669e-01 1.997e-04 9.484e-05 5.710e-04 -1.000 2.511e-03 -1.115 2.948 5.085 3.045 1.171 0.509 0.432 0.227 -0.092 -0.742 -0.866 -1.044 -1.166 -1.389 -1.444 -1.744 -1.761 -1.965
0.00123 -1.10000 9.80000 1.0002769232 2.4729733973    0.935  2.393  3.6764  1.673    7  0.000  0.466     0.00     0.00     0.00     0.00     0.00 -1 -3.49e-09      0.00 7.305e-01 2.669e-01 1.997e-04 9.484e-05 5.710e-04 -1.000 2.510e-03 -1.213 2.869 5.137 3.140 1.193 0.511 0.398 0.176 -0.156 -0.826 -0.954 -1.135 -1.259 -1.485 -1.541 -1.844 -1.861 -2.069
0.00123 -1.10000 9.80000 1.0003012419 2.4729784845    0.933  2.433  3.6732  1.619    7  0.000  0.466     0.00     0.00     0.00     0.00     0.00 -1 -4.37e-09      0.00 7.305e-01 2.669e-01 1.997e-04 9.485e-05 5.710e-04 -1.000 2.510e-03 -1.313 2.788 5.189 3.235 1.214 0.512 0.365 0.126 -0.221 -0.912 -1.042 -1.227 -1.354 -1.583 -1.639 -1.945 -1.963 -2.174
0.00123 -1.10000 9.80000 1.0003236532 2.4729831725    0.931  2.473  3.6700  1.565    7  0.000  0.466     0.00     0.00     0.00     0.00     0.00 -1 -5.48e-09      0.00 7.305e-01 2.669e-01 1.997e-04 9.485e-05 5.710e-04 -1.000 2.510e-03 -1.413 2.707 5.245 3.333 1.237 0.516 0.334 0.077 -0.285 -0.998 -1.131 -1.319 -1.448 -1.680 -1.737 -2.047 -2.064 -2.279
0.00123 -1.10000 9.80000 1.0003442764 2.4729874862    0.928  2.514  3.6666  1.510    7  0.000  0.466     6.91     5.45     3.88     2.98     2.42  3 -6.88e-09      0.00 7.305e-01 2.670e-01 1.997e-04 9.486e-05 5.710e-04 -1.000 2.442e-03 -1.514 2.626 5.302 3.449 1.270 0.529 0.310 0.034 -0.345 -1.081 -1.217 -1.410 -1.541 -1.777 -1.835 -2.148 -2.166 -2.384
0.00123 -1.10000 9.80000 1.0003631115 2.4729914258    0.925  2.554  3.6633  1.455    7  0.000  0.466     7.75     6.01     4.27     3.28     2.66  3  -8.6e-09      0.00 7.306e-01 2.670e-01 1.995e-04 9.492e-05 5.710e-04 -1.000 2.382e-03 -1.615 2.545 5.360 3.568 1.307 0.548 0.292 -0.006 -0.402 -1.163 -1.303 -1.500 -1.634 -1.873 -1.932 -2.249 -2.267 -2.488
0.00123 -1.10000 9.80000 1.0003801584 2.4729949911    0.921  2.595  3.6567  1.386    7  0.000  0.464     8.95     6.80     4.80     3.70     3.00  3  -1.1e-08      0.00 7.306e-01 2.670e-01 1.990e-04 9.522e-05 5.710e-04 -1.000 2.382e-03 -1.718 2.480 5.546 3.850 1.451 0.663 0.345 0.010 -0.418 -1.225 -1.371 -1.576 -1.715 -1.961 -2.022 -2.347 -2.365 -2.594
0.00123 -1.10000 9.80000 1.0003952980 2.4729981575    0.918  2.635  3.6516  1.324    7  0.000  0.461    10.18     7.61     5.34     4.13     3.34  3 -1.37e-08      0.00 7.305e-01 2.670e-01 1.978e-04 9.634e-05 5.710e-04 -1.000 2.440e-03 -1.818 2.409 5.707 4.006 1.508 0.707 0.352 -0.007 -0.453 -1.288 -1.438 -1.650 -1.792 -2.044 -2.106 -2.439 -2.458 -2.694
0.00123 -1.10000 9.80000 1.0004093647 2.4730010993    0.913  2.676  3.6480  1.267    7  0.000  0.456    11.45     8.42     5.88     4.55     3.69  3 -1.71e-08      0.00 7.305e-01 2.670e-01 1.959e-04 9.844e-05 5.710e-04 -1.000 2.438e-03 -1.919 2.328 5.785 4.096 1.526 0.718 0.332 -0.046 -0.505 -1.361 -1.515 -1.731 -1.875 -2.132 -2.196 -2.534 -2.554 -2.795
0.00123 -1.10000 9.80000 1.0004227161 2.4730038915    0.908  2.716  3.6447  1.211    7  0.000  0.451    12.86     9.30     6.47     5.02     4.07  3 -2.15e-08      0.00 7.305e-01 2.671e-01 1.940e-04 1.008e-04 5.710e-04 -1.000 2.365e-03 -2.019 2.247 5.845 4.175 1.539 0.724 0.309 -0.087 -0.559 -1.435 -1.591 -1.812 -1.958 -2.220 -2.285 -2.629 -2.649 -2.895
0.00123 -1.10000 9.80000 1.0004355907 2.4730065839    0.901  2.756  3.6413  1.154    7  0.000  0.447    14.45    10.29     7.12     5.53     4.48  3 -2.68e-08      0.00 7.305e-01 2.671e-01 1.920e-04 1.032e-04 5.710e-04 -1.000 2.341e-03 -2.119 2.167 5.905 4.259 1.555 0.734 0.288 -0.126 -0.611 -1.508 -1.667 -1.893 -2.041 -2.307 -2.373 -2.723 -2.743 -2.994
0.00123 -1.10000 9.80000 1.0004478693 2.4730091515    0.894  2.796  3.6377  1.096    7  0.000  0.443    16.30    11.41     7.86     6.12     4.96  2 -3.42e-08      0.00 7.305e-01 2.671e-01 1.903e-04 1.054e-04 5.710e-04 -1.000 2.341e-03 -2.221 2.087 5.960 4.351 1.578 0.751 0.273 -0.160 -0.659 -1.578 -1.740 -1.971 -2.122 -2.393 -2.461 -2.817 -2.838 -3.093
0.00123 -1.10000 9.80000 1.0004589558 2.4730114698    0.885  2.836  3.6342  1.038    7  0.000  0.439    18.35    12.63     8.66     6.75     5.48  2 -4.29e-08      0.00 7.305e-01 2.672e-01 1.888e-04 1.072e-04 5.710e-04 -1.000 2.343e-03 -2.319 2.009 6.004 4.441 1.602 0.770 0.260 -0.192 -0.704 -1.645 -1.810 -2.047 -2.199 -2.475 -2.545 -2.907 -2.929 -3.190
0.00123 -1.10000 9.80000 1.0004705191 2.4730138878    0.873  2.876  3.6305  0.977    7  0.000  0.436    20.78    14.06     9.59     7.49     6.08  2 -5.42e-08      0.00 7.305e-01 2.672e-01 1.874e-04 1.089e-04 5.710e-04 -1.000 2.344e-03 -2.420 1.931 6.048 4.543 1.637 0.800 0.257 -0.216 -0.745 -1.710 -1.879 -2.122 -2.277 -2.558 -2.630 -2.999 -3.021 -3.288
0.00123 -1.10000 9.80000 1.0004818439 2.4730162558    0.858  2.916  3.6265  0.913    7  0.000  0.433    23.66    15.71    10.66     8.34     6.77  2 -6.99e-08      0.00 7.304e-01 2.673e-01 1.862e-04 1.104e-04 5.709e-04 -1.000 2.334e-03 -2.521 1.855 6.080 4.653 1.683 0.843 0.269 -0.226 -0.774 -1.769 -1.941 -2.192 -2.350 -2.638 -2.712 -3.089 -3.112 -3.385
0.00123 -1.10000 9.80000 1.0004923344 2.4730184493    0.841  2.958  3.6223  0.846    7  0.000  0.431    27.11    17.64    11.90     9.34     7.58  2 -9.15e-08      0.00 7.304e-01 2.673e-01 1.851e-04 1.116e-04 5.708e-04 -1.000 2.338e-03 -2.625 1.777 6.109 4.768 1.733 0.890 0.284 -0.235 -0.802 -1.828 -2.005 -2.263 -2.424 -2.720 -2.796 -3.182 -3.205 -3.486
0.00123 -1.10000 9.80000 1.0005003214 2.4730201193    0.824  3.001  3.6180  0.776    7  0.000  0.429    31.25    19.90    13.35    10.50     8.52  1  -1.2e-07      0.00 7.303e-01 2.674e-01 1.843e-04 1.127e-04 5.707e-04 -1.000 2.333e-03 -2.734 1.696 6.131 4.882 1.782 0.937 0.299 -0.243 -0.831 -1.889 -2.070 -2.337 -2.501 -2.804 -2.883 -3.278 -3.302 -3.590
0.00123 -1.10000 9.80000 1.0005061626 2.4730213406    0.807  3.042  3.6139  0.710    7  0.000  0.427    35.78    22.33    14.89    11.74     9.53  1 -1.57e-07      0.00 7.303e-01 2.674e-01 1.835e-04 1.138e-04 5.706e-04 -1.000 2.310e-03 -2.836 1.621 6.147 4.991 1.832 0.987 0.317 -0.248 -0.855 -1.943 -2.129 -2.403 -2.571 -2.882 -2.963 -3.367 -3.392 -3.688
0.00123 -1.10000 9.80000 1.0005118847 2.4730225370    0.786  3.084  3.6096  0.640    7  0.000  0.425    41.22    25.15    16.67    13.19    10.71  1 -2.06e-07      0.00 7.303e-01 2.675e-01 1.828e-04 1.145e-04 5.704e-04 -1.000 2.277e-03 -2.939 1.546 6.159 5.103 1.885 1.039 0.341 -0.247 -0.875 -1.996 -2.186 -2.469 -2.639 -2.958 -3.042 -3.456 -3.482 -3.785
0.00123 -1.10000 9.80000 1.0005161762 2.4730234343    0.764  3.123  3.6056  0.572    7  0.000  0.424    47.31    28.23    18.61    14.75    11.98  1 -2.72e-07      0.00 7.302e-01 2.675e-01 1.823e-04 1.152e-04 5.702e-04 -1.000 2.329e-03 -3.038 1.475 6.151 5.197 1.929 1.086 0.368 -0.241 -0.889 -2.042 -2.237 -2.529 -2.702 -3.030 -3.116 -3.540 -3.567 -3.878
0.00123 -1.10000 9.80000 1.0005211830 2.4730244811    0.730  3.167  3.6011  0.491    7  0.000  0.424    55.79    32.35    21.17    16.85    13.68  1 -3.83e-07      0.00 7.302e-01 2.675e-01 1.820e-04 1.158e-04 5.700e-04 -1.000 2.280e-03 -3.148 1.396 6.138 5.303 1.980 1.140 0.407 -0.226 -0.900 -2.092 -2.291 -2.594 -2.770 -3.108 -3.197 -3.633 -3.661 -3.981
0.00123 -1.10000 9.80000 1.0005251169 2.4730253036    0.693  3.210  3.5971  0.409    7  0.000  0.423    65.79    37.01    24.04    19.21    15.60  1 -5.51e-07      0.00 7.302e-01 2.676e-01 1.818e-04 1.161e-04 5.699e-04 -1.000 2.261e-03 -3.256 1.320 6.109 5.389 2.015 1.180 0.457 -0.198 -0.899 -2.134 -2.338 -2.653 -2.833 -3.181 -3.276 -3.725 -3.753 -4.082
0.00123 -1.10000 9.80000 1.0005257130 2.4730254282    0.686  3.241  3.5942  0.362    7  0.000  0.423    72.59    40.17    26.00    20.80    16.89  1  -6.5e-07      0.00 7.301e-01 2.676e-01 1.815e-04 1.166e-04 5.696e-04 -1.000 2.307e-03 -3.333 1.265 6.085 5.440 2.033 1.201 0.483 -0.186 -0.903 -2.165 -2.373 -2.696 -2.878 -3.234 -3.330 -3.788 -3.818 -4.153
0.00123 -1.10000 9.80000 1.0005266666 2.4730256276    0.671  3.248  3.5938  0.344    7  0.000  0.422    75.15    41.26    26.66    21.36    17.34  1 -7.19e-07      0.00 7.301e-01 2.676e-01 1.810e-04 1.175e-04 5.692e-04 -1.000 2.269e-03 -3.350 1.251 6.078 5.450 2.036 1.205 0.488 -0.184 -0.905 -2.175 -2.383 -2.708 -2.891 -3.248 -3.345 -3.804 -3.835 -4.171
0.00123 -1.10000 9.80000 1.0005267859 2.4730256525    0.668  3.313  3.5881  0.254    7  0.000  0.421    91.02    48.47    31.08    24.97    20.28  1 -9.75e-07      0.00 7.298e-01 2.679e-01 1.798e-04 1.213e-04 5.664e-04 -1.000 2.272e-03 -3.512 1.134 6.013 5.527 2.052 1.229 0.532 -0.165 -0.920 -2.243 -2.459 -2.800 -2.986 -3.358 -3.461 -3.940 -3.971 -4.320
0.00123 -1.10000 9.80000 1.0005269051 2.4730256775    0.666  3.205  3.5978  0.399    7  0.000  0.420    66.68    37.27    24.18    19.35    15.71  1 -6.08e-07      0.00 7.298e-01 2.680e-01 1.793e-04 1.223e-04 5.660e-04 -1.000 2.272e-03 -3.244 1.329 6.115 5.391 2.019 1.184 0.462 -0.192 -0.894 -2.127 -2.332 -2.646 -2.826 -3.174 -3.267 -3.715 -3.744 -4.072
0.00123 -1.10000 9.80000 1.0005270243 2.4730257024    0.664  3.228  3.5962  0.369    7  0.000  0.420    71.11    39.33    25.46    20.39    16.55  1 -6.75e-07      0.00 7.298e-01 2.680e-01 1.793e-04 1.223e-04 5.660e-04 -1.000 2.272e-03 -3.300 1.285 6.091 5.412 2.021 1.187 0.468 -0.195 -0.906 -2.157 -2.364 -2.683 -2.864 -3.216 -3.311 -3.764 -3.794 -4.125
0.00123 -1.10000 9.80000 1.0005271435 2.4730257273    0.663  3.126  3.6058  0.509    7  0.000  0.420    52.68    30.53    19.99    15.95    12.94  1 -4.28e-07      0.00 7.298e-01 2.680e-01 1.792e-04 1.223e-04 5.660e-04 -1.000 2.272e-03 -3.045 1.471 6.168 5.250 1.970 1.128 0.402 -0.216 -0.876 -2.042 -2.238 -2.532 -2.706 -3.036 -3.123 -3.548 -3.575 -3.887
0.00123 -1.10000 9.80000 1.0005272627 2.4730257522    0.662  3.125  3.6058  0.509    7  0.000  0.420    52.67    30.52    19.98    15.95    12.94  1 -4.27e-07      0.00 7.298e-01 2.680e-01 1.792e-04 1.223e-04 5.660e-04 -1.000 2.271e-03 -3.044 1.472 6.168 5.250 1.969 1.128 0.402 -0.216 -0.876 -2.041 -2.237 -2.532 -2.705 -3.035 -3.122 -3.547 -3.574 -3.886
0.00123 -1.10000 9.80000 1.0005277395 2.4730258519    0.658  3.139  3.6048  0.489    7  0.000  0.420    54.94    31.61    20.66    16.50    13.38  1 -4.67e-07      0.00 7.298e-01 2.680e-01 1.792e-04 1.223e-04 5.659e-04 -1.000 2.268e-03 -3.077 1.446 6.157 5.268 1.974 1.133 0.406 -0.218 -0.884 -2.059 -2.257 -2.554 -2.728 -3.061 -3.148 -3.577 -3.603 -3.917
0.00123 -1.10000 9.80000 1.0005280972 2.4730259267    0.653  3.178  3.6012  0.432    7  0.000  0.420    61.94    34.95    22.73    18.19    14.76  1  -5.7e-07      0.00 7.298e-01 2.680e-01 1.792e-04 1.223e-04 5.659e-04 -1.000 2.267e-03 -3.175 1.374 6.129 5.331 1.994 1.156 0.431 -0.210 -0.897 -2.105 -2.307 -2.613 -2.790 -3.131 -3.222 -3.660 -3.688 -4.010
0.00123 -1.10000 9.80000 1.0005283356 2.4730259765    0.651  3.202  3.5991  0.397    7  0.000  0.420    66.70    37.17    24.11    19.31    15.67  1 -6.44e-07      0.00 7.298e-01 2.680e-01 1.792e-04 1.223e-04 5.659e-04 -1.000 2.267e-03 -3.236 1.329 6.108 5.367 2.004 1.168 0.446 -0.206 -0.905 -2.133 -2.337 -2.650 -2.829 -3.174 -3.267 -3.712 -3.741 -4.066
0.00123 -1.10000 9.80000 1.0005286932 2.4730260513    0.645  3.244  3.5955  0.337    7  0.000  0.420    75.80    41.36    26.69    21.42    17.38  1 -8.03e-07      0.00 7.298e-01 2.680e-01 1.792e-04 1.223e-04 5.659e-04 -1.000 2.268e-03 -3.341 1.250 6.069 5.422 2.018 1.185 0.469 -0.200 -0.919 -2.183 -2.391 -2.714 -2.895 -3.250 -3.346 -3.802 -3.832 -4.165
0.00123 -1.10000 9.80000 1.0005290508 2.4730261261    0.638  3.279  3.5927  0.286    7  0.000  0.420    84.39    45.21    29.06    23.35    18.96  1  -9.7e-07      0.00 7.298e-01 2.680e-01 1.792e-04 1.223e-04 5.659e-04 -1.000 2.268e-03 -3.429 1.186 6.034 5.463 2.027 1.198 0.488 -0.195 -0.932 -2.224 -2.435 -2.767 -2.951 -3.313 -3.412 -3.877 -3.907 -4.247
0.00123 -1.10000 9.80000 1.0005295277 2.4730262258    0.629  3.313  3.5905  0.237    7  0.000  0.420    93.59    49.22    31.50    25.37    20.59  0 -1.18e-06      0.00 7.298e-01 2.680e-01 1.792e-04 1.224e-04 5.659e-04 -1.000 2.268e-03 -3.513 1.120 5.993 5.488 2.024 1.198 0.497 -0.198 -0.952 -2.269 -2.484 -2.822 -3.008 -3.377 -3.478 -3.951 -3.982 -4.327
0.00123 -1.10000 9.80000 1.0005300045 2.4730263255    0.612  3.348  3.5903  0.190    7  0.000  0.420   103.26    53.25    33.94    27.39    22.23  0 -1.49e-06      0.00 7.298e-01 2.680e-01 1.791e-04 1.224e-04 5.659e-04 -1.000 2.271e-03 -3.600 1.041 5.926 5.458 1.981 1.157 0.461 -0.241 -1.006 -2.339 -2.556 -2.898 -3.085 -3.457 -3.559 -4.035 -4.066 -4.413
0.00123 -1.10000 9.80000 1.0005307198 2.4730264750    0.587  3.374  3.5970  0.173    7  0.000  0.420   105.59    54.36    34.58    27.96    22.69  0 -1.89e-06      0.01 7.298e-01 2.680e-01 1.791e-04 1.225e-04 5.659e-04 -1.000 2.270e-03 -3.665 0.938 5.793 5.244 1.810 0.980 0.275 -0.417 -1.170 -2.477 -2.691 -3.022 -3.207 -3.569 -3.667 -4.128 -4.158 -4.494
0.00123 -1.10000 9.80000 1.0005310774 2.4730265498    0.566  3.389  3.6124  0.204    7  0.000  0.420    99.11    50.87    32.43    26.23    21.28  0 -2.14e-06      0.01 7.298e-01 2.680e-01 1.790e-04 1.226e-04 5.658e-04 -1.000 2.268e-03 -3.702 0.806 5.554 4.753 1.448 0.609 -0.112 -0.761 -1.469 -2.693 -2.898 -3.201 -3.378 -3.715 -3.802 -4.228 -4.255 -4.564
0.00123 -1.10000 9.80000 1.0949344635 2.4908239789    0.545 -9.999  3.8777  7.937    9  0.546  0.000     0.00     0.00     0.00     0.00     0.00 -1    -1e-30      0.00 7.265e-01 2.722e-01 1.773e-04 1.344e-04 5.712e-04 -1.000 1.249e-03 29.767 29.304 29.592 29.792 30.089 30.357 31.213 31.533 31.546 31.735 31.769 31.791 31.821 31.868 31.880 31.939 31.950 32.038
