 Zini     MH   logAge Mini        int_IMF         Mass   logL    logTe  logg  label   McoreTP C_O  period0  period1  period2  period3  period4  pmode  Mloss  tau1m   X   Y   Xc  Xn  Xo  Cexcess  Z 	 mbolmag  F170Wmag  F218Wmag  F255Wmag  F300Wmag  F336Wmag  F380Wmag  F439Wmag  F450Wmag  F555Wmag  F569Wmag  F606Wmag  F622Wmag  F675Wmag  F702Wmag  F791Wmag  F814Wmag  F850LPmag
0.00031003 -1.70000 9.90000 0.0900000036 1.0816895926    0.090 -3.198  3.4806  5.465    1  0.000  0.545     0.00     0.00     0.00     0.00     0.00 -1 -4.93e-17      0.00 7.491e-01 2.506e-01 6.177e-05 1.667e-05 1.511e-04 -1.000 3.435e-04 12.764 17.457 22.428 22.947 18.865 18.211 19.107 17.771 16.794 15.200 14.985 14.407 14.231 13.535 13.154 12.173 12.113 11.596
0.00031003 -1.70000 9.90000 0.0904110521 1.0856155977    0.090 -3.183  3.4828  5.460    1  0.000  0.545     0.00     0.00     0.00     0.00     0.00 -1 -5.11e-17      0.00 7.490e-01 2.506e-01 6.177e-05 1.667e-05 1.511e-04 -1.000 3.434e-04 12.727 17.416 22.387 22.876 18.804 18.137 18.973 17.662 16.703 15.111 14.895 14.332 14.153 13.475 13.101 12.135 12.076 11.566
0.00031003 -1.70000 9.90000 0.0979743972 1.1539595663    0.098 -2.924  3.5205  5.387    1  0.000  0.545     0.00     0.00     0.00     0.00     0.00 -1  -9.7e-17      0.00 7.479e-01 2.518e-01 6.177e-05 1.667e-05 1.511e-04 -1.000 3.436e-04 12.079 16.680 21.602 21.400 17.619 16.808 16.869 15.943 15.238 13.753 13.541 13.131 12.927 12.467 12.218 11.471 11.425 11.006
0.00031003 -1.70000 9.90000 0.1000000015 1.1711064122    0.100 -2.858  3.5301  5.368    1  0.000  0.545     0.00     0.00     0.00     0.00     0.00 -1 -1.14e-16      0.00 7.475e-01 2.521e-01 6.177e-05 1.667e-05 1.511e-04 -1.000 3.435e-04 11.915 16.486 21.374 20.942 17.276 16.445 16.389 15.542 14.890 13.456 13.247 12.856 12.650 12.220 11.998 11.301 11.258 10.857
0.00031003 -1.70000 9.90000 0.1024237275 1.1910394475    0.102 -2.820  3.5342  5.357    1  0.000  0.545     0.00     0.00     0.00     0.00     0.00 -1 -1.25e-16      0.00 7.473e-01 2.524e-01 6.177e-05 1.667e-05 1.511e-04 -1.000 3.435e-04 11.819 16.378 21.242 20.702 17.097 16.260 16.165 15.350 14.719 13.310 13.103 12.716 12.511 12.090 11.880 11.204 11.162 10.768
0.00031003 -1.70000 9.90000 0.1200000048 1.3193154741    0.120 -2.568  3.5611  5.281    1  0.000  0.545     0.00     0.00     0.00     0.00     0.00 -1 -2.25e-16      0.00 7.456e-01 2.540e-01 6.177e-05 1.667e-05 1.511e-04 -1.000 3.435e-04 11.189 15.659 20.296 19.040 15.884 15.031 14.751 14.126 13.618 12.378 12.184 11.828 11.628 11.253 11.111 10.562 10.527 10.176
0.00031003 -1.70000 9.90000 0.1400000006 1.4384526719    0.140 -2.387  3.5761  5.227    1  0.000  0.545     0.00     0.00     0.00     0.00     0.00 -1 -3.36e-16      0.00 7.441e-01 2.555e-01 6.177e-05 1.667e-05 1.511e-04 -1.000 3.435e-04 10.737 15.157 19.571 17.967 15.087 14.243 13.925 13.386 12.931 11.789 11.603 11.264 11.071 10.713 10.598 10.105 10.073 9.743
0.00031003 -1.70000 9.90000 0.1599999964 1.5372931554    0.160 -2.247  3.5860  5.185    1  0.000  0.545     0.00     0.00     0.00     0.00     0.00 -1 -4.55e-16      0.00 7.431e-01 2.566e-01 6.177e-05 1.667e-05 1.511e-04 -1.000 3.435e-04 10.387 14.775 18.991 17.209 14.506 13.673 13.352 12.862 12.436 11.357 11.178 10.853 10.666 10.320 10.216 9.752 9.722 9.405
0.00031003 -1.70000 9.90000 0.2000000179 1.6938791367    0.200 -2.029  3.5988  5.115    1  0.000  0.545     0.00     0.00     0.00     0.00     0.00 -1 -7.28e-16      0.00 7.419e-01 2.577e-01 6.177e-05 1.667e-05 1.511e-04 -1.000 3.435e-04 9.842 14.187 18.106 16.156 13.663 12.846 12.542 12.108 11.713 10.713 10.542 10.238 10.059 9.729 9.637 9.202 9.174 8.873
0.00031003 -1.70000 9.90000 0.2500000000 1.8403257998    0.250 -1.824  3.6099  5.052    1  0.000  0.545     0.00     0.00     0.00     0.00     0.00 -1 -1.12e-15      0.00 7.418e-01 2.579e-01 6.176e-05 1.667e-05 1.511e-04 -1.000 3.434e-04 9.330 13.637 17.341 15.266 12.900 12.096 11.825 11.431 11.059 10.121 9.957 9.671 9.499 9.184 9.098 8.685 8.659 8.372
0.00031003 -1.70000 9.90000 0.3000000417 1.9529140366    0.300 -1.666  3.6187  5.007    1  0.000  0.545     0.00     0.00     0.00     0.00     0.00 -1 -1.55e-15      0.00 7.419e-01 2.578e-01 6.175e-05 1.667e-05 1.511e-04 -1.000 3.435e-04 8.935 13.209 16.704 14.574 12.311 11.520 11.281 10.914 10.557 9.665 9.507 9.234 9.068 8.764 8.683 8.285 8.260 7.984
0.00031003 -1.70000 9.90000 0.3260226548 2.0022719489    0.326 -1.597  3.6228  4.991    1  0.000  0.545     0.00     0.00     0.00     0.00     0.00 -1 -1.78e-15      0.00 7.419e-01 2.578e-01 6.174e-05 1.667e-05 1.511e-04 -1.000 3.435e-04 8.761 13.021 16.382 14.252 12.046 11.262 11.041 10.687 10.335 9.464 9.308 9.042 8.879 8.580 8.501 8.110 8.086 7.815
0.00031003 -1.70000 9.90000 0.3499999940 2.0434174644    0.350 -1.537  3.6264  4.977    1  0.000  0.545     0.00     0.00     0.00     0.00     0.00 -1    -2e-15      0.00 7.419e-01 2.577e-01 6.174e-05 1.667e-05 1.511e-04 -1.000 3.435e-04 8.613 12.859 16.095 13.973 11.820 11.043 10.838 10.493 10.147 9.292 9.139 8.878 8.717 8.423 8.346 7.961 7.937 7.670
0.00031003 -1.70000 9.90000 0.4000000060 2.1185024399    0.400 -1.408  3.6362  4.944    1  0.000  0.545     0.00     0.00     0.00     0.00     0.00 -1 -2.62e-15      0.00 7.504e-01 2.493e-01 6.177e-05 1.667e-05 1.511e-04 -1.000 3.436e-04 8.289 12.497 15.405 13.307 11.282 10.523 10.366 10.047 9.715 8.905 8.758 8.512 8.357 8.076 8.003 7.634 7.611 7.357
0.00031003 -1.70000 9.90000 0.4500000179 2.1822809362    0.450 -1.248  3.6524  4.901    1  0.000  0.545     0.00     0.00     0.00     0.00     0.00 -1 -3.75e-15      0.00 7.506e-01 2.491e-01 6.177e-05 1.667e-05 1.511e-04 -1.000 3.435e-04 7.890 12.034 14.560 12.428 10.538 9.808 9.741 9.463 9.152 8.410 8.273 8.049 7.904 7.642 7.576 7.231 7.211 6.976
0.00031003 -1.70000 9.90000 0.4582039118 2.1918660666    0.458 -1.218  3.6560  4.893    1  0.000  0.545     0.00     0.00     0.00     0.00     0.00 -1 -4.03e-15      0.00 7.506e-01 2.491e-01 6.177e-05 1.667e-05 1.511e-04 -1.000 3.435e-04 7.814 11.943 14.373 12.243 10.385 9.663 9.616 9.348 9.042 8.315 8.179 7.960 7.817 7.560 7.495 7.155 7.135 6.904
0.00031003 -1.70000 9.90000 0.5000000000 2.2374541529    0.500 -1.070  3.6736  4.854    1  0.000  0.545     0.00     0.00     0.00     0.00     0.00 -1 -5.66e-15      0.00 7.506e-01 2.491e-01 6.177e-05 1.667e-05 1.511e-04 -1.000 3.435e-04 7.446 11.492 13.280 11.287 9.636 8.964 9.018 8.803 8.517 7.857 7.731 7.534 7.401 7.163 7.104 6.789 6.771 6.561
0.00031003 -1.70000 9.90000 0.5500000715 2.2836583126    0.550 -0.878  3.6951  4.788    1  0.000  0.545     0.00     0.00     0.00     0.00     0.00 -1 -9.05e-15      0.00 7.733e-01 2.264e-01 5.646e-05 1.524e-05 1.383e-04 -1.000 2.662e-04 6.965 10.892 11.946 10.129 8.710 8.108 8.280 8.135 7.873 7.286 7.169 6.995 6.875 6.657 6.604 6.315 6.300 6.112
0.00031003 -1.70000 9.90000 0.6000000238 2.3211213258    0.600 -0.688  3.7193  4.733    1  0.000  0.544     0.00     0.00     0.00     0.00     0.00 -1 -1.43e-14      0.00 7.811e-01 2.185e-01 5.475e-05 1.478e-05 1.341e-04 -1.000 3.109e-04 6.489 10.240 10.463 8.949 7.797 7.277 7.559 7.485 7.254 6.738 6.630 6.477 6.370 6.171 6.124 5.861 5.849 5.684
0.00031003 -1.70000 9.90000 0.6124240756 2.3293459140    0.612 -0.639  3.7261  4.720    1  0.000  0.544     0.00     0.00     0.00     0.00     0.00 -1 -1.61e-14      0.00 7.835e-01 2.162e-01 5.425e-05 1.465e-05 1.330e-04 -1.000 3.393e-04 6.368 10.056 10.077 8.648 7.565 7.068 7.376 7.319 7.097 6.601 6.496 6.348 6.244 6.051 6.005 5.749 5.738 5.580
0.00031003 -1.70000 9.90000 0.6289555430 2.3397122897    0.629 -0.575  3.7351  4.704    1  0.000  0.544     0.00     0.00     0.00     0.00     0.00 -1 -1.87e-14      0.00 7.868e-01 2.129e-01 5.355e-05 1.446e-05 1.312e-04 -1.000 2.957e-04 6.208 9.804 9.582 8.260 7.267 6.799 7.139 7.103 6.893 6.423 6.321 6.180 6.079 5.893 5.850 5.603 5.592 5.442
0.00031003 -1.70000 9.90000 0.6436967254 2.3484414466    0.644 -0.518  3.7430  4.689    1  0.000  0.544     0.00     0.00     0.00     0.00     0.00 -1 -2.15e-14      0.00 7.900e-01 2.097e-01 5.288e-05 1.428e-05 1.297e-04 -1.000 3.015e-04 6.065 9.566 9.149 7.925 7.011 6.571 6.935 6.916 6.716 6.267 6.168 6.033 5.935 5.755 5.713 5.474 5.464 5.322
0.00031003 -1.70000 9.90000 0.6499999762 2.3520353107    0.650 -0.494  3.7464  4.682    1  0.000  0.544     0.00     0.00     0.00     0.00     0.00 -1 -2.28e-14      0.00 7.914e-01 2.083e-01 5.259e-05 1.420e-05 1.290e-04 -1.000 2.976e-04 6.004 9.455 8.960 7.781 6.905 6.477 6.850 6.837 6.641 6.201 6.104 5.971 5.874 5.697 5.656 5.420 5.411 5.271
0.00031003 -1.70000 9.90000 0.6542521119 2.3544147801    0.654 -0.477  3.7486  4.677    1  0.000  0.544     0.00     0.00     0.00     0.00     0.00 -1 -2.37e-14      0.00 7.925e-01 2.072e-01 5.235e-05 1.414e-05 1.284e-04 -1.000 2.956e-04 5.963 9.381 8.837 7.688 6.835 6.415 6.793 6.785 6.591 6.157 6.060 5.929 5.833 5.658 5.617 5.384 5.374 5.236
0.00031003 -1.70000 9.90000 0.6741908789 2.3651135060    0.674 -0.400  3.7586  4.653    1  0.000  0.543     0.00     0.00     0.00     0.00     0.00 -1 -2.87e-14      0.00 7.982e-01 2.015e-01 5.116e-05 1.382e-05 1.256e-04 -1.000 3.423e-04 5.770 9.013 8.282 7.260 6.509 6.126 6.529 6.539 6.357 5.951 5.859 5.734 5.643 5.476 5.437 5.214 5.206 5.077
0.00031003 -1.70000 9.90000 0.6922150850 2.3741774463    0.692 -0.330  3.7675  4.630    1  0.000  0.543     0.00     0.00     0.00     0.00     0.00 -1 -3.42e-14      0.00 8.039e-01 1.958e-01 4.997e-05 1.351e-05 1.227e-04 -1.000 2.544e-04 5.594 8.667 7.827 6.901 6.231 5.879 6.300 6.322 6.151 5.768 5.680 5.561 5.474 5.313 5.277 5.062 5.055 4.933
0.00031003 -1.70000 9.90000 0.6999999881 2.3779266974    0.700 -0.299  3.7712  4.619    1  0.000  0.543     0.00     0.00     0.00     0.00     0.00 -1 -3.69e-14      0.00 8.066e-01 1.932e-01 4.942e-05 1.336e-05 1.214e-04 -1.000 2.440e-04 5.519 8.516 7.640 6.753 6.114 5.776 6.203 6.230 6.063 5.689 5.603 5.487 5.401 5.243 5.207 4.997 4.989 4.871
0.00031003 -1.70000 9.90000 0.7009446025 2.3783751178    0.701 -0.296  3.7716  4.618    1  0.000  0.543     0.00     0.00     0.00     0.00     0.00 -1 -3.72e-14      0.00 8.070e-01 1.928e-01 4.933e-05 1.334e-05 1.212e-04 -1.000 2.437e-04 5.509 8.497 7.619 6.735 6.101 5.763 6.192 6.219 6.052 5.680 5.593 5.478 5.392 5.234 5.199 4.989 4.981 4.863
0.00031003 -1.70000 9.90000 0.7181248665 2.3862946707    0.718 -0.228  3.7794  4.592    1  0.000  0.539     0.00     0.00     0.00     0.00     0.00 -1 -4.43e-14      0.00 8.148e-01 1.850e-01 4.750e-05 1.291e-05 1.174e-04 -1.000 2.319e-04 5.340 8.163 7.231 6.422 5.850 5.540 5.979 6.015 5.857 5.505 5.422 5.311 5.229 5.077 5.043 4.840 4.834 4.722
0.00031003 -1.70000 9.90000 0.7338836193 2.3931852576    0.734 -0.165  3.7863  4.565    1  0.000  0.537     0.00     0.00     0.00     0.00     0.00 -1 -5.23e-14      0.00 8.223e-01 1.774e-01 4.574e-05 1.248e-05 1.136e-04 -1.000 2.898e-04 5.181 7.858 6.906 6.154 5.631 5.344 5.788 5.828 5.678 5.343 5.262 5.157 5.077 4.931 4.898 4.702 4.696 4.590
0.00031003 -1.70000 9.90000 0.7484236956 2.3992478766    0.748 -0.105  3.7924  4.539    1  0.000  0.534     0.00     0.00     0.00     0.00     0.00 -1 -6.12e-14      0.00 8.295e-01 1.702e-01 4.404e-05 1.207e-05 1.100e-04 -1.000 2.505e-04 5.033 7.581 6.619 5.915 5.434 5.166 5.611 5.655 5.512 5.190 5.113 5.011 4.934 4.793 4.761 4.571 4.566 4.465
0.00031003 -1.70000 9.90000 0.7500000000 2.3998889087    0.750 -0.099  3.7931  4.536    1  0.000  0.533     0.00     0.00     0.00     0.00     0.00 -1 -6.22e-14      0.00 8.304e-01 1.694e-01 4.385e-05 1.202e-05 1.096e-04 -1.000 2.387e-04 5.016 7.551 6.589 5.890 5.413 5.147 5.592 5.636 5.493 5.174 5.097 4.995 4.918 4.777 4.746 4.557 4.551 4.451
0.00031003 -1.70000 9.90000 0.7524601817 2.4008832158    0.752 -0.088  3.7940  4.531    1  0.000  0.533     0.00     0.00     0.00     0.00     0.00 -1  -6.4e-14      0.00 8.310e-01 1.687e-01 4.372e-05 1.199e-05 1.093e-04 -1.000 2.235e-04 4.991 7.506 6.544 5.852 5.381 5.118 5.563 5.607 5.465 5.148 5.071 4.971 4.894 4.754 4.722 4.535 4.529 4.430
0.00031003 -1.70000 9.90000 0.7631087899 2.4051020704    0.763 -0.044  3.7982  4.509    1  0.000  0.533     0.00     0.00     0.00     0.00     0.00 -1 -7.22e-14      0.00 8.338e-01 1.660e-01 4.323e-05 1.186e-05 1.082e-04 -1.000 2.088e-04 4.880 7.308 6.345 5.684 5.240 4.990 5.433 5.478 5.341 5.034 4.959 4.861 4.786 4.650 4.619 4.435 4.430 4.334
0.00031003 -1.70000 9.90000 0.7727982998 2.4088249845    0.772 -0.002  3.8020  4.488    1  0.000  0.532     0.00     0.00     0.00     0.00     0.00 -1 -8.08e-14      0.00 8.360e-01 1.638e-01 4.289e-05 1.177e-05 1.074e-04 -1.000 2.294e-04 4.776 7.131 6.170 5.535 5.114 4.876 5.314 5.360 5.227 4.928 4.854 4.759 4.686 4.552 4.522 4.342 4.337 4.244
0.00031003 -1.70000 9.90000 0.7865950465 2.4139443997    0.786  0.058  3.8073  4.456    1  0.000  0.531     0.00     0.00     0.00     0.00     0.00 -1 -9.55e-14      0.00 8.386e-01 1.611e-01 4.254e-05 1.169e-05 1.067e-04 -1.000 2.690e-04 4.624 6.880 5.928 5.327 4.935 4.713 5.141 5.186 5.059 4.771 4.700 4.609 4.538 4.408 4.379 4.205 4.200 4.112
0.00031003 -1.70000 9.90000 0.7988799810 2.4183321096    0.798  0.115  3.8120  4.425    1  0.000  0.531     0.00     0.00     0.00     0.00     0.00 -1 -1.12e-13      0.00 8.406e-01 1.591e-01 4.234e-05 1.164e-05 1.063e-04 -1.000 2.875e-04 4.482 6.657 5.713 5.141 4.774 4.565 4.981 5.026 4.903 4.626 4.557 4.468 4.399 4.273 4.245 4.075 4.071 3.987
0.00031003 -1.70000 9.90000 0.8000000119 2.4187244405    0.799  0.120  3.8124  4.422    1  0.000  0.531     0.00     0.00     0.00     0.00     0.00 -1 -1.14e-13      0.00 8.408e-01 1.590e-01 4.233e-05 1.164e-05 1.063e-04 -1.000 2.856e-04 4.469 6.636 5.694 5.124 4.760 4.551 4.966 5.010 4.888 4.612 4.543 4.455 4.386 4.260 4.232 4.063 4.059 3.975
0.00031003 -1.70000 9.90000 0.8088990450 2.4217972957    0.808  0.163  3.8160  4.398    1  0.000  0.530     0.00     0.00     0.00     0.00     0.00 -1 -1.28e-13      0.00 8.407e-01 1.590e-01 4.248e-05 1.168e-05 1.067e-04 -1.000 2.559e-04 4.362 6.476 5.542 4.990 4.641 4.442 4.847 4.889 4.770 4.501 4.434 4.348 4.280 4.158 4.130 3.965 3.961 3.880
0.00031003 -1.70000 9.90000 0.8202335238 2.4256003024    0.819  0.221  3.8206  4.365    1  0.000  0.530     0.00     0.00     0.00     0.00     0.00 -1 -1.51e-13      0.00 8.405e-01 1.593e-01 4.269e-05 1.175e-05 1.073e-04 -1.000 2.351e-04 4.217 6.266 5.342 4.812 4.483 4.295 4.685 4.726 4.611 4.351 4.285 4.202 4.137 4.018 3.992 3.831 3.827 3.750
0.00031003 -1.70000 9.90000 0.8297761679 2.4287096328    0.829  0.273  3.8245  4.333    1  0.000  0.530     0.00     0.00     0.00     0.00     0.00 -1 -1.75e-13      0.00 8.402e-01 1.596e-01 4.288e-05 1.180e-05 1.079e-04 -1.000 2.733e-04 4.087 6.083 5.170 4.658 4.345 4.165 4.541 4.580 4.468 4.216 4.152 4.072 4.007 3.892 3.866 3.709 3.706 3.632
0.00031003 -1.70000 9.90000 0.8388275504 2.4315838357    0.838  0.325  3.8282  4.300    1  0.000  0.530     0.00     0.00     0.00     0.00     0.00 -1 -2.04e-13      0.00 8.398e-01 1.600e-01 4.309e-05 1.186e-05 1.084e-04 -1.000 2.400e-04 3.957 5.904 5.000 4.506 4.207 4.036 4.397 4.434 4.326 4.080 4.018 3.940 3.878 3.765 3.740 3.587 3.584 3.513
0.00031003 -1.70000 9.90000 0.8470592499 2.4341365133    0.846  0.375  3.8314  4.267    1  0.000  0.530     0.00     0.00     0.00     0.00     0.00 -1 -2.37e-13      0.00 8.393e-01 1.604e-01 4.329e-05 1.192e-05 1.090e-04 -1.000 2.339e-04 3.831 5.739 4.845 4.365 4.079 3.915 4.260 4.295 4.189 3.951 3.890 3.814 3.753 3.643 3.618 3.469 3.466 3.398
0.00031003 -1.70000 9.90000 0.8500000238 2.4350346840    0.849  0.394  3.8324  4.254    1  0.000  0.530     0.00     0.00     0.00     0.00     0.00 -1  -2.5e-13      0.00 8.392e-01 1.606e-01 4.337e-05 1.194e-05 1.092e-04 -1.000 2.554e-04 3.785 5.680 4.790 4.315 4.032 3.870 4.209 4.243 4.139 3.902 3.841 3.766 3.706 3.597 3.573 3.424 3.422 3.354
0.00031003 -1.70000 9.90000 0.8542532325 2.4363211263    0.853  0.421  3.8341  4.236    1  0.000  0.530     0.00     0.00     0.00     0.00     0.00 -1 -2.71e-13      0.00 8.391e-01 1.607e-01 4.339e-05 1.195e-05 1.092e-04 -1.000 2.821e-04 3.717 5.593 4.710 4.241 3.965 3.806 4.136 4.168 4.066 3.832 3.773 3.699 3.639 3.531 3.507 3.361 3.358 3.292
0.00031003 -1.70000 9.90000 0.8619041443 2.4385985376    0.860  0.472  3.8367  4.199    1  0.000  0.530     0.00     0.00     0.00     0.00     0.00 -1 -3.17e-13      0.00 8.382e-01 1.615e-01 4.356e-05 1.199e-05 1.096e-04 -1.000 2.861e-04 3.590 5.436 4.562 4.106 3.838 3.684 3.998 4.028 3.928 3.700 3.641 3.569 3.510 3.405 3.382 3.239 3.236 3.172
0.00031003 -1.70000 9.90000 0.8703095913 2.4410475392    0.869  0.533  3.8387  4.150    1  0.000  0.530     0.00     0.00     0.00     0.00     0.00 -1 -3.85e-13      0.00 8.364e-01 1.634e-01 4.394e-05 1.209e-05 1.105e-04 -1.000 2.741e-04 3.436 5.260 4.396 3.950 3.689 3.540 3.836 3.863 3.765 3.542 3.484 3.414 3.356 3.253 3.231 3.090 3.088 3.025
0.00031003 -1.70000 9.90000 0.8708639145 2.4412071364    0.869  0.538  3.8389  4.147    1  0.000  0.530     0.00     0.00     0.00     0.00     0.00 -1  -3.9e-13      0.00 8.362e-01 1.635e-01 4.397e-05 1.210e-05 1.106e-04 -1.000 2.736e-04 3.426 5.249 4.385 3.939 3.679 3.530 3.825 3.852 3.754 3.531 3.474 3.403 3.346 3.243 3.220 3.080 3.077 3.015
0.00031003 -1.70000 9.90000 0.8738960624 2.4420760141    0.872  0.563  3.8389  4.123    1  0.000  0.530     0.00     0.00     0.00     0.00     0.00 -1 -4.24e-13      0.00 8.354e-01 1.643e-01 4.413e-05 1.215e-05 1.110e-04 -1.000 2.703e-04 3.363 5.187 4.325 3.880 3.620 3.472 3.760 3.786 3.689 3.466 3.409 3.339 3.282 3.179 3.156 3.016 3.014 2.951
0.00031003 -1.70000 9.90000 0.8792322874 2.4435884131    0.877  0.611  3.8377  4.073    1  0.000  0.530     0.00     0.00     0.00     0.00     0.00 -1 -4.99e-13      0.00 8.341e-01 1.657e-01 4.441e-05 1.222e-05 1.117e-04 -1.000 2.648e-04 3.243 5.087 4.224 3.776 3.512 3.361 3.642 3.666 3.569 3.345 3.288 3.217 3.159 3.056 3.033 2.893 2.890 2.826
0.00031003 -1.70000 9.90000 0.8836618066 2.4448278901    0.882  0.656  3.8346  4.018    1  0.000  0.530     0.00     0.00     0.00     0.00     0.00 -1 -5.88e-13      0.00 8.329e-01 1.668e-01 4.464e-05 1.228e-05 1.122e-04 -1.000 2.603e-04 3.131 5.016 4.149 3.690 3.415 3.259 3.536 3.561 3.461 3.233 3.175 3.103 3.044 2.939 2.915 2.772 2.769 2.703
0.00031003 -1.70000 9.90000 0.8845991492 2.4450883498    0.883  0.666  3.8336  4.004    1  0.000  0.530     0.00     0.00     0.00     0.00     0.00 -1 -6.14e-13      0.00 8.327e-01 1.670e-01 4.469e-05 1.230e-05 1.123e-04 -1.000 2.593e-04 3.105 5.003 4.134 3.671 3.393 3.235 3.513 3.537 3.437 3.208 3.149 3.077 3.017 2.912 2.888 2.744 2.741 2.674
0.00031003 -1.70000 9.90000 0.8854531646 2.4453251034    0.884  0.676  3.8323  3.989    2  0.000  0.530     0.00     0.00     0.00     0.00     0.00 -1  -6.4e-13      0.00 8.325e-01 1.673e-01 4.473e-05 1.231e-05 1.124e-04 -1.000 2.584e-04 3.080 4.996 4.124 3.656 3.373 3.213 3.491 3.516 3.415 3.183 3.124 3.051 2.991 2.884 2.861 2.715 2.712 2.644
0.00031003 -1.70000 9.90000 0.8883229494 2.4461168428    0.886  0.713  3.8261  3.929    2  0.000  0.531     0.00     0.00     0.00     0.00     0.00 -1 -7.41e-13      0.00 8.318e-01 1.680e-01 4.488e-05 1.235e-05 1.128e-04 -1.000 2.555e-04 2.988 4.995 4.110 3.616 3.309 3.135 3.416 3.442 3.337 3.096 3.034 2.957 2.895 2.784 2.759 2.607 2.604 2.531
0.00031003 -1.70000 9.90000 0.8905054927 2.4467150533    0.888  0.744  3.8184  3.868    2  0.000  0.531     0.00     0.00     0.00     0.00     0.00 -1 -8.54e-13      0.00 8.312e-01 1.685e-01 4.499e-05 1.238e-05 1.131e-04 -1.000 2.532e-04 2.909 5.029 4.129 3.601 3.263 3.073 3.361 3.388 3.276 3.023 2.958 2.877 2.812 2.695 2.669 2.510 2.506 2.426
0.00031003 -1.70000 9.90000 0.8922021389 2.4471777605    0.890  0.773  3.8090  3.803    2  0.000  0.531     0.00     0.00     0.00     0.00     0.00 -1 -9.82e-13      0.00 8.308e-01 1.690e-01 4.508e-05 1.240e-05 1.133e-04 -1.000 2.515e-04 2.838 5.102 4.186 3.611 3.232 3.022 3.323 3.351 3.232 2.960 2.893 2.805 2.737 2.612 2.585 2.416 2.411 2.324
0.00031003 -1.70000 9.90000 0.8935568333 2.4475457605    0.891  0.797  3.7991  3.739    2  0.000  0.531     0.00     0.00     0.00     0.00     0.00 -1 -1.12e-12      0.00 8.303e-01 1.695e-01 4.521e-05 1.244e-05 1.136e-04 -1.000 2.490e-04 2.777 5.204 4.276 3.643 3.217 2.984 3.300 3.328 3.200 2.909 2.837 2.743 2.671 2.539 2.509 2.331 2.325 2.230
0.00031003 -1.70000 9.90000 0.8944115043 2.4477772707    0.892  0.814  3.7911  3.691    2  0.000  0.531     0.00     0.00     0.00     0.00     0.00 -1 -1.23e-12      0.00 8.297e-01 1.701e-01 4.535e-05 1.247e-05 1.139e-04 -1.000 2.469e-04 2.735 5.299 4.369 3.686 3.220 2.966 3.292 3.319 3.184 2.876 2.801 2.702 2.626 2.488 2.457 2.271 2.265 2.163
0.00031003 -1.70000 9.90000 0.8951627612 2.4479803487    0.893  0.829  3.7829  3.644    2  0.000  0.531     0.00     0.00     0.00     0.00     0.00 -1 -1.34e-12      0.00 8.264e-01 1.734e-01 4.616e-05 1.269e-05 1.159e-04 -1.000 2.429e-04 2.698 5.406 4.481 3.743 3.233 2.958 3.292 3.318 3.175 2.849 2.770 2.666 2.587 2.443 2.410 2.215 2.209 2.100
0.00031003 -1.70000 9.90000 0.8960531354 2.4482205256    0.894  0.846  3.7725  3.586    2  0.000  0.532     0.00     0.00     0.00     0.00     0.00 -1 -1.49e-12      0.00 8.140e-01 1.858e-01 4.892e-05 1.343e-05 1.225e-04 -1.000 2.599e-04 2.656 5.556 4.662 3.842 3.266 2.963 3.302 3.324 3.169 2.820 2.737 2.626 2.543 2.390 2.355 2.150 2.142 2.025
0.00031003 -1.70000 9.90000 0.8968872428 2.4484450271    0.895  0.862  3.7632  3.532    2  0.000  0.535     0.00     0.00     0.00     0.00     0.00 -1 -1.65e-12      0.00 7.905e-01 2.092e-01 5.316e-05 1.456e-05 1.325e-04 -1.000 3.176e-04 2.614 5.683 4.841 3.941 3.300 2.969 3.310 3.326 3.162 2.790 2.703 2.586 2.499 2.339 2.303 2.088 2.080 1.954
0.00031003 -1.70000 9.90000 0.8977333307 2.4486722632    0.895  0.888  3.7547  3.473    2  0.000  0.536     0.00     0.00     0.00     0.00     0.00 -1 -1.87e-12      0.00 7.750e-01 2.246e-01 5.606e-05 1.534e-05 1.395e-04 -1.000 3.426e-04 2.551 5.765 5.002 4.023 3.317 2.960 3.298 3.306 3.132 2.739 2.649 2.526 2.436 2.270 2.231 2.008 1.999 1.866
0.00031003 -1.70000 9.90000 0.8985365033 2.4488875181    0.896  0.925  3.7482  3.410    2  0.000  0.537     0.00     0.00     0.00     0.00     0.00 -1 -2.18e-12      0.00 7.679e-01 2.318e-01 5.740e-05 1.569e-05 1.427e-04 -1.000 3.196e-04 2.458 5.777 5.094 4.050 3.291 2.914 3.246 3.247 3.066 2.657 2.563 2.436 2.344 2.173 2.133 1.903 1.893 1.755
0.00031003 -1.70000 9.90000 0.8989789486 2.4490059071    0.897  0.949  3.7450  3.373    2  0.000  0.537     0.00     0.00     0.00     0.00     0.00 -1 -2.42e-12      0.00 7.652e-01 2.345e-01 5.792e-05 1.583e-05 1.439e-04 -1.000 2.957e-04 2.396 5.761 5.125 4.048 3.264 2.878 3.204 3.202 3.018 2.600 2.506 2.377 2.284 2.109 2.069 1.836 1.826 1.684
0.00031003 -1.70000 9.90000 0.8992733955 2.4490846206    0.897  0.971  3.7436  3.346    3  0.000  0.537     0.00     0.00     0.00     0.00     0.00 -1 -2.62e-12      0.00 7.640e-01 2.357e-01 5.812e-05 1.588e-05 1.443e-04 -1.000 2.741e-04 2.343 5.730 5.116 4.024 3.227 2.837 3.161 3.157 2.971 2.550 2.455 2.325 2.231 2.056 2.015 1.780 1.770 1.627
0.00031003 -1.70000 9.90000 0.8998678923 2.4492433649    0.897  1.016  3.7408  3.290    3  0.000  0.537     0.00     0.00     0.00     0.00     0.00 -1 -3.09e-12      0.00 7.617e-01 2.380e-01 5.846e-05 1.598e-05 1.452e-04 -1.000 2.945e-04 2.230 5.657 5.084 3.964 3.145 2.746 3.066 3.059 2.869 2.442 2.345 2.214 2.119 1.941 1.900 1.662 1.652 1.507
0.00031003 -1.70000 9.90000 0.8999999762 2.4492786016    0.898  1.026  3.7402  3.278    3  0.000  0.537     0.00     0.00     0.00     0.00     0.00 -1 -3.21e-12      0.00 7.612e-01 2.385e-01 5.853e-05 1.600e-05 1.453e-04 -1.000 3.055e-04 2.205 5.639 5.076 3.950 3.126 2.726 3.044 3.036 2.846 2.417 2.321 2.188 2.093 1.915 1.874 1.635 1.625 1.479
0.00031003 -1.70000 9.90000 0.9000880718 2.4493020967    0.898  1.033  3.7398  3.269    3  0.000  0.537     0.00     0.00     0.00     0.00     0.00 -1 -3.29e-12      0.00 7.609e-01 2.388e-01 5.858e-05 1.601e-05 1.455e-04 -1.000 3.129e-04 2.187 5.628 5.071 3.941 3.114 2.712 3.030 3.022 2.831 2.401 2.304 2.172 2.076 1.898 1.857 1.618 1.608 1.461
0.00031003 -1.70000 9.90000 0.9005528092 2.4494259547    0.898  1.072  3.7380  3.223    3  0.000  0.537     0.00     0.00     0.00     0.00     0.00 -1 -3.79e-12      0.00 7.593e-01 2.404e-01 5.878e-05 1.606e-05 1.460e-04 -1.000 3.195e-04 2.090 5.553 5.032 3.882 3.040 2.634 2.945 2.934 2.741 2.307 2.209 2.076 1.980 1.800 1.758 1.518 1.507 1.359
0.00031003 -1.70000 9.90000 0.9010672569 2.4495628898    0.899  1.118  3.7361  3.170    3  0.000  0.537     0.00     0.00     0.00     0.00     0.00 -1 -4.48e-12      0.00 7.575e-01 2.421e-01 5.894e-05 1.611e-05 1.464e-04 -1.000 3.126e-04 1.974 5.461 4.975 3.807 2.949 2.538 2.843 2.829 2.634 2.195 2.097 1.962 1.866 1.685 1.642 1.400 1.389 1.239
0.00031003 -1.70000 9.90000 0.9015383720 2.4496881330    0.899  1.163  3.7344  3.118    3  0.000  0.536     0.00     0.00     0.00     0.00     0.00 -1 -5.27e-12      0.00 7.558e-01 2.438e-01 5.902e-05 1.617e-05 1.468e-04 -1.000 3.325e-04 1.862 5.369 4.916 3.730 2.859 2.443 2.742 2.726 2.529 2.086 1.987 1.851 1.754 1.572 1.530 1.285 1.274 1.123
0.00031003 -1.70000 9.90000 0.9019846320 2.4498066298    0.899  1.209  3.7328  3.066    3  0.000  0.535     0.00     0.00     0.00     0.00     0.00 -1 -6.22e-12      0.00 7.541e-01 2.455e-01 5.897e-05 1.625e-05 1.470e-04 -1.000 3.169e-04 1.747 5.274 4.850 3.648 2.764 2.345 2.638 2.621 2.421 1.975 1.876 1.739 1.641 1.458 1.415 1.169 1.158 1.005
0.00031003 -1.70000 9.90000 0.9023968577 2.4499159697    0.900  1.254  3.7313  3.015    3  0.000  0.532     0.00     0.00     0.00     0.00     0.00 -1 -7.31e-12      0.00 7.525e-01 2.472e-01 5.873e-05 1.644e-05 1.473e-04 -1.000 3.331e-04 1.635 5.180 4.783 3.566 2.670 2.247 2.536 2.516 2.315 1.865 1.765 1.628 1.530 1.346 1.302 1.055 1.044 0.889
0.00031003 -1.70000 9.90000 0.9028019309 2.4500233006    0.900  1.302  3.7298  2.961    3  0.000  0.527     0.00     0.00     0.00     0.00     0.00 -1 -8.68e-12      0.00 7.509e-01 2.488e-01 5.823e-05 1.686e-05 1.475e-04 -1.000 3.426e-04 1.515 5.082 4.717 3.483 2.573 2.146 2.428 2.406 2.203 1.749 1.649 1.510 1.412 1.226 1.183 0.934 0.923 0.767
0.00031003 -1.70000 9.90000 0.9031469226 2.4501146245    0.900  1.346  3.7283  2.912    3  0.000  0.521     0.00     0.00     0.00     0.00     0.00 -1 -1.02e-11      0.00 7.495e-01 2.502e-01 5.758e-05 1.749e-05 1.476e-04 -1.000 3.356e-04 1.406 4.989 4.661 3.409 2.486 2.054 2.329 2.305 2.100 1.643 1.542 1.403 1.304 1.117 1.073 0.823 0.812 0.654
0.00031003 -1.70000 9.90000 0.9034889340 2.4502050804    0.900  1.392  3.7268  2.859    3  0.000  0.514     0.00     0.00     0.00     0.00     0.00 -1  -1.2e-11      0.00 7.482e-01 2.515e-01 5.678e-05 1.837e-05 1.477e-04 -1.000 3.135e-04 1.289 4.890 4.600 3.329 2.392 1.956 2.224 2.196 1.990 1.529 1.428 1.287 1.188 1.001 0.956 0.705 0.693 0.534
0.00031003 -1.70000 9.90000 0.9038029313 2.4502880578    0.901  1.439  3.7252  2.807    3  0.000  0.506     0.00     0.00     0.00     0.00     0.00 -1 -1.42e-11      0.00 7.471e-01 2.526e-01 5.597e-05 1.933e-05 1.478e-04 -1.000 3.053e-04 1.173 4.793 4.542 3.252 2.299 1.859 2.119 2.090 1.881 1.417 1.315 1.173 1.074 0.885 0.840 0.587 0.575 0.415
0.00031003 -1.70000 9.90000 0.9040876031 2.4503632283    0.901  1.484  3.7237  2.755    3  0.000  0.500     0.00     0.00     0.00     0.00     0.00 -1 -1.68e-11      0.00 7.461e-01 2.535e-01 5.532e-05 2.015e-05 1.479e-04 -1.000 3.271e-04 1.059 4.697 4.486 3.176 2.208 1.763 2.017 1.985 1.775 1.306 1.204 1.061 0.961 0.771 0.726 0.471 0.459 0.298
0.00031003 -1.70000 9.90000 0.9043576717 2.4504344923    0.901  1.531  3.7221  2.702    3  0.000  0.495     0.00     0.00     0.00     0.00     0.00 -1 -1.98e-11      0.00 7.454e-01 2.542e-01 5.479e-05 2.080e-05 1.480e-04 -1.000 3.418e-04 0.942 4.599 4.428 3.097 2.115 1.665 1.912 1.877 1.665 1.193 1.089 0.946 0.845 0.654 0.609 0.353 0.340 0.177
0.00031003 -1.70000 9.90000 0.9045960307 2.4504973484    0.901  1.576  3.7204  2.651    3  0.000  0.492     0.00     0.00     0.00     0.00     0.00 -1 -2.33e-11      0.00 7.449e-01 2.548e-01 5.439e-05 2.131e-05 1.480e-04 -1.000 3.417e-04 0.830 4.505 4.374 3.024 2.025 1.571 1.812 1.775 1.561 1.084 0.980 0.836 0.735 0.543 0.497 0.239 0.227 0.062
0.00031003 -1.70000 9.90000 0.9048159122 2.4505552981    0.901  1.621  3.7188  2.599    3  0.000  0.489     0.00     0.00     0.00     0.00     0.00 -1 -2.74e-11      0.00 7.444e-01 2.552e-01 5.410e-05 2.169e-05 1.480e-04 -1.000 3.428e-04 0.718 4.411 4.326 2.953 1.939 1.479 1.714 1.674 1.457 0.977 0.872 0.727 0.625 0.432 0.386 0.126 0.113 -0.053
0.00031003 -1.70000 9.90000 0.9050292969 2.4506115046    0.901  1.668  3.7171  2.545    3  0.000  0.487     0.00     0.00     0.00     0.00     0.00 -1 -3.25e-11      0.00 7.441e-01 2.556e-01 5.387e-05 2.199e-05 1.481e-04 -1.000 3.435e-04 0.601 4.310 4.274 2.879 1.847 1.383 1.610 1.568 1.349 0.864 0.758 0.612 0.510 0.315 0.269 0.007 -0.006 -0.174
0.00031003 -1.70000 9.90000 0.9052128196 2.4506598209    0.901  1.712  3.7154  2.495    3  0.000  0.485     0.00     0.00     0.00     0.00     0.00 -1 -3.81e-11      0.00 7.439e-01 2.558e-01 5.375e-05 2.214e-05 1.481e-04 -1.000 3.435e-04 0.491 4.217 4.230 2.812 1.763 1.294 1.514 1.469 1.248 0.758 0.652 0.505 0.402 0.206 0.160 -0.104 -0.117 -0.287
0.00031003 -1.70000 9.90000 0.9053889513 2.4507061703    0.901  1.757  3.7137  2.442    3  0.000  0.485     0.00     0.00     0.00     0.00     0.00 -1  -4.5e-11      0.00 7.438e-01 2.559e-01 5.368e-05 2.222e-05 1.481e-04 -1.000 3.436e-04 0.377 4.123 4.200 2.755 1.683 1.207 1.417 1.367 1.143 0.648 0.542 0.393 0.289 0.092 0.045 -0.220 -0.233 -0.405
0.00031003 -1.70000 9.90000 0.9055561423 2.4507501477    0.901  1.804  3.7118  2.388    3  0.000  0.485     0.00     0.00     0.00     0.00     0.00 -1 -5.35e-11      0.00 7.438e-01 2.559e-01 5.367e-05 2.224e-05 1.481e-04 -1.000 3.436e-04 0.259 4.025 4.169 2.696 1.600 1.117 1.315 1.262 1.035 0.534 0.427 0.277 0.173 -0.026 -0.074 -0.341 -0.354 -0.527
0.00031003 -1.70000 9.90000 0.9057015181 2.4507883717    0.901  1.849  3.7100  2.336    3  0.000  0.485     0.00     0.00     0.00     0.00     0.00 -1 -6.29e-11      0.00 7.438e-01 2.559e-01 5.367e-05 2.225e-05 1.481e-04 -1.000 3.435e-04 0.148 3.934 4.143 2.642 1.522 1.033 1.221 1.164 0.933 0.427 0.319 0.168 0.063 -0.137 -0.185 -0.454 -0.468 -0.643
0.00031003 -1.70000 9.90000 0.9058382511 2.4508243104    0.901  1.894  3.7081  2.283    3  0.000  0.485     0.00     0.00     0.00     0.00     0.00 -1 -7.42e-11      0.00 7.438e-01 2.559e-01 5.366e-05 2.225e-05 1.481e-04 -1.000 3.436e-04 0.034 3.839 4.124 2.592 1.446 0.951 1.126 1.065 0.831 0.319 0.210 0.057 -0.048 -0.250 -0.298 -0.570 -0.583 -0.760
0.00031003 -1.70000 9.90000 0.9059653282 2.4508576999    0.900  1.940  3.7062  2.229    3  0.000  0.484     0.00     0.00     0.00     0.00     0.00 -1 -8.76e-11      0.00 7.438e-01 2.559e-01 5.366e-05 2.226e-05 1.481e-04 -1.000 3.436e-04 -0.080 3.742 4.105 2.541 1.370 0.867 1.032 0.965 0.728 0.210 0.100 -0.054 -0.160 -0.363 -0.412 -0.686 -0.699 -0.878
0.00031003 -1.70000 9.90000 0.9060787559 2.4508874939    0.900  1.984  3.7044  2.178    3  0.000  0.484     0.00     0.00     0.00     0.00     0.00 -1 -1.03e-10      0.00 7.438e-01 2.559e-01 5.365e-05 2.227e-05 1.481e-04 -1.000 3.436e-04 -0.190 3.650 4.090 2.495 1.298 0.788 0.941 0.871 0.630 0.106 -0.005 -0.161 -0.268 -0.472 -0.522 -0.797 -0.811 -0.992
0.00031003 -1.70000 9.90000 0.9061853290 2.4509154797    0.900  2.028  3.7024  2.126    3  0.000  0.484     0.00     0.00     0.00     0.00     0.00 -1 -1.21e-10      0.00 7.437e-01 2.559e-01 5.365e-05 2.227e-05 1.481e-04 -1.000 3.436e-04 -0.301 3.557 4.076 2.449 1.225 0.708 0.850 0.775 0.531 0.000 -0.111 -0.269 -0.377 -0.583 -0.633 -0.910 -0.925 -1.107
0.00031003 -1.70000 9.90000 0.9062835574 2.4509412675    0.900  2.073  3.7005  2.073    3  0.000  0.484     0.00     0.00     0.00     0.00     0.00 -1 -1.43e-10      0.00 7.437e-01 2.559e-01 5.364e-05 2.228e-05 1.481e-04 -1.000 3.436e-04 -0.412 3.464 4.064 2.404 1.153 0.629 0.760 0.681 0.433 -0.105 -0.217 -0.376 -0.485 -0.693 -0.743 -1.023 -1.037 -1.222
0.00031003 -1.70000 9.90000 0.9063740969 2.4509650309    0.899  2.116  3.6985  2.022    3  0.000  0.484     0.00     0.00     0.00     0.00     0.00 -1 -1.67e-10      0.00 7.437e-01 2.559e-01 5.364e-05 2.229e-05 1.481e-04 -1.000 3.435e-04 -0.521 3.371 4.059 2.364 1.085 0.554 0.674 0.589 0.337 -0.207 -0.321 -0.481 -0.591 -0.800 -0.851 -1.133 -1.148 -1.335
0.00031003 -1.70000 9.90000 0.9064628482 2.4509883198    0.899  2.160  3.6965  1.969    3  0.000  0.484     0.00     0.00     0.00     0.00     0.00 -1 -1.97e-10      0.00 7.437e-01 2.559e-01 5.363e-05 2.229e-05 1.481e-04 -1.000 3.436e-04 -0.631 3.278 4.068 2.334 1.021 0.482 0.587 0.497 0.241 -0.311 -0.425 -0.587 -0.698 -0.909 -0.961 -1.245 -1.260 -1.448
0.00031003 -1.70000 9.90000 0.9065588117 2.4510134953    0.898  2.198  3.6948  1.925    3  0.000  0.484     0.00     0.00     0.00     0.00     0.00 -1 -2.26e-10      0.00 7.437e-01 2.559e-01 5.363e-05 2.230e-05 1.481e-04 -1.000 3.435e-04 -0.724 3.199 4.081 2.314 0.970 0.424 0.515 0.420 0.160 -0.398 -0.514 -0.677 -0.788 -1.001 -1.053 -1.340 -1.355 -1.545
0.00031003 -1.70000 9.90000 0.9066034555 2.4510252053    0.898  2.213  3.6941  1.907    3  0.000  0.484     0.00     0.00     0.00     0.00     0.00 -1 -2.39e-10      0.00 7.437e-01 2.559e-01 5.363e-05 2.230e-05 1.481e-04 -1.000 3.436e-04 -0.763 3.166 4.087 2.305 0.948 0.399 0.485 0.388 0.126 -0.435 -0.551 -0.714 -0.826 -1.040 -1.092 -1.379 -1.394 -1.585
0.00031003 -1.70000 9.90000 0.9066742063 2.4510437603    0.898  2.187  3.6958  1.939    3  0.000  0.484     0.00     0.00     0.00     0.00     0.00 -1  -2.2e-10      0.00 7.437e-01 2.559e-01 5.363e-05 2.230e-05 1.481e-04 -1.000 3.435e-04 -0.697 3.219 4.055 2.305 0.976 0.434 0.531 0.438 0.180 -0.374 -0.489 -0.652 -0.763 -0.975 -1.027 -1.312 -1.327 -1.516
0.00031003 -1.70000 9.90000 0.9066779613 2.4510447450    0.898  2.185  3.6959  1.942    3  0.000  0.484     0.00     0.00     0.00     0.00     0.00 -1 -2.18e-10      0.00 7.437e-01 2.559e-01 5.363e-05 2.230e-05 1.481e-04 -1.000 3.436e-04 -0.693 3.222 4.053 2.305 0.978 0.436 0.534 0.441 0.184 -0.370 -0.485 -0.648 -0.759 -0.971 -1.022 -1.307 -1.322 -1.512
0.00031003 -1.70000 9.90000 0.9067044258 2.4510516847    0.898  2.202  3.6950  1.921    3  0.000  0.484     0.00     0.00     0.00     0.00     0.00 -1 -2.31e-10      0.00 7.437e-01 2.559e-01 5.362e-05 2.230e-05 1.481e-04 -1.000 3.435e-04 -0.736 3.186 4.064 2.299 0.956 0.411 0.502 0.406 0.147 -0.411 -0.526 -0.689 -0.801 -1.013 -1.065 -1.351 -1.367 -1.557
0.00031003 -1.70000 9.90000 0.9067658186 2.4510677815    0.897  2.244  3.6930  1.871    3  0.000  0.484     0.00     0.00     0.00     0.00     0.00 -1 -2.67e-10      0.00 7.437e-01 2.559e-01 5.362e-05 2.231e-05 1.481e-04 -1.000 3.435e-04 -0.840 3.099 4.086 2.281 0.901 0.347 0.423 0.321 0.057 -0.508 -0.625 -0.789 -0.902 -1.116 -1.169 -1.457 -1.473 -1.665
0.00031003 -1.70000 9.90000 0.9068214297 2.4510823604    0.897  2.284  3.6911  1.823    3  0.000  0.484     0.00     0.00     0.00     0.00     0.00 -1 -3.09e-10      0.00 7.437e-01 2.559e-01 5.362e-05 2.231e-05 1.481e-04 -1.000 3.436e-04 -0.939 3.016 4.108 2.265 0.850 0.288 0.349 0.242 -0.027 -0.600 -0.718 -0.884 -0.997 -1.214 -1.267 -1.557 -1.573 -1.768
0.00031003 -1.70000 9.90000 0.9068758488 2.4510966247    0.896  2.325  3.6890  1.774    3  0.000  0.484     0.00     0.00     0.00     0.00     0.00 -1  -3.6e-10      0.00 7.437e-01 2.559e-01 5.362e-05 2.231e-05 1.481e-04 -1.000 3.435e-04 -1.041 2.930 4.137 2.253 0.800 0.229 0.274 0.160 -0.113 -0.695 -0.813 -0.982 -1.096 -1.314 -1.367 -1.661 -1.677 -1.873
0.00031003 -1.70000 9.90000 0.9069243073 2.4511093249    0.896  2.363  3.6870  1.727    3  0.000  0.484     0.00     0.00     0.00     0.00     0.00 -1 -4.16e-10      0.00 7.437e-01 2.560e-01 5.361e-05 2.232e-05 1.481e-04 -1.000 3.435e-04 -1.139 2.848 4.171 2.247 0.755 0.176 0.205 0.085 -0.194 -0.784 -0.903 -1.073 -1.189 -1.408 -1.463 -1.758 -1.774 -1.973
0.00031003 -1.70000 9.90000 0.9069702625 2.4511213677    0.895  2.403  3.6850  1.679    3  0.000  0.484     0.00     0.00     0.00     0.00     0.00 -1 -4.81e-10      0.00 7.437e-01 2.560e-01 5.361e-05 2.232e-05 1.481e-04 -1.000 3.435e-04 -1.237 2.764 4.191 2.248 0.718 0.129 0.138 0.010 -0.275 -0.874 -0.995 -1.167 -1.283 -1.505 -1.560 -1.858 -1.874 -2.075
0.00031003 -1.70000 9.90000 0.9070127010 2.4511324876    0.895  2.441  3.6830  1.632    3  0.000  0.484     0.00     0.00     0.00     0.00     0.00 -1 -5.55e-10      0.00 7.437e-01 2.560e-01 5.361e-05 2.232e-05 1.481e-04 -1.000 3.434e-04 -1.333 2.683 4.196 2.272 0.701 0.100 0.082 -0.058 -0.352 -0.964 -1.086 -1.260 -1.378 -1.601 -1.656 -1.957 -1.973 -2.176
0.00031003 -1.70000 9.90000 0.9070521593 2.4511428256    0.894  2.480  3.6809  1.585    3  0.000  0.484     0.00     0.00     0.00     0.00     0.00 -1  -6.4e-10      0.00 7.437e-01 2.560e-01 5.361e-05 2.232e-05 1.481e-04 -1.000 3.435e-04 -1.429 2.602 4.206 2.300 0.686 0.073 0.028 -0.124 -0.427 -1.052 -1.176 -1.352 -1.471 -1.697 -1.753 -2.055 -2.072 -2.277
0.00031003 -1.70000 9.90000 0.9070892334 2.4511525380    0.893  2.518  3.6789  1.539    3  0.000  0.484     6.42     5.12     3.66     2.81     2.28  4 -7.38e-10      0.00 7.437e-01 2.560e-01 5.361e-05 2.233e-05 1.481e-04 -1.000 3.435e-04 -1.525 2.521 4.219 2.332 0.673 0.050 -0.024 -0.188 -0.501 -1.140 -1.266 -1.444 -1.565 -1.792 -1.849 -2.154 -2.171 -2.378
0.00031003 -1.70000 9.90000 0.9071307182 2.4511634048    0.892  2.564  3.6763  1.482    3  0.000  0.484     7.24     5.68     4.04     3.11     2.52  3 -8.77e-10      0.00 7.437e-01 2.560e-01 5.361e-05 2.233e-05 1.481e-04 -1.000 3.435e-04 -1.641 2.425 4.250 2.391 0.672 0.034 -0.077 -0.260 -0.585 -1.243 -1.372 -1.553 -1.676 -1.907 -1.964 -2.272 -2.289 -2.499
0.00031003 -1.70000 9.90000 0.9071615934 2.4511714917    0.891  2.601  3.6743  1.436    3  0.000  0.484     7.96     6.16     4.37     3.37     2.73  3 -1.01e-09      0.00 7.437e-01 2.560e-01 5.360e-05 2.233e-05 1.481e-04 -1.000 3.435e-04 -1.733 2.348 4.278 2.444 0.675 0.026 -0.117 -0.314 -0.650 -1.325 -1.456 -1.640 -1.765 -1.998 -2.055 -2.366 -2.384 -2.597
0.00031003 -1.70000 9.90000 0.9071974754 2.4511808892    0.890  2.647  3.6717  1.379    3  0.000  0.484     8.97     6.83     4.81     3.72     3.01  3  -1.2e-09      0.00 7.437e-01 2.560e-01 5.360e-05 2.233e-05 1.481e-04 -1.000 3.436e-04 -1.848 2.253 4.322 2.523 0.687 0.024 -0.159 -0.376 -0.727 -1.425 -1.559 -1.748 -1.874 -2.111 -2.170 -2.484 -2.502 -2.718
0.00031003 -1.70000 9.90000 0.9072297215 2.4511893337    0.889  2.692  3.6690  1.323    3  0.000  0.484    10.08     7.55     5.30     4.10     3.32  3 -1.41e-09      0.00 7.437e-01 2.560e-01 5.360e-05 2.233e-05 1.481e-04 -1.000 3.435e-04 -1.959 2.161 4.373 2.612 0.708 0.032 -0.193 -0.431 -0.799 -1.521 -1.658 -1.851 -1.980 -2.221 -2.280 -2.599 -2.617 -2.835
0.00031003 -1.70000 9.90000 0.9072542787 2.4511957642    0.888  2.728  3.6670  1.279    3  0.000  0.484    11.07     8.19     5.72     4.43     3.59  3 -1.62e-09      0.00 7.437e-01 2.560e-01 5.360e-05 2.234e-05 1.481e-04 -1.000 3.435e-04 -2.050 2.085 4.413 2.683 0.724 0.039 -0.221 -0.475 -0.856 -1.598 -1.738 -1.934 -2.066 -2.309 -2.369 -2.691 -2.710 -2.931
0.00031003 -1.70000 9.90000 0.9072813392 2.4512028497    0.887  2.771  3.6643  1.224    3  0.000  0.484    12.41     9.03     6.28     4.87     3.95  3  -1.9e-09      0.00 7.437e-01 2.560e-01 5.360e-05 2.234e-05 1.481e-04 -1.000 3.436e-04 -2.157 1.999 4.481 2.795 0.763 0.066 -0.239 -0.517 -0.917 -1.686 -1.830 -2.031 -2.165 -2.413 -2.474 -2.800 -2.819 -3.043
0.00031003 -1.70000 9.90000 0.9073066711 2.4512094822    0.885  2.814  3.6618  1.170    3  0.000  0.484    13.89     9.95     6.89     5.35     4.34  3 -2.24e-09      0.00 7.437e-01 2.560e-01 5.360e-05 2.234e-05 1.481e-04 -1.000 3.435e-04 -2.264 1.911 4.543 2.899 0.798 0.090 -0.259 -0.560 -0.979 -1.775 -1.923 -2.129 -2.265 -2.518 -2.579 -2.910 -2.929 -3.156
0.00031003 -1.70000 9.90000 0.9073300362 2.4512155994    0.883  2.856  3.6591  1.116    3  0.000  0.484    15.56    10.96     7.56     5.88     4.77  2 -2.63e-09      0.00 7.437e-01 2.560e-01 5.360e-05 2.234e-05 1.481e-04 -1.000 3.435e-04 -2.371 1.825 4.615 3.024 0.850 0.131 -0.265 -0.592 -1.032 -1.859 -2.011 -2.223 -2.363 -2.620 -2.683 -3.018 -3.037 -3.269
0.00031003 -1.70000 9.90000 0.9073510170 2.4512210920    0.882  2.897  3.6565  1.064    3  0.000  0.484    17.35    12.04     8.27     6.44     5.23  2 -3.07e-09      0.00 7.437e-01 2.560e-01 5.360e-05 2.234e-05 1.481e-04 -1.000 3.435e-04 -2.473 1.740 4.679 3.111 0.875 0.148 -0.283 -0.630 -1.087 -1.939 -2.095 -2.311 -2.454 -2.716 -2.779 -3.119 -3.139 -3.374
0.00031003 -1.70000 9.90000 0.9073711634 2.4512263659    0.880  2.939  3.6538  1.010    3  0.000  0.484    19.41    13.26     9.07     7.08     5.74  2  -3.6e-09      0.00 7.437e-01 2.560e-01 5.360e-05 2.234e-05 1.481e-04 -1.000 3.435e-04 -2.578 1.651 4.750 3.178 0.880 0.146 -0.313 -0.676 -1.148 -2.022 -2.181 -2.402 -2.546 -2.812 -2.877 -3.222 -3.242 -3.481
0.00031003 -1.70000 9.90000 0.9073891044 2.4512310623    0.878  2.979  3.6512  0.959    3  0.000  0.484    21.62    14.54     9.91     7.74     6.28  2 -4.19e-09      0.00 7.437e-01 2.560e-01 5.360e-05 2.234e-05 1.481e-04 -1.000 3.436e-04 -2.678 1.568 4.821 3.251 0.894 0.153 -0.330 -0.711 -1.199 -2.096 -2.259 -2.485 -2.632 -2.903 -2.969 -3.320 -3.340 -3.583
0.00031003 -1.70000 9.90000 0.9074055552 2.4512353684    0.875  3.018  3.6486  0.908    3  0.000  0.484    24.03    15.92    10.80     8.45     6.86  2 -4.87e-09      0.00 7.437e-01 2.560e-01 5.359e-05 2.234e-05 1.481e-04 -1.000 3.435e-04 -2.775 1.487 4.881 3.323 0.910 0.162 -0.344 -0.741 -1.245 -2.167 -2.333 -2.565 -2.714 -2.991 -3.058 -3.414 -3.435 -3.682
0.00031003 -1.70000 9.90000 0.9074217081 2.4512395963    0.873  3.059  3.6458  0.856    3  0.000  0.484    26.82    17.50    11.82     9.26     7.52  2 -5.68e-09      0.00 7.437e-01 2.560e-01 5.359e-05 2.235e-05 1.481e-04 -1.000 3.435e-04 -2.876 1.403 4.937 3.397 0.926 0.172 -0.359 -0.773 -1.294 -2.241 -2.410 -2.648 -2.799 -3.081 -3.150 -3.512 -3.533 -3.785
0.00031003 -1.70000 9.90000 0.9074355364 2.4512432156    0.870  3.096  3.6433  0.808    3  0.000  0.484    29.67    19.08    12.84    10.07     8.18  2 -6.56e-09      0.00 7.437e-01 2.560e-01 5.359e-05 2.235e-05 1.481e-04 -1.000 3.435e-04 -2.969 1.326 4.990 3.466 0.942 0.181 -0.371 -0.802 -1.338 -2.308 -2.480 -2.723 -2.877 -3.163 -3.234 -3.601 -3.623 -3.878
0.00031003 -1.70000 9.90000 0.9074491858 2.4512467881    0.868  3.134  3.6406  0.757    3  0.000  0.484    33.00    20.90    14.00    11.00     8.94  1 -7.61e-09      0.00 7.437e-01 2.560e-01 5.359e-05 2.235e-05 1.481e-04 -1.000 3.435e-04 -3.066 1.247 5.049 3.542 0.961 0.194 -0.382 -0.829 -1.382 -2.376 -2.552 -2.801 -2.957 -3.249 -3.321 -3.694 -3.716 -3.976
0.00031003 -1.70000 9.90000 0.9074622989 2.4512502199    0.864  3.173  3.6380  0.705    3  0.000  0.484    36.73    22.91    15.29    12.03     9.77  1 -8.84e-09      0.00 7.437e-01 2.560e-01 5.359e-05 2.235e-05 1.481e-04 -1.000 3.435e-04 -3.163 1.166 5.084 3.613 0.977 0.205 -0.390 -0.854 -1.424 -2.444 -2.623 -2.878 -3.036 -3.334 -3.407 -3.786 -3.809 -4.074
0.00031003 -1.70000 9.90000 0.9074738026 2.4512532306    0.861  3.209  3.6355  0.657    3  0.000  0.484    40.59    24.96    16.59    13.07    10.62  1 -1.02e-08      0.00 7.437e-01 2.560e-01 5.359e-05 2.235e-05 1.481e-04 -1.000 3.435e-04 -3.253 1.093 5.113 3.683 0.996 0.219 -0.391 -0.872 -1.458 -2.503 -2.686 -2.947 -3.108 -3.411 -3.486 -3.871 -3.894 -4.163
0.00031003 -1.70000 9.90000 0.9074851274 2.4512561943    0.857  3.246  3.6329  0.608    3  0.000  0.484    44.96    27.24    18.03    14.23    11.56  1 -1.17e-08      0.00 7.437e-01 2.560e-01 5.359e-05 2.235e-05 1.481e-04 -1.000 3.434e-04 -3.346 1.017 5.141 3.755 1.015 0.234 -0.393 -0.889 -1.493 -2.564 -2.750 -3.018 -3.181 -3.490 -3.566 -3.957 -3.981 -4.255
0.00031003 -1.70000 9.90000 0.9074950218 2.4512587836    0.854  3.277  3.6308  0.568    3  0.000  0.484    48.94    29.29    19.32    15.27    12.41  1 -1.33e-08      0.00 7.437e-01 2.560e-01 5.359e-05 2.235e-05 1.481e-04 -1.000 3.435e-04 -3.422 0.955 5.161 3.811 1.028 0.243 -0.395 -0.905 -1.523 -2.615 -2.804 -3.077 -3.242 -3.555 -3.633 -4.029 -4.054 -4.331
0.00031003 -1.70000 9.90000 0.9074950218 2.4512587836    0.854  1.781  3.7577  2.572    4  0.000  0.508     0.00     0.00     0.00     0.00     0.00 -1    -1e-30      0.00 7.438e-01 2.559e-01 5.692e-05 1.943e-05 1.497e-04 -1.000 3.434e-04 0.318 3.524 2.787 1.840 1.156 0.816 1.020 1.017 0.856 0.486 0.400 0.282 0.196 0.035 -0.002 -0.219 -0.228 -0.359
0.00031003 -1.70000 9.90000 0.9075753689 2.4512798075    0.854  1.800  3.7549  2.541    4  0.000  0.508     0.00     0.00     0.00     0.00     0.00 -1    -1e-30      0.00 7.438e-01 2.559e-01 5.692e-05 1.944e-05 1.497e-04 -1.000 3.436e-04 0.271 3.517 2.808 1.835 1.132 0.784 0.991 0.986 0.822 0.445 0.357 0.238 0.150 -0.013 -0.050 -0.270 -0.280 -0.413
0.00031003 -1.70000 9.90000 0.9076555371 2.4513007804    0.854  1.802  3.7546  2.537    4  0.000  0.508     0.00     0.00     0.00     0.00     0.00 -1    -1e-30      0.00 7.438e-01 2.559e-01 5.692e-05 1.944e-05 1.497e-04 -1.000 3.435e-04 0.264 3.515 2.808 1.833 1.127 0.778 0.986 0.981 0.816 0.439 0.350 0.231 0.144 -0.020 -0.057 -0.278 -0.287 -0.421
0.00031003 -1.70000 9.90000 0.9077350497 2.4513215775    0.854  1.804  3.7546  2.536    4  0.000  0.508     0.00     0.00     0.00     0.00     0.00 -1    -1e-30      0.00 7.438e-01 2.559e-01 5.691e-05 1.945e-05 1.497e-04 -1.000 3.436e-04 0.259 3.510 2.803 1.828 1.122 0.774 0.981 0.976 0.811 0.434 0.346 0.226 0.139 -0.024 -0.062 -0.283 -0.292 -0.425
0.00031003 -1.70000 9.90000 0.9078177214 2.4513431965    0.854  1.806  3.7549  2.535    4  0.000  0.508     0.00     0.00     0.00     0.00     0.00 -1    -1e-30      0.00 7.438e-01 2.559e-01 5.691e-05 1.945e-05 1.497e-04 -1.000 3.435e-04 0.256 3.503 2.794 1.821 1.117 0.769 0.975 0.971 0.806 0.430 0.342 0.222 0.135 -0.028 -0.066 -0.286 -0.295 -0.428
0.00031003 -1.70000 9.90000 0.9079006314 2.4513648732    0.854  1.807  3.7553  2.536    4  0.000  0.508     0.00     0.00     0.00     0.00     0.00 -1    -1e-30      0.00 7.438e-01 2.559e-01 5.690e-05 1.946e-05 1.497e-04 -1.000 3.435e-04 0.254 3.494 2.781 1.813 1.112 0.765 0.970 0.966 0.802 0.426 0.339 0.220 0.133 -0.030 -0.068 -0.287 -0.296 -0.429
0.00031003 -1.70000 9.90000 0.9079831839 2.4513864520    0.854  1.807  3.7560  2.539    4  0.000  0.508     0.00     0.00     0.00     0.00     0.00 -1    -1e-30      0.00 7.438e-01 2.559e-01 5.690e-05 1.947e-05 1.497e-04 -1.000 3.436e-04 0.253 3.484 2.765 1.802 1.106 0.762 0.965 0.961 0.797 0.424 0.336 0.218 0.131 -0.031 -0.068 -0.287 -0.296 -0.429
0.00031003 -1.70000 9.90000 0.9080644250 2.4514076835    0.854  1.807  3.7568  2.542    4  0.000  0.508     0.00     0.00     0.00     0.00     0.00 -1    -1e-30      0.00 7.438e-01 2.559e-01 5.690e-05 1.947e-05 1.497e-04 -1.000 3.435e-04 0.252 3.473 2.747 1.791 1.100 0.758 0.959 0.956 0.793 0.422 0.335 0.217 0.130 -0.031 -0.068 -0.286 -0.295 -0.427
0.00031003 -1.70000 9.90000 0.9081460834 2.4514290197    0.854  1.807  3.7577  2.546    4  0.000  0.508     0.00     0.00     0.00     0.00     0.00 -1    -1e-30      0.00 7.438e-01 2.559e-01 5.689e-05 1.948e-05 1.497e-04 -1.000 3.436e-04 0.253 3.460 2.726 1.779 1.094 0.754 0.954 0.950 0.789 0.420 0.333 0.216 0.130 -0.031 -0.068 -0.285 -0.294 -0.425
0.00031003 -1.70000 9.90000 0.9082319736 2.4514514569    0.854  1.807  3.7588  2.550    4  0.000  0.508     0.00     0.00     0.00     0.00     0.00 -1    -1e-30      0.00 7.437e-01 2.559e-01 5.689e-05 1.948e-05 1.497e-04 -1.000 3.435e-04 0.253 3.446 2.703 1.765 1.087 0.750 0.947 0.945 0.784 0.418 0.332 0.215 0.130 -0.030 -0.067 -0.283 -0.292 -0.422
0.00031003 -1.70000 9.90000 0.9083147049 2.4514730643    0.854  1.807  3.7597  2.554    4  0.000  0.508     0.00     0.00     0.00     0.00     0.00 -1    -1e-30      0.00 7.437e-01 2.559e-01 5.688e-05 1.949e-05 1.497e-04 -1.000 3.435e-04 0.253 3.433 2.680 1.751 1.080 0.746 0.941 0.939 0.780 0.416 0.330 0.214 0.129 -0.030 -0.066 -0.281 -0.290 -0.419
0.00031003 -1.70000 9.90000 0.9083914757 2.4514931108    0.855  1.807  3.7606  2.558    4  0.000  0.508     0.00     0.00     0.00     0.00     0.00 -1    -1e-30      0.00 7.437e-01 2.559e-01 5.688e-05 1.949e-05 1.497e-04 -1.000 3.435e-04 0.254 3.421 2.662 1.741 1.075 0.743 0.936 0.934 0.776 0.414 0.329 0.214 0.129 -0.029 -0.066 -0.279 -0.288 -0.416
0.00031003 -1.70000 9.90000 0.9084683657 2.4515131846    0.855  1.807  3.7615  2.561    4  0.000  0.508     0.00     0.00     0.00     0.00     0.00 -1    -1e-30      0.00 7.437e-01 2.559e-01 5.688e-05 1.950e-05 1.497e-04 -1.000 3.436e-04 0.254 3.409 2.646 1.731 1.071 0.741 0.931 0.929 0.772 0.413 0.328 0.213 0.129 -0.029 -0.065 -0.278 -0.287 -0.414
0.00031003 -1.70000 9.90000 0.9085510373 2.4515347635    0.855  1.807  3.7623  2.564    4  0.000  0.508     0.00     0.00     0.00     0.00     0.00 -1    -1e-30      0.00 7.437e-01 2.559e-01 5.687e-05 1.950e-05 1.497e-04 -1.000 3.435e-04 0.253 3.397 2.630 1.721 1.066 0.738 0.926 0.924 0.768 0.411 0.326 0.212 0.128 -0.029 -0.065 -0.277 -0.285 -0.412
0.00031003 -1.70000 9.90000 0.9086334109 2.4515562600    0.855  1.807  3.7630  2.567    4  0.000  0.508     0.00     0.00     0.00     0.00     0.00 -1    -1e-30      0.00 7.437e-01 2.559e-01 5.687e-05 1.951e-05 1.497e-04 -1.000 3.434e-04 0.253 3.386 2.615 1.712 1.061 0.736 0.921 0.920 0.765 0.409 0.325 0.211 0.127 -0.029 -0.065 -0.276 -0.284 -0.411
0.00031003 -1.70000 9.90000 0.9086520672 2.4515611280    0.855  1.807  3.7632  2.568    4  0.000  0.508     0.00     0.00     0.00     0.00     0.00 -1    -1e-30      0.00 7.437e-01 2.559e-01 5.687e-05 1.951e-05 1.497e-04 -1.000 3.435e-04 0.253 3.383 2.612 1.710 1.060 0.735 0.920 0.919 0.764 0.408 0.324 0.211 0.127 -0.029 -0.065 -0.276 -0.284 -0.411
0.00031003 -1.70000 9.90000 0.9086615443 2.4515636008    0.855  1.807  3.7632  2.568    4  0.000  0.508     0.00     0.00     0.00     0.00     0.00 -1    -1e-30      0.00 7.437e-01 2.559e-01 5.687e-05 1.951e-05 1.497e-04 -1.000 3.436e-04 0.253 3.382 2.611 1.710 1.060 0.735 0.920 0.918 0.763 0.408 0.324 0.211 0.127 -0.029 -0.065 -0.276 -0.284 -0.411
0.00031003 -1.70000 9.90000 0.9087511301 2.4515869727    0.855  1.807  3.7637  2.569    4  0.000  0.508     0.00     0.00     0.00     0.00     0.00 -1    -1e-30      0.00 7.437e-01 2.559e-01 5.686e-05 1.952e-05 1.497e-04 -1.000 3.435e-04 0.251 3.374 2.600 1.703 1.056 0.732 0.916 0.914 0.760 0.406 0.322 0.209 0.125 -0.030 -0.066 -0.276 -0.285 -0.411
0.00031003 -1.70000 9.90000 0.9088360071 2.4516091113    0.855  1.808  3.7641  2.570    4  0.000  0.508     0.00     0.00     0.00     0.00     0.00 -1    -1e-30      0.00 7.437e-01 2.560e-01 5.686e-05 1.952e-05 1.497e-04 -1.000 3.435e-04 0.250 3.368 2.592 1.697 1.053 0.729 0.912 0.911 0.757 0.403 0.320 0.207 0.123 -0.032 -0.068 -0.278 -0.286 -0.412
0.00031003 -1.70000 9.90000 0.9089180827 2.4516305147    0.855  1.809  3.7641  2.569    4  0.000  0.508     0.00     0.00     0.00     0.00     0.00 -1    -1e-30      0.00 7.437e-01 2.560e-01 5.685e-05 1.953e-05 1.497e-04 -1.000 3.435e-04 0.247 3.365 2.589 1.694 1.050 0.727 0.909 0.908 0.754 0.401 0.317 0.204 0.121 -0.034 -0.070 -0.280 -0.288 -0.414
0.00031003 -1.70000 9.90000 0.9090008140 2.4516520845    0.855  1.810  3.7639  2.568    4  0.000  0.508     0.00     0.00     0.00     0.00     0.00 -1    -1e-30      0.00 7.437e-01 2.560e-01 5.685e-05 1.953e-05 1.497e-04 -1.000 3.435e-04 0.244 3.364 2.590 1.694 1.048 0.725 0.907 0.906 0.752 0.398 0.314 0.201 0.118 -0.037 -0.073 -0.283 -0.292 -0.417
0.00031003 -1.70000 9.90000 0.9090849757 2.4516740227    0.855  1.812  3.7635  2.564    4  0.000  0.507     0.00     0.00     0.00     0.00     0.00 -1    -1e-30      0.00 7.437e-01 2.560e-01 5.685e-05 1.954e-05 1.497e-04 -1.000 3.435e-04 0.240 3.367 2.594 1.695 1.047 0.722 0.906 0.904 0.750 0.395 0.311 0.198 0.114 -0.041 -0.077 -0.288 -0.296 -0.422
0.00031003 -1.70000 9.90000 0.9091694355 2.4516960339    0.855  1.814  3.7628  2.560    4  0.000  0.507     0.00     0.00     0.00     0.00     0.00 -1    -1e-30      0.00 7.437e-01 2.560e-01 5.684e-05 1.954e-05 1.497e-04 -1.000 3.435e-04 0.236 3.372 2.603 1.698 1.046 0.720 0.905 0.903 0.748 0.392 0.307 0.194 0.110 -0.047 -0.083 -0.294 -0.302 -0.429
0.00031003 -1.70000 9.90000 0.9092372656 2.4517137077    0.855  1.816  3.7621  2.555    4  0.000  0.507     0.00     0.00     0.00     0.00     0.00 -1    -1e-30      0.00 7.437e-01 2.560e-01 5.684e-05 1.955e-05 1.497e-04 -1.000 3.435e-04 0.231 3.377 2.612 1.702 1.046 0.718 0.904 0.903 0.746 0.388 0.304 0.190 0.105 -0.051 -0.087 -0.300 -0.308 -0.435
0.00031003 -1.70000 9.90000 0.9092511535 2.4517173260    0.855  1.816  3.7620  2.554    4  0.000  0.507     0.00     0.00     0.00     0.00     0.00 -1    -1e-30      0.00 7.437e-01 2.560e-01 5.684e-05 1.955e-05 1.497e-04 -1.000 3.435e-04 0.230 3.379 2.615 1.703 1.046 0.717 0.904 0.902 0.746 0.388 0.303 0.189 0.104 -0.053 -0.089 -0.301 -0.309 -0.437
0.00031003 -1.70000 9.90000 0.9093232751 2.4517361141    0.856  1.818  3.7610  2.548    4  0.000  0.507     0.00     0.00     0.00     0.00     0.00 -1    -1e-30      0.00 7.437e-01 2.560e-01 5.684e-05 1.955e-05 1.497e-04 -1.000 3.434e-04 0.224 3.386 2.627 1.709 1.045 0.714 0.904 0.902 0.744 0.384 0.299 0.184 0.099 -0.059 -0.095 -0.308 -0.317 -0.445
0.00031003 -1.70000 9.90000 0.9093925953 2.4517541692    0.856  1.821  3.7601  2.542    4  0.000  0.507     0.00     0.00     0.00     0.00     0.00 -1    -1e-30      0.00 7.437e-01 2.560e-01 5.683e-05 1.956e-05 1.497e-04 -1.000 3.435e-04 0.218 3.394 2.640 1.714 1.045 0.711 0.903 0.901 0.742 0.379 0.294 0.178 0.093 -0.065 -0.102 -0.316 -0.325 -0.454
0.00031003 -1.70000 9.90000 0.9094611406 2.4517720193    0.856  1.824  3.7591  2.535    4  0.000  0.507     0.00     0.00     0.00     0.00     0.00 -1    -1e-30      0.00 7.437e-01 2.560e-01 5.683e-05 1.956e-05 1.497e-04 -1.000 3.435e-04 0.211 3.401 2.657 1.721 1.045 0.709 0.903 0.900 0.740 0.375 0.289 0.173 0.087 -0.072 -0.109 -0.324 -0.333 -0.463
0.00031003 -1.70000 9.90000 0.9095302224 2.4517900060    0.856  1.826  3.7582  2.529    4  0.000  0.507     0.00     0.00     0.00     0.00     0.00 -1    -1e-30      0.00 7.437e-01 2.560e-01 5.683e-05 1.957e-05 1.497e-04 -1.000 3.435e-04 0.204 3.408 2.671 1.728 1.046 0.707 0.902 0.899 0.738 0.370 0.284 0.167 0.081 -0.079 -0.116 -0.332 -0.341 -0.472
0.00031003 -1.70000 9.90000 0.9096003771 2.4518082689    0.856  1.831  3.7564  2.517    4  0.000  0.507     0.00     0.00     0.00     0.00     0.00 -1    -1e-30      0.00 7.436e-01 2.560e-01 5.682e-05 1.957e-05 1.497e-04 -1.000 3.435e-04 0.193 3.420 2.700 1.741 1.047 0.703 0.902 0.897 0.735 0.362 0.275 0.157 0.070 -0.091 -0.129 -0.347 -0.356 -0.488
0.00031003 -1.70000 9.90000 0.9096693993 2.4518262337    0.856  1.836  3.7546  2.505    4  0.000  0.507     0.00     0.00     0.00     0.00     0.00 -1    -1e-30      0.00 7.436e-01 2.560e-01 5.682e-05 1.958e-05 1.497e-04 -1.000 3.434e-04 0.180 3.432 2.728 1.753 1.047 0.698 0.900 0.895 0.730 0.353 0.266 0.146 0.059 -0.104 -0.142 -0.362 -0.371 -0.505
0.00031003 -1.70000 9.90000 0.9097386599 2.4518442575    0.856  1.841  3.7529  2.493    4  0.000  0.507     0.00     0.00     0.00     0.00     0.00 -1    -1e-30      0.00 7.436e-01 2.560e-01 5.682e-05 1.958e-05 1.497e-04 -1.000 3.436e-04 0.166 3.443 2.755 1.764 1.046 0.693 0.898 0.892 0.725 0.344 0.255 0.134 0.046 -0.118 -0.156 -0.378 -0.388 -0.523
0.00031003 -1.70000 9.90000 0.9098084569 2.4518624177    0.856  1.847  3.7512  2.480    4  0.000  0.507     0.00     0.00     0.00     0.00     0.00 -1    -1e-30      0.00 7.436e-01 2.560e-01 5.681e-05 1.958e-05 1.497e-04 -1.000 3.435e-04 0.152 3.454 2.782 1.775 1.045 0.687 0.894 0.887 0.718 0.333 0.243 0.121 0.033 -0.133 -0.172 -0.396 -0.405 -0.542
0.00031003 -1.70000 9.90000 0.9098773003 2.4518803266    0.856  1.854  3.7494  2.466    4  0.000  0.507     0.00     0.00     0.00     0.00     0.00 -1    -1e-30      0.00 7.436e-01 2.560e-01 5.681e-05 1.959e-05 1.497e-04 -1.000 3.435e-04 0.135 3.463 2.810 1.787 1.043 0.680 0.889 0.881 0.710 0.320 0.229 0.106 0.017 -0.151 -0.189 -0.415 -0.425 -0.563
0.00031003 -1.70000 9.90000 0.9099469185 2.4518984339    0.856  1.861  3.7475  2.451    4  0.000  0.507     0.00     0.00     0.00     0.00     0.00 -1    -1e-30      0.00 7.436e-01 2.560e-01 5.681e-05 1.959e-05 1.497e-04 -1.000 3.434e-04 0.116 3.469 2.842 1.800 1.042 0.672 0.883 0.873 0.700 0.305 0.214 0.090 -0.001 -0.170 -0.209 -0.437 -0.447 -0.587
0.00031003 -1.70000 9.90000 0.9100164771 2.4519165225    0.856  1.872  3.7451  2.431    4  0.000  0.507     0.00     0.00     0.00     0.00     0.00 -1    -1e-30      0.00 7.436e-01 2.560e-01 5.680e-05 1.960e-05 1.497e-04 -1.000 3.435e-04 0.090 3.476 2.880 1.815 1.037 0.661 0.873 0.862 0.686 0.284 0.192 0.066 -0.025 -0.196 -0.236 -0.467 -0.477 -0.619
0.00031003 -1.70000 9.90000 0.9100864530 2.4519347165    0.856  1.890  3.7414  2.398    4  0.000  0.507     0.00     0.00     0.00     0.00     0.00 -1    -1e-30      0.00 7.436e-01 2.560e-01 5.680e-05 1.960e-05 1.497e-04 -1.000 3.435e-04 0.045 3.480 2.933 1.833 1.026 0.639 0.853 0.838 0.658 0.247 0.153 0.024 -0.068 -0.242 -0.283 -0.517 -0.528 -0.673
0.00031003 -1.70000 9.90000 0.9101533294 2.4519521015    0.856  1.923  3.7354  2.341    4  0.000  0.507     0.00     0.00     0.00     0.00     0.00 -1    -1e-30      0.00 7.436e-01 2.560e-01 5.680e-05 1.961e-05 1.497e-04 -1.000 3.435e-04 -0.038 3.478 3.049 1.879 1.015 0.608 0.814 0.793 0.604 0.176 0.080 -0.053 -0.148 -0.327 -0.369 -0.610 -0.620 -0.771
0.00031003 -1.70000 9.90000 0.9101835489 2.4519599563    0.856  1.956  3.7304  2.288    4  0.000  0.507     0.00     0.00     0.00     0.00     0.00 -1    -1e-30      0.00 7.436e-01 2.560e-01 5.679e-05 1.961e-05 1.497e-04 -1.000 3.435e-04 -0.120 3.463 3.144 1.912 0.998 0.574 0.771 0.743 0.547 0.105 0.006 -0.130 -0.227 -0.410 -0.453 -0.699 -0.711 -0.866
0.00031003 -1.70000 9.90000 0.9101966619 2.4519633646    0.856  1.992  3.7255  2.233    4  0.000  0.507     0.00     0.00     0.00     0.00     0.00 -1    -1e-30      0.00 7.436e-01 2.561e-01 5.679e-05 1.961e-05 1.497e-04 -1.000 3.435e-04 -0.210 3.431 3.240 1.944 0.977 0.536 0.722 0.686 0.483 0.026 -0.075 -0.214 -0.313 -0.500 -0.544 -0.796 -0.808 -0.968
0.00031003 -1.70000 9.90000 0.9102017283 2.4519646814    0.857  2.027  3.7214  2.181    4  0.000  0.507     0.00     0.00     0.00     0.00     0.00 -1    -1e-30      0.00 7.436e-01 2.561e-01 5.679e-05 1.961e-05 1.497e-04 -1.000 3.435e-04 -0.298 3.390 3.311 1.960 0.948 0.493 0.668 0.626 0.416 -0.052 -0.155 -0.298 -0.398 -0.588 -0.633 -0.889 -0.901 -1.065
0.00031003 -1.70000 9.90000 0.9102040529 2.4519652855    0.857  2.056  3.7184  2.140    4  0.000  0.507     0.00     0.00     0.00     0.00     0.00 -1    -1e-30      0.00 7.436e-01 2.561e-01 5.679e-05 1.961e-05 1.497e-04 -1.000 3.434e-04 -0.370 3.349 3.359 1.967 0.921 0.456 0.622 0.575 0.360 -0.118 -0.222 -0.366 -0.468 -0.661 -0.706 -0.966 -0.978 -1.145
0.00031003 -1.70000 9.90000 0.9102044106 2.4519653785    0.857  2.061  3.7179  2.133    7  0.000  0.507     0.00     0.00     0.00     0.00     0.00 -1    -1e-30      0.00 7.436e-01 2.561e-01 5.679e-05 1.961e-05 1.497e-04 -1.000 3.435e-04 -0.383 3.341 3.368 1.968 0.916 0.450 0.614 0.566 0.350 -0.129 -0.233 -0.379 -0.480 -0.673 -0.719 -0.979 -0.992 -1.159
0.00031003 -1.70000 9.90000 0.9102051258 2.4519655644    0.857  2.078  3.7165  2.111    7  0.000  0.507     0.00     0.00     0.00     0.00     0.00 -1    -1e-30      0.00 7.436e-01 2.561e-01 5.679e-05 1.961e-05 1.497e-04 -1.000 3.435e-04 -0.425 3.313 3.387 1.966 0.897 0.426 0.585 0.534 0.316 -0.168 -0.273 -0.419 -0.521 -0.715 -0.762 -1.023 -1.036 -1.204
0.00031003 -1.70000 9.90000 0.9102066755 2.4519659671    0.857  2.118  3.7133  2.057    7  0.000  0.507     0.00     0.00     0.00     0.00     0.00 -1    -1e-30      0.00 7.436e-01 2.561e-01 5.679e-05 1.961e-05 1.497e-04 -1.000 3.435e-04 -0.526 3.245 3.426 1.957 0.850 0.367 0.515 0.458 0.235 -0.260 -0.366 -0.515 -0.619 -0.815 -0.863 -1.127 -1.140 -1.312
0.00031003 -1.70000 9.90000 0.9102081060 2.4519663389    0.857  2.158  3.7103  2.006    7  0.000  0.507     0.00     0.00     0.00     0.00     0.00 -1    -1e-30      0.00 7.436e-01 2.561e-01 5.679e-05 1.961e-05 1.497e-04 -1.000 3.434e-04 -0.625 3.175 3.455 1.943 0.799 0.307 0.444 0.382 0.153 -0.351 -0.459 -0.609 -0.714 -0.914 -0.962 -1.230 -1.243 -1.417
0.00031003 -1.70000 9.90000 0.9102095366 2.4519667107    0.857  2.197  3.7076  1.956    7  0.000  0.507     0.00     0.00     0.00     0.00     0.00 -1    -1e-30      0.00 7.436e-01 2.561e-01 5.679e-05 1.961e-05 1.497e-04 -1.000 3.435e-04 -0.723 3.104 3.507 1.944 0.758 0.255 0.377 0.308 0.074 -0.440 -0.549 -0.703 -0.809 -1.010 -1.059 -1.330 -1.344 -1.521
0.00031003 -1.70000 9.90000 0.9102115035 2.4519672219    0.857  2.242  3.7046  1.900    7  0.000  0.507     0.00     0.00     0.00     0.00     0.00 -1    -1e-30      0.00 7.436e-01 2.561e-01 5.679e-05 1.961e-05 1.497e-04 -1.000 3.435e-04 -0.834 3.021 3.563 1.945 0.711 0.195 0.300 0.223 -0.017 -0.542 -0.653 -0.808 -0.916 -1.120 -1.169 -1.444 -1.458 -1.639
0.00031003 -1.70000 9.90000 0.9102153778 2.4519682289    0.857  2.232  3.7054  1.912    7  0.000  0.507     0.00     0.00     0.00     0.00     0.00 -1    -1e-30      0.00 7.436e-01 2.561e-01 5.679e-05 1.961e-05 1.497e-04 -1.000 3.435e-04 -0.811 3.037 3.541 1.938 0.717 0.204 0.313 0.238 -0.000 -0.522 -0.632 -0.787 -0.894 -1.098 -1.147 -1.421 -1.435 -1.614
0.00031003 -1.70000 9.90000 0.9102194905 2.4519692977    0.857  2.203  3.7074  1.949    7  0.000  0.507     0.00     0.00     0.00     0.00     0.00 -1    -1e-30      0.00 7.436e-01 2.561e-01 5.679e-05 1.961e-05 1.497e-04 -1.000 3.435e-04 -0.738 3.090 3.501 1.935 0.747 0.242 0.363 0.293 0.059 -0.456 -0.565 -0.718 -0.824 -1.026 -1.075 -1.346 -1.360 -1.537
0.00031003 -1.70000 9.90000 0.9102463126 2.4519762683    0.857  2.188  3.7083  1.968    7  0.000  0.507     0.00     0.00     0.00     0.00     0.00 -1    -1e-30      0.00 7.436e-01 2.561e-01 5.679e-05 1.961e-05 1.497e-04 -1.000 3.435e-04 -0.699 3.120 3.489 1.940 0.766 0.266 0.392 0.325 0.092 -0.419 -0.528 -0.680 -0.786 -0.987 -1.035 -1.306 -1.319 -1.496
0.00031003 -1.70000 9.90000 0.9102759361 2.4519839665    0.857  2.219  3.7059  1.927    7  0.000  0.507     0.00     0.00     0.00     0.00     0.00 -1    -1e-30      0.00 7.436e-01 2.561e-01 5.679e-05 1.961e-05 1.497e-04 -1.000 3.436e-04 -0.779 3.064 3.543 1.950 0.738 0.227 0.340 0.267 0.029 -0.491 -0.601 -0.755 -0.862 -1.065 -1.114 -1.388 -1.402 -1.581
0.00031003 -1.70000 9.90000 0.9103011489 2.4519905179    0.857  2.256  3.7033  1.880    7  0.000  0.507     0.00     0.00     0.00     0.00     0.00 -1    -1e-30      0.00 7.436e-01 2.561e-01 5.679e-05 1.962e-05 1.497e-04 -1.000 3.435e-04 -0.871 2.996 3.594 1.953 0.700 0.179 0.277 0.197 -0.046 -0.575 -0.687 -0.843 -0.951 -1.157 -1.206 -1.483 -1.497 -1.679
0.00031003 -1.70000 9.90000 0.9103292227 2.4519978123    0.857  2.298  3.7005  1.827    7  0.000  0.507     0.00     0.00     0.00     0.00     0.00 -1    -1e-30      0.00 7.436e-01 2.561e-01 5.679e-05 1.962e-05 1.497e-04 -1.000 3.435e-04 -0.975 2.918 3.649 1.955 0.656 0.124 0.206 0.119 -0.130 -0.670 -0.783 -0.942 -1.051 -1.259 -1.310 -1.589 -1.604 -1.789
0.00031003 -1.70000 9.90000 0.9103550315 2.4520045178    0.857  2.339  3.6977  1.774    7  0.000  0.507     0.00     0.00     0.00     0.00     0.00 -1    -1e-30      0.00 7.436e-01 2.561e-01 5.679e-05 1.962e-05 1.497e-04 -1.000 3.436e-04 -1.079 2.837 3.705 1.959 0.614 0.071 0.136 0.041 -0.214 -0.765 -0.879 -1.040 -1.151 -1.361 -1.412 -1.695 -1.710 -1.897
0.00031003 -1.70000 9.90000 0.9103780389 2.4520104950    0.857  2.381  3.6951  1.722    7  0.000  0.507     0.00     0.00     0.00     0.00     0.00 -1    -1e-30      0.00 7.436e-01 2.561e-01 5.678e-05 1.962e-05 1.497e-04 -1.000 3.435e-04 -1.182 2.755 3.760 1.963 0.573 0.019 0.067 -0.036 -0.297 -0.858 -0.974 -1.137 -1.249 -1.462 -1.514 -1.800 -1.815 -2.005
0.00031003 -1.70000 9.90000 0.9103982449 2.4520157441    0.857  2.422  3.6924  1.671    7  0.000  0.507     0.00     0.00     0.00     0.00     0.00 -1    -1e-30      0.00 7.436e-01 2.561e-01 5.677e-05 1.962e-05 1.497e-04 -1.000 3.434e-04 -1.284 2.673 3.816 1.968 0.532 -0.033 -0.001 -0.112 -0.379 -0.951 -1.068 -1.234 -1.347 -1.562 -1.615 -1.904 -1.919 -2.113
0.00031003 -1.70000 9.90000 0.9104160070 2.4520203582    0.857  2.462  3.6898  1.620    7  0.000  0.506     0.00     0.00     0.00     0.00     0.00 -1    -1e-30      0.00 7.436e-01 2.561e-01 5.673e-05 1.964e-05 1.497e-04 -1.000 3.434e-04 -1.385 2.591 3.869 1.973 0.492 -0.084 -0.069 -0.187 -0.461 -1.042 -1.161 -1.329 -1.443 -1.661 -1.714 -2.007 -2.023 -2.219
0.00031003 -1.70000 9.90000 0.9104319215 2.4520244921    0.857  2.503  3.6872  1.569    7  0.000  0.504     5.93     4.80     3.43     2.64     2.14  4    -1e-30      0.00 7.436e-01 2.561e-01 5.657e-05 1.973e-05 1.498e-04 -1.000 3.434e-04 -1.486 2.509 3.931 1.985 0.456 -0.130 -0.133 -0.260 -0.540 -1.133 -1.253 -1.423 -1.539 -1.759 -1.813 -2.109 -2.125 -2.324
0.00031003 -1.70000 9.90000 0.9104461670 2.4520281924    0.857  2.543  3.6846  1.518    7  0.000  0.500     6.60     5.26     3.75     2.89     2.34  3    -1e-30      0.00 7.435e-01 2.561e-01 5.613e-05 2.009e-05 1.498e-04 -1.000 3.435e-04 -1.587 2.426 3.975 2.014 0.435 -0.163 -0.191 -0.328 -0.617 -1.223 -1.345 -1.518 -1.635 -1.857 -1.912 -2.211 -2.227 -2.429
0.00031003 -1.70000 9.90000 0.9104591608 2.4520315674    0.857  2.583  3.6820  1.468    7  0.000  0.492     7.35     5.76     4.09     3.15     2.55  3    -1e-30      0.00 7.434e-01 2.562e-01 5.528e-05 2.100e-05 1.498e-04 -1.000 3.435e-04 -1.687 2.345 4.004 2.070 0.438 -0.175 -0.237 -0.390 -0.691 -1.314 -1.438 -1.613 -1.732 -1.957 -2.013 -2.315 -2.331 -2.536
0.00031003 -1.70000 9.90000 0.9104709029 2.4520346172    0.857  2.623  3.6793  1.417    7  0.000  0.482     8.17     6.31     4.46     3.44     2.79  3    -1e-30      0.00 7.434e-01 2.563e-01 5.422e-05 2.229e-05 1.498e-04 -1.000 3.435e-04 -1.787 2.264 4.042 2.137 0.448 -0.179 -0.277 -0.447 -0.760 -1.402 -1.529 -1.708 -1.828 -2.056 -2.113 -2.418 -2.435 -2.642
0.00031003 -1.70000 9.90000 0.9104818702 2.4520374656    0.857  2.662  3.6767  1.367    7  0.000  0.473     9.08     6.91     4.86     3.76     3.05  3    -1e-30      0.00 7.433e-01 2.564e-01 5.323e-05 2.351e-05 1.498e-04 -1.000 3.434e-04 -1.886 2.184 4.089 2.217 0.467 -0.175 -0.311 -0.499 -0.826 -1.488 -1.618 -1.800 -1.923 -2.154 -2.211 -2.520 -2.537 -2.748
0.00031003 -1.70000 9.90000 0.9104921818 2.4520401437    0.857  2.702  3.6741  1.317    7  0.000  0.465    10.09     7.57     5.30     4.11     3.33  3    -1e-30      0.00 7.432e-01 2.565e-01 5.236e-05 2.458e-05 1.498e-04 -1.000 3.435e-04 -1.985 2.104 4.140 2.303 0.490 -0.164 -0.340 -0.547 -0.889 -1.573 -1.706 -1.892 -2.017 -2.252 -2.310 -2.622 -2.640 -2.853
0.00031003 -1.70000 9.90000 0.9105021358 2.4520427289    0.857  2.742  3.6714  1.267    7  0.000  0.458    11.23     8.29     5.79     4.49     3.64  3    -1e-30      0.00 7.431e-01 2.566e-01 5.159e-05 2.553e-05 1.498e-04 -1.000 3.435e-04 -2.084 2.024 4.201 2.401 0.522 -0.146 -0.363 -0.590 -0.948 -1.657 -1.793 -1.983 -2.111 -2.349 -2.408 -2.724 -2.742 -2.959
0.00031003 -1.70000 9.90000 0.9105117321 2.4520452211    0.857  2.781  3.6686  1.216    7  0.000  0.452    12.49     9.08     6.31     4.90     3.97  3    -1e-30      0.00 7.430e-01 2.567e-01 5.092e-05 2.636e-05 1.498e-04 -1.000 3.417e-04 -2.183 1.945 4.266 2.508 0.560 -0.121 -0.380 -0.629 -1.005 -1.739 -1.878 -2.073 -2.204 -2.447 -2.506 -2.826 -2.845 -3.064
0.00031003 -1.70000 9.90000 0.9105207324 2.4520475584    0.857  2.821  3.6659  1.165    7  0.000  0.447    13.91     9.96     6.90     5.36     4.35  2    -1e-30      0.00 7.429e-01 2.568e-01 5.034e-05 2.708e-05 1.498e-04 -1.000 3.191e-04 -2.283 1.866 4.338 2.626 0.606 -0.087 -0.391 -0.664 -1.058 -1.820 -1.963 -2.163 -2.296 -2.543 -2.604 -2.929 -2.947 -3.170
0.00031003 -1.70000 9.90000 0.9105290771 2.4520497255    0.857  2.861  3.6631  1.114    7  0.000  0.442    15.47    10.91     7.53     5.86     4.75  2    -1e-30      0.00 7.427e-01 2.569e-01 4.982e-05 2.772e-05 1.497e-04 -1.000 3.230e-04 -2.382 1.787 4.416 2.751 0.659 -0.045 -0.396 -0.693 -1.108 -1.899 -2.046 -2.251 -2.387 -2.639 -2.700 -3.030 -3.049 -3.275
0.00031003 -1.70000 9.90000 0.9105371833 2.4520518305    0.857  2.902  3.6602  1.061    7  0.000  0.438    17.30    12.01     8.25     6.43     5.22  2    -1e-30      0.00 7.426e-01 2.571e-01 4.937e-05 2.830e-05 1.496e-04 -1.000 3.428e-04 -2.485 1.706 4.504 2.895 0.725 0.009 -0.391 -0.717 -1.155 -1.979 -2.131 -2.342 -2.482 -2.738 -2.801 -3.135 -3.155 -3.385
0.00031003 -1.70000 9.90000 0.9105440974 2.4520536260    0.857  2.944  3.6571  1.007    7  0.000  0.435    19.39    13.24     9.05     7.07     5.73  2    -1e-30      0.00 7.425e-01 2.572e-01 4.897e-05 2.882e-05 1.495e-04 -1.000 3.434e-04 -2.590 1.622 4.587 3.029 0.784 0.058 -0.388 -0.739 -1.200 -2.057 -2.214 -2.431 -2.574 -2.836 -2.900 -3.240 -3.260 -3.494
0.00031003 -1.70000 9.90000 0.9105494022 2.4520550036    0.857  2.984  3.6542  0.956    7  0.000  0.432    21.62    14.54     9.90     7.74     6.28  2    -1e-30      0.00 7.424e-01 2.573e-01 4.864e-05 2.929e-05 1.494e-04 -1.000 3.435e-04 -2.690 1.540 4.671 3.113 0.805 0.071 -0.400 -0.770 -1.248 -2.130 -2.290 -2.513 -2.659 -2.926 -2.991 -3.337 -3.357 -3.596
0.00031003 -1.70000 9.90000 0.9105538726 2.4520561644    0.857  3.021  3.6514  0.907    7  0.000  0.431    23.93    15.86    10.76     8.42     6.83  2    -1e-30      0.00 7.422e-01 2.574e-01 4.838e-05 2.971e-05 1.492e-04 -1.000 3.435e-04 -2.783 1.464 4.749 3.195 0.827 0.086 -0.408 -0.795 -1.290 -2.197 -2.361 -2.589 -2.737 -3.010 -3.076 -3.428 -3.448 -3.691
0.00031003 -1.70000 9.90000 0.9105584621 2.4520573562    0.857  3.061  3.6485  0.856    7  0.000  0.430    26.68    17.41    11.76     9.22     7.48  2    -1e-30      0.00 7.421e-01 2.575e-01 4.818e-05 3.010e-05 1.490e-04 -1.000 3.435e-04 -2.882 1.383 4.825 3.282 0.851 0.102 -0.417 -0.821 -1.334 -2.267 -2.435 -2.669 -2.819 -3.098 -3.166 -3.523 -3.545 -3.792
0.00031003 -1.70000 9.90000 0.9105619788 2.4520582693    0.857  3.099  3.6455  0.806    7  0.000  0.429    29.65    19.06    12.82    10.06     8.17  1    -1e-30      0.00 7.421e-01 2.576e-01 4.801e-05 3.046e-05 1.487e-04 -1.000 3.435e-04 -2.978 1.306 4.894 3.368 0.877 0.121 -0.422 -0.845 -1.374 -2.333 -2.504 -2.744 -2.897 -3.181 -3.251 -3.615 -3.636 -3.889
0.00031003 -1.70000 9.90000 0.9105658531 2.4520592754    0.857  3.160  3.6408  0.726    7  0.000  0.428    35.08    22.02    14.71    11.57     9.40  1    -1e-30      0.00 7.419e-01 2.578e-01 4.782e-05 3.098e-05 1.484e-04 -1.000 3.397e-04 -3.130 1.183 5.003 3.505 0.918 0.151 -0.431 -0.882 -1.439 -2.439 -2.615 -2.865 -3.022 -3.315 -3.387 -3.760 -3.783 -4.043
0.00031003 -1.70000 9.90000 0.9105668068 2.4520595230    0.857  3.121  3.6445  0.780    7  0.000  0.428    31.30    19.97    13.40    10.53     8.55  1    -1e-30      0.00 7.418e-01 2.579e-01 4.767e-05 3.137e-05 1.482e-04 -1.000 3.240e-04 -3.031 1.260 4.908 3.390 0.874 0.116 -0.439 -0.869 -1.405 -2.375 -2.548 -2.790 -2.944 -3.230 -3.300 -3.667 -3.689 -3.943
0.00031003 -1.70000 9.90000 0.9105669260 2.4520595540    0.857  3.136  3.6431  0.759    7  0.000  0.428    32.72    20.74    13.90    10.92     8.87  1    -1e-30      0.00 7.418e-01 2.579e-01 4.767e-05 3.138e-05 1.482e-04 -1.000 3.226e-04 -3.071 1.229 4.941 3.430 0.888 0.127 -0.439 -0.877 -1.420 -2.401 -2.576 -2.821 -2.976 -3.265 -3.335 -3.704 -3.726 -3.983
0.00031003 -1.70000 9.90000 0.9105671048 2.4520596004    0.857  3.156  3.6415  0.733    7  0.000  0.427    34.55    21.73    14.53    11.43     9.28  1    -1e-30      0.00 7.418e-01 2.579e-01 4.766e-05 3.139e-05 1.481e-04 -1.000 3.193e-04 -3.119 1.190 4.982 3.481 0.906 0.140 -0.438 -0.885 -1.438 -2.433 -2.609 -2.858 -3.014 -3.306 -3.377 -3.750 -3.772 -4.031
0.00031003 -1.70000 9.90000 0.9105673432 2.4520596623    0.857  3.175  3.6399  0.707    7  0.000  0.427    36.49    22.77    15.19    11.96     9.71  1    -1e-30      0.00 7.418e-01 2.579e-01 4.766e-05 3.141e-05 1.481e-04 -1.000 3.159e-04 -3.167 1.152 5.020 3.531 0.923 0.154 -0.436 -0.894 -1.456 -2.465 -2.643 -2.895 -3.053 -3.348 -3.420 -3.796 -3.818 -4.080
0.00031003 -1.70000 9.90000 0.9105675220 2.4520597087    0.857  3.194  3.6382  0.682    7  0.000  0.427    38.51    23.85    15.88    12.51    10.16  1    -1e-30      0.00 7.418e-01 2.579e-01 4.765e-05 3.142e-05 1.481e-04 -1.000 3.127e-04 -3.215 1.115 5.045 3.581 0.941 0.169 -0.431 -0.898 -1.470 -2.494 -2.674 -2.929 -3.089 -3.387 -3.460 -3.840 -3.862 -4.127
0.00031003 -1.70000 9.90000 0.9105677605 2.4520597706    0.857  3.213  3.6366  0.656    7  0.000  0.427    40.67    25.00    16.61    13.09    10.63  1    -1e-30      0.00 7.418e-01 2.579e-01 4.758e-05 3.161e-05 1.480e-04 -1.000 3.092e-04 -3.263 1.077 5.070 3.631 0.959 0.184 -0.424 -0.901 -1.484 -2.523 -2.705 -2.964 -3.125 -3.426 -3.501 -3.884 -3.907 -4.174
0.00031003 -1.70000 9.90000 0.9105681181 2.4520598635    0.857  3.237  3.6345  0.623    7  0.000  0.427    43.55    26.51    17.57    13.86    11.26  1    -1e-30      0.00 7.417e-01 2.580e-01 4.742e-05 3.207e-05 1.477e-04 -1.000 3.035e-04 -3.324 1.030 5.100 3.693 0.981 0.203 -0.417 -0.905 -1.501 -2.559 -2.744 -3.008 -3.170 -3.476 -3.552 -3.940 -3.963 -4.234
0.00031003 -1.70000 9.90000 0.9105686545 2.4520600028    0.857  3.271  3.6316  0.578    7  0.537  0.427    47.93    28.78    19.00    15.01    12.19  1    -1e-30      0.00 7.416e-01 2.581e-01 4.725e-05 3.266e-05 1.472e-04 -1.000 3.109e-04 -3.409 0.963 5.140 3.778 1.011 0.228 -0.407 -0.912 -1.526 -2.611 -2.799 -3.070 -3.234 -3.546 -3.623 -4.018 -4.042 -4.318
0.00031003 -1.70000 9.90000 0.9105696082 2.4520602504    0.857  3.322  3.6276  0.511    7  0.537  0.426    55.20    32.48    21.33    16.88    13.72  1    -1e-30      0.00 7.413e-01 2.584e-01 4.703e-05 3.345e-05 1.466e-04 -1.000 3.430e-04 -3.536 0.862 5.179 3.890 1.046 0.256 -0.399 -0.928 -1.566 -2.689 -2.882 -3.162 -3.330 -3.651 -3.730 -4.135 -4.159 -4.443
0.00031003 -1.70000 9.90000 0.9105696678 2.4520602659    0.857  3.328  3.6272  0.504    7  0.547  0.426    56.00    32.89    21.58    17.08    13.89  1    -1e-30      0.00 7.412e-01 2.584e-01 4.701e-05 3.352e-05 1.466e-04 -1.000 3.470e-04 -3.549 0.852 5.182 3.900 1.049 0.259 -0.398 -0.929 -1.570 -2.697 -2.891 -3.172 -3.340 -3.662 -3.741 -4.147 -4.171 -4.455
0.00031003 -1.70000 9.90000 0.9105698466 2.4520603123    0.857  3.354  3.6234  0.463    8  0.539  0.418    61.10    35.44    23.18    18.36    14.93  1 -5.62e-07      0.00 7.375e-01 2.622e-01 4.499e-05 3.910e-05 1.478e-04 -1.000 3.085e-04 -3.614 0.811 5.240 4.031 1.112 0.317 -0.344 -0.892 -1.553 -2.713 -2.912 -3.202 -3.373 -3.703 -3.785 -4.200 -4.225 -4.517
0.00031003 -1.70000 9.90000 0.9105699062 2.4520603278    0.856  3.183  3.6373  0.688    8  0.539  0.406    37.96    23.56    15.69    12.36    10.04  1 -2.64e-07      0.00 7.375e-01 2.622e-01 4.499e-05 3.910e-05 1.478e-04 -1.000 3.085e-04 -3.187 1.147 5.097 3.639 0.988 0.214 -0.386 -0.856 -1.430 -2.458 -2.639 -2.895 -3.055 -3.354 -3.428 -3.809 -3.832 -4.097
0.00031003 -1.70000 9.90000 0.9105699658 2.4520603433    0.855  3.045  3.6485  0.871    8  0.539  0.406    25.83    16.93    11.45     8.97     7.28  2 -1.45e-07      0.00 7.375e-01 2.622e-01 4.499e-05 3.910e-05 1.478e-04 -1.000 3.085e-04 -2.842 1.423 4.852 3.305 0.879 0.130 -0.385 -0.788 -1.298 -2.228 -2.395 -2.629 -2.779 -3.057 -3.125 -3.482 -3.503 -3.751
0.00031003 -1.70000 9.90000 0.9105700850 2.4520603742    0.853  2.830  3.6658  1.154    8  0.539  0.406    14.22    10.15     7.02     5.46     4.43  2    -6e-08      0.00 7.375e-01 2.622e-01 4.499e-05 3.910e-05 1.478e-04 -1.000 3.085e-04 -2.306 1.844 4.329 2.617 0.593 -0.100 -0.409 -0.683 -1.078 -1.842 -1.985 -2.185 -2.318 -2.566 -2.626 -2.951 -2.970 -3.193
0.00031003 -1.70000 9.90000 0.9105702043 2.4520604052    0.850  2.832  3.6656  1.150    8  0.539  0.406    14.33    10.22     7.06     5.50     4.46  2 -6.08e-08      0.00 7.375e-01 2.622e-01 4.499e-05 3.910e-05 1.478e-04 -1.000 3.085e-04 -2.310 1.842 4.339 2.632 0.601 -0.093 -0.405 -0.681 -1.079 -1.844 -1.988 -2.188 -2.322 -2.570 -2.630 -2.956 -2.974 -3.197
0.00031003 -1.70000 9.90000 0.9105704427 2.4520604671    0.846  2.914  3.6588  1.039    8  0.539  0.406    18.07    12.47     8.54     6.67     5.41  2 -8.55e-08      0.00 7.375e-01 2.622e-01 4.499e-05 3.910e-05 1.478e-04 -1.000 3.085e-04 -2.514 1.687 4.556 2.980 0.775 0.054 -0.368 -0.706 -1.156 -1.996 -2.150 -2.364 -2.505 -2.765 -2.828 -3.165 -3.184 -3.416
0.00031003 -1.70000 9.90000 0.9105706811 2.4520605290    0.842  3.072  3.6458  0.826    8  0.539  0.406    28.27    18.29    12.32     9.67     7.85  2 -1.69e-07      0.00 7.375e-01 2.622e-01 4.499e-05 3.910e-05 1.478e-04 -1.000 3.085e-04 -2.910 1.371 4.933 3.401 0.920 0.165 -0.373 -0.792 -1.317 -2.270 -2.440 -2.679 -2.832 -3.115 -3.184 -3.547 -3.568 -3.820
0.00031003 -1.70000 9.90000 0.9105709791 2.4520606064    0.837  3.212  3.6342  0.637    8  0.539  0.406    42.08    25.70    17.05    13.45    10.93  1 -3.16e-07      0.00 7.375e-01 2.622e-01 4.499e-05 3.910e-05 1.478e-04 -1.000 3.085e-04 -3.261 1.093 5.161 3.751 1.040 0.261 -0.357 -0.845 -1.439 -2.496 -2.680 -2.944 -3.106 -3.412 -3.487 -3.875 -3.899 -4.170
0.00031003 -1.70000 9.90000 0.9105713367 2.4520606993    0.831  3.303  3.6266  0.513    8  0.539  0.406    54.67    32.14    21.10    16.71    13.58  1 -4.82e-07      0.00 7.375e-01 2.622e-01 4.499e-05 3.910e-05 1.478e-04 -1.000 3.085e-04 -3.489 0.915 5.251 3.974 1.117 0.326 -0.330 -0.862 -1.503 -2.632 -2.826 -3.107 -3.276 -3.598 -3.678 -4.084 -4.109 -4.394
0.00031003 -1.70000 9.90000 0.9105716944 2.4520607921    0.825  3.350  3.6226  0.446    8  0.539  0.406    62.78    36.16    23.61    18.74    15.23  1 -6.06e-07      0.00 7.375e-01 2.622e-01 4.499e-05 3.910e-05 1.478e-04 -1.000 3.085e-04 -3.605 0.826 5.280 4.092 1.155 0.359 -0.301 -0.854 -1.522 -2.692 -2.891 -3.184 -3.356 -3.689 -3.771 -4.189 -4.214 -4.508
0.00031003 -1.70000 9.90000 0.9105721116 2.4520609005    0.817  3.370  3.6207  0.416    8  0.540  0.406    66.84    38.12    24.82    19.72    16.03  1 -6.76e-07      0.00 7.375e-01 2.622e-01 4.499e-05 3.910e-05 1.478e-04 -1.000 3.085e-04 -3.654 0.791 5.295 4.151 1.176 0.378 -0.281 -0.843 -1.523 -2.713 -2.915 -3.214 -3.387 -3.725 -3.809 -4.231 -4.257 -4.555
0.00031003 -1.70000 9.90000 0.9105725884 2.4520610243    0.810  3.378  3.6198  0.400    8  0.540  0.406    69.00    39.14    25.45    20.23    16.45  1 -7.18e-07      0.00 7.375e-01 2.622e-01 4.499e-05 3.910e-05 1.478e-04 -1.000 3.085e-04 -3.674 0.777 5.305 4.185 1.191 0.392 -0.265 -0.833 -1.518 -2.719 -2.922 -3.224 -3.398 -3.738 -3.823 -4.248 -4.275 -4.574
0.00031003 -1.70000 9.90000 0.9105726480 2.4520610398    0.809  3.256  3.6296  0.560    8  0.540  0.406    49.14    29.28    19.29    15.27    12.41  1 -4.17e-07      0.00 7.375e-01 2.622e-01 4.499e-05 3.910e-05 1.478e-04 -1.000 3.085e-04 -3.370 1.013 5.253 3.918 1.117 0.330 -0.312 -0.827 -1.450 -2.551 -2.741 -3.016 -3.182 -3.498 -3.576 -3.974 -3.999 -4.278
0.00031003 -1.70000 9.90000 0.9105727077 2.4520610552    0.807  3.074  3.6444  0.801    8  0.540  0.406    29.51    18.94    12.72    10.01     8.12  1 -1.87e-07      0.00 7.375e-01 2.622e-01 4.499e-05 3.910e-05 1.478e-04 -1.000 3.085e-04 -2.914 1.376 5.008 3.484 0.974 0.216 -0.333 -0.761 -1.294 -2.260 -2.432 -2.674 -2.827 -3.113 -3.183 -3.549 -3.570 -3.824
0.00031003 -1.70000 9.90000 0.9105728865 2.4520611017    0.804  2.860  3.6617  1.082    8  0.540  0.406    16.25    11.38     7.82     6.11     4.95  2 -7.59e-08      0.00 7.375e-01 2.622e-01 4.499e-05 3.910e-05 1.478e-04 -1.000 3.085e-04 -2.379 1.801 4.516 2.878 0.746 0.036 -0.340 -0.651 -1.077 -1.885 -2.035 -2.243 -2.380 -2.635 -2.696 -3.028 -3.047 -3.276
0.00031003 -1.70000 9.90000 0.9105731249 2.4520611636    0.801  2.862  3.6614  1.076    8  0.540  0.406    16.43    11.48     7.89     6.16     5.00  2 -7.75e-08      0.00 7.375e-01 2.622e-01 4.499e-05 3.910e-05 1.478e-04 -1.000 3.085e-04 -2.386 1.797 4.532 2.900 0.760 0.048 -0.334 -0.648 -1.077 -1.889 -2.039 -2.247 -2.386 -2.640 -2.702 -3.035 -3.054 -3.283
0.00031003 -1.70000 9.90000 0.9105734229 2.4520612410    0.796  2.945  3.6545  0.964    8  0.540  0.406    20.83    14.06     9.57     7.50     6.08  2 -1.11e-07      0.00 7.375e-01 2.622e-01 4.499e-05 3.910e-05 1.478e-04 -1.000 3.085e-04 -2.592 1.637 4.749 3.191 0.889 0.156 -0.312 -0.680 -1.156 -2.035 -2.195 -2.417 -2.562 -2.829 -2.894 -3.239 -3.259 -3.498
0.00031003 -1.70000 9.90000 0.9105737805 2.4520613338    0.790  3.103  3.6414  0.750    8  0.540  0.406    32.68    20.64    13.81    10.88     8.83  1 -2.24e-07      0.00 7.375e-01 2.622e-01 4.499e-05 3.910e-05 1.478e-04 -1.000 3.085e-04 -2.987 1.322 5.101 3.596 1.025 0.260 -0.315 -0.760 -1.311 -2.303 -2.479 -2.726 -2.882 -3.174 -3.245 -3.617 -3.639 -3.898
0.00031003 -1.70000 9.90000 0.9105741978 2.4520614422    0.783  3.243  3.6298  0.560    8  0.541  0.406    48.84    29.06    19.14    15.17    12.32  1 -4.25e-07      0.00 7.375e-01 2.622e-01 4.499e-05 3.910e-05 1.478e-04 -1.000 3.086e-04 -3.337 1.046 5.283 3.946 1.147 0.360 -0.282 -0.796 -1.419 -2.519 -2.709 -2.984 -3.150 -3.465 -3.543 -3.942 -3.966 -4.245
0.00031003 -1.70000 9.90000 0.9105747342 2.4520615814    0.775  3.334  3.6220  0.433    8  0.541  0.406    63.80    36.46    23.76    18.90    15.36  1 -6.59e-07      0.00 7.375e-01 2.622e-01 4.499e-05 3.910e-05 1.478e-04 -1.000 3.085e-04 -3.566 0.869 5.340 4.168 1.218 0.421 -0.238 -0.795 -1.466 -2.644 -2.844 -3.139 -3.311 -3.646 -3.729 -4.148 -4.174 -4.468
0.00031003 -1.70000 9.90000 0.9105752707 2.4520617207    0.766  3.382  3.6178  0.363    8  0.541  0.406    73.80    41.22    26.71    21.30    17.31  1 -8.42e-07      0.00 7.375e-01 2.622e-01 4.499e-05 3.910e-05 1.478e-04 -1.000 3.085e-04 -3.686 0.780 5.354 4.287 1.254 0.453 -0.200 -0.777 -1.476 -2.699 -2.905 -3.213 -3.389 -3.736 -3.822 -4.253 -4.280 -4.584
0.00031003 -1.70000 9.90000 0.9105758667 2.4520618755    0.756  3.403  3.6158  0.329    8  0.541  0.406    79.27    43.75    28.27    22.57    18.34  1 -9.57e-07      0.00 7.375e-01 2.622e-01 4.499e-05 3.910e-05 1.478e-04 -1.000 3.085e-04 -3.738 0.743 5.361 4.349 1.276 0.474 -0.174 -0.761 -1.474 -2.719 -2.928 -3.242 -3.420 -3.773 -3.860 -4.298 -4.325 -4.634
0.00031003 -1.70000 9.90000 0.9105765820 2.4520620612    0.746  3.413  3.6146  0.308    8  0.542  0.406    82.66    45.27    29.19    23.33    18.96  1 -1.04e-06      0.00 7.375e-01 2.622e-01 4.499e-05 3.910e-05 1.478e-04 -1.000 3.085e-04 -3.763 0.727 5.370 4.391 1.294 0.492 -0.152 -0.746 -1.466 -2.725 -2.935 -3.254 -3.432 -3.788 -3.877 -4.318 -4.346 -4.657
0.00031003 -1.70000 9.90000 0.9105837345 2.4520639184    0.545 -9.999  4.0000  1.758    9  0.546  0.000     0.00     0.00     0.00     0.00     0.00 -1    -1e-30      0.00 7.375e-01 2.622e-01 4.499e-05 3.910e-05 1.478e-04 -1.000 3.085e-04 29.767 29.896 29.850 29.815 29.840 29.902 29.963 30.072 30.057 30.100 30.102 30.097 30.095 30.093 30.095 30.085 30.084 30.057
