 Zini     MH   logAge Mini        int_IMF         Mass   logL    logTe  logg  label   McoreTP C_O  period0  period1  period2  period3  period4  pmode  Mloss  tau1m   X   Y   Xc  Xn  Xo  Cexcess  Z 	 mbolmag  F170Wmag  F218Wmag  F255Wmag  F300Wmag  F336Wmag  F380Wmag  F439Wmag  F450Wmag  F555Wmag  F569Wmag  F606Wmag  F622Wmag  F675Wmag  F702Wmag  F791Wmag  F814Wmag  F850LPmag
0.00077741 -1.30000 10.05000 0.0900000036 1.0816895926    0.090 -3.202  3.4633  5.399    1  0.000  0.545     0.00     0.00     0.00     0.00     0.00 -1 -5.27e-17      0.00 7.473e-01 2.519e-01 1.471e-04 3.970e-05 3.601e-04 -1.000 8.183e-04 12.774 17.622 22.577 23.201 19.139 18.661 19.570 18.329 17.324 15.754 15.538 14.937 14.761 13.979 13.473 12.347 12.275 11.657
0.00077741 -1.30000 10.05000 0.0954694450 1.1321064644    0.095 -3.052  3.4846  5.360    1  0.000  0.545     0.00     0.00     0.00     0.00     0.00 -1 -7.54e-17      0.00 7.465e-01 2.527e-01 1.471e-04 3.970e-05 3.601e-04 -1.000 8.183e-04 12.400 17.178 22.135 22.540 18.525 17.893 18.352 17.255 16.397 14.843 14.627 14.124 13.936 13.298 12.898 11.913 11.853 11.311
0.00077741 -1.30000 10.05000 0.1000000015 1.1711064122    0.100 -2.935  3.5013  5.330    1  0.000  0.545     0.00     0.00     0.00     0.00     0.00 -1    -1e-16      0.00 7.458e-01 2.533e-01 1.471e-04 3.970e-05 3.601e-04 -1.000 8.183e-04 12.107 16.824 21.769 21.913 17.989 17.263 17.428 16.458 15.699 14.182 13.967 13.526 13.329 12.790 12.460 11.583 11.530 11.041
0.00077741 -1.30000 10.05000 0.1083590016 1.2373655366    0.108 -2.809  3.5155  5.296    1  0.000  0.545     0.00     0.00     0.00     0.00     0.00 -1 -1.33e-16      0.00 7.449e-01 2.543e-01 1.471e-04 3.970e-05 3.601e-04 -1.000 8.183e-04 11.794 16.458 21.376 21.231 17.433 16.650 16.621 15.757 15.072 13.608 13.395 12.990 12.790 12.313 12.036 11.244 11.197 10.747
0.00077741 -1.30000 10.05000 0.1199999899 1.3193153758    0.120 -2.650  3.5335  5.253    1  0.000  0.545     0.00     0.00     0.00     0.00     0.00 -1 -1.92e-16      0.00 7.436e-01 2.556e-01 1.471e-04 3.970e-05 3.601e-04 -1.000 8.183e-04 11.396 15.992 20.843 20.291 16.691 15.862 15.661 14.917 14.315 12.939 12.732 12.356 12.155 11.731 11.512 10.819 10.777 10.369
0.00077741 -1.30000 10.05000 0.1400000006 1.4384526719    0.140 -2.469  3.5495  5.203    1  0.000  0.545     0.00     0.00     0.00     0.00     0.00 -1 -2.86e-16      0.00 7.419e-01 2.573e-01 1.471e-04 3.970e-05 3.601e-04 -1.000 8.184e-04 10.942 15.477 20.233 19.303 15.909 15.060 14.763 14.112 13.575 12.287 12.087 11.728 11.529 11.136 10.960 10.346 10.307 9.931
0.00077741 -1.30000 10.05000 0.1599999964 1.5372931554    0.160 -2.329  3.5598  5.162    1  0.000  0.545     0.00     0.00     0.00     0.00     0.00 -1 -3.87e-16      0.00 7.407e-01 2.585e-01 1.471e-04 3.970e-05 3.601e-04 -1.000 8.184e-04 10.592 15.088 19.754 18.582 15.339 14.485 14.149 13.553 13.053 11.824 11.629 11.278 11.082 10.704 10.552 9.985 9.949 9.590
0.00077741 -1.30000 10.05000 0.2000000179 1.6938791367    0.200 -2.108  3.5736  5.093    1  0.000  0.545     0.00     0.00     0.00     0.00     0.00 -1 -6.23e-16      0.00 7.394e-01 2.598e-01 1.471e-04 3.970e-05 3.601e-04 -1.000 8.184e-04 10.040 14.486 18.994 17.522 14.492 13.641 13.278 12.747 12.288 11.139 10.951 10.613 10.421 10.060 9.935 9.423 9.390 9.053
0.00077741 -1.30000 10.05000 0.2500000000 1.8403257998    0.250 -1.903  3.5848  5.030    1  0.000  0.545     0.00     0.00     0.00     0.00     0.00 -1 -2.18e-16      0.00 7.391e-01 2.601e-01 1.471e-04 3.970e-05 3.601e-04 -1.000 8.184e-04 9.528 13.936 18.287 16.620 13.742 12.897 12.534 12.048 11.618 10.532 10.350 10.025 9.839 9.490 9.381 8.904 8.873 8.552
0.00077741 -1.30000 10.05000 0.3000000417 1.9529140366    0.300 -1.747  3.5933  4.987    1  0.000  0.545     0.00     0.00     0.00     0.00     0.00 -1 -1.67e-16      0.00 7.393e-01 2.599e-01 1.471e-04 3.970e-05 3.601e-04 -1.000 8.183e-04 9.136 13.516 17.725 15.928 13.168 12.330 11.980 11.524 11.112 10.073 9.896 9.583 9.400 9.061 8.961 8.507 8.478 8.168
0.00077741 -1.30000 10.05000 0.3499999940 2.0434174644    0.350 -1.619  3.6005  4.955    1  0.000  0.545     0.00     0.00     0.00     0.00     0.00 -1  -1.7e-15      0.00 7.450e-01 2.542e-01 1.471e-04 3.970e-05 3.601e-04 -1.000 8.183e-04 8.818 13.174 17.266 15.379 12.700 11.868 11.534 11.100 10.702 9.700 9.528 9.225 9.046 8.716 8.622 8.185 8.156 7.856
0.00077741 -1.30000 10.05000 0.4000000060 2.1185024399    0.400 -1.472  3.6116  4.910    1  0.000  0.545     0.00     0.00     0.00     0.00     0.00 -1 -2.35e-15      0.00 7.494e-01 2.498e-01 1.471e-04 3.970e-05 3.601e-04 -1.000 8.183e-04 8.450 12.768 16.727 14.708 12.105 11.279 10.982 10.575 10.199 9.253 9.088 8.801 8.627 8.312 8.225 7.810 7.783 7.497
0.00077741 -1.30000 10.05000 0.4499999881 2.1822809009    0.450 -1.296  3.6295  4.857    1  0.000  0.545     0.00     0.00     0.00     0.00     0.00 -1 -3.53e-15      0.00 7.494e-01 2.497e-01 1.471e-04 3.970e-05 3.601e-04 -1.000 8.183e-04 8.011 12.269 15.813 13.683 11.298 10.492 10.270 9.900 9.554 8.693 8.541 8.279 8.115 7.824 7.747 7.364 7.341 7.077
0.00077741 -1.30000 10.05000 0.4644888937 2.1990595380    0.464 -1.236  3.6378  4.844    1  0.000  0.545     0.00     0.00     0.00     0.00     0.00 -1 -4.05e-15      0.00 7.494e-01 2.497e-01 1.471e-04 3.970e-05 3.601e-04 -1.000 8.183e-04 7.860 12.088 15.408 13.258 10.974 10.180 9.999 9.646 9.312 8.489 8.342 8.092 7.933 7.653 7.580 7.212 7.190 6.936
0.00077741 -1.30000 10.05000 0.5000000000 2.2374541529    0.500 -1.096  3.6571  4.813    1  0.000  0.545     0.00     0.00     0.00     0.00     0.00 -1 -5.59e-15      0.00 7.494e-01 2.497e-01 1.471e-04 3.970e-05 3.601e-04 -1.000 8.184e-04 7.510 11.664 14.649 12.374 10.216 9.445 9.376 9.063 8.758 8.019 7.885 7.662 7.513 7.259 7.195 6.858 6.838 6.609
0.00077741 -1.30000 10.05000 0.5500000715 2.2836583126    0.550 -0.879  3.6858  4.752    1  0.000  0.544     0.00     0.00     0.00     0.00     0.00 -1 -9.42e-15      0.00 7.817e-01 2.176e-01 1.295e-04 3.496e-05 3.172e-04 -1.000 7.007e-04 6.967 10.982 12.838 10.755 9.025 8.345 8.441 8.219 7.948 7.322 7.204 7.018 6.889 6.667 6.612 6.317 6.301 6.105
0.00077741 -1.30000 10.05000 0.6000000238 2.3211213258    0.600 -0.674  3.7138  4.697    1  0.000  0.544     0.00     0.00     0.00     0.00     0.00 -1 -1.54e-14      0.00 7.909e-01 2.084e-01 1.248e-04 3.371e-05 3.060e-04 -1.000 6.852e-04 6.454 10.291 10.994 9.327 7.959 7.381 7.614 7.487 7.245 6.707 6.599 6.441 6.329 6.129 6.082 5.818 5.805 5.638
0.00077741 -1.30000 10.05000 0.6110422611 2.3284501626    0.611 -0.627  3.7207  4.686    1  0.000  0.544     0.00     0.00     0.00     0.00     0.00 -1 -1.72e-14      0.00 7.932e-01 2.061e-01 1.236e-04 3.340e-05 3.032e-04 -1.000 6.968e-04 6.337 10.119 10.557 9.008 7.721 7.167 7.429 7.322 7.089 6.571 6.465 6.313 6.204 6.010 5.964 5.707 5.695 5.535
0.00077741 -1.30000 10.05000 0.6256321669 2.3376788575    0.625 -0.565  3.7298  4.670    1  0.000  0.543     0.00     0.00     0.00     0.00     0.00 -1    -2e-14      0.00 7.963e-01 2.030e-01 1.220e-04 3.297e-05 2.994e-04 -1.000 6.853e-04 6.183 9.883 10.015 8.603 7.415 6.892 7.190 7.109 6.887 6.394 6.292 6.147 6.042 5.855 5.811 5.563 5.552 5.400
0.00077741 -1.30000 10.05000 0.6381422281 2.3452067257    0.638 -0.512  3.7374  4.656    1  0.000  0.543     0.00     0.00     0.00     0.00     0.00 -1 -2.24e-14      0.00 7.991e-01 2.002e-01 1.206e-04 3.260e-05 2.960e-04 -1.000 7.143e-04 6.049 9.675 9.591 8.278 7.169 6.671 6.993 6.932 6.719 6.246 6.147 6.007 5.905 5.723 5.681 5.440 5.430 5.284
0.00077741 -1.30000 10.05000 0.6499999762 2.3520353107    0.650 -0.461  3.7445  4.642    1  0.000  0.543     0.00     0.00     0.00     0.00     0.00 -1 -2.57e-14      0.00 8.018e-01 1.975e-01 1.192e-04 3.223e-05 2.927e-04 -1.000 6.547e-04 5.922 9.464 9.185 7.969 6.940 6.468 6.810 6.765 6.561 6.107 6.010 5.875 5.777 5.600 5.559 5.325 5.315 5.176
0.00077741 -1.30000 10.05000 0.6628206968 2.3591032223    0.663 -0.406  3.7515  4.623    1  0.000  0.543     0.00     0.00     0.00     0.00     0.00 -1 -2.95e-14      0.00 8.055e-01 1.938e-01 1.174e-04 3.173e-05 2.882e-04 -1.000 6.546e-04 5.784 9.228 8.772 7.650 6.704 6.258 6.618 6.589 6.393 5.957 5.863 5.734 5.638 5.467 5.428 5.201 5.192 5.059
0.00077741 -1.30000 10.05000 0.6761698127 2.3661358491    0.676 -0.347  3.7586  4.602    1  0.000  0.543     0.00     0.00     0.00     0.00     0.00 -1 -3.43e-14      0.00 8.096e-01 1.897e-01 1.153e-04 3.119e-05 2.834e-04 -1.000 6.548e-04 5.638 8.970 8.362 7.329 6.461 6.043 6.420 6.405 6.217 5.802 5.711 5.586 5.495 5.329 5.291 5.071 5.063 4.936
0.00077741 -1.30000 10.05000 0.6885282993 2.3723678125    0.688 -0.293  3.7649  4.580    1  0.000  0.542     0.00     0.00     0.00     0.00     0.00 -1 -3.95e-14      0.00 8.137e-01 1.857e-01 1.133e-04 3.066e-05 2.786e-04 -1.000 6.525e-04 5.501 8.721 8.009 7.048 6.246 5.851 6.240 6.236 6.057 5.658 5.570 5.450 5.361 5.200 5.163 4.950 4.942 4.821
0.00077741 -1.30000 10.05000 0.6998814940 2.3778703486    0.700 -0.241  3.7706  4.558    1  0.000  0.542     0.00     0.00     0.00     0.00     0.00 -1 -4.51e-14      0.00 8.176e-01 1.818e-01 1.114e-04 3.014e-05 2.740e-04 -1.000 6.462e-04 5.372 8.486 7.697 6.797 6.051 5.677 6.075 6.080 5.908 5.525 5.438 5.322 5.235 5.079 5.043 4.835 4.828 4.711
0.00077741 -1.30000 10.05000 0.6999999881 2.3779266974    0.700 -0.240  3.7706  4.558    1  0.000  0.542     0.00     0.00     0.00     0.00     0.00 -1 -4.53e-14      0.00 8.176e-01 1.817e-01 1.113e-04 3.014e-05 2.740e-04 -1.000 6.459e-04 5.371 8.483 7.694 6.795 6.049 5.675 6.073 6.079 5.906 5.523 5.437 5.321 5.234 5.077 5.042 4.834 4.827 4.710
0.00077741 -1.30000 10.05000 0.7067157030 2.3810848196    0.706 -0.209  3.7738  4.543    1  0.000  0.541     0.00     0.00     0.00     0.00     0.00 -1 -4.93e-14      0.00 8.206e-01 1.788e-01 1.097e-04 2.974e-05 2.705e-04 -1.000 6.096e-04 5.293 8.340 7.518 6.651 5.935 5.573 5.976 5.986 5.817 5.443 5.358 5.244 5.158 5.004 4.969 4.764 4.757 4.644
0.00077741 -1.30000 10.05000 0.7186723351 2.3865398865    0.718 -0.152  3.7793  4.515    1  0.000  0.539     0.00     0.00     0.00     0.00     0.00 -1 -5.76e-14      0.00 8.262e-01 1.732e-01 1.066e-04 2.900e-05 2.639e-04 -1.000 5.697e-04 5.149 8.083 7.208 6.396 5.731 5.389 5.799 5.816 5.655 5.295 5.213 5.102 5.019 4.869 4.836 4.636 4.630 4.520
0.00077741 -1.30000 10.05000 0.7297198772 2.3913978933    0.729 -0.097  3.7841  4.486    1  0.000  0.536     0.00     0.00     0.00     0.00     0.00 -1 -6.71e-14      0.00 8.316e-01 1.679e-01 1.036e-04 2.828e-05 2.575e-04 -1.000 5.547e-04 5.012 7.846 6.946 6.175 5.550 5.224 5.636 5.657 5.501 5.154 5.074 4.967 4.886 4.739 4.707 4.512 4.506 4.401
0.00077741 -1.30000 10.05000 0.7401697636 2.3958399405    0.740 -0.042  3.7885  4.455    1  0.000  0.534     0.00     0.00     0.00     0.00     0.00 -1 -7.83e-14      0.00 8.368e-01 1.626e-01 1.007e-04 2.757e-05 2.513e-04 -1.000 5.547e-04 4.875 7.619 6.702 5.968 5.376 5.066 5.476 5.501 5.350 5.014 4.935 4.831 4.752 4.609 4.577 4.387 4.381 4.280
0.00077741 -1.30000 10.05000 0.7492951155 2.3996026383    0.749  0.008  3.7921  4.425    1  0.000  0.532     0.00     0.00     0.00     0.00     0.00 -1 -9.04e-14      0.00 8.415e-01 1.579e-01 9.812e-05 2.693e-05 2.456e-04 -1.000 5.552e-04 4.749 7.419 6.492 5.787 5.224 4.925 5.332 5.359 5.213 4.886 4.809 4.707 4.630 4.490 4.458 4.272 4.266 4.168
0.00077741 -1.30000 10.05000 0.7500000000 2.3998889087    0.750  0.012  3.7924  4.422    1  0.000  0.532     0.00     0.00     0.00     0.00     0.00 -1 -9.14e-14      0.00 8.419e-01 1.576e-01 9.792e-05 2.688e-05 2.452e-04 -1.000 5.546e-04 4.739 7.403 6.476 5.773 5.212 4.914 5.321 5.347 5.202 4.876 4.799 4.697 4.620 4.480 4.449 4.262 4.257 4.159
0.00077741 -1.30000 10.05000 0.7558249831 2.4022310886    0.755  0.045  3.7946  4.401    1  0.000  0.532     0.00     0.00     0.00     0.00     0.00 -1 -1.01e-13      0.00 8.444e-01 1.550e-01 9.670e-05 2.656e-05 2.423e-04 -1.000 5.547e-04 4.656 7.276 6.346 5.660 5.114 4.824 5.227 5.255 5.112 4.791 4.715 4.615 4.539 4.401 4.370 4.186 4.180 4.084
0.00077741 -1.30000 10.05000 0.7651863694 2.4059094555    0.765  0.102  3.7979  4.363    1  0.000  0.531     0.00     0.00     0.00     0.00     0.00 -1 -1.19e-13      0.00 8.482e-01 1.512e-01 9.498e-05 2.610e-05 2.383e-04 -1.000 5.547e-04 4.514 7.066 6.132 5.472 4.950 4.672 5.068 5.097 4.958 4.646 4.571 4.474 4.398 4.263 4.233 4.052 4.047 3.954
0.00077741 -1.30000 10.05000 0.7738113999 2.4092080523    0.773  0.158  3.8008  4.323    1  0.000  0.531     0.00     0.00     0.00     0.00     0.00 -1 -1.41e-13      0.00 8.513e-01 1.481e-01 9.366e-05 2.575e-05 2.352e-04 -1.000 5.547e-04 4.374 6.869 5.935 5.296 4.794 4.525 4.914 4.943 4.807 4.502 4.429 4.334 4.260 4.127 4.098 3.920 3.915 3.824
0.00077741 -1.30000 10.05000 0.7818341851 2.4122013090    0.781  0.214  3.8032  4.282    1  0.000  0.530     0.00     0.00     0.00     0.00     0.00 -1 -1.67e-13      0.00 8.539e-01 1.456e-01 9.264e-05 2.548e-05 2.329e-04 -1.000 5.491e-04 4.235 6.686 5.755 5.133 4.647 4.385 4.764 4.793 4.660 4.361 4.289 4.196 4.123 3.992 3.963 3.788 3.783 3.694
0.00077741 -1.30000 10.05000 0.7890051007 2.4148175740    0.788  0.267  3.8049  4.240    1  0.000  0.530     0.00     0.00     0.00     0.00     0.00 -1 -1.97e-13      0.00 8.555e-01 1.439e-01 9.204e-05 2.533e-05 2.315e-04 -1.000 5.614e-04 4.104 6.523 5.595 4.985 4.510 4.254 4.624 4.652 4.521 4.227 4.156 4.064 3.991 3.862 3.834 3.660 3.656 3.568
0.00077741 -1.30000 10.05000 0.7952892780 2.4170657653    0.794  0.316  3.8059  4.197    1  0.000  0.530     0.00     0.00     0.00     0.00     0.00 -1 -2.31e-13      0.00 8.556e-01 1.438e-01 9.217e-05 2.537e-05 2.320e-04 -1.000 5.803e-04 3.979 6.381 5.456 4.854 4.386 4.133 4.494 4.521 4.392 4.101 4.030 3.938 3.867 3.739 3.710 3.538 3.534 3.446
0.00077741 -1.30000 10.05000 0.7971944213 2.4177392917    0.796  0.332  3.8061  4.184    1  0.000  0.530     0.00     0.00     0.00     0.00     0.00 -1 -2.44e-13      0.00 8.556e-01 1.438e-01 9.225e-05 2.540e-05 2.322e-04 -1.000 5.856e-04 3.941 6.339 5.415 4.814 4.347 4.096 4.454 4.481 4.352 4.061 3.991 3.900 3.828 3.700 3.672 3.500 3.496 3.409
0.00077741 -1.30000 10.05000 0.7988399863 2.4183180766    0.798  0.347  3.8060  4.169    1  0.000  0.530     0.00     0.00     0.00     0.00     0.00 -1 -2.56e-13      0.00 8.555e-01 1.439e-01 9.232e-05 2.542e-05 2.324e-04 -1.000 5.887e-04 3.904 6.304 5.381 4.780 4.313 4.061 4.417 4.443 4.315 4.024 3.954 3.862 3.791 3.663 3.635 3.463 3.458 3.371
0.00077741 -1.30000 10.05000 0.8000000119 2.4187244405    0.799  0.357  3.8058  4.158    1  0.000  0.530     0.00     0.00     0.00     0.00     0.00 -1 -2.66e-13      0.00 8.555e-01 1.439e-01 9.238e-05 2.543e-05 2.326e-04 -1.000 5.910e-04 3.877 6.281 5.358 4.756 4.288 4.036 4.391 4.417 4.288 3.997 3.927 3.835 3.764 3.636 3.607 3.435 3.431 3.343
0.00077741 -1.30000 10.05000 0.8051115274 2.4204990057    0.804  0.406  3.8048  4.109    1  0.000  0.530     0.00     0.00     0.00     0.00     0.00 -1 -3.12e-13      0.00 8.542e-01 1.453e-01 9.325e-05 2.567e-05 2.347e-04 -1.000 5.910e-04 3.756 6.178 5.256 4.650 4.177 3.924 4.272 4.297 4.167 3.876 3.805 3.713 3.641 3.513 3.484 3.311 3.307 3.219
0.00077741 -1.30000 10.05000 0.8100211024 2.4221792361    0.809  0.458  3.8020  4.047    1  0.000  0.530     0.00     0.00     0.00     0.00     0.00 -1 -3.77e-13      0.00 8.529e-01 1.465e-01 9.407e-05 2.590e-05 2.368e-04 -1.000 5.911e-04 3.624 6.097 5.176 4.554 4.066 3.806 4.150 4.173 4.042 3.745 3.673 3.580 3.507 3.377 3.348 3.172 3.168 3.077
0.00077741 -1.30000 10.05000 0.8108546734 2.4224621909    0.809  0.468  3.8013  4.035    1  0.000  0.530     0.00     0.00     0.00     0.00     0.00 -1 -3.92e-13      0.00 8.527e-01 1.467e-01 9.421e-05 2.594e-05 2.372e-04 -1.000 5.910e-04 3.600 6.085 5.164 4.538 4.047 3.785 4.128 4.151 4.019 3.721 3.649 3.555 3.482 3.351 3.322 3.146 3.141 3.051
0.00077741 -1.30000 10.05000 0.8124062419 2.4229870914    0.811  0.488  3.7992  4.008    2  0.000  0.530     0.00     0.00     0.00     0.00     0.00 -1 -4.23e-13      0.00 8.523e-01 1.471e-01 9.447e-05 2.601e-05 2.378e-04 -1.000 5.910e-04 3.550 6.073 5.152 4.513 4.011 3.744 4.087 4.109 3.975 3.673 3.600 3.505 3.431 3.299 3.269 3.092 3.086 2.994
0.00077741 -1.30000 10.05000 0.8154410124 2.4240071265    0.814  0.531  3.7931  3.942    2  0.000  0.530     0.00     0.00     0.00     0.00     0.00 -1    -5e-13      0.00 8.515e-01 1.479e-01 9.498e-05 2.615e-05 2.391e-04 -1.000 5.910e-04 3.443 6.081 5.169 4.490 3.949 3.666 4.006 4.025 3.886 3.571 3.496 3.397 3.321 3.184 3.153 2.970 2.964 2.867
0.00077741 -1.30000 10.05000 0.8176172972 2.4247332517    0.816  0.566  3.7858  3.879    2  0.000  0.530     0.00     0.00     0.00     0.00     0.00 -1 -5.83e-13      0.00 8.485e-01 1.509e-01 9.702e-05 2.671e-05 2.442e-04 -1.000 5.523e-04 3.356 6.133 5.236 4.505 3.917 3.613 3.952 3.968 3.821 3.490 3.412 3.308 3.229 3.087 3.055 2.864 2.858 2.755
0.00077741 -1.30000 10.05000 0.8192377090 2.4252710274    0.818  0.594  3.7778  3.820    2  0.000  0.531     0.00     0.00     0.00     0.00     0.00 -1 -6.66e-13      0.00 8.316e-01 1.678e-01 1.067e-04 2.933e-05 2.678e-04 -1.000 5.849e-04 3.285 6.212 5.349 4.556 3.911 3.584 3.922 3.932 3.777 3.427 3.345 3.237 3.155 3.006 2.973 2.774 2.768 2.657
0.00077741 -1.30000 10.05000 0.8207436204 2.4257686145    0.819  0.621  3.7679  3.753    2  0.000  0.533     0.00     0.00     0.00     0.00     0.00 -1 -7.65e-13      0.00 8.055e-01 1.939e-01 1.196e-04 3.278e-05 2.988e-04 -1.000 6.704e-04 3.217 6.324 5.533 4.655 3.933 3.575 3.909 3.911 3.744 3.370 3.284 3.169 3.084 2.928 2.892 2.684 2.677 2.558
0.00077741 -1.30000 10.05000 0.8218144178 2.4261211546    0.820  0.645  3.7592  3.696    2  0.000  0.535     0.00     0.00     0.00     0.00     0.00 -1 -8.62e-13      0.00 7.872e-01 2.121e-01 1.276e-04 3.494e-05 3.180e-04 -1.000 7.222e-04 3.158 6.411 5.710 4.752 3.957 3.573 3.902 3.895 3.718 3.323 3.234 3.113 3.024 2.862 2.825 2.608 2.599 2.473
0.00077741 -1.30000 10.05000 0.8227917552 2.4264420039    0.821  0.675  3.7512  3.634    2  0.000  0.536     0.00     0.00     0.00     0.00     0.00 -1 -9.92e-13      0.00 7.763e-01 2.229e-01 1.324e-04 3.622e-05 3.294e-04 -1.000 7.401e-04 3.082 6.453 5.868 4.830 3.965 3.557 3.878 3.861 3.675 3.259 3.167 3.041 2.949 2.780 2.741 2.516 2.507 2.374
0.00077741 -1.30000 10.05000 0.8235512972 2.4266907486    0.822  0.710  3.7456  3.577    2  0.000  0.536     0.00     0.00     0.00     0.00     0.00 -1 -1.15e-12      0.00 7.708e-01 2.285e-01 1.349e-04 3.688e-05 3.353e-04 -1.000 7.634e-04 2.996 6.441 5.952 4.856 3.940 3.514 3.830 3.806 3.613 3.183 3.088 2.959 2.864 2.692 2.652 2.421 2.412 2.273
0.00077741 -1.30000 10.05000 0.8242800236 2.4269289059    0.822  0.752  3.7410  3.517    2  0.000  0.537     0.00     0.00     0.00     0.00     0.00 -1 -1.35e-12      0.00 7.668e-01 2.324e-01 1.366e-04 3.733e-05 3.394e-04 -1.000 7.820e-04 2.891 6.393 5.984 4.842 3.883 3.444 3.755 3.725 3.527 3.086 2.990 2.858 2.761 2.585 2.545 2.309 2.299 2.157
0.00077741 -1.30000 10.05000 0.8243957758 2.4269666907    0.822  0.760  3.7404  3.507    3  0.000  0.537     0.00     0.00     0.00     0.00     0.00 -1  -1.4e-12      0.00 7.663e-01 2.329e-01 1.368e-04 3.738e-05 3.398e-04 -1.000 7.883e-04 2.870 6.379 5.979 4.832 3.868 3.428 3.738 3.708 3.509 3.067 2.970 2.837 2.741 2.565 2.524 2.288 2.278 2.135
0.00077741 -1.30000 10.05000 0.8250049353 2.4271653366    0.823  0.805  3.7376  3.451    3  0.000  0.537     0.00     0.00     0.00     0.00     0.00 -1 -1.65e-12      0.00 7.637e-01 2.355e-01 1.377e-04 3.764e-05 3.421e-04 -1.000 8.048e-04 2.757 6.299 5.958 4.779 3.791 3.344 3.646 3.610 3.408 2.959 2.862 2.727 2.630 2.452 2.410 2.172 2.161 2.016
0.00077741 -1.30000 10.05000 0.8255181313 2.4273324273    0.824  0.847  3.7355  3.401    3  0.000  0.537     0.00     0.00     0.00     0.00     0.00 -1 -1.92e-12      0.00 7.617e-01 2.375e-01 1.384e-04 3.782e-05 3.437e-04 -1.000 7.617e-04 2.653 6.219 5.924 4.720 3.715 3.262 3.557 3.519 3.314 2.860 2.762 2.626 2.528 2.348 2.306 2.065 2.055 1.907
0.00077741 -1.30000 10.05000 0.8260876536 2.4275175778    0.824  0.897  3.7334  3.343    3  0.000  0.537     0.00     0.00     0.00     0.00     0.00 -1  -2.3e-12      0.00 7.595e-01 2.397e-01 1.390e-04 3.798e-05 3.451e-04 -1.000 7.966e-04 2.528 6.117 5.867 4.640 3.617 3.159 3.447 3.405 3.197 2.739 2.640 2.503 2.404 2.223 2.180 1.938 1.927 1.777
0.00077741 -1.30000 10.05000 0.8266139627 2.4276884189    0.824  0.947  3.7316  3.285    3  0.000  0.537     0.00     0.00     0.00     0.00     0.00 -1 -2.76e-12      0.00 7.575e-01 2.417e-01 1.394e-04 3.812e-05 3.463e-04 -1.000 7.594e-04 2.402 6.013 5.802 4.554 3.516 3.054 3.335 3.290 3.080 2.617 2.518 2.379 2.280 2.098 2.055 1.810 1.800 1.648
0.00077741 -1.30000 10.05000 0.8271421194 2.4278596085    0.825  1.002  3.7298  3.224    3  0.000  0.536     0.00     0.00     0.00     0.00     0.00 -1 -3.36e-12      0.00 7.554e-01 2.438e-01 1.397e-04 3.827e-05 3.473e-04 -1.000 7.831e-04 2.265 5.896 5.724 4.455 3.403 2.937 3.211 3.163 2.951 2.484 2.384 2.245 2.145 1.961 1.918 1.672 1.661 1.507
0.00077741 -1.30000 10.05000 0.8276098371 2.4280109983    0.825  1.055  3.7281  3.164    3  0.000  0.535     0.00     0.00     0.00     0.00     0.00 -1 -4.07e-12      0.00 7.535e-01 2.457e-01 1.396e-04 3.849e-05 3.481e-04 -1.000 7.643e-04 2.133 5.780 5.650 4.360 3.294 2.823 3.091 3.041 2.827 2.356 2.255 2.115 2.015 1.830 1.786 1.538 1.527 1.372
0.00077741 -1.30000 10.05000 0.8280066252 2.4281392757    0.826  1.104  3.7266  3.109    3  0.000  0.533     0.00     0.00     0.00     0.00     0.00 -1 -4.84e-12      0.00 7.518e-01 2.474e-01 1.392e-04 3.884e-05 3.487e-04 -1.000 7.881e-04 2.010 5.673 5.583 4.273 3.193 2.719 2.981 2.928 2.712 2.237 2.136 1.995 1.895 1.709 1.665 1.415 1.404 1.247
0.00077741 -1.30000 10.05000 0.8283172250 2.4282395907    0.826  1.145  3.7253  3.063    3  0.000  0.530     0.00     0.00     0.00     0.00     0.00 -1 -5.62e-12      0.00 7.506e-01 2.486e-01 1.387e-04 3.930e-05 3.490e-04 -1.000 7.680e-04 1.907 5.583 5.525 4.199 3.108 2.631 2.887 2.833 2.615 2.138 2.036 1.894 1.793 1.606 1.562 1.312 1.300 1.142
0.00077741 -1.30000 10.05000 0.8286611438 2.4283505659    0.826  1.195  3.7237  3.007    3  0.000  0.527     0.00     0.00     0.00     0.00     0.00 -1 -6.72e-12      0.00 7.493e-01 2.499e-01 1.379e-04 4.008e-05 3.494e-04 -1.000 7.843e-04 1.783 5.474 5.456 4.110 3.005 2.524 2.775 2.718 2.498 2.017 1.915 1.772 1.671 1.483 1.438 1.186 1.174 1.015
0.00077741 -1.30000 10.05000 0.8289899230 2.4284565569    0.826  1.247  3.7220  2.948    3  0.000  0.522     0.00     0.00     0.00     0.00     0.00 -1  -8.1e-12      0.00 7.481e-01 2.511e-01 1.369e-04 4.115e-05 3.497e-04 -1.000 7.872e-04 1.653 5.362 5.394 4.024 2.901 2.416 2.659 2.598 2.377 1.891 1.788 1.644 1.542 1.353 1.308 1.054 1.043 0.881
0.00077741 -1.30000 10.05000 0.8292877078 2.4285524725    0.826  1.299  3.7202  2.890    3  0.000  0.518     0.00     0.00     0.00     0.00     0.00 -1 -9.76e-12      0.00 7.471e-01 2.521e-01 1.359e-04 4.224e-05 3.499e-04 -1.000 8.079e-04 1.524 5.252 5.334 3.940 2.799 2.308 2.543 2.480 2.256 1.766 1.662 1.517 1.415 1.224 1.179 0.923 0.911 0.748
0.00077741 -1.30000 10.05000 0.8295477033 2.4286361516    0.827  1.348  3.7185  2.833    3  0.000  0.515     0.00     0.00     0.00     0.00     0.00 -1 -1.17e-11      0.00 7.464e-01 2.528e-01 1.351e-04 4.318e-05 3.501e-04 -1.000 7.756e-04 1.400 5.145 5.284 3.863 2.703 2.208 2.434 2.368 2.141 1.647 1.543 1.397 1.293 1.102 1.056 0.799 0.786 0.621
0.00077741 -1.30000 10.05000 0.8297827244 2.4287117409    0.827  1.397  3.7168  2.778    3  0.000  0.513     0.00     0.00     0.00     0.00     0.00 -1 -1.39e-11      0.00 7.459e-01 2.533e-01 1.345e-04 4.390e-05 3.503e-04 -1.000 7.915e-04 1.278 5.040 5.240 3.791 2.611 2.110 2.328 2.258 2.029 1.530 1.425 1.278 1.174 0.981 0.935 0.675 0.663 0.496
0.00077741 -1.30000 10.05000 0.8299941421 2.4287796965    0.827  1.445  3.7150  2.722    3  0.000  0.511     0.00     0.00     0.00     0.00     0.00 -1 -1.66e-11      0.00 7.455e-01 2.537e-01 1.340e-04 4.443e-05 3.503e-04 -1.000 7.814e-04 1.158 4.936 5.198 3.719 2.520 2.014 2.224 2.151 1.919 1.415 1.309 1.161 1.057 0.862 0.816 0.554 0.541 0.373
0.00077741 -1.30000 10.05000 0.8301904202 2.4288427503    0.827  1.494  3.7131  2.666    3  0.000  0.510     0.00     0.00     0.00     0.00     0.00 -1 -1.98e-11      0.00 7.453e-01 2.539e-01 1.338e-04 4.476e-05 3.504e-04 -1.000 7.935e-04 1.036 4.831 5.155 3.647 2.427 1.916 2.119 2.042 1.807 1.298 1.192 1.042 0.937 0.741 0.694 0.431 0.418 0.247
0.00077741 -1.30000 10.05000 0.8303641081 2.4288985184    0.827  1.541  3.7112  2.611    3  0.000  0.509     0.00     0.00     0.00     0.00     0.00 -1 -2.35e-11      0.00 7.451e-01 2.541e-01 1.337e-04 4.491e-05 3.504e-04 -1.000 7.937e-04 0.917 4.730 5.118 3.580 2.339 1.822 2.017 1.937 1.700 1.185 1.078 0.927 0.821 0.624 0.577 0.311 0.298 0.125
0.00077741 -1.30000 10.05000 0.8305261731 2.4289505305    0.827  1.589  3.7092  2.555    3  0.000  0.509     0.00     0.00     0.00     0.00     0.00 -1  -2.8e-11      0.00 7.451e-01 2.541e-01 1.336e-04 4.495e-05 3.504e-04 -1.000 7.940e-04 0.797 4.626 5.083 3.513 2.249 1.727 1.915 1.831 1.591 1.070 0.963 0.810 0.704 0.505 0.457 0.190 0.176 0.002
0.00077741 -1.30000 10.05000 0.8306694031 2.4289964783    0.827  1.636  3.7072  2.500    3  0.000  0.509     0.00     0.00     0.00     0.00     0.00 -1 -3.32e-11      0.00 7.451e-01 2.541e-01 1.336e-04 4.497e-05 3.504e-04 -1.000 7.942e-04 0.680 4.525 5.057 3.452 2.165 1.638 1.817 1.729 1.486 0.960 0.852 0.698 0.591 0.391 0.342 0.072 0.059 -0.118
0.00077741 -1.30000 10.05000 0.8307970762 2.4290374201    0.827  1.681  3.7053  2.447    3  0.000  0.509     0.00     0.00     0.00     0.00     0.00 -1 -3.92e-11      0.00 7.451e-01 2.541e-01 1.336e-04 4.498e-05 3.504e-04 -1.000 7.944e-04 0.567 4.429 5.051 3.408 2.093 1.559 1.725 1.632 1.385 0.853 0.743 0.588 0.480 0.278 0.230 -0.043 -0.056 -0.235
0.00077741 -1.30000 10.05000 0.8309155107 2.4290753864    0.826  1.727  3.7033  2.394    3  0.000  0.509     0.00     0.00     0.00     0.00     0.00 -1 -4.64e-11      0.00 7.451e-01 2.541e-01 1.336e-04 4.500e-05 3.504e-04 -1.000 7.945e-04 0.453 4.332 5.045 3.364 2.020 1.479 1.632 1.534 1.284 0.745 0.634 0.478 0.369 0.165 0.116 -0.158 -0.172 -0.353
0.00077741 -1.30000 10.05000 0.8310205340 2.4291090431    0.826  1.771  3.7013  2.342    3  0.000  0.509     0.00     0.00     0.00     0.00     0.00 -1 -5.45e-11      0.00 7.451e-01 2.541e-01 1.336e-04 4.501e-05 3.504e-04 -1.000 7.947e-04 0.344 4.239 5.045 3.325 1.952 1.404 1.545 1.441 1.187 0.641 0.530 0.372 0.262 0.057 0.007 -0.270 -0.284 -0.467
0.00077741 -1.30000 10.05000 0.8311195970 2.4291407808    0.826  1.815  3.6992  2.289    3  0.000  0.509     0.00     0.00     0.00     0.00     0.00 -1 -6.41e-11      0.00 7.451e-01 2.541e-01 1.336e-04 4.502e-05 3.504e-04 -1.000 7.948e-04 0.232 4.144 5.048 3.287 1.884 1.328 1.457 1.347 1.089 0.536 0.424 0.264 0.154 -0.053 -0.104 -0.383 -0.397 -0.582
0.00077741 -1.30000 10.05000 0.8312088847 2.4291693792    0.826  1.858  3.6971  2.237    3  0.000  0.509     0.00     0.00     0.00     0.00     0.00 -1 -7.52e-11      0.00 7.451e-01 2.541e-01 1.336e-04 4.503e-05 3.504e-04 -1.000 7.948e-04 0.124 4.052 5.058 3.256 1.820 1.258 1.373 1.258 0.996 0.436 0.322 0.161 0.049 -0.159 -0.210 -0.491 -0.506 -0.693
0.00077741 -1.30000 10.05000 0.8312923312 2.4291961003    0.826  1.901  3.6950  2.186    3  0.000  0.509     0.00     0.00     0.00     0.00     0.00 -1  -8.8e-11      0.00 7.451e-01 2.541e-01 1.336e-04 4.504e-05 3.504e-04 -1.000 7.950e-04 0.017 3.960 5.070 3.225 1.758 1.188 1.290 1.170 0.903 0.336 0.222 0.059 -0.054 -0.264 -0.316 -0.599 -0.614 -0.804
0.00077741 -1.30000 10.05000 0.8313722610 2.4292216895    0.825  1.943  3.6929  2.135    3  0.000  0.509     0.00     0.00     0.00     0.00     0.00 -1 -1.03e-10      0.00 7.451e-01 2.542e-01 1.336e-04 4.505e-05 3.504e-04 -1.000 7.951e-04 -0.088 3.869 5.082 3.196 1.697 1.120 1.210 1.083 0.813 0.238 0.123 -0.042 -0.155 -0.368 -0.420 -0.706 -0.721 -0.912
0.00077741 -1.30000 10.05000 0.8314542174 2.4292479216    0.825  1.982  3.6910  2.088    3  0.000  0.509     0.00     0.00     0.00     0.00     0.00 -1 -1.19e-10      0.00 7.450e-01 2.542e-01 1.336e-04 4.506e-05 3.505e-04 -1.000 7.952e-04 -0.185 3.786 5.094 3.169 1.641 1.058 1.136 1.004 0.730 0.148 0.032 -0.135 -0.249 -0.463 -0.515 -0.804 -0.819 -1.012
0.00077741 -1.30000 10.05000 0.8315287232 2.4292717638    0.825  2.007  3.6898  2.058    3  0.000  0.509     0.00     0.00     0.00     0.00     0.00 -1 -1.31e-10      0.00 7.450e-01 2.542e-01 1.335e-04 4.507e-05 3.505e-04 -1.000 7.952e-04 -0.248 3.730 5.096 3.149 1.603 1.016 1.086 0.952 0.675 0.089 -0.028 -0.195 -0.310 -0.525 -0.578 -0.868 -0.883 -1.078
0.00077741 -1.30000 10.05000 0.8315815330 2.4292886602    0.824  1.990  3.6910  2.080    3  0.000  0.509     0.00     0.00     0.00     0.00     0.00 -1 -1.24e-10      0.00 7.450e-01 2.542e-01 1.335e-04 4.508e-05 3.505e-04 -1.000 7.954e-04 -0.206 3.765 5.073 3.149 1.621 1.038 1.115 0.983 0.709 0.127 0.011 -0.156 -0.270 -0.484 -0.536 -0.824 -0.840 -1.033
0.00077741 -1.30000 10.05000 0.8316000700 2.4292945906    0.824  1.984  3.6915  2.088    3  0.000  0.509     0.00     0.00     0.00     0.00     0.00 -1 -1.21e-10      0.00 7.450e-01 2.542e-01 1.335e-04 4.508e-05 3.505e-04 -1.000 7.954e-04 -0.189 3.778 5.065 3.150 1.628 1.047 1.126 0.995 0.722 0.142 0.026 -0.140 -0.254 -0.468 -0.520 -0.808 -0.823 -1.016
0.00077741 -1.30000 10.05000 0.8316571116 2.4293128372    0.824  2.025  3.6893  2.038    3  0.000  0.509     0.00     0.00     0.00     0.00     0.00 -1 -1.39e-10      0.00 7.450e-01 2.542e-01 1.335e-04 4.508e-05 3.505e-04 -1.000 7.955e-04 -0.292 3.690 5.081 3.125 1.571 0.982 1.049 0.912 0.634 0.047 -0.071 -0.238 -0.353 -0.568 -0.621 -0.912 -0.927 -1.122
0.00077741 -1.30000 10.05000 0.8317111135 2.4293301089    0.824  2.066  3.6871  1.989    3  0.000  0.509     0.00     0.00     0.00     0.00     0.00 -1 -1.62e-10      0.00 7.450e-01 2.542e-01 1.335e-04 4.509e-05 3.505e-04 -1.000 7.955e-04 -0.394 3.602 5.109 3.111 1.521 0.924 0.976 0.833 0.550 -0.046 -0.164 -0.334 -0.449 -0.666 -0.720 -1.013 -1.029 -1.227
0.00077741 -1.30000 10.05000 0.8317637444 2.4293469396    0.823  2.108  3.6848  1.937    3  0.000  0.509     0.00     0.00     0.00     0.00     0.00 -1 -1.89e-10      0.00 7.450e-01 2.542e-01 1.335e-04 4.510e-05 3.505e-04 -1.000 7.956e-04 -0.499 3.513 5.138 3.120 1.485 0.877 0.907 0.754 0.464 -0.142 -0.261 -0.433 -0.550 -0.769 -0.823 -1.119 -1.135 -1.335
0.00077741 -1.30000 10.05000 0.8318126798 2.4293625863    0.823  2.149  3.6825  1.886    3  0.000  0.509     0.00     0.00     0.00     0.00     0.00 -1 -2.21e-10      0.00 7.450e-01 2.542e-01 1.335e-04 4.510e-05 3.505e-04 -1.000 7.957e-04 -0.603 3.424 5.145 3.148 1.466 0.843 0.845 0.680 0.381 -0.238 -0.360 -0.533 -0.652 -0.873 -0.928 -1.225 -1.242 -1.444
0.00077741 -1.30000 10.05000 0.8318562508 2.4293765160    0.823  2.189  3.6802  1.837    3  0.000  0.509     0.00     0.00     0.00     0.00     0.00 -1 -2.56e-10      0.00 7.450e-01 2.542e-01 1.335e-04 4.511e-05 3.505e-04 -1.000 7.957e-04 -0.704 3.339 5.156 3.182 1.451 0.814 0.788 0.611 0.303 -0.331 -0.454 -0.630 -0.750 -0.973 -1.028 -1.328 -1.345 -1.549
0.00077741 -1.30000 10.05000 0.8318968415 2.4293894915    0.822  2.230  3.6779  1.787    3  0.000  0.509     0.00     0.00     0.00     0.00     0.00 -1 -2.98e-10      0.00 7.450e-01 2.542e-01 1.335e-04 4.511e-05 3.505e-04 -1.000 7.958e-04 -0.804 3.254 5.175 3.224 1.440 0.789 0.734 0.544 0.226 -0.421 -0.546 -0.725 -0.847 -1.072 -1.127 -1.430 -1.447 -1.654
0.00077741 -1.30000 10.05000 0.8319343328 2.4294014748    0.821  2.269  3.6755  1.737    3  0.000  0.509     0.00     0.00     0.00     0.00     0.00 -1 -3.46e-10      0.00 7.450e-01 2.542e-01 1.335e-04 4.512e-05 3.505e-04 -1.000 7.959e-04 -0.904 3.170 5.199 3.274 1.434 0.768 0.684 0.481 0.152 -0.511 -0.638 -0.819 -0.942 -1.170 -1.226 -1.531 -1.548 -1.758
0.00077741 -1.30000 10.05000 0.8319692016 2.4294126188    0.821  2.309  3.6732  1.688    3  0.000  0.509     0.00     0.00     0.00     0.00     0.00 -1 -4.01e-10      0.00 7.450e-01 2.542e-01 1.335e-04 4.512e-05 3.505e-04 -1.000 7.959e-04 -1.003 3.086 5.224 3.326 1.430 0.749 0.635 0.418 0.079 -0.600 -0.729 -0.913 -1.038 -1.268 -1.325 -1.632 -1.650 -1.862
0.00077741 -1.30000 10.05000 0.8320003152 2.4294225617    0.820  2.347  3.6708  1.640    3  0.000  0.509     0.00     0.00     0.00     0.00     0.00 -1 -4.63e-10      0.00 7.450e-01 2.542e-01 1.335e-04 4.513e-05 3.505e-04 -1.000 7.959e-04 -1.099 3.007 5.256 3.383 1.430 0.735 0.592 0.362 0.011 -0.685 -0.816 -1.003 -1.130 -1.362 -1.419 -1.729 -1.747 -1.961
0.00077741 -1.30000 10.05000 0.8320295215 2.4294318944    0.820  2.386  3.6684  1.591    3  0.000  0.509     0.00     0.00     0.00     0.00     0.00 -1 -5.35e-10      0.00 7.450e-01 2.542e-01 1.335e-04 4.513e-05 3.505e-04 -1.000 7.960e-04 -1.195 2.926 5.287 3.448 1.435 0.726 0.552 0.307 -0.056 -0.769 -0.902 -1.092 -1.221 -1.456 -1.513 -1.827 -1.844 -2.061
0.00077741 -1.30000 10.05000 0.8320626020 2.4294424641    0.819  2.433  3.6654  1.532    3  0.000  0.509     0.00     0.00     0.00     0.00     0.00 -1 -6.38e-10      0.00 7.450e-01 2.542e-01 1.335e-04 4.513e-05 3.505e-04 -1.000 7.960e-04 -1.312 2.828 5.328 3.537 1.447 0.721 0.509 0.244 -0.134 -0.870 -1.006 -1.200 -1.331 -1.569 -1.628 -1.944 -1.962 -2.182
0.00077741 -1.30000 10.05000 0.8320922852 2.4294519475    0.818  2.479  3.6624  1.474    3  0.000  0.509     0.00     0.00     0.00     0.00     0.00 -1 -7.59e-10      0.00 7.450e-01 2.542e-01 1.335e-04 4.514e-05 3.505e-04 -1.000 7.960e-04 -1.427 2.733 5.374 3.632 1.465 0.723 0.472 0.187 -0.208 -0.967 -1.107 -1.305 -1.438 -1.680 -1.739 -2.059 -2.078 -2.301
0.00077741 -1.30000 10.05000 0.8321199417 2.4294607827    0.817  2.525  3.6594  1.415    3  0.000  0.508     8.08     6.26     4.42     3.42     2.77  3 -9.03e-10      0.00 7.450e-01 2.542e-01 1.335e-04 4.514e-05 3.505e-04 -1.000 7.960e-04 -1.542 2.637 5.423 3.737 1.493 0.736 0.443 0.136 -0.277 -1.063 -1.207 -1.409 -1.545 -1.790 -1.851 -2.175 -2.193 -2.420
0.00077741 -1.30000 10.05000 0.8321446180 2.4294686652    0.816  2.569  3.6564  1.358    3  0.000  0.508     9.11     6.93     4.88     3.78     3.06  3 -1.07e-09      0.00 7.450e-01 2.542e-01 1.335e-04 4.514e-05 3.505e-04 -1.000 7.961e-04 -1.653 2.545 5.481 3.824 1.509 0.741 0.413 0.086 -0.343 -1.151 -1.299 -1.505 -1.644 -1.893 -1.954 -2.283 -2.302 -2.533
0.00077741 -1.30000 10.05000 0.8321672082 2.4294758809    0.815  2.613  3.6534  1.302    3  0.000  0.508    10.25     7.68     5.37     4.17     3.38  3 -1.26e-09      0.00 7.450e-01 2.542e-01 1.335e-04 4.515e-05 3.505e-04 -1.000 7.961e-04 -1.762 2.454 5.550 3.889 1.509 0.733 0.376 0.033 -0.409 -1.238 -1.388 -1.599 -1.739 -1.993 -2.055 -2.389 -2.409 -2.643
0.00077741 -1.30000 10.05000 0.8321889043 2.4294828106    0.813  2.658  3.6503  1.243    3  0.000  0.508    11.60     8.53     5.94     4.62     3.74  3  -1.5e-09      0.00 7.450e-01 2.542e-01 1.335e-04 4.515e-05 3.505e-04 -1.000 7.962e-04 -1.875 2.359 5.620 3.957 1.509 0.725 0.338 -0.022 -0.478 -1.327 -1.481 -1.696 -1.839 -2.097 -2.160 -2.499 -2.519 -2.758
0.00077741 -1.30000 10.05000 0.8322077394 2.4294888262    0.812  2.700  3.6473  1.188    3  0.000  0.508    13.02     9.41     6.53     5.08     4.12  3 -1.76e-09      0.00 7.450e-01 2.542e-01 1.335e-04 4.515e-05 3.505e-04 -1.000 7.961e-04 -1.981 2.271 5.677 4.025 1.513 0.723 0.307 -0.071 -0.539 -1.408 -1.564 -1.784 -1.929 -2.191 -2.256 -2.600 -2.620 -2.863
0.00077741 -1.30000 10.05000 0.8322253823 2.4294944607    0.810  2.743  3.6443  1.133    3  0.000  0.508    14.64    10.40     7.18     5.60     4.54  2 -2.07e-09      0.00 7.450e-01 2.542e-01 1.335e-04 4.515e-05 3.505e-04 -1.000 7.962e-04 -2.087 2.183 5.729 4.093 1.518 0.721 0.275 -0.119 -0.601 -1.489 -1.648 -1.873 -2.020 -2.286 -2.352 -2.702 -2.722 -2.970
0.00077741 -1.30000 10.05000 0.8322421312 2.4294998094    0.808  2.786  3.6413  1.076    3  0.000  0.508    16.49    11.52     7.91     6.18     5.01  2 -2.45e-09      0.00 7.450e-01 2.542e-01 1.335e-04 4.515e-05 3.505e-04 -1.000 7.962e-04 -2.196 2.093 5.779 4.162 1.523 0.720 0.244 -0.168 -0.663 -1.572 -1.734 -1.963 -2.112 -2.383 -2.451 -2.805 -2.826 -3.078
0.00077741 -1.30000 10.05000 0.8322565556 2.4295044156    0.807  2.827  3.6383  1.023    3  0.000  0.508    18.43    12.67     8.67     6.78     5.50  2 -2.86e-09      0.00 7.450e-01 2.542e-01 1.335e-04 4.516e-05 3.505e-04 -1.000 7.962e-04 -2.296 2.011 5.822 4.234 1.534 0.726 0.221 -0.208 -0.716 -1.646 -1.810 -2.044 -2.195 -2.471 -2.539 -2.899 -2.921 -3.177
0.00077741 -1.30000 10.05000 0.8322705626 2.4295088884    0.805  2.868  3.6352  0.968    3  0.000  0.508    20.69    13.98     9.52     7.46     6.05  2 -3.35e-09      0.00 7.450e-01 2.542e-01 1.335e-04 4.516e-05 3.505e-04 -1.000 7.962e-04 -2.400 1.926 5.853 4.306 1.548 0.735 0.202 -0.245 -0.767 -1.720 -1.888 -2.127 -2.280 -2.561 -2.631 -2.997 -3.018 -3.280
0.00077741 -1.30000 10.05000 0.8322836757 2.4295130755    0.802  2.910  3.6322  0.913    3  0.000  0.508    23.23    15.43    10.46     8.21     6.66  2 -3.94e-09      0.00 7.450e-01 2.542e-01 1.335e-04 4.516e-05 3.505e-04 -1.000 7.962e-04 -2.505 1.840 5.878 4.378 1.564 0.748 0.189 -0.276 -0.815 -1.792 -1.964 -2.209 -2.364 -2.650 -2.722 -3.094 -3.117 -3.383
0.00077741 -1.30000 10.05000 0.8322950006 2.4295166916    0.800  2.948  3.6292  0.862    3  0.000  0.508    25.89    16.93    11.43     8.98     7.28  2 -4.58e-09      0.00 7.450e-01 2.542e-01 1.335e-04 4.516e-05 3.505e-04 -1.000 7.963e-04 -2.601 1.763 5.900 4.453 1.585 0.765 0.184 -0.300 -0.855 -1.856 -2.031 -2.282 -2.440 -2.731 -2.805 -3.183 -3.206 -3.477
0.00077741 -1.30000 10.05000 0.8323059678 2.4295201933    0.798  2.988  3.6262  0.809    3  0.000  0.508    28.93    18.61    12.51     9.84     7.99  1 -5.34e-09      0.00 7.450e-01 2.542e-01 1.335e-04 4.516e-05 3.505e-04 -1.000 7.963e-04 -2.699 1.684 5.911 4.524 1.604 0.782 0.178 -0.323 -0.894 -1.921 -2.099 -2.356 -2.516 -2.813 -2.889 -3.273 -3.297 -3.574
0.00077741 -1.30000 10.05000 0.8323165178 2.4295235617    0.795  3.028  3.6232  0.755    3  0.000  0.508    32.41    20.50    13.72    10.81     8.78  1 -6.24e-09      0.00 7.450e-01 2.542e-01 1.335e-04 4.516e-05 3.505e-04 -1.000 7.963e-04 -2.800 1.603 5.919 4.593 1.622 0.796 0.170 -0.349 -0.937 -1.987 -2.169 -2.433 -2.595 -2.898 -2.975 -3.366 -3.390 -3.672
0.00077741 -1.30000 10.05000 0.8323257565 2.4295265114    0.792  3.066  3.6203  0.704    3  0.000  0.508    36.06    22.45    14.96    11.81     9.59  1 -7.23e-09      0.00 7.450e-01 2.542e-01 1.335e-04 4.516e-05 3.505e-04 -1.000 7.963e-04 -2.894 1.528 5.929 4.662 1.642 0.814 0.166 -0.370 -0.973 -2.048 -2.232 -2.502 -2.667 -2.975 -3.054 -3.452 -3.476 -3.763
0.00077741 -1.30000 10.05000 0.8323349357 2.4295294420    0.789  3.105  3.6172  0.651    3  0.000  0.508    40.34    24.70    16.39    12.96    10.52  1 -8.43e-09      0.00 7.450e-01 2.542e-01 1.335e-04 4.517e-05 3.505e-04 -1.000 7.963e-04 -2.992 1.450 5.928 4.731 1.662 0.833 0.163 -0.390 -1.009 -2.109 -2.297 -2.574 -2.741 -3.055 -3.136 -3.541 -3.566 -3.858
0.00077741 -1.30000 10.05000 0.8323433995 2.4295321441    0.785  3.144  3.6143  0.598    3  0.000  0.508    45.03    27.12    17.92    14.18    11.52  1 -9.81e-09      0.00 7.450e-01 2.542e-01 1.335e-04 4.517e-05 3.505e-04 -1.000 7.963e-04 -3.089 1.374 5.922 4.794 1.679 0.849 0.161 -0.410 -1.044 -2.169 -2.361 -2.644 -2.813 -3.134 -3.216 -3.628 -3.654 -3.951
0.00077741 -1.30000 10.05000 0.8323512077 2.4295346369    0.781  3.181  3.6114  0.547    3  0.000  0.508    50.12    29.70    19.54    15.49    12.58  1 -1.14e-08      0.00 7.450e-01 2.542e-01 1.335e-04 4.517e-05 3.505e-04 -1.000 7.963e-04 -3.183 1.299 5.910 4.854 1.694 0.864 0.161 -0.426 -1.077 -2.227 -2.422 -2.711 -2.882 -3.209 -3.293 -3.712 -3.738 -4.041
0.00077741 -1.30000 10.05000 0.8323585987 2.4295369964    0.777  3.219  3.6085  0.495    3  0.000  0.508    55.90    32.58    21.34    16.95    13.77  1 -1.32e-08      0.00 7.450e-01 2.542e-01 1.335e-04 4.517e-05 3.505e-04 -1.000 7.964e-04 -3.277 1.226 5.891 4.911 1.708 0.879 0.165 -0.438 -1.106 -2.282 -2.480 -2.776 -2.950 -3.283 -3.369 -3.796 -3.823 -4.131
0.00077741 -1.30000 10.05000 0.8323656321 2.4295392417    0.772  3.256  3.6056  0.444    3  0.000  0.508    62.28    35.71    23.29    18.53    15.05  1 -1.53e-08      0.00 7.450e-01 2.542e-01 1.335e-04 4.517e-05 3.505e-04 -1.000 7.964e-04 -3.370 1.153 5.860 4.961 1.715 0.886 0.179 -0.438 -1.125 -2.330 -2.532 -2.837 -3.013 -3.354 -3.443 -3.878 -3.905 -4.220
0.00077741 -1.30000 10.05000 0.8323721886 2.4295413347    0.767  3.291  3.6029  0.395    3  0.000  0.508    69.05    38.96    25.31    20.16    16.38  1 -1.77e-08      0.00 7.450e-01 2.542e-01 1.335e-04 4.517e-05 3.505e-04 -1.000 7.964e-04 -3.459 1.085 5.831 5.008 1.719 0.893 0.193 -0.438 -1.142 -2.376 -2.582 -2.895 -3.073 -3.421 -3.512 -3.955 -3.984 -4.304
0.00077741 -1.30000 10.05000 0.8323771954 2.4295429330    0.763  3.317  3.6008  0.358    3  0.000  0.508    74.53    41.55    26.91    21.46    17.44  1 -1.97e-08      0.00 7.450e-01 2.542e-01 1.335e-04 4.517e-05 3.505e-04 -1.000 7.964e-04 -3.523 1.035 5.810 5.044 1.725 0.899 0.204 -0.438 -1.155 -2.410 -2.618 -2.937 -3.117 -3.470 -3.563 -4.012 -4.041 -4.366
0.00077741 -1.30000 10.05000 0.8323771954 2.4295429330    0.763  1.740  3.7474  2.521    4  0.000  0.520     0.00     0.00     0.00     0.00     0.00 -1    -1e-30      0.00 7.410e-01 2.582e-01 1.387e-04 4.268e-05 3.560e-04 -1.000 8.184e-04 0.419 3.858 3.359 2.302 1.422 1.015 1.212 1.183 1.002 0.594 0.503 0.378 0.286 0.118 0.079 -0.147 -0.157 -0.295
0.00077741 -1.30000 10.05000 0.8324275017 2.4295589908    0.763  1.758  3.7459  2.498    4  0.000  0.520     0.00     0.00     0.00     0.00     0.00 -1    -1e-30      0.00 7.410e-01 2.582e-01 1.387e-04 4.268e-05 3.560e-04 -1.000 8.183e-04 0.375 3.832 3.355 2.284 1.391 0.981 1.177 1.148 0.965 0.553 0.461 0.335 0.243 0.074 0.034 -0.193 -0.203 -0.343
0.00077741 -1.30000 10.05000 0.8324793577 2.4295755409    0.763  1.761  3.7458  2.495    4  0.000  0.520     0.00     0.00     0.00     0.00     0.00 -1    -1e-30      0.00 7.410e-01 2.582e-01 1.387e-04 4.268e-05 3.560e-04 -1.000 8.184e-04 0.369 3.827 3.353 2.281 1.387 0.976 1.172 1.142 0.960 0.547 0.455 0.329 0.237 0.068 0.029 -0.199 -0.209 -0.349
0.00077741 -1.30000 10.05000 0.8325305581 2.4295918794    0.763  1.762  3.7460  2.494    4  0.000  0.520     0.00     0.00     0.00     0.00     0.00 -1    -1e-30      0.00 7.410e-01 2.582e-01 1.387e-04 4.268e-05 3.560e-04 -1.000 8.183e-04 0.365 3.822 3.347 2.276 1.383 0.972 1.168 1.138 0.955 0.544 0.451 0.325 0.234 0.064 0.025 -0.203 -0.213 -0.352
0.00077741 -1.30000 10.05000 0.8325836658 2.4296088242    0.763  1.763  3.7463  2.495    4  0.000  0.520     0.00     0.00     0.00     0.00     0.00 -1    -1e-30      0.00 7.410e-01 2.582e-01 1.387e-04 4.268e-05 3.560e-04 -1.000 8.183e-04 0.363 3.817 3.335 2.268 1.378 0.969 1.163 1.134 0.952 0.541 0.449 0.323 0.232 0.063 0.023 -0.204 -0.214 -0.353
0.00077741 -1.30000 10.05000 0.8326361179 2.4296255573    0.763  1.763  3.7469  2.497    4  0.000  0.520     0.00     0.00     0.00     0.00     0.00 -1    -1e-30      0.00 7.410e-01 2.582e-01 1.387e-04 4.268e-05 3.560e-04 -1.000 8.184e-04 0.363 3.810 3.320 2.259 1.373 0.966 1.159 1.130 0.949 0.540 0.448 0.323 0.231 0.063 0.023 -0.203 -0.213 -0.352
0.00077741 -1.30000 10.05000 0.8326898813 2.4296427062    0.763  1.762  3.7476  2.501    4  0.000  0.520     0.00     0.00     0.00     0.00     0.00 -1    -1e-30      0.00 7.410e-01 2.582e-01 1.387e-04 4.268e-05 3.560e-04 -1.000 8.185e-04 0.365 3.802 3.302 2.247 1.368 0.963 1.156 1.127 0.947 0.539 0.448 0.323 0.232 0.064 0.025 -0.201 -0.211 -0.349
0.00077741 -1.30000 10.05000 0.8327427506 2.4296595675    0.763  1.761  3.7484  2.505    4  0.000  0.520     0.00     0.00     0.00     0.00     0.00 -1    -1e-30      0.00 7.410e-01 2.582e-01 1.387e-04 4.268e-05 3.560e-04 -1.000 8.184e-04 0.367 3.795 3.282 2.236 1.364 0.961 1.152 1.124 0.945 0.540 0.449 0.324 0.234 0.066 0.027 -0.198 -0.207 -0.345
0.00077741 -1.30000 10.05000 0.8327960968 2.4296765783    0.763  1.760  3.7493  2.510    4  0.000  0.520     0.00     0.00     0.00     0.00     0.00 -1    -1e-30      0.00 7.410e-01 2.582e-01 1.387e-04 4.268e-05 3.560e-04 -1.000 8.184e-04 0.370 3.787 3.261 2.224 1.359 0.958 1.148 1.121 0.943 0.540 0.450 0.326 0.236 0.069 0.030 -0.194 -0.203 -0.340
0.00077741 -1.30000 10.05000 0.8328473568 2.4296929216    0.763  1.759  3.7502  2.515    4  0.000  0.520     0.00     0.00     0.00     0.00     0.00 -1    -1e-30      0.00 7.410e-01 2.582e-01 1.387e-04 4.268e-05 3.560e-04 -1.000 8.184e-04 0.373 3.779 3.241 2.212 1.355 0.956 1.145 1.118 0.941 0.541 0.451 0.328 0.238 0.072 0.033 -0.190 -0.199 -0.335
0.00077741 -1.30000 10.05000 0.8328984380 2.4297092055    0.763  1.758  3.7511  2.519    4  0.000  0.520     0.00     0.00     0.00     0.00     0.00 -1    -1e-30      0.00 7.410e-01 2.582e-01 1.387e-04 4.268e-05 3.560e-04 -1.000 8.184e-04 0.375 3.771 3.223 2.202 1.351 0.955 1.141 1.115 0.940 0.541 0.452 0.329 0.239 0.074 0.036 -0.186 -0.195 -0.330
0.00077741 -1.30000 10.05000 0.8329529166 2.4297265700    0.763  1.757  3.7519  2.523    4  0.000  0.520     0.00     0.00     0.00     0.00     0.00 -1    -1e-30      0.00 7.410e-01 2.582e-01 1.387e-04 4.268e-05 3.560e-04 -1.000 8.184e-04 0.378 3.762 3.205 2.192 1.347 0.954 1.138 1.113 0.938 0.542 0.452 0.331 0.241 0.077 0.039 -0.182 -0.192 -0.326
0.00077741 -1.30000 10.05000 0.8330081105 2.4297441598    0.763  1.756  3.7527  2.528    4  0.000  0.520     0.00     0.00     0.00     0.00     0.00 -1    -1e-30      0.00 7.410e-01 2.582e-01 1.387e-04 4.268e-05 3.560e-04 -1.000 8.184e-04 0.380 3.753 3.187 2.181 1.343 0.952 1.134 1.110 0.936 0.542 0.453 0.332 0.243 0.079 0.041 -0.179 -0.188 -0.322
0.00077741 -1.30000 10.05000 0.8330620527 2.4297613481    0.763  1.755  3.7535  2.531    4  0.000  0.520     0.00     0.00     0.00     0.00     0.00 -1    -1e-30      0.00 7.410e-01 2.582e-01 1.387e-04 4.268e-05 3.560e-04 -1.000 8.185e-04 0.381 3.746 3.171 2.172 1.340 0.950 1.131 1.107 0.934 0.542 0.454 0.333 0.244 0.081 0.043 -0.176 -0.185 -0.318
0.00077741 -1.30000 10.05000 0.8331152201 2.4297782870    0.763  1.755  3.7540  2.534    4  0.000  0.520     0.00     0.00     0.00     0.00     0.00 -1    -1e-30      0.00 7.410e-01 2.582e-01 1.387e-04 4.268e-05 3.560e-04 -1.000 8.183e-04 0.382 3.739 3.158 2.165 1.336 0.949 1.128 1.104 0.932 0.542 0.454 0.333 0.245 0.082 0.045 -0.174 -0.183 -0.316
0.00077741 -1.30000 10.05000 0.8331280947 2.4297823884    0.763  1.755  3.7542  2.534    4  0.000  0.520     0.00     0.00     0.00     0.00     0.00 -1    -1e-30      0.00 7.410e-01 2.582e-01 1.387e-04 4.268e-05 3.560e-04 -1.000 8.184e-04 0.383 3.738 3.155 2.163 1.336 0.948 1.128 1.104 0.932 0.542 0.454 0.333 0.245 0.082 0.045 -0.174 -0.183 -0.315
0.00077741 -1.30000 10.05000 0.8331334591 2.4297840973    0.763  1.755  3.7542  2.535    4  0.000  0.520     0.00     0.00     0.00     0.00     0.00 -1    -1e-30      0.00 7.410e-01 2.582e-01 1.387e-04 4.268e-05 3.560e-04 -1.000 8.184e-04 0.383 3.737 3.154 2.162 1.335 0.948 1.127 1.103 0.932 0.542 0.454 0.333 0.245 0.082 0.045 -0.174 -0.183 -0.315
0.00077741 -1.30000 10.05000 0.8331825733 2.4297997419    0.763  1.755  3.7546  2.536    4  0.000  0.520     0.00     0.00     0.00     0.00     0.00 -1    -1e-30      0.00 7.410e-01 2.582e-01 1.387e-04 4.268e-05 3.560e-04 -1.000 8.184e-04 0.383 3.733 3.146 2.157 1.333 0.947 1.125 1.101 0.930 0.541 0.453 0.333 0.245 0.082 0.045 -0.173 -0.182 -0.314
0.00077741 -1.30000 10.05000 0.8332341909 2.4298161816    0.764  1.755  3.7548  2.537    4  0.000  0.520     0.00     0.00     0.00     0.00     0.00 -1    -1e-30      0.00 7.410e-01 2.582e-01 1.387e-04 4.268e-05 3.560e-04 -1.000 8.184e-04 0.382 3.729 3.139 2.153 1.330 0.945 1.123 1.099 0.928 0.540 0.452 0.332 0.244 0.082 0.045 -0.173 -0.182 -0.314
0.00077741 -1.30000 10.05000 0.8332856297 2.4298325620    0.764  1.756  3.7549  2.537    4  0.000  0.520     0.00     0.00     0.00     0.00     0.00 -1    -1e-30      0.00 7.410e-01 2.582e-01 1.387e-04 4.268e-05 3.560e-04 -1.000 8.184e-04 0.381 3.726 3.135 2.150 1.328 0.943 1.120 1.097 0.926 0.539 0.451 0.331 0.243 0.081 0.043 -0.174 -0.183 -0.315
0.00077741 -1.30000 10.05000 0.8333365917 2.4298487883    0.764  1.756  3.7549  2.536    4  0.000  0.520     0.00     0.00     0.00     0.00     0.00 -1    -1e-30      0.00 7.410e-01 2.582e-01 1.387e-04 4.268e-05 3.560e-04 -1.000 8.184e-04 0.379 3.725 3.134 2.149 1.327 0.941 1.119 1.095 0.924 0.537 0.448 0.329 0.241 0.079 0.041 -0.177 -0.186 -0.317
0.00077741 -1.30000 10.05000 0.8333859444 2.4298645000    0.764  1.758  3.7547  2.534    4  0.000  0.520     0.00     0.00     0.00     0.00     0.00 -1    -1e-30      0.00 7.410e-01 2.582e-01 1.387e-04 4.268e-05 3.560e-04 -1.000 8.184e-04 0.376 3.724 3.136 2.149 1.325 0.940 1.117 1.094 0.922 0.534 0.446 0.326 0.238 0.076 0.038 -0.180 -0.189 -0.320
0.00077741 -1.30000 10.05000 0.8334359527 2.4298804183    0.764  1.759  3.7544  2.531    4  0.000  0.520     0.00     0.00     0.00     0.00     0.00 -1    -1e-30      0.00 7.410e-01 2.582e-01 1.387e-04 4.268e-05 3.560e-04 -1.000 8.184e-04 0.372 3.725 3.141 2.150 1.324 0.938 1.116 1.092 0.920 0.531 0.443 0.323 0.234 0.072 0.034 -0.184 -0.193 -0.325
0.00077741 -1.30000 10.05000 0.8334868550 2.4298966189    0.764  1.761  3.7539  2.527    4  0.000  0.520     0.00     0.00     0.00     0.00     0.00 -1    -1e-30      0.00 7.410e-01 2.582e-01 1.387e-04 4.268e-05 3.560e-04 -1.000 8.185e-04 0.367 3.727 3.148 2.153 1.323 0.935 1.114 1.090 0.918 0.527 0.439 0.318 0.230 0.067 0.029 -0.190 -0.199 -0.331
0.00077741 -1.30000 10.05000 0.8335114717 2.4299044528    0.764  1.762  3.7536  2.525    4  0.000  0.520     0.00     0.00     0.00     0.00     0.00 -1    -1e-30      0.00 7.410e-01 2.582e-01 1.387e-04 4.268e-05 3.560e-04 -1.000 8.184e-04 0.364 3.728 3.153 2.155 1.323 0.934 1.113 1.089 0.916 0.525 0.436 0.316 0.227 0.064 0.026 -0.193 -0.202 -0.335
0.00077741 -1.30000 10.05000 0.8335394859 2.4299133673    0.764  1.764  3.7532  2.522    4  0.000  0.520     0.00     0.00     0.00     0.00     0.00 -1    -1e-30      0.00 7.410e-01 2.582e-01 1.387e-04 4.268e-05 3.560e-04 -1.000 8.184e-04 0.361 3.730 3.160 2.158 1.322 0.932 1.112 1.088 0.915 0.522 0.433 0.313 0.224 0.060 0.023 -0.197 -0.206 -0.340
0.00077741 -1.30000 10.05000 0.8335930705 2.4299304166    0.764  1.767  3.7523  2.515    4  0.000  0.520     0.00     0.00     0.00     0.00     0.00 -1    -1e-30      0.00 7.410e-01 2.582e-01 1.387e-04 4.268e-05 3.560e-04 -1.000 8.184e-04 0.353 3.733 3.173 2.163 1.321 0.929 1.111 1.085 0.911 0.517 0.427 0.306 0.216 0.052 0.014 -0.206 -0.216 -0.350
0.00077741 -1.30000 10.05000 0.8336470127 2.4299475771    0.764  1.770  3.7513  2.508    4  0.000  0.520     0.00     0.00     0.00     0.00     0.00 -1    -1e-30      0.00 7.410e-01 2.582e-01 1.387e-04 4.268e-05 3.560e-04 -1.000 8.183e-04 0.344 3.737 3.188 2.169 1.320 0.925 1.108 1.083 0.907 0.510 0.420 0.298 0.208 0.043 0.005 -0.217 -0.226 -0.361
0.00077741 -1.30000 10.05000 0.8337014914 2.4299649058    0.764  1.774  3.7503  2.500    4  0.000  0.520     0.00     0.00     0.00     0.00     0.00 -1    -1e-30      0.00 7.410e-01 2.582e-01 1.387e-04 4.268e-05 3.560e-04 -1.000 8.183e-04 0.334 3.741 3.204 2.175 1.318 0.920 1.105 1.079 0.902 0.502 0.412 0.289 0.199 0.033 -0.005 -0.228 -0.238 -0.373
0.00077741 -1.30000 10.05000 0.8337512612 2.4299807344    0.764  1.779  3.7491  2.491    4  0.000  0.520     0.00     0.00     0.00     0.00     0.00 -1    -1e-30      0.00 7.410e-01 2.582e-01 1.387e-04 4.268e-05 3.560e-04 -1.000 8.184e-04 0.323 3.745 3.225 2.185 1.317 0.916 1.102 1.075 0.897 0.493 0.403 0.279 0.188 0.022 -0.017 -0.241 -0.251 -0.388
0.00077741 -1.30000 10.05000 0.8338014483 2.4299966935    0.764  1.784  3.7480  2.481    4  0.000  0.520     0.00     0.00     0.00     0.00     0.00 -1    -1e-30      0.00 7.410e-01 2.582e-01 1.387e-04 4.268e-05 3.560e-04 -1.000 8.184e-04 0.311 3.747 3.246 2.194 1.316 0.911 1.098 1.070 0.890 0.484 0.392 0.268 0.177 0.009 -0.030 -0.255 -0.265 -0.403
0.00077741 -1.30000 10.05000 0.8338507414 2.4300123661    0.764  1.788  3.7471  2.474    4  0.000  0.520     0.00     0.00     0.00     0.00     0.00 -1    -1e-30      0.00 7.410e-01 2.582e-01 1.387e-04 4.268e-05 3.560e-04 -1.000 8.184e-04 0.300 3.747 3.260 2.199 1.314 0.906 1.094 1.065 0.884 0.475 0.384 0.258 0.167 -0.001 -0.040 -0.267 -0.276 -0.415
0.00077741 -1.30000 10.05000 0.8339012265 2.4300284155    0.764  1.794  3.7457  2.462    4  0.000  0.520     0.00     0.00     0.00     0.00     0.00 -1    -1e-30      0.00 7.410e-01 2.582e-01 1.387e-04 4.268e-05 3.560e-04 -1.000 8.184e-04 0.285 3.749 3.285 2.210 1.312 0.900 1.089 1.058 0.875 0.463 0.371 0.245 0.153 -0.017 -0.056 -0.284 -0.294 -0.434
0.00077741 -1.30000 10.05000 0.8339515924 2.4300444248    0.764  1.804  3.7436  2.444    4  0.000  0.520     0.00     0.00     0.00     0.00     0.00 -1    -1e-30      0.00 7.410e-01 2.582e-01 1.387e-04 4.268e-05 3.560e-04 -1.000 8.184e-04 0.261 3.750 3.321 2.225 1.307 0.889 1.079 1.046 0.861 0.443 0.350 0.223 0.130 -0.041 -0.081 -0.311 -0.321 -0.463
0.00077741 -1.30000 10.05000 0.8340024948 2.4300606024    0.764  1.816  3.7412  2.422    4  0.000  0.520     0.00     0.00     0.00     0.00     0.00 -1    -1e-30      0.00 7.410e-01 2.582e-01 1.387e-04 4.268e-05 3.560e-04 -1.000 8.184e-04 0.229 3.749 3.359 2.238 1.299 0.873 1.065 1.030 0.841 0.417 0.323 0.193 0.100 -0.073 -0.114 -0.346 -0.357 -0.501
0.00077741 -1.30000 10.05000 0.8340541124 2.4300770050    0.764  1.834  3.7382  2.392    4  0.000  0.520     0.00     0.00     0.00     0.00     0.00 -1    -1e-30      0.00 7.410e-01 2.582e-01 1.387e-04 4.268e-05 3.560e-04 -1.000 8.184e-04 0.184 3.742 3.418 2.262 1.291 0.856 1.044 1.004 0.811 0.378 0.283 0.152 0.057 -0.118 -0.159 -0.395 -0.406 -0.553
0.00077741 -1.30000 10.05000 0.8341046572 2.4300930643    0.764  1.869  3.7328  2.335    4  0.000  0.520     0.00     0.00     0.00     0.00     0.00 -1    -1e-30      0.00 7.410e-01 2.582e-01 1.387e-04 4.268e-05 3.560e-04 -1.000 8.184e-04 0.097 3.720 3.531 2.306 1.277 0.824 1.001 0.953 0.752 0.303 0.206 0.071 -0.026 -0.206 -0.248 -0.490 -0.501 -0.653
0.00077741 -1.30000 10.05000 0.8341292739 2.4301008849    0.765  1.905  3.7276  2.279    4  0.000  0.520     0.00     0.00     0.00     0.00     0.00 -1    -1e-30      0.00 7.410e-01 2.582e-01 1.387e-04 4.268e-05 3.560e-04 -1.000 8.183e-04 0.007 3.687 3.640 2.346 1.259 0.789 0.955 0.898 0.689 0.225 0.125 -0.014 -0.113 -0.297 -0.340 -0.587 -0.599 -0.755
0.00077741 -1.30000 10.05000 0.8341400623 2.4301043122    0.765  1.941  3.7230  2.224    4  0.000  0.520     0.00     0.00     0.00     0.00     0.00 -1    -1e-30      0.00 7.410e-01 2.582e-01 1.387e-04 4.268e-05 3.560e-04 -1.000 8.184e-04 -0.083 3.646 3.744 2.382 1.240 0.755 0.908 0.842 0.625 0.147 0.045 -0.097 -0.198 -0.386 -0.430 -0.682 -0.694 -0.855
0.00077741 -1.30000 10.05000 0.8341447711 2.4301058080    0.765  1.976  3.7187  2.172    4  0.000  0.520     0.00     0.00     0.00     0.00     0.00 -1    -1e-30      0.00 7.410e-01 2.582e-01 1.387e-04 4.268e-05 3.560e-04 -1.000 8.184e-04 -0.171 3.600 3.838 2.411 1.218 0.719 0.860 0.786 0.562 0.070 -0.034 -0.179 -0.282 -0.473 -0.518 -0.775 -0.787 -0.952
0.00077741 -1.30000 10.05000 0.8341472149 2.4301065843    0.765  2.011  3.7147  2.121    4  0.000  0.520     0.00     0.00     0.00     0.00     0.00 -1    -1e-30      0.00 7.410e-01 2.582e-01 1.387e-04 4.268e-05 3.560e-04 -1.000 8.184e-04 -0.258 3.547 3.929 2.438 1.196 0.684 0.812 0.730 0.498 -0.007 -0.113 -0.261 -0.365 -0.559 -0.605 -0.866 -0.879 -1.048
0.00077741 -1.30000 10.05000 0.8341485858 2.4301070198    0.765  2.044  3.7112  2.074    4  0.000  0.520     0.00     0.00     0.00     0.00     0.00 -1    -1e-30      0.00 7.410e-01 2.582e-01 1.387e-04 4.268e-05 3.560e-04 -1.000 8.184e-04 -0.340 3.496 4.005 2.458 1.171 0.648 0.765 0.676 0.437 -0.079 -0.186 -0.337 -0.442 -0.639 -0.687 -0.952 -0.965 -1.137
0.00077741 -1.30000 10.05000 0.8341488242 2.4301070955    0.764  2.052  3.7104  2.064    7  0.000  0.520     0.00     0.00     0.00     0.00     0.00 -1 -9.22e-10      0.00 7.410e-01 2.566e-01 1.387e-04 4.268e-05 3.560e-04 -1.000 2.418e-03 -0.359 3.484 4.021 2.461 1.165 0.639 0.754 0.663 0.423 -0.095 -0.203 -0.354 -0.460 -0.658 -0.705 -0.971 -0.984 -1.157
0.00077741 -1.30000 10.05000 0.8341488838 2.4301071145    0.764  2.052  3.7104  2.062    7  0.000  0.520     0.00     0.00     0.00     0.00     0.00 -1 -9.25e-10      0.00 7.410e-01 2.566e-01 1.387e-04 4.268e-05 3.560e-04 -1.000 2.418e-03 -0.361 3.482 4.022 2.462 1.165 0.638 0.752 0.662 0.422 -0.097 -0.205 -0.356 -0.462 -0.660 -0.707 -0.973 -0.986 -1.160
0.00077741 -1.30000 10.05000 0.8341498375 2.4301074174    0.764  2.093  3.7067  2.007    7  0.000  0.520     0.00     0.00     0.00     0.00     0.00 -1 -1.18e-09      0.00 7.410e-01 2.566e-01 1.387e-04 4.268e-05 3.560e-04 -1.000 2.418e-03 -0.461 3.410 4.104 2.476 1.130 0.593 0.692 0.592 0.346 -0.186 -0.296 -0.450 -0.557 -0.758 -0.806 -1.076 -1.090 -1.267
0.00077741 -1.30000 10.05000 0.8341507316 2.4301077014    0.764  2.132  3.7032  1.954    7  0.000  0.520     0.00     0.00     0.00     0.00     0.00 -1 -1.49e-09      0.00 7.410e-01 2.566e-01 1.387e-04 4.268e-05 3.560e-04 -1.000 2.418e-03 -0.559 3.340 4.198 2.502 1.103 0.553 0.634 0.525 0.271 -0.272 -0.384 -0.541 -0.650 -0.854 -0.903 -1.177 -1.191 -1.372
0.00077741 -1.30000 10.05000 0.8341516256 2.4301079854    0.764  2.168  3.7000  1.905    7  0.000  0.520     0.00     0.00     0.00     0.00     0.00 -1 -1.84e-09      0.00 7.410e-01 2.566e-01 1.387e-04 4.268e-05 3.560e-04 -1.000 2.418e-03 -0.651 3.274 4.287 2.527 1.078 0.516 0.580 0.463 0.202 -0.353 -0.466 -0.626 -0.737 -0.943 -0.993 -1.271 -1.286 -1.469
0.00077741 -1.30000 10.05000 0.8341525197 2.4301082695    0.764  2.197  3.6975  1.866    7  0.000  0.520     0.00     0.00     0.00     0.00     0.00 -1 -2.18e-09      0.00 7.410e-01 2.566e-01 1.387e-04 4.268e-05 3.560e-04 -1.000 2.418e-03 -0.724 3.219 4.362 2.551 1.060 0.489 0.539 0.414 0.148 -0.417 -0.531 -0.693 -0.805 -1.013 -1.064 -1.345 -1.360 -1.546
0.00077741 -1.30000 10.05000 0.8341539502 2.4301087239    0.764  2.216  3.6960  1.842    7  0.000  0.520     0.00     0.00     0.00     0.00     0.00 -1 -2.43e-09      0.00 7.410e-01 2.566e-01 1.387e-04 4.268e-05 3.560e-04 -1.000 2.418e-03 -0.769 3.184 4.405 2.563 1.047 0.471 0.512 0.383 0.114 -0.457 -0.572 -0.735 -0.847 -1.057 -1.108 -1.391 -1.406 -1.594
0.00077741 -1.30000 10.05000 0.8341565132 2.4301095380    0.764  2.183  3.6989  1.886    7  0.000  0.520     0.00     0.00     0.00     0.00     0.00 -1    -2e-09      0.00 7.410e-01 2.566e-01 1.387e-04 4.268e-05 3.560e-04 -1.000 2.418e-03 -0.687 3.246 4.317 2.535 1.067 0.500 0.558 0.438 0.174 -0.385 -0.499 -0.659 -0.771 -0.978 -1.028 -1.308 -1.322 -1.507
0.00077741 -1.30000 10.05000 0.8341606259 2.4301108445    0.763  2.150  3.7016  1.929    7  0.000  0.520     0.00     0.00     0.00     0.00     0.00 -1 -1.66e-09      0.00 7.410e-01 2.566e-01 1.387e-04 4.268e-05 3.560e-04 -1.000 2.418e-03 -0.606 3.306 4.239 2.512 1.089 0.532 0.605 0.493 0.235 -0.314 -0.426 -0.584 -0.694 -0.899 -0.949 -1.225 -1.239 -1.421
0.00077741 -1.30000 10.05000 0.8341861367 2.4301189478    0.762  2.163  3.7004  1.911    7  0.000  0.520     0.00     0.00     0.00     0.00     0.00 -1 -1.79e-09      0.00 7.410e-01 2.566e-01 1.387e-04 4.268e-05 3.560e-04 -1.000 2.418e-03 -0.637 3.284 4.275 2.524 1.082 0.522 0.589 0.473 0.213 -0.341 -0.454 -0.613 -0.723 -0.929 -0.979 -1.257 -1.271 -1.454
0.00077741 -1.30000 10.05000 0.8342046142 2.4301248167    0.760  2.200  3.6972  1.859    7  0.000  0.520     0.00     0.00     0.00     0.00     0.00 -1 -2.26e-09      0.00 7.410e-01 2.566e-01 1.387e-04 4.268e-05 3.560e-04 -1.000 2.418e-03 -0.730 3.214 4.376 2.558 1.061 0.488 0.536 0.411 0.144 -0.423 -0.537 -0.699 -0.811 -1.020 -1.071 -1.352 -1.367 -1.554
0.00077741 -1.30000 10.05000 0.8342241645 2.4301310260    0.758  2.248  3.6930  1.793    7  0.000  0.520     0.00     0.00     0.00     0.00     0.00 -1 -3.03e-09      0.00 7.410e-01 2.566e-01 1.387e-04 4.268e-05 3.560e-04 -1.000 2.418e-03 -0.851 3.123 4.502 2.598 1.033 0.445 0.469 0.331 0.055 -0.527 -0.644 -0.809 -0.923 -1.136 -1.188 -1.474 -1.489 -1.681
0.00077741 -1.30000 10.05000 0.8342431784 2.4301370647    0.755  2.294  3.6892  1.730    7  0.000  0.520     0.00     0.00     0.00     0.00     0.00 -1    -4e-09      0.00 7.410e-01 2.566e-01 1.387e-04 4.268e-05 3.560e-04 -1.000 2.418e-03 -0.966 3.033 4.615 2.636 1.005 0.403 0.404 0.254 -0.031 -0.628 -0.746 -0.915 -1.031 -1.247 -1.300 -1.591 -1.606 -1.802
0.00077741 -1.30000 10.05000 0.8342598677 2.4301423648    0.751  2.338  3.6857  1.670    7  0.000  0.520     0.00     0.00     0.00     0.00     0.00 -1  -5.2e-09      0.00 7.410e-01 2.566e-01 1.387e-04 4.268e-05 3.560e-04 -1.000 2.418e-03 -1.075 2.947 4.721 2.677 0.983 0.368 0.345 0.183 -0.110 -0.721 -0.842 -1.013 -1.131 -1.350 -1.404 -1.699 -1.716 -1.915
0.00077741 -1.30000 10.05000 0.8342745900 2.4301470400    0.747  2.381  3.6822  1.611    7  0.000  0.520     0.00     0.00     0.00     0.00     0.00 -1 -6.78e-09      0.00 7.410e-01 2.566e-01 1.387e-04 4.268e-05 3.560e-04 -1.000 2.404e-03 -1.183 2.860 4.773 2.763 1.000 0.365 0.303 0.123 -0.185 -0.817 -0.940 -1.115 -1.235 -1.457 -1.512 -1.811 -1.828 -2.031
0.00077741 -1.30000 10.05000 0.8342874646 2.4301511283    0.743  2.424  3.6787  1.552    7  0.000  0.520     0.00     0.00     0.00     0.00     0.00 -1 -8.82e-09      0.00 7.410e-01 2.566e-01 1.386e-04 4.268e-05 3.560e-04 -1.000 2.344e-03 -1.290 2.775 4.832 2.860 1.023 0.367 0.266 0.067 -0.256 -0.910 -1.036 -1.215 -1.337 -1.563 -1.619 -1.921 -1.938 -2.145
0.00077741 -1.30000 10.05000 0.8342987895 2.4301547244    0.737  2.466  3.6753  1.493    7  0.000  0.520     0.00     0.00     0.00     0.00     0.00 -1 -1.14e-08      0.00 7.410e-01 2.567e-01 1.385e-04 4.271e-05 3.560e-04 -1.000 2.303e-03 -1.396 2.691 4.897 2.966 1.051 0.376 0.233 0.015 -0.324 -1.001 -1.130 -1.313 -1.438 -1.666 -1.723 -2.029 -2.046 -2.256
0.00077741 -1.30000 10.05000 0.8343089223 2.4301579419    0.731  2.508  3.6720  1.434    7  0.000  0.518     7.49     5.88     4.16     3.23     2.61  3 -1.47e-08      0.00 7.410e-01 2.567e-01 1.381e-04 4.289e-05 3.560e-04 -1.000 2.268e-03 -1.501 2.607 4.966 3.082 1.087 0.392 0.208 -0.032 -0.387 -1.089 -1.222 -1.409 -1.536 -1.769 -1.826 -2.136 -2.154 -2.368
0.00077741 -1.30000 10.05000 0.8343181014 2.4301608564    0.724  2.550  3.6682  1.373    7  0.000  0.514     8.50     6.56     4.61     3.58     2.90  3 -1.91e-08      0.00 7.410e-01 2.568e-01 1.371e-04 4.370e-05 3.560e-04 -1.000 2.200e-03 -1.606 2.525 5.055 3.231 1.144 0.428 0.197 -0.067 -0.443 -1.174 -1.311 -1.503 -1.633 -1.871 -1.929 -2.244 -2.262 -2.479
0.00077741 -1.30000 10.05000 0.8343265057 2.4301635249    0.716  2.593  3.6616  1.299    7  0.000  0.506     9.91     7.47     5.22     4.07     3.29  2 -2.53e-08      0.00 7.410e-01 2.568e-01 1.352e-04 4.571e-05 3.560e-04 -1.000 2.184e-03 -1.711 2.461 5.273 3.562 1.320 0.571 0.262 -0.045 -0.457 -1.241 -1.384 -1.586 -1.722 -1.967 -2.027 -2.350 -2.368 -2.593
0.00077741 -1.30000 10.05000 0.8343325257 2.4301654363    0.708  2.625  3.6559  1.240    7  0.000  0.498    11.22     8.29     5.76     4.50     3.64  2 -3.14e-08      0.00 7.410e-01 2.569e-01 1.332e-04 4.797e-05 3.560e-04 -1.000 2.161e-03 -1.791 2.415 5.470 3.828 1.464 0.693 0.327 -0.015 -0.456 -1.281 -1.431 -1.641 -1.781 -2.033 -2.095 -2.426 -2.445 -2.677
0.00077741 -1.30000 10.05000 0.8343398571 2.4301677640    0.696  2.666  3.6523  1.176    7  0.000  0.489    12.78     9.26     6.40     5.01     4.05  2 -4.13e-08      0.00 7.410e-01 2.569e-01 1.307e-04 5.108e-05 3.560e-04 -1.000 2.114e-03 -1.896 2.331 5.574 3.931 1.489 0.709 0.309 -0.053 -0.509 -1.358 -1.512 -1.726 -1.869 -2.126 -2.189 -2.526 -2.545 -2.782
0.00077741 -1.30000 10.05000 0.8343467712 2.4301699592    0.681  2.708  3.6491  1.112    7  0.000  0.480    14.57    10.34     7.11     5.58     4.51  2 -5.49e-08      0.00 7.409e-01 2.570e-01 1.284e-04 5.388e-05 3.560e-04 -1.000 2.112e-03 -1.999 2.247 5.659 4.023 1.509 0.721 0.288 -0.093 -0.564 -1.436 -1.592 -1.812 -1.957 -2.218 -2.283 -2.625 -2.645 -2.886
0.00077741 -1.30000 10.05000 0.8343535662 2.4301721166    0.662  2.749  3.6457  1.044    7  0.000  0.472    16.71    11.59     7.93     6.24     5.05  2 -7.44e-08      0.00 7.408e-01 2.571e-01 1.264e-04 5.633e-05 3.560e-04 -1.000 2.109e-03 -2.103 2.164 5.736 4.119 1.533 0.738 0.271 -0.130 -0.616 -1.511 -1.671 -1.895 -2.043 -2.309 -2.375 -2.723 -2.744 -2.990
0.00077741 -1.30000 10.05000 0.8343601227 2.4301741981    0.635  2.792  3.6426  0.971    7  0.000  0.466    19.34    13.09     8.89     7.02     5.68  1 -1.05e-07      0.00 7.408e-01 2.571e-01 1.246e-04 5.851e-05 3.560e-04 -1.000 2.079e-03 -2.210 2.077 5.803 4.214 1.558 0.757 0.255 -0.166 -0.669 -1.589 -1.752 -1.983 -2.132 -2.404 -2.471 -2.826 -2.846 -3.097
0.00077741 -1.30000 10.05000 0.8343660831 2.4301760905    0.600  2.835  3.6411  0.898    7  0.000  0.460    22.36    14.74     9.95     7.88     6.38  1 -1.55e-07      0.00 7.407e-01 2.572e-01 1.231e-04 6.039e-05 3.559e-04 -1.000 2.040e-03 -2.317 1.981 5.811 4.251 1.550 0.746 0.218 -0.219 -0.736 -1.677 -1.844 -2.079 -2.230 -2.506 -2.574 -2.933 -2.954 -3.208
0.00077741 -1.30000 10.05000 0.8343715668 2.4301778314    0.552  2.879  3.6470  0.841    7  0.000  0.455    24.82    15.98    10.73     8.54     6.91  1 -2.43e-07      0.00 7.406e-01 2.573e-01 1.217e-04 6.211e-05 3.558e-04 -1.000 2.033e-03 -2.428 1.842 5.532 3.978 1.345 0.552 0.032 -0.392 -0.901 -1.827 -1.992 -2.222 -2.372 -2.643 -2.709 -3.060 -3.080 -3.326
0.00077741 -1.30000 10.05000 0.8343741298 2.4301786450    0.510  2.903  3.6646  0.853    7  0.000  0.451    23.78    15.32    10.29     8.20     6.63  1 -3.02e-07      0.00 7.406e-01 2.574e-01 1.208e-04 6.325e-05 3.558e-04 -1.000 2.051e-03 -2.487 1.690 4.753 3.054 0.724 -0.020 -0.432 -0.768 -1.201 -2.013 -2.162 -2.368 -2.507 -2.756 -2.816 -3.142 -3.160 -3.384
0.00077741 -1.30000 10.05000 1.1082707644 2.4930587232    0.549 -9.999  3.6046  7.962    9  0.549  0.000     0.00     0.00     0.00     0.00     0.00 -1    -1e-30      0.00 7.282e-01 2.711e-01 1.090e-04 8.923e-05 3.587e-04 -1.000 7.364e-04 29.767 34.095 38.129 36.236 33.638 32.807 32.531 32.056 31.650 30.625 30.455 30.148 29.963 29.638 29.539 29.097 29.069 28.777
