 Zini     MH   logAge Mini        int_IMF         Mass   logL    logTe  logg  label   McoreTP C_O  period0  period1  period2  period3  period4  pmode  Mloss  tau1m   X   Y   Xc  Xn  Xo  Cexcess  Z 	 mbolmag  F170Wmag  F218Wmag  F255Wmag  F300Wmag  F336Wmag  F380Wmag  F439Wmag  F450Wmag  F555Wmag  F569Wmag  F606Wmag  F622Wmag  F675Wmag  F702Wmag  F791Wmag  F814Wmag  F850LPmag
0.00123 -1.10000 9.55000 0.0900000036 1.0816895926    0.090 -3.229  3.4498  5.373    1  0.000  0.545     0.00     0.00     0.00     0.00     0.00 -1  -5.1e-17      0.00 7.474e-01 2.513e-01 2.335e-04 6.300e-05 5.714e-04 -1.000 1.299e-03 12.842 17.802 22.743 23.430 19.393 19.060 20.067 18.870 17.828 16.275 16.060 15.443 15.274 14.407 13.788 12.546 12.459 11.760
0.00123 -1.10000 9.55000 0.0932839662 1.1124225670    0.093 -3.145  3.4618  5.352    1  0.000  0.545     0.00     0.00     0.00     0.00     0.00 -1 -6.22e-17      0.00 7.473e-01 2.514e-01 2.335e-04 6.300e-05 5.714e-04 -1.000 1.299e-03 12.632 17.543 22.490 23.095 19.054 18.609 19.335 18.209 17.261 15.715 15.499 14.931 14.758 13.977 13.437 12.281 12.203 11.555
0.00123 -1.10000 9.55000 0.1000000089 1.1711064744    0.100 -2.982  3.4850  5.312    1  0.000  0.545     0.00     0.00     0.00     0.00     0.00 -1 -9.17e-17      0.00 7.471e-01 2.516e-01 2.335e-04 6.300e-05 5.714e-04 -1.000 1.299e-03 12.224 17.039 21.985 22.341 18.351 17.727 18.021 17.022 16.221 14.701 14.486 14.011 13.824 13.197 12.781 11.782 11.720 11.161
0.00123 -1.10000 9.55000 0.1199999973 1.3193154249    0.120 -2.699  3.5181  5.240    1  0.000  0.545     0.00     0.00     0.00     0.00     0.00 -1 -1.74e-16      0.00 7.464e-01 2.523e-01 2.335e-04 6.300e-05 5.714e-04 -1.000 1.299e-03 11.518 16.191 21.087 20.840 17.093 16.305 16.164 15.376 14.736 13.316 13.105 12.716 12.518 12.050 11.775 10.986 10.939 10.484
0.00123 -1.10000 9.55000 0.1400000006 1.4384526719    0.140 -2.517  3.5350  5.193    1  0.000  0.545     0.00     0.00     0.00     0.00     0.00 -1 -2.58e-16      0.00 7.459e-01 2.528e-01 2.335e-04 6.300e-05 5.714e-04 -1.000 1.299e-03 11.063 15.666 20.496 19.878 16.310 15.482 15.213 14.520 13.948 12.607 12.402 12.036 11.838 11.416 11.195 10.499 10.457 10.043
0.00123 -1.10000 9.55000 0.1584881693 1.5303957708    0.158 -2.390  3.5450  5.160    1  0.000  0.545     0.00     0.00     0.00     0.00     0.00 -1 -3.38e-16      0.00 7.455e-01 2.532e-01 2.335e-04 6.300e-05 5.714e-04 -1.000 1.299e-03 10.746 15.308 20.082 19.244 15.793 14.950 14.631 13.988 13.452 12.162 11.960 11.604 11.407 11.005 10.811 10.165 10.126 9.733
0.00123 -1.10000 9.55000 0.1599999964 1.5372931554    0.160 -2.381  3.5458  5.158    1  0.000  0.545     0.00     0.00     0.00     0.00     0.00 -1 -3.45e-16      0.00 7.455e-01 2.532e-01 2.335e-04 6.300e-05 5.714e-04 -1.000 1.299e-03 10.721 15.280 20.050 19.196 15.754 14.910 14.587 13.948 13.414 12.128 11.927 11.571 11.374 10.974 10.782 10.140 10.101 9.710
0.00123 -1.10000 9.55000 0.2000000179 1.6938791367    0.200 -2.172  3.5603  5.104    1  0.000  0.545     0.00     0.00     0.00     0.00     0.00 -1 -5.31e-16      0.00 7.449e-01 2.538e-01 2.335e-04 6.300e-05 5.714e-04 -1.000 1.299e-03 10.199 14.701 19.364 18.197 14.940 14.086 13.715 13.141 12.654 11.442 11.247 10.902 10.708 10.330 10.174 9.599 9.563 9.200
0.00123 -1.10000 9.55000 0.2500000000 1.8403257998    0.250 -1.974  3.5720  5.050    1  0.000  0.545     0.00     0.00     0.00     0.00     0.00 -1 -7.96e-16      0.00 7.443e-01 2.544e-01 2.335e-04 6.300e-05 5.714e-04 -1.000 1.299e-03 9.705 14.164 18.710 17.306 14.212 13.359 12.969 12.442 11.984 10.832 10.643 10.308 10.117 9.752 9.620 9.094 9.060 8.717
0.00123 -1.10000 9.55000 0.3000000715 1.9529140962    0.300 -1.816  3.5807  5.005    1  0.000  0.545     0.00     0.00     0.00     0.00     0.00 -1  -1.1e-15      0.00 7.442e-01 2.546e-01 2.335e-04 6.300e-05 5.714e-04 -1.000 1.299e-03 9.309 13.738 18.193 16.650 13.646 12.793 12.402 11.904 11.467 10.359 10.175 9.847 9.659 9.305 9.186 8.690 8.658 8.329
0.00123 -1.10000 9.55000 0.3500000238 2.0434175133    0.350 -1.670  3.5876  4.954    1  0.000  0.545     0.00     0.00     0.00     0.00     0.00 -1 -1.51e-15      0.00 7.478e-01 2.509e-01 2.335e-04 6.300e-05 5.714e-04 -1.000 1.299e-03 8.945 13.351 17.710 16.056 13.142 12.293 11.909 11.434 11.010 9.939 9.758 9.438 9.253 8.907 8.797 8.322 8.292 7.972
0.00123 -1.10000 9.55000 0.3930577636 2.1088281565    0.393 -1.545  3.5969  4.917    1  0.000  0.545     0.00     0.00     0.00     0.00     0.00 -1 -1.99e-15      0.00 7.480e-01 2.507e-01 2.335e-04 6.300e-05 5.714e-04 -1.000 1.299e-03 8.633 13.008 17.240 15.461 12.647 11.804 11.438 10.987 10.581 9.555 9.380 9.071 8.890 8.555 8.455 8.004 7.975 7.668
0.00123 -1.10000 9.55000 0.4000000358 2.1185024810    0.400 -1.526  3.5983  4.912    1  0.000  0.545     0.00     0.00     0.00     0.00     0.00 -1 -2.07e-15      0.00 7.480e-01 2.507e-01 2.335e-04 6.300e-05 5.714e-04 -1.000 1.299e-03 8.586 12.957 17.169 15.373 12.573 11.730 11.368 10.920 10.517 9.497 9.323 9.016 8.835 8.502 8.404 7.956 7.927 7.622
0.00123 -1.10000 9.55000 0.4230751991 2.1491533136    0.423 -1.446  3.6056  4.885    1  0.000  0.545     0.00     0.00     0.00     0.00     0.00 -1  -2.5e-15      0.00 7.480e-01 2.507e-01 2.335e-04 6.300e-05 5.714e-04 -1.000 1.299e-03 8.385 12.732 16.873 14.991 12.229 11.389 11.048 10.616 10.227 9.243 9.074 8.776 8.599 8.275 8.183 7.751 7.723 7.428
0.00123 -1.10000 9.55000 0.4500000477 2.1822809714    0.450 -1.358  3.6137  4.856    1  0.000  0.545     0.00     0.00     0.00     0.00     0.00 -1 -3.07e-15      0.00 7.480e-01 2.507e-01 2.335e-04 6.300e-05 5.714e-04 -1.000 1.299e-03 8.164 12.485 16.541 14.572 11.851 11.014 10.700 10.285 9.911 8.965 8.801 8.515 8.341 8.028 7.941 7.525 7.499 7.214
0.00123 -1.10000 9.55000 0.5000000000 2.2374541529    0.500 -1.170  3.6380  4.811    1  0.000  0.545     0.00     0.00     0.00     0.00     0.00 -1 -4.73e-15      0.00 7.480e-01 2.507e-01 2.335e-04 6.300e-05 5.714e-04 -1.000 1.299e-03 7.695 11.934 15.462 13.335 10.894 10.081 9.877 9.502 9.166 8.333 8.186 7.933 7.771 7.492 7.418 7.049 7.027 6.773
0.00123 -1.10000 9.55000 0.5500000715 2.2836583126    0.550 -0.975  3.6676  4.776    1  0.000  0.545     0.00     0.00     0.00     0.00     0.00 -1 -7.33e-15      0.00 7.586e-01 2.401e-01 2.244e-04 6.054e-05 5.491e-04 -1.000 1.265e-03 7.208 11.328 14.159 11.901 9.756 8.988 8.961 8.653 8.362 7.659 7.533 7.322 7.177 6.937 6.877 6.558 6.540 6.324
0.00123 -1.10000 9.55000 0.6000000238 2.3211213258    0.600 -0.797  3.6937  4.739    1  0.000  0.545     0.00     0.00     0.00     0.00     0.00 -1  -1.1e-14      0.00 7.612e-01 2.375e-01 2.223e-04 5.999e-05 5.442e-04 -1.000 1.246e-03 6.762 10.751 12.603 10.481 8.727 8.049 8.168 7.950 7.687 7.081 6.968 6.788 6.662 6.448 6.396 6.112 6.097 5.911
0.00123 -1.10000 9.55000 0.6404544115 2.3465610903    0.640 -0.657  3.7155  4.715    1  0.000  0.545     0.00     0.00     0.00     0.00     0.00 -1 -1.52e-14      0.00 7.637e-01 2.350e-01 2.202e-04 5.944e-05 5.392e-04 -1.000 1.259e-03 6.411 10.259 11.116 9.391 7.949 7.354 7.576 7.433 7.192 6.653 6.547 6.389 6.277 6.080 6.034 5.773 5.761 5.596
0.00123 -1.10000 9.55000 0.6499999762 2.3520353107    0.650 -0.624  3.7206  4.710    1  0.000  0.545     0.00     0.00     0.00     0.00     0.00 -1 -1.63e-14      0.00 7.643e-01 2.344e-01 2.197e-04 5.930e-05 5.380e-04 -1.000 1.269e-03 6.331 10.141 10.787 9.157 7.778 7.202 7.445 7.318 7.082 6.558 6.454 6.300 6.190 5.998 5.952 5.697 5.685 5.526
0.00123 -1.10000 9.55000 0.6736723185 2.3648444686    0.674 -0.546  3.7328  4.695    1  0.000  0.544     0.00     0.00     0.00     0.00     0.00 -1 -1.96e-14      0.00 7.661e-01 2.326e-01 2.183e-04 5.893e-05 5.347e-04 -1.000 1.235e-03 6.134 9.839 10.055 8.622 7.382 6.846 7.136 7.043 6.822 6.332 6.231 6.088 5.983 5.799 5.757 5.513 5.503 5.354
0.00123 -1.10000 9.55000 0.7000000477 2.3779267258    0.700 -0.460  3.7458  4.678    1  0.000  0.544     0.00     0.00     0.00     0.00     0.00 -1 -2.38e-14      0.00 7.683e-01 2.305e-01 2.166e-04 5.849e-05 5.307e-04 -1.000 1.199e-03 5.920 9.488 9.308 8.067 6.975 6.486 6.815 6.756 6.550 6.093 5.997 5.863 5.764 5.590 5.550 5.319 5.309 5.173
0.00123 -1.10000 9.55000 0.7061995864 2.3808445606    0.706 -0.440  3.7488  4.674    1  0.000  0.543     0.00     0.00     0.00     0.00     0.00 -1 -2.49e-14      0.00 7.689e-01 2.299e-01 2.158e-04 5.835e-05 5.296e-04 -1.000 1.201e-03 5.871 9.402 9.135 7.939 6.883 6.405 6.743 6.690 6.487 6.039 5.944 5.812 5.715 5.542 5.503 5.275 5.266 5.132
0.00123 -1.10000 9.55000 0.7405389547 2.3959942419    0.741 -0.333  3.7647  4.651    1  0.000  0.538     0.00     0.00     0.00     0.00     0.00 -1  -3.2e-14      0.00 7.726e-01 2.262e-01 2.110e-04 5.755e-05 5.230e-04 -1.000 1.200e-03 5.602 8.896 8.268 7.279 6.402 5.984 6.357 6.338 6.154 5.748 5.660 5.539 5.449 5.289 5.253 5.040 5.033 4.913
0.00123 -1.10000 9.55000 0.7500000000 2.3998889087    0.750 -0.304  3.7689  4.644    1  0.000  0.537     0.00     0.00     0.00     0.00     0.00 -1 -3.43e-14      0.00 7.737e-01 2.251e-01 2.097e-04 5.731e-05 5.210e-04 -1.000 1.177e-03 5.529 8.750 8.052 7.111 6.278 5.875 6.256 6.245 6.066 5.671 5.585 5.467 5.379 5.221 5.186 4.978 4.971 4.854
0.00123 -1.10000 9.55000 0.7612767220 2.4043858890    0.761 -0.269  3.7729  4.633    1  0.000  0.536     0.00     0.00     0.00     0.00     0.00 -1 -3.73e-14      0.00 7.758e-01 2.230e-01 2.081e-04 5.689e-05 5.171e-04 -1.000 1.165e-03 5.444 8.589 7.835 6.937 6.144 5.756 6.145 6.140 5.966 5.582 5.497 5.382 5.296 5.141 5.107 4.902 4.896 4.783
0.00123 -1.10000 9.55000 0.7943753600 2.4167413484    0.794 -0.170  3.7844  4.597    1  0.000  0.536     0.00     0.00     0.00     0.00     0.00 -1 -4.78e-14      0.00 7.828e-01 2.161e-01 2.029e-04 5.548e-05 5.045e-04 -1.000 1.118e-03 5.195 8.116 7.248 6.461 5.773 5.425 5.828 5.839 5.679 5.325 5.244 5.137 5.055 4.910 4.877 4.684 4.678 4.575
0.00123 -1.10000 9.55000 0.8000000715 2.4187244613    0.800 -0.153  3.7862  4.591    1  0.000  0.536     0.00     0.00     0.00     0.00     0.00 -1 -4.99e-14      0.00 7.841e-01 2.147e-01 2.019e-04 5.521e-05 5.021e-04 -1.000 1.109e-03 5.153 8.036 7.157 6.387 5.714 5.372 5.776 5.789 5.631 5.282 5.202 5.096 5.015 4.871 4.839 4.647 4.641 4.540
0.00123 -1.10000 9.55000 0.8271568418 2.4278643768    0.827 -0.072  3.7947  4.559    1  0.000  0.535     0.00     0.00     0.00     0.00     0.00 -1 -6.13e-14      0.00 7.900e-01 2.089e-01 1.977e-04 5.410e-05 4.922e-04 -1.000 1.129e-03 4.951 7.660 6.744 6.044 5.439 5.126 5.531 5.551 5.404 5.075 4.999 4.899 4.821 4.684 4.653 4.469 4.464 4.369
0.00123 -1.10000 9.55000 0.8500000238 2.4350346840    0.849 -0.005  3.8015  4.530    1  0.000  0.535     0.00     0.00     0.00     0.00     0.00 -1 -7.29e-14      0.00 7.947e-01 2.042e-01 1.943e-04 5.319e-05 4.841e-04 -1.000 1.096e-03 4.782 7.350 6.418 5.771 5.218 4.927 5.330 5.354 5.214 4.903 4.829 4.733 4.659 4.526 4.497 4.320 4.316 4.226
0.00123 -1.10000 9.55000 0.8603424430 2.4381374559    0.860  0.025  3.8046  4.518    1  0.000  0.535     0.00     0.00     0.00     0.00     0.00 -1 -7.88e-14      0.00 7.952e-01 2.037e-01 1.941e-04 5.314e-05 4.839e-04 -1.000 1.088e-03 4.707 7.212 6.280 5.654 5.122 4.841 5.241 5.266 5.130 4.826 4.754 4.660 4.586 4.456 4.428 4.254 4.249 4.163
0.00123 -1.10000 9.55000 0.8910158277 2.4468544443    0.890  0.114  3.8136  4.480    1  0.000  0.534     0.00     0.00     0.00     0.00     0.00 -1 -9.93e-14      0.00 7.961e-01 2.028e-01 1.940e-04 5.318e-05 4.844e-04 -1.000 1.063e-03 4.484 6.817 5.890 5.323 4.849 4.595 4.981 5.007 4.881 4.597 4.528 4.440 4.371 4.248 4.221 4.056 4.052 3.972
0.00123 -1.10000 9.55000 0.8999999762 2.4492786016    0.899  0.141  3.8161  4.468    1  0.000  0.534     0.00     0.00     0.00     0.00     0.00 -1 -1.06e-13      0.00 7.962e-01 2.027e-01 1.942e-04 5.324e-05 4.850e-04 -1.000 1.084e-03 4.419 6.709 5.786 5.232 4.772 4.525 4.905 4.932 4.808 4.529 4.462 4.375 4.307 4.186 4.159 3.996 3.993 3.915
0.00123 -1.10000 9.55000 0.9185378551 2.4541086832    0.918  0.194  3.8216  4.445    1  0.000  0.534     0.00     0.00     0.00     0.00     0.00 -1 -1.22e-13      0.00 7.964e-01 2.024e-01 1.943e-04 5.328e-05 4.854e-04 -1.000 1.133e-03 4.284 6.486 5.572 5.046 4.614 4.381 4.750 4.776 4.658 4.390 4.325 4.242 4.175 4.059 4.033 3.876 3.873 3.800
0.00123 -1.10000 9.55000 0.9418456554 2.4598723722    0.941  0.263  3.8284  4.415    1  0.000  0.534     0.00     0.00     0.00     0.00     0.00 -1 -1.47e-13      0.00 7.964e-01 2.025e-01 1.947e-04 5.338e-05 4.864e-04 -1.000 1.114e-03 4.114 6.209 5.309 4.816 4.419 4.202 4.554 4.579 4.467 4.213 4.150 4.072 4.008 3.897 3.872 3.722 3.719 3.652
0.00123 -1.10000 9.55000 0.9499999881 2.4618121868    0.949  0.287  3.8307  4.404    1  0.000  0.534     0.00     0.00     0.00     0.00     0.00 -1 -1.56e-13      0.00 7.963e-01 2.025e-01 1.949e-04 5.342e-05 4.869e-04 -1.000 1.105e-03 4.054 6.113 5.219 4.737 4.351 4.141 4.486 4.510 4.400 4.151 4.089 4.012 3.949 3.840 3.816 3.668 3.665 3.600
0.00123 -1.10000 9.55000 0.9541775584 2.4627912214    0.953  0.299  3.8321  4.399    1  0.000  0.534     0.00     0.00     0.00     0.00     0.00 -1 -1.61e-13      0.00 7.964e-01 2.026e-01 1.948e-04 5.342e-05 4.868e-04 -1.000 1.096e-03 4.023 6.065 5.174 4.697 4.318 4.110 4.451 4.475 4.366 4.119 4.058 3.982 3.920 3.811 3.787 3.641 3.638 3.574
0.00123 -1.10000 9.55000 0.9772661924 2.4680289949    0.977  0.368  3.8393  4.369    1  0.000  0.534     0.00     0.00     0.00     0.00     0.00 -1 -1.93e-13      0.00 7.962e-01 2.027e-01 1.949e-04 5.344e-05 4.870e-04 -1.000 1.113e-03 3.851 5.791 4.921 4.476 4.128 3.938 4.255 4.275 4.173 3.940 3.881 3.810 3.751 3.649 3.626 3.487 3.485 3.427
0.00123 -1.10000 9.55000 0.9977415800 2.4724414636    0.997  0.430  3.8458  4.342    1  0.000  0.534     0.00     0.00     0.00     0.00     0.00 -1 -2.28e-13      0.00 7.958e-01 2.031e-01 1.951e-04 5.350e-05 4.875e-04 -1.000 1.119e-03 3.694 5.548 4.698 4.280 3.960 3.784 4.077 4.094 3.997 3.776 3.721 3.654 3.597 3.500 3.479 3.347 3.346 3.292
0.00123 -1.10000 9.55000 1.0000000000 2.4729154477    1.000  0.437  3.8466  4.339    1  0.000  0.534     0.00     0.00     0.00     0.00     0.00 -1 -2.32e-13      0.00 7.957e-01 2.031e-01 1.952e-04 5.351e-05 4.876e-04 -1.000 1.122e-03 3.677 5.521 4.673 4.258 3.941 3.766 4.057 4.073 3.978 3.758 3.703 3.636 3.580 3.484 3.463 3.332 3.330 3.277
0.00123 -1.10000 9.55000 1.0186059475 2.4767285514    1.018  0.495  3.8534  4.316    1  0.000  0.534     0.00     0.00     0.00     0.00     0.00 -1 -2.62e-13      0.00 7.960e-01 2.029e-01 1.950e-04 5.348e-05 4.874e-04 -1.000 1.118e-03 3.533 5.289 4.463 4.076 3.786 3.626 3.892 3.904 3.815 3.607 3.555 3.493 3.440 3.349 3.329 3.206 3.204 3.156
0.00123 -1.10000 9.55000 1.0370961428 2.4803624789    1.036  0.553  3.8601  4.293    1  0.000  0.534     0.00     0.00     0.00     0.00     0.00 -1 -2.97e-13      0.00 7.961e-01 2.028e-01 1.950e-04 5.348e-05 4.873e-04 -1.000 1.124e-03 3.387 5.059 4.256 3.895 3.631 3.486 3.725 3.733 3.649 3.454 3.404 3.347 3.297 3.212 3.194 3.078 3.077 3.034
0.00123 -1.10000 9.55000 1.0499999523 2.4828114860    1.049  0.595  3.8646  4.274    1  0.000  0.534     0.00     0.00     0.00     0.00     0.00 -1 -3.26e-13      0.00 7.961e-01 2.028e-01 1.951e-04 5.349e-05 4.874e-04 -1.000 1.107e-03 3.283 4.904 4.118 3.774 3.525 3.389 3.608 3.613 3.533 3.346 3.298 3.244 3.196 3.116 3.098 2.987 2.986 2.946
0.00123 -1.10000 9.55000 1.0569064617 2.4840940503    1.056  0.616  3.8670  4.265    1  0.000  0.534     0.00     0.00     0.00     0.00     0.00 -1 -3.41e-13      0.00 7.963e-01 2.026e-01 1.950e-04 5.345e-05 4.870e-04 -1.000 1.089e-03 3.230 4.824 4.046 3.711 3.471 3.338 3.548 3.551 3.473 3.290 3.243 3.191 3.144 3.066 3.048 2.940 2.939 2.901
0.00123 -1.10000 9.55000 1.0677009821 2.4860604656    1.066  0.651  3.8704  4.249    1  0.000  0.534     0.00     0.00     0.00     0.00     0.00 -1 -3.68e-13      0.00 7.964e-01 2.024e-01 1.948e-04 5.341e-05 4.867e-04 -1.000 1.139e-03 3.143 4.698 3.935 3.612 3.383 3.257 3.450 3.452 3.376 3.200 3.154 3.104 3.059 2.984 2.967 2.863 2.862 2.826
0.00123 -1.10000 9.55000 1.0776817799 2.4878383964    1.076  0.684  3.8730  4.230    1  0.000  0.534     0.00     0.00     0.00     0.00     0.00 -1 -3.97e-13      0.00 7.959e-01 2.030e-01 1.952e-04 5.353e-05 4.878e-04 -1.000 1.156e-03 3.061 4.587 3.835 3.522 3.301 3.180 3.360 3.359 3.286 3.114 3.070 3.022 2.978 2.905 2.889 2.788 2.787 2.753
0.00123 -1.10000 9.55000 1.0858491659 2.4892653652    1.084  0.710  3.8747  4.214    1  0.000  0.534     0.00     0.00     0.00     0.00     0.00 -1 -4.23e-13      0.00 7.954e-01 2.034e-01 1.957e-04 5.365e-05 4.889e-04 -1.000 1.160e-03 2.994 4.503 3.759 3.452 3.236 3.118 3.287 3.285 3.214 3.045 3.002 2.955 2.912 2.841 2.825 2.726 2.726 2.692
0.00123 -1.10000 9.55000 1.0880178213 2.4896401259    1.086  0.717  3.8751  4.209    1  0.000  0.534     0.00     0.00     0.00     0.00     0.00 -1 -4.31e-13      0.00 7.953e-01 2.035e-01 1.958e-04 5.368e-05 4.891e-04 -1.000 1.162e-03 2.976 4.482 3.739 3.434 3.219 3.102 3.268 3.266 3.195 3.027 2.984 2.938 2.895 2.824 2.808 2.710 2.709 2.676
0.00123 -1.10000 9.55000 1.0908970833 2.4901350381    1.089  0.730  3.8760  4.201    1  0.000  0.534     0.00     0.00     0.00     0.00     0.00 -1 -4.45e-13      0.00 7.952e-01 2.037e-01 1.959e-04 5.372e-05 4.895e-04 -1.000 1.163e-03 2.946 4.441 3.703 3.401 3.189 3.073 3.234 3.231 3.161 2.995 2.952 2.907 2.864 2.794 2.779 2.681 2.681 2.648
0.00123 -1.10000 9.55000 1.0954244137 2.4909071870    1.094  0.750  3.8776  4.190    1  0.000  0.534     0.00     0.00     0.00     0.00     0.00 -1 -4.66e-13      0.00 7.950e-01 2.039e-01 1.961e-04 5.377e-05 4.900e-04 -1.000 1.166e-03 2.896 4.374 3.643 3.347 3.140 3.027 3.180 3.175 3.106 2.943 2.901 2.857 2.815 2.747 2.732 2.637 2.636 2.604
0.00123 -1.10000 9.55000 1.0997233391 2.4916336175    1.098  0.770  3.8794  4.178    1  0.000  0.534     0.00     0.00     0.00     0.00     0.00 -1 -4.91e-13      0.00 7.948e-01 2.040e-01 1.963e-04 5.382e-05 4.904e-04 -1.000 1.169e-03 2.845 4.304 3.580 3.291 3.090 2.980 3.123 3.117 3.050 2.890 2.849 2.806 2.765 2.699 2.684 2.591 2.590 2.559
0.00123 -1.10000 9.55000 1.1000000238 2.4916801480    1.098  0.771  3.8795  4.177    1  0.000  0.534     0.00     0.00     0.00     0.00     0.00 -1 -4.93e-13      0.00 7.948e-01 2.040e-01 1.963e-04 5.382e-05 4.904e-04 -1.000 1.169e-03 2.842 4.299 3.576 3.287 3.086 2.977 3.119 3.113 3.046 2.887 2.846 2.803 2.762 2.696 2.681 2.588 2.587 2.556
0.00123 -1.10000 9.55000 1.1011180878 2.4918679005    1.100  0.776  3.8799  4.175    1  0.000  0.534     0.00     0.00     0.00     0.00     0.00 -1 -4.98e-13      0.00 7.948e-01 2.040e-01 1.963e-04 5.383e-05 4.904e-04 -1.000 1.168e-03 2.830 4.283 3.562 3.275 3.075 2.966 3.106 3.100 3.033 2.875 2.834 2.791 2.751 2.685 2.670 2.577 2.577 2.546
0.00123 -1.10000 9.55000 1.1041728258 2.4923786432    1.103  0.793  3.8814  4.165    1  0.000  0.534     0.00     0.00     0.00     0.00     0.00 -1 -5.21e-13      0.00 7.947e-01 2.041e-01 1.964e-04 5.384e-05 4.906e-04 -1.000 1.166e-03 2.787 4.224 3.510 3.228 3.033 2.927 3.059 3.051 2.986 2.830 2.790 2.749 2.709 2.644 2.630 2.539 2.539 2.509
0.00123 -1.10000 9.55000 1.1043449640 2.4924073275    1.103  0.794  3.8815  4.164    1  0.000  0.534     0.00     0.00     0.00     0.00     0.00 -1 -5.23e-13      0.00 7.947e-01 2.041e-01 1.964e-04 5.384e-05 4.906e-04 -1.000 1.166e-03 2.785 4.220 3.506 3.225 3.030 2.924 3.056 3.048 2.983 2.828 2.787 2.746 2.706 2.642 2.627 2.537 2.536 2.507
0.00123 -1.10000 9.55000 1.1123555899 2.4937308952    1.111  0.830  3.8814  4.131    2  0.000  0.534     0.00     0.00     0.00     0.00     0.00 -1 -5.79e-13      0.00 7.944e-01 2.045e-01 1.967e-04 5.392e-05 4.912e-04 -1.000 1.161e-03 2.694 4.134 3.423 3.143 2.947 2.840 2.962 2.954 2.889 2.735 2.695 2.653 2.614 2.550 2.536 2.445 2.445 2.415
0.00123 -1.10000 9.55000 1.1243866682 2.4956780591    1.123  0.884  3.8790  4.072    2  0.000  0.534     0.00     0.00     0.00     0.00     0.00 -1 -6.82e-13      0.00 7.938e-01 2.051e-01 1.971e-04 5.404e-05 4.922e-04 -1.000 1.154e-03 2.559 4.033 3.319 3.032 2.827 2.716 2.829 2.820 2.754 2.598 2.557 2.515 2.474 2.409 2.394 2.302 2.302 2.269
0.00123 -1.10000 9.55000 1.1356199980 2.4974533456    1.134  0.941  3.8715  3.990    2  0.000  0.534     0.00     0.00     0.00     0.00     0.00 -1 -8.33e-13      0.00 7.932e-01 2.056e-01 1.975e-04 5.415e-05 4.931e-04 -1.000 1.147e-03 2.418 3.989 3.254 2.943 2.712 2.587 2.701 2.694 2.623 2.457 2.414 2.367 2.324 2.253 2.237 2.137 2.136 2.099
0.00123 -1.10000 9.55000 1.1422916651 2.4984887332    1.140  0.980  3.8599  3.907    2  0.000  0.534     0.00     0.00     0.00     0.00     0.00 -1 -9.89e-13      0.00 7.929e-01 2.059e-01 1.977e-04 5.421e-05 4.937e-04 -1.000 1.143e-03 2.321 4.043 3.272 2.921 2.648 2.501 2.631 2.628 2.549 2.364 2.317 2.263 2.215 2.134 2.117 2.005 2.003 1.957
0.00123 -1.10000 9.55000 1.1466987133 2.4991650769    1.145  1.008  3.8437  3.816    2  0.000  0.534     0.00     0.00     0.00     0.00     0.00 -1 -1.16e-12      0.00 7.927e-01 2.061e-01 1.979e-04 5.425e-05 4.940e-04 -1.000 1.141e-03 2.250 4.191 3.378 2.964 2.626 2.445 2.605 2.607 2.516 2.304 2.251 2.186 2.132 2.038 2.017 1.889 1.886 1.829
0.00123 -1.10000 9.55000 1.1491588354 2.4995400349    1.147  1.025  3.8299  3.745    2  0.000  0.534     0.00     0.00     0.00     0.00     0.00 -1 -1.31e-12      0.00 7.926e-01 2.063e-01 1.980e-04 5.428e-05 4.942e-04 -1.000 1.139e-03 2.209 4.348 3.501 3.028 2.631 2.420 2.608 2.614 2.511 2.275 2.216 2.142 2.082 1.977 1.954 1.811 1.808 1.740
0.00123 -1.10000 9.55000 1.1499999762 2.4996678137    1.148  1.030  3.8242  3.717    2  0.000  0.534     0.00     0.00     0.00     0.00     0.00 -1 -1.36e-12      0.00 7.926e-01 2.063e-01 1.980e-04 5.428e-05 4.943e-04 -1.000 1.139e-03 2.195 4.423 3.566 3.066 2.642 2.418 2.616 2.621 2.513 2.266 2.205 2.128 2.065 1.956 1.932 1.783 1.780 1.707
0.00123 -1.10000 9.55000 1.1510419846 2.4998258088    1.149  1.036  3.8173  3.684    2  0.000  0.534     0.00     0.00     0.00     0.00     0.00 -1 -1.43e-12      0.00 7.924e-01 2.064e-01 1.981e-04 5.431e-05 4.945e-04 -1.000 1.139e-03 2.181 4.517 3.650 3.116 2.657 2.418 2.627 2.633 2.519 2.259 2.195 2.113 2.048 1.933 1.908 1.752 1.748 1.671
0.00123 -1.10000 9.55000 1.1534343958 2.5001873177    1.152  1.044  3.7993  3.605    2  0.000  0.534     0.00     0.00     0.00     0.00     0.00 -1 -1.59e-12      0.00 7.916e-01 2.073e-01 1.987e-04 5.447e-05 4.960e-04 -1.000 1.142e-03 2.161 4.797 3.917 3.277 2.721 2.438 2.685 2.690 2.558 2.259 2.187 2.094 2.021 1.892 1.863 1.689 1.684 1.592
0.00123 -1.10000 9.55000 1.1557531357 2.5005360524    1.154  1.040  3.7801  3.533    2  0.000  0.534     0.00     0.00     0.00     0.00     0.00 -1 -1.71e-12      0.00 7.883e-01 2.105e-01 2.015e-04 5.520e-05 5.025e-04 -1.000 1.163e-03 2.171 5.138 4.304 3.527 2.848 2.513 2.791 2.790 2.638 2.294 2.214 2.108 2.027 1.882 1.850 1.656 1.650 1.543
0.00123 -1.10000 9.55000 1.1585130692 2.5009490499    1.157  1.015  3.7591  3.474    2  0.000  0.537     0.00     0.00     0.00     0.00     0.00 -1 -1.72e-12      0.00 7.635e-01 2.353e-01 2.184e-04 5.971e-05 5.426e-04 -1.000 1.210e-03 2.231 5.541 4.904 3.938 3.087 2.688 2.980 2.961 2.782 2.385 2.296 2.176 2.087 1.926 1.889 1.675 1.666 1.541
0.00123 -1.10000 9.55000 1.1618154049 2.5014402487    1.160  1.037  3.7426  3.388    2  0.000  0.537     0.00     0.00     0.00     0.00     0.00 -1 -1.96e-12      0.00 7.537e-01 2.450e-01 2.256e-04 6.163e-05 5.597e-04 -1.000 1.299e-03 2.178 5.704 5.362 4.215 3.206 2.756 3.042 3.001 2.802 2.362 2.267 2.136 2.040 1.867 1.827 1.595 1.585 1.445
0.00123 -1.10000 9.55000 1.1620360613 2.5014729554    1.160  1.042  3.7419  3.381    3  0.000  0.537     0.00     0.00     0.00     0.00     0.00 -1 -2.01e-12      0.00 7.534e-01 2.453e-01 2.257e-04 6.167e-05 5.601e-04 -1.000 1.281e-03 2.166 5.699 5.370 4.216 3.200 2.749 3.033 2.992 2.792 2.351 2.256 2.124 2.028 1.854 1.814 1.582 1.572 1.431
0.00123 -1.10000 9.55000 1.1636179686 2.5017070149    1.162  1.083  3.7380  3.324    3  0.000  0.537     0.00     0.00     0.00     0.00     0.00 -1 -2.34e-12      0.00 7.511e-01 2.477e-01 2.263e-04 6.194e-05 5.621e-04 -1.000 1.243e-03 2.061 5.640 5.398 4.195 3.143 2.681 2.958 2.910 2.706 2.255 2.158 2.024 1.927 1.750 1.709 1.473 1.462 1.318
0.00123 -1.10000 9.55000 1.1649353504 2.5019013773    1.163  1.124  3.7355  3.274    3  0.000  0.533     0.00     0.00     0.00     0.00     0.00 -1 -2.71e-12      0.00 7.488e-01 2.499e-01 2.249e-04 6.276e-05 5.633e-04 -1.000 1.292e-03 1.961 5.567 5.388 4.152 3.076 2.608 2.877 2.824 2.617 2.160 2.062 1.926 1.828 1.650 1.608 1.369 1.359 1.212
0.00123 -1.10000 9.55000 1.1662729979 2.5020982131    1.164  1.168  3.7331  3.220    3  0.000  0.517     0.00     0.00     0.00     0.00     0.00 -1 -3.18e-12      0.00 7.461e-01 2.526e-01 2.184e-04 6.840e-05 5.643e-04 -1.000 1.299e-03 1.849 5.481 5.359 4.093 2.996 2.521 2.783 2.727 2.517 2.053 1.955 1.818 1.719 1.539 1.497 1.255 1.245 1.095
0.00123 -1.10000 9.55000 1.1675071716 2.5022793627    1.165  1.213  3.7312  3.168    3  0.000  0.488     0.00     0.00     0.00     0.00     0.00 -1 -3.73e-12      0.00 7.433e-01 2.554e-01 2.069e-04 8.157e-05 5.650e-04 -1.000 1.299e-03 1.737 5.390 5.314 4.023 2.910 2.430 2.686 2.626 2.414 1.946 1.847 1.708 1.609 1.427 1.385 1.142 1.131 0.980
0.00123 -1.10000 9.55000 1.1686519384 2.5024469960    1.167  1.258  3.7294  3.117    3  0.000  0.462     0.00     0.00     0.00     0.00     0.00 -1 -4.38e-12      0.00 7.406e-01 2.581e-01 1.962e-04 9.490e-05 5.656e-04 -1.000 1.272e-03 1.625 5.297 5.266 3.952 2.822 2.338 2.587 2.525 2.310 1.838 1.738 1.599 1.499 1.316 1.273 1.028 1.017 0.864
0.00123 -1.10000 9.55000 1.1697636843 2.5026094328    1.168  1.304  3.7276  3.063    3  0.000  0.443     0.00     0.00     0.00     0.00     0.00 -1 -5.17e-12      0.00 7.379e-01 2.608e-01 1.881e-04 1.051e-04 5.660e-04 -1.000 1.299e-03 1.509 5.198 5.219 3.878 2.731 2.243 2.486 2.421 2.203 1.726 1.626 1.486 1.385 1.201 1.157 0.911 0.900 0.745
0.00123 -1.10000 9.55000 1.1707805395 2.5027576945    1.169  1.350  3.7259  3.011    3  0.000  0.430     0.00     0.00     0.00     0.00     0.00 -1 -6.09e-12      0.00 7.358e-01 2.630e-01 1.829e-04 1.117e-04 5.663e-04 -1.000 1.299e-03 1.395 5.099 5.169 3.803 2.640 2.148 2.385 2.317 2.097 1.616 1.515 1.374 1.273 1.087 1.044 0.795 0.784 0.627
0.00123 -1.10000 9.55000 1.1716779470 2.5028882945    1.169  1.394  3.7242  2.961    3  0.000  0.422     0.00     0.00     0.00     0.00     0.00 -1 -7.11e-12      0.00 7.341e-01 2.646e-01 1.793e-04 1.163e-04 5.666e-04 -1.000 1.299e-03 1.286 5.007 5.129 3.738 2.558 2.061 2.290 2.219 1.997 1.512 1.410 1.268 1.166 0.979 0.935 0.685 0.673 0.515
0.00123 -1.10000 9.55000 1.1725440025 2.5030141139    1.170  1.439  3.7224  2.909    3  0.000  0.416     0.00     0.00     0.00     0.00     0.00 -1 -8.38e-12      0.00 7.327e-01 2.660e-01 1.768e-04 1.195e-04 5.668e-04 -1.000 1.299e-03 1.172 4.911 5.092 3.673 2.472 1.970 2.191 2.117 1.892 1.402 1.300 1.156 1.054 0.866 0.821 0.570 0.558 0.398
0.00123 -1.10000 9.55000 1.1733353138 2.5031288878    1.171  1.484  3.7206  2.857    3  0.000  0.411     0.00     0.00     0.00     0.00     0.00 -1 -9.85e-12      0.00 7.316e-01 2.671e-01 1.749e-04 1.218e-04 5.669e-04 -1.000 1.299e-03 1.059 4.816 5.053 3.607 2.387 1.879 2.093 2.015 1.788 1.294 1.191 1.046 0.943 0.754 0.709 0.455 0.443 0.281
0.00123 -1.10000 9.55000 1.1740527153 2.5032327878    1.172  1.529  3.7187  2.805    3  0.000  0.408     0.00     0.00     0.00     0.00     0.00 -1 -1.16e-11      0.00 7.309e-01 2.678e-01 1.737e-04 1.234e-04 5.669e-04 -1.000 1.299e-03 0.949 4.723 5.029 3.549 2.307 1.794 2.000 1.918 1.688 1.188 1.085 0.938 0.835 0.644 0.599 0.343 0.331 0.167
0.00123 -1.10000 9.55000 1.1747094393 2.5033277721    1.172  1.572  3.7168  2.754    3  0.000  0.406     0.00     0.00     0.00     0.00     0.00 -1 -1.36e-11      0.00 7.304e-01 2.683e-01 1.729e-04 1.243e-04 5.670e-04 -1.000 1.299e-03 0.839 4.630 5.007 3.493 2.228 1.710 1.907 1.822 1.589 1.084 0.979 0.832 0.728 0.536 0.490 0.232 0.219 0.054
0.00123 -1.10000 9.55000 1.1753318310 2.5034176782    1.173  1.617  3.7149  2.701    3  0.000  0.405     0.00     0.00     0.00     0.00     0.00 -1 -1.59e-11      0.00 7.301e-01 2.686e-01 1.724e-04 1.250e-04 5.670e-04 -1.000 1.299e-03 0.726 4.534 4.983 3.435 2.147 1.623 1.813 1.723 1.488 0.977 0.872 0.723 0.618 0.425 0.378 0.118 0.106 -0.062
0.00123 -1.10000 9.55000 1.1758949757 2.5034989316    1.173  1.661  3.7129  2.649    3  0.000  0.404     0.00     0.00     0.00     0.00     0.00 -1 -1.87e-11      0.00 7.299e-01 2.688e-01 1.721e-04 1.253e-04 5.670e-04 -1.000 1.299e-03 0.616 4.441 4.967 3.381 2.070 1.540 1.721 1.628 1.390 0.873 0.767 0.617 0.511 0.316 0.269 0.007 -0.006 -0.176
0.00123 -1.10000 9.55000 1.1764217615 2.5035748579    1.174  1.706  3.7108  2.597    3  0.000  0.404     0.00     0.00     0.00     0.00     0.00 -1  -2.2e-11      0.00 7.298e-01 2.689e-01 1.720e-04 1.255e-04 5.671e-04 -1.000 1.299e-03 0.505 4.347 4.948 3.326 1.991 1.455 1.629 1.532 1.290 0.768 0.661 0.510 0.403 0.206 0.159 -0.106 -0.119 -0.291
0.00123 -1.10000 9.55000 1.1768921614 2.5036425912    1.174  1.749  3.7088  2.546    3  0.000  0.404     0.00     0.00     0.00     0.00     0.00 -1 -2.58e-11      0.00 7.298e-01 2.689e-01 1.720e-04 1.255e-04 5.671e-04 -1.000 1.299e-03 0.397 4.255 4.938 3.277 1.917 1.375 1.541 1.440 1.195 0.667 0.559 0.406 0.299 0.100 0.053 -0.214 -0.228 -0.402
0.00123 -1.10000 9.55000 1.1773333549 2.5037060625    1.174  1.793  3.7066  2.494    3  0.000  0.404     0.00     0.00     0.00     0.00     0.00 -1 -3.02e-11      0.00 7.298e-01 2.689e-01 1.719e-04 1.256e-04 5.671e-04 -1.000 1.299e-03 0.288 4.162 4.936 3.232 1.845 1.297 1.454 1.348 1.099 0.565 0.456 0.302 0.194 -0.006 -0.055 -0.324 -0.338 -0.514
0.00123 -1.10000 9.55000 1.1777423620 2.5037648545    1.175  1.836  3.7045  2.442    3  0.000  0.404     0.00     0.00     0.00     0.00     0.00 -1 -3.54e-11      0.00 7.298e-01 2.689e-01 1.719e-04 1.256e-04 5.671e-04 -1.000 1.299e-03 0.180 4.070 4.948 3.200 1.781 1.226 1.368 1.256 1.005 0.463 0.353 0.197 0.088 -0.113 -0.162 -0.434 -0.448 -0.627
0.00123 -1.10000 9.55000 1.1781312227 2.5038207071    1.175  1.880  3.7022  2.389    3  0.000  0.404     0.00     0.00     0.00     0.00     0.00 -1 -4.17e-11      0.00 7.298e-01 2.689e-01 1.719e-04 1.256e-04 5.671e-04 -1.000 1.299e-03 0.070 3.978 4.967 3.171 1.718 1.155 1.284 1.165 0.909 0.360 0.249 0.091 -0.019 -0.222 -0.272 -0.546 -0.560 -0.741
0.00123 -1.10000 9.55000 1.1784822941 2.5038710955    1.175  1.923  3.7000  2.338    3  0.000  0.404     0.00     0.00     0.00     0.00     0.00 -1 -4.87e-11      0.00 7.298e-01 2.689e-01 1.719e-04 1.257e-04 5.671e-04 -1.000 1.299e-03 -0.037 3.888 4.983 3.142 1.656 1.086 1.202 1.077 0.817 0.261 0.148 -0.011 -0.122 -0.328 -0.378 -0.654 -0.669 -0.852
0.00123 -1.10000 9.55000 1.1788216829 2.5039197744    1.175  1.966  3.6977  2.285    3  0.000  0.404     0.00     0.00     0.00     0.00     0.00 -1 -5.72e-11      0.00 7.298e-01 2.689e-01 1.718e-04 1.257e-04 5.671e-04 -1.000 1.299e-03 -0.145 3.796 5.012 3.120 1.598 1.019 1.121 0.990 0.725 0.160 0.047 -0.114 -0.226 -0.434 -0.485 -0.764 -0.779 -0.964
0.00123 -1.10000 9.55000 1.1791521311 2.5039671399    1.175  2.009  3.6954  2.233    3  0.000  0.404     0.00     0.00     0.00     0.00     0.00 -1  -6.7e-11      0.00 7.298e-01 2.689e-01 1.718e-04 1.257e-04 5.671e-04 -1.000 1.299e-03 -0.252 3.704 5.039 3.099 1.540 0.954 1.041 0.904 0.634 0.062 -0.053 -0.216 -0.329 -0.538 -0.590 -0.872 -0.887 -1.075
0.00123 -1.10000 9.55000 1.1795363426 2.5040221734    1.176  2.050  3.6931  2.183    3  0.000  0.404     0.00     0.00     0.00     0.00     0.00 -1 -7.81e-11      0.00 7.298e-01 2.689e-01 1.718e-04 1.257e-04 5.671e-04 -1.000 1.299e-03 -0.355 3.616 5.066 3.080 1.485 0.891 0.965 0.821 0.548 -0.033 -0.148 -0.314 -0.428 -0.639 -0.691 -0.976 -0.991 -1.181
0.00123 -1.10000 9.55000 1.1796799898 2.5040427384    1.176  2.059  3.6927  2.172    3  0.000  0.403     0.00     0.00     0.00     0.00     0.00 -1  -8.1e-11      0.00 7.298e-01 2.689e-01 1.718e-04 1.257e-04 5.671e-04 -1.000 1.299e-03 -0.377 3.597 5.070 3.074 1.473 0.878 0.949 0.803 0.529 -0.053 -0.169 -0.335 -0.449 -0.660 -0.712 -0.998 -1.013 -1.204
0.00123 -1.10000 9.55000 1.1797826290 2.5040574291    1.176  2.049  3.6934  2.185    3  0.000  0.403     0.00     0.00     0.00     0.00     0.00 -1 -7.84e-11      0.00 7.298e-01 2.689e-01 1.718e-04 1.258e-04 5.671e-04 -1.000 1.299e-03 -0.352 3.618 5.056 3.074 1.484 0.891 0.966 0.822 0.549 -0.031 -0.146 -0.311 -0.425 -0.636 -0.688 -0.972 -0.988 -1.178
0.00123 -1.10000 9.55000 1.1799855232 2.5040864606    1.176  2.018  3.6954  2.224    3  0.000  0.403     0.00     0.00     0.00     0.00     0.00 -1 -7.02e-11      0.00 7.298e-01 2.689e-01 1.718e-04 1.258e-04 5.671e-04 -1.000 1.299e-03 -0.274 3.682 5.017 3.079 1.520 0.933 1.019 0.882 0.612 0.040 -0.075 -0.238 -0.351 -0.560 -0.612 -0.894 -0.909 -1.097
0.00123 -1.10000 9.55000 1.1800717115 2.5040987895    1.176  2.001  3.6966  2.246    3  0.000  0.403     0.00     0.00     0.00     0.00     0.00 -1 -6.56e-11      0.00 7.298e-01 2.689e-01 1.718e-04 1.258e-04 5.671e-04 -1.000 1.299e-03 -0.231 3.718 4.997 3.082 1.539 0.957 1.049 0.914 0.647 0.078 -0.035 -0.198 -0.310 -0.519 -0.570 -0.850 -0.865 -1.052
0.00123 -1.10000 9.55000 1.1801124811 2.5041046207    1.176  2.007  3.6962  2.238    3  0.000  0.403     0.00     0.00     0.00     0.00     0.00 -1  -6.7e-11      0.00 7.298e-01 2.689e-01 1.718e-04 1.258e-04 5.671e-04 -1.000 1.299e-03 -0.248 3.704 5.002 3.078 1.531 0.946 1.037 0.901 0.633 0.063 -0.051 -0.214 -0.326 -0.535 -0.586 -0.867 -0.882 -1.070
0.00123 -1.10000 9.55000 1.1803613901 2.5041402118    1.176  2.049  3.6938  2.187    3  0.000  0.403     0.00     0.00     0.00     0.00     0.00 -1 -7.75e-11      0.00 7.298e-01 2.689e-01 1.717e-04 1.258e-04 5.671e-04 -1.000 1.299e-03 -0.352 3.615 5.033 3.061 1.476 0.884 0.960 0.818 0.546 -0.033 -0.148 -0.313 -0.426 -0.637 -0.689 -0.973 -0.988 -1.178
0.00123 -1.10000 9.55000 1.1806124449 2.5041760922    1.176  2.092  3.6914  2.134    3  0.000  0.403     0.00     0.00     0.00     0.00     0.00 -1 -9.07e-11      0.00 7.298e-01 2.689e-01 1.717e-04 1.258e-04 5.671e-04 -1.000 1.299e-03 -0.459 3.524 5.064 3.042 1.421 0.821 0.883 0.734 0.456 -0.131 -0.247 -0.414 -0.528 -0.741 -0.793 -1.080 -1.095 -1.288
0.00123 -1.10000 9.55000 1.1808433533 2.5042090779    1.176  2.133  3.6890  2.084    3  0.000  0.403     0.00     0.00     0.00     0.00     0.00 -1 -1.06e-10      0.00 7.298e-01 2.689e-01 1.717e-04 1.258e-04 5.671e-04 -1.000 1.299e-03 -0.562 3.436 5.094 3.028 1.369 0.762 0.810 0.653 0.371 -0.224 -0.342 -0.510 -0.626 -0.841 -0.894 -1.183 -1.199 -1.394
0.00123 -1.10000 9.55000 1.1810595989 2.5042399555    1.176  2.174  3.6866  2.033    3  0.000  0.403     0.00     0.00     0.00     0.00     0.00 -1 -1.23e-10      0.00 7.298e-01 2.689e-01 1.717e-04 1.258e-04 5.671e-04 -1.000 1.299e-03 -0.665 3.347 5.123 3.018 1.321 0.705 0.738 0.574 0.287 -0.317 -0.436 -0.606 -0.723 -0.940 -0.994 -1.286 -1.302 -1.500
0.00123 -1.10000 9.55000 1.1812605858 2.5042686426    1.176  2.215  3.6841  1.982    3  0.000  0.403     0.00     0.00     0.00     0.00     0.00 -1 -1.44e-10      0.00 7.298e-01 2.689e-01 1.717e-04 1.259e-04 5.671e-04 -1.000 1.299e-03 -0.768 3.260 5.141 3.025 1.287 0.660 0.672 0.499 0.205 -0.410 -0.530 -0.703 -0.821 -1.040 -1.094 -1.389 -1.405 -1.606
0.00123 -1.10000 9.55000 1.1814491749 2.5042955500    1.176  2.256  3.6816  1.930    3  0.000  0.403     0.00     0.00     0.00     0.00     0.00 -1 -1.68e-10      0.00 7.298e-01 2.689e-01 1.717e-04 1.259e-04 5.671e-04 -1.000 1.299e-03 -0.871 3.172 5.140 3.066 1.277 0.633 0.616 0.430 0.125 -0.505 -0.627 -0.802 -0.922 -1.142 -1.197 -1.494 -1.511 -1.714
0.00123 -1.10000 9.55000 1.1816200018 2.5043199146    1.176  2.296  3.6791  1.880    3  0.000  0.403     0.00     0.00     0.00     0.00     0.00 -1 -1.95e-10      0.00 7.298e-01 2.689e-01 1.717e-04 1.259e-04 5.671e-04 -1.000 1.299e-03 -0.971 3.088 5.147 3.114 1.271 0.610 0.564 0.365 0.049 -0.596 -0.720 -0.897 -1.019 -1.242 -1.297 -1.597 -1.613 -1.818
0.00123 -1.10000 9.55000 1.1817803383 2.5043427756    1.175  2.337  3.6766  1.830    3  0.000  0.403     0.00     0.00     0.00     0.00     0.00 -1 -2.27e-10      0.00 7.298e-01 2.689e-01 1.716e-04 1.259e-04 5.671e-04 -1.000 1.299e-03 -1.072 3.003 5.168 3.168 1.266 0.589 0.513 0.301 -0.025 -0.686 -0.812 -0.992 -1.116 -1.341 -1.396 -1.699 -1.716 -1.923
0.00123 -1.10000 9.55000 1.1819251776 2.5043634208    1.175  2.376  3.6741  1.781    3  0.000  0.403     0.00     0.00     0.00     0.00     0.00 -1 -2.62e-10      0.00 7.298e-01 2.689e-01 1.716e-04 1.259e-04 5.671e-04 -1.000 1.299e-03 -1.169 2.921 5.191 3.223 1.264 0.571 0.467 0.241 -0.096 -0.773 -0.901 -1.084 -1.209 -1.436 -1.493 -1.797 -1.815 -2.025
0.00123 -1.10000 9.55000 1.1820605993 2.5043827185    1.175  2.415  3.6716  1.732    3  0.000  0.403     0.00     0.00     0.00     0.00     0.00 -1 -3.04e-10      0.00 7.298e-01 2.689e-01 1.716e-04 1.259e-04 5.671e-04 -1.000 1.299e-03 -1.267 2.839 5.217 3.282 1.263 0.555 0.422 0.183 -0.166 -0.859 -0.989 -1.175 -1.302 -1.532 -1.589 -1.896 -1.913 -2.126
0.00123 -1.10000 9.55000 1.1821860075 2.5044005846    1.175  2.453  3.6690  1.683    3  0.000  0.403     0.00     0.00     0.00     0.00     0.00 -1 -3.52e-10      0.00 7.298e-01 2.689e-01 1.716e-04 1.259e-04 5.671e-04 -1.000 1.299e-03 -1.363 2.758 5.246 3.346 1.266 0.542 0.381 0.128 -0.233 -0.944 -1.076 -1.265 -1.394 -1.626 -1.683 -1.994 -2.011 -2.226
0.00123 -1.10000 9.55000 1.1823021173 2.5044171222    1.174  2.492  3.6664  1.634    3  0.000  0.403     0.00     0.00     0.00     0.00     0.00 -1 -4.06e-10      0.00 7.298e-01 2.689e-01 1.716e-04 1.259e-04 5.671e-04 -1.000 1.299e-03 -1.459 2.678 5.273 3.417 1.273 0.534 0.344 0.076 -0.297 -1.026 -1.161 -1.353 -1.484 -1.718 -1.776 -2.089 -2.107 -2.325
0.00123 -1.10000 9.55000 1.1824117899 2.5044327395    1.174  2.530  3.6638  1.585    3  0.000  0.403     6.47     5.05     3.63     2.77     2.24  4  -4.7e-10      0.00 7.298e-01 2.689e-01 1.716e-04 1.260e-04 5.671e-04 -1.000 1.299e-03 -1.555 2.597 5.303 3.491 1.283 0.530 0.310 0.026 -0.360 -1.108 -1.246 -1.441 -1.574 -1.811 -1.869 -2.185 -2.203 -2.424
0.00123 -1.10000 9.55000 1.1825110912 2.5044468771    1.174  2.567  3.6612  1.537    3  0.000  0.403     7.14     5.51     3.94     3.01     2.44  4 -5.42e-10      0.00 7.298e-01 2.689e-01 1.716e-04 1.260e-04 5.671e-04 -1.000 1.299e-03 -1.648 2.520 5.335 3.565 1.295 0.527 0.279 -0.021 -0.420 -1.187 -1.327 -1.525 -1.660 -1.900 -1.959 -2.278 -2.296 -2.519
0.00123 -1.10000 9.55000 1.1826062202 2.5044604181    1.173  2.605  3.6586  1.489    3  0.000  0.403     7.89     6.01     4.29     3.27     2.66  4 -6.26e-10      0.00 7.298e-01 2.689e-01 1.716e-04 1.260e-04 5.671e-04 -1.000 1.299e-03 -1.743 2.441 5.364 3.644 1.311 0.529 0.251 -0.066 -0.479 -1.266 -1.409 -1.610 -1.747 -1.990 -2.049 -2.371 -2.389 -2.616
0.00123 -1.10000 9.55000 1.1826925278 2.5044727012    1.173  2.642  3.6560  1.442    3  0.000  0.403     8.69     6.55     4.65     3.55     2.88  4 -7.19e-10      0.00 7.298e-01 2.689e-01 1.716e-04 1.260e-04 5.671e-04 -1.000 1.299e-03 -1.834 2.366 5.414 3.703 1.314 0.524 0.221 -0.111 -0.535 -1.338 -1.484 -1.689 -1.827 -2.073 -2.134 -2.460 -2.478 -2.708
0.00123 -1.10000 9.55000 1.1827752590 2.5044844735    1.172  2.679  3.6533  1.393    3  0.000  0.403     9.60     7.14     5.06     3.87     3.14  4 -8.29e-10      0.00 7.298e-01 2.689e-01 1.716e-04 1.260e-04 5.671e-04 -1.000 1.299e-03 -1.927 2.288 5.470 3.758 1.312 0.516 0.188 -0.158 -0.592 -1.412 -1.560 -1.769 -1.909 -2.158 -2.220 -2.550 -2.568 -2.802
0.00123 -1.10000 9.55000 1.1828501225 2.5044951245    1.172  2.715  3.6507  1.347    3  0.000  0.403    10.57     7.76     5.48     4.19     3.41  4 -9.51e-10      0.00 7.298e-01 2.689e-01 1.716e-04 1.260e-04 5.671e-04 -1.000 1.299e-03 -2.017 2.213 5.525 3.815 1.312 0.510 0.159 -0.201 -0.646 -1.482 -1.632 -1.844 -1.986 -2.239 -2.301 -2.635 -2.654 -2.891
0.00123 -1.10000 9.55000 1.1829209328 2.5045051975    1.171  2.751  3.6481  1.300    3  0.000  0.403    11.63     8.45     5.94     4.55     3.70  3 -1.09e-09      0.00 7.298e-01 2.689e-01 1.716e-04 1.260e-04 5.671e-04 -1.000 1.299e-03 -2.107 2.138 5.567 3.869 1.313 0.505 0.130 -0.244 -0.699 -1.551 -1.704 -1.920 -2.063 -2.320 -2.383 -2.721 -2.741 -2.981
0.00123 -1.10000 9.55000 1.1829878092 2.5045147096    1.171  2.787  3.6454  1.253    3  0.000  0.403    12.83     9.20     6.44     4.95     4.02  3 -1.25e-09      0.00 7.298e-01 2.689e-01 1.716e-04 1.260e-04 5.671e-04 -1.000 1.299e-03 -2.197 2.064 5.609 3.928 1.316 0.503 0.103 -0.285 -0.752 -1.620 -1.775 -1.995 -2.140 -2.400 -2.465 -2.807 -2.827 -3.072
0.00123 -1.10000 9.55000 1.1830641031 2.5045255597    1.170  2.831  3.6420  1.195    3  0.000  0.403    14.45    10.21     7.11     5.47     4.45  3 -1.49e-09      0.00 7.298e-01 2.689e-01 1.716e-04 1.260e-04 5.671e-04 -1.000 1.299e-03 -2.308 1.973 5.661 4.001 1.322 0.502 0.072 -0.335 -0.814 -1.703 -1.861 -2.085 -2.233 -2.497 -2.563 -2.912 -2.932 -3.181
0.00123 -1.10000 9.55000 1.1831220388 2.5045337979    1.169  2.866  3.6394  1.149    3  0.000  0.403    15.89    11.10     7.71     5.93     4.82  3  -1.7e-09      0.00 7.298e-01 2.689e-01 1.716e-04 1.260e-04 5.671e-04 -1.000 1.299e-03 -2.396 1.900 5.696 4.059 1.327 0.502 0.047 -0.374 -0.864 -1.769 -1.930 -2.158 -2.307 -2.575 -2.642 -2.995 -3.016 -3.269
0.00123 -1.10000 9.55000 1.1831884384 2.5045432385    1.168  2.910  3.6360  1.091    3  0.000  0.403    17.89    12.31     8.51     6.56     5.33  3 -2.02e-09      0.00 7.298e-01 2.689e-01 1.716e-04 1.260e-04 5.671e-04 -1.000 1.299e-03 -2.505 1.812 5.728 4.132 1.336 0.506 0.019 -0.420 -0.922 -1.848 -2.012 -2.245 -2.396 -2.669 -2.738 -3.097 -3.118 -3.376
0.00123 -1.10000 9.55000 1.1832493544 2.5045518983    1.167  2.953  3.6327  1.035    3  0.000  0.403    20.09    13.63     9.37     7.24     5.89  3 -2.38e-09      0.00 7.298e-01 2.689e-01 1.716e-04 1.260e-04 5.671e-04 -1.000 1.299e-03 -2.612 1.725 5.756 4.206 1.347 0.513 -0.004 -0.462 -0.978 -1.925 -2.091 -2.330 -2.483 -2.761 -2.831 -3.196 -3.217 -3.481
0.00123 -1.10000 9.55000 1.1833058596 2.5045599302    1.165  2.995  3.6294  0.979    3  0.000  0.403    22.54    15.08    10.32     7.98     6.49  3 -2.81e-09      0.00 7.298e-01 2.689e-01 1.715e-04 1.260e-04 5.671e-04 -1.000 1.299e-03 -2.717 1.639 5.776 4.280 1.362 0.523 -0.023 -0.499 -1.030 -1.999 -2.168 -2.412 -2.568 -2.851 -2.923 -3.293 -3.316 -3.584
0.00123 -1.10000 9.55000 1.1833491325 2.5045660807    1.164  3.029  3.6268  0.934    3  0.000  0.403    24.72    16.35    11.15     8.63     7.02  2 -3.21e-09      0.00 7.298e-01 2.689e-01 1.715e-04 1.260e-04 5.671e-04 -1.000 1.299e-03 -2.802 1.571 5.777 4.335 1.375 0.535 -0.033 -0.524 -1.067 -2.056 -2.228 -2.477 -2.635 -2.922 -2.995 -3.372 -3.394 -3.667
0.00123 -1.10000 9.55000 1.1833976507 2.5045729760    1.163  3.070  3.6235  0.880    3  0.000  0.403    27.66    18.04    12.25     9.50     7.73  2 -3.76e-09      0.00 7.298e-01 2.689e-01 1.715e-04 1.260e-04 5.671e-04 -1.000 1.299e-03 -2.905 1.489 5.782 4.408 1.396 0.554 -0.039 -0.549 -1.109 -2.122 -2.298 -2.553 -2.713 -3.006 -3.081 -3.464 -3.488 -3.766
0.00123 -1.10000 9.55000 1.1834429502 2.5045794133    1.161  3.110  3.6203  0.825    3  0.000  0.403    30.92    19.89    13.44    10.44     8.50  2 -4.41e-09      0.00 7.298e-01 2.689e-01 1.715e-04 1.260e-04 5.671e-04 -1.000 1.299e-03 -3.006 1.409 5.786 4.480 1.416 0.572 -0.046 -0.574 -1.150 -2.188 -2.367 -2.628 -2.790 -3.089 -3.166 -3.557 -3.580 -3.864
0.00123 -1.10000 9.55000 1.1834785938 2.5045844780    1.159  3.144  3.6176  0.781    3  0.000  0.403    33.89    21.55    14.51    11.29     9.19  2 -5.04e-09      0.00 7.298e-01 2.689e-01 1.715e-04 1.260e-04 5.671e-04 -1.000 1.299e-03 -3.089 1.343 5.781 4.535 1.432 0.587 -0.051 -0.594 -1.183 -2.241 -2.422 -2.689 -2.853 -3.157 -3.236 -3.632 -3.656 -3.945
0.00123 -1.10000 9.55000 1.1835194826 2.5045902876    1.157  3.184  3.6144  0.727    3  0.000  0.403    37.89    23.76    15.93    12.41    10.10  2 -5.91e-09      0.00 7.298e-01 2.689e-01 1.715e-04 1.260e-04 5.671e-04 -1.000 1.299e-03 -3.190 1.263 5.774 4.602 1.453 0.607 -0.057 -0.618 -1.221 -2.304 -2.489 -2.762 -2.929 -3.239 -3.320 -3.723 -3.748 -4.042
0.00123 -1.10000 9.55000 1.1835571527 2.5045956395    1.155  3.224  3.6112  0.674    3  0.000  0.403    42.27    26.14    17.45    13.61    11.09  2 -6.91e-09      0.00 7.298e-01 2.689e-01 1.715e-04 1.260e-04 5.671e-04 -1.000 1.299e-03 -3.289 1.185 5.765 4.667 1.472 0.626 -0.060 -0.639 -1.258 -2.365 -2.553 -2.833 -3.002 -3.318 -3.401 -3.812 -3.837 -4.137
0.00123 -1.10000 9.55000 1.1835929155 2.5046007201    1.153  3.263  3.6079  0.620    3  0.000  0.403    47.15    28.77    19.12    14.94    12.17  2 -8.09e-09      0.00 7.298e-01 2.689e-01 1.715e-04 1.260e-04 5.671e-04 -1.000 1.299e-03 -3.388 1.109 5.745 4.727 1.490 0.645 -0.060 -0.656 -1.291 -2.423 -2.615 -2.902 -3.073 -3.396 -3.480 -3.899 -3.925 -4.231
0.00123 -1.10000 9.55000 1.1836265326 2.5046054955    1.150  3.300  3.6049  0.570    3  0.000  0.403    52.28    31.48    20.84    16.30    13.28  2 -9.41e-09      0.00 7.298e-01 2.689e-01 1.715e-04 1.260e-04 5.671e-04 -1.000 1.299e-03 -3.480 1.037 5.720 4.778 1.505 0.661 -0.058 -0.669 -1.320 -2.477 -2.672 -2.965 -3.138 -3.467 -3.554 -3.980 -4.007 -4.318
0.00123 -1.10000 9.55000 1.1836444139 2.5046080355    1.148  3.319  3.6033  0.544    3  0.000  0.403    55.14    32.98    21.78    17.06    13.90  2 -1.02e-08      0.00 7.298e-01 2.689e-01 1.715e-04 1.260e-04 5.671e-04 -1.000 1.299e-03 -3.528 1.000 5.706 4.804 1.511 0.669 -0.056 -0.676 -1.335 -2.504 -2.701 -2.998 -3.172 -3.504 -3.592 -4.022 -4.049 -4.364
0.00123 -1.10000 9.55000 1.1836444139 2.5046080355    1.148  1.858  3.7271  2.500    4  0.000  0.404     0.00     0.00     0.00     0.00     0.00 -1    -1e-30      0.00 7.257e-01 2.730e-01 1.739e-04 1.261e-04 5.718e-04 -1.000 1.299e-03 0.124 3.830 3.880 2.546 1.394 0.908 1.096 1.030 0.814 0.342 0.241 0.102 0.002 -0.182 -0.225 -0.472 -0.484 -0.640
0.00123 -1.10000 9.55000 1.1839114428 2.5046459553    1.148  1.869  3.7259  2.484    4  0.000  0.404     0.00     0.00     0.00     0.00     0.00 -1    -1e-30      0.00 7.257e-01 2.730e-01 1.739e-04 1.261e-04 5.718e-04 -1.000 1.299e-03 0.097 3.815 3.906 2.552 1.385 0.895 1.080 1.011 0.793 0.317 0.216 0.076 -0.024 -0.209 -0.253 -0.501 -0.513 -0.670
0.00123 -1.10000 9.55000 1.1841917038 2.5046857330    1.149  1.874  3.7254  2.477    4  0.000  0.404     0.00     0.00     0.00     0.00     0.00 -1    -1e-30      0.00 7.257e-01 2.730e-01 1.738e-04 1.261e-04 5.718e-04 -1.000 1.299e-03 0.084 3.806 3.913 2.552 1.379 0.888 1.071 1.001 0.783 0.305 0.204 0.063 -0.037 -0.222 -0.266 -0.515 -0.527 -0.685
0.00123 -1.10000 9.55000 1.1844625473 2.5047241535    1.149  1.878  3.7254  2.474    4  0.000  0.403     0.00     0.00     0.00     0.00     0.00 -1    -1e-30      0.00 7.257e-01 2.730e-01 1.738e-04 1.261e-04 5.718e-04 -1.000 1.299e-03 0.075 3.798 3.909 2.546 1.372 0.880 1.062 0.992 0.774 0.296 0.195 0.054 -0.046 -0.231 -0.275 -0.524 -0.536 -0.694
0.00123 -1.10000 9.55000 1.1844710112 2.5047253539    1.149  1.878  3.7254  2.474    4  0.000  0.403     0.00     0.00     0.00     0.00     0.00 -1    -1e-30      0.00 7.257e-01 2.730e-01 1.738e-04 1.261e-04 5.718e-04 -1.000 1.299e-03 0.075 3.798 3.908 2.546 1.372 0.880 1.062 0.992 0.774 0.296 0.195 0.054 -0.046 -0.232 -0.275 -0.524 -0.536 -0.694
0.00123 -1.10000 9.55000 1.1847704649 2.5047678087    1.150  1.881  3.7256  2.472    4  0.000  0.403     0.00     0.00     0.00     0.00     0.00 -1    -1e-30      0.00 7.257e-01 2.730e-01 1.738e-04 1.262e-04 5.718e-04 -1.000 1.299e-03 0.068 3.789 3.895 2.535 1.363 0.872 1.054 0.984 0.766 0.288 0.187 0.047 -0.053 -0.238 -0.282 -0.531 -0.543 -0.700
0.00123 -1.10000 9.55000 1.1850709915 2.5048103908    1.150  1.883  3.7259  2.471    4  0.000  0.403     0.00     0.00     0.00     0.00     0.00 -1    -1e-30      0.00 7.257e-01 2.730e-01 1.738e-04 1.262e-04 5.718e-04 -1.000 1.299e-03 0.062 3.781 3.876 2.522 1.354 0.863 1.045 0.976 0.759 0.282 0.181 0.041 -0.059 -0.244 -0.288 -0.536 -0.548 -0.705
0.00123 -1.10000 9.55000 1.1853606701 2.5048514124    1.150  1.885  3.7263  2.471    4  0.000  0.403     0.00     0.00     0.00     0.00     0.00 -1    -1e-30      0.00 7.257e-01 2.730e-01 1.737e-04 1.262e-04 5.718e-04 -1.000 1.299e-03 0.058 3.773 3.857 2.508 1.344 0.855 1.037 0.968 0.752 0.276 0.176 0.036 -0.065 -0.249 -0.293 -0.540 -0.552 -0.709
0.00123 -1.10000 9.55000 1.1856597662 2.5048937433    1.151  1.887  3.7267  2.471    4  0.000  0.403     0.00     0.00     0.00     0.00     0.00 -1    -1e-30      0.00 7.257e-01 2.730e-01 1.737e-04 1.263e-04 5.718e-04 -1.000 1.299e-03 0.053 3.764 3.836 2.494 1.334 0.846 1.028 0.960 0.744 0.270 0.170 0.030 -0.070 -0.254 -0.298 -0.545 -0.557 -0.713
0.00123 -1.10000 9.55000 1.1859550476 2.5049355103    1.151  1.889  3.7271  2.470    4  0.000  0.403     0.00     0.00     0.00     0.00     0.00 -1    -1e-30      0.00 7.257e-01 2.730e-01 1.737e-04 1.263e-04 5.718e-04 -1.000 1.299e-03 0.048 3.755 3.815 2.479 1.324 0.837 1.020 0.952 0.737 0.264 0.164 0.025 -0.075 -0.259 -0.303 -0.549 -0.561 -0.717
0.00123 -1.10000 9.55000 1.1862630844 2.5049790561    1.151  1.891  3.7275  2.470    4  0.000  0.403     0.00     0.00     0.00     0.00     0.00 -1    -1e-30      0.00 7.257e-01 2.730e-01 1.736e-04 1.263e-04 5.718e-04 -1.000 1.299e-03 0.042 3.747 3.795 2.465 1.313 0.828 1.011 0.944 0.730 0.258 0.158 0.018 -0.081 -0.265 -0.308 -0.555 -0.566 -0.722
0.00123 -1.10000 9.55000 1.1865447760 2.5050188547    1.151  1.893  3.7278  2.469    4  0.000  0.403     0.00     0.00     0.00     0.00     0.00 -1    -1e-30      0.00 7.257e-01 2.730e-01 1.736e-04 1.264e-04 5.718e-04 -1.000 1.299e-03 0.037 3.739 3.777 2.453 1.304 0.820 1.003 0.937 0.723 0.252 0.152 0.013 -0.087 -0.270 -0.313 -0.559 -0.571 -0.727
0.00123 -1.10000 9.55000 1.1868532896 2.5050624180    1.152  1.895  3.7281  2.468    4  0.000  0.403     0.00     0.00     0.00     0.00     0.00 -1    -1e-30      0.00 7.257e-01 2.730e-01 1.736e-04 1.264e-04 5.718e-04 -1.000 1.299e-03 0.031 3.730 3.758 2.439 1.294 0.811 0.994 0.928 0.715 0.245 0.145 0.007 -0.093 -0.276 -0.319 -0.565 -0.576 -0.732
0.00123 -1.10000 9.55000 1.1871529818 2.5051047108    1.152  1.898  3.7284  2.468    4  0.000  0.403     0.00     0.00     0.00     0.00     0.00 -1    -1e-30      0.00 7.257e-01 2.730e-01 1.736e-04 1.265e-04 5.718e-04 -1.000 1.299e-03 0.026 3.721 3.740 2.426 1.285 0.802 0.986 0.920 0.707 0.239 0.139 0.000 -0.099 -0.282 -0.325 -0.570 -0.582 -0.737
0.00123 -1.10000 9.55000 1.1874459982 2.5051460377    1.152  1.900  3.7287  2.467    4  0.000  0.403     0.00     0.00     0.00     0.00     0.00 -1    -1e-30      0.00 7.257e-01 2.730e-01 1.735e-04 1.265e-04 5.718e-04 -1.000 1.299e-03 0.020 3.713 3.724 2.414 1.276 0.794 0.978 0.913 0.700 0.232 0.133 -0.005 -0.105 -0.287 -0.330 -0.575 -0.587 -0.742
0.00123 -1.10000 9.55000 1.1877448559 2.5051881643    1.153  1.902  3.7290  2.466    4  0.000  0.403     0.00     0.00     0.00     0.00     0.00 -1    -1e-30      0.00 7.257e-01 2.730e-01 1.735e-04 1.265e-04 5.718e-04 -1.000 1.299e-03 0.015 3.705 3.708 2.402 1.267 0.786 0.969 0.905 0.693 0.226 0.126 -0.012 -0.111 -0.293 -0.336 -0.581 -0.592 -0.747
0.00123 -1.10000 9.55000 1.1878031492 2.5051963784    1.153  1.903  3.7290  2.465    4  0.000  0.403     0.00     0.00     0.00     0.00     0.00 -1    -1e-30      0.00 7.257e-01 2.730e-01 1.735e-04 1.265e-04 5.718e-04 -1.000 1.299e-03 0.013 3.704 3.705 2.400 1.265 0.784 0.968 0.904 0.692 0.225 0.125 -0.013 -0.112 -0.294 -0.337 -0.582 -0.593 -0.748
0.00123 -1.10000 9.55000 1.1880489588 2.5052310053    1.153  1.905  3.7292  2.464    4  0.000  0.403     0.00     0.00     0.00     0.00     0.00 -1    -1e-30      0.00 7.257e-01 2.730e-01 1.735e-04 1.266e-04 5.718e-04 -1.000 1.299e-03 0.009 3.697 3.693 2.391 1.258 0.778 0.961 0.897 0.686 0.219 0.120 -0.018 -0.117 -0.299 -0.342 -0.587 -0.598 -0.752
0.00123 -1.10000 9.55000 1.1883291006 2.5052704484    1.153  1.907  3.7294  2.463    4  0.000  0.403     0.00     0.00     0.00     0.00     0.00 -1    -1e-30      0.00 7.257e-01 2.730e-01 1.734e-04 1.266e-04 5.718e-04 -1.000 1.299e-03 0.003 3.690 3.680 2.381 1.250 0.771 0.954 0.890 0.679 0.213 0.114 -0.024 -0.123 -0.305 -0.348 -0.592 -0.603 -0.757
0.00123 -1.10000 9.55000 1.1886346340 2.5053134422    1.154  1.909  3.7296  2.461    4  0.000  0.403     0.00     0.00     0.00     0.00     0.00 -1    -1e-30      0.00 7.257e-01 2.730e-01 1.734e-04 1.266e-04 5.718e-04 -1.000 1.299e-03 -0.003 3.682 3.667 2.371 1.242 0.763 0.946 0.883 0.672 0.207 0.107 -0.030 -0.129 -0.311 -0.354 -0.598 -0.609 -0.763
0.00123 -1.10000 9.55000 1.1889333725 2.5053554552    1.154  1.912  3.7298  2.460    4  0.000  0.402     0.00     0.00     0.00     0.00     0.00 -1    -1e-30      0.00 7.257e-01 2.730e-01 1.734e-04 1.267e-04 5.718e-04 -1.000 1.299e-03 -0.009 3.675 3.656 2.362 1.235 0.756 0.939 0.876 0.665 0.200 0.101 -0.036 -0.135 -0.317 -0.360 -0.604 -0.615 -0.769
0.00123 -1.10000 9.55000 1.1892236471 2.5053962547    1.154  1.914  3.7299  2.458    4  0.000  0.402     0.00     0.00     0.00     0.00     0.00 -1    -1e-30      0.00 7.257e-01 2.730e-01 1.734e-04 1.267e-04 5.718e-04 -1.000 1.299e-03 -0.015 3.668 3.647 2.355 1.228 0.749 0.932 0.869 0.659 0.194 0.095 -0.043 -0.141 -0.323 -0.366 -0.610 -0.621 -0.775
0.00123 -1.10000 9.55000 1.1895238161 2.5054384208    1.155  1.916  3.7299  2.456    4  0.000  0.402     0.00     0.00     0.00     0.00     0.00 -1    -1e-30      0.00 7.257e-01 2.730e-01 1.733e-04 1.267e-04 5.718e-04 -1.000 1.299e-03 -0.021 3.662 3.640 2.348 1.222 0.743 0.926 0.863 0.652 0.187 0.088 -0.049 -0.148 -0.329 -0.372 -0.616 -0.627 -0.781
0.00123 -1.10000 9.55000 1.1898293495 2.5054813153    1.155  1.919  3.7299  2.453    4  0.000  0.402     0.00     0.00     0.00     0.00     0.00 -1    -1e-30      0.00 7.257e-01 2.730e-01 1.733e-04 1.268e-04 5.718e-04 -1.000 1.299e-03 -0.028 3.656 3.635 2.343 1.216 0.737 0.919 0.856 0.645 0.181 0.082 -0.056 -0.154 -0.336 -0.379 -0.623 -0.634 -0.788
0.00123 -1.10000 9.55000 1.1898860931 2.5054892789    1.155  1.920  3.7299  2.453    4  0.000  0.402     0.00     0.00     0.00     0.00     0.00 -1    -1e-30      0.00 7.257e-01 2.730e-01 1.733e-04 1.268e-04 5.718e-04 -1.000 1.299e-03 -0.029 3.654 3.634 2.342 1.215 0.736 0.918 0.855 0.644 0.180 0.080 -0.057 -0.156 -0.337 -0.380 -0.624 -0.635 -0.789
0.00123 -1.10000 9.55000 1.1901618242 2.5055279634    1.155  1.922  3.7298  2.450    4  0.000  0.402     0.00     0.00     0.00     0.00     0.00 -1    -1e-30      0.00 7.257e-01 2.730e-01 1.733e-04 1.268e-04 5.718e-04 -1.000 1.299e-03 -0.036 3.649 3.632 2.339 1.210 0.731 0.912 0.849 0.638 0.173 0.074 -0.064 -0.162 -0.344 -0.387 -0.631 -0.642 -0.796
0.00123 -1.10000 9.55000 1.1904463768 2.5055678640    1.156  1.925  3.7296  2.446    4  0.000  0.402     0.00     0.00     0.00     0.00     0.00 -1    -1e-30      0.00 7.257e-01 2.730e-01 1.732e-04 1.268e-04 5.718e-04 -1.000 1.299e-03 -0.043 3.643 3.633 2.336 1.206 0.726 0.906 0.843 0.632 0.166 0.067 -0.071 -0.169 -0.351 -0.394 -0.638 -0.649 -0.803
0.00123 -1.10000 9.55000 1.1907416582 2.5056092458    1.156  1.928  3.7294  2.442    4  0.000  0.402     0.00     0.00     0.00     0.00     0.00 -1    -1e-30      0.00 7.257e-01 2.730e-01 1.732e-04 1.269e-04 5.718e-04 -1.000 1.299e-03 -0.051 3.638 3.637 2.336 1.202 0.722 0.901 0.836 0.625 0.159 0.059 -0.078 -0.177 -0.359 -0.402 -0.646 -0.658 -0.812
0.00123 -1.10000 9.55000 1.1910194159 2.5056481502    1.156  1.932  3.7290  2.438    4  0.000  0.402     0.00     0.00     0.00     0.00     0.00 -1    -1e-30      0.00 7.257e-01 2.730e-01 1.732e-04 1.269e-04 5.718e-04 -1.000 1.299e-03 -0.059 3.633 3.643 2.337 1.199 0.717 0.896 0.830 0.618 0.151 0.052 -0.086 -0.185 -0.367 -0.410 -0.655 -0.666 -0.821
0.00123 -1.10000 9.55000 1.1913013458 2.5056876177    1.157  1.935  3.7287  2.433    4  0.000  0.402     0.00     0.00     0.00     0.00     0.00 -1    -1e-30      0.00 7.257e-01 2.730e-01 1.732e-04 1.269e-04 5.718e-04 -1.000 1.299e-03 -0.068 3.628 3.652 2.339 1.196 0.714 0.890 0.824 0.612 0.143 0.044 -0.095 -0.194 -0.376 -0.419 -0.664 -0.676 -0.831
0.00123 -1.10000 9.55000 1.1915787458 2.5057264300    1.157  1.939  3.7282  2.427    4  0.000  0.402     0.00     0.00     0.00     0.00     0.00 -1    -1e-30      0.00 7.257e-01 2.730e-01 1.731e-04 1.270e-04 5.718e-04 -1.000 1.299e-03 -0.078 3.623 3.663 2.343 1.194 0.710 0.885 0.818 0.605 0.135 0.035 -0.104 -0.203 -0.386 -0.429 -0.675 -0.686 -0.841
0.00123 -1.10000 9.55000 1.1918601990 2.5057657883    1.157  1.944  3.7276  2.420    4  0.000  0.402     0.00     0.00     0.00     0.00     0.00 -1    -1e-30      0.00 7.257e-01 2.730e-01 1.731e-04 1.270e-04 5.718e-04 -1.000 1.299e-03 -0.089 3.618 3.679 2.349 1.192 0.706 0.879 0.811 0.597 0.125 0.025 -0.114 -0.214 -0.397 -0.440 -0.687 -0.698 -0.854
0.00123 -1.10000 9.55000 1.1921422482 2.5058052084    1.158  1.949  3.7268  2.412    4  0.000  0.402     0.00     0.00     0.00     0.00     0.00 -1    -1e-30      0.00 7.257e-01 2.730e-01 1.731e-04 1.270e-04 5.718e-04 -1.000 1.299e-03 -0.102 3.613 3.698 2.356 1.191 0.702 0.874 0.804 0.588 0.114 0.014 -0.126 -0.226 -0.410 -0.453 -0.700 -0.712 -0.868
0.00123 -1.10000 9.55000 1.1924216747 2.5058442409    1.158  1.955  3.7262  2.404    4  0.000  0.402     0.00     0.00     0.00     0.00     0.00 -1    -1e-30      0.00 7.257e-01 2.730e-01 1.730e-04 1.271e-04 5.718e-04 -1.000 1.299e-03 -0.117 3.604 3.712 2.359 1.186 0.695 0.864 0.793 0.577 0.101 0.000 -0.140 -0.240 -0.425 -0.468 -0.716 -0.728 -0.885
0.00123 -1.10000 9.55000 1.1926966906 2.5058826366    1.158  1.957  3.7261  2.402    4  0.000  0.402     0.00     0.00     0.00     0.00     0.00 -1    -1e-30      0.00 7.257e-01 2.730e-01 1.730e-04 1.271e-04 5.718e-04 -1.000 1.299e-03 -0.122 3.600 3.710 2.356 1.182 0.691 0.860 0.789 0.572 0.096 -0.005 -0.145 -0.245 -0.430 -0.473 -0.721 -0.733 -0.890
0.00123 -1.10000 9.55000 1.1929744482 2.5059213946    1.159  1.965  3.7246  2.388    4  0.000  0.402     0.00     0.00     0.00     0.00     0.00 -1    -1e-30      0.00 7.257e-01 2.730e-01 1.730e-04 1.271e-04 5.718e-04 -1.000 1.299e-03 -0.141 3.595 3.756 2.378 1.186 0.690 0.854 0.780 0.561 0.080 -0.021 -0.163 -0.263 -0.449 -0.493 -0.743 -0.754 -0.913
0.00123 -1.10000 9.55000 1.1932502985 2.5059598658    1.159  1.986  3.7212  2.352    4  0.000  0.401     0.00     0.00     0.00     0.00     0.00 -1    -1e-30      0.00 7.257e-01 2.730e-01 1.730e-04 1.271e-04 5.718e-04 -1.000 1.299e-03 -0.196 3.574 3.850 2.418 1.184 0.676 0.832 0.751 0.526 0.034 -0.068 -0.212 -0.314 -0.503 -0.547 -0.801 -0.813 -0.975
0.00123 -1.10000 9.55000 1.1934603453 2.5059891461    1.159  2.020  3.7166  2.301    4  0.000  0.401     0.00     0.00     0.00     0.00     0.00 -1    -1e-30      0.00 7.257e-01 2.730e-01 1.729e-04 1.272e-04 5.717e-04 -1.000 1.299e-03 -0.279 3.530 3.982 2.468 1.175 0.653 0.794 0.703 0.470 -0.036 -0.141 -0.288 -0.393 -0.585 -0.630 -0.889 -0.901 -1.068
0.00123 -1.10000 9.55000 1.1935493946 2.5060015559    1.159  2.054  3.7125  2.250    4  0.000  0.401     0.00     0.00     0.00     0.00     0.00 -1    -1e-30      0.00 7.257e-01 2.730e-01 1.729e-04 1.272e-04 5.717e-04 -1.000 1.299e-03 -0.365 3.479 4.094 2.505 1.159 0.624 0.750 0.650 0.409 -0.110 -0.217 -0.367 -0.473 -0.668 -0.715 -0.978 -0.991 -1.161
0.00123 -1.10000 9.55000 1.1935822964 2.5060061405    1.159  2.085  3.7091  2.206    4  0.000  0.401     0.00     0.00     0.00     0.00     0.00 -1    -1e-30      0.00 7.257e-01 2.730e-01 1.729e-04 1.272e-04 5.717e-04 -1.000 1.299e-03 -0.442 3.428 4.183 2.530 1.140 0.594 0.707 0.599 0.353 -0.178 -0.286 -0.439 -0.546 -0.744 -0.792 -1.058 -1.072 -1.246
0.00123 -1.10000 9.55000 1.1935968399 2.5060081669    1.159  2.119  3.7056  2.158    4  0.000  0.401     0.00     0.00     0.00     0.00     0.00 -1    -1e-30      0.00 7.257e-01 2.730e-01 1.729e-04 1.272e-04 5.717e-04 -1.000 1.299e-03 -0.528 3.367 4.279 2.556 1.118 0.561 0.659 0.543 0.290 -0.252 -0.362 -0.517 -0.626 -0.827 -0.876 -1.146 -1.160 -1.337
0.00123 -1.10000 9.55000 1.1936043501 2.5060092133    1.159  2.152  3.7026  2.113    4  0.000  0.401     0.00     0.00     0.00     0.00     0.00 -1    -1e-30      0.00 7.257e-01 2.730e-01 1.729e-04 1.272e-04 5.717e-04 -1.000 1.299e-03 -0.610 3.306 4.353 2.570 1.091 0.525 0.610 0.487 0.228 -0.324 -0.435 -0.593 -0.703 -0.906 -0.956 -1.229 -1.244 -1.424
0.00123 -1.10000 9.55000 1.1936051846 2.5060093296    1.159  2.156  3.7022  2.107    7  0.000  0.401     0.00     0.00     0.00     0.00     0.00 -1 -4.61e-10      0.00 7.257e-01 2.723e-01 1.729e-04 1.272e-04 5.717e-04 -1.000 2.029e-03 -0.621 3.298 4.363 2.572 1.087 0.520 0.604 0.479 0.220 -0.333 -0.445 -0.603 -0.713 -0.917 -0.967 -1.241 -1.255 -1.436
0.00123 -1.10000 9.55000 1.1936089993 2.5060098611    1.159  2.184  3.6999  2.070    7  0.000  0.401     0.00     0.00     0.00     0.00     0.00 -1 -5.38e-10      0.00 7.257e-01 2.723e-01 1.729e-04 1.272e-04 5.717e-04 -1.000 2.029e-03 -0.690 3.245 4.415 2.578 1.062 0.486 0.560 0.430 0.166 -0.395 -0.508 -0.668 -0.779 -0.984 -1.035 -1.311 -1.326 -1.509
0.00123 -1.10000 9.55000 1.1936149597 2.5060106916    1.159  2.230  3.6962  2.009    7  0.000  0.401     0.00     0.00     0.00     0.00     0.00 -1 -6.95e-10      0.00 7.257e-01 2.723e-01 1.729e-04 1.272e-04 5.717e-04 -1.000 2.029e-03 -0.805 3.154 4.508 2.594 1.022 0.434 0.490 0.349 0.078 -0.496 -0.611 -0.774 -0.886 -1.095 -1.146 -1.428 -1.442 -1.630
0.00123 -1.10000 9.55000 1.1936227083 2.5060117712    1.159  2.254  3.6943  1.978    7  0.000  0.401     0.00     0.00     0.00     0.00     0.00 -1 -7.95e-10      0.00 7.257e-01 2.723e-01 1.729e-04 1.272e-04 5.717e-04 -1.000 2.029e-03 -0.864 3.107 4.561 2.607 1.003 0.410 0.454 0.308 0.032 -0.549 -0.664 -0.829 -0.942 -1.153 -1.204 -1.488 -1.503 -1.692
0.00123 -1.10000 9.55000 1.1936378479 2.5060138805    1.159  2.254  3.6944  1.978    7  0.000  0.401     0.00     0.00     0.00     0.00     0.00 -1 -7.95e-10      0.00 7.257e-01 2.723e-01 1.729e-04 1.272e-04 5.717e-04 -1.000 2.029e-03 -0.864 3.106 4.557 2.604 1.002 0.409 0.453 0.307 0.032 -0.549 -0.664 -0.829 -0.943 -1.153 -1.205 -1.488 -1.503 -1.692
0.00123 -1.10000 9.55000 1.1937634945 2.5060313838    1.158  2.241  3.6953  1.994    7  0.000  0.401     0.00     0.00     0.00     0.00     0.00 -1 -7.41e-10      0.00 7.257e-01 2.723e-01 1.729e-04 1.272e-04 5.717e-04 -1.000 2.029e-03 -0.834 3.131 4.531 2.598 1.012 0.421 0.472 0.329 0.056 -0.522 -0.637 -0.800 -0.914 -1.123 -1.174 -1.457 -1.472 -1.660
0.00123 -1.10000 9.55000 1.1938742399 2.5060468078    1.158  2.271  3.6928  1.954    7  0.000  0.401     0.00     0.00     0.00     0.00     0.00 -1 -8.77e-10      0.00 7.257e-01 2.723e-01 1.729e-04 1.272e-04 5.717e-04 -1.000 2.029e-03 -0.908 3.072 4.608 2.621 0.993 0.394 0.429 0.278 -0.001 -0.587 -0.703 -0.869 -0.984 -1.195 -1.247 -1.533 -1.548 -1.739
0.00123 -1.10000 9.55000 1.1939432621 2.5060564192    1.157  2.308  3.6899  1.905    7  0.000  0.401     0.00     0.00     0.00     0.00     0.00 -1 -1.07e-09      0.00 7.257e-01 2.723e-01 1.729e-04 1.272e-04 5.717e-04 -1.000 2.029e-03 -0.999 3.001 4.696 2.648 0.969 0.359 0.376 0.216 -0.069 -0.667 -0.785 -0.953 -1.069 -1.283 -1.336 -1.625 -1.640 -1.834
0.00123 -1.10000 9.55000 1.1939944029 2.5060635397    1.157  2.343  3.6871  1.859    7  0.000  0.401     0.00     0.00     0.00     0.00     0.00 -1 -1.31e-09      0.00 7.257e-01 2.723e-01 1.729e-04 1.272e-04 5.717e-04 -1.000 2.029e-03 -1.088 2.930 4.775 2.680 0.950 0.330 0.328 0.158 -0.134 -0.742 -0.862 -1.032 -1.150 -1.367 -1.420 -1.712 -1.728 -1.926
0.00123 -1.10000 9.55000 1.1940553188 2.5060720204    1.156  2.387  3.6836  1.801    7  0.000  0.401     0.00     0.00     0.00     0.00     0.00 -1 -1.67e-09      0.00 7.257e-01 2.723e-01 1.729e-04 1.272e-04 5.717e-04 -1.000 2.029e-03 -1.197 2.842 4.831 2.742 0.948 0.310 0.276 0.091 -0.212 -0.838 -0.960 -1.134 -1.253 -1.473 -1.527 -1.823 -1.839 -2.040
0.00123 -1.10000 9.55000 1.1941161156 2.5060804835    1.155  2.429  3.6803  1.745    7  0.000  0.401     0.00     0.00     0.00     0.00     0.00 -1  -2.1e-09      0.00 7.257e-01 2.723e-01 1.729e-04 1.272e-04 5.717e-04 -1.000 2.029e-03 -1.301 2.757 4.865 2.818 0.959 0.301 0.232 0.031 -0.285 -0.931 -1.055 -1.232 -1.354 -1.576 -1.631 -1.930 -1.947 -2.151
0.00123 -1.10000 9.55000 1.1941713095 2.5060881658    1.154  2.469  3.6771  1.692    7  0.000  0.401     0.00     0.00     0.00     0.00     0.00 -1 -2.62e-09      0.00 7.257e-01 2.723e-01 1.729e-04 1.273e-04 5.717e-04 -1.000 2.029e-03 -1.403 2.675 4.909 2.904 0.975 0.297 0.193 -0.024 -0.354 -1.019 -1.146 -1.326 -1.450 -1.675 -1.731 -2.033 -2.050 -2.257
0.00123 -1.10000 9.55000 1.1942224503 2.5060952832    1.153  2.510  3.6739  1.637    7  0.000  0.401     5.77     4.58     3.30     2.51     2.04  4 -3.26e-09      0.00 7.257e-01 2.723e-01 1.729e-04 1.273e-04 5.717e-04 -1.000 2.029e-03 -1.505 2.591 4.960 2.997 0.994 0.296 0.157 -0.078 -0.422 -1.108 -1.237 -1.421 -1.547 -1.775 -1.832 -2.137 -2.155 -2.365
0.00123 -1.10000 9.55000 1.1942688227 2.5061017364    1.151  2.551  3.6706  1.583    7  0.000  0.401     6.45     5.05     3.63     2.76     2.24  4 -4.09e-09      0.00 7.257e-01 2.723e-01 1.729e-04 1.273e-04 5.717e-04 -1.000 2.029e-03 -1.607 2.509 5.014 3.093 1.015 0.297 0.124 -0.129 -0.487 -1.195 -1.327 -1.515 -1.644 -1.875 -1.932 -2.241 -2.258 -2.472
0.00123 -1.10000 9.55000 1.1943111420 2.5061076250    1.150  2.592  3.6650  1.518    7  0.000  0.401     7.37     5.67     4.05     3.09     2.51  4 -5.16e-09      0.00 7.257e-01 2.723e-01 1.728e-04 1.273e-04 5.717e-04 -1.000 2.029e-03 -1.711 2.438 5.157 3.330 1.122 0.373 0.145 -0.139 -0.523 -1.269 -1.406 -1.601 -1.733 -1.970 -2.028 -2.343 -2.361 -2.580
0.00123 -1.10000 9.55000 1.1943393946 2.5061115561    1.149  2.623  3.6611  1.472    7  0.000  0.400     8.10     6.16     4.39     3.35     2.72  4 -6.13e-09      0.00 7.257e-01 2.723e-01 1.726e-04 1.274e-04 5.717e-04 -1.000 2.029e-03 -1.787 2.384 5.252 3.490 1.195 0.425 0.159 -0.147 -0.551 -1.324 -1.465 -1.664 -1.799 -2.040 -2.099 -2.419 -2.437 -2.660
0.00123 -1.10000 9.55000 1.1943739653 2.5061163659    1.147  2.663  3.6578  1.417    7  0.000  0.399     9.06     6.80     4.82     3.69     2.99  4 -7.62e-09      0.00 7.256e-01 2.723e-01 1.720e-04 1.279e-04 5.717e-04 -1.000 2.062e-03 -1.888 2.303 5.303 3.606 1.236 0.450 0.146 -0.182 -0.605 -1.404 -1.549 -1.752 -1.890 -2.135 -2.195 -2.518 -2.536 -2.764
0.00123 -1.10000 9.55000 1.1944059134 2.5061208105    1.144  2.704  3.6546  1.364    7  0.000  0.396    10.12     7.49     5.29     4.05     3.29  3 -9.46e-09      0.00 7.256e-01 2.723e-01 1.709e-04 1.290e-04 5.717e-04 -1.000 2.051e-03 -1.989 2.221 5.378 3.678 1.241 0.447 0.116 -0.229 -0.663 -1.481 -1.629 -1.837 -1.976 -2.225 -2.286 -2.615 -2.633 -2.865
0.00123 -1.10000 9.55000 1.1944359541 2.5061249896    1.142  2.744  3.6514  1.309    7  0.000  0.393    11.32     8.26     5.81     4.45     3.62  3 -1.17e-08      0.00 7.256e-01 2.724e-01 1.696e-04 1.306e-04 5.717e-04 -1.000 2.048e-03 -2.090 2.138 5.453 3.755 1.249 0.448 0.089 -0.273 -0.720 -1.558 -1.709 -1.921 -2.063 -2.315 -2.378 -2.711 -2.730 -2.966
0.00123 -1.10000 9.55000 1.1944645643 2.5061289694    1.138  2.785  3.6481  1.254    7  0.000  0.389    12.67     9.12     6.38     4.90     3.98  3 -1.46e-08      0.00 7.256e-01 2.724e-01 1.682e-04 1.323e-04 5.717e-04 -1.000 2.019e-03 -2.192 2.055 5.517 3.831 1.258 0.450 0.061 -0.318 -0.777 -1.635 -1.788 -2.005 -2.149 -2.406 -2.470 -2.808 -2.828 -3.068
0.00123 -1.10000 9.55000 1.1944909096 2.5061326340    1.135  2.826  3.6448  1.198    7  0.000  0.386    14.21    10.08     7.02     5.40     4.39  3 -1.81e-08      0.00 7.256e-01 2.724e-01 1.669e-04 1.339e-04 5.717e-04 -1.000 2.007e-03 -2.295 1.972 5.575 3.910 1.270 0.455 0.036 -0.361 -0.833 -1.711 -1.867 -2.088 -2.234 -2.496 -2.561 -2.905 -2.925 -3.171
0.00123 -1.10000 9.55000 1.1945153475 2.5061360331    1.130  2.866  3.6415  1.143    7  0.000  0.384    15.89    11.12     7.71     5.94     4.83  3 -2.24e-08      0.00 7.256e-01 2.724e-01 1.659e-04 1.352e-04 5.717e-04 -1.000 2.006e-03 -2.394 1.892 5.634 3.991 1.285 0.464 0.015 -0.399 -0.885 -1.783 -1.942 -2.168 -2.316 -2.582 -2.649 -2.998 -3.019 -3.269
0.00123 -1.10000 9.55000 1.1945401430 2.5061394818    1.125  2.906  3.6380  1.087    7  0.000  0.382    17.82    12.29     8.48     6.55     5.32  3 -2.78e-08      0.00 7.256e-01 2.724e-01 1.649e-04 1.363e-04 5.717e-04 -1.000 1.973e-03 -2.495 1.811 5.683 4.075 1.303 0.476 -0.003 -0.437 -0.935 -1.854 -2.016 -2.247 -2.398 -2.668 -2.736 -3.092 -3.113 -3.368
0.00123 -1.10000 9.55000 1.1945650578 2.5061429468    1.119  2.946  3.6345  1.030    7  0.000  0.380    20.01    13.60     9.34     7.23     5.87  3 -3.46e-08      0.00 7.255e-01 2.725e-01 1.641e-04 1.373e-04 5.716e-04 -1.000 2.000e-03 -2.595 1.732 5.724 4.162 1.325 0.493 -0.018 -0.470 -0.983 -1.923 -2.088 -2.325 -2.477 -2.753 -2.823 -3.185 -3.206 -3.467
0.00123 -1.10000 9.55000 1.1945898533 2.5061463952    1.110  2.987  3.6308  0.972    7  0.000  0.378    22.53    15.08    10.31     7.99     6.50  2 -4.35e-08      0.00 7.255e-01 2.725e-01 1.635e-04 1.382e-04 5.716e-04 -1.000 2.019e-03 -2.696 1.653 5.765 4.259 1.355 0.519 -0.024 -0.496 -1.024 -1.989 -2.158 -2.401 -2.556 -2.837 -2.908 -3.277 -3.299 -3.565
0.00123 -1.10000 9.55000 1.1946128607 2.5061495947    1.101  3.028  3.6269  0.911    7  0.000  0.377    25.49    16.80    11.43     8.87     7.21  2 -5.43e-08      0.00 7.255e-01 2.725e-01 1.629e-04 1.389e-04 5.715e-04 -1.000 2.013e-03 -2.800 1.574 5.791 4.360 1.395 0.555 -0.018 -0.512 -1.058 -2.052 -2.224 -2.474 -2.632 -2.920 -2.993 -3.370 -3.392 -3.665
0.00123 -1.10000 9.55000 1.1946305037 2.5061520481    1.092  3.070  3.6231  0.851    7  0.000  0.376    28.83    18.70    12.66     9.85     8.01  2 -6.79e-08      0.00 7.255e-01 2.725e-01 1.623e-04 1.396e-04 5.713e-04 -1.000 1.963e-03 -2.904 1.494 5.810 4.457 1.431 0.589 -0.013 -0.528 -1.093 -2.114 -2.291 -2.548 -2.708 -3.003 -3.078 -3.463 -3.486 -3.766
0.00123 -1.10000 9.55000 1.1946427822 2.5061537555    1.084  3.107  3.6197  0.797    7  0.000  0.375    32.17    20.57    13.86    10.80     8.79  2 -8.26e-08      0.00 7.255e-01 2.726e-01 1.619e-04 1.402e-04 5.711e-04 -1.000 1.971e-03 -2.997 1.422 5.823 4.540 1.463 0.619 -0.008 -0.543 -1.124 -2.170 -2.350 -2.613 -2.776 -3.077 -3.154 -3.546 -3.570 -3.855
0.00123 -1.10000 9.55000 1.1946552992 2.5061554960    1.074  3.150  3.6155  0.733    7  0.000  0.374    36.61    23.02    15.43    12.05     9.80  2 -1.04e-07      0.00 7.254e-01 2.726e-01 1.615e-04 1.408e-04 5.709e-04 -1.000 2.016e-03 -3.104 1.342 5.834 4.642 1.506 0.661 0.003 -0.554 -1.154 -2.230 -2.414 -2.686 -2.851 -3.160 -3.240 -3.641 -3.665 -3.958
0.00123 -1.10000 9.55000 1.1946647167 2.5061568055    1.065  3.185  3.6121  0.681    7  0.000  0.374    40.77    25.28    16.87    13.19    10.74  2 -1.27e-07      0.00 7.254e-01 2.726e-01 1.613e-04 1.412e-04 5.706e-04 -1.000 1.999e-03 -3.193 1.276 5.841 4.726 1.542 0.696 0.014 -0.561 -1.177 -2.278 -2.466 -2.744 -2.913 -3.227 -3.309 -3.718 -3.744 -4.042
0.00123 -1.10000 9.55000 1.1946744919 2.5061581647    1.053  3.228  3.6079  0.616    7  0.000  0.374    46.47    28.32    18.80    14.73    11.99  2 -1.61e-07      0.00 7.254e-01 2.726e-01 1.610e-04 1.417e-04 5.704e-04 -1.000 1.958e-03 -3.299 1.198 5.837 4.822 1.583 0.738 0.032 -0.564 -1.200 -2.334 -2.526 -2.813 -2.984 -3.307 -3.392 -3.810 -3.836 -4.142
0.00123 -1.10000 9.55000 1.1946816444 2.5061591593    1.042  3.263  3.6042  0.562    7  0.000  0.373    51.92    31.17    20.60    16.17    13.16  1 -1.96e-07      0.00 7.254e-01 2.726e-01 1.609e-04 1.420e-04 5.702e-04 -1.000 1.952e-03 -3.388 1.134 5.826 4.899 1.618 0.775 0.054 -0.561 -1.214 -2.376 -2.572 -2.866 -3.040 -3.370 -3.458 -3.885 -3.912 -4.225
0.00123 -1.10000 9.55000 1.1946835518 2.5061594245    1.039  3.272  3.6033  0.547    7  0.000  0.373    53.45    31.96    21.09    16.57    13.49  1 -2.07e-07      0.00 7.254e-01 2.726e-01 1.609e-04 1.421e-04 5.702e-04 -1.000 1.950e-03 -3.411 1.117 5.822 4.919 1.627 0.784 0.060 -0.559 -1.218 -2.387 -2.583 -2.880 -3.055 -3.387 -3.475 -3.905 -3.932 -4.247
0.00123 -1.10000 9.55000 1.1946846247 2.5061595736    1.037  3.284  3.6021  0.531    7  0.000  0.373    55.32    32.93    21.70    17.05    13.88  1 -2.18e-07      0.00 7.254e-01 2.726e-01 1.608e-04 1.422e-04 5.701e-04 -1.000 1.952e-03 -3.439 1.096 5.817 4.941 1.636 0.794 0.066 -0.559 -1.223 -2.401 -2.598 -2.898 -3.073 -3.407 -3.496 -3.929 -3.956 -4.273
0.00123 -1.10000 9.55000 1.1946847439 2.5061595902    1.037  3.284  3.6021  0.530    7  0.000  0.373    55.42    32.98    21.73    17.08    13.91  1 -2.19e-07      0.00 7.254e-01 2.726e-01 1.608e-04 1.422e-04 5.701e-04 -1.000 1.952e-03 -3.441 1.095 5.817 4.943 1.637 0.795 0.066 -0.559 -1.223 -2.402 -2.599 -2.899 -3.074 -3.408 -3.497 -3.930 -3.958 -4.274
0.00123 -1.10000 9.55000 1.1946848631 2.5061596068    1.037  3.286  3.6019  0.528    7  0.000  0.373    55.62    33.08    21.80    17.13    13.95  1  -2.2e-07      0.00 7.254e-01 2.726e-01 1.608e-04 1.422e-04 5.701e-04 -1.000 1.952e-03 -3.444 1.093 5.816 4.945 1.638 0.796 0.067 -0.559 -1.224 -2.403 -2.601 -2.901 -3.076 -3.410 -3.500 -3.933 -3.960 -4.277
0.00123 -1.10000 9.55000 1.1946849823 2.5061596234    1.037  3.288  3.6017  0.524    7  0.000  0.373    56.04    33.30    21.94    17.24    14.04  1 -2.23e-07      0.00 7.254e-01 2.726e-01 1.608e-04 1.422e-04 5.701e-04 -1.000 1.954e-03 -3.450 1.088 5.815 4.950 1.640 0.798 0.068 -0.559 -1.225 -2.406 -2.604 -2.904 -3.080 -3.415 -3.504 -3.938 -3.966 -4.283
0.00123 -1.10000 9.55000 1.1946858168 2.5061597394    1.035  3.298  3.6007  0.510    7  0.000  0.373    57.72    34.16    22.47    17.67    14.39  1 -2.33e-07      0.00 7.254e-01 2.727e-01 1.607e-04 1.423e-04 5.700e-04 -1.000 1.958e-03 -3.475 1.071 5.810 4.969 1.648 0.807 0.074 -0.558 -1.229 -2.418 -2.617 -2.919 -3.095 -3.432 -3.522 -3.959 -3.986 -4.306
0.00123 -1.10000 9.55000 1.1946862936 2.5061598057    1.034  3.306  3.5999  0.498    7  0.000  0.373    59.10    34.87    22.92    18.03    14.68  1 -2.42e-07      0.00 7.254e-01 2.727e-01 1.606e-04 1.425e-04 5.700e-04 -1.000 1.959e-03 -3.494 1.057 5.806 4.984 1.654 0.814 0.079 -0.557 -1.232 -2.427 -2.627 -2.931 -3.107 -3.446 -3.537 -3.975 -4.003 -4.324
0.00123 -1.10000 9.55000 1.1946868896 2.5061598886    1.033  3.315  3.5990  0.485    7  0.000  0.373    60.78    35.73    23.46    18.46    15.03  1 -2.53e-07      0.00 7.254e-01 2.727e-01 1.606e-04 1.426e-04 5.699e-04 -1.000 1.959e-03 -3.517 1.040 5.800 5.001 1.660 0.821 0.087 -0.552 -1.232 -2.436 -2.637 -2.943 -3.121 -3.461 -3.553 -3.994 -4.022 -4.345
0.00123 -1.10000 9.55000 1.1946874857 2.5061599714    1.031  3.326  3.5979  0.469    7  0.000  0.373    62.77    36.73    24.09    18.96    15.44  1 -2.67e-07      0.00 7.254e-01 2.727e-01 1.606e-04 1.426e-04 5.699e-04 -1.000 1.959e-03 -3.544 1.021 5.792 5.019 1.666 0.828 0.097 -0.547 -1.233 -2.446 -2.648 -2.958 -3.136 -3.479 -3.572 -4.016 -4.045 -4.370
0.00123 -1.10000 9.55000 1.1946883202 2.5061600875    1.030  3.337  3.5967  0.452    7  0.000  0.373    65.04    37.88    24.80    19.54    15.91  1 -2.82e-07      0.00 7.254e-01 2.727e-01 1.605e-04 1.427e-04 5.698e-04 -1.000 1.959e-03 -3.574 1.001 5.783 5.039 1.673 0.837 0.108 -0.542 -1.234 -2.458 -2.661 -2.974 -3.153 -3.499 -3.593 -4.041 -4.069 -4.397
0.00123 -1.10000 9.55000 1.1946895123 2.5061602532    1.026  3.381  3.5926  0.391    7  0.000  0.372    73.82    42.27    27.54    21.73    17.70  1 -3.48e-07      0.00 7.253e-01 2.727e-01 1.602e-04 1.437e-04 5.691e-04 -1.000 1.981e-03 -3.681 0.923 5.746 5.104 1.693 0.861 0.140 -0.528 -1.242 -2.503 -2.711 -3.035 -3.217 -3.574 -3.671 -4.131 -4.161 -4.498
0.00123 -1.10000 9.55000 1.1946913004 2.5061605018    1.020  3.429  3.5878  0.321    7  0.546  0.372    85.29    47.90    31.03    24.53    19.99  1 -4.45e-07      0.00 7.253e-01 2.727e-01 1.599e-04 1.445e-04 5.686e-04 -1.000 1.990e-03 -3.802 0.838 5.703 5.173 1.712 0.887 0.182 -0.505 -1.245 -2.550 -2.763 -3.099 -3.284 -3.653 -3.755 -4.231 -4.262 -4.610
0.00123 -1.10000 9.55000 1.1946941614 2.5061608996    1.006  3.467  3.5836  0.259    7  0.548  0.372    96.71    53.35    34.38    27.24    22.20  1  -5.5e-07      0.00 7.253e-01 2.728e-01 1.598e-04 1.450e-04 5.683e-04 -1.000 1.967e-03 -3.899 0.774 5.670 5.234 1.731 0.914 0.233 -0.470 -1.233 -2.577 -2.794 -3.142 -3.330 -3.710 -3.818 -4.308 -4.340 -4.697
0.00123 -1.10000 9.55000 1.1946951151 2.5061610322    1.001  3.478  3.5824  0.242    7  0.548  0.372   100.11    54.95    35.36    28.04    22.85  1 -5.84e-07      0.00 7.253e-01 2.728e-01 1.598e-04 1.451e-04 5.682e-04 -1.000 1.952e-03 -3.924 0.757 5.662 5.252 1.738 0.922 0.249 -0.459 -1.228 -2.582 -2.801 -3.152 -3.341 -3.724 -3.833 -4.328 -4.360 -4.720
0.00123 -1.10000 9.55000 1.1946952343 2.5061610488    1.000  3.478  3.5824  0.242    8  0.548  0.391   100.12    54.95    35.36    28.04    22.85  1 -5.79e-07      0.00 7.253e-01 2.735e-01 1.687e-04 1.452e-04 5.703e-04 -1.000 1.220e-03 -3.924 0.757 5.662 5.252 1.738 0.922 0.249 -0.459 -1.228 -2.582 -2.801 -3.152 -3.341 -3.724 -3.833 -4.328 -4.360 -4.720
0.00123 -1.10000 9.55000 1.1946953535 2.5061610654    1.000  3.316  3.5977  0.465    8  0.548  0.394    62.87    36.72    24.06    18.97    15.44  1 -2.81e-07      0.00 7.253e-01 2.735e-01 1.687e-04 1.452e-04 5.703e-04 -1.000 1.220e-03 -3.520 1.047 5.819 5.051 1.697 0.859 0.128 -0.517 -1.204 -2.419 -2.621 -2.931 -3.109 -3.454 -3.546 -3.991 -4.020 -4.345
0.00123 -1.10000 9.55000 1.1946954727 2.5061610820    1.000  3.208  3.6078  0.613    8  0.548  0.394    46.21    28.12    18.65    14.64    11.91  2 -1.72e-07      0.00 7.253e-01 2.735e-01 1.687e-04 1.452e-04 5.703e-04 -1.000 1.220e-03 -3.251 1.246 5.888 4.876 1.636 0.791 0.084 -0.513 -1.150 -2.284 -2.476 -2.764 -2.935 -3.258 -3.343 -3.762 -3.788 -4.094
0.00123 -1.10000 9.55000 1.1946957111 2.5061611151    0.998  2.991  3.6281  0.910    8  0.548  0.394    24.82    16.41    11.15     8.68     7.06  2 -6.17e-08      0.00 7.253e-01 2.735e-01 1.687e-04 1.452e-04 5.703e-04 -1.000 1.220e-03 -2.708 1.659 5.855 4.411 1.459 0.620 0.052 -0.438 -0.983 -1.971 -2.143 -2.391 -2.548 -2.835 -2.908 -3.282 -3.304 -3.576
0.00123 -1.10000 9.55000 1.1946959496 2.5061611483    0.996  2.993  3.6279  0.907    8  0.548  0.394    24.98    16.50    11.21     8.73     7.09  2 -6.25e-08      0.00 7.253e-01 2.735e-01 1.687e-04 1.452e-04 5.703e-04 -1.000 1.220e-03 -2.712 1.656 5.859 4.419 1.463 0.624 0.054 -0.437 -0.982 -1.972 -2.145 -2.393 -2.551 -2.837 -2.910 -3.285 -3.308 -3.579
0.00123 -1.10000 9.55000 1.1946964264 2.5061612146    0.994  3.078  3.6198  0.789    8  0.549  0.394    31.94    20.42    13.73    10.73     8.73  2 -9.46e-08      0.00 7.253e-01 2.735e-01 1.687e-04 1.452e-04 5.703e-04 -1.000 1.220e-03 -2.924 1.495 5.898 4.617 1.539 0.695 0.067 -0.468 -1.051 -2.098 -2.278 -2.541 -2.705 -3.005 -3.083 -3.474 -3.498 -3.783
0.00123 -1.10000 9.55000 1.1946970224 2.5061612974    0.991  3.221  3.6062  0.590    8  0.549  0.394    48.37    29.24    19.36    15.21    12.37  1 -1.87e-07      0.00 7.253e-01 2.735e-01 1.687e-04 1.452e-04 5.703e-04 -1.000 1.220e-03 -3.283 1.225 5.890 4.916 1.658 0.814 0.100 -0.505 -1.149 -2.296 -2.490 -2.780 -2.953 -3.279 -3.365 -3.788 -3.814 -4.123
0.00123 -1.10000 9.55000 1.1946976185 2.5061613803    0.988  3.348  3.5941  0.413    8  0.549  0.394    69.87    40.20    26.23    20.71    16.86  1 -3.37e-07      0.00 7.253e-01 2.735e-01 1.687e-04 1.452e-04 5.703e-04 -1.000 1.220e-03 -3.600 0.994 5.801 5.121 1.727 0.893 0.170 -0.491 -1.197 -2.445 -2.651 -2.970 -3.151 -3.504 -3.600 -4.056 -4.085 -4.419
0.00123 -1.10000 9.55000 1.1946984529 2.5061614963    0.984  3.430  3.5862  0.297    8  0.549  0.394    88.91    49.51    32.00    25.35    20.65  1 -4.94e-07      0.00 7.253e-01 2.735e-01 1.687e-04 1.452e-04 5.703e-04 -1.000 1.220e-03 -3.805 0.847 5.724 5.231 1.754 0.932 0.235 -0.459 -1.207 -2.526 -2.741 -3.082 -3.268 -3.641 -3.746 -4.227 -4.258 -4.609
0.00123 -1.10000 9.55000 1.1946992874 2.5061616123    0.979  3.472  3.5821  0.238    8  0.549  0.394   100.64    55.09    35.43    28.12    22.91  1 -6.03e-07      0.00 7.253e-01 2.735e-01 1.687e-04 1.452e-04 5.703e-04 -1.000 1.220e-03 -3.909 0.775 5.682 5.278 1.761 0.946 0.275 -0.434 -1.205 -2.562 -2.781 -3.134 -3.322 -3.706 -3.816 -4.311 -4.344 -4.704
0.00123 -1.10000 9.55000 1.1947002411 2.5061617449    0.974  3.488  3.5803  0.212    8  0.549  0.394   106.07    57.63    36.98    29.37    23.93  1 -6.58e-07      0.00 7.253e-01 2.735e-01 1.687e-04 1.452e-04 5.703e-04 -1.000 1.220e-03 -3.950 0.748 5.667 5.302 1.767 0.955 0.296 -0.419 -1.200 -2.573 -2.795 -3.152 -3.341 -3.729 -3.842 -4.343 -4.376 -4.740
0.00123 -1.10000 9.55000 1.1947013140 2.5061618941    0.969  3.494  3.5795  0.200    8  0.550  0.394   108.65    58.81    37.70    29.96    24.41  1 -6.88e-07      0.00 7.253e-01 2.735e-01 1.687e-04 1.452e-04 5.703e-04 -1.000 1.220e-03 -3.965 0.739 5.662 5.315 1.773 0.963 0.311 -0.407 -1.192 -2.574 -2.796 -3.155 -3.345 -3.736 -3.849 -4.355 -4.388 -4.754
0.00123 -1.10000 9.55000 1.1947013140 2.5061618941    0.968  3.389  3.5893  0.344    8  0.550  0.394    80.40    45.33    29.40    23.27    18.95  1 -4.32e-07      0.00 7.253e-01 2.735e-01 1.687e-04 1.452e-04 5.703e-04 -1.000 1.220e-03 -3.703 0.926 5.780 5.216 1.770 0.942 0.230 -0.452 -1.184 -2.474 -2.686 -3.018 -3.202 -3.567 -3.667 -4.138 -4.169 -4.513
0.00123 -1.10000 9.55000 1.1947015524 2.5061619273    0.967  3.228  3.6043  0.564    8  0.550  0.394    50.71    30.43    20.09    15.81    12.86  1 -2.09e-07      0.00 7.253e-01 2.735e-01 1.687e-04 1.452e-04 5.703e-04 -1.000 1.220e-03 -3.301 1.220 5.910 4.980 1.701 0.858 0.137 -0.477 -1.130 -2.291 -2.486 -2.781 -2.954 -3.284 -3.371 -3.799 -3.826 -4.138
0.00123 -1.10000 9.55000 1.1947019100 2.5061619770    0.965  3.012  3.6246  0.861    8  0.550  0.394    27.24    17.78    12.03     9.39     7.63  2 -7.59e-08      0.00 7.253e-01 2.735e-01 1.687e-04 1.452e-04 5.703e-04 -1.000 1.220e-03 -2.759 1.630 5.915 4.537 1.532 0.691 0.097 -0.412 -0.972 -1.984 -2.160 -2.414 -2.574 -2.866 -2.941 -3.323 -3.346 -3.623
0.00123 -1.10000 9.55000 1.1947022676 2.5061620267    0.963  3.014  3.6243  0.857    8  0.550  0.394    27.47    17.91    12.11     9.46     7.68  2 -7.73e-08      0.00 7.253e-01 2.735e-01 1.687e-04 1.452e-04 5.703e-04 -1.000 1.220e-03 -2.764 1.627 5.919 4.548 1.538 0.697 0.101 -0.410 -0.971 -1.986 -2.162 -2.417 -2.577 -2.870 -2.945 -3.327 -3.350 -3.627
0.00123 -1.10000 9.55000 1.1947028637 2.5061621096    0.959  3.098  3.6161  0.738    8  0.550  0.394    35.20    22.18    14.86    11.64     9.46  2 -1.17e-07      0.00 7.253e-01 2.735e-01 1.687e-04 1.452e-04 5.703e-04 -1.000 1.220e-03 -2.976 1.466 5.947 4.744 1.616 0.771 0.116 -0.438 -1.036 -2.108 -2.292 -2.562 -2.728 -3.035 -3.115 -3.515 -3.539 -3.830
0.00123 -1.10000 9.55000 1.1947035789 2.5061622090    0.955  3.241  3.6025  0.539    8  0.550  0.394    53.34    31.76    20.93    16.49    13.41  1 -2.31e-07      0.00 7.253e-01 2.735e-01 1.687e-04 1.452e-04 5.703e-04 -1.000 1.220e-03 -3.333 1.200 5.915 5.028 1.728 0.886 0.159 -0.464 -1.125 -2.300 -2.497 -2.795 -2.970 -3.303 -3.392 -3.824 -3.851 -4.167
0.00123 -1.10000 9.55000 1.1947045326 2.5061623416    0.950  3.367  3.5904  0.362    8  0.550  0.394    77.14    43.67    28.36    22.45    18.28  1 -4.16e-07      0.00 7.253e-01 2.735e-01 1.687e-04 1.452e-04 5.703e-04 -1.000 1.220e-03 -3.648 0.972 5.816 5.224 1.790 0.961 0.244 -0.433 -1.158 -2.438 -2.648 -2.977 -3.161 -3.523 -3.622 -4.089 -4.119 -4.461
0.00123 -1.10000 9.55000 1.1947054863 2.5061624742    0.944  3.449  3.5824  0.245    8  0.550  0.394    98.40    53.85    34.64    27.51    22.41  1 -6.12e-07      0.00 7.253e-01 2.735e-01 1.687e-04 1.452e-04 5.703e-04 -1.000 1.220e-03 -3.854 0.827 5.731 5.319 1.806 0.990 0.316 -0.391 -1.160 -2.513 -2.732 -3.083 -3.271 -3.654 -3.764 -4.258 -4.290 -4.649
0.00123 -1.10000 9.55000 1.1947065592 2.5061626234    0.937  3.491  3.5782  0.184    8  0.551  0.394   111.79    60.07    38.45    30.60    24.93  1 -7.52e-07      0.00 7.253e-01 2.735e-01 1.687e-04 1.452e-04 5.703e-04 -1.000 1.220e-03 -3.958 0.756 5.686 5.363 1.810 1.003 0.361 -0.361 -1.151 -2.544 -2.767 -3.130 -3.321 -3.715 -3.830 -4.341 -4.374 -4.744
0.00123 -1.10000 9.55000 1.1947078705 2.5061628057    0.930  3.508  3.5763  0.156    8  0.551  0.394   118.38    63.07    40.27    32.08    26.14  1  -8.3e-07      0.00 7.253e-01 2.735e-01 1.687e-04 1.452e-04 5.703e-04 -1.000 1.220e-03 -4.000 0.730 5.668 5.384 1.813 1.011 0.387 -0.340 -1.140 -2.550 -2.776 -3.144 -3.336 -3.736 -3.854 -4.373 -4.407 -4.781
0.00123 -1.10000 9.55000 1.1947093010 2.5061630046    0.922  3.515  3.5752  0.141    8  0.551  0.394   121.94    64.64    41.22    32.86    26.77  1 -8.79e-07      0.00 7.253e-01 2.735e-01 1.687e-04 1.452e-04 5.703e-04 -1.000 1.220e-03 -4.017 0.721 5.664 5.400 1.820 1.020 0.407 -0.323 -1.128 -2.548 -2.775 -3.146 -3.339 -3.742 -3.862 -4.384 -4.419 -4.796
0.00123 -1.10000 9.55000 1.1947094202 2.5061630212    0.921  3.414  3.5847  0.279    8  0.551  0.394    91.26    50.35    32.47    25.79    21.00  1 -5.64e-07      0.00 7.253e-01 2.735e-01 1.687e-04 1.452e-04 5.703e-04 -1.000 1.220e-03 -3.765 0.899 5.787 5.325 1.834 1.015 0.326 -0.373 -1.129 -2.461 -2.678 -3.023 -3.209 -3.586 -3.693 -4.180 -4.211 -4.566
0.00123 -1.10000 9.55000 1.1947095394 2.5061630378    0.920  3.254  3.5996  0.498    8  0.551  0.394    57.59    33.86    22.23    17.55    14.28  1 -2.76e-07      0.00 7.253e-01 2.735e-01 1.687e-04 1.452e-04 5.703e-04 -1.000 1.220e-03 -3.365 1.187 5.939 5.121 1.789 0.949 0.214 -0.422 -1.098 -2.294 -2.494 -2.799 -2.976 -3.315 -3.406 -3.845 -3.873 -4.194
0.00123 -1.10000 9.55000 1.1947098970 2.5061630875    0.918  3.038  3.6199  0.795    8  0.551  0.394    30.91    19.80    13.32    10.43     8.48  2 -1.01e-07      0.00 7.253e-01 2.735e-01 1.687e-04 1.452e-04 5.703e-04 -1.000 1.220e-03 -2.824 1.594 5.992 4.707 1.631 0.787 0.161 -0.373 -0.954 -2.000 -2.180 -2.443 -2.606 -2.906 -2.983 -3.375 -3.399 -3.683
0.00123 -1.10000 9.55000 1.1947104931 2.5061631703    0.914  3.040  3.6196  0.789    8  0.551  0.394    31.21    19.97    13.42    10.52     8.54  2 -1.04e-07      0.00 7.253e-01 2.735e-01 1.687e-04 1.452e-04 5.703e-04 -1.000 1.220e-03 -2.830 1.590 5.996 4.719 1.638 0.794 0.165 -0.370 -0.953 -2.001 -2.182 -2.445 -2.608 -2.909 -2.987 -3.379 -3.403 -3.688
0.00123 -1.10000 9.55000 1.1947112083 2.5061632698    0.910  3.124  3.6114  0.670    8  0.552  0.394    40.02    24.73    16.46    12.94    10.52  1 -1.57e-07      0.00 7.253e-01 2.735e-01 1.687e-04 1.452e-04 5.703e-04 -1.000 1.220e-03 -3.041 1.432 6.009 4.910 1.717 0.871 0.185 -0.394 -1.013 -2.119 -2.307 -2.587 -2.756 -3.072 -3.154 -3.564 -3.590 -3.889
0.00123 -1.10000 9.55000 1.1947120428 2.5061633858    0.905  3.266  3.5979  0.472    8  0.552  0.394    60.60    35.33    23.14    18.30    14.88  1 -3.06e-07      0.00 7.253e-01 2.735e-01 1.687e-04 1.452e-04 5.703e-04 -1.000 1.220e-03 -3.394 1.171 5.941 5.167 1.815 0.977 0.245 -0.399 -1.084 -2.297 -2.498 -2.808 -2.986 -3.330 -3.422 -3.866 -3.895 -4.220
0.00123 -1.10000 9.55000 1.1947129965 2.5061635184    0.899  3.391  3.5858  0.296    8  0.552  0.394    87.61    48.50    31.31    24.88    20.25  1 -5.49e-07      0.00 7.253e-01 2.735e-01 1.687e-04 1.452e-04 5.703e-04 -1.000 1.220e-03 -3.707 0.949 5.828 5.341 1.861 1.040 0.345 -0.350 -1.100 -2.422 -2.637 -2.978 -3.165 -3.539 -3.644 -4.126 -4.158 -4.510
0.00123 -1.10000 9.55000 1.1947141886 2.5061636841    0.892  3.472  3.5778  0.179    8  0.552  0.394   111.83    59.78    38.22    30.47    24.82  1 -8.08e-07      0.00 7.253e-01 2.735e-01 1.687e-04 1.452e-04 5.703e-04 -1.000 1.220e-03 -3.910 0.807 5.738 5.423 1.867 1.061 0.422 -0.300 -1.092 -2.489 -2.713 -3.077 -3.268 -3.663 -3.779 -4.291 -4.325 -4.695
0.00123 -1.10000 9.55000 1.1947154999 2.5061638665    0.884  3.513  3.5735  0.117    8  0.553  0.394   127.29    66.75    42.46    33.92    27.63  1 -9.96e-07      0.00 7.253e-01 2.735e-01 1.687e-04 1.452e-04 5.703e-04 -1.000 1.220e-03 -4.013 0.739 5.690 5.459 1.864 1.068 0.471 -0.264 -1.077 -2.513 -2.742 -3.117 -3.310 -3.719 -3.841 -4.371 -4.407 -4.788
0.00123 -1.10000 9.55000 1.1947169304 2.5061640654    0.875  3.530  3.5715  0.088    8  0.553  0.394   135.20    70.21    44.55    35.63    29.02  1 -1.11e-06      0.00 7.253e-01 2.735e-01 1.687e-04 1.452e-04 5.703e-04 -1.000 1.220e-03 -4.055 0.714 5.674 5.483 1.869 1.079 0.502 -0.239 -1.062 -2.517 -2.748 -3.129 -3.323 -3.738 -3.864 -4.402 -4.438 -4.825
0.00123 -1.10000 9.55000 1.1947185993 2.5061642974    0.865  3.537  3.5703  0.071    8  0.553  0.394   139.77    72.14    45.71    36.58    29.80  1 -1.18e-06      0.00 7.253e-01 2.735e-01 1.687e-04 1.452e-04 5.703e-04 -1.000 1.220e-03 -4.073 0.706 5.671 5.502 1.879 1.091 0.525 -0.219 -1.048 -2.513 -2.745 -3.130 -3.325 -3.743 -3.870 -4.414 -4.450 -4.840
0.00123 -1.10000 9.55000 1.1947385073 2.5061670652    0.558 -9.999  4.0000  1.676    9  0.559  0.000     0.00     0.00     0.00     0.00     0.00 -1    -1e-30      0.00 7.253e-01 2.735e-01 1.687e-04 1.452e-04 5.703e-04 -1.000 1.220e-03 29.767 29.906 29.852 29.821 29.823 29.871 29.944 30.055 30.040 30.084 30.085 30.080 30.078 30.077 30.079 30.071 30.070 30.046
