 Zini     MH   logAge Mini        int_IMF         Mass   logL    logTe  logg  label   McoreTP C_O  period0  period1  period2  period3  period4  pmode  Mloss  tau1m   X   Y   Xc  Xn  Xo  Cexcess  Z 	 mbolmag  F170Wmag  F218Wmag  F255Wmag  F300Wmag  F336Wmag  F380Wmag  F439Wmag  F450Wmag  F555Wmag  F569Wmag  F606Wmag  F622Wmag  F675Wmag  F702Wmag  F791Wmag  F814Wmag  F850LPmag
0.0015467 -1.00000 7.85000 0.0900000036 1.0816895926    0.090 -2.525  3.4964  4.854    0  0.000  0.545     0.00     0.00     0.00     0.00     0.00 -1 -4.74e-16      0.00 7.470e-01 2.514e-01 2.929e-04 7.903e-05 7.168e-04 -1.000 1.629e-03 11.081 15.862 20.772 20.779 16.913 16.189 16.052 15.281 14.641 13.210 12.995 12.598 12.411 11.882 11.535 10.638 10.583 10.060
0.0015467 -1.00000 7.85000 0.0932092816 1.1117393355    0.093 -2.500  3.4993  4.857    0  0.000  0.545     0.00     0.00     0.00     0.00     0.00 -1 -4.91e-16      0.00 7.470e-01 2.514e-01 2.929e-04 7.903e-05 7.168e-04 -1.000 1.629e-03 11.021 15.788 20.694 20.655 16.806 16.070 15.908 15.148 14.519 13.095 12.881 12.489 12.301 11.783 11.448 10.568 10.514 10.000
0.0015467 -1.00000 7.85000 0.0992327109 1.1646648238    0.099 -2.455  3.5049  4.861    0  0.000  0.545     0.00     0.00     0.00     0.00     0.00 -1 -5.26e-16      0.00 7.470e-01 2.514e-01 2.929e-04 7.903e-05 7.168e-04 -1.000 1.629e-03 10.906 15.647 20.542 20.403 16.597 15.841 15.637 14.899 14.287 12.882 12.669 12.284 12.094 11.597 11.283 10.435 10.384 9.886
0.0015467 -1.00000 7.85000 0.1000000015 1.1711064122    0.100 -2.448  3.5057  4.861    0  0.000  0.545     0.00     0.00     0.00     0.00     0.00 -1 -5.31e-16      0.00 7.470e-01 2.514e-01 2.929e-04 7.903e-05 7.168e-04 -1.000 1.629e-03 10.891 15.628 20.521 20.369 16.570 15.810 15.600 14.866 14.257 12.853 12.641 12.257 12.066 11.572 11.261 10.418 10.367 9.871
0.0015467 -1.00000 7.85000 0.1090376824 1.2424522542    0.109 -2.389  3.5121  4.865    0  0.000  0.545     0.00     0.00     0.00     0.00     0.00 -1 -5.81e-16      0.00 7.470e-01 2.514e-01 2.929e-04 7.903e-05 7.168e-04 -1.000 1.629e-03 10.742 15.449 20.328 20.056 16.312 15.531 15.277 14.568 13.977 12.595 12.384 12.008 11.816 11.342 11.056 10.249 10.201 9.724
0.0015467 -1.00000 7.85000 0.1197640821 1.3177586154    0.120 -2.322  3.5198  4.869    0  0.000  0.545     0.00     0.00     0.00     0.00     0.00 -1 -6.45e-16      0.00 7.470e-01 2.514e-01 2.929e-04 7.903e-05 7.168e-04 -1.000 1.629e-03 10.574 15.246 20.105 19.683 16.013 15.210 14.910 14.231 13.661 12.306 12.097 11.728 11.534 11.083 10.824 10.061 10.015 9.559
0.0015467 -1.00000 7.85000 0.1200000048 1.3193154741    0.120 -2.320  3.5199  4.869    0  0.000  0.545     0.00     0.00     0.00     0.00     0.00 -1 -6.46e-16      0.00 7.470e-01 2.514e-01 2.929e-04 7.903e-05 7.168e-04 -1.000 1.629e-03 10.570 15.242 20.100 19.675 16.007 15.203 14.902 14.224 13.655 12.300 12.091 11.722 11.528 11.077 10.819 10.057 10.011 9.556
0.0015467 -1.00000 7.85000 0.1250066161 1.3514448160    0.125 -2.293  3.5227  4.871    0  0.000  0.545     0.00     0.00     0.00     0.00     0.00 -1 -6.72e-16      0.00 7.470e-01 2.514e-01 2.929e-04 7.903e-05 7.168e-04 -1.000 1.629e-03 10.502 15.162 20.011 19.533 15.890 15.081 14.766 14.098 13.537 12.193 11.985 11.619 11.425 10.980 10.730 9.982 9.937 9.489
0.0015467 -1.00000 7.85000 0.1400000006 1.4384526719    0.140 -2.215  3.5307  4.874    0  0.000  0.545     0.00     0.00     0.00     0.00     0.00 -1 -7.58e-16      0.00 7.470e-01 2.514e-01 2.929e-04 7.903e-05 7.168e-04 -1.000 1.629e-03 10.307 14.932 19.752 19.125 15.553 14.728 14.379 13.740 13.201 11.889 11.684 11.324 11.130 10.704 10.477 9.768 9.725 9.296
0.0015467 -1.00000 7.85000 0.1432363689 1.4556511968    0.143 -2.200  3.5321  4.874    0  0.000  0.545     0.00     0.00     0.00     0.00     0.00 -1 -7.75e-16      0.00 7.470e-01 2.514e-01 2.929e-04 7.903e-05 7.168e-04 -1.000 1.629e-03 10.270 14.889 19.703 19.050 15.492 14.665 14.311 13.676 13.141 11.835 11.630 11.271 11.077 10.653 10.430 9.728 9.686 9.260
0.0015467 -1.00000 7.85000 0.1599999964 1.5372931554    0.160 -2.125  3.5388  4.874    0  0.000  0.545     0.00     0.00     0.00     0.00     0.00 -1 -8.73e-16      0.00 7.470e-01 2.514e-01 2.929e-04 7.903e-05 7.168e-04 -1.000 1.629e-03 10.081 14.673 19.456 18.675 15.183 14.347 13.971 13.359 12.841 11.563 11.361 11.007 10.813 10.401 10.196 9.526 9.486 9.075
0.0015467 -1.00000 7.85000 0.1967415810 1.6827063224    0.197 -1.988  3.5504  4.874    0  0.000  0.545     0.00     0.00     0.00     0.00     0.00 -1 -1.08e-15      0.00 7.470e-01 2.514e-01 2.929e-04 7.903e-05 7.168e-04 -1.000 1.629e-03 9.741 14.286 19.007 18.015 14.636 13.788 13.385 12.810 12.320 11.090 10.892 10.546 10.353 9.960 9.783 9.165 9.127 8.740
0.0015467 -1.00000 7.85000 0.2000000179 1.6938791367    0.200 -1.977  3.5513  4.873    0  0.000  0.545     0.00     0.00     0.00     0.00     0.00 -1  -1.1e-15      0.00 7.470e-01 2.514e-01 2.929e-04 7.903e-05 7.168e-04 -1.000 1.629e-03 9.713 14.255 18.969 17.960 14.592 13.743 13.338 12.766 12.279 11.052 10.855 10.509 10.316 9.925 9.750 9.136 9.099 8.713
0.0015467 -1.00000 7.85000 0.2500000000 1.8403257998    0.250 -1.831  3.5626  4.869    0  0.000  0.545     0.00     0.00     0.00     0.00     0.00 -1 -1.38e-15      0.00 7.470e-01 2.514e-01 2.929e-04 7.903e-05 7.168e-04 -1.000 1.629e-03 9.347 13.847 18.479 17.263 14.025 13.171 12.753 12.214 11.749 10.571 10.378 10.039 9.848 9.472 9.321 8.755 8.720 8.357
0.0015467 -1.00000 7.85000 0.3000000417 1.9529140366    0.300 -1.708  3.5722  4.864    0  0.000  0.545     0.00     0.00     0.00     0.00     0.00 -1 -1.68e-15      0.00 7.470e-01 2.514e-01 2.929e-04 7.903e-05 7.168e-04 -1.000 1.629e-03 9.040 13.505 18.054 16.672 13.546 12.692 12.271 11.758 11.311 10.173 9.985 9.652 9.463 9.098 8.966 8.437 8.404 8.057
0.0015467 -1.00000 7.85000 0.3499999940 2.0434174644    0.350 -1.589  3.5816  4.849    0  0.000  0.545     0.00     0.00     0.00     0.00     0.00 -1 -2.08e-15      0.00 7.470e-01 2.514e-01 2.929e-04 7.903e-05 7.168e-04 -1.000 1.629e-03 8.742 13.175 17.636 16.118 13.078 12.224 11.809 11.320 10.890 9.794 9.610 9.286 9.099 8.746 8.627 8.129 8.098 7.766
0.0015467 -1.00000 7.85000 0.4000000060 2.1185024399    0.400 -1.458  3.5932  4.823    0  0.000  0.545     0.00     0.00     0.00     0.00     0.00 -1 -2.71e-15      0.00 7.470e-01 2.514e-01 2.929e-04 7.903e-05 7.168e-04 -1.000 1.629e-03 8.416 12.810 17.128 15.441 12.534 11.685 11.291 10.830 10.418 9.375 9.198 8.885 8.703 8.363 8.258 7.795 7.765 7.451
0.0015467 -1.00000 7.85000 0.4499999881 2.1822809009    0.450 -1.297  3.6119  4.787    0  0.000  0.545     0.00     0.00     0.00     0.00     0.00 -1 -3.84e-15      0.00 7.470e-01 2.514e-01 2.929e-04 7.903e-05 7.168e-04 -1.000 1.629e-03 8.011 12.345 16.485 14.590 11.778 10.933 10.594 10.169 9.791 8.834 8.669 8.379 8.204 7.889 7.799 7.377 7.351 7.062
0.0015467 -1.00000 7.85000 0.4572046399 2.1907105314    0.457 -1.267  3.6169  4.784    0  0.000  0.545     0.00     0.00     0.00     0.00     0.00 -1 -4.09e-15      0.00 7.470e-01 2.514e-01 2.929e-04 7.903e-05 7.168e-04 -1.000 1.629e-03 7.937 12.255 16.336 14.393 11.610 10.766 10.447 10.029 9.660 8.725 8.563 8.281 8.107 7.799 7.712 7.300 7.275 6.993
0.0015467 -1.00000 7.85000 0.4707913399 2.2061470435    0.471 -1.212  3.6253  4.777    0  0.000  0.545     0.00     0.00     0.00     0.00     0.00 -1 -4.61e-15      0.00 7.470e-01 2.514e-01 2.929e-04 7.903e-05 7.168e-04 -1.000 1.629e-03 7.801 12.092 16.011 14.000 11.311 10.474 10.190 9.785 9.428 8.531 8.375 8.104 7.935 7.638 7.556 7.162 7.137 6.867
0.0015467 -1.00000 7.85000 0.5000000000 2.2374541529    0.500 -1.103  3.6440  4.768    0  0.000  0.545     0.00     0.00     0.00     0.00     0.00 -1 -5.83e-15      0.00 7.470e-01 2.514e-01 2.929e-04 7.903e-05 7.168e-04 -1.000 1.629e-03 7.527 11.752 15.306 13.163 10.655 9.833 9.648 9.271 8.944 8.131 7.989 7.743 7.583 7.312 7.241 6.883 6.861 6.615
0.0015467 -1.00000 7.85000 0.5014356971 2.2389292806    0.501 -1.098  3.6451  4.768    0  0.000  0.545     0.00     0.00     0.00     0.00     0.00 -1 -5.89e-15      0.00 7.470e-01 2.514e-01 2.929e-04 7.903e-05 7.168e-04 -1.000 1.629e-03 7.514 11.734 15.278 13.124 10.618 9.797 9.618 9.243 8.918 8.111 7.969 7.725 7.565 7.296 7.226 6.869 6.848 6.603
0.0015467 -1.00000 7.85000 0.5419221520 2.2768555178    0.542 -0.976  3.6698  4.779    0  0.000  0.545     0.00     0.00     0.00     0.00     0.00 -1 -7.42e-15      0.00 7.471e-01 2.513e-01 2.929e-04 7.901e-05 7.166e-04 -1.000 1.629e-03 7.211 11.327 14.198 11.945 9.758 8.984 8.955 8.640 8.351 7.651 7.527 7.316 7.172 6.935 6.875 6.561 6.543 6.330
0.0015467 -1.00000 7.85000 0.5500000715 2.2836583126    0.550 -0.959  3.6732  4.782    0  0.000  0.545     0.00     0.00     0.00     0.00     0.00 -1 -7.63e-15      0.00 7.471e-01 2.512e-01 2.928e-04 7.900e-05 7.165e-04 -1.000 1.629e-03 7.169 11.268 13.993 11.758 9.637 8.874 8.865 8.561 8.276 7.590 7.467 7.261 7.119 6.886 6.828 6.518 6.501 6.292
0.0015467 -1.00000 7.85000 0.5507583618 2.2842851326    0.550 -0.958  3.6735  4.783    0  0.000  0.545     0.00     0.00     0.00     0.00     0.00 -1 -7.65e-15      0.00 7.471e-01 2.512e-01 2.928e-04 7.900e-05 7.165e-04 -1.000 1.629e-03 7.165 11.263 13.976 11.743 9.627 8.865 8.858 8.554 8.270 7.585 7.462 7.257 7.115 6.882 6.824 6.514 6.497 6.288
0.0015467 -1.00000 7.85000 0.5718619227 2.3009657833    0.572 -0.921  3.6789  4.783    0  0.000  0.545     0.00     0.00     0.00     0.00     0.00 -1 -8.16e-15      0.00 7.472e-01 2.512e-01 2.928e-04 7.899e-05 7.164e-04 -1.000 1.629e-03 7.072 11.144 13.629 11.424 9.409 8.666 8.690 8.404 8.125 7.462 7.342 7.144 7.006 6.779 6.722 6.421 6.404 6.202
0.0015467 -1.00000 7.85000 0.6000000238 2.3211213258    0.600 -0.854  3.6880  4.774    0  0.000  0.545     0.00     0.00     0.00     0.00     0.00 -1 -9.37e-15      0.00 7.472e-01 2.512e-01 2.928e-04 7.899e-05 7.164e-04 -1.000 1.629e-03 6.905 10.932 13.172 10.942 9.036 8.323 8.398 8.147 7.877 7.248 7.133 6.946 6.814 6.596 6.542 6.252 6.237 6.045
0.0015467 -1.00000 7.85000 0.6095760465 2.3274945907    0.609 -0.831  3.6912  4.771    0  0.000  0.545     0.00     0.00     0.00     0.00     0.00 -1 -9.82e-15      0.00 7.472e-01 2.512e-01 2.928e-04 7.899e-05 7.164e-04 -1.000 1.629e-03 6.848 10.858 12.994 10.774 8.910 8.207 8.300 8.060 7.794 7.176 7.062 6.879 6.750 6.534 6.482 6.196 6.181 5.992
0.0015467 -1.00000 7.85000 0.6499999762 2.3520353107    0.650 -0.701  3.7109  4.747    0  0.000  0.545     0.00     0.00     0.00     0.00     0.00 -1 -1.31e-14      0.00 7.473e-01 2.511e-01 2.927e-04 7.897e-05 7.163e-04 -1.000 1.629e-03 6.522 10.416 11.630 9.744 8.185 7.560 7.749 7.579 7.332 6.776 6.669 6.506 6.389 6.189 6.142 5.878 5.865 5.696
0.0015467 -1.00000 7.85000 0.6999999881 2.3779266974    0.700 -0.547  3.7354  4.724    0  0.000  0.545     0.00     0.00     0.00     0.00     0.00 -1 -1.85e-14      0.00 7.473e-01 2.510e-01 2.926e-04 7.896e-05 7.161e-04 -1.000 1.629e-03 6.137 9.839 10.084 8.639 7.380 6.841 7.128 7.032 6.812 6.325 6.226 6.084 5.980 5.798 5.756 5.516 5.506 5.361
0.0015467 -1.00000 7.85000 0.7500000000 2.3998889087    0.750 -0.404  3.7582  4.702    0  0.000  0.538     0.00     0.00     0.00     0.00     0.00 -1 -2.55e-14      0.00 7.474e-01 2.510e-01 2.887e-04 7.883e-05 7.160e-04 -1.000 1.629e-03 5.780 9.212 8.771 7.680 6.693 6.238 6.590 6.549 6.355 5.928 5.837 5.712 5.618 5.454 5.416 5.199 5.191 5.066
0.0015467 -1.00000 7.85000 0.7589003444 2.4034510025    0.759 -0.380  3.7613  4.696    0  0.000  0.538     0.00     0.00     0.00     0.00     0.00 -1  -2.7e-14      0.00 7.474e-01 2.510e-01 2.887e-04 7.883e-05 7.160e-04 -1.000 1.629e-03 5.721 9.106 8.591 7.543 6.591 6.148 6.507 6.474 6.283 5.865 5.775 5.652 5.560 5.397 5.361 5.146 5.138 5.016
0.0015467 -1.00000 7.85000 0.8000000119 2.4187244405    0.800 -0.275  3.7757  4.671    0  0.000  0.538     0.00     0.00     0.00     0.00     0.00 -1 -3.45e-14      0.00 7.476e-01 2.508e-01 2.886e-04 7.880e-05 7.157e-04 -1.000 1.627e-03 5.457 8.594 7.836 6.954 6.152 5.761 6.148 6.141 5.968 5.588 5.504 5.390 5.304 5.153 5.119 4.918 4.911 4.802
0.0015467 -1.00000 7.85000 0.8500000238 2.4350346840    0.850 -0.153  3.7908  4.636    0  0.000  0.538     0.00     0.00     0.00     0.00     0.00 -1 -4.61e-14      0.00 7.478e-01 2.505e-01 2.884e-04 7.874e-05 7.152e-04 -1.000 1.624e-03 5.153 7.992 7.102 6.362 5.694 5.356 5.757 5.770 5.615 5.273 5.195 5.092 5.013 4.872 4.841 4.654 4.649 4.552
0.0015467 -1.00000 7.85000 0.8999999762 2.4492786016    0.899 -0.038  3.8042  4.599    0  0.000  0.538     0.00     0.00     0.00     0.00     0.00 -1 -6.09e-14      0.00 7.480e-01 2.504e-01 2.881e-04 7.868e-05 7.147e-04 -1.000 1.623e-03 4.865 7.425 6.494 5.859 5.297 5.003 5.404 5.426 5.288 4.979 4.906 4.812 4.738 4.608 4.579 4.405 4.401 4.314
0.0015467 -1.00000 7.85000 0.9499999881 2.4618121868    0.950  0.071  3.8169  4.564    0  0.000  0.538     0.00     0.00     0.00     0.00     0.00 -1 -7.96e-14      0.00 7.480e-01 2.504e-01 2.882e-04 7.870e-05 7.149e-04 -1.000 1.619e-03 4.591 6.907 5.982 5.427 4.947 4.690 5.078 5.104 4.979 4.698 4.630 4.544 4.475 4.354 4.328 4.166 4.163 4.087
0.0015467 -1.00000 7.85000 1.0000000000 2.4729154477    1.000  0.176  3.8293  4.531    0  0.000  0.538     0.00     0.00     0.00     0.00     0.00 -1 -1.02e-13      0.00 7.480e-01 2.503e-01 2.882e-04 7.869e-05 7.148e-04 -1.000 1.629e-03 4.331 6.439 5.535 5.042 4.628 4.404 4.773 4.798 4.685 4.429 4.366 4.288 4.223 4.112 4.088 3.938 3.936 3.870
0.0015467 -1.00000 7.85000 1.0499999523 2.4828114860    1.050  0.273  3.8418  4.505    0  0.000  0.538     0.00     0.00     0.00     0.00     0.00 -1  -1.2e-13      0.00 7.481e-01 2.503e-01 2.882e-04 7.869e-05 7.148e-04 -1.000 1.620e-03 4.087 6.010 5.137 4.698 4.345 4.151 4.490 4.511 4.409 4.176 4.117 4.047 3.988 3.887 3.864 3.727 3.726 3.670
0.0015467 -1.00000 7.85000 1.1000000238 2.4916801480    1.099  0.365  3.8552  4.487    0  0.000  0.538     0.00     0.00     0.00     0.00     0.00 -1 -1.36e-13      0.00 7.481e-01 2.503e-01 2.881e-04 7.868e-05 7.147e-04 -1.000 1.629e-03 3.859 5.599 4.765 4.380 4.084 3.921 4.222 4.237 4.147 3.937 3.884 3.822 3.769 3.678 3.658 3.535 3.534 3.489
0.0015467 -1.00000 7.85000 1.1499999762 2.4996678137    1.149  0.451  3.8701  4.480    0  0.000  0.538     0.00     0.00     0.00     0.00     0.00 -1  -1.5e-13      0.00 7.481e-01 2.502e-01 2.881e-04 7.867e-05 7.146e-04 -1.000 1.629e-03 3.642 5.197 4.411 4.081 3.842 3.710 3.967 3.974 3.895 3.710 3.662 3.611 3.563 3.486 3.468 3.361 3.361 3.327
0.0015467 -1.00000 7.85000 1.2000000477 2.5068948796    1.200  0.532  3.8868  4.484    0  0.000  0.538     0.00     0.00     0.00     0.00     0.00 -1  -1.6e-13      0.00 7.482e-01 2.502e-01 2.880e-04 7.866e-05 7.145e-04 -1.000 1.629e-03 3.439 4.797 4.071 3.798 3.617 3.517 3.725 3.721 3.655 3.496 3.456 3.415 3.375 3.312 3.297 3.208 3.209 3.187
0.0015467 -1.00000 7.85000 1.2500000000 2.5134610955    1.250  0.610  3.9041  4.494    1  0.000  0.538     0.00     0.00     0.00     0.00     0.00 -1 -1.67e-13      0.00 7.482e-01 2.501e-01 2.880e-04 7.864e-05 7.143e-04 -1.000 1.629e-03 3.246 4.406 3.753 3.536 3.405 3.336 3.497 3.483 3.429 3.298 3.264 3.235 3.203 3.155 3.143 3.073 3.074 3.063
0.0015467 -1.00000 7.85000 1.2877963781 2.5180374557    1.288  0.665  3.9168  4.502    0  0.000  0.538     0.00     0.00     0.00     0.00     0.00 -1 -1.69e-13      0.00 7.483e-01 2.501e-01 2.880e-04 7.864e-05 7.143e-04 -1.000 1.624e-03 3.106 4.111 3.530 3.354 3.255 3.204 3.335 3.315 3.271 3.160 3.131 3.111 3.084 3.047 3.037 2.981 2.982 2.979
0.0015467 -1.00000 7.85000 1.2999999523 2.5194498592    1.300  0.683  3.9208  4.504    0  0.000  0.538     0.00     0.00     0.00     0.00     0.00 -1  -1.7e-13      0.00 7.483e-01 2.501e-01 2.879e-04 7.863e-05 7.143e-04 -1.000 1.622e-03 3.062 4.014 3.461 3.297 3.208 3.163 3.285 3.263 3.222 3.118 3.091 3.072 3.048 3.014 3.005 2.952 2.954 2.952
0.0015467 -1.00000 7.85000 1.3500000238 2.5249313598    1.350  0.753  3.9369  4.515    1  0.000  0.538     0.00     0.00     0.00     0.00     0.00 -1  -1.7e-13      0.00 7.483e-01 2.500e-01 2.879e-04 7.862e-05 7.142e-04 -1.000 1.629e-03 2.888 3.596 3.200 3.084 3.025 2.999 3.096 3.068 3.041 2.964 2.944 2.935 2.917 2.895 2.889 2.851 2.852 2.858
0.0015467 -1.00000 7.85000 1.3999999762 2.5299650300    1.400  0.820  3.9522  4.525    1  0.000  0.538     0.00     0.00     0.00     0.00     0.00 -1 -1.65e-13      0.00 7.484e-01 2.500e-01 2.879e-04 7.861e-05 7.140e-04 -1.000 1.629e-03 2.719 3.207 2.959 2.880 2.847 2.837 2.929 2.902 2.885 2.831 2.817 2.814 2.803 2.790 2.786 2.759 2.761 2.771
0.0015467 -1.00000 7.85000 1.4240561724 2.5322425222    1.424  0.852  3.9593  4.529    1  0.000  0.538     0.00     0.00     0.00     0.00     0.00 -1  -1.6e-13      0.00 7.484e-01 2.500e-01 2.879e-04 7.861e-05 7.140e-04 -1.000 1.622e-03 2.641 3.039 2.847 2.782 2.762 2.760 2.855 2.831 2.817 2.772 2.761 2.760 2.751 2.743 2.738 2.717 2.719 2.732
0.0015467 -1.00000 7.85000 1.4500000477 2.5346015836    1.450  0.885  3.9668  4.533    1  0.000  0.537     0.00     0.00     0.00     0.00     0.00 -1 -1.55e-13      0.00 7.484e-01 2.500e-01 2.878e-04 7.860e-05 7.140e-04 -1.000 1.613e-03 2.557 2.872 2.729 2.677 2.669 2.678 2.779 2.759 2.748 2.713 2.703 2.705 2.698 2.693 2.690 2.673 2.675 2.691
0.0015467 -1.00000 7.85000 1.5000000000 2.5388844597    1.500  0.947  3.9806  4.541    1  0.000  0.537     0.00     0.00     0.00     0.00     0.00 -1 -1.39e-13      0.00 7.484e-01 2.499e-01 2.878e-04 7.859e-05 7.139e-04 -1.000 1.629e-03 2.402 2.579 2.510 2.479 2.496 2.521 2.643 2.632 2.626 2.607 2.601 2.606 2.603 2.603 2.601 2.593 2.595 2.616
0.0015467 -1.00000 7.85000 1.5171688795 2.5402804401    1.517  0.968  3.9852  4.544    1  0.000  0.537     0.00     0.00     0.00     0.00     0.00 -1 -1.31e-13      0.00 7.485e-01 2.499e-01 2.878e-04 7.859e-05 7.139e-04 -1.000 1.629e-03 2.350 2.489 2.438 2.414 2.438 2.469 2.600 2.593 2.588 2.574 2.569 2.575 2.572 2.574 2.573 2.567 2.569 2.591
0.0015467 -1.00000 7.85000 1.5499999523 2.5428511323    1.550  1.007  3.9939  4.549    1  0.000  0.538     0.00     0.00     0.00     0.00     0.00 -1 -1.17e-13      0.00 7.485e-01 2.499e-01 2.878e-04 7.858e-05 7.138e-04 -1.000 1.629e-03 2.253 2.323 2.303 2.291 2.329 2.370 2.521 2.520 2.518 2.512 2.509 2.517 2.516 2.521 2.520 2.518 2.521 2.546
0.0015467 -1.00000 7.85000 1.6000000238 2.5465340628    1.600  1.063  4.0063  4.556    1  0.000  0.538     0.00     0.00     0.00     0.00     0.00 -1 -8.66e-14      0.00 7.485e-01 2.499e-01 2.877e-04 7.858e-05 7.137e-04 -1.000 1.603e-03 2.111 2.097 2.110 2.114 2.170 2.224 2.407 2.419 2.419 2.426 2.425 2.434 2.435 2.444 2.444 2.447 2.450 2.479
0.0015467 -1.00000 7.85000 1.6499998569 2.5499614695    1.649  1.118  4.0182  4.562    1  0.000  0.538     0.00     0.00     0.00     0.00     0.00 -1    -1e-30      0.00 7.485e-01 2.498e-01 2.877e-04 7.857e-05 7.137e-04 -1.000 1.629e-03 1.974 1.891 1.929 1.947 2.018 2.085 2.302 2.326 2.328 2.346 2.347 2.357 2.360 2.371 2.372 2.380 2.383 2.415
0.0015467 -1.00000 7.85000 1.7000000477 2.5531580802    1.699  1.171  4.0294  4.567    1  0.000  0.537     0.00     0.00     0.00     0.00     0.00 -1    -1e-30      0.00 7.486e-01 2.498e-01 2.877e-04 7.856e-05 7.136e-04 -1.000 1.619e-03 1.843 1.703 1.759 1.790 1.875 1.954 2.205 2.240 2.243 2.270 2.273 2.284 2.289 2.301 2.303 2.315 2.318 2.353
0.0015467 -1.00000 7.85000 1.7500000000 2.5561455243    1.749  1.222  4.0400  4.571    1  0.000  0.537     0.00     0.00     0.00     0.00     0.00 -1    -1e-30      0.00 7.487e-01 2.498e-01 2.876e-04 7.855e-05 7.135e-04 -1.000 1.575e-03 1.715 1.528 1.599 1.642 1.740 1.829 2.113 2.159 2.163 2.198 2.203 2.214 2.220 2.234 2.237 2.252 2.255 2.294
0.0015467 -1.00000 7.85000 1.7999999523 2.5589429085    1.799  1.271  4.0499  4.574    1  0.000  0.538     0.00     0.00     0.00     0.00     0.00 -1    -1e-30      0.00 7.487e-01 2.497e-01 2.876e-04 7.854e-05 7.135e-04 -1.000 1.619e-03 1.593 1.366 1.449 1.502 1.612 1.710 2.026 2.082 2.087 2.128 2.134 2.146 2.153 2.169 2.172 2.190 2.194 2.235
0.0015467 -1.00000 7.85000 1.8500001431 2.5615671263    1.849  1.318  4.0593  4.576    1  0.000  0.538     0.00     0.00     0.00     0.00     0.00 -1    -1e-30      0.00 7.487e-01 2.497e-01 2.876e-04 7.854e-05 7.134e-04 -1.000 1.629e-03 1.475 1.213 1.307 1.370 1.490 1.597 1.943 2.007 2.013 2.060 2.067 2.080 2.088 2.105 2.108 2.129 2.133 2.178
0.0015467 -1.00000 7.85000 1.8999999762 2.5640331260    1.899  1.364  4.0682  4.577    1  0.000  0.538     0.00     0.00     0.00     0.00     0.00 -1    -1e-30      0.00 7.487e-01 2.497e-01 2.876e-04 7.854e-05 7.134e-04 -1.000 1.629e-03 1.360 1.068 1.172 1.244 1.373 1.487 1.862 1.935 1.942 1.994 2.002 2.015 2.024 2.042 2.046 2.069 2.073 2.121
0.0015467 -1.00000 7.85000 1.9500000477 2.5663542714    1.950  1.408  4.0765  4.578    1  0.000  0.537     0.00     0.00     0.00     0.00     0.00 -1    -1e-30      0.00 7.487e-01 2.496e-01 2.875e-04 7.853e-05 7.133e-04 -1.000 1.621e-03 1.250 0.932 1.044 1.124 1.262 1.383 1.785 1.866 1.872 1.929 1.938 1.951 1.961 1.981 1.985 2.010 2.015 2.065
0.0015467 -1.00000 7.85000 1.9670357704 2.5671141904    1.967  1.423  4.0792  4.578    1  0.000  0.537     0.00     0.00     0.00     0.00     0.00 -1    -1e-30      0.00 7.488e-01 2.496e-01 2.875e-04 7.853e-05 7.133e-04 -1.000 1.623e-03 1.213 0.887 1.002 1.084 1.225 1.348 1.759 1.842 1.849 1.907 1.917 1.930 1.940 1.960 1.964 1.990 1.995 2.046
0.0015467 -1.00000 7.85000 2.0000000000 2.5685424513    2.000  1.451  4.0844  4.578    1  0.000  0.537     0.00     0.00     0.00     0.00     0.00 -1    -1e-30      0.00 7.488e-01 2.496e-01 2.875e-04 7.852e-05 7.133e-04 -1.000 1.629e-03 1.142 0.802 0.922 1.009 1.155 1.282 1.710 1.798 1.805 1.866 1.876 1.889 1.900 1.920 1.925 1.952 1.957 2.010
0.0015467 -1.00000 7.85000 2.0358018875 2.5700335598    2.036  1.481  4.0898  4.577    1  0.000  0.537     0.00     0.00     0.00     0.00     0.00 -1    -1e-30      0.00 7.488e-01 2.496e-01 2.875e-04 7.852e-05 7.132e-04 -1.000 1.606e-03 1.067 0.712 0.837 0.929 1.080 1.212 1.658 1.750 1.758 1.821 1.832 1.846 1.856 1.878 1.882 1.911 1.916 1.971
0.0015467 -1.00000 7.85000 2.0499999523 2.5706083333    2.050  1.493  4.0919  4.577    1  0.000  0.538     0.00     0.00     0.00     0.00     0.00 -1    -1e-30      0.00 7.488e-01 2.496e-01 2.875e-04 7.852e-05 7.132e-04 -1.000 1.598e-03 1.038 0.677 0.804 0.898 1.051 1.184 1.638 1.732 1.739 1.803 1.815 1.828 1.839 1.861 1.865 1.894 1.900 1.956
0.0015467 -1.00000 7.85000 2.0999999046 2.5725614918    2.099  1.533  4.0992  4.575    1  0.000  0.537     0.00     0.00     0.00     0.00     0.00 -1    -1e-30      0.00 7.488e-01 2.496e-01 2.875e-04 7.852e-05 7.132e-04 -1.000 1.614e-03 0.936 0.557 0.691 0.792 0.951 1.090 1.567 1.667 1.675 1.742 1.754 1.768 1.780 1.802 1.807 1.838 1.844 1.902
0.0015467 -1.00000 7.85000 2.1500000954 2.5744105556    2.149  1.573  4.1061  4.574    1  0.000  0.538     0.00     0.00     0.00     0.00     0.00 -1    -1e-30      0.00 7.488e-01 2.496e-01 2.875e-04 7.851e-05 7.132e-04 -1.000 1.629e-03 0.837 0.443 0.582 0.689 0.855 0.999 1.497 1.603 1.612 1.683 1.695 1.710 1.721 1.745 1.750 1.782 1.788 1.850
0.0015467 -1.00000 7.85000 2.2000000477 2.5761632879    2.199  1.612  4.1128  4.572    1  0.000  0.537     0.00     0.00     0.00     0.00     0.00 -1    -1e-30      0.00 7.488e-01 2.496e-01 2.875e-04 7.851e-05 7.132e-04 -1.000 1.629e-03 0.740 0.331 0.477 0.589 0.761 0.910 1.430 1.541 1.550 1.624 1.637 1.652 1.664 1.688 1.694 1.728 1.734 1.798
0.0015467 -1.00000 7.85000 2.2500000000 2.5778267375    2.249  1.650  4.1193  4.569    1  0.000  0.538     0.00     0.00     0.00     0.00     0.00 -1    -1e-30      0.00 7.488e-01 2.495e-01 2.875e-04 7.851e-05 7.132e-04 -1.000 1.629e-03 0.646 0.224 0.376 0.493 0.670 0.824 1.364 1.481 1.490 1.566 1.580 1.595 1.608 1.633 1.638 1.674 1.680 1.746
0.0015467 -1.00000 7.85000 2.2999999523 2.5794072884    2.299  1.687  4.1256  4.567    1  0.000  0.537     0.00     0.00     0.00     0.00     0.00 -1    -1e-30      0.00 7.489e-01 2.495e-01 2.875e-04 7.851e-05 7.131e-04 -1.000 1.618e-03 0.553 0.120 0.277 0.400 0.582 0.741 1.299 1.421 1.430 1.510 1.524 1.539 1.553 1.578 1.584 1.621 1.628 1.696
0.0015467 -1.00000 7.85000 2.3499999046 2.5809107422    2.349  1.723  4.1318  4.565    1  0.000  0.537     0.00     0.00     0.00     0.00     0.00 -1    -1e-30      0.00 7.482e-01 2.502e-01 2.878e-04 7.860e-05 7.140e-04 -1.000 1.626e-03 0.462 0.019 0.181 0.309 0.496 0.660 1.236 1.363 1.372 1.454 1.469 1.485 1.498 1.525 1.531 1.569 1.576 1.647
0.0015467 -1.00000 7.85000 2.4000000954 2.5823423892    2.399  1.759  4.1377  4.562    1  0.000  0.538     0.00     0.00     0.00     0.00     0.00 -1    -1e-30      0.00 7.470e-01 2.514e-01 2.891e-04 7.893e-05 7.169e-04 -1.000 1.629e-03 0.373 -0.080 0.088 0.220 0.413 0.580 1.174 1.306 1.315 1.400 1.415 1.431 1.445 1.472 1.478 1.518 1.525 1.598
0.0015467 -1.00000 7.85000 2.4218370914 2.5829463574    2.421  1.774  4.1402  4.561    1  0.000  0.538     0.00     0.00     0.00     0.00     0.00 -1    -1e-30      0.00 7.470e-01 2.514e-01 2.891e-04 7.894e-05 7.170e-04 -1.000 1.629e-03 0.336 -0.122 0.048 0.182 0.377 0.546 1.147 1.281 1.290 1.376 1.392 1.408 1.422 1.449 1.456 1.496 1.503 1.577
0.0015467 -1.00000 7.85000 2.5999999046 2.5874412955    2.600  1.894  4.1594  4.549    1  0.000  0.538     0.00     0.00     0.00     0.00     0.00 -1    -1e-30      0.00 7.470e-01 2.513e-01 2.892e-04 7.895e-05 7.171e-04 -1.000 1.629e-03 0.036 -0.447 -0.261 -0.112 0.099 0.282 0.936 1.084 1.095 1.188 1.206 1.222 1.238 1.268 1.275 1.319 1.327 1.407
0.0015467 -1.00000 7.85000 2.7486157417 2.5906826979    2.749  1.988  4.1740  4.537    1  0.000  0.538     0.00     0.00     0.00     0.00     0.00 -1    -1e-30      0.00 7.470e-01 2.513e-01 2.892e-04 7.895e-05 7.171e-04 -1.000 1.629e-03 -0.200 -0.699 -0.499 -0.340 -0.117 0.076 0.768 0.927 0.938 1.038 1.057 1.074 1.091 1.122 1.129 1.177 1.185 1.271
0.0015467 -1.00000 7.85000 2.8000001907 2.5917117867    2.800  2.020  4.1788  4.533    1  0.000  0.538     0.00     0.00     0.00     0.00     0.00 -1    -1e-30      0.00 7.470e-01 2.513e-01 2.892e-04 7.895e-05 7.171e-04 -1.000 1.629e-03 -0.279 -0.782 -0.579 -0.417 -0.190 0.007 0.711 0.874 0.885 0.987 1.006 1.024 1.041 1.073 1.080 1.129 1.137 1.224
0.0015467 -1.00000 7.85000 2.9616448879 2.5946830137    2.962  2.116  4.1930  4.518    1  0.000  0.538     0.00     0.00     0.00     0.00     0.00 -1    -1e-30      0.00 7.470e-01 2.513e-01 2.892e-04 7.895e-05 7.171e-04 -1.000 1.629e-03 -0.519 -1.032 -0.816 -0.644 -0.406 -0.198 0.538 0.712 0.724 0.832 0.852 0.870 0.889 0.921 0.929 0.981 0.990 1.081
0.0015467 -1.00000 7.85000 3.0000000000 2.5953341962    3.000  2.138  4.1962  4.514    1  0.000  0.538     0.00     0.00     0.00     0.00     0.00 -1    -1e-30      0.00 7.470e-01 2.513e-01 2.892e-04 7.895e-05 7.171e-04 -1.000 1.629e-03 -0.575 -1.089 -0.871 -0.697 -0.456 -0.246 0.498 0.674 0.686 0.795 0.816 0.834 0.853 0.886 0.894 0.946 0.955 1.048
0.0015467 -1.00000 7.85000 3.1312575340 2.5974245069    3.131  2.211  4.2066  4.501    1  0.000  0.538     0.00     0.00     0.00     0.00     0.00 -1    -1e-30      0.00 7.470e-01 2.513e-01 2.892e-04 7.895e-05 7.171e-04 -1.000 1.629e-03 -0.759 -1.278 -1.052 -0.870 -0.621 -0.404 0.364 0.547 0.560 0.673 0.694 0.713 0.733 0.767 0.776 0.830 0.839 0.935
0.0015467 -1.00000 7.85000 3.2000000477 2.5984409005    3.199  2.249  4.2118  4.493    1  0.000  0.538     0.00     0.00     0.00     0.00     0.00 -1    -1e-30      0.00 7.470e-01 2.513e-01 2.892e-04 7.895e-05 7.171e-04 -1.000 1.629e-03 -0.853 -1.375 -1.144 -0.959 -0.705 -0.484 0.295 0.481 0.494 0.610 0.632 0.651 0.671 0.706 0.714 0.770 0.779 0.876
0.0015467 -1.00000 7.85000 3.3162159920 2.6000495064    3.315  2.311  4.2201  4.480    1  0.000  0.538     0.00     0.00     0.00     0.00     0.00 -1    -1e-30      0.00 7.470e-01 2.513e-01 2.892e-04 7.895e-05 7.171e-04 -1.000 1.629e-03 -1.008 -1.532 -1.294 -1.104 -0.843 -0.617 0.180 0.372 0.386 0.505 0.527 0.547 0.567 0.603 0.612 0.669 0.679 0.778
0.0015467 -1.00000 7.85000 3.4000000954 2.6011310876    3.398  2.355  4.2259  4.470    1  0.000  0.538     0.00     0.00     0.00     0.00     0.00 -1    -1e-30      0.00 7.470e-01 2.513e-01 2.892e-04 7.895e-05 7.171e-04 -1.000 1.629e-03 -1.117 -1.643 -1.401 -1.207 -0.942 -0.711 0.098 0.294 0.308 0.429 0.452 0.472 0.493 0.530 0.539 0.597 0.607 0.708
0.0015467 -1.00000 7.85000 3.4553713799 2.6018128734    3.453  2.383  4.2296  4.463    1  0.000  0.538     0.00     0.00     0.00     0.00     0.00 -1    -1e-30      0.00 7.470e-01 2.513e-01 2.892e-04 7.895e-05 7.171e-04 -1.000 1.629e-03 -1.189 -1.715 -1.470 -1.274 -1.006 -0.773 0.044 0.244 0.257 0.380 0.403 0.424 0.445 0.482 0.491 0.550 0.560 0.662
0.0015467 -1.00000 7.85000 3.5844860077 2.6033089786    3.582  2.449  4.2377  4.446    1  0.000  0.538     0.00     0.00     0.00     0.00     0.00 -1    -1e-30      0.00 7.470e-01 2.513e-01 2.892e-04 7.895e-05 7.171e-04 -1.000 1.629e-03 -1.353 -1.880 -1.629 -1.427 -1.153 -0.914 -0.082 0.124 0.138 0.264 0.288 0.308 0.330 0.368 0.377 0.438 0.448 0.552
0.0015467 -1.00000 7.85000 3.5999999046 2.6034804580    3.598  2.457  4.2387  4.444    1  0.000  0.538     0.00     0.00     0.00     0.00     0.00 -1    -1e-30      0.00 7.470e-01 2.513e-01 2.892e-04 7.895e-05 7.171e-04 -1.000 1.629e-03 -1.373 -1.900 -1.647 -1.446 -1.171 -0.931 -0.097 0.109 0.123 0.250 0.274 0.295 0.317 0.355 0.364 0.425 0.435 0.539
0.0015467 -1.00000 7.85000 3.6784443855 2.6043221172    3.676  2.496  4.2433  4.433    1  0.000  0.538     0.00     0.00     0.00     0.00     0.00 -1    -1e-30      0.00 7.470e-01 2.513e-01 2.892e-04 7.895e-05 7.171e-04 -1.000 1.629e-03 -1.470 -1.997 -1.741 -1.536 -1.258 -1.015 -0.171 0.038 0.052 0.181 0.205 0.226 0.248 0.286 0.296 0.358 0.368 0.474
0.0015467 -1.00000 7.85000 3.8000001907 2.6055477311    3.798  2.555  4.2500  4.414    1  0.000  0.538     0.00     0.00     0.00     0.00     0.00 -1    -1e-30      0.00 7.470e-01 2.513e-01 2.892e-04 7.895e-05 7.171e-04 -1.000 1.629e-03 -1.618 -2.145 -1.884 -1.676 -1.392 -1.146 -0.288 -0.074 -0.060 0.072 0.097 0.118 0.141 0.180 0.189 0.253 0.263 0.370
0.0015467 -1.00000 7.85000 3.9659972191 2.6070826890    3.966  2.635  4.2584  4.387    1  0.000  0.538     0.00     0.00     0.00     0.00     0.00 -1    -1e-30      0.00 7.470e-01 2.513e-01 2.892e-04 7.895e-05 7.171e-04 -1.000 1.629e-03 -1.817 -2.343 -2.076 -1.863 -1.573 -1.321 -0.447 -0.227 -0.212 -0.077 -0.052 -0.030 -0.007 0.033 0.043 0.108 0.119 0.228
0.0015467 -1.00000 7.85000 4.0000000000 2.6073790840    4.001  2.651  4.2601  4.381    1  0.000  0.538     0.00     0.00     0.00     0.00     0.00 -1    -1e-30      0.00 7.470e-01 2.513e-01 2.892e-04 7.895e-05 7.171e-04 -1.000 1.629e-03 -1.857 -2.383 -2.115 -1.901 -1.610 -1.356 -0.480 -0.258 -0.244 -0.108 -0.082 -0.061 -0.037 0.003 0.013 0.078 0.089 0.199
0.0015467 -1.00000 7.85000 4.1572365761 2.6086774808    4.156  2.724  4.2671  4.353    1  0.000  0.538     0.00     0.00     0.00     0.00     0.00 -1    -1e-30      0.00 7.470e-01 2.513e-01 2.892e-04 7.895e-05 7.171e-04 -1.000 1.629e-03 -2.041 -2.565 -2.292 -2.074 -1.778 -1.520 -0.630 -0.404 -0.389 -0.250 -0.224 -0.202 -0.178 -0.137 -0.127 -0.060 -0.049 0.063
0.0015467 -1.00000 7.85000 4.1999998093 2.6090113217    4.198  2.744  4.2688  4.344    1  0.000  0.538     0.00     0.00     0.00     0.00     0.00 -1    -1e-30      0.00 7.470e-01 2.513e-01 2.892e-04 7.895e-05 7.171e-04 -1.000 1.629e-03 -2.091 -2.614 -2.340 -2.121 -1.825 -1.565 -0.673 -0.445 -0.429 -0.290 -0.264 -0.242 -0.217 -0.176 -0.166 -0.099 -0.088 0.024
0.0015467 -1.00000 7.85000 4.2958817482 2.6097321405    4.293  2.789  4.2725  4.324    1  0.000  0.538     0.00     0.00     0.00     0.00     0.00 -1    -1e-30      0.00 7.470e-01 2.513e-01 2.892e-04 7.895e-05 7.171e-04 -1.000 1.629e-03 -2.202 -2.724 -2.448 -2.227 -1.928 -1.666 -0.766 -0.536 -0.520 -0.379 -0.353 -0.331 -0.306 -0.265 -0.254 -0.187 -0.176 -0.062
0.0015467 -1.00000 7.85000 4.4000000954 2.6104741055    4.397  2.837  4.2759  4.300    1  0.000  0.538     0.00     0.00     0.00     0.00     0.00 -1    -1e-30      0.00 7.470e-01 2.513e-01 2.892e-04 7.895e-05 7.171e-04 -1.000 1.629e-03 -2.322 -2.844 -2.565 -2.343 -2.041 -1.778 -0.871 -0.638 -0.622 -0.480 -0.453 -0.431 -0.406 -0.364 -0.354 -0.285 -0.274 -0.160
0.0015467 -1.00000 7.85000 4.4980688095 2.6111369562    4.495  2.882  4.2788  4.276    1  0.000  0.538     0.00     0.00     0.00     0.00     0.00 -1    -1e-30      0.00 7.470e-01 2.513e-01 2.892e-04 7.895e-05 7.171e-04 -1.000 1.629e-03 -2.434 -2.955 -2.675 -2.451 -2.148 -1.882 -0.971 -0.735 -0.719 -0.575 -0.548 -0.526 -0.501 -0.459 -0.448 -0.379 -0.368 -0.254
0.0015467 -1.00000 7.85000 4.5999999046 2.6117915791    4.597  2.928  4.2813  4.249    1  0.000  0.538     0.00     0.00     0.00     0.00     0.00 -1    -1e-30      0.00 7.470e-01 2.513e-01 2.892e-04 7.895e-05 7.171e-04 -1.000 1.629e-03 -2.551 -3.070 -2.789 -2.565 -2.260 -1.992 -1.077 -0.838 -0.823 -0.678 -0.650 -0.628 -0.602 -0.560 -0.549 -0.480 -0.469 -0.354
0.0015467 -1.00000 7.85000 4.6072006226 2.6118365655    4.605  2.932  4.2815  4.248    1  0.000  0.538     0.00     0.00     0.00     0.00     0.00 -1    -1e-30      0.00 7.470e-01 2.513e-01 2.892e-04 7.895e-05 7.171e-04 -1.000 1.629e-03 -2.559 -3.078 -2.797 -2.573 -2.268 -2.000 -1.084 -0.845 -0.830 -0.685 -0.657 -0.635 -0.609 -0.567 -0.557 -0.487 -0.476 -0.361
0.0015467 -1.00000 7.85000 4.7078909874 2.6124490858    4.706  2.978  4.2833  4.218    1  0.000  0.538     0.00     0.00     0.00     0.00     0.00 -1    -1e-30      0.00 7.470e-01 2.513e-01 2.892e-04 7.895e-05 7.171e-04 -1.000 1.629e-03 -2.675 -3.193 -2.912 -2.687 -2.381 -2.112 -1.193 -0.952 -0.937 -0.791 -0.763 -0.741 -0.715 -0.673 -0.662 -0.592 -0.581 -0.466
0.0015467 -1.00000 7.85000 4.7999057770 2.6129830647    4.798  3.021  4.2842  4.187    1  0.000  0.538     0.00     0.00     0.00     0.00     0.00 -1    -1e-30      0.00 7.470e-01 2.513e-01 2.892e-04 7.895e-05 7.171e-04 -1.000 1.629e-03 -2.783 -3.301 -3.020 -2.795 -2.488 -2.219 -1.298 -1.056 -1.041 -0.894 -0.866 -0.844 -0.818 -0.776 -0.765 -0.695 -0.684 -0.569
0.0015467 -1.00000 7.85000 4.8000001907 2.6129836005    4.798  3.021  4.2842  4.187    1  0.000  0.538     0.00     0.00     0.00     0.00     0.00 -1    -1e-30      0.00 7.470e-01 2.513e-01 2.892e-04 7.895e-05 7.171e-04 -1.000 1.629e-03 -2.783 -3.301 -3.020 -2.795 -2.488 -2.219 -1.298 -1.056 -1.041 -0.894 -0.866 -0.844 -0.818 -0.776 -0.765 -0.695 -0.684 -0.569
0.0015467 -1.00000 7.85000 4.8188676834 2.6130901938    4.817  3.030  4.2843  4.180    1  0.000  0.538     0.00     0.00     0.00     0.00     0.00 -1    -1e-30      0.00 7.470e-01 2.513e-01 2.892e-04 7.895e-05 7.171e-04 -1.000 1.629e-03 -2.805 -3.323 -3.042 -2.817 -2.510 -2.240 -1.320 -1.078 -1.062 -0.915 -0.887 -0.865 -0.839 -0.797 -0.786 -0.716 -0.705 -0.590
0.0015467 -1.00000 7.85000 4.9356198311 2.6137290044    4.934  3.085  4.2845  4.137    1  0.000  0.538     0.00     0.00     0.00     0.00     0.00 -1    -1e-30      0.00 7.470e-01 2.513e-01 2.892e-04 7.895e-05 7.171e-04 -1.000 1.629e-03 -2.942 -3.459 -3.179 -2.955 -2.648 -2.379 -1.458 -1.215 -1.200 -1.052 -1.023 -1.001 -0.976 -0.933 -0.923 -0.853 -0.842 -0.727
0.0015467 -1.00000 7.85000 5.0000000000 2.6140666223    4.999  3.116  4.2838  4.108    1  0.000  0.538     0.00     0.00     0.00     0.00     0.00 -1    -1e-30      0.00 7.470e-01 2.513e-01 2.892e-04 7.895e-05 7.171e-04 -1.000 1.629e-03 -3.019 -3.536 -3.258 -3.035 -2.728 -2.459 -1.540 -1.297 -1.281 -1.133 -1.105 -1.083 -1.058 -1.016 -1.005 -0.935 -0.924 -0.809
0.0015467 -1.00000 7.85000 5.0584802628 2.6143647499    5.058  3.143  4.2830  4.083    1  0.000  0.538     0.00     0.00     0.00     0.00     0.00 -1    -1e-30      0.00 7.470e-01 2.513e-01 2.892e-04 7.895e-05 7.171e-04 -1.000 1.629e-03 -3.088 -3.605 -3.328 -3.106 -2.800 -2.531 -1.614 -1.370 -1.355 -1.207 -1.179 -1.157 -1.132 -1.090 -1.079 -1.009 -0.998 -0.884
0.0015467 -1.00000 7.85000 5.1459126472 2.6147959719    5.145  3.186  4.2806  4.038    1  0.000  0.538     0.00     0.00     0.00     0.00     0.00 -1    -1e-30      0.00 7.470e-01 2.513e-01 2.892e-04 7.895e-05 7.171e-04 -1.000 1.629e-03 -3.195 -3.712 -3.439 -3.218 -2.914 -2.647 -1.734 -1.491 -1.476 -1.328 -1.300 -1.279 -1.253 -1.212 -1.201 -1.132 -1.121 -1.008
0.0015467 -1.00000 7.85000 5.2279353142 2.6151854699    5.227  3.226  4.2774  3.992    1  0.000  0.538     0.00     0.00     0.00     0.00     0.00 -1    -1e-30      0.00 7.470e-01 2.513e-01 2.892e-04 7.895e-05 7.171e-04 -1.000 1.629e-03 -3.296 -3.813 -3.544 -3.326 -3.024 -2.759 -1.853 -1.611 -1.596 -1.449 -1.421 -1.400 -1.375 -1.333 -1.323 -1.254 -1.243 -1.132
0.0015467 -1.00000 7.85000 5.2370800972 2.6152280269    5.237  3.231  4.2769  3.986    1  0.000  0.538     0.00     0.00     0.00     0.00     0.00 -1    -1e-30      0.00 7.470e-01 2.513e-01 2.892e-04 7.895e-05 7.171e-04 -1.000 1.629e-03 -3.307 -3.825 -3.557 -3.339 -3.038 -2.773 -1.868 -1.626 -1.611 -1.464 -1.436 -1.415 -1.390 -1.349 -1.338 -1.270 -1.259 -1.147
0.0015467 -1.00000 7.85000 5.3163390160 2.6155898311    5.316  3.271  4.2721  3.933    1  0.000  0.538     0.00     0.00     0.00     0.00     0.00 -1    -1e-30      0.00 7.470e-01 2.513e-01 2.892e-04 7.895e-05 7.171e-04 -1.000 1.629e-03 -3.407 -3.925 -3.663 -3.450 -3.152 -2.890 -1.993 -1.753 -1.739 -1.593 -1.565 -1.544 -1.520 -1.479 -1.469 -1.401 -1.390 -1.281
0.0015467 -1.00000 7.85000 5.3974084854 2.6159472868    5.396  3.313  4.2655  3.871    1  0.000  0.538     0.00     0.00     0.00     0.00     0.00 -1    -1e-30      0.00 7.470e-01 2.513e-01 2.892e-04 7.895e-05 7.171e-04 -1.000 1.629e-03 -3.513 -4.032 -3.779 -3.570 -3.277 -3.019 -2.135 -1.897 -1.883 -1.739 -1.712 -1.692 -1.667 -1.628 -1.617 -1.551 -1.541 -1.434
0.0015467 -1.00000 7.85000 5.4675321579 2.6162466672    5.466  3.352  4.2586  3.810    1  0.000  0.538     0.00     0.00     0.00     0.00     0.00 -1    -1e-30      0.00 7.470e-01 2.513e-01 2.892e-04 7.895e-05 7.171e-04 -1.000 1.629e-03 -3.609 -4.128 -3.882 -3.679 -3.391 -3.137 -2.267 -2.031 -2.018 -1.876 -1.849 -1.830 -1.806 -1.767 -1.757 -1.692 -1.682 -1.578
0.0015467 -1.00000 7.85000 5.4741601944 2.6162745085    5.473  3.355  4.2579  3.804    1  0.000  0.538     0.00     0.00     0.00     0.00     0.00 -1    -1e-30      0.00 7.470e-01 2.513e-01 2.892e-04 7.895e-05 7.171e-04 -1.000 1.629e-03 -3.618 -4.137 -3.892 -3.690 -3.402 -3.149 -2.279 -2.045 -2.032 -1.889 -1.863 -1.843 -1.820 -1.781 -1.771 -1.706 -1.696 -1.592
0.0015467 -1.00000 7.85000 5.4831662178 2.6163122146    5.482  3.360  4.2569  3.796    1  0.000  0.538     0.00     0.00     0.00     0.00     0.00 -1    -1e-30      0.00 7.470e-01 2.513e-01 2.892e-04 7.895e-05 7.171e-04 -1.000 1.629e-03 -3.630 -4.150 -3.906 -3.704 -3.417 -3.164 -2.297 -2.063 -2.050 -1.907 -1.881 -1.862 -1.838 -1.800 -1.789 -1.725 -1.715 -1.611
0.0015467 -1.00000 7.85000 5.5450148582 2.6165673597    5.544  3.398  4.2512  3.741    1  0.000  0.538     0.00     0.00     0.00     0.00     0.00 -1    -1e-30      0.00 7.470e-01 2.513e-01 2.892e-04 7.895e-05 7.171e-04 -1.000 1.629e-03 -3.724 -4.243 -4.007 -3.809 -3.526 -3.277 -2.421 -2.189 -2.176 -2.036 -2.010 -1.991 -1.968 -1.930 -1.920 -1.857 -1.847 -1.745
0.0015467 -1.00000 7.85000 5.5553436279 2.6166093330    5.554  3.404  4.2508  3.733    1  0.000  0.538     0.00     0.00     0.00     0.00     0.00 -1    -1e-30      0.00 7.470e-01 2.513e-01 2.892e-04 7.895e-05 7.171e-04 -1.000 1.629e-03 -3.741 -4.260 -4.024 -3.827 -3.544 -3.295 -2.440 -2.208 -2.195 -2.054 -2.029 -2.010 -1.987 -1.949 -1.939 -1.876 -1.866 -1.765
0.0015467 -1.00000 7.85000 5.5874648094 2.6167387249    5.586  3.433  4.2640  3.760    1  0.000  0.538     0.00     0.00     0.00     0.00     0.00 -1    -1e-30      0.00 7.470e-01 2.513e-01 2.892e-04 7.895e-05 7.171e-04 -1.000 1.629e-03 -3.812 -4.331 -4.084 -3.879 -3.586 -3.329 -2.447 -2.206 -2.193 -2.048 -2.021 -2.002 -1.978 -1.938 -1.928 -1.862 -1.852 -1.746
0.0015467 -1.00000 7.85000 5.5933122635 2.6167620961    5.592  3.445  4.2750  3.792    1  0.000  0.538     0.00     0.00     0.00     0.00     0.00 -1    -1e-30      0.00 7.470e-01 2.513e-01 2.892e-04 7.895e-05 7.171e-04 -1.000 1.629e-03 -3.843 -4.361 -4.104 -3.892 -3.591 -3.327 -2.423 -2.177 -2.163 -2.014 -1.987 -1.966 -1.941 -1.901 -1.890 -1.822 -1.811 -1.702
0.0015467 -1.00000 7.85000 5.5956192017 2.6167713010    5.594  3.458  4.2854  3.821    1  0.000  0.538     0.00     0.00     0.00     0.00     0.00 -1    -1e-30      0.00 7.470e-01 2.513e-01 2.892e-04 7.895e-05 7.171e-04 -1.000 1.629e-03 -3.875 -4.391 -4.125 -3.906 -3.599 -3.328 -2.404 -2.152 -2.138 -1.986 -1.957 -1.936 -1.910 -1.869 -1.858 -1.788 -1.776 -1.664
0.0015467 -1.00000 7.85000 5.5967721939 2.6167758983    5.595  3.472  4.2948  3.845    1  0.000  0.538     0.00     0.00     0.00     0.00     0.00 -1    -1e-30      0.00 7.470e-01 2.513e-01 2.892e-04 7.895e-05 7.171e-04 -1.000 1.629e-03 -3.911 -4.424 -4.150 -3.925 -3.612 -3.335 -2.394 -2.136 -2.122 -1.967 -1.937 -1.916 -1.889 -1.846 -1.835 -1.763 -1.752 -1.636
0.0015467 -1.00000 7.85000 5.5973925591 2.6167783710    5.596  3.483  4.3012  3.859    1  0.000  0.538     0.00     0.00     0.00     0.00     0.00 -1    -1e-30      0.00 7.470e-01 2.513e-01 2.892e-04 7.895e-05 7.171e-04 -1.000 1.629e-03 -3.938 -4.450 -4.170 -3.942 -3.624 -3.344 -2.390 -2.129 -2.114 -1.957 -1.927 -1.905 -1.878 -1.835 -1.823 -1.750 -1.739 -1.621
0.0015467 -1.00000 7.85000 5.5978379250 2.6167801457    5.596  3.459  4.2909  3.843    2  0.000  0.538     0.00     0.00     0.00     0.00     0.00 -1    -1e-30      0.00 7.470e-01 2.513e-01 2.892e-04 7.895e-05 7.171e-04 -1.000 1.629e-03 -3.877 -4.392 -4.120 -3.898 -3.587 -3.313 -2.379 -2.124 -2.109 -1.956 -1.927 -1.905 -1.879 -1.837 -1.826 -1.755 -1.743 -1.629
0.0015467 -1.00000 7.85000 5.5981550217 2.6167814091    5.597  3.447  4.2788  3.806    2  0.000  0.538     0.00     0.00     0.00     0.00     0.00 -1    -1e-30      0.00 7.470e-01 2.513e-01 2.892e-04 7.895e-05 7.171e-04 -1.000 1.629e-03 -3.847 -4.364 -4.104 -3.889 -3.587 -3.320 -2.408 -2.160 -2.146 -1.996 -1.968 -1.948 -1.922 -1.881 -1.871 -1.802 -1.791 -1.680
0.0015467 -1.00000 7.85000 5.5984563828 2.6167826097    5.597  3.452  4.2668  3.753    2  0.000  0.538     0.00     0.00     0.00     0.00     0.00 -1    -1e-30      0.00 7.470e-01 2.513e-01 2.892e-04 7.895e-05 7.171e-04 -1.000 1.629e-03 -3.859 -4.378 -4.129 -3.922 -3.628 -3.369 -2.481 -2.239 -2.226 -2.080 -2.053 -2.033 -2.008 -1.969 -1.958 -1.892 -1.882 -1.775
0.0015467 -1.00000 7.85000 5.5987787247 2.6167838937    5.597  3.467  4.2548  3.690    2  0.000  0.538     0.00     0.00     0.00     0.00     0.00 -1    -1e-30      0.00 7.470e-01 2.513e-01 2.892e-04 7.895e-05 7.171e-04 -1.000 1.629e-03 -3.897 -4.416 -4.179 -3.981 -3.695 -3.444 -2.580 -2.344 -2.331 -2.189 -2.162 -2.143 -2.120 -2.082 -2.072 -2.008 -1.998 -1.896
0.0015467 -1.00000 7.85000 5.5991210938 2.6167852573    5.598  3.483  4.2427  3.625    2  0.000  0.538     0.00     0.00     0.00     0.00     0.00 -1    -1e-30      0.00 7.470e-01 2.513e-01 2.892e-04 7.895e-05 7.171e-04 -1.000 1.629e-03 -3.939 -4.456 -4.231 -4.041 -3.764 -3.521 -2.682 -2.452 -2.440 -2.301 -2.276 -2.257 -2.235 -2.199 -2.189 -2.127 -2.118 -2.020
0.0015467 -1.00000 7.85000 5.5994744301 2.6167866643    5.598  3.497  4.2306  3.563    2  0.000  0.538     0.00     0.00     0.00     0.00     0.00 -1    -1e-30      0.00 7.470e-01 2.513e-01 2.892e-04 7.895e-05 7.171e-04 -1.000 1.629e-03 -3.973 -4.487 -4.274 -4.092 -3.825 -3.590 -2.777 -2.552 -2.541 -2.406 -2.382 -2.364 -2.343 -2.308 -2.298 -2.240 -2.230 -2.137
0.0015467 -1.00000 7.85000 5.5998320580 2.6167880883    5.598  3.508  4.2186  3.505    2  0.000  0.538     0.00     0.00     0.00     0.00     0.00 -1    -1e-30      0.00 7.470e-01 2.513e-01 2.892e-04 7.895e-05 7.171e-04 -1.000 1.629e-03 -3.999 -4.508 -4.306 -4.133 -3.876 -3.649 -2.864 -2.645 -2.635 -2.504 -2.480 -2.464 -2.444 -2.410 -2.401 -2.345 -2.336 -2.247
0.0015467 -1.00000 7.85000 5.6001901627 2.6167895139    5.599  3.516  4.2065  3.448    2  0.000  0.538     0.00     0.00     0.00     0.00     0.00 -1    -1e-30      0.00 7.470e-01 2.513e-01 2.892e-04 7.895e-05 7.171e-04 -1.000 1.629e-03 -4.020 -4.522 -4.333 -4.169 -3.923 -3.704 -2.945 -2.733 -2.723 -2.596 -2.573 -2.558 -2.539 -2.507 -2.498 -2.445 -2.436 -2.352
0.0015467 -1.00000 7.85000 5.6005444527 2.6167909241    5.599  3.523  4.1943  3.393    2  0.000  0.538     0.00     0.00     0.00     0.00     0.00 -1    -1e-30      0.00 7.470e-01 2.513e-01 2.892e-04 7.895e-05 7.171e-04 -1.000 1.629e-03 -4.037 -4.530 -4.353 -4.199 -3.963 -3.753 -3.021 -2.815 -2.807 -2.684 -2.662 -2.648 -2.629 -2.599 -2.590 -2.540 -2.532 -2.453
0.0015467 -1.00000 7.85000 5.6008911133 2.6167923038    5.599  3.528  4.1822  3.339    2  0.000  0.538     0.00     0.00     0.00     0.00     0.00 -1    -1e-30      0.00 7.470e-01 2.513e-01 2.892e-04 7.895e-05 7.171e-04 -1.000 1.629e-03 -4.050 -4.533 -4.368 -4.223 -3.999 -3.798 -3.095 -2.894 -2.887 -2.768 -2.748 -2.734 -2.717 -2.688 -2.680 -2.632 -2.625 -2.550
0.0015467 -1.00000 7.85000 5.6012268066 2.6167936396    5.600  3.532  4.1701  3.286    2  0.000  0.538     0.00     0.00     0.00     0.00     0.00 -1    -1e-30      0.00 7.470e-01 2.513e-01 2.892e-04 7.895e-05 7.171e-04 -1.000 1.629e-03 -4.061 -4.530 -4.377 -4.241 -4.029 -3.838 -3.164 -2.971 -2.964 -2.849 -2.830 -2.817 -2.801 -2.774 -2.766 -2.722 -2.714 -2.645
0.0015467 -1.00000 7.85000 5.6015505791 2.6167949278    5.600  3.536  4.1579  3.234    2  0.000  0.538     0.00     0.00     0.00     0.00     0.00 -1    -1e-30      0.00 7.470e-01 2.513e-01 2.892e-04 7.895e-05 7.171e-04 -1.000 1.629e-03 -4.069 -4.522 -4.381 -4.255 -4.055 -3.873 -3.232 -3.044 -3.039 -2.928 -2.910 -2.898 -2.883 -2.858 -2.850 -2.809 -2.802 -2.738
0.0015467 -1.00000 7.85000 5.6018610001 2.6167961628    5.600  3.538  4.1457  3.183    2  0.000  0.538     0.00     0.00     0.00     0.00     0.00 -1    -1e-30      0.00 7.470e-01 2.513e-01 2.892e-04 7.895e-05 7.171e-04 -1.000 1.629e-03 -4.076 -4.510 -4.381 -4.264 -4.077 -3.905 -3.297 -3.116 -3.112 -3.005 -2.988 -2.977 -2.963 -2.939 -2.932 -2.894 -2.887 -2.829
0.0015467 -1.00000 7.85000 5.6021566391 2.6167973388    5.601  3.541  4.1335  3.132    2  0.000  0.538     0.00     0.00     0.00     0.00     0.00 -1    -1e-30      0.00 7.470e-01 2.513e-01 2.892e-04 7.895e-05 7.171e-04 -1.000 1.629e-03 -4.081 -4.492 -4.375 -4.268 -4.093 -3.931 -3.360 -3.186 -3.182 -3.080 -3.064 -3.054 -3.041 -3.019 -3.012 -2.976 -2.971 -2.918
0.0015467 -1.00000 7.85000 5.6024379730 2.6167984577    5.601  3.542  4.1213  3.081    2  0.000  0.538     0.00     0.00     0.00     0.00     0.00 -1    -1e-30      0.00 7.470e-01 2.513e-01 2.892e-04 7.895e-05 7.171e-04 -1.000 1.629e-03 -4.085 -4.471 -4.365 -4.268 -4.107 -3.956 -3.421 -3.254 -3.251 -3.153 -3.138 -3.129 -3.117 -3.097 -3.090 -3.058 -3.053 -3.005
0.0015467 -1.00000 7.85000 5.6027030945 2.6167995120    5.601  3.543  4.1091  3.032    2  0.000  0.538     0.00     0.00     0.00     0.00     0.00 -1    -1e-30      0.00 7.470e-01 2.513e-01 2.892e-04 7.895e-05 7.171e-04 -1.000 1.629e-03 -4.088 -4.446 -4.351 -4.264 -4.117 -3.976 -3.481 -3.321 -3.319 -3.225 -3.211 -3.203 -3.192 -3.173 -3.167 -3.138 -3.133 -3.092
0.0015467 -1.00000 7.85000 5.6029539108 2.6168005094    5.602  3.544  4.0969  2.982    2  0.000  0.538     0.00     0.00     0.00     0.00     0.00 -1    -1e-30      0.00 7.470e-01 2.513e-01 2.892e-04 7.895e-05 7.171e-04 -1.000 1.629e-03 -4.090 -4.414 -4.331 -4.255 -4.122 -3.991 -3.538 -3.385 -3.384 -3.294 -3.281 -3.274 -3.264 -3.247 -3.242 -3.215 -3.211 -3.176
0.0015467 -1.00000 7.85000 5.6031894684 2.6168014460    5.602  3.544  4.0846  2.933    2  0.000  0.538     0.00     0.00     0.00     0.00     0.00 -1    -1e-30      0.00 7.470e-01 2.513e-01 2.892e-04 7.895e-05 7.171e-04 -1.000 1.629e-03 -4.090 -4.378 -4.307 -4.241 -4.122 -4.002 -3.592 -3.446 -3.447 -3.362 -3.350 -3.344 -3.335 -3.320 -3.314 -3.292 -3.288 -3.259
0.0015467 -1.00000 7.85000 5.6034116745 2.6168023294    5.602  3.544  4.0724  2.884    2  0.000  0.538     0.00     0.00     0.00     0.00     0.00 -1    -1e-30      0.00 7.470e-01 2.513e-01 2.892e-04 7.895e-05 7.171e-04 -1.000 1.629e-03 -4.090 -4.336 -4.277 -4.222 -4.118 -4.008 -3.644 -3.506 -3.508 -3.428 -3.417 -3.412 -3.404 -3.390 -3.385 -3.366 -3.363 -3.341
0.0015467 -1.00000 7.85000 5.6036205292 2.6168031597    5.602  3.544  4.0601  2.835    2  0.000  0.538     0.00     0.00     0.00     0.00     0.00 -1    -1e-30      0.00 7.470e-01 2.513e-01 2.892e-04 7.895e-05 7.171e-04 -1.000 1.629e-03 -4.089 -4.288 -4.240 -4.197 -4.108 -4.008 -3.695 -3.565 -3.567 -3.492 -3.482 -3.478 -3.471 -3.459 -3.454 -3.439 -3.436 -3.421
0.0015467 -1.00000 7.85000 5.6038160324 2.6168039368    5.602  3.543  4.0478  2.787    2  0.000  0.538     0.00     0.00     0.00     0.00     0.00 -1    -1e-30      0.00 7.470e-01 2.513e-01 2.892e-04 7.895e-05 7.171e-04 -1.000 1.629e-03 -4.087 -4.233 -4.197 -4.165 -4.091 -4.002 -3.743 -3.621 -3.624 -3.554 -3.545 -3.542 -3.536 -3.526 -3.522 -3.509 -3.508 -3.500
0.0015467 -1.00000 7.85000 5.6039996147 2.6168046665    5.603  3.542  4.0356  2.739    2  0.000  0.538     0.00     0.00     0.00     0.00     0.00 -1    -1e-30      0.00 7.470e-01 2.513e-01 2.892e-04 7.895e-05 7.171e-04 -1.000 1.629e-03 -4.085 -4.171 -4.146 -4.126 -4.068 -3.989 -3.789 -3.676 -3.680 -3.614 -3.606 -3.604 -3.599 -3.590 -3.587 -3.578 -3.577 -3.577
0.0015467 -1.00000 7.85000 5.6041712761 2.6168053487    5.603  3.541  4.0234  2.691    2  0.000  0.538     0.00     0.00     0.00     0.00     0.00 -1    -1e-30      0.00 7.470e-01 2.513e-01 2.892e-04 7.895e-05 7.171e-04 -1.000 1.629e-03 -4.082 -4.102 -4.088 -4.080 -4.039 -3.971 -3.833 -3.728 -3.733 -3.672 -3.665 -3.664 -3.660 -3.653 -3.650 -3.645 -3.645 -3.653
0.0015467 -1.00000 7.85000 5.6043329239 2.6168059911    5.603  3.539  4.0112  2.644    2  0.000  0.538     0.00     0.00     0.00     0.00     0.00 -1    -1e-30      0.00 7.470e-01 2.513e-01 2.892e-04 7.895e-05 7.171e-04 -1.000 1.629e-03 -4.078 -4.025 -4.021 -4.027 -4.004 -3.947 -3.875 -3.779 -3.785 -3.728 -3.723 -3.722 -3.719 -3.714 -3.711 -3.710 -3.711 -3.728
0.0015467 -1.00000 7.85000 5.6044836044 2.6168065899    5.603  3.538  3.9990  2.597    2  0.000  0.538     0.00     0.00     0.00     0.00     0.00 -1    -1e-30      0.00 7.470e-01 2.513e-01 2.892e-04 7.895e-05 7.171e-04 -1.000 1.629e-03 -4.074 -3.938 -3.945 -3.964 -3.961 -3.915 -3.914 -3.828 -3.834 -3.782 -3.778 -3.778 -3.776 -3.772 -3.770 -3.773 -3.775 -3.800
0.0015467 -1.00000 7.85000 5.6046252251 2.6168071526    5.603  3.536  3.9869  2.550    2  0.000  0.538     0.00     0.00     0.00     0.00     0.00 -1    -1e-30      0.00 7.470e-01 2.513e-01 2.892e-04 7.895e-05 7.171e-04 -1.000 1.629e-03 -4.069 -3.837 -3.856 -3.890 -3.909 -3.876 -3.949 -3.873 -3.881 -3.834 -3.830 -3.831 -3.830 -3.828 -3.826 -3.833 -3.836 -3.871
0.0015467 -1.00000 7.85000 5.6047582626 2.6168076812    5.603  3.534  3.9748  2.504    2  0.000  0.538     0.00     0.00     0.00     0.00     0.00 -1    -1e-30      0.00 7.470e-01 2.513e-01 2.892e-04 7.895e-05 7.171e-04 -1.000 1.629e-03 -4.064 -3.724 -3.755 -3.806 -3.850 -3.831 -3.981 -3.916 -3.924 -3.882 -3.880 -3.882 -3.882 -3.881 -3.880 -3.891 -3.895 -3.938
0.0015467 -1.00000 7.85000 5.6048831940 2.6168081776    5.603  3.531  3.9627  2.458    2  0.000  0.538     0.00     0.00     0.00     0.00     0.00 -1    -1e-30      0.00 7.470e-01 2.513e-01 2.892e-04 7.895e-05 7.171e-04 -1.000 1.629e-03 -4.059 -3.595 -3.646 -3.716 -3.788 -3.785 -4.006 -3.952 -3.961 -3.926 -3.926 -3.928 -3.930 -3.932 -3.931 -3.947 -3.952 -4.003
0.0015467 -1.00000 7.85000 5.6050009727 2.6168086456    5.604  3.529  3.9506  2.412    2  0.000  0.538     0.00     0.00     0.00     0.00     0.00 -1    -1e-30      0.00 7.470e-01 2.513e-01 2.892e-04 7.895e-05 7.171e-04 -1.000 1.629e-03 -4.053 -3.448 -3.525 -3.616 -3.720 -3.734 -4.026 -3.984 -3.993 -3.967 -3.968 -3.972 -3.975 -3.979 -3.980 -4.001 -4.006 -4.065
0.0015467 -1.00000 7.85000 5.6051111221 2.6168090832    5.604  3.527  3.9386  2.366    2  0.000  0.538     0.00     0.00     0.00     0.00     0.00 -1    -1e-30      0.00 7.470e-01 2.513e-01 2.892e-04 7.895e-05 7.171e-04 -1.000 1.629e-03 -4.047 -3.280 -3.394 -3.509 -3.648 -3.682 -4.038 -4.009 -4.019 -4.002 -4.005 -4.010 -4.015 -4.023 -4.024 -4.051 -4.058 -4.123
0.0015467 -1.00000 7.85000 5.6052160263 2.6168094999    5.604  3.524  3.9266  2.321    2  0.000  0.538     0.00     0.00     0.00     0.00     0.00 -1    -1e-30      0.00 7.470e-01 2.513e-01 2.892e-04 7.895e-05 7.171e-04 -1.000 1.629e-03 -4.040 -3.084 -3.252 -3.398 -3.575 -3.630 -4.042 -4.025 -4.037 -4.031 -4.036 -4.044 -4.051 -4.064 -4.066 -4.100 -4.107 -4.179
0.0015467 -1.00000 7.85000 5.6053147316 2.6168098920    5.604  3.521  3.9145  2.275    2  0.000  0.538     0.00     0.00     0.00     0.00     0.00 -1    -1e-30      0.00 7.470e-01 2.513e-01 2.892e-04 7.895e-05 7.171e-04 -1.000 1.629e-03 -4.033 -2.861 -3.103 -3.283 -3.502 -3.579 -4.036 -4.029 -4.045 -4.052 -4.060 -4.071 -4.082 -4.100 -4.104 -4.145 -4.153 -4.230
0.0015467 -1.00000 7.85000 5.6054081917 2.6168102632    5.604  3.518  3.9024  2.230    2  0.000  0.538     0.00     0.00     0.00     0.00     0.00 -1    -1e-30      0.00 7.470e-01 2.513e-01 2.892e-04 7.895e-05 7.171e-04 -1.000 1.629e-03 -4.025 -2.624 -2.949 -3.168 -3.431 -3.530 -4.020 -4.023 -4.043 -4.066 -4.078 -4.093 -4.108 -4.132 -4.137 -4.189 -4.196 -4.278
0.0015467 -1.00000 7.85000 5.6054959297 2.6168106118    5.604  3.515  3.8903  2.185    2  0.000  0.538     0.00     0.00     0.00     0.00     0.00 -1    -1e-30      0.00 7.470e-01 2.513e-01 2.892e-04 7.895e-05 7.171e-04 -1.000 1.629e-03 -4.018 -2.379 -2.791 -3.053 -3.361 -3.485 -3.993 -4.006 -4.031 -4.073 -4.089 -4.109 -4.128 -4.160 -4.168 -4.229 -4.237 -4.321
0.0015467 -1.00000 7.85000 5.6055784225 2.6168109394    5.604  3.512  3.8782  2.140    2  0.000  0.538     0.00     0.00     0.00     0.00     0.00 -1    -1e-30      0.00 7.470e-01 2.513e-01 2.892e-04 7.895e-05 7.171e-04 -1.000 1.629e-03 -4.010 -2.149 -2.635 -2.945 -3.300 -3.448 -3.953 -3.972 -4.004 -4.069 -4.090 -4.117 -4.142 -4.183 -4.193 -4.266 -4.274 -4.360
0.0015467 -1.00000 7.85000 5.6056556702 2.6168112462    5.604  3.509  3.8662  2.095    2  0.000  0.538     0.00     0.00     0.00     0.00     0.00 -1    -1e-30      0.00 7.470e-01 2.513e-01 2.892e-04 7.895e-05 7.171e-04 -1.000 1.629e-03 -4.001 -1.929 -2.479 -2.840 -3.243 -3.416 -3.904 -3.929 -3.970 -4.061 -4.088 -4.122 -4.152 -4.204 -4.216 -4.301 -4.309 -4.397
0.0015467 -1.00000 7.85000 5.6057291031 2.6168115379    5.604  3.505  3.8542  2.050    2  0.000  0.538     0.00     0.00     0.00     0.00     0.00 -1    -1e-30      0.00 7.470e-01 2.513e-01 2.892e-04 7.895e-05 7.171e-04 -1.000 1.629e-03 -3.993 -1.720 -2.323 -2.739 -3.192 -3.390 -3.845 -3.873 -3.927 -4.048 -4.081 -4.123 -4.160 -4.223 -4.237 -4.335 -4.343 -4.432
0.0015467 -1.00000 7.85000 5.6057977676 2.6168118106    5.604  3.502  3.8422  2.006    2  0.000  0.538     0.00     0.00     0.00     0.00     0.00 -1    -1e-30      0.00 7.470e-01 2.513e-01 2.892e-04 7.895e-05 7.171e-04 -1.000 1.629e-03 -3.984 -1.521 -2.162 -2.638 -3.143 -3.368 -3.777 -3.809 -3.877 -4.030 -4.070 -4.121 -4.165 -4.239 -4.255 -4.367 -4.374 -4.465
0.0015467 -1.00000 7.85000 5.6058626175 2.6168120682    5.604  3.498  3.8302  1.961    2  0.000  0.538     0.00     0.00     0.00     0.00     0.00 -1    -1e-30      0.00 7.470e-01 2.513e-01 2.892e-04 7.895e-05 7.171e-04 -1.000 1.629e-03 -3.975 -1.326 -1.987 -2.530 -3.094 -3.345 -3.709 -3.743 -3.824 -4.008 -4.055 -4.115 -4.165 -4.251 -4.270 -4.395 -4.402 -4.495
0.0015467 -1.00000 7.85000 5.6059236526 2.6168123106    5.604  3.494  3.8183  1.918    2  0.000  0.538     0.00     0.00     0.00     0.00     0.00 -1    -1e-30      0.00 7.470e-01 2.513e-01 2.892e-04 7.895e-05 7.171e-04 -1.000 1.629e-03 -3.965 -1.135 -1.784 -2.406 -3.037 -3.319 -3.637 -3.673 -3.767 -3.982 -4.035 -4.104 -4.160 -4.258 -4.279 -4.418 -4.425 -4.522
0.0015467 -1.00000 7.85000 5.6059951782 2.6168125946    5.605  3.489  3.8035  1.864    2  0.000  0.538     0.00     0.00     0.00     0.00     0.00 -1    -1e-30      0.00 7.470e-01 2.513e-01 2.892e-04 7.895e-05 7.171e-04 -1.000 1.629e-03 -3.952 -0.925 -1.534 -2.256 -2.970 -3.289 -3.539 -3.579 -3.690 -3.944 -4.006 -4.086 -4.150 -4.262 -4.287 -4.443 -4.450 -4.553
0.0015467 -1.00000 7.85000 5.6060490608 2.6168128086    5.605  3.485  3.7918  1.821    2  0.000  0.538     0.00     0.00     0.00     0.00     0.00 -1    -1e-30      0.00 7.470e-01 2.513e-01 2.892e-04 7.895e-05 7.171e-04 -1.000 1.629e-03 -3.942 -0.776 -1.330 -2.132 -2.914 -3.262 -3.455 -3.498 -3.623 -3.910 -3.978 -4.068 -4.138 -4.262 -4.289 -4.459 -4.466 -4.574
0.0015467 -1.00000 7.85000 5.6061000824 2.6168130112    5.605  3.480  3.7802  1.779    2  0.000  0.538     0.00     0.00     0.00     0.00     0.00 -1    -1e-30      0.00 7.470e-01 2.513e-01 2.892e-04 7.895e-05 7.171e-04 -1.000 1.629e-03 -3.931 -0.630 -1.100 -1.984 -2.844 -3.223 -3.368 -3.417 -3.556 -3.876 -3.950 -4.048 -4.125 -4.259 -4.289 -4.472 -4.480 -4.594
0.0015467 -1.00000 7.85000 5.6061482430 2.6168132024    5.605  3.476  3.7688  1.738    2  0.000  0.538     0.00     0.00     0.00     0.00     0.00 -1    -1e-30      0.00 7.470e-01 2.513e-01 2.892e-04 7.895e-05 7.171e-04 -1.000 1.629e-03 -3.919 -0.489 -0.828 -1.800 -2.748 -3.156 -3.270 -3.328 -3.483 -3.838 -3.918 -4.026 -4.108 -4.253 -4.286 -4.483 -4.492 -4.614
0.0015467 -1.00000 7.85000 5.6061940193 2.6168133842    5.605  3.471  3.7579  1.699    2  0.000  0.538     0.00     0.00     0.00     0.00     0.00 -1    -1e-30      0.00 7.470e-01 2.513e-01 2.892e-04 7.895e-05 7.171e-04 -1.000 1.629e-03 -3.907 -0.365 -0.549 -1.615 -2.655 -3.094 -3.173 -3.241 -3.411 -3.799 -3.885 -4.001 -4.088 -4.244 -4.280 -4.489 -4.498 -4.628
0.0015467 -1.00000 7.85000 5.6062388420 2.6168135622    5.605  3.466  3.7479  1.665    2  0.000  0.538     0.00     0.00     0.00     0.00     0.00 -1    -1e-30      0.00 7.470e-01 2.513e-01 2.892e-04 7.895e-05 7.171e-04 -1.000 1.629e-03 -3.894 -0.261 -0.268 -1.426 -2.558 -3.025 -3.077 -3.156 -3.341 -3.760 -3.851 -3.975 -4.067 -4.231 -4.269 -4.490 -4.500 -4.638
0.0015467 -1.00000 7.85000 5.6062822342 2.6168137345    5.605  3.460  3.7390  1.635    2  0.000  0.538     0.00     0.00     0.00     0.00     0.00 -1    -1e-30      0.00 7.470e-01 2.513e-01 2.892e-04 7.895e-05 7.171e-04 -1.000 1.629e-03 -3.880 -0.169 0.018 -1.235 -2.457 -2.950 -2.984 -3.074 -3.274 -3.721 -3.816 -3.947 -4.043 -4.216 -4.256 -4.487 -4.497 -4.643
0.0015467 -1.00000 7.85000 5.6063265800 2.6168139106    5.605  3.453  3.7308  1.609    2  0.000  0.538     0.00     0.00     0.00     0.00     0.00 -1    -1e-30      0.00 7.470e-01 2.513e-01 2.892e-04 7.895e-05 7.171e-04 -1.000 1.629e-03 -3.864 -0.086 0.346 -1.024 -2.341 -2.858 -2.890 -2.993 -3.208 -3.681 -3.781 -3.918 -4.018 -4.197 -4.239 -4.480 -4.491 -4.644
0.0015467 -1.00000 7.85000 5.6063818932 2.6168141302    5.605  3.444  3.7229  1.586    2  0.000  0.538     0.00     0.00     0.00     0.00     0.00 -1    -1e-30      0.00 7.470e-01 2.513e-01 2.892e-04 7.895e-05 7.171e-04 -1.000 1.629e-03 -3.841 -0.005 0.700 -0.795 -2.210 -2.751 -2.785 -2.903 -3.133 -3.635 -3.738 -3.882 -3.985 -4.171 -4.215 -4.465 -4.477 -4.637
0.0015467 -1.00000 7.85000 5.6064581871 2.6168144332    5.605  3.431  3.7145  1.565    2  0.000  0.538     0.00     0.00     0.00     0.00     0.00 -1    -1e-30      0.00 7.470e-01 2.513e-01 2.892e-04 7.895e-05 7.171e-04 -1.000 1.629e-03 -3.808 0.083 1.102 -0.536 -2.054 -2.619 -2.661 -2.796 -3.043 -3.574 -3.681 -3.832 -3.939 -4.132 -4.179 -4.438 -4.451 -4.620
0.0015467 -1.00000 7.85000 5.6065802574 2.6168149178    5.605  3.411  3.7049  1.547    2  0.000  0.538     0.00     0.00     0.00     0.00     0.00 -1    -1e-30      0.00 7.470e-01 2.513e-01 2.892e-04 7.895e-05 7.171e-04 -1.000 1.629e-03 -3.758 0.189 1.596 -0.216 -1.854 -2.447 -2.502 -2.658 -2.925 -3.489 -3.602 -3.759 -3.871 -4.073 -4.121 -4.392 -4.406 -4.584
0.0015467 -1.00000 7.85000 5.6067118645 2.6168154403    5.605  3.397  3.6962  1.527    2  0.000  0.538     0.00     0.00     0.00     0.00     0.00 -1    -1e-30      0.00 7.470e-01 2.513e-01 2.892e-04 7.895e-05 7.171e-04 -1.000 1.629e-03 -3.722 0.273 2.061 0.083 -1.669 -2.287 -2.361 -2.537 -2.823 -3.419 -3.536 -3.701 -3.816 -4.025 -4.077 -4.358 -4.373 -4.560
0.0015467 -1.00000 7.85000 5.6067576408 2.6168156221    5.605  3.403  3.6932  1.508    3  0.000  0.538    10.22     8.67     6.30     4.56     3.75  4    -1e-30      0.00 7.470e-01 2.513e-01 2.891e-04 7.895e-05 7.171e-04 -1.000 1.629e-03 -3.738 0.272 2.203 0.168 -1.628 -2.254 -2.339 -2.523 -2.816 -3.423 -3.541 -3.709 -3.825 -4.038 -4.090 -4.375 -4.390 -4.581
0.0015467 -1.00000 7.85000 5.6068816185 2.6168161143    5.606  3.434  3.6850  1.444    3  0.000  0.537    11.75     9.73     7.04     5.11     4.20  4    -1e-30      0.00 7.470e-01 2.513e-01 2.886e-04 7.910e-05 7.171e-04 -1.000 1.629e-03 -3.816 0.237 2.527 0.391 -1.528 -2.182 -2.304 -2.513 -2.825 -3.465 -3.588 -3.763 -3.883 -4.103 -4.157 -4.452 -4.468 -4.668
0.0015467 -1.00000 7.85000 5.6069698334 2.6168164644    5.606  3.473  3.6792  1.382    3  0.000  0.526    13.42    10.88     7.83     5.69     4.68  4    -1e-30      0.00 7.470e-01 2.513e-01 2.831e-04 8.199e-05 7.171e-04 -1.000 1.629e-03 -3.913 0.171 2.647 0.599 -1.430 -2.117 -2.290 -2.527 -2.864 -3.538 -3.666 -3.847 -3.971 -4.196 -4.251 -4.552 -4.569 -4.774
0.0015467 -1.00000 7.85000 5.6070280075 2.6168166954    5.606  3.502  3.6756  1.339    3  0.000  0.507    14.73    11.77     8.43     6.14     5.05  4    -1e-30      0.00 7.470e-01 2.514e-01 2.724e-04 9.025e-05 7.171e-04 -1.000 1.629e-03 -3.985 0.119 2.726 0.739 -1.371 -2.078 -2.287 -2.543 -2.896 -3.594 -3.725 -3.910 -4.037 -4.265 -4.321 -4.626 -4.643 -4.852
0.0015467 -1.00000 7.85000 5.6070470810 2.6168167711    5.606  3.511  3.6747  1.326    3  0.000  0.494    15.15    12.04     8.62     6.28     5.16  4    -1e-30      0.00 7.470e-01 2.514e-01 2.657e-04 9.803e-05 7.171e-04 -1.000 1.629e-03 -4.007 0.102 2.746 0.775 -1.357 -2.070 -2.288 -2.550 -2.907 -3.612 -3.744 -3.930 -4.057 -4.286 -4.343 -4.649 -4.666 -4.875
0.0015467 -1.00000 7.85000 5.6071290970 2.6168170966    5.606  3.546  3.6709  1.276    3  0.000  0.443    16.88    13.18     9.40     6.85     5.64  4    -1e-30      0.00 7.469e-01 2.514e-01 2.391e-04 1.297e-04 7.171e-04 -1.000 1.629e-03 -4.095 0.035 2.828 0.920 -1.299 -2.033 -2.289 -2.573 -2.949 -3.681 -3.817 -4.007 -4.138 -4.371 -4.428 -4.738 -4.755 -4.969
0.0015467 -1.00000 7.85000 5.6071472168 2.6168171686    5.606  3.551  3.6704  1.269    3  0.000  0.437    17.16    13.37     9.53     6.95     5.71  4    -1e-30      0.00 7.469e-01 2.514e-01 2.356e-04 1.340e-04 7.171e-04 -1.000 1.629e-03 -4.108 0.024 2.841 0.942 -1.290 -2.028 -2.290 -2.577 -2.956 -3.692 -3.828 -4.019 -4.150 -4.384 -4.441 -4.752 -4.769 -4.983
0.0015467 -1.00000 7.85000 5.6073222160 2.6168178632    5.606  3.587  3.6666  1.218    3  0.000  0.399    19.16    14.66    10.40     7.60     6.25  4    -1e-30      0.00 7.468e-01 2.515e-01 2.156e-04 1.587e-04 7.170e-04 -1.000 1.629e-03 -4.199 -0.045 2.924 1.097 -1.228 -1.986 -2.287 -2.598 -2.996 -3.761 -3.901 -4.097 -4.231 -4.469 -4.527 -4.842 -4.859 -5.077
0.0015467 -1.00000 7.85000 5.6077556610 2.6168195834    5.606  3.630  3.6623  1.158    3  0.000  0.364    21.80    16.33    11.53     8.43     6.94  4    -1e-30      0.00 7.467e-01 2.516e-01 1.959e-04 1.832e-04 7.166e-04 -1.000 1.629e-03 -4.305 -0.126 3.022 1.277 -1.153 -1.933 -2.281 -2.620 -3.043 -3.842 -3.987 -4.189 -4.326 -4.569 -4.628 -4.948 -4.965 -5.188
0.0015467 -1.00000 7.85000 5.6083335876 2.6168218766    5.607  3.666  3.6588  1.108    3  0.000  0.344    24.31    17.89    12.58     9.21     7.58  4    -1e-30      0.00 7.466e-01 2.518e-01 1.841e-04 2.007e-04 7.129e-04 -1.000 1.630e-03 -4.395 -0.196 3.098 1.426 -1.088 -1.885 -2.273 -2.637 -3.081 -3.910 -4.059 -4.266 -4.407 -4.653 -4.713 -5.037 -5.055 -5.281
0.0015467 -1.00000 7.85000 5.6098556519 2.6168279134    5.608  3.696  3.6561  1.067    3  0.000  0.340    26.53    19.24    13.49     9.89     8.14  4    -1e-30      0.00 7.454e-01 2.529e-01 1.780e-04 2.227e-04 6.962e-04 -1.000 1.666e-03 -4.470 -0.256 3.151 1.504 -1.067 -1.871 -2.283 -2.662 -3.118 -3.965 -4.117 -4.328 -4.470 -4.720 -4.781 -5.108 -5.126 -5.357
0.0015467 -1.00000 7.85000 5.6139435768 2.6168441084    5.613  3.690  3.6570  1.077    4  0.000  0.340     0.00     0.00     0.00     0.00     0.00 -1    -1e-30      0.00 7.454e-01 2.529e-01 1.780e-04 2.227e-04 6.962e-04 -1.000 1.670e-03 -4.455 -0.245 3.123 1.474 -1.079 -1.882 -2.287 -2.662 -3.115 -3.957 -4.108 -4.317 -4.459 -4.708 -4.769 -5.095 -5.113 -5.341
0.0015467 -1.00000 7.85000 5.6403646469 2.6169481289    5.639  3.661  3.6621  1.129    4  0.000  0.340     0.00     0.00     0.00     0.00     0.00 -1    -1e-30      0.00 7.454e-01 2.529e-01 1.780e-04 2.227e-04 6.963e-04 -1.000 1.691e-03 -4.382 -0.201 2.975 1.238 -1.205 -1.987 -2.345 -2.688 -3.113 -3.917 -4.062 -4.265 -4.403 -4.646 -4.705 -5.025 -5.043 -5.266
0.0015467 -1.00000 7.85000 5.6683540344 2.6170571084    5.667  3.640  3.6675  1.174    4  0.000  0.340     0.00     0.00     0.00     0.00     0.00 -1    -1e-30      0.00 7.454e-01 2.529e-01 1.780e-04 2.227e-04 6.964e-04 -1.000 1.699e-03 -4.329 -0.178 2.789 0.953 -1.366 -2.121 -2.427 -2.737 -3.134 -3.896 -4.035 -4.231 -4.365 -4.602 -4.660 -4.974 -4.991 -5.209
0.0015467 -1.00000 7.85000 5.6901502609 2.6171411208    5.689  3.632  3.6726  1.204    4  0.000  0.339     0.00     0.00     0.00     0.00     0.00 -1    -1e-30      0.00 7.454e-01 2.529e-01 1.779e-04 2.226e-04 6.964e-04 -1.000 1.705e-03 -4.309 -0.186 2.596 0.670 -1.536 -2.263 -2.525 -2.805 -3.177 -3.903 -4.037 -4.227 -4.356 -4.588 -4.646 -4.954 -4.971 -5.183
0.0015467 -1.00000 7.85000 5.7007250786 2.6171816148    5.699  3.645  3.6805  1.223    5  0.000  0.339     0.00     0.00     0.00     0.00     0.00 -1    -1e-30      0.00 7.454e-01 2.529e-01 1.779e-04 2.226e-04 6.965e-04 -1.000 1.708e-03 -4.343 -0.260 2.266 0.212 -1.838 -2.524 -2.724 -2.963 -3.299 -3.973 -4.101 -4.281 -4.405 -4.630 -4.685 -4.986 -5.002 -5.207
0.0015467 -1.00000 7.85000 5.7039728165 2.6171940166    5.703  3.656  3.6904  1.252    5  0.000  0.339     0.00     0.00     0.00     0.00     0.00 -1    -1e-30      0.00 7.454e-01 2.529e-01 1.779e-04 2.226e-04 6.965e-04 -1.000 1.709e-03 -4.370 -0.336 1.858 -0.222 -2.122 -2.769 -2.914 -3.116 -3.419 -4.044 -4.165 -4.336 -4.454 -4.670 -4.723 -5.012 -5.028 -5.222
0.0015467 -1.00000 7.85000 5.7054424286 2.6171996232    5.704  3.661  3.6991  1.282    5  0.000  0.339     0.00     0.00     0.00     0.00     0.00 -1    -1e-30      0.00 7.454e-01 2.529e-01 1.779e-04 2.226e-04 6.965e-04 -1.000 1.709e-03 -4.382 -0.391 1.423 -0.511 -2.292 -2.914 -3.037 -3.217 -3.500 -4.092 -4.209 -4.372 -4.487 -4.695 -4.745 -5.024 -5.038 -5.223
0.0015467 -1.00000 7.85000 5.7061643600 2.6172023761    5.705  3.663  3.7034  1.297    5  0.000  0.339     0.00     0.00     0.00     0.00     0.00 -1    -1e-30      0.00 7.454e-01 2.529e-01 1.779e-04 2.226e-04 6.965e-04 -1.000 1.709e-03 -4.387 -0.419 1.208 -0.649 -2.372 -2.981 -3.096 -3.265 -3.539 -4.114 -4.229 -4.388 -4.501 -4.705 -4.754 -5.027 -5.042 -5.222
0.0015467 -1.00000 7.85000 5.7069292068 2.6172052919    5.706  3.665  3.7081  1.314    5  0.000  0.339     0.00     0.00     0.00     0.00     0.00 -1    -1e-30      0.00 7.454e-01 2.529e-01 1.779e-04 2.226e-04 6.965e-04 -1.000 1.710e-03 -4.392 -0.448 0.979 -0.795 -2.455 -3.051 -3.157 -3.315 -3.578 -4.137 -4.249 -4.405 -4.515 -4.715 -4.763 -5.030 -5.044 -5.220
0.0015467 -1.00000 7.85000 5.7076034546 2.6172078615    5.706  3.666  3.7121  1.329    5  0.000  0.339     0.00     0.00     0.00     0.00     0.00 -1    -1e-30      0.00 7.454e-01 2.529e-01 1.779e-04 2.226e-04 6.965e-04 -1.000 1.710e-03 -4.395 -0.475 0.787 -0.918 -2.524 -3.108 -3.208 -3.357 -3.612 -4.155 -4.265 -4.418 -4.526 -4.722 -4.769 -5.032 -5.045 -5.217
0.0015467 -1.00000 7.85000 5.7083306313 2.6172106320    5.707  3.668  3.7161  1.343    5  0.000  0.339     0.00     0.00     0.00     0.00     0.00 -1    -1e-30      0.00 7.454e-01 2.529e-01 1.779e-04 2.226e-04 6.965e-04 -1.000 1.710e-03 -4.399 -0.502 0.601 -1.036 -2.590 -3.162 -3.258 -3.399 -3.644 -4.173 -4.281 -4.430 -4.537 -4.729 -4.775 -5.033 -5.046 -5.214
0.0015467 -1.00000 7.85000 5.7091827393 2.6172138775    5.708  3.669  3.7204  1.359    5  0.000  0.339     0.00     0.00     0.00     0.00     0.00 -1    -1e-30      0.00 7.454e-01 2.529e-01 1.779e-04 2.226e-04 6.965e-04 -1.000 1.710e-03 -4.404 -0.533 0.401 -1.163 -2.661 -3.221 -3.311 -3.443 -3.680 -4.193 -4.298 -4.444 -4.549 -4.737 -4.782 -5.035 -5.047 -5.210
0.0015467 -1.00000 7.85000 5.7102003098 2.6172177517    5.709  3.672  3.7251  1.375    5  0.000  0.339     0.00     0.00     0.00     0.00     0.00 -1    -1e-30      0.00 7.454e-01 2.529e-01 1.779e-04 2.226e-04 6.965e-04 -1.000 1.710e-03 -4.409 -0.569 0.195 -1.294 -2.732 -3.277 -3.367 -3.490 -3.717 -4.213 -4.316 -4.458 -4.561 -4.745 -4.789 -5.036 -5.048 -5.206
0.0015467 -1.00000 7.85000 5.7112407684 2.6172217114    5.710  3.674  3.7294  1.391    5  0.000  0.339     0.00     0.00     0.00     0.00     0.00 -1    -1e-30      0.00 7.454e-01 2.529e-01 1.779e-04 2.226e-04 6.965e-04 -1.000 1.711e-03 -4.414 -0.604 0.005 -1.414 -2.798 -3.330 -3.419 -3.534 -3.752 -4.233 -4.333 -4.471 -4.572 -4.753 -4.795 -5.037 -5.048 -5.203
0.0015467 -1.00000 7.85000 5.7115612030 2.6172229306    5.710  3.674  3.7307  1.395    5  0.000  0.339     0.00     0.00     0.00     0.00     0.00 -1    -1e-30      0.00 7.454e-01 2.529e-01 1.779e-04 2.226e-04 6.965e-04 -1.000 1.711e-03 -4.416 -0.615 -0.048 -1.448 -2.817 -3.344 -3.434 -3.546 -3.762 -4.238 -4.338 -4.475 -4.575 -4.755 -4.797 -5.037 -5.049 -5.202
0.0015467 -1.00000 7.85000 5.7130541801 2.6172286088    5.712  3.679  3.7375  1.418    5  0.000  0.339     0.00     0.00     0.00     0.00     0.00 -1    -1e-30      0.00 7.454e-01 2.529e-01 1.779e-04 2.226e-04 6.965e-04 -1.000 1.710e-03 -4.427 -0.678 -0.322 -1.624 -2.912 -3.419 -3.512 -3.613 -3.816 -4.270 -4.366 -4.498 -4.595 -4.768 -4.809 -5.041 -5.052 -5.200
0.0015467 -1.00000 7.85000 5.7146797180 2.6172347874    5.713  3.684  3.7447  1.441    5  0.000  0.339     0.00     0.00     0.00     0.00     0.00 -1    -1e-30      0.00 7.454e-01 2.529e-01 1.779e-04 2.226e-04 6.965e-04 -1.000 1.710e-03 -4.441 -0.749 -0.570 -1.788 -2.999 -3.485 -3.592 -3.683 -3.874 -4.304 -4.397 -4.523 -4.617 -4.783 -4.822 -5.046 -5.056 -5.198
0.0015467 -1.00000 7.85000 5.7164583206 2.6172415431    5.715  3.690  3.7531  1.469    5  0.000  0.339     0.00     0.00     0.00     0.00     0.00 -1    -1e-30      0.00 7.454e-01 2.529e-01 1.779e-04 2.226e-04 6.965e-04 -1.000 1.709e-03 -4.456 -0.832 -0.819 -1.958 -3.087 -3.550 -3.680 -3.762 -3.939 -4.343 -4.431 -4.551 -4.640 -4.799 -4.836 -5.050 -5.060 -5.195
0.0015467 -1.00000 7.85000 5.7183995247 2.6172489110    5.717  3.696  3.7638  1.506    5  0.000  0.339     0.00     0.00     0.00     0.00     0.00 -1    -1e-30      0.00 7.454e-01 2.529e-01 1.779e-04 2.226e-04 6.965e-04 -1.000 1.709e-03 -4.471 -0.943 -1.112 -2.155 -3.189 -3.621 -3.785 -3.855 -4.016 -4.385 -4.468 -4.579 -4.663 -4.813 -4.847 -5.048 -5.057 -5.184
0.0015467 -1.00000 7.85000 5.7205004692 2.6172568786    5.719  3.701  3.7766  1.552    5  0.000  0.339     0.00     0.00     0.00     0.00     0.00 -1    -1e-30      0.00 7.454e-01 2.529e-01 1.779e-04 2.226e-04 6.965e-04 -1.000 1.708e-03 -4.483 -1.089 -1.431 -2.372 -3.300 -3.697 -3.899 -3.957 -4.100 -4.429 -4.504 -4.605 -4.683 -4.819 -4.850 -5.036 -5.044 -5.163
0.0015467 -1.00000 7.85000 5.7227473259 2.6172653921    5.721  3.706  3.7906  1.605    5  0.000  0.339     0.00     0.00     0.00     0.00     0.00 -1    -1e-30      0.00 7.454e-01 2.528e-01 1.779e-04 2.226e-04 6.965e-04 -1.000 1.708e-03 -4.494 -1.255 -1.735 -2.575 -3.398 -3.756 -4.009 -4.057 -4.182 -4.469 -4.537 -4.626 -4.696 -4.819 -4.847 -5.016 -5.024 -5.135
0.0015467 -1.00000 7.85000 5.7251667976 2.6172745512    5.724  3.709  3.8052  1.659    5  0.000  0.339     0.00     0.00     0.00     0.00     0.00 -1    -1e-30      0.00 7.454e-01 2.528e-01 1.779e-04 2.226e-04 6.965e-04 -1.000 1.707e-03 -4.503 -1.428 -1.990 -2.730 -3.467 -3.787 -4.113 -4.156 -4.263 -4.508 -4.567 -4.645 -4.707 -4.815 -4.839 -4.992 -4.999 -5.105
0.0015467 -1.00000 7.85000 5.7276053429 2.6172837734    5.726  3.713  3.8186  1.709    5  0.000  0.339     0.00     0.00     0.00     0.00     0.00 -1    -1e-30      0.00 7.454e-01 2.528e-01 1.779e-04 2.226e-04 6.965e-04 -1.000 1.706e-03 -4.513 -1.613 -2.220 -2.868 -3.528 -3.813 -4.202 -4.241 -4.332 -4.539 -4.591 -4.658 -4.712 -4.807 -4.828 -4.965 -4.973 -5.074
0.0015467 -1.00000 7.85000 5.7300648689 2.6172930658    5.728  3.716  3.8310  1.755    5  0.000  0.339     0.00     0.00     0.00     0.00     0.00 -1    -1e-30      0.00 7.454e-01 2.528e-01 1.779e-04 2.226e-04 6.965e-04 -1.000 1.706e-03 -4.521 -1.809 -2.435 -2.998 -3.587 -3.841 -4.279 -4.314 -4.391 -4.564 -4.609 -4.666 -4.714 -4.797 -4.815 -4.938 -4.946 -5.045
0.0015467 -1.00000 7.85000 5.7330288887 2.6173042521    5.731  3.720  3.8445  1.806    5  0.000  0.339     0.00     0.00     0.00     0.00     0.00 -1    -1e-30      0.00 7.454e-01 2.528e-01 1.779e-04 2.226e-04 6.965e-04 -1.000 1.705e-03 -4.531 -2.034 -2.640 -3.124 -3.646 -3.868 -4.359 -4.389 -4.450 -4.586 -4.623 -4.670 -4.711 -4.780 -4.796 -4.903 -4.911 -5.009
0.0015467 -1.00000 7.85000 5.7359356880 2.6173152095    5.734  3.724  3.8566  1.851    5  0.000  0.339     0.00     0.00     0.00     0.00     0.00 -1    -1e-30      0.00 7.455e-01 2.528e-01 1.779e-04 2.226e-04 6.964e-04 -1.000 1.704e-03 -4.540 -2.242 -2.813 -3.233 -3.699 -3.894 -4.426 -4.453 -4.500 -4.603 -4.633 -4.672 -4.705 -4.763 -4.776 -4.871 -4.879 -4.975
0.0015467 -1.00000 7.85000 5.7398190498 2.6173298282    5.738  3.728  3.8712  1.905    5  0.000  0.339     0.00     0.00     0.00     0.00     0.00 -1    -1e-30      0.00 7.455e-01 2.528e-01 1.779e-04 2.227e-04 6.964e-04 -1.000 1.703e-03 -4.551 -2.512 -3.018 -3.368 -3.771 -3.934 -4.493 -4.513 -4.548 -4.617 -4.640 -4.670 -4.696 -4.741 -4.751 -4.831 -4.839 -4.934
0.0015467 -1.00000 7.85000 5.7442283630 2.6173463993    5.742  3.733  3.8858  1.959    5  0.000  0.339     0.00     0.00     0.00     0.00     0.00 -1    -1e-30      0.00 7.455e-01 2.528e-01 1.779e-04 2.227e-04 6.964e-04 -1.000 1.702e-03 -4.563 -2.802 -3.224 -3.510 -3.852 -3.985 -4.547 -4.558 -4.583 -4.626 -4.642 -4.664 -4.683 -4.717 -4.724 -4.789 -4.798 -4.891
0.0015467 -1.00000 7.85000 5.7489547729 2.6173641297    5.747  3.738  3.8996  2.010    5  0.000  0.339     0.00     0.00     0.00     0.00     0.00 -1    -1e-30      0.00 7.455e-01 2.528e-01 1.779e-04 2.227e-04 6.964e-04 -1.000 1.700e-03 -4.575 -3.091 -3.418 -3.650 -3.937 -4.042 -4.585 -4.585 -4.604 -4.624 -4.636 -4.651 -4.665 -4.690 -4.695 -4.748 -4.757 -4.846
0.0015467 -1.00000 7.85000 5.7544312477 2.6173846319    5.753  3.743  3.9135  2.060    5  0.000  0.339     0.00     0.00     0.00     0.00     0.00 -1    -1e-30      0.00 7.455e-01 2.528e-01 1.779e-04 2.227e-04 6.964e-04 -1.000 1.699e-03 -4.589 -3.380 -3.614 -3.799 -4.032 -4.110 -4.607 -4.594 -4.610 -4.612 -4.619 -4.631 -4.640 -4.658 -4.661 -4.704 -4.712 -4.797
0.0015467 -1.00000 7.85000 5.7609591484 2.6174090118    5.759  3.749  3.9274  2.111    5  0.000  0.339     0.00     0.00     0.00     0.00     0.00 -1    -1e-30      0.00 7.455e-01 2.528e-01 1.779e-04 2.227e-04 6.964e-04 -1.000 1.697e-03 -4.603 -3.651 -3.807 -3.950 -4.132 -4.183 -4.617 -4.590 -4.604 -4.592 -4.597 -4.605 -4.611 -4.623 -4.625 -4.658 -4.666 -4.743
0.0015467 -1.00000 7.85000 5.7692351341 2.6174398291    5.767  3.756  3.9417  2.161    5  0.000  0.339     0.00     0.00     0.00     0.00     0.00 -1    -1e-30      0.00 7.455e-01 2.528e-01 1.779e-04 2.227e-04 6.964e-04 -1.000 1.695e-03 -4.621 -3.891 -3.995 -4.104 -4.237 -4.264 -4.616 -4.574 -4.587 -4.564 -4.567 -4.573 -4.577 -4.584 -4.585 -4.611 -4.618 -4.687
0.0015467 -1.00000 7.85000 5.7802095413 2.6174805380    5.778  3.765  3.9538  2.202    5  0.000  0.339     0.00     0.00     0.00     0.00     0.00 -1    -1e-30      0.00 7.455e-01 2.528e-01 1.779e-04 2.227e-04 6.963e-04 -1.000 1.692e-03 -4.643 -4.072 -4.149 -4.234 -4.332 -4.340 -4.613 -4.559 -4.571 -4.542 -4.543 -4.548 -4.551 -4.556 -4.556 -4.577 -4.582 -4.642
0.0015467 -1.00000 7.85000 5.8025646210 2.6175629154    5.800  3.783  3.9663  2.235    5  0.000  0.339     0.00     0.00     0.00     0.00     0.00 -1    -1e-30      0.00 7.455e-01 2.528e-01 1.779e-04 2.228e-04 6.963e-04 -1.000 1.686e-03 -4.689 -4.259 -4.317 -4.382 -4.448 -4.439 -4.627 -4.560 -4.572 -4.537 -4.536 -4.540 -4.542 -4.545 -4.544 -4.561 -4.565 -4.616
0.0015467 -1.00000 7.85000 5.8039369583 2.6175679486    5.802  3.783  3.9699  2.250    5  0.000  0.339     0.00     0.00     0.00     0.00     0.00 -1    -1e-30      0.00 7.455e-01 2.528e-01 1.779e-04 2.228e-04 6.963e-04 -1.000 1.686e-03 -4.688 -4.297 -4.350 -4.409 -4.466 -4.452 -4.617 -4.546 -4.558 -4.521 -4.520 -4.524 -4.525 -4.528 -4.527 -4.541 -4.545 -4.594
0.0015467 -1.00000 7.85000 5.8125028610 2.6175993034    5.810  3.788  3.9631  2.218    6  0.000  0.339     0.00     0.00     0.00     0.00     0.00 -1    -1e-30      0.00 7.455e-01 2.528e-01 1.779e-04 2.228e-04 6.962e-04 -1.000 1.684e-03 -4.701 -4.237 -4.300 -4.370 -4.443 -4.438 -4.648 -4.584 -4.596 -4.562 -4.562 -4.566 -4.568 -4.572 -4.571 -4.589 -4.593 -4.647
0.0015467 -1.00000 7.85000 5.8207135201 2.6176292583    5.818  3.794  3.9532  2.174    6  0.000  0.339     0.00     0.00     0.00     0.00     0.00 -1    -1e-30      0.00 7.455e-01 2.528e-01 1.779e-04 2.228e-04 6.962e-04 -1.000 1.681e-03 -4.714 -4.134 -4.214 -4.300 -4.400 -4.409 -4.686 -4.631 -4.644 -4.615 -4.616 -4.621 -4.624 -4.629 -4.629 -4.650 -4.656 -4.717
0.0015467 -1.00000 7.85000 5.8274908066 2.6176539107    5.825  3.798  3.9426  2.127    6  0.000  0.339     0.00     0.00     0.00     0.00     0.00 -1    -1e-30      0.00 7.455e-01 2.528e-01 1.779e-04 2.228e-04 6.962e-04 -1.000 1.679e-03 -4.725 -4.006 -4.108 -4.215 -4.347 -4.372 -4.720 -4.676 -4.688 -4.665 -4.667 -4.673 -4.678 -4.685 -4.686 -4.712 -4.718 -4.787
0.0015467 -1.00000 7.85000 5.8305301666 2.6176649450    5.828  3.800  3.9388  2.111    6  0.000  0.339     0.00     0.00     0.00     0.00     0.00 -1    -1e-30      0.00 7.455e-01 2.528e-01 1.779e-04 2.228e-04 6.962e-04 -1.000 1.679e-03 -4.730 -3.957 -4.070 -4.185 -4.328 -4.359 -4.732 -4.692 -4.704 -4.684 -4.686 -4.693 -4.697 -4.705 -4.706 -4.734 -4.741 -4.813
0.0015467 -1.00000 7.85000 5.8309798241 2.6176665763    5.828  3.800  3.9387  2.110    6  0.000  0.339     0.00     0.00     0.00     0.00     0.00 -1    -1e-30      0.00 7.455e-01 2.528e-01 1.779e-04 2.228e-04 6.962e-04 -1.000 1.679e-03 -4.730 -3.955 -4.068 -4.183 -4.328 -4.359 -4.732 -4.692 -4.705 -4.684 -4.686 -4.693 -4.698 -4.706 -4.707 -4.735 -4.741 -4.813
0.0015467 -1.00000 7.85000 5.8350124359 2.6176811936    5.832  3.802  3.9255  2.056    6  0.000  0.339     0.00     0.00     0.00     0.00     0.00 -1    -1e-30      0.00 7.455e-01 2.528e-01 1.779e-04 2.228e-04 6.962e-04 -1.000 1.678e-03 -4.734 -3.744 -3.908 -4.057 -4.247 -4.302 -4.752 -4.725 -4.739 -4.728 -4.733 -4.741 -4.748 -4.760 -4.762 -4.797 -4.805 -4.885
0.0015467 -1.00000 7.85000 5.8378200531 2.6176913568    5.835  3.802  3.9125  2.003    6  0.000  0.339     0.00     0.00     0.00     0.00     0.00 -1    -1e-30      0.00 7.455e-01 2.528e-01 1.779e-04 2.228e-04 6.962e-04 -1.000 1.677e-03 -4.736 -3.504 -3.741 -3.929 -4.168 -4.248 -4.759 -4.744 -4.761 -4.762 -4.770 -4.781 -4.791 -4.808 -4.812 -4.855 -4.864 -4.950
0.0015467 -1.00000 7.85000 5.8405551910 2.6177012468    5.838  3.803  3.8940  1.930    6  0.000  0.339     0.00     0.00     0.00     0.00     0.00 -1    -1e-30      0.00 7.455e-01 2.528e-01 1.779e-04 2.229e-04 6.962e-04 -1.000 1.676e-03 -4.737 -3.133 -3.496 -3.750 -4.062 -4.178 -4.742 -4.744 -4.766 -4.793 -4.806 -4.824 -4.840 -4.867 -4.873 -4.931 -4.940 -5.033
0.0015467 -1.00000 7.85000 5.8422107697 2.6177072281    5.840  3.802  3.8776  1.865    6  0.000  0.339     0.00     0.00     0.00     0.00     0.00 -1    -1e-30      0.00 7.455e-01 2.528e-01 1.779e-04 2.229e-04 6.962e-04 -1.000 1.676e-03 -4.736 -2.804 -3.270 -3.594 -3.975 -4.125 -4.704 -4.718 -4.748 -4.803 -4.822 -4.848 -4.870 -4.910 -4.919 -4.991 -5.000 -5.096
0.0015467 -1.00000 7.85000 5.8436512947 2.6177124293    5.841  3.801  3.8594  1.793    6  0.000  0.339     0.00     0.00     0.00     0.00     0.00 -1    -1e-30      0.00 7.455e-01 2.528e-01 1.779e-04 2.229e-04 6.962e-04 -1.000 1.675e-03 -4.733 -2.462 -3.017 -3.427 -3.888 -4.078 -4.640 -4.665 -4.708 -4.800 -4.828 -4.864 -4.896 -4.951 -4.963 -5.054 -5.063 -5.161
0.0015467 -1.00000 7.85000 5.8448958397 2.6177169204    5.842  3.800  3.8396  1.715    6  0.000  0.340     0.00     0.00     0.00     0.00     0.00 -1    -1e-30      0.00 7.455e-01 2.528e-01 1.779e-04 2.229e-04 6.962e-04 -1.000 1.675e-03 -4.730 -2.127 -2.733 -3.253 -3.808 -4.043 -4.541 -4.573 -4.638 -4.783 -4.822 -4.873 -4.915 -4.989 -5.005 -5.118 -5.126 -5.226
0.0015467 -1.00000 7.85000 5.8459653854 2.6177207783    5.843  3.797  3.8182  1.632    6  0.000  0.340     0.00     0.00     0.00     0.00     0.00 -1    -1e-30      0.00 7.455e-01 2.528e-01 1.779e-04 2.229e-04 6.962e-04 -1.000 1.675e-03 -4.723 -1.791 -2.381 -3.042 -3.715 -4.004 -4.416 -4.456 -4.547 -4.752 -4.804 -4.870 -4.925 -5.019 -5.040 -5.177 -5.185 -5.289
0.0015467 -1.00000 7.85000 5.8468761444 2.6177240622    5.844  3.793  3.7984  1.557    6  0.000  0.340     0.00     0.00     0.00     0.00     0.00 -1    -1e-30      0.00 7.455e-01 2.528e-01 1.779e-04 2.229e-04 6.961e-04 -1.000 1.674e-03 -4.713 -1.537 -2.045 -2.841 -3.628 -3.968 -4.283 -4.330 -4.444 -4.707 -4.770 -4.853 -4.919 -5.033 -5.059 -5.218 -5.226 -5.336
0.0015467 -1.00000 7.85000 5.8475041389 2.6177263259    5.845  3.788  3.7855  1.511    6  0.000  0.340     0.00     0.00     0.00     0.00     0.00 -1    -1e-30      0.00 7.455e-01 2.528e-01 1.779e-04 2.229e-04 6.961e-04 -1.000 1.674e-03 -4.701 -1.386 -1.795 -2.681 -3.554 -3.929 -4.184 -4.237 -4.368 -4.668 -4.739 -4.832 -4.904 -5.032 -5.060 -5.235 -5.243 -5.358
0.0015467 -1.00000 7.85000 5.8480539322 2.6177283072    5.845  3.782  3.7752  1.476    6  0.000  0.340     0.00     0.00     0.00     0.00     0.00 -1    -1e-30      0.00 7.455e-01 2.528e-01 1.779e-04 2.229e-04 6.961e-04 -1.000 1.674e-03 -4.684 -1.258 -1.551 -2.513 -3.467 -3.871 -4.091 -4.152 -4.297 -4.629 -4.706 -4.807 -4.885 -5.023 -5.054 -5.241 -5.249 -5.370
0.0015467 -1.00000 7.85000 5.8485336304 2.6177300355    5.846  3.775  3.7665  1.448    6  0.000  0.340     0.00     0.00     0.00     0.00     0.00 -1    -1e-30      0.00 7.455e-01 2.528e-01 1.779e-04 2.229e-04 6.961e-04 -1.000 1.674e-03 -4.667 -1.153 -1.326 -2.359 -3.383 -3.810 -4.003 -4.073 -4.231 -4.591 -4.672 -4.781 -4.864 -5.010 -5.043 -5.241 -5.250 -5.376
0.0015467 -1.00000 7.85000 5.8489494324 2.6177315334    5.846  3.770  3.7587  1.422    6  0.000  0.340     0.00     0.00     0.00     0.00     0.00 -1    -1e-30      0.00 7.455e-01 2.528e-01 1.779e-04 2.229e-04 6.961e-04 -1.000 1.674e-03 -4.654 -1.068 -1.122 -2.221 -3.312 -3.761 -3.927 -4.004 -4.173 -4.558 -4.643 -4.758 -4.845 -4.999 -5.034 -5.241 -5.251 -5.382
0.0015467 -1.00000 7.85000 5.8493089676 2.6177328283    5.847  3.767  3.7515  1.396    6  0.000  0.340     0.00     0.00     0.00     0.00     0.00 -1    -1e-30      0.00 7.455e-01 2.528e-01 1.779e-04 2.229e-04 6.961e-04 -1.000 1.674e-03 -4.647 -1.000 -0.922 -2.086 -3.244 -3.714 -3.858 -3.944 -4.123 -4.531 -4.620 -4.741 -4.832 -4.992 -5.029 -5.245 -5.254 -5.391
0.0015467 -1.00000 7.85000 5.8496394157 2.6177340184    5.847  3.768  3.7447  1.368    6  0.000  0.340     0.00     0.00     0.00     0.00     0.00 -1    -1e-30      0.00 7.455e-01 2.528e-01 1.779e-04 2.229e-04 6.961e-04 -1.000 1.674e-03 -4.649 -0.948 -0.726 -1.957 -3.183 -3.672 -3.798 -3.893 -4.083 -4.514 -4.606 -4.733 -4.826 -4.993 -5.032 -5.256 -5.266 -5.408
0.0015467 -1.00000 7.85000 5.8499159813 2.6177350143    5.847  3.768  3.7382  1.342    6  0.000  0.340     0.00     0.00     0.00     0.00     0.00 -1    -1e-30      0.00 7.455e-01 2.528e-01 1.779e-04 2.229e-04 6.961e-04 -1.000 1.674e-03 -4.650 -0.898 -0.517 -1.822 -3.118 -3.626 -3.740 -3.844 -4.045 -4.496 -4.593 -4.724 -4.821 -4.993 -5.033 -5.265 -5.276 -5.423
0.0015467 -1.00000 7.85000 5.8501491547 2.6177358538    5.847  3.770  3.7322  1.316    6  0.000  0.340     0.00     0.00     0.00     0.00     0.00 -1    -1e-30      0.00 7.455e-01 2.528e-01 1.779e-04 2.229e-04 6.961e-04 -1.000 1.673e-03 -4.655 -0.857 -0.284 -1.676 -3.046 -3.573 -3.685 -3.798 -4.011 -4.483 -4.582 -4.718 -4.818 -4.996 -5.038 -5.276 -5.288 -5.440
0.0015467 -1.00000 7.85000 5.8503479958 2.6177365697    5.848  3.771  3.7264  1.291    6  0.000  0.340     0.00     0.00     0.00     0.00     0.00 -1    -1e-30      0.00 7.455e-01 2.528e-01 1.779e-04 2.229e-04 6.961e-04 -1.000 1.673e-03 -4.658 -0.820 -0.043 -1.526 -2.969 -3.515 -3.627 -3.751 -3.975 -4.468 -4.570 -4.711 -4.813 -4.997 -5.040 -5.285 -5.297 -5.455
0.0015467 -1.00000 7.85000 5.8505167961 2.6177371774    5.848  3.773  3.7208  1.267    6  0.000  0.340     0.00     0.00     0.00     0.00     0.00 -1    -1e-30      0.00 7.455e-01 2.528e-01 1.779e-04 2.229e-04 6.961e-04 -1.000 1.673e-03 -4.663 -0.788 0.194 -1.378 -2.894 -3.457 -3.570 -3.705 -3.941 -4.454 -4.560 -4.705 -4.810 -4.998 -5.043 -5.295 -5.308 -5.471
0.0015467 -1.00000 7.85000 5.8506627083 2.6177377026    5.848  3.775  3.7154  1.244    6  0.000  0.340     0.00     0.00     0.00     0.00     0.00 -1    -1e-30      0.00 7.455e-01 2.528e-01 1.779e-04 2.229e-04 6.961e-04 -1.000 1.673e-03 -4.667 -0.759 0.435 -1.226 -2.814 -3.393 -3.512 -3.658 -3.906 -4.439 -4.548 -4.698 -4.805 -4.998 -5.044 -5.303 -5.316 -5.485
0.0015467 -1.00000 7.85000 5.8507890701 2.6177381575    5.848  3.776  3.7101  1.222    6  0.000  0.340     0.00     0.00     0.00     0.00     0.00 -1    -1e-30      0.00 7.455e-01 2.528e-01 1.779e-04 2.229e-04 6.961e-04 -1.000 1.673e-03 -4.670 -0.732 0.674 -1.075 -2.733 -3.328 -3.454 -3.611 -3.871 -4.424 -4.534 -4.689 -4.799 -4.997 -5.044 -5.310 -5.323 -5.497
0.0015467 -1.00000 7.85000 5.8508992195 2.6177385539    5.848  3.777  3.7049  1.200    6  0.000  0.340     0.00     0.00     0.00     0.00     0.00 -1    -1e-30      0.00 7.455e-01 2.528e-01 1.779e-04 2.229e-04 6.961e-04 -1.000 1.673e-03 -4.673 -0.708 0.920 -0.919 -2.648 -3.258 -3.393 -3.563 -3.834 -4.407 -4.520 -4.679 -4.791 -4.994 -5.043 -5.315 -5.329 -5.508
0.0015467 -1.00000 7.85000 5.8509960175 2.6177389023    5.848  3.778  3.6999  1.178    6  0.000  0.340     0.00     0.00     0.00     0.00     0.00 -1    -1e-30      0.00 7.455e-01 2.528e-01 1.779e-04 2.229e-04 6.961e-04 -1.000 1.673e-03 -4.676 -0.685 1.159 -0.766 -2.564 -3.189 -3.333 -3.516 -3.799 -4.390 -4.507 -4.670 -4.784 -4.992 -5.042 -5.320 -5.335 -5.519
0.0015467 -1.00000 7.85000 5.8510828018 2.6177392147    5.848  3.779  3.6949  1.157    6  0.000  0.340     0.00     0.00     0.00     0.00     0.00 -1    -1e-30      0.00 7.455e-01 2.528e-01 1.779e-04 2.229e-04 6.961e-04 -1.000 1.673e-03 -4.679 -0.663 1.398 -0.607 -2.475 -3.114 -3.271 -3.466 -3.761 -4.372 -4.491 -4.658 -4.775 -4.987 -5.039 -5.323 -5.338 -5.528
0.0015467 -1.00000 7.85000 5.8511610031 2.6177394961    5.848  3.780  3.6901  1.137    6  0.000  0.340     0.00     0.00     0.00     0.00     0.00 -1    -1e-30      0.00 7.455e-01 2.528e-01 1.779e-04 2.229e-04 6.961e-04 -1.000 1.673e-03 -4.680 -0.640 1.630 -0.451 -2.386 -3.039 -3.209 -3.417 -3.723 -4.352 -4.474 -4.646 -4.765 -4.981 -5.035 -5.325 -5.340 -5.535
0.0015467 -1.00000 7.85000 5.8512330055 2.6177397552    5.849  3.780  3.6855  1.119    6  0.000  0.340     0.00     0.00     0.00     0.00     0.00 -1    -1e-30      0.00 7.455e-01 2.528e-01 1.779e-04 2.229e-04 6.961e-04 -1.000 1.673e-03 -4.681 -0.619 1.826 -0.298 -2.294 -2.960 -3.147 -3.367 -3.685 -4.331 -4.456 -4.631 -4.752 -4.973 -5.027 -5.323 -5.339 -5.540
0.0015467 -1.00000 7.85000 5.8513040543 2.6177400109    5.849  3.780  3.6811  1.101    6  0.000  0.340     0.00     0.00     0.00     0.00     0.00 -1    -1e-30      0.00 7.455e-01 2.528e-01 1.779e-04 2.229e-04 6.961e-04 -1.000 1.673e-03 -4.680 -0.596 1.977 -0.077 -2.148 -2.836 -3.058 -3.301 -3.638 -4.313 -4.441 -4.621 -4.745 -4.970 -5.025 -5.326 -5.342 -5.546
0.0015467 -1.00000 7.85000 5.8513898849 2.6177403198    5.849  3.779  3.6763  1.083    6  0.000  0.340     0.00     0.00     0.00     0.00     0.00 -1    -1e-30      0.00 7.455e-01 2.528e-01 1.779e-04 2.229e-04 6.961e-04 -1.000 1.673e-03 -4.678 -0.569 2.163 0.191 -1.977 -2.689 -2.952 -3.221 -3.580 -4.288 -4.421 -4.607 -4.734 -4.963 -5.020 -5.325 -5.342 -5.551
0.0015467 -1.00000 7.85000 5.8514933586 2.6177406922    5.849  3.777  3.6715  1.066    6  0.000  0.340     0.00     0.00     0.00     0.00     0.00 -1    -1e-30      0.00 7.455e-01 2.528e-01 1.779e-04 2.229e-04 6.961e-04 -1.000 1.673e-03 -4.673 -0.539 2.367 0.476 -1.794 -2.531 -2.836 -3.132 -3.516 -4.259 -4.396 -4.588 -4.719 -4.954 -5.011 -5.322 -5.339 -5.553
0.0015467 -1.00000 7.85000 5.8516325951 2.6177411932    5.849  3.773  3.6666  1.051    6  0.000  0.340     0.00     0.00     0.00     0.00     0.00 -1    -1e-30      0.00 7.455e-01 2.528e-01 1.779e-04 2.229e-04 6.961e-04 -1.000 1.673e-03 -4.662 -0.502 2.576 0.775 -1.601 -2.363 -2.709 -3.033 -3.442 -4.221 -4.363 -4.561 -4.696 -4.936 -4.994 -5.310 -5.327 -5.546
0.0015467 -1.00000 7.85000 5.8517284393 2.6177415380    5.849  3.770  3.6637  1.042    6  0.000  0.340     0.00     0.00     0.00     0.00     0.00 -1    -1e-30      0.00 7.455e-01 2.528e-01 1.779e-04 2.229e-04 6.961e-04 -1.000 1.673e-03 -4.654 -0.478 2.702 0.955 -1.484 -2.259 -2.630 -2.972 -3.396 -4.196 -4.341 -4.543 -4.681 -4.923 -4.982 -5.301 -5.319 -5.540
0.0015467 -1.00000 7.85000 5.8517689705 2.6177416839    5.849  3.772  3.6624  1.035    7  0.000  0.340    28.65    20.63    14.44    10.57     8.71  4    -1e-30      0.00 7.455e-01 2.528e-01 1.779e-04 2.229e-04 6.961e-04 -1.000 1.673e-03 -4.660 -0.477 2.755 1.033 -1.436 -2.218 -2.600 -2.951 -3.383 -4.194 -4.340 -4.544 -4.683 -4.927 -4.986 -5.307 -5.324 -5.547
0.0015467 -1.00000 7.85000 5.8519277573 2.6177422552    5.849  3.792  3.6568  0.992    7  0.000  0.340    31.40    22.26    15.53    11.39     9.38  4    -1e-30      0.00 7.455e-01 2.528e-01 1.779e-04 2.229e-04 6.961e-04 -1.000 1.673e-03 -4.710 -0.496 2.943 1.315 -1.272 -2.076 -2.507 -2.892 -3.353 -4.207 -4.359 -4.571 -4.713 -4.964 -5.025 -5.352 -5.370 -5.599
0.0015467 -1.00000 7.85000 5.8519878387 2.6177424713    5.849  3.806  3.6547  0.969    7  0.000  0.340    33.00    23.21    16.15    11.85     9.77  4    -1e-30      0.00 7.455e-01 2.528e-01 1.779e-04 2.229e-04 6.961e-04 -1.000 1.673e-03 -4.746 -0.521 3.006 1.384 -1.242 -2.050 -2.495 -2.891 -3.361 -4.226 -4.381 -4.595 -4.739 -4.992 -5.054 -5.385 -5.403 -5.635
0.0015467 -1.00000 7.85000 5.8520498276 2.6177426944    5.849  3.824  3.6526  0.943    7  0.000  0.340    34.93    24.33    16.90    12.41    10.23  4    -1e-30      0.00 7.455e-01 2.528e-01 1.779e-04 2.229e-04 6.961e-04 -1.000 1.673e-03 -4.790 -0.554 3.061 1.447 -1.218 -2.031 -2.491 -2.898 -3.376 -4.255 -4.411 -4.628 -4.774 -5.029 -5.092 -5.426 -5.445 -5.680
0.0015467 -1.00000 7.85000 5.8521580696 2.6177430838    5.849  3.848  3.6502  0.910    7  0.000  0.340    37.59    25.86    17.91    13.17    10.85  4    -1e-30      0.00 7.455e-01 2.528e-01 1.779e-04 2.229e-04 6.961e-04 -1.000 1.673e-03 -4.851 -0.601 3.119 1.517 -1.195 -2.013 -2.492 -2.912 -3.401 -4.295 -4.454 -4.675 -4.822 -5.081 -5.144 -5.482 -5.501 -5.740
0.0015467 -1.00000 7.85000 5.8528265953 2.6177454885    5.850  3.828  3.6527  0.940    7  0.000  0.340    35.18    24.48    16.99    12.48    10.29  4    -1e-30      0.00 7.455e-01 2.528e-01 1.779e-04 2.229e-04 6.961e-04 -1.000 1.673e-03 -4.800 -0.564 3.050 1.437 -1.227 -2.040 -2.501 -2.908 -3.386 -4.265 -4.421 -4.638 -4.784 -5.039 -5.102 -5.436 -5.454 -5.690
0.0015467 -1.00000 7.85000 5.8536825180 2.6177485664    5.851  3.855  3.6490  0.898    7  0.000  0.340    38.55    26.41    18.28    13.44    11.08  4    -1e-30      0.00 7.455e-01 2.528e-01 1.779e-04 2.229e-04 6.961e-04 -1.000 1.673e-03 -4.868 -0.611 3.150 1.556 -1.176 -1.996 -2.483 -2.908 -3.402 -4.303 -4.463 -4.685 -4.833 -5.093 -5.157 -5.497 -5.516 -5.757
0.0015467 -1.00000 7.85000 5.8540878296 2.6177500235    5.851  3.885  3.6457  0.855    7  0.000  0.340    42.30    28.53    19.67    14.48    11.94  4    -1e-30      0.00 7.455e-01 2.528e-01 1.779e-04 2.229e-04 6.961e-04 -1.000 1.672e-03 -4.942 -0.667 3.213 1.649 -1.142 -1.966 -2.479 -2.922 -3.428 -4.350 -4.512 -4.739 -4.890 -5.154 -5.220 -5.566 -5.585 -5.830
0.0015467 -1.00000 7.85000 5.8545317650 2.6177516192    5.852  3.921  3.6421  0.805    7  0.000  0.340    47.23    31.27    21.48    15.83    13.05  4    -1e-30      0.00 7.455e-01 2.528e-01 1.779e-04 2.229e-04 6.961e-04 -1.000 1.672e-03 -5.033 -0.737 3.279 1.751 -1.106 -1.937 -2.479 -2.942 -3.463 -4.409 -4.574 -4.807 -4.960 -5.230 -5.297 -5.649 -5.669 -5.920
0.0015467 -1.00000 7.85000 5.8550744057 2.6177535693    5.852  3.959  3.6384  0.752    7  0.000  0.339    52.97    34.40    23.52    17.36    14.32  4    -1e-30      0.00 7.455e-01 2.528e-01 1.778e-04 2.230e-04 6.961e-04 -1.000 1.671e-03 -5.128 -0.810 3.329 1.849 -1.072 -1.908 -2.479 -2.962 -3.500 -4.470 -4.639 -4.878 -5.033 -5.308 -5.377 -5.736 -5.756 -6.013
0.0015467 -1.00000 7.85000 5.8558306694 2.6177562865    5.853  4.004  3.6341  0.690    7  0.000  0.337    60.59    38.47    26.17    19.35    15.96  4    -1e-30      0.00 7.455e-01 2.528e-01 1.767e-04 2.251e-04 6.951e-04 -1.000 1.657e-03 -5.240 -0.897 3.359 1.957 -1.033 -1.873 -2.476 -2.983 -3.541 -4.540 -4.713 -4.959 -5.117 -5.400 -5.471 -5.837 -5.858 -6.122
0.0015467 -1.00000 7.85000 5.8565874100 2.6177590045    5.854  4.043  3.6304  0.636    7  0.000  0.336    68.14    42.41    28.73    21.27    17.55  4    -1e-30      0.00 7.452e-01 2.531e-01 1.755e-04 2.295e-04 6.917e-04 -1.000 1.651e-03 -5.338 -0.974 3.381 2.049 -1.001 -1.844 -2.474 -3.002 -3.578 -4.602 -4.779 -5.031 -5.192 -5.480 -5.553 -5.926 -5.948 -6.217
0.0015467 -1.00000 7.85000 5.8574943542 2.6177622610    5.855  4.087  3.6265  0.577    7  0.000  0.335    77.51    47.21    31.83    23.60    19.48  3    -1e-30      0.00 7.443e-01 2.541e-01 1.735e-04 2.380e-04 6.846e-04 -1.000 1.629e-03 -5.446 -1.058 3.389 2.140 -0.969 -1.814 -2.474 -3.023 -3.617 -4.669 -4.850 -5.109 -5.272 -5.567 -5.642 -6.024 -6.046 -6.322
0.0015467 -1.00000 7.85000 5.8584008217 2.6177655147    5.856  4.130  3.6225  0.517    7  0.000  0.335    88.22    52.58    35.28    26.20    21.63  3    -1e-30      0.00 7.427e-01 2.557e-01 1.711e-04 2.492e-04 6.753e-04 -1.000 1.635e-03 -5.556 -1.143 3.392 2.229 -0.937 -1.784 -2.472 -3.043 -3.656 -4.736 -4.921 -5.187 -5.353 -5.654 -5.731 -6.121 -6.144 -6.427
0.0015467 -1.00000 7.85000 5.8591504097 2.6177682043    5.856  4.170  3.6189  0.463    7  0.000  0.335    99.24    57.99    38.73    28.81    23.79  3    -1e-30      0.00 7.412e-01 2.572e-01 1.693e-04 2.578e-04 6.681e-04 -1.000 1.653e-03 -5.655 -1.219 3.384 2.307 -0.909 -1.757 -2.463 -3.053 -3.685 -4.793 -4.982 -5.256 -5.424 -5.732 -5.812 -6.210 -6.234 -6.523
0.0015467 -1.00000 7.85000 5.8597841263 2.6177704776    5.857  4.208  3.6155  0.412    7  0.000  0.335   110.93    63.61    42.31    31.51    26.03  3    -1e-30      0.00 7.397e-01 2.586e-01 1.678e-04 2.647e-04 6.623e-04 -1.000 1.638e-03 -5.750 -1.291 3.364 2.372 -0.887 -1.735 -2.449 -3.057 -3.707 -4.844 -5.036 -5.318 -5.489 -5.804 -5.886 -6.293 -6.317 -6.613
0.0015467 -1.00000 7.85000 5.8603553772 2.6177725263    5.857  4.246  3.6121  0.360    7  0.000  0.335   124.10    69.84    46.26    34.50    28.50  3    -1e-30      0.00 7.379e-01 2.605e-01 1.664e-04 2.712e-04 6.569e-04 -1.000 1.638e-03 -5.845 -1.364 3.339 2.433 -0.869 -1.715 -2.434 -3.060 -3.729 -4.895 -5.091 -5.381 -5.554 -5.877 -5.961 -6.376 -6.401 -6.703
0.0015467 -1.00000 7.85000 5.8608984947 2.6177744737    5.858  4.285  3.6087  0.307    7  0.000  0.335   139.25    76.86    50.69    37.85    31.29  3    -1e-30      0.00 7.328e-01 2.655e-01 1.644e-04 2.811e-04 6.486e-04 -1.000 1.660e-03 -5.943 -1.439 3.309 2.490 -0.853 -1.697 -2.419 -3.063 -3.752 -4.947 -5.147 -5.445 -5.621 -5.951 -6.038 -6.462 -6.488 -6.797
0.0015467 -1.00000 7.85000 5.8614292145 2.6177763762    5.859  4.330  3.6063  0.253    7  0.000  0.336   156.57    84.73    55.63    41.61    34.40  3    -1e-30      0.00 6.974e-01 3.009e-01 1.549e-04 3.269e-04 6.100e-04 -1.000 1.636e-03 -6.054 -1.532 3.249 2.501 -0.873 -1.715 -2.438 -3.096 -3.801 -5.022 -5.225 -5.530 -5.708 -6.044 -6.133 -6.565 -6.591 -6.905
0.0015467 -1.00000 7.85000 5.8615174294 2.6177766924    5.859  4.340  3.6062  0.243    7  0.000  0.336   160.21    86.36    56.66    42.38    35.04  3    -1e-30      0.00 6.826e-01 3.157e-01 1.513e-04 3.445e-04 5.952e-04 -1.000 1.629e-03 -6.080 -1.557 3.229 2.489 -0.889 -1.731 -2.454 -3.114 -3.821 -5.045 -5.248 -5.554 -5.732 -6.069 -6.158 -6.590 -6.617 -6.931
