 Zini     MH   logAge Mini        int_IMF         Mass   logL    logTe  logg  label   McoreTP C_O  period0  period1  period2  period3  period4  pmode  Mloss  tau1m   X   Y   Xc  Xn  Xo  Cexcess  Z 	 mbolmag  F170Wmag  F218Wmag  F255Wmag  F300Wmag  F336Wmag  F380Wmag  F439Wmag  F450Wmag  F555Wmag  F569Wmag  F606Wmag  F622Wmag  F675Wmag  F702Wmag  F791Wmag  F814Wmag  F850LPmag
0.00049103 -1.50000 9.75000 0.0900000036 1.0816895926    0.090 -3.188  3.4740  5.429    1  0.000  0.545     0.00     0.00     0.00     0.00     0.00 -1 -5.24e-17      0.00 7.494e-01 2.501e-01 8.884e-05 2.397e-05 2.174e-04 -1.000 4.941e-04 12.741 17.500 22.464 23.021 18.948 18.360 19.234 17.944 16.965 15.385 15.170 14.587 14.410 13.685 13.256 12.219 12.155 11.597
0.00049103 -1.50000 9.75000 0.0922293365 1.1027081187    0.092 -3.121  3.4836  5.410    1  0.000  0.545     0.00     0.00     0.00     0.00     0.00 -1 -6.18e-17      0.00 7.492e-01 2.503e-01 8.884e-05 2.397e-05 2.174e-04 -1.000 4.940e-04 12.572 17.307 22.271 22.720 18.676 18.028 18.671 17.470 16.562 14.987 14.771 14.239 14.055 13.398 13.010 12.034 11.975 11.448
0.00049103 -1.50000 9.75000 0.1000000015 1.1711064122    0.100 -2.898  3.5155  5.350    1  0.000  0.545     0.00     0.00     0.00     0.00     0.00 -1 -1.06e-16      0.00 7.485e-01 2.510e-01 8.884e-05 2.397e-05 2.174e-04 -1.000 4.941e-04 12.014 16.654 21.581 21.465 17.649 16.859 16.914 15.996 15.286 13.799 13.586 13.172 12.970 12.491 12.220 11.437 11.389 10.950
0.00049103 -1.50000 9.75000 0.1199999973 1.3193154249    0.120 -2.612  3.5468  5.268    1  0.000  0.545     0.00     0.00     0.00     0.00     0.00 -1 -2.06e-16      0.00 7.473e-01 2.522e-01 8.884e-05 2.397e-05 2.174e-04 -1.000 4.941e-04 11.300 15.832 20.610 19.737 16.319 15.471 15.228 14.536 13.977 12.659 12.458 12.092 11.890 11.493 11.314 10.693 10.654 10.277
0.00049103 -1.50000 9.75000 0.1400000006 1.4384526719    0.140 -2.433  3.5620  5.217    1  0.000  0.545     0.00     0.00     0.00     0.00     0.00 -1 -3.06e-16      0.00 7.464e-01 2.531e-01 8.884e-05 2.397e-05 2.174e-04 -1.000 4.940e-04 10.852 15.330 19.962 18.709 15.539 14.686 14.373 13.772 13.273 12.047 11.854 11.502 11.304 10.930 10.786 10.235 10.199 9.847
0.00049103 -1.50000 9.75000 0.1599999964 1.5372931554    0.160 -2.295  3.5722  5.178    1  0.000  0.545     0.00     0.00     0.00     0.00     0.00 -1  -4.1e-16      0.00 7.456e-01 2.539e-01 8.884e-05 2.397e-05 2.174e-04 -1.000 4.941e-04 10.509 14.951 19.451 17.963 14.969 14.120 13.783 13.236 12.770 11.607 11.419 11.078 10.884 10.521 10.397 9.886 9.852 9.515
0.00049103 -1.50000 9.75000 0.1977954060 1.6863459315    0.198 -2.093  3.5850  5.119    1  0.000  0.545     0.00     0.00     0.00     0.00     0.00 -1 -6.29e-16      0.00 7.446e-01 2.549e-01 8.884e-05 2.397e-05 2.174e-04 -1.000 4.941e-04 10.002 14.402 18.694 16.975 14.178 13.338 12.998 12.508 12.078 10.993 10.812 10.486 10.299 9.951 9.844 9.372 9.342 9.022
0.00049103 -1.50000 9.75000 0.2000000179 1.6938791367    0.200 -2.082  3.5856  5.116    1  0.000  0.545     0.00     0.00     0.00     0.00     0.00 -1 -6.43e-16      0.00 7.445e-01 2.550e-01 8.884e-05 2.397e-05 2.174e-04 -1.000 4.941e-04 9.976 14.373 18.652 16.921 14.136 13.298 12.957 12.470 12.042 10.961 10.780 10.456 10.269 9.922 9.816 9.346 9.315 8.996
0.00049103 -1.50000 9.75000 0.2500000000 1.8403257998    0.250 -1.878  3.5969  5.054    1  0.000  0.545     0.00     0.00     0.00     0.00     0.00 -1 -9.87e-16      0.00 7.441e-01 2.554e-01 8.883e-05 2.397e-05 2.174e-04 -1.000 4.940e-04 9.466 13.825 17.878 15.990 13.374 12.547 12.223 11.780 11.378 10.363 10.189 9.881 9.701 9.368 9.272 8.830 8.802 8.497
0.00049103 -1.50000 9.75000 0.3000000417 1.9529140366    0.300 -1.718  3.6054  5.007    1  0.000  0.545     0.00     0.00     0.00     0.00     0.00 -1 -1.38e-15      0.00 7.440e-01 2.555e-01 8.883e-05 2.397e-05 2.174e-04 -1.000 4.941e-04 9.066 13.396 17.305 15.314 12.788 11.970 11.668 11.254 10.869 9.900 9.732 9.437 9.262 8.940 8.850 8.426 8.398 8.105
0.00049103 -1.50000 9.75000 0.3321875632 2.0132183242    0.332 -1.633  3.6102  4.985    1  0.000  0.545     0.00     0.00     0.00     0.00     0.00 -1 -1.63e-15      0.00 7.441e-01 2.554e-01 8.881e-05 2.397e-05 2.174e-04 -1.000 4.940e-04 8.852 13.166 17.003 14.958 12.473 11.659 11.372 10.972 10.597 9.653 9.488 9.200 9.027 8.711 8.625 8.209 8.183 7.895
0.00049103 -1.50000 9.75000 0.3499999940 2.0434174644    0.350 -1.589  3.6126  4.973    1  0.000  0.545     0.00     0.00     0.00     0.00     0.00 -1 -1.78e-15      0.00 7.442e-01 2.553e-01 8.881e-05 2.397e-05 2.174e-04 -1.000 4.941e-04 8.742 13.048 16.837 14.773 12.313 11.501 11.224 10.829 10.458 9.526 9.363 9.079 8.908 8.595 8.510 8.098 8.072 7.788
0.00049103 -1.50000 9.75000 0.3745611608 2.0819297216    0.375 -1.518  3.6179  4.953    1  0.000  0.545     0.00     0.00     0.00     0.00     0.00 -1 -2.08e-15      0.00 7.471e-01 2.524e-01 8.883e-05 2.397e-05 2.174e-04 -1.000 4.941e-04 8.565 12.852 16.536 14.430 12.024 11.218 10.961 10.581 10.219 9.313 9.153 8.877 8.709 8.403 8.321 7.919 7.893 7.616
0.00049103 -1.50000 9.75000 0.4000000060 2.1185024399    0.400 -1.450  3.6231  4.935    1  0.000  0.545     0.00     0.00     0.00     0.00     0.00 -1 -2.41e-15      0.00 7.504e-01 2.491e-01 8.884e-05 2.397e-05 2.174e-04 -1.000 4.941e-04 8.395 12.664 16.203 14.081 11.743 10.945 10.709 10.342 9.988 9.107 8.951 8.683 8.518 8.219 8.139 7.746 7.722 7.451
0.00049103 -1.50000 9.75000 0.4500000179 2.1822809362    0.450 -1.284  3.6404  4.889    1  0.000  0.545     0.00     0.00     0.00     0.00     0.00 -1  -3.5e-15      0.00 7.504e-01 2.491e-01 8.884e-05 2.397e-05 2.174e-04 -1.000 4.941e-04 7.981 12.186 15.202 13.074 10.961 10.191 10.040 9.712 9.383 8.582 8.437 8.194 8.039 7.763 7.691 7.328 7.306 7.056
0.00049103 -1.50000 9.75000 0.4792747200 2.2154947476    0.479 -1.175  3.6546  4.864    1  0.000  0.545     0.00     0.00     0.00     0.00     0.00 -1 -4.49e-15      0.00 7.504e-01 2.491e-01 8.884e-05 2.397e-05 2.174e-04 -1.000 4.941e-04 7.707 11.856 14.607 12.411 10.389 9.639 9.569 9.274 8.965 8.223 8.088 7.863 7.716 7.458 7.393 7.051 7.031 6.799
0.00049103 -1.50000 9.75000 0.5000000000 2.2374541529    0.500 -1.101  3.6642  4.847    1  0.000  0.545     0.00     0.00     0.00     0.00     0.00 -1 -5.32e-15      0.00 7.504e-01 2.491e-01 8.884e-05 2.397e-05 2.174e-04 -1.000 4.941e-04 7.523 11.630 14.071 11.906 9.995 9.268 9.254 8.985 8.688 7.985 7.855 7.644 7.503 7.256 7.194 6.867 6.848 6.627
0.00049103 -1.50000 9.75000 0.5500000715 2.2836583126    0.550 -0.911  3.6878  4.793    1  0.000  0.545     0.00     0.00     0.00     0.00     0.00 -1 -8.33e-15      0.00 7.668e-01 2.328e-01 8.337e-05 2.250e-05 2.041e-04 -1.000 4.266e-04 7.049 11.036 12.592 10.608 9.003 8.352 8.473 8.280 8.011 7.395 7.277 7.094 6.969 6.746 6.692 6.397 6.381 6.187
0.00049103 -1.50000 9.75000 0.6000000238 2.3211213258    0.600 -0.729  3.7120  4.745    1  0.000  0.544     0.00     0.00     0.00     0.00     0.00 -1 -1.28e-14      0.00 7.720e-01 2.275e-01 8.170e-05 2.206e-05 2.001e-04 -1.000 4.341e-04 6.592 10.423 11.043 9.391 8.079 7.514 7.752 7.638 7.396 6.855 6.746 6.586 6.474 6.271 6.223 5.955 5.942 5.772
0.00049103 -1.50000 9.75000 0.6109715700 2.3284042123    0.611 -0.689  3.7179  4.736    1  0.000  0.544     0.00     0.00     0.00     0.00     0.00 -1 -1.41e-14      0.00 7.734e-01 2.262e-01 8.128e-05 2.194e-05 1.991e-04 -1.000 4.081e-04 6.491 10.276 10.688 9.122 7.876 7.331 7.594 7.496 7.262 6.738 6.631 6.476 6.367 6.169 6.122 5.860 5.847 5.683
0.00049103 -1.50000 9.75000 0.6371808648 2.3446402777    0.637 -0.594  3.7317  4.715    1  0.000  0.544     0.00     0.00     0.00     0.00     0.00 -1 -1.76e-14      0.00 7.768e-01 2.227e-01 8.019e-05 2.165e-05 1.965e-04 -1.000 4.289e-04 6.254 9.913 9.889 8.512 7.412 6.913 7.230 7.169 6.952 6.468 6.366 6.222 6.119 5.932 5.888 5.640 5.629 5.477
0.00049103 -1.50000 9.75000 0.6499999762 2.3520353107    0.650 -0.548  3.7384  4.704    1  0.000  0.544     0.00     0.00     0.00     0.00     0.00 -1 -1.96e-14      0.00 7.786e-01 2.210e-01 7.962e-05 2.150e-05 1.951e-04 -1.000 3.941e-04 6.139 9.729 9.528 8.232 7.199 6.722 7.060 7.016 6.807 6.341 6.241 6.102 6.002 5.819 5.777 5.535 5.525 5.379
0.00049103 -1.50000 9.75000 0.6712192893 2.3635653156    0.671 -0.472  3.7490  4.685    1  0.000  0.544     0.00     0.00     0.00     0.00     0.00 -1 -2.35e-14      0.00 7.823e-01 2.173e-01 7.847e-05 2.119e-05 1.923e-04 -1.000 4.366e-04 5.950 9.399 8.928 7.777 6.862 6.424 6.791 6.769 6.573 6.135 6.039 5.908 5.812 5.637 5.597 5.366 5.357 5.220
0.00049103 -1.50000 9.75000 0.6986223459 2.3772702127    0.699 -0.376  3.7621  4.658    1  0.000  0.544     0.00     0.00     0.00     0.00     0.00 -1 -2.96e-14      0.00 7.875e-01 2.120e-01 7.681e-05 2.075e-05 1.884e-04 -1.000 4.895e-04 5.709 8.934 8.210 7.222 6.447 6.058 6.457 6.460 6.280 5.878 5.787 5.666 5.575 5.411 5.374 5.156 5.148 5.023
0.00049103 -1.50000 9.75000 0.6999999881 2.3779266974    0.700 -0.371  3.7628  4.657    1  0.000  0.543     0.00     0.00     0.00     0.00     0.00 -1    -3e-14      0.00 7.878e-01 2.117e-01 7.672e-05 2.073e-05 1.882e-04 -1.000 4.886e-04 5.697 8.910 8.177 7.197 6.427 6.041 6.441 6.445 6.265 5.865 5.775 5.654 5.564 5.400 5.363 5.146 5.138 5.013
0.00049103 -1.50000 9.75000 0.7105293870 2.3828477046    0.710 -0.334  3.7675  4.646    1  0.000  0.542     0.00     0.00     0.00     0.00     0.00 -1 -3.28e-14      0.00 7.906e-01 2.090e-01 7.565e-05 2.049e-05 1.862e-04 -1.000 4.627e-04 5.605 8.726 7.931 7.003 6.279 5.910 6.320 6.331 6.157 5.770 5.682 5.563 5.475 5.315 5.279 5.066 5.059 4.939
0.00049103 -1.50000 9.75000 0.7283376455 2.3907993462    0.728 -0.272  3.7754  4.626    1  0.000  0.539     0.00     0.00     0.00     0.00     0.00 -1 -3.82e-14      0.00 7.956e-01 2.040e-01 7.373e-05 2.006e-05 1.824e-04 -1.000 3.969e-04 5.451 8.411 7.540 6.691 6.038 5.696 6.119 6.141 5.977 5.609 5.525 5.412 5.327 5.173 5.138 4.933 4.926 4.812
0.00049103 -1.50000 9.75000 0.7445580363 2.3976626162    0.744 -0.216  3.7823  4.607    1  0.000  0.536     0.00     0.00     0.00     0.00     0.00 -1 -4.39e-14      0.00 8.006e-01 1.990e-01 7.185e-05 1.964e-05 1.786e-04 -1.000 4.046e-04 5.310 8.125 7.208 6.422 5.826 5.509 5.941 5.970 5.814 5.464 5.383 5.274 5.192 5.044 5.010 4.812 4.805 4.697
0.00049103 -1.50000 9.75000 0.7500000000 2.3998889087    0.750 -0.197  3.7846  4.600    1  0.000  0.535     0.00     0.00     0.00     0.00     0.00 -1 -4.61e-14      0.00 8.024e-01 1.972e-01 7.119e-05 1.948e-05 1.773e-04 -1.000 3.950e-04 5.263 8.030 7.104 6.337 5.758 5.448 5.882 5.914 5.760 5.416 5.335 5.228 5.147 5.000 4.967 4.771 4.765 4.659
0.00049103 -1.50000 9.75000 0.7598418593 2.4038222067    0.760 -0.163  3.7882  4.586    1  0.000  0.535     0.00     0.00     0.00     0.00     0.00 -1 -5.03e-14      0.00 8.062e-01 1.934e-01 7.012e-05 1.920e-05 1.747e-04 -1.000 3.957e-04 5.177 7.868 6.931 6.193 5.641 5.344 5.779 5.813 5.664 5.329 5.249 5.145 5.065 4.921 4.889 4.696 4.690 4.587
0.00049103 -1.50000 9.75000 0.7760612369 2.4100546363    0.776 -0.106  3.7940  4.562    1  0.000  0.534     0.00     0.00     0.00     0.00     0.00 -1 -5.83e-14      0.00 8.124e-01 1.873e-01 6.847e-05 1.876e-05 1.708e-04 -1.000 3.941e-04 5.036 7.604 6.656 5.963 5.453 5.175 5.611 5.648 5.505 5.184 5.107 5.007 4.930 4.790 4.759 4.572 4.566 4.468
0.00049103 -1.50000 9.75000 0.7910183072 2.4155422800    0.791 -0.054  3.7992  4.539    1  0.000  0.534     0.00     0.00     0.00     0.00     0.00 -1  -6.7e-14      0.00 8.176e-01 1.820e-01 6.713e-05 1.841e-05 1.677e-04 -1.000 3.801e-04 4.904 7.363 6.410 5.756 5.282 5.021 5.456 5.496 5.358 5.050 4.975 4.878 4.803 4.668 4.637 4.455 4.450 4.356
0.00049103 -1.50000 9.75000 0.8000000119 2.4187244405    0.800 -0.022  3.8023  4.524    1  0.000  0.533     0.00     0.00     0.00     0.00     0.00 -1 -7.29e-14      0.00 8.206e-01 1.791e-01 6.643e-05 1.822e-05 1.661e-04 -1.000 3.745e-04 4.825 7.222 6.270 5.637 5.183 4.931 5.363 5.404 5.270 4.968 4.895 4.800 4.726 4.593 4.564 4.385 4.380 4.288
0.00049103 -1.50000 9.75000 0.8079681993 2.4214795165    0.807  0.006  3.8052  4.512    1  0.000  0.533     0.00     0.00     0.00     0.00     0.00 -1 -7.85e-14      0.00 8.205e-01 1.791e-01 6.666e-05 1.829e-05 1.667e-04 -1.000 3.604e-04 4.755 7.096 6.147 5.533 5.096 4.853 5.282 5.323 5.192 4.896 4.825 4.731 4.659 4.528 4.499 4.323 4.318 4.229
0.00049103 -1.50000 9.75000 0.8219403625 2.4261625501    0.821  0.056  3.8101  4.489    1  0.000  0.533     0.00     0.00     0.00     0.00     0.00 -1 -8.95e-14      0.00 8.203e-01 1.793e-01 6.708e-05 1.841e-05 1.679e-04 -1.000 3.569e-04 4.630 6.877 5.934 5.352 4.945 4.717 5.138 5.179 5.053 4.769 4.699 4.609 4.538 4.411 4.383 4.212 4.207 4.122
0.00049103 -1.50000 9.75000 0.8349873424 2.4303731559    0.834  0.103  3.8146  4.466    1  0.000  0.532     0.00     0.00     0.00     0.00     0.00 -1 -1.02e-13      0.00 8.201e-01 1.795e-01 6.749e-05 1.853e-05 1.691e-04 -1.000 3.915e-04 4.512 6.685 5.751 5.193 4.810 4.593 5.004 5.044 4.922 4.647 4.579 4.492 4.423 4.300 4.272 4.106 4.102 4.020
0.00049103 -1.50000 9.75000 0.8476302028 2.4343114544    0.847  0.150  3.8189  4.444    1  0.000  0.532     0.00     0.00     0.00     0.00     0.00 -1 -1.15e-13      0.00 8.198e-01 1.798e-01 6.789e-05 1.865e-05 1.702e-04 -1.000 3.916e-04 4.396 6.504 5.579 5.041 4.678 4.472 4.872 4.911 4.793 4.527 4.460 4.376 4.309 4.189 4.162 4.000 3.996 3.918
0.00049103 -1.50000 9.75000 0.8500000238 2.4350346840    0.849  0.158  3.8197  4.439    1  0.000  0.532     0.00     0.00     0.00     0.00     0.00 -1 -1.18e-13      0.00 8.198e-01 1.798e-01 6.797e-05 1.867e-05 1.704e-04 -1.000 3.959e-04 4.374 6.471 5.547 5.013 4.653 4.449 4.847 4.886 4.769 4.504 4.438 4.354 4.287 4.168 4.141 3.980 3.976 3.899
0.00049103 -1.50000 9.75000 0.8523986340 2.4357619923    0.852  0.167  3.8205  4.435    1  0.000  0.532     0.00     0.00     0.00     0.00     0.00 -1 -1.21e-13      0.00 8.198e-01 1.798e-01 6.796e-05 1.867e-05 1.704e-04 -1.000 3.958e-04 4.352 6.436 5.514 4.984 4.628 4.426 4.822 4.861 4.744 4.481 4.415 4.332 4.266 4.147 4.120 3.960 3.956 3.880
0.00049103 -1.50000 9.75000 0.8633816838 2.4390330056    0.862  0.209  3.8245  4.415    1  0.000  0.532     0.00     0.00     0.00     0.00     0.00 -1 -1.35e-13      0.00 8.199e-01 1.797e-01 6.795e-05 1.867e-05 1.704e-04 -1.000 3.943e-04 4.248 6.276 5.363 4.851 4.512 4.320 4.704 4.741 4.628 4.373 4.308 4.228 4.163 4.047 4.022 3.865 3.862 3.789
0.00049103 -1.50000 9.75000 0.8780376315 2.4432516587    0.877  0.266  3.8299  4.386    1  0.000  0.532     0.00     0.00     0.00     0.00     0.00 -1 -1.58e-13      0.00 8.199e-01 1.797e-01 6.799e-05 1.868e-05 1.705e-04 -1.000 3.950e-04 4.104 6.057 5.156 4.669 4.353 4.174 4.541 4.577 4.469 4.223 4.161 4.084 4.021 3.910 3.885 3.734 3.731 3.662
0.00049103 -1.50000 9.75000 0.8910652399 2.4468679308    0.890  0.320  3.8347  4.358    1  0.000  0.532     0.00     0.00     0.00     0.00     0.00 -1 -1.83e-13      0.00 8.197e-01 1.799e-01 6.807e-05 1.870e-05 1.707e-04 -1.000 3.843e-04 3.970 5.862 4.976 4.510 4.212 4.043 4.392 4.424 4.320 4.083 4.023 3.949 3.889 3.781 3.757 3.612 3.609 3.544
0.00049103 -1.50000 9.75000 0.8999999762 2.4492786016    0.899  0.358  3.8380  4.337    1  0.000  0.532     0.00     0.00     0.00     0.00     0.00 -1 -2.04e-13      0.00 8.195e-01 1.801e-01 6.816e-05 1.873e-05 1.709e-04 -1.000 3.961e-04 3.874 5.724 4.849 4.396 4.111 3.949 4.285 4.315 4.214 3.983 3.925 3.853 3.794 3.689 3.666 3.524 3.521 3.459
0.00049103 -1.50000 9.75000 0.9022544026 2.4498781975    0.901  0.368  3.8390  4.333    1  0.000  0.532     0.00     0.00     0.00     0.00     0.00 -1  -2.1e-13      0.00 8.195e-01 1.802e-01 6.816e-05 1.873e-05 1.709e-04 -1.000 3.961e-04 3.850 5.688 4.816 4.367 4.086 3.926 4.257 4.287 4.187 3.958 3.900 3.829 3.770 3.666 3.643 3.502 3.500 3.438
0.00049103 -1.50000 9.75000 0.9120872617 2.4524535744    0.911  0.412  3.8431  4.310    1  0.000  0.532     0.00     0.00     0.00     0.00     0.00 -1 -2.36e-13      0.00 8.193e-01 1.803e-01 6.819e-05 1.873e-05 1.710e-04 -1.000 3.942e-04 3.741 5.530 4.671 4.239 3.973 3.821 4.135 4.162 4.065 3.844 3.788 3.719 3.662 3.562 3.540 3.403 3.401 3.343
0.00049103 -1.50000 9.75000 0.9211898446 2.4547814096    0.920  0.453  3.8469  4.288    1  0.000  0.532     0.00     0.00     0.00     0.00     0.00 -1 -2.65e-13      0.00 8.191e-01 1.805e-01 6.823e-05 1.874e-05 1.711e-04 -1.000 3.934e-04 3.638 5.382 4.536 4.120 3.866 3.722 4.020 4.044 3.950 3.736 3.681 3.615 3.560 3.463 3.442 3.309 3.307 3.252
0.00049103 -1.50000 9.75000 0.9301487207 2.4570214078    0.929  0.495  3.8504  4.265    1  0.000  0.532     0.00     0.00     0.00     0.00     0.00 -1 -2.98e-13      0.00 8.190e-01 1.807e-01 6.828e-05 1.876e-05 1.712e-04 -1.000 3.664e-04 3.533 5.235 4.402 4.000 3.759 3.622 3.903 3.924 3.834 3.627 3.573 3.510 3.456 3.362 3.341 3.213 3.211 3.159
0.00049103 -1.50000 9.75000 0.9389294982 2.4591692413    0.938  0.537  3.8537  4.240    1  0.000  0.532     0.00     0.00     0.00     0.00     0.00 -1 -3.37e-13      0.00 8.186e-01 1.810e-01 6.837e-05 1.878e-05 1.714e-04 -1.000 3.848e-04 3.427 5.092 4.272 3.883 3.653 3.522 3.785 3.804 3.716 3.515 3.463 3.402 3.350 3.259 3.239 3.115 3.113 3.063
0.00049103 -1.50000 9.75000 0.9474146366 2.4612013205    0.946  0.581  3.8568  4.212    1  0.000  0.532     0.00     0.00     0.00     0.00     0.00 -1 -3.82e-13      0.00 8.178e-01 1.818e-01 6.858e-05 1.884e-05 1.719e-04 -1.000 3.960e-04 3.319 4.952 4.143 3.767 3.546 3.421 3.667 3.682 3.598 3.403 3.352 3.293 3.242 3.154 3.135 3.014 3.012 2.965
0.00049103 -1.50000 9.75000 0.9499999881 2.4618121868    0.949  0.594  3.8576  4.203    1  0.000  0.532     0.00     0.00     0.00     0.00     0.00 -1 -3.98e-13      0.00 8.175e-01 1.821e-01 6.868e-05 1.886e-05 1.721e-04 -1.000 3.961e-04 3.284 4.908 4.103 3.730 3.512 3.389 3.629 3.644 3.560 3.367 3.316 3.258 3.208 3.121 3.101 2.982 2.980 2.933
0.00049103 -1.50000 9.75000 0.9531843066 2.4625593420    0.952  0.611  3.8589  4.193    1  0.000  0.532     0.00     0.00     0.00     0.00     0.00 -1 -4.18e-13      0.00 8.172e-01 1.824e-01 6.876e-05 1.889e-05 1.723e-04 -1.000 3.960e-04 3.242 4.852 4.052 3.685 3.470 3.350 3.583 3.596 3.514 3.323 3.273 3.216 3.166 3.080 3.061 2.943 2.941 2.895
0.00049103 -1.50000 9.75000 0.9600561857 2.4641523256    0.959  0.650  3.8614  4.167    1  0.000  0.532     0.00     0.00     0.00     0.00     0.00 -1 -4.71e-13      0.00 8.160e-01 1.836e-01 6.910e-05 1.898e-05 1.731e-04 -1.000 3.957e-04 3.145 4.730 3.941 3.583 3.376 3.260 3.477 3.488 3.408 3.222 3.173 3.118 3.069 2.986 2.967 2.852 2.851 2.806
0.00049103 -1.50000 9.75000 0.9629435539 2.4648138562    0.962  0.669  3.8617  4.151    1  0.000  0.532     0.00     0.00     0.00     0.00     0.00 -1 -4.99e-13      0.00 8.155e-01 1.841e-01 6.924e-05 1.901e-05 1.734e-04 -1.000 3.955e-04 3.098 4.682 3.895 3.539 3.332 3.217 3.428 3.439 3.359 3.174 3.125 3.070 3.022 2.939 2.921 2.806 2.804 2.760
0.00049103 -1.50000 9.75000 0.9708926678 2.4666117392    0.969  0.721  3.8619  4.103    1  0.000  0.532     0.00     0.00     0.00     0.00     0.00 -1 -5.92e-13      0.00 8.142e-01 1.855e-01 6.962e-05 1.912e-05 1.744e-04 -1.000 3.952e-04 2.966 4.552 3.770 3.417 3.210 3.095 3.292 3.301 3.222 3.038 2.990 2.936 2.888 2.806 2.787 2.673 2.672 2.627
0.00049103 -1.50000 9.75000 0.9773428440 2.4680459103    0.976  0.769  3.8597  4.049    1  0.000  0.532     0.00     0.00     0.00     0.00     0.00 -1 -7.01e-13      0.00 8.131e-01 1.865e-01 6.993e-05 1.920e-05 1.751e-04 -1.000 3.950e-04 2.848 4.464 3.678 3.318 3.105 2.985 3.176 3.184 3.104 2.918 2.870 2.814 2.766 2.682 2.663 2.548 2.546 2.500
0.00049103 -1.50000 9.75000 0.9785447121 2.4683107389    0.977  0.778  3.8589  4.037    1  0.000  0.532     0.00     0.00     0.00     0.00     0.00 -1 -7.28e-13      0.00 8.129e-01 1.867e-01 6.999e-05 1.921e-05 1.752e-04 -1.000 3.949e-04 2.824 4.451 3.663 3.301 3.085 2.964 3.154 3.162 3.081 2.895 2.846 2.790 2.741 2.657 2.638 2.522 2.520 2.473
0.00049103 -1.50000 9.75000 0.9819386005 2.4690545500    0.981  0.808  3.8538  3.988    2  0.000  0.533     0.00     0.00     0.00     0.00     0.00 -1 -8.23e-13      0.00 8.123e-01 1.873e-01 7.015e-05 1.926e-05 1.756e-04 -1.000 3.948e-04 2.749 4.439 3.639 3.259 3.026 2.896 3.090 3.100 3.016 2.822 2.771 2.712 2.662 2.574 2.554 2.433 2.431 2.380
0.00049103 -1.50000 9.75000 0.9854624867 2.4698206204    0.984  0.843  3.8454  3.922    2  0.000  0.533     0.00     0.00     0.00     0.00     0.00 -1 -9.56e-13      0.00 8.117e-01 1.879e-01 7.031e-05 1.930e-05 1.760e-04 -1.000 3.946e-04 2.664 4.464 3.642 3.230 2.967 2.820 3.026 3.039 2.949 2.742 2.688 2.624 2.570 2.475 2.454 2.324 2.322 2.265
0.00049103 -1.50000 9.75000 0.9875185490 2.4702646919    0.986  0.865  3.8378  3.870    2  0.000  0.533     0.00     0.00     0.00     0.00     0.00 -1 -1.07e-12      0.00 8.114e-01 1.882e-01 7.041e-05 1.933e-05 1.763e-04 -1.000 3.945e-04 2.608 4.510 3.668 3.226 2.935 2.773 2.991 3.007 2.911 2.692 2.635 2.566 2.509 2.409 2.386 2.249 2.246 2.182
0.00049103 -1.50000 9.75000 0.9890004992 2.4705834493    0.988  0.882  3.8309  3.826    2  0.000  0.533     0.00     0.00     0.00     0.00     0.00 -1 -1.17e-12      0.00 8.111e-01 1.885e-01 7.048e-05 1.935e-05 1.764e-04 -1.000 3.945e-04 2.565 4.560 3.700 3.231 2.914 2.738 2.969 2.986 2.885 2.654 2.595 2.522 2.462 2.356 2.333 2.188 2.185 2.116
0.00049103 -1.50000 9.75000 0.9901089668 2.4708211559    0.989  0.896  3.8239  3.784    2  0.000  0.533     0.00     0.00     0.00     0.00     0.00 -1 -1.27e-12      0.00 8.109e-01 1.887e-01 7.053e-05 1.936e-05 1.766e-04 -1.000 3.946e-04 2.530 4.625 3.751 3.251 2.905 2.715 2.956 2.975 2.868 2.625 2.564 2.486 2.424 2.312 2.287 2.135 2.132 2.057
0.00049103 -1.50000 9.75000 0.9912946820 2.4710747514    0.990  0.912  3.8153  3.735    2  0.000  0.533     0.00     0.00     0.00     0.00     0.00 -1 -1.39e-12      0.00 8.108e-01 1.889e-01 7.059e-05 1.938e-05 1.767e-04 -1.000 3.945e-04 2.490 4.713 3.823 3.283 2.901 2.692 2.946 2.966 2.853 2.594 2.529 2.446 2.380 2.262 2.236 2.075 2.071 1.990
0.00049103 -1.50000 9.75000 0.9923331738 2.4712962870    0.991  0.926  3.8061  3.684    2  0.000  0.533     0.00     0.00     0.00     0.00     0.00 -1 -1.52e-12      0.00 8.106e-01 1.890e-01 7.064e-05 1.939e-05 1.768e-04 -1.000 3.944e-04 2.455 4.821 3.918 3.328 2.903 2.673 2.946 2.966 2.845 2.568 2.499 2.410 2.341 2.215 2.187 2.017 2.012 1.924
0.00049103 -1.50000 9.75000 0.9932886362 2.4714996399    0.992  0.939  3.7963  3.632    2  0.000  0.533     0.00     0.00     0.00     0.00     0.00 -1 -1.67e-12      0.00 8.104e-01 1.892e-01 7.070e-05 1.941e-05 1.769e-04 -1.000 3.944e-04 2.422 4.954 4.044 3.395 2.919 2.665 2.955 2.976 2.845 2.547 2.474 2.379 2.305 2.172 2.142 1.962 1.957 1.860
0.00049103 -1.50000 9.75000 0.9941599965 2.4716847014    0.993  0.949  3.7862  3.582    2  0.000  0.533     0.00     0.00     0.00     0.00     0.00 -1 -1.81e-12      0.00 8.097e-01 1.899e-01 7.088e-05 1.945e-05 1.774e-04 -1.000 3.944e-04 2.397 5.102 4.198 3.483 2.951 2.671 2.977 2.995 2.854 2.534 2.457 2.355 2.278 2.136 2.104 1.914 1.908 1.803
0.00049103 -1.50000 9.75000 0.9949943423 2.4718615523    0.993  0.955  3.7761  3.536    2  0.000  0.533     0.00     0.00     0.00     0.00     0.00 -1 -1.93e-12      0.00 8.034e-01 1.962e-01 7.265e-05 1.993e-05 1.816e-04 -1.000 4.180e-04 2.381 5.268 4.390 3.600 3.004 2.695 3.012 3.026 2.874 2.531 2.449 2.341 2.259 2.110 2.076 1.876 1.869 1.756
0.00049103 -1.50000 9.75000 0.9958288074 2.4720380877    0.994  0.959  3.7666  3.495    2  0.000  0.535     0.00     0.00     0.00     0.00     0.00 -1 -2.05e-12      0.00 7.855e-01 2.140e-01 7.765e-05 2.126e-05 1.936e-04 -1.000 4.629e-04 2.372 5.431 4.605 3.735 3.070 2.733 3.055 3.064 2.901 2.534 2.449 2.334 2.249 2.092 2.057 1.847 1.839 1.718
0.00049103 -1.50000 9.75000 0.9968743920 2.4722588069    0.995  0.969  3.7561  3.443    2  0.000  0.536     0.00     0.00     0.00     0.00     0.00 -1 -2.22e-12      0.00 7.693e-01 2.302e-01 8.220e-05 2.248e-05 2.044e-04 -1.000 4.194e-04 2.347 5.585 4.861 3.892 3.142 2.773 3.094 3.093 2.918 2.524 2.435 2.313 2.224 2.059 2.021 1.801 1.792 1.661
0.00049103 -1.50000 9.75000 0.9979749322 2.4724905525    0.996  1.002  3.7479  3.378    2  0.000  0.537     0.00     0.00     0.00     0.00     0.00 -1 -2.57e-12      0.00 7.625e-01 2.370e-01 8.407e-05 2.298e-05 2.088e-04 -1.000 4.853e-04 2.266 5.630 5.017 3.965 3.145 2.750 3.065 3.056 2.871 2.457 2.364 2.236 2.144 1.973 1.933 1.704 1.695 1.557
0.00049103 -1.50000 9.75000 0.9984400868 2.4725883256    0.997  1.020  3.7450  3.348    2  0.000  0.537     0.00     0.00     0.00     0.00     0.00 -1 -2.78e-12      0.00 7.607e-01 2.388e-01 8.456e-05 2.311e-05 2.099e-04 -1.000 4.941e-04 2.219 5.623 5.056 3.974 3.129 2.726 3.037 3.024 2.836 2.415 2.320 2.191 2.098 1.924 1.884 1.653 1.643 1.503
0.00049103 -1.50000 9.75000 0.9988194704 2.4726679925    0.997  1.040  3.7433  3.322    3  0.000  0.537     0.00     0.00     0.00     0.00     0.00 -1    -3e-12      0.00 7.595e-01 2.400e-01 8.482e-05 2.318e-05 2.106e-04 -1.000 4.940e-04 2.170 5.599 5.061 3.960 3.099 2.691 3.000 2.985 2.795 2.369 2.274 2.144 2.049 1.875 1.834 1.601 1.591 1.449
0.00049103 -1.50000 9.75000 0.9994820356 2.4728069580    0.998  1.079  3.7406  3.273    3  0.000  0.537     0.00     0.00     0.00     0.00     0.00 -1 -3.45e-12      0.00 7.577e-01 2.418e-01 8.517e-05 2.327e-05 2.114e-04 -1.000 4.941e-04 2.074 5.539 5.044 3.916 3.032 2.616 2.921 2.903 2.710 2.278 2.181 2.049 1.954 1.778 1.737 1.500 1.490 1.346
0.00049103 -1.50000 9.75000 1.0000000000 2.4729154477    0.998  1.111  3.7388  3.233    3  0.000  0.537     0.00     0.00     0.00     0.00     0.00 -1 -3.89e-12      0.00 7.563e-01 2.432e-01 8.538e-05 2.333e-05 2.120e-04 -1.000 4.941e-04 1.991 5.479 5.019 3.872 2.972 2.551 2.852 2.831 2.636 2.199 2.102 1.969 1.873 1.695 1.654 1.416 1.405 1.259
0.00049103 -1.50000 9.75000 1.0001301765 2.4729426933    0.998  1.120  3.7384  3.223    3  0.000  0.537     0.00     0.00     0.00     0.00     0.00 -1 -4.01e-12      0.00 7.560e-01 2.435e-01 8.543e-05 2.335e-05 2.121e-04 -1.000 4.941e-04 1.971 5.464 5.013 3.861 2.957 2.535 2.834 2.813 2.617 2.179 2.082 1.949 1.853 1.675 1.633 1.394 1.384 1.238
0.00049103 -1.50000 9.75000 1.0008924007 2.4731020616    0.999  1.173  3.7360  3.161    3  0.000  0.536     0.00     0.00     0.00     0.00     0.00 -1 -4.86e-12      0.00 7.537e-01 2.458e-01 8.555e-05 2.344e-05 2.127e-04 -1.000 4.938e-04 1.838 5.360 4.958 3.779 2.856 2.428 2.719 2.694 2.495 2.051 1.954 1.819 1.722 1.542 1.500 1.259 1.248 1.100
0.00049103 -1.50000 9.75000 1.0014574528 2.4732200245    0.999  1.215  3.7343  3.112    3  0.000  0.534     0.00     0.00     0.00     0.00     0.00 -1 -5.67e-12      0.00 7.519e-01 2.476e-01 8.528e-05 2.361e-05 2.131e-04 -1.000 4.924e-04 1.732 5.275 4.907 3.710 2.773 2.340 2.626 2.598 2.397 1.949 1.851 1.715 1.618 1.437 1.394 1.151 1.141 0.990
0.00049103 -1.50000 9.75000 1.0019947290 2.4733320469    1.000  1.258  3.7327  3.063    3  0.000  0.527     0.00     0.00     0.00     0.00     0.00 -1 -6.61e-12      0.00 7.500e-01 2.495e-01 8.431e-05 2.431e-05 2.134e-04 -1.000 4.926e-04 1.625 5.186 4.848 3.635 2.685 2.248 2.529 2.499 2.296 1.845 1.746 1.609 1.511 1.329 1.286 1.042 1.031 0.879
0.00049103 -1.50000 9.75000 1.0024979115 2.4734368354    1.000  1.301  3.7312  3.014    3  0.000  0.514     0.00     0.00     0.00     0.00     0.00 -1 -7.71e-12      0.00 7.480e-01 2.515e-01 8.243e-05 2.618e-05 2.137e-04 -1.000 4.938e-04 1.518 5.098 4.790 3.560 2.597 2.157 2.433 2.401 2.196 1.741 1.642 1.504 1.406 1.223 1.179 0.934 0.922 0.769
0.00049103 -1.50000 9.75000 1.0029981136 2.4735408835    1.001  1.346  3.7296  2.962    3  0.000  0.499     0.00     0.00     0.00     0.00     0.00 -1 -9.08e-12      0.00 7.460e-01 2.535e-01 8.005e-05 2.895e-05 2.139e-04 -1.000 4.922e-04 1.404 5.004 4.733 3.484 2.507 2.062 2.331 2.297 2.090 1.631 1.531 1.392 1.294 1.109 1.066 0.818 0.807 0.652
0.00049103 -1.50000 9.75000 1.0034596920 2.4736367916    1.001  1.391  3.7281  2.912    3  0.000  0.485     0.00     0.00     0.00     0.00     0.00 -1 -1.07e-11      0.00 7.443e-01 2.552e-01 7.781e-05 3.172e-05 2.140e-04 -1.000 4.940e-04 1.292 4.910 4.680 3.411 2.418 1.969 2.231 2.194 1.985 1.522 1.422 1.282 1.183 0.998 0.954 0.705 0.693 0.537
0.00049103 -1.50000 9.75000 1.0038784742 2.4737237196    1.002  1.435  3.7265  2.862    3  0.000  0.474     0.00     0.00     0.00     0.00     0.00 -1 -1.25e-11      0.00 7.428e-01 2.567e-01 7.609e-05 3.389e-05 2.142e-04 -1.000 4.923e-04 1.183 4.818 4.630 3.341 2.333 1.879 2.134 2.094 1.884 1.417 1.316 1.175 1.076 0.889 0.845 0.594 0.583 0.425
0.00049103 -1.50000 9.75000 1.0042738914 2.4738057212    1.002  1.479  3.7249  2.812    3  0.000  0.465     0.00     0.00     0.00     0.00     0.00 -1 -1.46e-11      0.00 7.414e-01 2.581e-01 7.469e-05 3.567e-05 2.143e-04 -1.000 4.923e-04 1.073 4.726 4.581 3.271 2.247 1.788 2.036 1.993 1.781 1.310 1.208 1.067 0.967 0.779 0.734 0.482 0.470 0.311
0.00049103 -1.50000 9.75000 1.0046319962 2.4738799208    1.002  1.522  3.7234  2.762    3  0.000  0.458     0.00     0.00     0.00     0.00     0.00 -1 -1.71e-11      0.00 7.402e-01 2.593e-01 7.363e-05 3.702e-05 2.144e-04 -1.000 4.940e-04 0.965 4.635 4.532 3.202 2.162 1.699 1.940 1.895 1.680 1.206 1.103 0.961 0.860 0.671 0.627 0.373 0.361 0.200
0.00049103 -1.50000 9.75000 1.0049753189 2.4739510005    1.002  1.567  3.7217  2.711    3  0.000  0.453     0.00     0.00     0.00     0.00     0.00 -1 -2.01e-11      0.00 7.394e-01 2.601e-01 7.287e-05 3.799e-05 2.144e-04 -1.000 4.941e-04 0.853 4.542 4.483 3.130 2.075 1.607 1.841 1.794 1.577 1.098 0.995 0.852 0.750 0.560 0.515 0.259 0.247 0.085
0.00049103 -1.50000 9.75000 1.0052874088 2.4740155655    1.002  1.610  3.7201  2.661    3  0.000  0.450     0.00     0.00     0.00     0.00     0.00 -1 -2.35e-11      0.00 7.387e-01 2.608e-01 7.231e-05 3.870e-05 2.145e-04 -1.000 4.942e-04 0.744 4.451 4.437 3.062 1.990 1.517 1.745 1.695 1.476 0.993 0.889 0.744 0.643 0.451 0.406 0.148 0.136 -0.028
0.00049103 -1.50000 9.75000 1.0055818558 2.4740764382    1.003  1.655  3.7183  2.610    3  0.000  0.447     0.00     0.00     0.00     0.00     0.00 -1 -2.76e-11      0.00 7.381e-01 2.614e-01 7.187e-05 3.926e-05 2.145e-04 -1.000 4.941e-04 0.633 4.356 4.395 2.996 1.905 1.428 1.649 1.595 1.374 0.886 0.782 0.636 0.534 0.341 0.295 0.036 0.024 -0.143
0.00049103 -1.50000 9.75000 1.0058475733 2.4741313364    1.003  1.698  3.7167  2.560    3  0.000  0.445     0.00     0.00     0.00     0.00     0.00 -1 -3.23e-11      0.00 7.377e-01 2.618e-01 7.159e-05 3.962e-05 2.146e-04 -1.000 4.584e-04 0.525 4.265 4.356 2.932 1.824 1.341 1.556 1.499 1.275 0.783 0.678 0.531 0.428 0.234 0.188 -0.073 -0.086 -0.253
0.00049103 -1.50000 9.75000 1.0060958862 2.4741826086    1.003  1.741  3.7149  2.509    3  0.000  0.444     0.00     0.00     0.00     0.00     0.00 -1 -3.78e-11      0.00 7.375e-01 2.620e-01 7.144e-05 3.981e-05 2.146e-04 -1.000 4.399e-04 0.416 4.173 4.321 2.871 1.743 1.255 1.463 1.403 1.176 0.679 0.574 0.426 0.322 0.127 0.080 -0.183 -0.196 -0.365
0.00049103 -1.50000 9.75000 1.0063245296 2.4742297936    1.003  1.785  3.7131  2.459    3  0.000  0.443     0.00     0.00     0.00     0.00     0.00 -1 -4.42e-11      0.00 7.374e-01 2.621e-01 7.136e-05 3.992e-05 2.146e-04 -1.000 4.941e-04 0.308 4.084 4.298 2.819 1.668 1.174 1.372 1.308 1.078 0.576 0.469 0.320 0.216 0.019 -0.028 -0.293 -0.306 -0.477
0.00049103 -1.50000 9.75000 1.0065382719 2.4742738812    1.003  1.828  3.7112  2.408    3  0.000  0.443     0.00     0.00     0.00     0.00     0.00 -1 -5.18e-11      0.00 7.374e-01 2.621e-01 7.132e-05 3.998e-05 2.146e-04 -1.000 4.941e-04 0.200 3.995 4.279 2.771 1.595 1.094 1.281 1.213 0.980 0.472 0.364 0.214 0.109 -0.089 -0.137 -0.403 -0.417 -0.590
0.00049103 -1.50000 9.75000 1.0067338943 2.4743142125    1.003  1.871  3.7093  2.358    3  0.000  0.443     0.00     0.00     0.00     0.00     0.00 -1 -6.06e-11      0.00 7.374e-01 2.621e-01 7.131e-05 3.999e-05 2.146e-04 -1.000 4.941e-04 0.093 3.907 4.266 2.726 1.525 1.017 1.192 1.120 0.884 0.370 0.262 0.110 0.004 -0.196 -0.244 -0.513 -0.526 -0.701
0.00049103 -1.50000 9.75000 1.0069177151 2.4743520941    1.003  1.914  3.7075  2.307    3  0.000  0.443     0.00     0.00     0.00     0.00     0.00 -1 -7.09e-11      0.00 7.374e-01 2.622e-01 7.130e-05 4.000e-05 2.146e-04 -1.000 4.941e-04 -0.015 3.816 4.256 2.683 1.455 0.941 1.104 1.027 0.788 0.267 0.158 0.005 -0.102 -0.303 -0.351 -0.622 -0.636 -0.813
0.00049103 -1.50000 9.75000 1.0070822239 2.4743859825    1.003  1.955  3.7056  2.258    3  0.000  0.443     0.00     0.00     0.00     0.00     0.00 -1 -8.25e-11      0.00 7.373e-01 2.622e-01 7.129e-05 4.001e-05 2.146e-04 -1.000 4.941e-04 -0.118 3.729 4.250 2.643 1.389 0.868 1.020 0.939 0.696 0.169 0.059 -0.095 -0.203 -0.405 -0.454 -0.727 -0.741 -0.920
0.00049103 -1.50000 9.75000 1.0072329044 2.4744170112    1.003  1.996  3.7037  2.210    3  0.000  0.443     0.00     0.00     0.00     0.00     0.00 -1 -9.58e-11      0.00 7.373e-01 2.622e-01 7.128e-05 4.002e-05 2.146e-04 -1.000 4.941e-04 -0.220 3.644 4.246 2.605 1.325 0.798 0.939 0.853 0.606 0.073 -0.038 -0.194 -0.302 -0.506 -0.556 -0.831 -0.845 -1.025
0.00049103 -1.50000 9.75000 1.0073730946 2.4744458700    1.002  2.036  3.7019  2.162    3  0.000  0.443     0.00     0.00     0.00     0.00     0.00 -1 -1.11e-10      0.00 7.373e-01 2.622e-01 7.127e-05 4.003e-05 2.146e-04 -1.000 4.941e-04 -0.321 3.558 4.238 2.566 1.260 0.727 0.857 0.766 0.516 -0.023 -0.134 -0.292 -0.401 -0.607 -0.656 -0.933 -0.948 -1.130
0.00049103 -1.50000 9.75000 1.0075058937 2.4744731989    1.002  2.077  3.6998  2.113    3  0.000  0.443     0.00     0.00     0.00     0.00     0.00 -1 -1.29e-10      0.00 7.373e-01 2.622e-01 7.127e-05 4.004e-05 2.146e-04 -1.000 4.941e-04 -0.423 3.474 4.242 2.533 1.199 0.658 0.778 0.682 0.428 -0.118 -0.231 -0.390 -0.500 -0.707 -0.758 -1.037 -1.051 -1.236
0.00049103 -1.50000 9.75000 1.0076252222 2.4744977485    1.002  2.116  3.6979  2.067    3  0.000  0.443     0.00     0.00     0.00     0.00     0.00 -1 -1.49e-10      0.00 7.373e-01 2.622e-01 7.126e-05 4.005e-05 2.146e-04 -1.000 4.941e-04 -0.520 3.391 4.247 2.503 1.141 0.594 0.702 0.601 0.344 -0.209 -0.323 -0.483 -0.594 -0.803 -0.854 -1.135 -1.150 -1.337
0.00049103 -1.50000 9.75000 1.0077385902 2.4745210657    1.002  2.155  3.6960  2.020    3  0.000  0.443     0.00     0.00     0.00     0.00     0.00 -1 -1.72e-10      0.00 7.373e-01 2.622e-01 7.125e-05 4.006e-05 2.146e-04 -1.000 4.941e-04 -0.616 3.309 4.255 2.475 1.085 0.531 0.628 0.522 0.261 -0.299 -0.413 -0.575 -0.687 -0.897 -0.949 -1.233 -1.247 -1.436
0.00049103 -1.50000 9.75000 1.0078547001 2.4745449406    1.001  2.192  3.6942  1.976    3  0.000  0.443     0.00     0.00     0.00     0.00     0.00 -1 -1.97e-10      0.00 7.373e-01 2.622e-01 7.125e-05 4.007e-05 2.146e-04 -1.000 4.941e-04 -0.709 3.231 4.273 2.456 1.035 0.474 0.558 0.447 0.182 -0.385 -0.500 -0.664 -0.776 -0.989 -1.040 -1.326 -1.341 -1.532
0.00049103 -1.50000 9.75000 1.0079680681 2.4745682456    1.001  2.215  3.6930  1.947    3  0.000  0.443     0.00     0.00     0.00     0.00     0.00 -1 -2.16e-10      0.00 7.373e-01 2.622e-01 7.124e-05 4.007e-05 2.146e-04 -1.000 4.940e-04 -0.769 3.180 4.286 2.446 1.004 0.438 0.513 0.399 0.131 -0.440 -0.556 -0.721 -0.834 -1.047 -1.100 -1.387 -1.402 -1.594
0.00049103 -1.50000 9.75000 1.0080581903 2.4745867677    1.001  2.188  3.6947  1.981    3  0.000  0.443     0.00     0.00     0.00     0.00     0.00 -1 -1.97e-10      0.00 7.373e-01 2.622e-01 7.124e-05 4.008e-05 2.146e-04 -1.000 4.941e-04 -0.701 3.235 4.254 2.447 1.033 0.474 0.561 0.451 0.186 -0.378 -0.493 -0.657 -0.769 -0.981 -1.032 -1.318 -1.333 -1.523
0.00049103 -1.50000 9.75000 1.0080982447 2.4745949985    1.001  2.168  3.6959  2.006    3  0.000  0.443     0.00     0.00     0.00     0.00     0.00 -1 -1.83e-10      0.00 7.373e-01 2.622e-01 7.124e-05 4.008e-05 2.146e-04 -1.000 4.941e-04 -0.649 3.277 4.230 2.448 1.056 0.501 0.596 0.490 0.228 -0.331 -0.446 -0.608 -0.720 -0.930 -0.982 -1.266 -1.281 -1.469
0.00049103 -1.50000 9.75000 1.0081334114 2.4746022243    1.001  2.183  3.6951  1.987    3  0.000  0.443     0.00     0.00     0.00     0.00     0.00 -1 -1.92e-10      0.00 7.373e-01 2.622e-01 7.123e-05 4.008e-05 2.146e-04 -1.000 4.941e-04 -0.689 3.244 4.241 2.443 1.036 0.478 0.567 0.459 0.195 -0.368 -0.483 -0.646 -0.758 -0.969 -1.021 -1.306 -1.321 -1.510
0.00049103 -1.50000 9.75000 1.0082253218 2.4746211067    1.000  2.225  3.6930  1.938    3  0.000  0.443     0.00     0.00     0.00     0.00     0.00 -1 -2.22e-10      0.00 7.373e-01 2.622e-01 7.123e-05 4.009e-05 2.146e-04 -1.000 4.941e-04 -0.791 3.158 4.270 2.429 0.984 0.418 0.491 0.376 0.108 -0.463 -0.579 -0.744 -0.857 -1.070 -1.123 -1.410 -1.425 -1.617
0.00049103 -1.50000 9.75000 1.0083175898 2.4746400586    1.000  2.267  3.6907  1.886    3  0.000  0.443     0.00     0.00     0.00     0.00     0.00 -1  -2.6e-10      0.00 7.373e-01 2.622e-01 7.123e-05 4.010e-05 2.146e-04 -1.000 4.941e-04 -0.898 3.069 4.309 2.420 0.933 0.358 0.414 0.292 0.019 -0.561 -0.679 -0.846 -0.960 -1.175 -1.228 -1.518 -1.533 -1.728
0.00049103 -1.50000 9.75000 1.0084023476 2.4746574644    1.000  2.309  3.6885  1.835    3  0.000  0.443     0.00     0.00     0.00     0.00     0.00 -1 -3.03e-10      0.00 7.373e-01 2.622e-01 7.122e-05 4.010e-05 2.146e-04 -1.000 4.941e-04 -1.001 2.982 4.350 2.416 0.887 0.303 0.342 0.212 -0.067 -0.656 -0.774 -0.943 -1.058 -1.276 -1.329 -1.622 -1.638 -1.834
0.00049103 -1.50000 9.75000 1.0084818602 2.4746737900    0.999  2.350  3.6862  1.785    3  0.000  0.443     0.00     0.00     0.00     0.00     0.00 -1 -3.53e-10      0.00 7.373e-01 2.622e-01 7.122e-05 4.011e-05 2.146e-04 -1.000 4.941e-04 -1.104 2.895 4.393 2.415 0.843 0.249 0.271 0.133 -0.151 -0.749 -0.869 -1.040 -1.156 -1.375 -1.430 -1.725 -1.741 -1.941
0.00049103 -1.50000 9.75000 1.0085558891 2.4746889870    0.999  2.391  3.6839  1.735    3  0.000  0.442     0.00     0.00     0.00     0.00     0.00 -1 -4.11e-10      0.00 7.373e-01 2.622e-01 7.121e-05 4.011e-05 2.146e-04 -1.000 4.941e-04 -1.207 2.809 4.407 2.437 0.820 0.214 0.209 0.060 -0.233 -0.843 -0.965 -1.138 -1.255 -1.477 -1.531 -1.829 -1.846 -2.047
0.00049103 -1.50000 9.75000 1.0086244345 2.4747030560    0.998  2.431  3.6816  1.685    3  0.000  0.442     0.00     0.00     0.00     0.00     0.00 -1 -4.79e-10      0.00 7.373e-01 2.622e-01 7.121e-05 4.012e-05 2.146e-04 -1.000 4.941e-04 -1.308 2.724 4.416 2.469 0.806 0.186 0.152 -0.009 -0.312 -0.937 -1.060 -1.235 -1.354 -1.578 -1.633 -1.933 -1.950 -2.154
0.00049103 -1.50000 9.75000 1.0086889267 2.4747162911    0.998  2.472  3.6792  1.634    3  0.000  0.442     0.00     0.00     0.00     0.00     0.00 -1 -5.58e-10      0.00 7.373e-01 2.622e-01 7.121e-05 4.012e-05 2.146e-04 -1.000 4.941e-04 -1.410 2.638 4.433 2.511 0.796 0.163 0.099 -0.076 -0.389 -1.030 -1.155 -1.333 -1.453 -1.679 -1.735 -2.038 -2.055 -2.261
0.00049103 -1.50000 9.75000 1.0087487698 2.4747285703    0.997  2.513  3.6769  1.584    3  0.000  0.442     6.09     4.86     3.49     2.67     2.16  4 -6.49e-10      0.00 7.373e-01 2.622e-01 7.120e-05 4.013e-05 2.146e-04 -1.000 4.941e-04 -1.512 2.553 4.454 2.556 0.789 0.142 0.047 -0.141 -0.465 -1.121 -1.248 -1.429 -1.551 -1.779 -1.836 -2.141 -2.158 -2.367
0.00049103 -1.50000 9.75000 1.0088044405 2.4747399920    0.996  2.553  3.6745  1.533    3  0.000  0.442     6.76     5.32     3.80     2.91     2.36  4 -7.55e-10      0.00 7.373e-01 2.622e-01 7.120e-05 4.013e-05 2.146e-04 -1.000 4.941e-04 -1.613 2.469 4.485 2.614 0.790 0.129 0.002 -0.202 -0.538 -1.211 -1.340 -1.524 -1.648 -1.879 -1.936 -2.244 -2.262 -2.473
0.00049103 -1.50000 9.75000 1.0088557005 2.4747505074    0.996  2.593  3.6721  1.484    3  0.000  0.442     7.50     5.82     4.14     3.18     2.58  4 -8.77e-10      0.00 7.373e-01 2.622e-01 7.120e-05 4.013e-05 2.146e-04 -1.000 4.940e-04 -1.712 2.386 4.517 2.676 0.794 0.119 -0.040 -0.260 -0.608 -1.299 -1.431 -1.617 -1.743 -1.977 -2.034 -2.346 -2.364 -2.578
0.00049103 -1.50000 9.75000 1.0089044571 2.4747605081    0.995  2.633  3.6695  1.433    3  0.000  0.442     8.34     6.38     4.52     3.47     2.82  3 -1.02e-09      0.00 7.373e-01 2.622e-01 7.120e-05 4.014e-05 2.146e-04 -1.000 4.940e-04 -1.812 2.303 4.562 2.758 0.811 0.123 -0.073 -0.310 -0.673 -1.385 -1.520 -1.710 -1.838 -2.075 -2.134 -2.449 -2.467 -2.683
0.00049103 -1.50000 9.75000 1.0089488029 2.4747696032    0.994  2.672  3.6671  1.383    3  0.000  0.442     9.23     6.97     4.92     3.79     3.07  3 -1.18e-09      0.00 7.373e-01 2.622e-01 7.119e-05 4.014e-05 2.146e-04 -1.000 4.940e-04 -1.911 2.221 4.601 2.837 0.828 0.127 -0.105 -0.360 -0.736 -1.469 -1.606 -1.800 -1.931 -2.171 -2.230 -2.548 -2.566 -2.786
0.00049103 -1.50000 9.75000 1.0089904070 2.4747781351    0.993  2.712  3.6645  1.333    3  0.000  0.442    10.26     7.63     5.37     4.13     3.35  3 -1.37e-09      0.00 7.373e-01 2.622e-01 7.119e-05 4.014e-05 2.146e-04 -1.000 4.941e-04 -2.009 2.141 4.656 2.935 0.858 0.143 -0.128 -0.402 -0.795 -1.551 -1.692 -1.890 -2.022 -2.266 -2.326 -2.648 -2.667 -2.889
0.00049103 -1.50000 9.75000 1.0090286732 2.4747859818    0.992  2.750  3.6619  1.284    3  0.000  0.442    11.36     8.34     5.84     4.50     3.65  3 -1.59e-09      0.00 7.373e-01 2.622e-01 7.119e-05 4.014e-05 2.146e-04 -1.000 4.940e-04 -2.105 2.063 4.712 3.033 0.890 0.162 -0.147 -0.442 -0.851 -1.630 -1.775 -1.977 -2.112 -2.359 -2.420 -2.746 -2.764 -2.990
0.00049103 -1.50000 9.75000 1.0090653896 2.4747935100    0.991  2.790  3.6594  1.234    3  0.000  0.442    12.61     9.13     6.37     4.92     3.99  3 -1.85e-09      0.00 7.373e-01 2.622e-01 7.119e-05 4.015e-05 2.146e-04 -1.000 4.941e-04 -2.204 1.982 4.769 3.137 0.926 0.187 -0.163 -0.479 -0.906 -1.711 -1.859 -2.065 -2.203 -2.454 -2.515 -2.845 -2.864 -3.093
0.00049103 -1.50000 9.75000 1.0091069937 2.4748020397    0.989  2.838  3.6561  1.172    3  0.000  0.442    14.34    10.21     7.08     5.48     4.45  3 -2.21e-09      0.00 7.373e-01 2.622e-01 7.119e-05 4.015e-05 2.146e-04 -1.000 4.942e-04 -2.324 1.883 4.848 3.244 0.954 0.204 -0.187 -0.526 -0.972 -1.805 -1.957 -2.168 -2.309 -2.565 -2.628 -2.963 -2.983 -3.216
0.00049103 -1.50000 9.75000 1.0091450214 2.4748098354    0.987  2.885  3.6530  1.112    3  0.000  0.442    16.26    11.38     7.86     6.09     4.94  3 -2.65e-09      0.00 7.373e-01 2.622e-01 7.118e-05 4.015e-05 2.146e-04 -1.000 4.941e-04 -2.442 1.784 4.924 3.316 0.957 0.199 -0.224 -0.581 -1.042 -1.898 -2.053 -2.270 -2.412 -2.673 -2.737 -3.078 -3.098 -3.335
0.00049103 -1.50000 9.75000 1.0091743469 2.4748158467    0.986  2.924  3.6501  1.060    3  0.000  0.442    18.09    12.48     8.58     6.66     5.41  2 -3.08e-09      0.00 7.373e-01 2.622e-01 7.118e-05 4.015e-05 2.146e-04 -1.000 4.941e-04 -2.540 1.703 5.001 3.390 0.968 0.202 -0.249 -0.622 -1.097 -1.973 -2.131 -2.352 -2.497 -2.762 -2.827 -3.173 -3.193 -3.435
0.00049103 -1.50000 9.75000 1.0092066526 2.4748224684    0.984  2.970  3.6469  1.000    3  0.000  0.442    20.50    13.90     9.51     7.40     6.01  2 -3.67e-09      0.00 7.373e-01 2.622e-01 7.118e-05 4.016e-05 2.146e-04 -1.000 4.941e-04 -2.656 1.608 5.067 3.469 0.978 0.205 -0.279 -0.671 -1.161 -2.060 -2.222 -2.448 -2.595 -2.866 -2.932 -3.283 -3.304 -3.550
0.00049103 -1.50000 9.75000 1.0092370510 2.4748286987    0.981  3.017  3.6436  0.939    3  0.000  0.442    23.24    15.50    10.56     8.22     6.68  2 -4.39e-09      0.00 7.373e-01 2.623e-01 7.118e-05 4.016e-05 2.146e-04 -1.000 4.941e-04 -2.772 1.511 5.128 3.553 0.995 0.216 -0.298 -0.710 -1.218 -2.145 -2.310 -2.543 -2.693 -2.969 -3.037 -3.395 -3.416 -3.668
0.00049103 -1.50000 9.75000 1.0092660189 2.4748346354    0.979  3.064  3.6401  0.877    3  0.000  0.442    26.48    17.35    11.75     9.17     7.45  2 -5.28e-09      0.00 7.373e-01 2.623e-01 7.118e-05 4.016e-05 2.146e-04 -1.000 4.941e-04 -2.891 1.415 5.200 3.650 1.020 0.233 -0.312 -0.746 -1.273 -2.229 -2.399 -2.638 -2.791 -3.073 -3.143 -3.508 -3.530 -3.787
0.00049103 -1.50000 9.75000 1.0092917681 2.4748399122    0.976  3.110  3.6368  0.817    3  0.000  0.442    29.99    19.32    13.03    10.18     8.27  2 -6.29e-09      0.00 7.373e-01 2.623e-01 7.118e-05 4.016e-05 2.146e-04 -1.000 4.940e-04 -3.004 1.322 5.240 3.737 1.042 0.250 -0.321 -0.775 -1.322 -2.307 -2.480 -2.726 -2.882 -3.171 -3.242 -3.614 -3.637 -3.899
0.00049103 -1.50000 9.75000 1.0093159676 2.4748448711    0.973  3.155  3.6335  0.757    3  0.000  0.442    33.98    21.53    14.44    11.30     9.19  2  -7.5e-09      0.00 7.373e-01 2.623e-01 7.117e-05 4.016e-05 2.146e-04 -1.000 4.940e-04 -3.118 1.229 5.274 3.823 1.064 0.267 -0.329 -0.804 -1.370 -2.384 -2.562 -2.815 -2.973 -3.268 -3.342 -3.721 -3.744 -4.012
0.00049103 -1.50000 9.75000 1.0093390942 2.4748496099    0.969  3.202  3.6299  0.694    3  0.000  0.442    38.68    24.08    16.07    12.60    10.25  2    -9e-09      0.00 7.373e-01 2.623e-01 7.117e-05 4.016e-05 2.146e-04 -1.000 4.941e-04 -3.234 1.136 5.313 3.920 1.093 0.291 -0.330 -0.827 -1.414 -2.460 -2.642 -2.903 -3.064 -3.367 -3.442 -3.829 -3.852 -4.127
0.00049103 -1.50000 9.75000 1.0093601942 2.4748539332    0.965  3.246  3.6265  0.634    3  0.000  0.442    43.77    26.79    17.79    13.98    11.37  1 -1.07e-08      0.00 7.372e-01 2.623e-01 7.117e-05 4.017e-05 2.146e-04 -1.000 4.941e-04 -3.346 1.047 5.332 4.004 1.116 0.311 -0.333 -0.850 -1.456 -2.532 -2.718 -2.986 -3.150 -3.459 -3.536 -3.931 -3.955 -4.235
0.00049103 -1.50000 9.75000 1.0093786716 2.4748577190    0.961  3.284  3.6237  0.583    3  0.000  0.442    48.65    29.35    19.41    15.27    12.42  1 -1.25e-08      0.00 7.372e-01 2.623e-01 7.117e-05 4.017e-05 2.146e-04 -1.000 4.941e-04 -3.440 0.971 5.347 4.076 1.137 0.328 -0.334 -0.868 -1.491 -2.592 -2.781 -3.056 -3.222 -3.537 -3.616 -4.018 -4.042 -4.327
0.00049103 -1.50000 9.75000 1.0093786716 2.4748577190    0.961  1.837  3.7411  2.500    4  0.000  0.462     0.00     0.00     0.00     0.00     0.00 -1    -1e-30      0.00 7.342e-01 2.653e-01 7.538e-05 3.706e-05 2.178e-04 -1.000 4.941e-04 0.178 3.648 3.160 2.052 1.185 0.780 1.003 0.980 0.795 0.376 0.282 0.153 0.060 -0.114 -0.155 -0.389 -0.399 -0.544
0.00049103 -1.50000 9.75000 1.0095117092 2.4748849720    0.961  1.851  3.7395  2.480    4  0.000  0.462     0.00     0.00     0.00     0.00     0.00 -1    -1e-30      0.00 7.342e-01 2.653e-01 7.537e-05 3.707e-05 2.178e-04 -1.000 4.941e-04 0.141 3.632 3.173 2.048 1.167 0.756 0.977 0.952 0.765 0.342 0.247 0.117 0.023 -0.152 -0.193 -0.429 -0.439 -0.586
0.00049103 -1.50000 9.75000 1.0096426010 2.4749117773    0.961  1.855  3.7392  2.474    4  0.000  0.461     0.00     0.00     0.00     0.00     0.00 -1    -1e-30      0.00 7.342e-01 2.653e-01 7.536e-05 3.708e-05 2.178e-04 -1.000 4.941e-04 0.132 3.627 3.176 2.047 1.162 0.751 0.970 0.945 0.757 0.333 0.238 0.108 0.014 -0.162 -0.203 -0.439 -0.449 -0.596
0.00049103 -1.50000 9.75000 1.0097742081 2.4749387211    0.962  1.858  3.7391  2.471    4  0.000  0.461     0.00     0.00     0.00     0.00     0.00 -1    -1e-30      0.00 7.342e-01 2.653e-01 7.535e-05 3.709e-05 2.178e-04 -1.000 4.941e-04 0.124 3.621 3.173 2.042 1.156 0.744 0.963 0.938 0.750 0.326 0.231 0.100 0.006 -0.169 -0.210 -0.446 -0.457 -0.604
0.00049103 -1.50000 9.75000 1.0099062920 2.4749657543    0.962  1.860  3.7393  2.470    4  0.000  0.461     0.00     0.00     0.00     0.00     0.00 -1    -1e-30      0.00 7.342e-01 2.653e-01 7.534e-05 3.711e-05 2.178e-04 -1.000 4.941e-04 0.119 3.614 3.162 2.033 1.149 0.738 0.956 0.931 0.744 0.320 0.225 0.095 0.001 -0.175 -0.216 -0.452 -0.462 -0.609
0.00049103 -1.50000 9.75000 1.0100268126 2.4749904139    0.962  1.862  3.7396  2.470    4  0.000  0.461     0.00     0.00     0.00     0.00     0.00 -1    -1e-30      0.00 7.342e-01 2.653e-01 7.533e-05 3.712e-05 2.178e-04 -1.000 4.941e-04 0.115 3.606 3.147 2.023 1.141 0.731 0.949 0.925 0.738 0.315 0.221 0.090 -0.003 -0.178 -0.219 -0.455 -0.465 -0.612
0.00049103 -1.50000 9.75000 1.0101603270 2.4750177242    0.962  1.863  3.7402  2.471    4  0.000  0.461     0.00     0.00     0.00     0.00     0.00 -1    -1e-30      0.00 7.342e-01 2.654e-01 7.532e-05 3.713e-05 2.178e-04 -1.000 4.941e-04 0.112 3.596 3.127 2.009 1.132 0.724 0.942 0.918 0.732 0.311 0.216 0.087 -0.007 -0.181 -0.222 -0.457 -0.468 -0.614
0.00049103 -1.50000 9.75000 1.0102814436 2.4750424913    0.962  1.864  3.7407  2.472    4  0.000  0.461     0.00     0.00     0.00     0.00     0.00 -1    -1e-30      0.00 7.341e-01 2.654e-01 7.531e-05 3.714e-05 2.178e-04 -1.000 4.941e-04 0.110 3.587 3.111 1.998 1.126 0.719 0.936 0.913 0.727 0.308 0.213 0.084 -0.009 -0.184 -0.224 -0.459 -0.469 -0.615
0.00049103 -1.50000 9.75000 1.0104018450 2.4750671054    0.962  1.865  3.7413  2.473    4  0.000  0.461     0.00     0.00     0.00     0.00     0.00 -1    -1e-30      0.00 7.341e-01 2.654e-01 7.530e-05 3.715e-05 2.178e-04 -1.000 4.941e-04 0.108 3.578 3.094 1.987 1.119 0.714 0.930 0.907 0.722 0.304 0.210 0.081 -0.012 -0.186 -0.226 -0.460 -0.470 -0.615
0.00049103 -1.50000 9.75000 1.0105336905 2.4750940513    0.962  1.866  3.7419  2.475    4  0.000  0.461     0.00     0.00     0.00     0.00     0.00 -1    -1e-30      0.00 7.341e-01 2.654e-01 7.529e-05 3.716e-05 2.178e-04 -1.000 4.941e-04 0.106 3.568 3.076 1.974 1.112 0.709 0.924 0.901 0.717 0.301 0.207 0.078 -0.015 -0.188 -0.228 -0.461 -0.472 -0.616
0.00049103 -1.50000 9.75000 1.0106571913 2.4751192845    0.963  1.867  3.7425  2.477    4  0.000  0.461     0.00     0.00     0.00     0.00     0.00 -1    -1e-30      0.00 7.341e-01 2.654e-01 7.529e-05 3.718e-05 2.178e-04 -1.000 4.940e-04 0.103 3.559 3.059 1.963 1.105 0.704 0.918 0.896 0.712 0.297 0.204 0.076 -0.017 -0.190 -0.230 -0.463 -0.473 -0.617
0.00049103 -1.50000 9.75000 1.0107820034 2.4751447784    0.963  1.867  3.7430  2.478    4  0.000  0.461     0.00     0.00     0.00     0.00     0.00 -1    -1e-30      0.00 7.341e-01 2.654e-01 7.528e-05 3.719e-05 2.178e-04 -1.000 4.941e-04 0.101 3.550 3.042 1.952 1.099 0.699 0.912 0.890 0.707 0.294 0.200 0.073 -0.020 -0.192 -0.232 -0.464 -0.474 -0.617
0.00049103 -1.50000 9.75000 1.0109136105 2.4751716523    0.963  1.868  3.7436  2.479    4  0.000  0.461     0.00     0.00     0.00     0.00     0.00 -1    -1e-30      0.00 7.341e-01 2.654e-01 7.527e-05 3.720e-05 2.178e-04 -1.000 4.941e-04 0.099 3.541 3.026 1.941 1.092 0.693 0.905 0.884 0.702 0.290 0.197 0.070 -0.022 -0.194 -0.234 -0.466 -0.476 -0.619
0.00049103 -1.50000 9.75000 1.0110487938 2.4751992482    0.963  1.869  3.7441  2.481    4  0.000  0.461     0.00     0.00     0.00     0.00     0.00 -1    -1e-30      0.00 7.341e-01 2.654e-01 7.525e-05 3.721e-05 2.178e-04 -1.000 4.941e-04 0.096 3.532 3.009 1.929 1.085 0.688 0.899 0.878 0.697 0.286 0.194 0.067 -0.025 -0.197 -0.237 -0.468 -0.478 -0.620
0.00049103 -1.50000 9.75000 1.0111709833 2.4752241842    0.963  1.870  3.7446  2.482    4  0.000  0.461     0.00     0.00     0.00     0.00     0.00 -1    -1e-30      0.00 7.341e-01 2.654e-01 7.525e-05 3.722e-05 2.178e-04 -1.000 4.940e-04 0.094 3.524 2.995 1.920 1.079 0.683 0.893 0.873 0.692 0.283 0.190 0.064 -0.028 -0.199 -0.239 -0.469 -0.479 -0.621
0.00049103 -1.50000 9.75000 1.0112594366 2.4752422312    0.963  1.871  3.7449  2.482    4  0.000  0.461     0.00     0.00     0.00     0.00     0.00 -1    -1e-30      0.00 7.341e-01 2.654e-01 7.524e-05 3.723e-05 2.178e-04 -1.000 4.941e-04 0.092 3.518 2.985 1.913 1.075 0.680 0.890 0.869 0.689 0.281 0.188 0.062 -0.030 -0.201 -0.241 -0.471 -0.481 -0.622
0.00049103 -1.50000 9.75000 1.0112999678 2.4752504994    0.963  1.871  3.7450  2.482    4  0.000  0.461     0.00     0.00     0.00     0.00     0.00 -1    -1e-30      0.00 7.341e-01 2.654e-01 7.524e-05 3.723e-05 2.178e-04 -1.000 4.941e-04 0.091 3.516 2.981 1.910 1.073 0.679 0.888 0.867 0.687 0.279 0.187 0.061 -0.031 -0.202 -0.241 -0.471 -0.481 -0.623
0.00049103 -1.50000 9.75000 1.0114287138 2.4752767583    0.963  1.873  3.7454  2.483    4  0.000  0.461     0.00     0.00     0.00     0.00     0.00 -1    -1e-30      0.00 7.341e-01 2.654e-01 7.523e-05 3.725e-05 2.178e-04 -1.000 4.941e-04 0.089 3.508 2.968 1.901 1.067 0.674 0.882 0.862 0.683 0.276 0.183 0.057 -0.034 -0.205 -0.244 -0.474 -0.483 -0.625
0.00049103 -1.50000 9.75000 1.0115540028 2.4753023047    0.964  1.874  3.7457  2.483    4  0.000  0.461     0.00     0.00     0.00     0.00     0.00 -1    -1e-30      0.00 7.341e-01 2.654e-01 7.522e-05 3.726e-05 2.178e-04 -1.000 4.941e-04 0.086 3.502 2.958 1.893 1.062 0.670 0.877 0.857 0.678 0.272 0.180 0.054 -0.037 -0.207 -0.247 -0.476 -0.486 -0.627
0.00049103 -1.50000 9.75000 1.0116776228 2.4753275037    0.964  1.875  3.7460  2.483    4  0.000  0.461     0.00     0.00     0.00     0.00     0.00 -1    -1e-30      0.00 7.341e-01 2.654e-01 7.521e-05 3.727e-05 2.178e-04 -1.000 4.940e-04 0.083 3.496 2.948 1.887 1.057 0.665 0.872 0.853 0.674 0.268 0.176 0.051 -0.040 -0.210 -0.250 -0.479 -0.488 -0.629
0.00049103 -1.50000 9.75000 1.0118050575 2.4753534728    0.964  1.876  3.7462  2.482    4  0.000  0.460     0.00     0.00     0.00     0.00     0.00 -1    -1e-30      0.00 7.341e-01 2.654e-01 7.520e-05 3.728e-05 2.178e-04 -1.000 4.941e-04 0.079 3.490 2.941 1.881 1.052 0.661 0.868 0.848 0.669 0.264 0.172 0.047 -0.044 -0.214 -0.253 -0.482 -0.492 -0.632
0.00049103 -1.50000 9.75000 1.0119282007 2.4753785603    0.964  1.878  3.7462  2.481    4  0.000  0.460     0.00     0.00     0.00     0.00     0.00 -1    -1e-30      0.00 7.341e-01 2.654e-01 7.519e-05 3.729e-05 2.178e-04 -1.000 4.941e-04 0.075 3.485 2.936 1.876 1.048 0.657 0.863 0.844 0.665 0.260 0.168 0.043 -0.048 -0.218 -0.257 -0.486 -0.496 -0.636
0.00049103 -1.50000 9.75000 1.0120502710 2.4754034222    0.964  1.880  3.7462  2.480    4  0.000  0.460     0.00     0.00     0.00     0.00     0.00 -1    -1e-30      0.00 7.341e-01 2.654e-01 7.518e-05 3.730e-05 2.178e-04 -1.000 4.940e-04 0.071 3.481 2.932 1.872 1.044 0.653 0.859 0.839 0.661 0.256 0.164 0.039 -0.052 -0.222 -0.261 -0.490 -0.500 -0.640
0.00049103 -1.50000 9.75000 1.0121743679 2.4754286899    0.964  1.881  3.7461  2.477    4  0.000  0.460     0.00     0.00     0.00     0.00     0.00 -1    -1e-30      0.00 7.341e-01 2.654e-01 7.517e-05 3.731e-05 2.178e-04 -1.000 4.941e-04 0.067 3.478 2.931 1.870 1.041 0.650 0.855 0.835 0.657 0.252 0.160 0.034 -0.057 -0.227 -0.266 -0.495 -0.504 -0.645
0.00049103 -1.50000 9.75000 1.0121864080 2.4754311410    0.964  1.882  3.7461  2.477    4  0.000  0.460     0.00     0.00     0.00     0.00     0.00 -1    -1e-30      0.00 7.341e-01 2.654e-01 7.517e-05 3.732e-05 2.178e-04 -1.000 4.941e-04 0.066 3.478 2.931 1.870 1.041 0.649 0.855 0.835 0.656 0.251 0.159 0.034 -0.057 -0.227 -0.267 -0.495 -0.505 -0.645
0.00049103 -1.50000 9.75000 1.0122784376 2.4754498742    0.964  1.883  3.7460  2.475    4  0.000  0.460     0.00     0.00     0.00     0.00     0.00 -1    -1e-30      0.00 7.341e-01 2.654e-01 7.516e-05 3.732e-05 2.178e-04 -1.000 4.941e-04 0.062 3.476 2.932 1.869 1.038 0.647 0.852 0.832 0.653 0.248 0.156 0.030 -0.061 -0.231 -0.271 -0.499 -0.509 -0.650
0.00049103 -1.50000 9.75000 1.0123934746 2.4754732852    0.965  1.885  3.7457  2.472    4  0.000  0.460     0.00     0.00     0.00     0.00     0.00 -1    -1e-30      0.00 7.341e-01 2.655e-01 7.515e-05 3.733e-05 2.178e-04 -1.000 4.941e-04 0.057 3.475 2.935 1.869 1.036 0.643 0.848 0.828 0.649 0.243 0.151 0.025 -0.066 -0.237 -0.276 -0.505 -0.515 -0.656
0.00049103 -1.50000 9.75000 1.0125068426 2.4754963506    0.965  1.888  3.7454  2.468    4  0.000  0.460     0.00     0.00     0.00     0.00     0.00 -1    -1e-30      0.00 7.340e-01 2.655e-01 7.514e-05 3.734e-05 2.178e-04 -1.000 4.941e-04 0.051 3.473 2.938 1.869 1.033 0.640 0.845 0.824 0.645 0.238 0.145 0.019 -0.072 -0.242 -0.282 -0.511 -0.521 -0.663
0.00049103 -1.50000 9.75000 1.0126235485 2.4755200889    0.965  1.890  3.7450  2.464    4  0.000  0.460     0.00     0.00     0.00     0.00     0.00 -1    -1e-30      0.00 7.340e-01 2.655e-01 7.513e-05 3.736e-05 2.178e-04 -1.000 4.940e-04 0.045 3.472 2.942 1.870 1.030 0.636 0.841 0.820 0.640 0.232 0.140 0.013 -0.078 -0.249 -0.289 -0.519 -0.528 -0.670
0.00049103 -1.50000 9.75000 1.0127390623 2.4755435786    0.965  1.894  3.7441  2.457    4  0.000  0.460     0.00     0.00     0.00     0.00     0.00 -1    -1e-30      0.00 7.340e-01 2.655e-01 7.512e-05 3.737e-05 2.178e-04 -1.000 4.940e-04 0.035 3.474 2.957 1.876 1.029 0.632 0.838 0.816 0.635 0.225 0.132 0.005 -0.087 -0.258 -0.298 -0.529 -0.539 -0.681
0.00049103 -1.50000 9.75000 1.0128535032 2.4755668440    0.965  1.898  3.7432  2.449    4  0.000  0.460     0.00     0.00     0.00     0.00     0.00 -1    -1e-30      0.00 7.340e-01 2.655e-01 7.512e-05 3.738e-05 2.178e-04 -1.000 4.941e-04 0.025 3.475 2.972 1.882 1.027 0.627 0.834 0.811 0.629 0.216 0.123 -0.005 -0.097 -0.269 -0.309 -0.541 -0.551 -0.694
0.00049103 -1.50000 9.75000 1.0129662752 2.4755897641    0.965  1.903  3.7422  2.441    4  0.000  0.460     0.00     0.00     0.00     0.00     0.00 -1    -1e-30      0.00 7.340e-01 2.655e-01 7.511e-05 3.739e-05 2.178e-04 -1.000 4.941e-04 0.013 3.476 2.989 1.888 1.025 0.622 0.829 0.806 0.622 0.207 0.113 -0.015 -0.108 -0.281 -0.321 -0.554 -0.564 -0.708
0.00049103 -1.50000 9.75000 1.0130798817 2.4756128480    0.965  1.908  3.7411  2.431    4  0.000  0.460     0.00     0.00     0.00     0.00     0.00 -1    -1e-30      0.00 7.340e-01 2.655e-01 7.510e-05 3.740e-05 2.178e-04 -1.000 4.941e-04 0.000 3.478 3.006 1.895 1.022 0.616 0.824 0.799 0.614 0.196 0.102 -0.027 -0.120 -0.294 -0.335 -0.569 -0.579 -0.724
0.00049103 -1.50000 9.75000 1.0131968260 2.4756366038    0.965  1.914  3.7398  2.420    4  0.000  0.460     0.00     0.00     0.00     0.00     0.00 -1    -1e-30      0.00 7.340e-01 2.655e-01 7.509e-05 3.741e-05 2.178e-04 -1.000 4.940e-04 -0.015 3.479 3.029 1.904 1.020 0.610 0.817 0.792 0.605 0.183 0.089 -0.041 -0.135 -0.310 -0.351 -0.586 -0.596 -0.742
0.00049103 -1.50000 9.75000 1.0133119822 2.4756599903    0.966  1.922  3.7383  2.406    4  0.000  0.460     0.00     0.00     0.00     0.00     0.00 -1    -1e-30      0.00 7.340e-01 2.655e-01 7.508e-05 3.742e-05 2.178e-04 -1.000 4.940e-04 -0.034 3.479 3.064 1.921 1.021 0.605 0.810 0.782 0.593 0.167 0.072 -0.059 -0.153 -0.329 -0.370 -0.607 -0.618 -0.765
0.00049103 -1.50000 9.75000 1.0134276152 2.4756834674    0.966  1.933  3.7362  2.387    4  0.000  0.460     0.00     0.00     0.00     0.00     0.00 -1    -1e-30      0.00 7.340e-01 2.655e-01 7.507e-05 3.743e-05 2.178e-04 -1.000 4.941e-04 -0.062 3.478 3.112 1.942 1.020 0.598 0.799 0.768 0.576 0.144 0.048 -0.085 -0.180 -0.357 -0.399 -0.638 -0.649 -0.798
0.00049103 -1.50000 9.75000 1.0135408640 2.4757064546    0.966  1.954  3.7326  2.351    4  0.000  0.460     0.00     0.00     0.00     0.00     0.00 -1    -1e-30      0.00 7.340e-01 2.655e-01 7.506e-05 3.744e-05 2.178e-04 -1.000 4.941e-04 -0.116 3.471 3.188 1.973 1.014 0.579 0.774 0.738 0.541 0.098 0.000 -0.135 -0.231 -0.412 -0.454 -0.697 -0.708 -0.861
0.00049103 -1.50000 9.75000 1.0136293173 2.4757244046    0.966  1.988  3.7275  2.297    4  0.000  0.460     0.00     0.00     0.00     0.00     0.00 -1    -1e-30      0.00 7.340e-01 2.655e-01 7.506e-05 3.745e-05 2.178e-04 -1.000 4.940e-04 -0.200 3.447 3.295 2.014 1.000 0.549 0.732 0.688 0.483 0.025 -0.075 -0.213 -0.312 -0.496 -0.540 -0.788 -0.800 -0.957
0.00049103 -1.50000 9.75000 1.0136677027 2.4757321931    0.966  2.027  3.7226  2.239    4  0.000  0.460     0.00     0.00     0.00     0.00     0.00 -1    -1e-30      0.00 7.340e-01 2.655e-01 7.505e-05 3.745e-05 2.178e-04 -1.000 4.941e-04 -0.297 3.405 3.397 2.046 0.976 0.508 0.679 0.626 0.413 -0.060 -0.162 -0.304 -0.404 -0.593 -0.637 -0.891 -0.903 -1.065
0.00049103 -1.50000 9.75000 1.0136811733 2.4757349262    0.966  2.067  3.7181  2.180    4  0.000  0.460     0.00     0.00     0.00     0.00     0.00 -1    -1e-30      0.00 7.340e-01 2.655e-01 7.505e-05 3.745e-05 2.178e-04 -1.000 4.941e-04 -0.399 3.349 3.482 2.067 0.944 0.461 0.618 0.557 0.336 -0.150 -0.255 -0.400 -0.502 -0.694 -0.740 -0.999 -1.011 -1.177
0.00049103 -1.50000 9.75000 1.0136861801 2.4757359420    0.966  2.104  3.7145  2.129    4  0.000  0.460     0.00     0.00     0.00     0.00     0.00 -1    -1e-30      0.00 7.340e-01 2.655e-01 7.505e-05 3.745e-05 2.178e-04 -1.000 4.941e-04 -0.490 3.291 3.547 2.077 0.911 0.416 0.561 0.493 0.266 -0.232 -0.338 -0.486 -0.589 -0.784 -0.831 -1.093 -1.106 -1.276
0.00049103 -1.50000 9.75000 1.0136864185 2.4757359904    0.966  2.107  3.7143  2.125    7  0.000  0.460     0.00     0.00     0.00     0.00     0.00 -1    -1e-30      0.00 7.340e-01 2.655e-01 7.505e-05 3.745e-05 2.178e-04 -1.000 4.941e-04 -0.497 3.286 3.552 2.077 0.908 0.412 0.556 0.487 0.260 -0.239 -0.345 -0.493 -0.597 -0.792 -0.839 -1.101 -1.114 -1.284
0.00049103 -1.50000 9.75000 1.0136871338 2.4757361355    0.966  2.116  3.7135  2.113    7  0.000  0.460     0.00     0.00     0.00     0.00     0.00 -1    -1e-30      0.00 7.340e-01 2.655e-01 7.505e-05 3.745e-05 2.178e-04 -1.000 4.941e-04 -0.520 3.271 3.564 2.077 0.898 0.399 0.541 0.471 0.242 -0.259 -0.366 -0.514 -0.619 -0.814 -0.861 -1.125 -1.138 -1.309
0.00049103 -1.50000 9.75000 1.0136899948 2.4757367159    0.966  2.163  3.7098  2.051    7  0.000  0.460     0.00     0.00     0.00     0.00     0.00 -1    -1e-30      0.00 7.340e-01 2.655e-01 7.505e-05 3.745e-05 2.178e-04 -1.000 4.941e-04 -0.637 3.189 3.614 2.069 0.844 0.333 0.461 0.383 0.148 -0.366 -0.474 -0.625 -0.731 -0.930 -0.978 -1.246 -1.259 -1.433
0.00049103 -1.50000 9.75000 1.0136922598 2.4757371755    0.966  2.203  3.7068  1.999    7  0.000  0.460     0.00     0.00     0.00     0.00     0.00 -1    -1e-30      0.00 7.340e-01 2.655e-01 7.505e-05 3.745e-05 2.178e-04 -1.000 4.941e-04 -0.739 3.112 3.660 2.063 0.798 0.276 0.391 0.306 0.065 -0.458 -0.568 -0.722 -0.829 -1.030 -1.079 -1.350 -1.364 -1.541
0.00049103 -1.50000 9.75000 1.0136945248 2.4757376350    0.966  2.244  3.7039  1.947    7  0.000  0.460     0.00     0.00     0.00     0.00     0.00 -1    -1e-30      0.00 7.340e-01 2.655e-01 7.505e-05 3.745e-05 2.178e-04 -1.000 4.941e-04 -0.839 3.037 3.721 2.069 0.758 0.226 0.323 0.231 -0.016 -0.550 -0.661 -0.817 -0.925 -1.129 -1.179 -1.453 -1.467 -1.647
0.00049103 -1.50000 9.75000 1.0136976242 2.4757382638    0.966  2.288  3.7009  1.891    7  0.000  0.460     0.00     0.00     0.00     0.00     0.00 -1    -1e-30      0.00 7.340e-01 2.655e-01 7.505e-05 3.745e-05 2.178e-04 -1.000 4.941e-04 -0.949 2.953 3.784 2.073 0.713 0.169 0.249 0.149 -0.105 -0.650 -0.763 -0.922 -1.031 -1.238 -1.288 -1.566 -1.580 -1.764
0.00049103 -1.50000 9.75000 1.0137037039 2.4757394972    0.966  2.272  3.7022  1.912    7  0.000  0.460     0.00     0.00     0.00     0.00     0.00 -1    -1e-30      0.00 7.340e-01 2.655e-01 7.505e-05 3.745e-05 2.178e-04 -1.000 4.941e-04 -0.909 2.982 3.752 2.066 0.726 0.187 0.274 0.177 -0.074 -0.614 -0.726 -0.884 -0.993 -1.198 -1.248 -1.524 -1.539 -1.721
0.00049103 -1.50000 9.75000 1.0137106180 2.4757409000    0.966  2.240  3.7044  1.953    7  0.000  0.460     0.00     0.00     0.00     0.00     0.00 -1    -1e-30      0.00 7.340e-01 2.655e-01 7.505e-05 3.746e-05 2.178e-04 -1.000 4.940e-04 -0.829 3.042 3.704 2.061 0.758 0.227 0.327 0.237 -0.009 -0.541 -0.652 -0.808 -0.916 -1.119 -1.169 -1.442 -1.456 -1.636
0.00049103 -1.50000 9.75000 1.0137581825 2.4757505491    0.966  2.227  3.7051  1.968    7  0.000  0.460     0.00     0.00     0.00     0.00     0.00 -1    -1e-30      0.00 7.340e-01 2.655e-01 7.505e-05 3.746e-05 2.178e-04 -1.000 4.941e-04 -0.798 3.068 3.698 2.068 0.775 0.247 0.351 0.263 0.018 -0.512 -0.623 -0.778 -0.885 -1.088 -1.138 -1.411 -1.425 -1.604
0.00049103 -1.50000 9.75000 1.0137994289 2.4757589156    0.966  2.258  3.7027  1.928    7  0.000  0.460     0.00     0.00     0.00     0.00     0.00 -1    -1e-30      0.00 7.340e-01 2.655e-01 7.504e-05 3.746e-05 2.178e-04 -1.000 4.941e-04 -0.874 3.012 3.752 2.077 0.748 0.211 0.302 0.207 -0.042 -0.581 -0.692 -0.849 -0.958 -1.163 -1.213 -1.489 -1.503 -1.685
0.00049103 -1.50000 9.75000 1.0138415098 2.4757674506    0.966  2.298  3.6998  1.876    7  0.000  0.459     0.00     0.00     0.00     0.00     0.00 -1    -1e-30      0.00 7.340e-01 2.655e-01 7.504e-05 3.747e-05 2.178e-04 -1.000 4.941e-04 -0.976 2.935 3.816 2.085 0.708 0.160 0.235 0.132 -0.124 -0.673 -0.786 -0.946 -1.056 -1.263 -1.314 -1.593 -1.608 -1.792
0.00049103 -1.50000 9.75000 1.0138826370 2.4757757914    0.966  2.339  3.6969  1.823    7  0.000  0.459     0.00     0.00     0.00     0.00     0.00 -1    -1e-30      0.00 7.340e-01 2.655e-01 7.504e-05 3.747e-05 2.178e-04 -1.000 4.941e-04 -1.078 2.855 3.887 2.098 0.672 0.112 0.169 0.057 -0.205 -0.765 -0.880 -1.042 -1.153 -1.363 -1.415 -1.697 -1.712 -1.900
0.00049103 -1.50000 9.75000 1.0139198303 2.4757833337    0.966  2.380  3.6941  1.771    7  0.000  0.459     0.00     0.00     0.00     0.00     0.00 -1    -1e-30      0.00 7.340e-01 2.655e-01 7.503e-05 3.747e-05 2.178e-04 -1.000 4.941e-04 -1.181 2.773 3.953 2.108 0.633 0.063 0.102 -0.018 -0.287 -0.858 -0.974 -1.138 -1.251 -1.464 -1.516 -1.802 -1.817 -2.008
0.00049103 -1.50000 9.75000 1.0139528513 2.4757900294    0.966  2.422  3.6912  1.718    7  0.000  0.459     0.00     0.00     0.00     0.00     0.00 -1    -1e-30      0.00 7.340e-01 2.655e-01 7.503e-05 3.748e-05 2.178e-04 -1.000 4.940e-04 -1.284 2.690 4.021 2.120 0.596 0.015 0.036 -0.093 -0.368 -0.951 -1.068 -1.235 -1.349 -1.564 -1.617 -1.907 -1.922 -2.116
0.00049103 -1.50000 9.75000 1.0139816999 2.4757958787    0.966  2.463  3.6884  1.666    7  0.000  0.459     0.00     0.00     0.00     0.00     0.00 -1    -1e-30      0.00 7.340e-01 2.655e-01 7.502e-05 3.748e-05 2.178e-04 -1.000 4.941e-04 -1.387 2.608 4.091 2.136 0.562 -0.031 -0.028 -0.166 -0.448 -1.042 -1.161 -1.330 -1.446 -1.663 -1.717 -2.010 -2.026 -2.223
0.00049103 -1.50000 9.75000 1.0140072107 2.4758010508    0.966  2.504  3.6856  1.614    7  0.000  0.459     5.65     4.56     3.28     2.51     2.03  4    -1e-30      0.00 7.340e-01 2.655e-01 7.499e-05 3.749e-05 2.178e-04 -1.000 4.941e-04 -1.489 2.524 4.160 2.157 0.531 -0.072 -0.090 -0.237 -0.527 -1.132 -1.253 -1.425 -1.542 -1.762 -1.816 -2.113 -2.129 -2.330
0.00049103 -1.50000 9.75000 1.0140299797 2.4758056668    0.966  2.545  3.6827  1.561    7  0.000  0.458     6.30     5.02     3.59     2.75     2.23  4    -1e-30      0.00 7.340e-01 2.655e-01 7.483e-05 3.756e-05 2.178e-04 -1.000 4.941e-04 -1.592 2.441 4.188 2.215 0.535 -0.085 -0.137 -0.299 -0.601 -1.224 -1.347 -1.522 -1.641 -1.864 -1.919 -2.218 -2.235 -2.438
0.00049103 -1.50000 9.75000 1.0140506029 2.4758098476    0.966  2.585  3.6798  1.509    7  0.000  0.455     7.03     5.51     3.93     3.02     2.44  4    -1e-30      0.00 7.340e-01 2.655e-01 7.439e-05 3.791e-05 2.178e-04 -1.000 4.941e-04 -1.694 2.359 4.224 2.280 0.541 -0.095 -0.181 -0.359 -0.674 -1.315 -1.441 -1.619 -1.739 -1.965 -2.021 -2.324 -2.340 -2.546
0.00049103 -1.50000 9.75000 1.0140688419 2.4758135449    0.966  2.626  3.6770  1.457    7  0.000  0.450     7.84     6.05     4.30     3.30     2.68  3    -1e-30      0.00 7.340e-01 2.655e-01 7.349e-05 3.887e-05 2.178e-04 -1.000 4.941e-04 -1.794 2.277 4.270 2.363 0.559 -0.093 -0.217 -0.413 -0.741 -1.403 -1.531 -1.712 -1.835 -2.064 -2.120 -2.427 -2.444 -2.653
0.00049103 -1.50000 9.75000 1.0140858889 2.4758170005    0.966  2.666  3.6741  1.405    7  0.000  0.443     8.74     6.65     4.70     3.62     2.93  3    -1e-30      0.00 7.339e-01 2.656e-01 7.239e-05 4.020e-05 2.178e-04 -1.000 4.941e-04 -1.895 2.195 4.322 2.454 0.582 -0.086 -0.249 -0.463 -0.806 -1.489 -1.621 -1.806 -1.931 -2.163 -2.220 -2.530 -2.548 -2.760
0.00049103 -1.50000 9.75000 1.0141016245 2.4758201900    0.966  2.706  3.6712  1.354    7  0.000  0.437     9.74     7.30     5.14     3.96     3.21  3    -1e-30      0.00 7.339e-01 2.656e-01 7.136e-05 4.147e-05 2.178e-04 -1.000 4.941e-04 -1.996 2.114 4.380 2.553 0.611 -0.072 -0.274 -0.508 -0.868 -1.575 -1.709 -1.898 -2.026 -2.262 -2.320 -2.634 -2.652 -2.867
0.00049103 -1.50000 9.75000 1.0141166449 2.4758232345    0.966  2.746  3.6682  1.302    7  0.000  0.431    10.85     8.02     5.63     4.34     3.52  3    -1e-30      0.00 7.338e-01 2.657e-01 7.046e-05 4.257e-05 2.178e-04 -1.000 4.941e-04 -2.096 2.034 4.445 2.665 0.650 -0.049 -0.293 -0.549 -0.925 -1.658 -1.795 -1.989 -2.119 -2.359 -2.418 -2.736 -2.754 -2.973
0.00049103 -1.50000 9.75000 1.0141309500 2.4758261340    0.966  2.786  3.6652  1.249    7  0.000  0.427    12.10     8.82     6.16     4.76     3.86  3    -1e-30      0.00 7.338e-01 2.657e-01 6.968e-05 4.353e-05 2.178e-04 -1.000 4.941e-04 -2.196 1.954 4.516 2.787 0.696 -0.018 -0.307 -0.585 -0.980 -1.739 -1.880 -2.079 -2.212 -2.456 -2.516 -2.838 -2.856 -3.079
0.00049103 -1.50000 9.75000 1.0141440630 2.4758287917    0.967  2.826  3.6622  1.198    7  0.000  0.422    13.49     9.68     6.73     5.21     4.23  3    -1e-30      0.00 7.337e-01 2.658e-01 6.899e-05 4.437e-05 2.177e-04 -1.000 4.941e-04 -2.296 1.875 4.593 2.914 0.746 0.019 -0.315 -0.617 -1.031 -1.819 -1.964 -2.167 -2.303 -2.552 -2.613 -2.939 -2.958 -3.184
0.00049103 -1.50000 9.75000 1.0141563416 2.4758312802    0.967  2.866  3.6592  1.147    7  0.000  0.419    15.01    10.62     7.35     5.70     4.62  3    -1e-30      0.00 7.337e-01 2.658e-01 6.837e-05 4.514e-05 2.177e-04 -1.000 4.941e-04 -2.394 1.798 4.669 3.048 0.804 0.063 -0.316 -0.642 -1.078 -1.895 -2.045 -2.253 -2.392 -2.645 -2.707 -3.038 -3.057 -3.287
0.00049103 -1.50000 9.75000 1.0141689777 2.4758338411    0.967  2.905  3.6561  1.094    7  0.000  0.415    16.74    11.67     8.04     6.24     5.07  2    -1e-30      0.00 7.336e-01 2.659e-01 6.781e-05 4.583e-05 2.176e-04 -1.000 4.941e-04 -2.493 1.718 4.749 3.155 0.840 0.090 -0.326 -0.674 -1.127 -1.970 -2.123 -2.337 -2.478 -2.736 -2.799 -3.136 -3.155 -3.389
0.00049103 -1.50000 9.75000 1.0141812563 2.4758363295    0.967  2.946  3.6529  1.041    7  0.000  0.413    18.72    12.85     8.82     6.86     5.57  2    -1e-30      0.00 7.336e-01 2.659e-01 6.734e-05 4.643e-05 2.175e-04 -1.000 4.941e-04 -2.595 1.635 4.838 3.241 0.857 0.098 -0.347 -0.713 -1.181 -2.046 -2.203 -2.422 -2.565 -2.828 -2.892 -3.234 -3.254 -3.492
0.00049103 -1.50000 9.75000 1.0141924620 2.4758386004    0.967  2.988  3.6496  0.985    7  0.000  0.410    21.03    14.22     9.71     7.56     6.14  2    -1e-30      0.00 7.335e-01 2.660e-01 6.692e-05 4.698e-05 2.174e-04 -1.000 4.940e-04 -2.701 1.549 4.930 3.333 0.878 0.111 -0.365 -0.750 -1.234 -2.124 -2.285 -2.508 -2.655 -2.922 -2.988 -3.336 -3.356 -3.599
0.00049103 -1.50000 9.75000 1.0142015219 2.4758404364    0.967  3.032  3.6461  0.928    7  0.000  0.409    23.72    15.77    10.73     8.36     6.79  2    -1e-30      0.00 7.334e-01 2.661e-01 6.656e-05 4.754e-05 2.171e-04 -1.000 4.942e-04 -2.810 1.462 5.005 3.432 0.906 0.132 -0.374 -0.779 -1.282 -2.200 -2.364 -2.594 -2.743 -3.017 -3.084 -3.439 -3.460 -3.708
0.00049103 -1.50000 9.75000 1.0142083168 2.4758418134    0.967  3.072  3.6429  0.875    7  0.000  0.407    26.49    17.36    11.75     9.17     7.45  2    -1e-30      0.00 7.334e-01 2.661e-01 6.627e-05 4.805e-05 2.168e-04 -1.000 4.941e-04 -2.910 1.381 5.076 3.523 0.933 0.152 -0.381 -0.806 -1.326 -2.269 -2.437 -2.673 -2.825 -3.104 -3.173 -3.534 -3.555 -3.808
0.00049103 -1.50000 9.75000 1.0142149925 2.4758431662    0.967  3.113  3.6395  0.820    7  0.000  0.407    29.71    19.16    12.92    10.10     8.21  2    -1e-30      0.00 7.333e-01 2.662e-01 6.605e-05 4.853e-05 2.166e-04 -1.000 4.941e-04 -3.013 1.299 5.147 3.619 0.963 0.175 -0.387 -0.831 -1.369 -2.339 -2.511 -2.754 -2.908 -3.193 -3.263 -3.631 -3.653 -3.911
0.00049103 -1.50000 9.75000 1.0142202377 2.4758442291    0.967  3.151  3.6363  0.769    7  0.000  0.406    33.05    21.01    14.11    11.04     8.98  2    -1e-30      0.00 7.332e-01 2.663e-01 6.587e-05 4.897e-05 2.163e-04 -1.000 4.941e-04 -3.108 1.223 5.190 3.708 0.992 0.199 -0.385 -0.848 -1.403 -2.401 -2.576 -2.825 -2.982 -3.273 -3.345 -3.719 -3.742 -4.005
0.00049103 -1.50000 9.75000 1.0142259598 2.4758453886    0.967  3.199  3.6322  0.705    7  0.000  0.406    37.78    23.59    15.76    12.35    10.04  2    -1e-30      0.00 7.332e-01 2.663e-01 6.572e-05 4.937e-05 2.160e-04 -1.000 4.941e-04 -3.228 1.129 5.243 3.823 1.031 0.232 -0.379 -0.866 -1.444 -2.476 -2.656 -2.913 -3.073 -3.372 -3.446 -3.829 -3.852 -4.123
0.00049103 -1.50000 9.75000 1.0142285824 2.4758459200    0.967  3.269  3.6262  0.611    7  0.000  0.405    46.01    27.97    18.54    14.57    11.85  1    -1e-30      0.00 7.330e-01 2.665e-01 6.536e-05 5.049e-05 2.152e-04 -1.000 4.940e-04 -3.403 0.992 5.301 3.987 1.088 0.282 -0.368 -0.889 -1.501 -2.583 -2.770 -3.040 -3.204 -3.515 -3.593 -3.988 -4.013 -4.294
0.00049103 -1.50000 9.75000 1.0142292976 2.4758460650    0.967  3.306  3.6229  0.561    7  0.000  0.404    51.09    30.62    20.22    15.91    12.94  1    -1e-30      0.00 7.330e-01 2.665e-01 6.515e-05 5.120e-05 2.147e-04 -1.000 4.941e-04 -3.495 0.922 5.326 4.076 1.120 0.311 -0.358 -0.898 -1.527 -2.637 -2.827 -3.104 -3.271 -3.588 -3.668 -4.071 -4.096 -4.383
0.00049103 -1.50000 9.75000 1.0142296553 2.4758461374    0.967  3.315  3.6222  0.549    7  0.549  0.405    52.41    31.30    20.64    16.25    13.22  1    -1e-30      0.00 7.330e-01 2.666e-01 6.510e-05 5.141e-05 2.145e-04 -1.000 4.941e-04 -3.518 0.904 5.331 4.096 1.127 0.317 -0.356 -0.900 -1.534 -2.650 -2.842 -3.120 -3.288 -3.607 -3.686 -4.091 -4.116 -4.405
0.00049103 -1.50000 9.75000 1.0142298937 2.4758461857    0.967  3.317  3.6220  0.546    7  0.549  0.404    52.66    31.44    20.73    16.32    13.28  1    -1e-30      0.00 7.330e-01 2.666e-01 6.507e-05 5.150e-05 2.145e-04 -1.000 4.941e-04 -3.523 0.900 5.331 4.099 1.127 0.317 -0.356 -0.901 -1.536 -2.653 -2.845 -3.124 -3.292 -3.610 -3.691 -4.096 -4.121 -4.409
0.00049103 -1.50000 9.75000 1.0142300129 2.4758462099    0.896  3.412  3.6097  0.370    8  0.549  0.391    75.03    42.43    27.56    21.85    17.78  1 -7.12e-07      0.00 7.292e-01 2.704e-01 6.301e-05 5.858e-05 2.150e-04 -1.000 3.658e-04 -3.760 0.749 5.432 4.495 1.317 0.501 -0.178 -0.784 -1.489 -2.721 -2.927 -3.238 -3.415 -3.763 -3.851 -4.289 -4.316 -4.630
0.00049103 -1.50000 9.75000 1.0142300129 2.4758462099    0.895  3.264  3.6225  0.567    8  0.549  0.391    49.49    29.66    19.58    15.44    12.56  1 -3.61e-07      0.00 7.292e-01 2.704e-01 6.301e-05 5.858e-05 2.150e-04 -1.000 3.658e-04 -3.391 1.029 5.437 4.189 1.230 0.420 -0.248 -0.788 -1.418 -2.528 -2.719 -2.996 -3.164 -3.481 -3.560 -3.964 -3.989 -4.277
0.00049103 -1.50000 9.75000 1.0142301321 2.4758462341    0.894  3.140  3.6337  0.736    8  0.549  0.391    34.73    21.87    14.63    11.49     9.34  2 -2.01e-07      0.00 7.292e-01 2.704e-01 6.301e-05 5.858e-05 2.150e-04 -1.000 3.658e-04 -3.080 1.267 5.323 3.877 1.115 0.318 -0.282 -0.759 -1.328 -2.345 -2.523 -2.777 -2.936 -3.232 -3.305 -3.685 -3.707 -3.976
0.00049103 -1.50000 9.75000 1.0142302513 2.4758462582    0.890  2.924  3.6532  1.028    8  0.549  0.391    18.77    12.88     8.83     6.88     5.58  2 -7.02e-08      0.00 7.292e-01 2.704e-01 6.301e-05 5.858e-05 2.150e-04 -1.000 3.658e-04 -2.541 1.689 4.894 3.300 0.915 0.157 -0.292 -0.658 -1.127 -1.993 -2.150 -2.368 -2.512 -2.775 -2.839 -3.180 -3.200 -3.438
0.00049103 -1.50000 9.75000 1.0142304897 2.4758463065    0.886  2.926  3.6529  1.023    8  0.549  0.391    18.96    12.99     8.90     6.94     5.63  2 -7.21e-08      0.00 7.292e-01 2.704e-01 6.301e-05 5.858e-05 2.150e-04 -1.000 3.658e-04 -2.546 1.685 4.906 3.312 0.921 0.162 -0.290 -0.658 -1.128 -1.996 -2.153 -2.372 -2.516 -2.779 -2.843 -3.185 -3.205 -3.443
0.00049103 -1.50000 9.75000 1.0142308474 2.4758463790    0.880  3.008  3.6454  0.908    8  0.549  0.391    24.09    15.96    10.83     8.47     6.87  2 -1.11e-07      0.00 7.292e-01 2.704e-01 6.301e-05 5.858e-05 2.150e-04 -1.000 3.658e-04 -2.750 1.526 5.111 3.544 1.002 0.226 -0.288 -0.699 -1.207 -2.132 -2.298 -2.530 -2.679 -2.955 -3.022 -3.378 -3.399 -3.649
0.00049103 -1.50000 9.75000 1.0142312050 2.4758464515    0.873  3.155  3.6318  0.703    8  0.549  0.391    36.99    23.07    15.39    12.11     9.83  1 -2.33e-07      0.00 7.292e-01 2.704e-01 6.301e-05 5.858e-05 2.150e-04 -1.000 3.658e-04 -3.118 1.241 5.366 3.950 1.153 0.353 -0.260 -0.749 -1.328 -2.363 -2.543 -2.801 -2.961 -3.261 -3.335 -3.718 -3.742 -4.013
0.00049103 -1.50000 9.75000 1.0142315626 2.4758465239    0.865  3.286  3.6198  0.521    8  0.549  0.391    54.21    32.00    21.03    16.63    13.52  1 -4.45e-07      0.00 7.292e-01 2.704e-01 6.301e-05 5.858e-05 2.150e-04 -1.000 3.657e-04 -3.444 0.993 5.480 4.289 1.282 0.470 -0.214 -0.770 -1.415 -2.549 -2.743 -3.027 -3.196 -3.519 -3.600 -4.010 -4.036 -4.328
0.00049103 -1.50000 9.75000 1.0142320395 2.4758466206    0.855  3.371  3.6119  0.399    8  0.549  0.391    69.89    39.76    25.87    20.53    16.70  1 -6.83e-07      0.00 7.292e-01 2.704e-01 6.301e-05 5.858e-05 2.150e-04 -1.000 3.658e-04 -3.657 0.837 5.483 4.492 1.349 0.534 -0.149 -0.745 -1.438 -2.649 -2.853 -3.158 -3.333 -3.676 -3.763 -4.194 -4.221 -4.530
0.00049103 -1.50000 9.75000 1.0142325163 2.4758467172    0.845  3.415  3.6077  0.333    8  0.550  0.391    80.18    44.68    28.91    23.00    18.71  1 -8.68e-07      0.00 7.292e-01 2.704e-01 6.301e-05 5.858e-05 2.150e-04 -1.000 3.658e-04 -3.767 0.758 5.474 4.597 1.383 0.569 -0.104 -0.721 -1.440 -2.694 -2.903 -3.220 -3.399 -3.753 -3.844 -4.288 -4.316 -4.634
0.00049103 -1.50000 9.75000 1.0142331123 2.4758468380    0.833  3.434  3.6057  0.300    8  0.550  0.391    85.73    47.25    30.49    24.28    19.75  1 -9.88e-07      0.00 7.292e-01 2.704e-01 6.301e-05 5.858e-05 2.150e-04 -1.000 3.657e-04 -3.814 0.726 5.472 4.651 1.403 0.590 -0.077 -0.703 -1.435 -2.710 -2.921 -3.245 -3.425 -3.785 -3.877 -4.327 -4.356 -4.678
0.00049103 -1.50000 9.75000 1.0142338276 2.4758469829    0.821  3.443  3.6046  0.280    8  0.550  0.391    89.14    48.78    31.42    25.05    20.38  1 -1.08e-06      0.00 7.292e-01 2.704e-01 6.301e-05 5.858e-05 2.150e-04 -1.000 3.657e-04 -3.836 0.712 5.476 4.687 1.420 0.607 -0.055 -0.688 -1.426 -2.714 -2.927 -3.254 -3.435 -3.797 -3.891 -4.344 -4.373 -4.698
0.00049103 -1.50000 9.75000 1.0142338276 2.4758469829    0.820  3.347  3.6133  0.410    8  0.550  0.391    67.69    38.55    25.09    19.94    16.21  1 -6.98e-07      0.00 7.292e-01 2.704e-01 6.301e-05 5.858e-05 2.150e-04 -1.000 3.657e-04 -3.597 0.888 5.514 4.493 1.371 0.556 -0.128 -0.719 -1.406 -2.606 -2.809 -3.110 -3.285 -3.625 -3.711 -4.139 -4.166 -4.472
0.00049103 -1.50000 9.75000 1.0142340660 2.4758470312    0.817  3.176  3.6287  0.641    8  0.550  0.391    41.48    25.35    16.82    13.28    10.78  1 -3.16e-07      0.00 7.292e-01 2.704e-01 6.301e-05 5.858e-05 2.150e-04 -1.000 3.657e-04 -3.169 1.211 5.450 4.092 1.234 0.431 -0.205 -0.714 -1.313 -2.377 -2.561 -2.826 -2.989 -3.295 -3.371 -3.762 -3.786 -4.062
0.00049103 -1.50000 9.75000 1.0142341852 2.4758470554    0.813  2.961  3.6481  0.932    8  0.550  0.391    22.41    14.97    10.17     7.97     6.46  2 -1.13e-07      0.00 7.292e-01 2.704e-01 6.301e-05 5.858e-05 2.150e-04 -1.000 3.657e-04 -2.632 1.629 5.102 3.525 1.030 0.260 -0.236 -0.633 -1.130 -2.038 -2.200 -2.428 -2.576 -2.847 -2.914 -3.265 -3.286 -3.531
0.00049103 -1.50000 9.75000 1.0142345428 2.4758471278    0.807  2.964  3.6477  0.924    8  0.550  0.391    22.74    15.16    10.29     8.07     6.54  2 -1.17e-07      0.00 7.292e-01 2.704e-01 6.301e-05 5.858e-05 2.150e-04 -1.000 3.657e-04 -2.639 1.624 5.116 3.542 1.040 0.269 -0.231 -0.631 -1.130 -2.041 -2.204 -2.433 -2.581 -2.853 -2.919 -3.272 -3.292 -3.538
0.00049103 -1.50000 9.75000 1.0142350197 2.4758472244    0.799  3.046  3.6401  0.807    8  0.551  0.391    29.07    18.69    12.56     9.88     8.02  1 -1.82e-07      0.00 7.292e-01 2.704e-01 6.301e-05 5.858e-05 2.150e-04 -1.000 3.657e-04 -2.845 1.464 5.307 3.780 1.128 0.341 -0.222 -0.667 -1.204 -2.175 -2.347 -2.589 -2.743 -3.028 -3.098 -3.465 -3.487 -3.745
0.00049103 -1.50000 9.75000 1.0142354965 2.4758473211    0.790  3.193  3.6265  0.601    8  0.551  0.391    44.88    27.06    17.88    14.15    11.49  1 -3.82e-07      0.00 7.292e-01 2.704e-01 6.301e-05 5.858e-05 2.150e-04 -1.000 3.658e-04 -3.213 1.182 5.492 4.178 1.280 0.474 -0.176 -0.698 -1.311 -2.394 -2.581 -2.851 -3.015 -3.326 -3.403 -3.799 -3.823 -4.104
0.00049103 -1.50000 9.75000 1.0142360926 2.4758474419    0.779  3.323  3.6145  0.416    8  0.551  0.391    66.19    37.64    24.50    19.49    15.84  1 -7.35e-07      0.00 7.292e-01 2.704e-01 6.301e-05 5.858e-05 2.150e-04 -1.000 3.658e-04 -3.538 0.939 5.547 4.504 1.398 0.584 -0.102 -0.688 -1.370 -2.562 -2.764 -3.063 -3.237 -3.575 -3.660 -4.085 -4.112 -4.416
0.00049103 -1.50000 9.75000 1.0142368078 2.4758475868    0.767  3.409  3.6064  0.291    8  0.551  0.391    86.02    46.98    30.26    24.17    19.65  1 -1.15e-06      0.00 7.292e-01 2.704e-01 6.301e-05 5.858e-05 2.150e-04 -1.000 3.658e-04 -3.753 0.783 5.527 4.701 1.458 0.644 -0.022 -0.648 -1.379 -2.654 -2.865 -3.188 -3.368 -3.727 -3.819 -4.268 -4.297 -4.618
0.00049103 -1.50000 9.75000 1.0142375231 2.4758477317    0.753  3.454  3.6020  0.220    8  0.552  0.391    99.67    53.13    34.03    27.25    22.16  1 -1.49e-06      0.00 7.292e-01 2.704e-01 6.301e-05 5.858e-05 2.150e-04 -1.000 3.658e-04 -3.866 0.704 5.512 4.808 1.493 0.680 0.030 -0.616 -1.375 -2.696 -2.913 -3.250 -3.434 -3.804 -3.900 -4.362 -4.392 -4.723
0.00049103 -1.50000 9.75000 1.0142384768 2.4758479250    0.738  3.475  3.5998  0.182    8  0.552  0.391   107.81    56.66    36.16    29.01    23.58  1 -1.74e-06      0.00 7.292e-01 2.704e-01 6.301e-05 5.858e-05 2.150e-04 -1.000 3.658e-04 -3.918 0.670 5.509 4.870 1.518 0.705 0.067 -0.591 -1.364 -2.710 -2.929 -3.274 -3.459 -3.836 -3.934 -4.403 -4.434 -4.771
0.00049103 -1.50000 9.75000 1.0142394304 2.4758481182    0.721  3.486  3.5985  0.156    8  0.552  0.391   113.58    59.05    37.60    30.20    24.56  1 -1.96e-06      0.00 7.292e-01 2.704e-01 6.301e-05 5.858e-05 2.150e-04 -1.000 3.658e-04 -3.945 0.655 5.510 4.912 1.538 0.727 0.097 -0.567 -1.350 -2.712 -2.934 -3.283 -3.470 -3.851 -3.950 -4.424 -4.455 -4.795
0.00049103 -1.50000 9.75000 1.0142453909 2.4758493260    0.554 -9.999  4.0000  1.706    9  0.554  0.000     0.00     0.00     0.00     0.00     0.00 -1    -1e-30      0.00 7.292e-01 2.704e-01 6.301e-05 5.858e-05 2.150e-04 -1.000 3.658e-04 29.767 29.900 29.851 29.816 29.835 29.893 29.959 30.068 30.053 30.096 30.098 30.093 30.091 30.089 30.091 30.082 30.080 30.054
