 Zini     MH   logAge Mini        int_IMF         Mass   logL    logTe  logg  label   McoreTP C_O  period0  period1  period2  period3  period4  pmode  Mloss  tau1m   X   Y   Xc  Xn  Xo  Cexcess  Z 	 mbolmag  F170Wmag  F218Wmag  F255Wmag  F300Wmag  F336Wmag  F380Wmag  F439Wmag  F450Wmag  F555Wmag  F569Wmag  F606Wmag  F622Wmag  F675Wmag  F702Wmag  F791Wmag  F814Wmag  F850LPmag
0.0001957 -1.90000 9.35000 0.0903137773 1.0846886060    0.090 -3.192  3.4891  5.495    0  0.000  0.545     0.00     0.00     0.00     0.00     0.00 -1 -4.81e-17      0.00 7.503e-01 2.495e-01 3.540e-05 9.550e-06 8.661e-05 -1.000 1.969e-04 12.751 17.365 22.339 22.738 18.683 17.963 18.706 17.386 16.472 14.883 14.669 14.144 13.958 13.337 13.001 12.092 12.037 11.559
0.0001957 -1.90000 9.35000 0.0922682211 1.1030688538    0.092 -3.121  3.4997  5.474    0  0.000  0.545     0.00     0.00     0.00     0.00     0.00 -1 -5.75e-17      0.00 7.502e-01 2.496e-01 3.540e-05 9.550e-06 8.661e-05 -1.000 1.969e-04 12.572 17.171 22.138 22.381 18.383 17.625 18.135 16.927 16.086 14.517 14.303 13.825 13.630 13.074 12.768 11.915 11.864 11.410
0.0001957 -1.90000 9.35000 0.0931985676 1.1116412637    0.093 -3.086  3.5048  5.464    0  0.000  0.545     0.00     0.00     0.00     0.00     0.00 -1 -6.27e-17      0.00 7.502e-01 2.496e-01 3.540e-05 9.550e-06 8.661e-05 -1.000 1.969e-04 12.485 17.075 22.036 22.187 18.229 17.455 17.865 16.712 15.902 14.348 14.135 13.675 13.476 12.948 12.656 11.830 11.780 11.336
0.0001957 -1.90000 9.35000 0.0937544778 1.1167106216    0.094 -3.065  3.5079  5.458    0  0.000  0.545     0.00     0.00     0.00     0.00     0.00 -1 -6.61e-17      0.00 7.502e-01 2.496e-01 3.540e-05 9.550e-06 8.661e-05 -1.000 1.968e-04 12.431 17.017 21.973 22.068 18.134 17.350 17.700 16.580 15.790 14.246 14.032 13.584 13.383 12.870 12.588 11.778 11.729 11.291
0.0001957 -1.90000 9.35000 0.0987033993 1.1601832645    0.099 -2.879  3.5353  5.404    1  0.000  0.545     0.00     0.00     0.00     0.00     0.00 -1 -1.05e-16      0.00 7.500e-01 2.498e-01 3.540e-05 9.550e-06 8.661e-05 -1.000 1.969e-04 11.967 16.493 21.356 20.800 17.202 16.361 16.301 15.452 14.821 13.409 13.204 12.816 12.608 12.192 11.988 11.322 11.280 10.892
0.0001957 -1.90000 9.35000 0.1003081650 1.1736754597    0.100 -2.820  3.5439  5.387    1  0.000  0.545     0.00     0.00     0.00     0.00     0.00 -1 -1.22e-16      0.00 7.499e-01 2.499e-01 3.540e-05 9.550e-06 8.661e-05 -1.000 1.969e-04 11.821 16.323 21.126 20.324 16.877 16.027 15.882 15.108 14.522 13.164 12.962 12.586 12.378 11.980 11.799 11.176 11.137 10.763
0.0001957 -1.90000 9.35000 0.1055881754 1.2161601696    0.106 -2.738  3.5526  5.361    1  0.000  0.545     0.00     0.00     0.00     0.00     0.00 -1 -1.48e-16      0.00 7.497e-01 2.501e-01 3.540e-05 9.550e-06 8.661e-05 -1.000 1.968e-04 11.614 16.091 20.814 19.765 16.481 15.627 15.413 14.709 14.165 12.865 12.667 12.300 12.095 11.710 11.551 10.970 10.933 10.572
0.0001957 -1.90000 9.35000 0.1202969626 1.3212694581    0.120 -2.527  3.5746  5.295    1  0.000  0.545     0.00     0.00     0.00     0.00     0.00 -1 -2.43e-16      0.00 7.493e-01 2.505e-01 3.540e-05 9.550e-06 8.661e-05 -1.000 1.969e-04 11.087 15.498 19.886 18.280 15.445 14.603 14.296 13.741 13.284 12.133 11.948 11.606 11.411 11.053 10.937 10.444 10.412 10.081
0.0001957 -1.90000 9.35000 0.1402857453 1.4399918744    0.140 -2.348  3.5891  5.242    1  0.000  0.545     0.00     0.00     0.00     0.00     0.00 -1  -3.6e-16      0.00 7.488e-01 2.510e-01 3.540e-05 9.550e-06 8.661e-05 -1.000 1.968e-04 10.641 15.006 19.059 17.211 14.651 13.827 13.514 13.039 12.624 11.570 11.394 11.074 10.889 10.548 10.449 9.996 9.966 9.654
0.0001957 -1.90000 9.35000 0.1602745354 1.5385365924    0.160 -2.214  3.5986  5.203    1  0.000  0.545     0.00     0.00     0.00     0.00     0.00 -1 -4.81e-16      0.00 7.484e-01 2.514e-01 3.540e-05 9.550e-06 8.661e-05 -1.000 1.969e-04 10.304 14.639 18.446 16.503 14.094 13.283 12.986 12.553 12.159 11.164 10.993 10.689 10.511 10.182 10.090 9.657 9.629 9.328
0.0001957 -1.90000 9.35000 0.2002521455 1.6947337812    0.200 -2.009  3.6111  5.145    1  0.000  0.545     0.00     0.00     0.00     0.00     0.00 -1 -7.37e-16      0.00 7.478e-01 2.520e-01 3.540e-05 9.550e-06 8.661e-05 -1.000 1.968e-04 9.792 14.085 17.604 15.553 13.296 12.503 12.244 11.859 11.490 10.565 10.402 10.119 9.949 9.635 9.551 9.141 9.114 8.829
0.0001957 -1.90000 9.35000 0.2502241135 1.8408943289    0.250 -1.810  3.6222  5.088    1  0.000  0.545     0.00     0.00     0.00     0.00     0.00 -1 -1.11e-15      0.00 7.474e-01 2.524e-01 3.540e-05 9.550e-06 8.661e-05 -1.000 1.969e-04 9.296 13.548 16.753 14.668 12.549 11.776 11.560 11.214 10.863 9.994 9.838 9.573 9.410 9.111 9.032 8.640 8.616 8.344
0.0001957 -1.90000 9.35000 0.3001961410 1.9533065853    0.300 -1.649  3.6312  5.041    1  0.000  0.545     0.00     0.00     0.00     0.00     0.00 -1 -1.55e-15      0.00 7.473e-01 2.525e-01 3.540e-05 9.551e-06 8.661e-05 -1.000 1.968e-04 8.892 13.110 16.004 13.941 11.944 11.190 11.016 10.697 10.358 9.533 9.382 9.131 8.975 8.687 8.612 8.234 8.211 7.950
0.0001957 -1.90000 9.35000 0.3501680791 2.0436928651    0.350 -1.513  3.6391  5.003    1  0.000  0.545     0.00     0.00     0.00     0.00     0.00 -1 -2.05e-15      0.00 7.472e-01 2.526e-01 3.539e-05 9.551e-06 8.662e-05 -1.000 1.969e-04 8.551 12.738 15.383 13.337 11.430 10.692 10.558 10.263 9.934 9.144 8.998 8.758 8.607 8.329 8.257 7.891 7.869 7.618
0.0001957 -1.90000 9.35000 0.4001400769 2.1186953837    0.400 -1.389  3.6475  4.971    1  0.000  0.545     0.00     0.00     0.00     0.00     0.00 -1 -2.66e-15      0.00 7.506e-01 2.492e-01 3.540e-05 9.550e-06 8.661e-05 -1.000 1.969e-04 8.242 12.394 14.843 12.782 10.941 10.220 10.132 9.861 9.542 8.786 8.645 8.416 8.270 8.001 7.933 7.580 7.559 7.317
0.0001957 -1.90000 9.35000 0.4501120746 2.1824133859    0.450 -1.244  3.6610  4.931    1  0.000  0.545     0.00     0.00     0.00     0.00     0.00 -1 -3.66e-15      0.00 7.507e-01 2.491e-01 3.540e-05 9.550e-06 8.661e-05 -1.000 1.968e-04 7.880 11.975 14.064 12.015 10.293 9.603 9.592 9.359 9.057 8.352 8.218 8.007 7.869 7.615 7.551 7.217 7.198 6.972
0.0001957 -1.90000 9.35000 0.5000840425 2.2375407721    0.500 -1.085  3.6780  4.886    1  0.000  0.545     0.00     0.00     0.00     0.00     0.00 -1 -5.27e-15      0.00 7.507e-01 2.491e-01 3.540e-05 9.550e-06 8.661e-05 -1.000 1.969e-04 7.482 11.494 12.992 11.066 9.532 8.892 8.980 8.800 8.517 7.875 7.749 7.557 7.429 7.193 7.135 6.822 6.805 6.598
0.0001957 -1.90000 9.35000 0.5500560999 2.2837046950    0.550 -0.919  3.6951  4.830    1  0.000  0.545     0.00     0.00     0.00     0.00     0.00 -1 -7.84e-15      0.00 7.571e-01 2.427e-01 3.454e-05 9.320e-06 8.453e-05 -1.000 1.969e-04 7.068 10.984 11.932 10.132 8.774 8.189 8.369 8.241 7.980 7.394 7.276 7.102 6.983 6.762 6.709 6.417 6.402 6.213
0.0001957 -1.90000 9.35000 0.6000280380 2.3211403119    0.600 -0.750  3.7158  4.782    1  0.000  0.545     0.00     0.00     0.00     0.00     0.00 -1 -1.17e-14      0.00 7.595e-01 2.403e-01 3.424e-05 9.239e-06 8.380e-05 -1.000 1.968e-04 6.646 10.412 10.671 9.111 7.976 7.460 7.736 7.666 7.433 6.910 6.800 6.644 6.535 6.332 6.284 6.015 6.002 5.833
0.0001957 -1.90000 9.35000 0.6499999762 2.3520353107    0.650 -0.584  3.7383  4.741    1  0.000  0.545     0.00     0.00     0.00     0.00     0.00 -1 -1.73e-14      0.00 7.628e-01 2.370e-01 3.382e-05 9.127e-06 8.280e-05 -1.000 1.967e-04 6.231 9.777 9.417 8.125 7.211 6.769 7.127 7.109 6.906 6.447 6.346 6.207 6.108 5.923 5.880 5.634 5.624 5.476
0.0001957 -1.90000 9.35000 0.6977242231 2.3768406266    0.698 -0.432  3.7602  4.706    1  0.000  0.544     0.00     0.00     0.00     0.00     0.00 -1 -2.46e-14      0.00 7.671e-01 2.327e-01 3.328e-05 8.982e-06 8.150e-05 -1.000 1.965e-04 5.850 9.035 8.244 7.235 6.539 6.175 6.593 6.613 6.435 6.036 5.944 5.821 5.730 5.563 5.525 5.303 5.294 5.166
0.0001957 -1.90000 9.35000 0.6999999881 2.3779266974    0.700 -0.425  3.7612  4.705    1  0.000  0.544     0.00     0.00     0.00     0.00     0.00 -1 -2.51e-14      0.00 7.673e-01 2.325e-01 3.325e-05 8.974e-06 8.143e-05 -1.000 1.969e-04 5.832 8.998 8.195 7.198 6.510 6.149 6.569 6.591 6.414 6.017 5.926 5.803 5.713 5.547 5.509 5.288 5.279 5.152
0.0001957 -1.90000 9.35000 0.7126540542 2.3838204312    0.713 -0.386  3.7667  4.695    1  0.000  0.542     0.00     0.00     0.00     0.00     0.00 -1 -2.75e-14      0.00 7.690e-01 2.308e-01 3.293e-05 8.916e-06 8.093e-05 -1.000 1.969e-04 5.734 8.788 7.928 6.990 6.350 6.008 6.440 6.468 6.298 5.915 5.826 5.707 5.620 5.458 5.421 5.205 5.197 5.074
0.0001957 -1.90000 9.35000 0.7500000000 2.3998889087    0.750 -0.273  3.7824  4.668    1  0.000  0.537     0.00     0.00     0.00     0.00     0.00 -1 -3.58e-14      0.00 7.746e-01 2.252e-01 3.190e-05 8.719e-06 7.925e-05 -1.000 1.969e-04 5.453 8.179 7.221 6.431 5.911 5.621 6.078 6.122 5.969 5.625 5.542 5.434 5.352 5.202 5.168 4.967 4.961 4.851
0.0001957 -1.90000 9.35000 0.7864484787 2.4138910989    0.786 -0.168  3.7952  4.634    1  0.000  0.536     0.00     0.00     0.00     0.00     0.00 -1 -4.63e-14      0.00 7.809e-01 2.189e-01 3.126e-05 8.549e-06 7.774e-05 -1.000 1.969e-04 5.190 7.646 6.671 5.980 5.543 5.294 5.758 5.809 5.669 5.355 5.278 5.178 5.102 4.962 4.930 4.742 4.736 4.637
0.0001957 -1.90000 9.35000 0.8000000119 2.4187244405    0.800 -0.130  3.7998  4.622    1  0.000  0.536     0.00     0.00     0.00     0.00     0.00 -1 -5.08e-14      0.00 7.833e-01 2.165e-01 3.103e-05 8.490e-06 7.722e-05 -1.000 1.969e-04 5.094 7.456 6.481 5.823 5.414 5.179 5.642 5.695 5.560 5.256 5.182 5.084 5.010 4.874 4.843 4.659 4.654 4.559
0.0001957 -1.90000 9.35000 0.8080682755 2.4215137216    0.808 -0.107  3.8026  4.615    1  0.000  0.536     0.00     0.00     0.00     0.00     0.00 -1 -5.37e-14      0.00 7.833e-01 2.165e-01 3.107e-05 8.501e-06 7.733e-05 -1.000 1.893e-04 5.037 7.345 6.374 5.734 5.341 5.114 5.575 5.629 5.496 5.198 5.125 5.029 4.956 4.822 4.792 4.611 4.606 4.513
0.0001957 -1.90000 9.35000 0.8486776352 2.4346316860    0.848  0.005  3.8163  4.578    1  0.000  0.535     0.00     0.00     0.00     0.00     0.00 -1 -7.08e-14      0.00 7.824e-01 2.174e-01 3.133e-05 8.574e-06 7.803e-05 -1.000 1.823e-04 4.756 6.824 5.875 5.315 4.991 4.802 5.247 5.299 5.179 4.909 4.841 4.754 4.686 4.563 4.535 4.368 4.364 4.282
0.0001957 -1.90000 9.35000 0.8500000238 2.4350346840    0.849  0.009  3.8168  4.577    1  0.000  0.535     0.00     0.00     0.00     0.00     0.00 -1 -7.14e-14      0.00 7.824e-01 2.174e-01 3.134e-05 8.577e-06 7.805e-05 -1.000 1.830e-04 4.747 6.808 5.860 5.302 4.981 4.792 5.236 5.288 5.169 4.899 4.832 4.745 4.678 4.554 4.527 4.360 4.356 4.275
0.0001957 -1.90000 9.35000 0.8518974185 2.4356104026    0.851  0.014  3.8174  4.576    1  0.000  0.535     0.00     0.00     0.00     0.00     0.00 -1 -7.23e-14      0.00 7.825e-01 2.174e-01 3.133e-05 8.576e-06 7.804e-05 -1.000 1.836e-04 4.735 6.786 5.839 5.284 4.965 4.778 5.221 5.273 5.154 4.886 4.819 4.733 4.665 4.542 4.515 4.349 4.345 4.264
0.0001957 -1.90000 9.35000 0.8903504014 2.4466726558    0.890  0.117  3.8303  4.543    1  0.000  0.535     0.00     0.00     0.00     0.00     0.00 -1  -9.3e-14      0.00 7.831e-01 2.168e-01 3.127e-05 8.561e-06 7.791e-05 -1.000 1.568e-04 4.478 6.348 5.429 4.932 4.665 4.506 4.924 4.972 4.864 4.618 4.556 4.478 4.415 4.302 4.277 4.123 4.120 4.050
0.0001957 -1.90000 9.35000 0.8999999762 2.4492786016    0.899  0.142  3.8334  4.535    1  0.000  0.535     0.00     0.00     0.00     0.00     0.00 -1  -9.9e-14      0.00 7.831e-01 2.167e-01 3.127e-05 8.560e-06 7.791e-05 -1.000 1.650e-04 4.414 6.244 5.335 4.851 4.594 4.443 4.852 4.898 4.792 4.552 4.490 4.414 4.353 4.242 4.218 4.067 4.065 3.997
0.0001957 -1.90000 9.35000 0.9131303430 2.4527230338    0.912  0.176  3.8380  4.526    1  0.000  0.535     0.00     0.00     0.00     0.00     0.00 -1 -1.07e-13      0.00 7.830e-01 2.168e-01 3.128e-05 8.563e-06 7.792e-05 -1.000 1.669e-04 4.329 6.102 5.206 4.740 4.500 4.358 4.754 4.797 4.695 4.463 4.403 4.330 4.270 4.163 4.139 3.994 3.991 3.928
0.0001957 -1.90000 9.35000 0.9444925785 2.4605062654    0.944  0.257  3.8488  4.503    1  0.000  0.535     0.00     0.00     0.00     0.00     0.00 -1  -1.3e-13      0.00 7.824e-01 2.174e-01 3.133e-05 8.574e-06 7.803e-05 -1.000 1.258e-04 4.128 5.771 4.907 4.486 4.281 4.160 4.523 4.559 4.465 4.251 4.196 4.129 4.074 3.976 3.954 3.819 3.818 3.763
0.0001957 -1.90000 9.35000 0.9499999881 2.4618121868    0.949  0.271  3.8507  4.499    1  0.000  0.535     0.00     0.00     0.00     0.00     0.00 -1 -1.35e-13      0.00 7.823e-01 2.175e-01 3.134e-05 8.577e-06 7.805e-05 -1.000 1.206e-04 4.093 5.714 4.856 4.442 4.243 4.126 4.483 4.518 4.425 4.214 4.159 4.094 4.040 3.943 3.921 3.789 3.787 3.734
0.0001957 -1.90000 9.35000 0.9608115554 2.4643258315    0.960  0.298  3.8547  4.493    1  0.000  0.535     0.00     0.00     0.00     0.00     0.00 -1 -1.44e-13      0.00 7.826e-01 2.173e-01 3.131e-05 8.569e-06 7.798e-05 -1.000 1.425e-04 4.025 5.600 4.756 4.357 4.170 4.061 4.404 4.436 4.346 4.142 4.089 4.026 3.973 3.880 3.859 3.731 3.730 3.680
0.0001957 -1.90000 9.35000 0.9854112864 2.4698095348    0.985  0.360  3.8641  4.480    1  0.000  0.535     0.00     0.00     0.00     0.00     0.00 -1 -1.67e-13      0.00 7.831e-01 2.167e-01 3.125e-05 8.555e-06 7.786e-05 -1.000 1.825e-04 3.870 5.343 4.531 4.168 4.008 3.915 4.224 4.249 4.167 3.978 3.928 3.872 3.822 3.737 3.718 3.600 3.599 3.557
0.0001957 -1.90000 9.35000 1.0000000000 2.4729154477    1.000  0.397  3.8697  4.472    1  0.000  0.535     0.00     0.00     0.00     0.00     0.00 -1 -1.82e-13      0.00 7.833e-01 2.165e-01 3.123e-05 8.549e-06 7.780e-05 -1.000 1.844e-04 3.778 5.193 4.401 4.058 3.913 3.830 4.118 4.138 4.060 3.880 3.832 3.780 3.733 3.653 3.635 3.523 3.522 3.485
0.0001957 -1.90000 9.35000 1.0180705786 2.4766210705    1.018  0.442  3.8779  4.467    1  0.000  0.535     0.00     0.00     0.00     0.00     0.00 -1 -1.95e-13      0.00 7.837e-01 2.161e-01 3.119e-05 8.539e-06 7.771e-05 -1.000 1.569e-04 3.666 4.997 4.235 3.921 3.797 3.727 3.986 3.999 3.928 3.760 3.716 3.669 3.625 3.552 3.535 3.433 3.433 3.401
0.0001957 -1.90000 9.35000 1.0363985300 2.4802280798    1.036  0.488  3.8864  4.463    1  0.000  0.535     0.00     0.00     0.00     0.00     0.00 -1 -2.11e-13      0.00 7.840e-01 2.158e-01 3.116e-05 8.530e-06 7.764e-05 -1.000 1.869e-04 3.551 4.797 4.067 3.783 3.679 3.623 3.851 3.857 3.792 3.638 3.597 3.555 3.516 3.450 3.435 3.342 3.342 3.317
0.0001957 -1.90000 9.35000 1.0499999523 2.4828114860    1.049  0.522  3.8928  4.460    1  0.000  0.535     0.00     0.00     0.00     0.00     0.00 -1 -2.23e-13      0.00 7.842e-01 2.156e-01 3.114e-05 8.526e-06 7.761e-05 -1.000 1.969e-04 3.464 4.647 3.943 3.681 3.592 3.545 3.750 3.751 3.691 3.546 3.508 3.471 3.434 3.374 3.360 3.274 3.275 3.254
0.0001957 -1.90000 9.35000 1.0532031059 2.4834087288    1.052  0.530  3.8943  4.459    1  0.000  0.535     0.00     0.00     0.00     0.00     0.00 -1 -2.26e-13      0.00 7.843e-01 2.155e-01 3.114e-05 8.524e-06 7.759e-05 -1.000 1.969e-04 3.445 4.613 3.916 3.659 3.573 3.527 3.727 3.727 3.668 3.526 3.488 3.452 3.416 3.357 3.344 3.260 3.260 3.240
0.0001957 -1.90000 9.35000 1.0687205791 2.4862438437    1.068  0.568  3.9014  4.456    1  0.000  0.535     0.00     0.00     0.00     0.00     0.00 -1 -2.39e-13      0.00 7.846e-01 2.152e-01 3.110e-05 8.515e-06 7.751e-05 -1.000 1.949e-04 3.350 4.446 3.782 3.549 3.478 3.442 3.618 3.612 3.558 3.427 3.392 3.361 3.328 3.276 3.264 3.188 3.188 3.173
0.0001957 -1.90000 9.35000 1.0895708799 2.4899074526    1.088  0.619  3.9110  4.451    1  0.000  0.535     0.00     0.00     0.00     0.00     0.00 -1 -2.59e-13      0.00 7.850e-01 2.148e-01 3.106e-05 8.506e-06 7.742e-05 -1.000 1.788e-04 3.221 4.213 3.604 3.402 3.349 3.326 3.470 3.458 3.412 3.295 3.265 3.240 3.211 3.168 3.157 3.092 3.093 3.082
0.0001957 -1.90000 9.35000 1.1000000238 2.4916801480    1.099  0.646  3.9159  4.449    1  0.000  0.535     0.00     0.00     0.00     0.00     0.00 -1 -2.71e-13      0.00 7.851e-01 2.147e-01 3.105e-05 8.502e-06 7.739e-05 -1.000 1.969e-04 3.155 4.089 3.515 3.329 3.284 3.266 3.396 3.381 3.338 3.230 3.201 3.180 3.154 3.114 3.104 3.044 3.045 3.037
0.0001957 -1.90000 9.35000 1.1026556492 2.4921253828    1.102  0.652  3.9171  4.448    1  0.000  0.535     0.00     0.00     0.00     0.00     0.00 -1 -2.73e-13      0.00 7.852e-01 2.146e-01 3.104e-05 8.500e-06 7.737e-05 -1.000 1.969e-04 3.139 4.058 3.493 3.311 3.268 3.251 3.377 3.362 3.320 3.214 3.185 3.165 3.139 3.101 3.091 3.032 3.033 3.026
0.0001957 -1.90000 9.35000 1.1163200140 2.4943778483    1.115  0.687  3.9234  4.444    1  0.000  0.535     0.00     0.00     0.00     0.00     0.00 -1 -2.88e-13      0.00 7.854e-01 2.144e-01 3.102e-05 8.493e-06 7.731e-05 -1.000 1.839e-04 3.052 3.890 3.378 3.216 3.183 3.172 3.281 3.262 3.225 3.130 3.105 3.088 3.065 3.032 3.023 2.971 2.972 2.968
0.0001957 -1.90000 9.35000 1.1271572113 2.4961196901    1.126  0.715  3.9284  4.440    1  0.000  0.535     0.00     0.00     0.00     0.00     0.00 -1 -3.01e-13      0.00 7.857e-01 2.142e-01 3.100e-05 8.488e-06 7.727e-05 -1.000 1.540e-04 2.983 3.753 3.288 3.141 3.115 3.109 3.206 3.184 3.151 3.064 3.041 3.027 3.007 2.978 2.970 2.923 2.924 2.922
0.0001957 -1.90000 9.35000 1.1385071278 2.4979031172    1.137  0.744  3.9336  4.437    1  0.000  0.535     0.00     0.00     0.00     0.00     0.00 -1 -3.16e-13      0.00 7.858e-01 2.140e-01 3.098e-05 8.484e-06 7.724e-05 -1.000 1.914e-04 2.910 3.602 3.196 3.064 3.044 3.042 3.129 3.106 3.077 2.999 2.978 2.967 2.949 2.924 2.917 2.874 2.875 2.875
0.0001957 -1.90000 9.35000 1.1493669748 2.4995716737    1.148  0.772  3.9386  4.433    1  0.000  0.535     0.00     0.00     0.00     0.00     0.00 -1  -3.3e-13      0.00 7.859e-01 2.139e-01 3.098e-05 8.482e-06 7.722e-05 -1.000 1.953e-04 2.841 3.456 3.109 2.991 2.977 2.978 3.057 3.033 3.008 2.938 2.920 2.911 2.895 2.873 2.867 2.829 2.830 2.831
0.0001957 -1.90000 9.35000 1.1499999762 2.4996678137    1.149  0.773  3.9389  4.433    1  0.000  0.535     0.00     0.00     0.00     0.00     0.00 -1 -3.31e-13      0.00 7.859e-01 2.139e-01 3.098e-05 8.482e-06 7.722e-05 -1.000 1.959e-04 2.837 3.447 3.104 2.987 2.973 2.974 3.053 3.028 3.004 2.935 2.916 2.908 2.892 2.870 2.864 2.826 2.827 2.829
0.0001957 -1.90000 9.35000 1.1706676483 2.5027412491    1.170  0.827  3.9482  4.423    1  0.000  0.535     0.00     0.00     0.00     0.00     0.00 -1 -3.61e-13      0.00 7.861e-01 2.137e-01 3.095e-05 8.476e-06 7.716e-05 -1.000 1.891e-04 2.702 3.184 2.937 2.842 2.838 2.847 2.919 2.894 2.876 2.821 2.806 2.801 2.789 2.773 2.768 2.737 2.738 2.743
0.0001957 -1.90000 9.35000 1.1944792271 2.5061310090    1.193  0.890  3.9581  4.409    1  0.000  0.535     0.00     0.00     0.00     0.00     0.00 -1 -4.02e-13      0.00 7.864e-01 2.135e-01 3.093e-05 8.471e-06 7.711e-05 -1.000 1.447e-04 2.544 2.910 2.744 2.669 2.678 2.696 2.765 2.744 2.731 2.690 2.678 2.677 2.668 2.658 2.654 2.631 2.631 2.639
0.0001957 -1.90000 9.35000 1.2000000477 2.5068948796    1.199  0.905  3.9602  4.405    1  0.000  0.535     0.00     0.00     0.00     0.00     0.00 -1 -4.12e-13      0.00 7.864e-01 2.134e-01 3.093e-05 8.469e-06 7.710e-05 -1.000 1.273e-04 2.508 2.849 2.699 2.628 2.641 2.661 2.730 2.709 2.697 2.659 2.649 2.648 2.640 2.631 2.627 2.605 2.606 2.614
0.0001957 -1.90000 9.35000 1.2015737295 2.5071111391    1.201  0.909  3.9608  4.404    1  0.000  0.535     0.00     0.00     0.00     0.00     0.00 -1 -4.15e-13      0.00 7.865e-01 2.134e-01 3.093e-05 8.469e-06 7.710e-05 -1.000 1.247e-04 2.498 2.833 2.687 2.617 2.630 2.651 2.720 2.700 2.688 2.651 2.640 2.640 2.632 2.623 2.619 2.598 2.599 2.607
0.0001957 -1.90000 9.35000 1.2263227701 2.5104284394    1.225  0.973  3.9677  4.376    1  0.000  0.535     0.00     0.00     0.00     0.00     0.00 -1 -4.66e-13      0.00 7.868e-01 2.131e-01 3.089e-05 8.461e-06 7.703e-05 -1.000 1.715e-04 2.338 2.607 2.503 2.444 2.466 2.494 2.565 2.549 2.540 2.513 2.504 2.506 2.500 2.494 2.491 2.475 2.476 2.485
0.0001957 -1.90000 9.35000 1.2500000000 2.5134610955    1.249  1.034  3.9712  4.337    1  0.000  0.535     0.00     0.00     0.00     0.00     0.00 -1 -5.28e-13      0.00 7.870e-01 2.129e-01 3.087e-05 8.455e-06 7.698e-05 -1.000 1.406e-04 2.185 2.425 2.343 2.289 2.315 2.346 2.413 2.400 2.393 2.371 2.364 2.367 2.362 2.358 2.355 2.341 2.342 2.351
0.0001957 -1.90000 9.35000 1.2578521967 2.5144378847    1.257  1.055  3.9716  4.321    1  0.000  0.535     0.00     0.00     0.00     0.00     0.00 -1 -5.52e-13      0.00 7.870e-01 2.128e-01 3.087e-05 8.454e-06 7.697e-05 -1.000 1.403e-04 2.133 2.371 2.292 2.239 2.264 2.296 2.360 2.348 2.341 2.321 2.314 2.316 2.311 2.308 2.306 2.292 2.292 2.301
0.0001957 -1.90000 9.35000 1.2779451609 2.5168746503    1.277  1.109  3.9703  4.268    1  0.000  0.535     0.00     0.00     0.00     0.00     0.00 -1 -6.29e-13      0.00 7.871e-01 2.128e-01 3.087e-05 8.454e-06 7.697e-05 -1.000 1.453e-04 1.997 2.248 2.169 2.113 2.136 2.165 2.217 2.205 2.198 2.179 2.172 2.174 2.169 2.166 2.163 2.149 2.150 2.156
0.0001957 -1.90000 9.35000 1.2974323034 2.5191552250    1.297  1.166  3.9664  4.202    1  0.000  0.535     0.00     0.00     0.00     0.00     0.00 -1 -7.34e-13      0.00 7.870e-01 2.128e-01 3.088e-05 8.454e-06 7.700e-05 -1.000 1.933e-04 1.854 2.147 2.054 1.991 2.006 2.031 2.063 2.051 2.043 2.022 2.015 2.016 2.011 2.006 2.003 1.987 1.987 1.990
0.0001957 -1.90000 9.35000 1.2999999523 2.5194498592    1.299  1.175  3.9660  4.193    1  0.000  0.535     0.00     0.00     0.00     0.00     0.00 -1 -7.51e-13      0.00 7.870e-01 2.128e-01 3.088e-05 8.455e-06 7.701e-05 -1.000 1.943e-04 1.833 2.129 2.036 1.973 1.987 2.011 2.041 2.029 2.021 2.000 1.993 1.994 1.988 1.983 1.981 1.964 1.964 1.967
0.0001957 -1.90000 9.35000 1.3040649891 2.5199135894    1.303  1.189  3.9655  4.178    1  0.000  0.535     0.00     0.00     0.00     0.00     0.00 -1 -7.82e-13      0.00 7.870e-01 2.128e-01 3.088e-05 8.455e-06 7.702e-05 -1.000 1.968e-04 1.798 2.100 2.005 1.941 1.953 1.977 2.003 1.990 1.983 1.962 1.955 1.956 1.950 1.945 1.942 1.925 1.925 1.927
0.0001957 -1.90000 9.35000 1.3092881441 2.5205045768    1.309  1.216  3.9718  4.178    1  0.000  0.535     0.00     0.00     0.00     0.00     0.00 -1 -8.19e-13      0.00 7.870e-01 2.128e-01 3.089e-05 8.456e-06 7.702e-05 -1.000 1.969e-04 1.731 1.975 1.910 1.856 1.878 1.908 1.944 1.936 1.931 1.917 1.912 1.914 1.910 1.907 1.905 1.892 1.892 1.896
0.0001957 -1.90000 9.35000 1.3111999035 2.5207195346    1.310  1.236  3.9816  4.198    1  0.000  0.535     0.00     0.00     0.00     0.00     0.00 -1 -8.36e-13      0.00 7.869e-01 2.129e-01 3.089e-05 8.457e-06 7.703e-05 -1.000 1.969e-04 1.680 1.844 1.814 1.774 1.810 1.851 1.911 1.911 1.908 1.904 1.900 1.905 1.902 1.903 1.902 1.894 1.895 1.902
0.0001957 -1.90000 9.35000 1.3118946552 2.5207974738    1.311  1.256  3.9909  4.216    1  0.000  0.535     0.00     0.00     0.00     0.00     0.00 -1 -8.54e-13      0.00 7.869e-01 2.129e-01 3.090e-05 8.458e-06 7.704e-05 -1.000 1.969e-04 1.631 1.728 1.724 1.697 1.747 1.798 1.884 1.892 1.890 1.895 1.893 1.899 1.898 1.902 1.901 1.898 1.898 1.910
0.0001957 -1.90000 9.35000 1.3122448921 2.5208367285    1.312  1.279  3.9995  4.226    1  0.000  0.535     0.00     0.00     0.00     0.00     0.00 -1 -8.89e-13      0.00 7.869e-01 2.129e-01 3.090e-05 8.459e-06 7.705e-05 -1.000 1.969e-04 1.572 1.614 1.630 1.614 1.676 1.736 1.847 1.862 1.861 1.874 1.874 1.880 1.881 1.887 1.887 1.887 1.888 1.902
0.0001957 -1.90000 9.35000 1.3123797178 2.5208518333    1.312  1.293  4.0025  4.224    1  0.000  0.535     0.00     0.00     0.00     0.00     0.00 -1 -9.21e-13      0.00 7.869e-01 2.129e-01 3.090e-05 8.459e-06 7.705e-05 -1.000 1.969e-04 1.537 1.562 1.584 1.572 1.638 1.701 1.820 1.838 1.838 1.853 1.853 1.860 1.862 1.868 1.868 1.870 1.871 1.886
0.0001957 -1.90000 9.35000 1.3125050068 2.5208658666    1.312  1.296  3.9958  4.195    2  0.000  0.535     0.00     0.00     0.00     0.00     0.00 -1 -9.57e-13      0.00 7.869e-01 2.129e-01 3.090e-05 8.459e-06 7.705e-05 -1.000 1.969e-04 1.530 1.598 1.607 1.586 1.642 1.698 1.793 1.806 1.805 1.816 1.815 1.821 1.821 1.826 1.826 1.825 1.826 1.838
0.0001957 -1.90000 9.35000 1.3126357794 2.5208805107    1.312  1.307  3.9864  4.146    2  0.000  0.535     0.00     0.00     0.00     0.00     0.00 -1 -1.04e-12      0.00 7.869e-01 2.129e-01 3.090e-05 8.459e-06 7.706e-05 -1.000 1.969e-04 1.502 1.636 1.623 1.588 1.630 1.676 1.739 1.745 1.742 1.746 1.744 1.748 1.747 1.750 1.749 1.744 1.744 1.751
0.0001957 -1.90000 9.35000 1.3128250837 2.5209017034    1.312  1.322  3.9781  4.098    2  0.000  0.535     0.00     0.00     0.00     0.00     0.00 -1 -1.13e-12      0.00 7.869e-01 2.130e-01 3.090e-05 8.460e-06 7.706e-05 -1.000 1.970e-04 1.464 1.663 1.628 1.581 1.610 1.647 1.680 1.680 1.677 1.674 1.670 1.674 1.671 1.671 1.670 1.661 1.661 1.664
0.0001957 -1.90000 9.35000 1.3132860661 2.5209532812    1.313  1.338  3.9673  4.039    2  0.000  0.535     0.00     0.00     0.00     0.00     0.00 -1 -1.25e-12      0.00 7.868e-01 2.130e-01 3.091e-05 8.461e-06 7.707e-05 -1.000 1.969e-04 1.425 1.718 1.647 1.584 1.595 1.620 1.619 1.612 1.606 1.594 1.588 1.590 1.585 1.581 1.579 1.564 1.564 1.562
0.0001957 -1.90000 9.35000 1.3140093088 2.5210341187    1.313  1.349  3.9575  3.989    2  0.000  0.535     0.00     0.00     0.00     0.00     0.00 -1 -1.36e-12      0.00 7.868e-01 2.130e-01 3.091e-05 8.462e-06 7.708e-05 -1.000 1.969e-04 1.397 1.786 1.674 1.594 1.589 1.603 1.575 1.561 1.553 1.532 1.524 1.523 1.517 1.509 1.506 1.486 1.485 1.479
0.0001957 -1.90000 9.35000 1.3150949478 2.5211552695    1.314  1.361  3.9462  3.932    2  0.000  0.535     0.00     0.00     0.00     0.00     0.00 -1 -1.49e-12      0.00 7.867e-01 2.131e-01 3.092e-05 8.464e-06 7.709e-05 -1.000 1.968e-04 1.366 1.882 1.708 1.608 1.583 1.584 1.531 1.513 1.501 1.468 1.458 1.453 1.444 1.431 1.427 1.399 1.398 1.386
0.0001957 -1.90000 9.35000 1.3162060976 2.5212790291    1.315  1.373  3.9342  3.872    2  0.000  0.535     0.00     0.00     0.00     0.00     0.00 -1 -1.63e-12      0.00 7.867e-01 2.131e-01 3.093e-05 8.466e-06 7.711e-05 -1.000 1.969e-04 1.337 2.006 1.750 1.625 1.579 1.565 1.494 1.472 1.455 1.409 1.395 1.387 1.374 1.354 1.349 1.312 1.311 1.293
0.0001957 -1.90000 9.35000 1.3171349764 2.5213823033    1.316  1.383  3.9219  3.814    2  0.000  0.535     0.00     0.00     0.00     0.00     0.00 -1 -1.78e-12      0.00 7.866e-01 2.132e-01 3.093e-05 8.467e-06 7.713e-05 -1.000 1.968e-04 1.312 2.158 1.797 1.642 1.575 1.549 1.472 1.448 1.424 1.361 1.343 1.329 1.312 1.285 1.278 1.232 1.230 1.207
0.0001957 -1.90000 9.35000 1.3178827763 2.5214653231    1.317  1.391  3.9097  3.757    2  0.000  0.535     0.00     0.00     0.00     0.00     0.00 -1 -1.94e-12      0.00 7.866e-01 2.132e-01 3.094e-05 8.468e-06 7.714e-05 -1.000 1.969e-04 1.292 2.319 1.849 1.660 1.572 1.534 1.463 1.442 1.409 1.327 1.303 1.284 1.261 1.225 1.217 1.160 1.158 1.129
0.0001957 -1.90000 9.35000 1.3184956312 2.5215332808    1.318  1.398  3.8976  3.702    2  0.000  0.535     0.00     0.00     0.00     0.00     0.00 -1 -2.09e-12      0.00 7.865e-01 2.133e-01 3.094e-05 8.470e-06 7.715e-05 -1.000 1.969e-04 1.275 2.474 1.907 1.682 1.572 1.520 1.467 1.449 1.407 1.304 1.276 1.249 1.221 1.176 1.165 1.096 1.094 1.060
0.0001957 -1.90000 9.35000 1.3190134764 2.5215906465    1.318  1.403  3.8856  3.649    2  0.000  0.535     0.00     0.00     0.00     0.00     0.00 -1 -2.25e-12      0.00 7.865e-01 2.133e-01 3.094e-05 8.470e-06 7.716e-05 -1.000 1.968e-04 1.262 2.613 1.972 1.709 1.574 1.507 1.481 1.467 1.415 1.291 1.258 1.223 1.190 1.135 1.122 1.040 1.038 0.999
0.0001957 -1.90000 9.35000 1.3194627762 2.5216403770    1.319  1.408  3.8737  3.597    2  0.000  0.535     0.00     0.00     0.00     0.00     0.00 -1 -2.41e-12      0.00 7.865e-01 2.133e-01 3.095e-05 8.471e-06 7.716e-05 -1.000 1.969e-04 1.251 2.740 2.045 1.741 1.579 1.494 1.500 1.492 1.430 1.286 1.248 1.206 1.167 1.101 1.086 0.992 0.989 0.944
0.0001957 -1.90000 9.35000 1.3198609352 2.5216844145    1.319  1.411  3.8618  3.546    2  0.000  0.535     0.00     0.00     0.00     0.00     0.00 -1 -2.58e-12      0.00 7.864e-01 2.134e-01 3.095e-05 8.472e-06 7.717e-05 -1.000 1.969e-04 1.241 2.866 2.124 1.777 1.586 1.483 1.523 1.520 1.450 1.286 1.242 1.192 1.148 1.072 1.055 0.947 0.944 0.892
0.0001957 -1.90000 9.35000 1.3202193975 2.5217240352    1.319  1.414  3.8498  3.495    2  0.000  0.535     0.00     0.00     0.00     0.00     0.00 -1 -2.75e-12      0.00 7.864e-01 2.134e-01 3.095e-05 8.472e-06 7.718e-05 -1.000 1.968e-04 1.234 2.998 2.214 1.820 1.596 1.474 1.551 1.554 1.474 1.290 1.241 1.184 1.134 1.047 1.028 0.907 0.904 0.844
0.0001957 -1.90000 9.35000 1.3205459118 2.5217601033    1.320  1.417  3.8378  3.445    2  0.000  0.535     0.00     0.00     0.00     0.00     0.00 -1 -2.92e-12      0.00 7.864e-01 2.134e-01 3.095e-05 8.473e-06 7.718e-05 -1.000 1.968e-04 1.228 3.139 2.317 1.874 1.613 1.470 1.583 1.592 1.503 1.297 1.244 1.178 1.124 1.026 1.005 0.870 0.867 0.799
0.0001957 -1.90000 9.35000 1.3208467960 2.5217933219    1.320  1.419  3.8262  3.397    2  0.000  0.535     0.00     0.00     0.00     0.00     0.00 -1  -3.1e-12      0.00 7.864e-01 2.134e-01 3.096e-05 8.474e-06 7.719e-05 -1.000 1.969e-04 1.223 3.285 2.428 1.934 1.635 1.470 1.618 1.631 1.533 1.307 1.248 1.175 1.116 1.009 0.985 0.838 0.833 0.758
0.0001957 -1.90000 9.35000 1.3211448193 2.5218262076    1.320  1.420  3.8151  3.351    2  0.000  0.535     0.00     0.00     0.00     0.00     0.00 -1 -3.27e-12      0.00 7.864e-01 2.134e-01 3.096e-05 8.474e-06 7.719e-05 -1.000 1.968e-04 1.220 3.434 2.552 2.005 1.664 1.477 1.655 1.672 1.564 1.318 1.255 1.174 1.110 0.994 0.968 0.809 0.804 0.720
0.0001957 -1.90000 9.35000 1.3214671612 2.5218617575    1.321  1.421  3.8042  3.307    2  0.000  0.535     0.00     0.00     0.00     0.00     0.00 -1 -3.45e-12      0.00 7.863e-01 2.135e-01 3.096e-05 8.475e-06 7.720e-05 -1.000 1.969e-04 1.219 3.588 2.686 2.080 1.696 1.486 1.698 1.718 1.600 1.331 1.264 1.175 1.107 0.982 0.954 0.783 0.778 0.685
0.0001957 -1.90000 9.35000 1.3218535185 2.5219043412    1.321  1.420  3.7932  3.264    2  0.000  0.535     0.00     0.00     0.00     0.00     0.00 -1 -3.62e-12      0.00 7.863e-01 2.135e-01 3.096e-05 8.475e-06 7.720e-05 -1.000 1.968e-04 1.220 3.756 2.842 2.171 1.740 1.505 1.748 1.770 1.642 1.349 1.277 1.181 1.108 0.974 0.943 0.761 0.755 0.654
0.0001957 -1.90000 9.35000 1.3223061562 2.5219541938    1.322  1.417  3.7820  3.223    2  0.000  0.535     0.00     0.00     0.00     0.00     0.00 -1 -3.76e-12      0.00 7.863e-01 2.135e-01 3.096e-05 8.476e-06 7.721e-05 -1.000 1.969e-04 1.228 3.939 3.024 2.282 1.798 1.537 1.809 1.831 1.692 1.375 1.297 1.194 1.117 0.973 0.941 0.746 0.740 0.629
0.0001957 -1.90000 9.35000 1.3228311539 2.5220119668    1.322  1.409  3.7712  3.187    2  0.000  0.535     0.00     0.00     0.00     0.00     0.00 -1 -3.85e-12      0.00 7.815e-01 2.183e-01 3.148e-05 8.615e-06 7.844e-05 -1.000 1.964e-04 1.247 4.147 3.253 2.428 1.882 1.592 1.884 1.903 1.753 1.411 1.328 1.218 1.137 0.984 0.949 0.744 0.736 0.617
0.0001957 -1.90000 9.35000 1.3234330416 2.5220781363    1.323  1.398  3.7613  3.158    2  0.000  0.536     0.00     0.00     0.00     0.00     0.00 -1 -3.87e-12      0.00 7.688e-01 2.310e-01 3.289e-05 8.989e-06 8.177e-05 -1.000 1.956e-04 1.275 4.346 3.497 2.587 1.978 1.660 1.966 1.982 1.821 1.454 1.368 1.251 1.165 1.005 0.968 0.752 0.743 0.615
0.0001957 -1.90000 9.35000 1.3237329721 2.5221110839    1.323  1.393  3.7569  3.146    2  0.000  0.537     0.00     0.00     0.00     0.00     0.00 -1 -3.88e-12      0.00 7.629e-01 2.369e-01 3.355e-05 9.164e-06 8.334e-05 -1.000 1.970e-04 1.287 4.431 3.616 2.666 2.026 1.695 2.004 2.018 1.852 1.474 1.386 1.266 1.178 1.014 0.976 0.756 0.747 0.615
0.0001957 -1.90000 9.35000 1.3245558739 2.5222013919    1.324  1.401  3.7489  3.106    3  0.000  0.537     0.00     0.00     0.00     0.00     0.00 -1 -4.12e-12      0.00 7.579e-01 2.419e-01 3.409e-05 9.309e-06 8.463e-05 -1.000 1.963e-04 1.267 4.540 3.802 2.776 2.076 1.721 2.034 2.041 1.866 1.468 1.376 1.251 1.160 0.990 0.950 0.721 0.711 0.573
0.0001957 -1.90000 9.35000 1.3258515596 2.5223433236    1.325  1.449  3.7420  3.031    3  0.000  0.537     0.00     0.00     0.00     0.00     0.00 -1 -4.95e-12      0.00 7.542e-01 2.456e-01 3.435e-05 9.396e-06 8.534e-05 -1.000 1.962e-04 1.148 4.526 3.881 2.783 2.029 1.653 1.961 1.962 1.779 1.363 1.268 1.138 1.044 0.868 0.827 0.590 0.580 0.435
0.0001957 -1.90000 9.35000 1.3268290758 2.5224501915    1.326  1.497  3.7386  2.971    3  0.000  0.524     0.00     0.00     0.00     0.00     0.00 -1 -5.91e-12      0.00 7.513e-01 2.485e-01 3.365e-05 9.898e-06 8.559e-05 -1.000 1.968e-04 1.029 4.455 3.862 2.729 1.948 1.563 1.864 1.861 1.674 1.250 1.153 1.021 0.926 0.747 0.706 0.465 0.455 0.306
0.0001957 -1.90000 9.35000 1.3276374340 2.5225384294    1.327  1.539  3.7365  2.920    3  0.000  0.488     0.00     0.00     0.00     0.00     0.00 -1 -6.89e-12      0.00 7.485e-01 2.513e-01 3.138e-05 1.232e-05 8.574e-05 -1.000 1.969e-04 0.923 4.378 3.827 2.671 1.871 1.479 1.773 1.767 1.577 1.148 1.050 0.916 0.821 0.641 0.599 0.356 0.345 0.195
0.0001957 -1.90000 9.35000 1.3285015821 2.5226326206    1.328  1.586  3.7344  2.864    3  0.000  0.443     0.00     0.00     0.00     0.00     0.00 -1 -8.17e-12      0.00 7.452e-01 2.546e-01 2.854e-05 1.582e-05 8.585e-05 -1.000 1.969e-04 0.805 4.289 3.780 2.600 1.782 1.384 1.669 1.660 1.468 1.034 0.935 0.800 0.704 0.522 0.480 0.235 0.224 0.072
0.0001957 -1.90000 9.35000 1.3293100595 2.5227206162    1.328  1.632  3.7326  2.812    3  0.000  0.415     0.00     0.00     0.00     0.00     0.00 -1 -9.63e-12      0.00 7.419e-01 2.579e-01 2.674e-05 1.808e-05 8.593e-05 -1.000 1.968e-04 0.690 4.199 3.724 2.525 1.691 1.288 1.566 1.555 1.361 0.922 0.823 0.687 0.591 0.408 0.364 0.118 0.107 -0.047
0.0001957 -1.90000 9.35000 1.3301715851 2.5228142502    1.329  1.682  3.7306  2.754    3  0.000  0.395     0.00     0.00     0.00     0.00     0.00 -1 -1.15e-11      0.00 7.387e-01 2.611e-01 2.547e-05 1.968e-05 8.599e-05 -1.000 1.968e-04 0.564 4.099 3.662 2.441 1.591 1.182 1.453 1.439 1.243 0.800 0.701 0.563 0.466 0.281 0.238 -0.010 -0.022 -0.178
0.0001957 -1.90000 9.35000 1.3308501244 2.5228878985    1.330  1.724  3.7291  2.706    3  0.000  0.385     0.00     0.00     0.00     0.00     0.00 -1 -1.34e-11      0.00 7.366e-01 2.632e-01 2.480e-05 2.053e-05 8.602e-05 -1.000 1.969e-04 0.461 4.015 3.613 2.374 1.509 1.096 1.361 1.345 1.147 0.700 0.600 0.462 0.364 0.178 0.134 -0.116 -0.127 -0.285
0.0001957 -1.90000 9.35000 1.3316555023 2.5229752017    1.331  1.775  3.7272  2.648    3  0.000  0.376     0.00     0.00     0.00     0.00     0.00 -1  -1.6e-11      0.00 7.345e-01 2.653e-01 2.424e-05 2.124e-05 8.603e-05 -1.000 1.968e-04 0.333 3.910 3.552 2.290 1.408 0.989 1.247 1.228 1.028 0.576 0.475 0.336 0.238 0.051 0.006 -0.246 -0.257 -0.416
0.0001957 -1.90000 9.35000 1.3322694302 2.5230416701    1.331  1.816  3.7256  2.601    3  0.000  0.371     0.00     0.00     0.00     0.00     0.00 -1 -1.86e-11      0.00 7.332e-01 2.666e-01 2.395e-05 2.161e-05 8.604e-05 -1.000 1.969e-04 0.231 3.826 3.505 2.224 1.328 0.905 1.156 1.135 0.933 0.478 0.376 0.236 0.137 -0.051 -0.096 -0.349 -0.361 -0.522
0.0001957 -1.90000 9.35000 1.3328632116 2.5231058904    1.332  1.857  3.7240  2.554    3  0.000  0.368     0.00     0.00     0.00     0.00     0.00 -1 -2.15e-11      0.00 7.323e-01 2.675e-01 2.375e-05 2.187e-05 8.604e-05 -1.000 1.969e-04 0.128 3.742 3.458 2.158 1.247 0.819 1.065 1.042 0.837 0.378 0.276 0.135 0.036 -0.154 -0.199 -0.454 -0.466 -0.628
0.0001957 -1.90000 9.35000 1.3334064484 2.5231645864    1.332  1.897  3.7225  2.508    3  0.000  0.366     0.00     0.00     0.00     0.00     0.00 -1 -2.48e-11      0.00 7.317e-01 2.681e-01 2.362e-05 2.203e-05 8.604e-05 -1.000 1.969e-04 0.029 3.660 3.412 2.093 1.169 0.736 0.977 0.951 0.745 0.283 0.180 0.038 -0.062 -0.253 -0.298 -0.555 -0.567 -0.730
0.0001957 -1.90000 9.35000 1.3339418173 2.5232223785    1.333  1.938  3.7209  2.461    3  0.000  0.365     0.00     0.00     0.00     0.00     0.00 -1 -2.88e-11      0.00 7.313e-01 2.685e-01 2.353e-05 2.215e-05 8.605e-05 -1.000 1.969e-04 -0.074 3.579 3.377 2.036 1.093 0.655 0.887 0.858 0.650 0.183 0.080 -0.064 -0.164 -0.356 -0.401 -0.660 -0.672 -0.837
0.0001957 -1.90000 9.35000 1.3344259262 2.5232745913    1.333  1.977  3.7193  2.416    3  0.000  0.364     0.00     0.00     0.00     0.00     0.00 -1 -3.31e-11      0.00 7.310e-01 2.688e-01 2.349e-05 2.220e-05 8.605e-05 -1.000 1.969e-04 -0.171 3.502 3.351 1.987 1.024 0.580 0.803 0.771 0.561 0.089 -0.015 -0.159 -0.260 -0.453 -0.499 -0.759 -0.772 -0.938
0.0001957 -1.90000 9.35000 1.3349068165 2.5233264138    1.333  2.018  3.7177  2.368    3  0.000  0.364     0.00     0.00     0.00     0.00     0.00 -1 -3.84e-11      0.00 7.309e-01 2.689e-01 2.346e-05 2.223e-05 8.605e-05 -1.000 1.968e-04 -0.275 3.418 3.323 1.934 0.951 0.501 0.713 0.678 0.465 -0.011 -0.116 -0.261 -0.363 -0.557 -0.603 -0.865 -0.878 -1.046
0.0001957 -1.90000 9.35000 1.3353565931 2.5233748445    1.334  2.059  3.7161  2.321    3  0.000  0.363     0.00     0.00     0.00     0.00     0.00 -1 -4.46e-11      0.00 7.309e-01 2.689e-01 2.346e-05 2.225e-05 8.605e-05 -1.000 1.969e-04 -0.377 3.335 3.299 1.884 0.880 0.424 0.626 0.588 0.372 -0.109 -0.214 -0.361 -0.463 -0.659 -0.706 -0.969 -0.982 -1.152
0.0001957 -1.90000 9.35000 1.3358337879 2.5234261866    1.334  2.104  3.7142  2.267    3  0.000  0.363     0.00     0.00     0.00     0.00     0.00 -1 -5.25e-11      0.00 7.309e-01 2.689e-01 2.345e-05 2.225e-05 8.605e-05 -1.000 1.968e-04 -0.491 3.243 3.275 1.830 0.801 0.338 0.529 0.487 0.269 -0.219 -0.325 -0.473 -0.576 -0.773 -0.820 -1.086 -1.099 -1.270
0.0001957 -1.90000 9.35000 1.3362003565 2.5234655976    1.334  2.142  3.7127  2.224    3  0.000  0.363     0.00     0.00     0.00     0.00     0.00 -1    -6e-11      0.00 7.309e-01 2.689e-01 2.344e-05 2.226e-05 8.605e-05 -1.000 1.969e-04 -0.584 3.168 3.253 1.785 0.736 0.267 0.450 0.405 0.184 -0.308 -0.415 -0.564 -0.668 -0.866 -0.913 -1.180 -1.194 -1.367
0.0001957 -1.90000 9.35000 1.3365615606 2.5235044075    1.335  2.181  3.7111  2.179    3  0.000  0.363     0.00     0.00     0.00     0.00     0.00 -1 -6.92e-11      0.00 7.309e-01 2.689e-01 2.344e-05 2.227e-05 8.605e-05 -1.000 1.968e-04 -0.681 3.088 3.230 1.737 0.668 0.193 0.367 0.319 0.095 -0.401 -0.509 -0.660 -0.764 -0.963 -1.011 -1.280 -1.293 -1.468
0.0001957 -1.90000 9.35000 1.3369731903 2.5235486061    1.335  2.230  3.7089  2.122    3  0.000  0.363     0.00     0.00     0.00     0.00     0.00 -1 -8.27e-11      0.00 7.309e-01 2.689e-01 2.343e-05 2.227e-05 8.605e-05 -1.000 1.968e-04 -0.804 2.988 3.212 1.684 0.586 0.103 0.266 0.212 -0.015 -0.518 -0.627 -0.779 -0.884 -1.085 -1.134 -1.405 -1.418 -1.595
0.0001957 -1.90000 9.35000 1.3372863531 2.5235822108    1.335  2.267  3.7073  2.077    3  0.000  0.363     0.00     0.00     0.00     0.00     0.00 -1  -9.5e-11      0.00 7.309e-01 2.689e-01 2.343e-05 2.228e-05 8.605e-05 -1.000 1.969e-04 -0.898 2.909 3.198 1.642 0.523 0.034 0.188 0.130 -0.099 -0.608 -0.718 -0.871 -0.977 -1.179 -1.228 -1.501 -1.515 -1.693
0.0001957 -1.90000 9.35000 1.3375769854 2.5236133817    1.335  2.303  3.7058  2.035    3  0.000  0.363     0.00     0.00     0.00     0.00     0.00 -1 -1.08e-10      0.00 7.309e-01 2.689e-01 2.343e-05 2.228e-05 8.605e-05 -1.000 1.968e-04 -0.989 2.834 3.187 1.605 0.464 -0.031 0.114 0.053 -0.180 -0.694 -0.804 -0.958 -1.065 -1.269 -1.318 -1.593 -1.607 -1.787
0.0001957 -1.90000 9.35000 1.3378762007 2.5236454568    1.335  2.338  3.7042  1.995    3  0.000  0.363     0.00     0.00     0.00     0.00     0.00 -1 -1.23e-10      0.00 7.309e-01 2.689e-01 2.342e-05 2.229e-05 8.605e-05 -1.000 1.968e-04 -1.075 2.763 3.181 1.572 0.409 -0.092 0.044 -0.020 -0.256 -0.775 -0.886 -1.042 -1.149 -1.354 -1.404 -1.680 -1.694 -1.876
0.0001957 -1.90000 9.35000 1.3382016420 2.5236803246    1.335  2.364  3.7031  1.964    3  0.000  0.363     0.00     0.00     0.00     0.00     0.00 -1 -1.36e-10      0.00 7.309e-01 2.689e-01 2.342e-05 2.229e-05 8.605e-05 -1.000 1.968e-04 -1.141 2.709 3.183 1.552 0.369 -0.137 -0.010 -0.077 -0.315 -0.838 -0.950 -1.106 -1.214 -1.420 -1.470 -1.748 -1.762 -1.944
0.0001957 -1.90000 9.35000 1.3384838104 2.5237105404    1.336  2.321  3.7053  2.016    3  0.000  0.363     0.00     0.00     0.00     0.00     0.00 -1 -1.17e-10      0.00 7.309e-01 2.689e-01 2.342e-05 2.230e-05 8.605e-05 -1.000 1.968e-04 -1.032 2.796 3.170 1.579 0.431 -0.066 0.075 0.014 -0.220 -0.736 -0.846 -1.001 -1.107 -1.312 -1.361 -1.636 -1.650 -1.831
0.0001957 -1.90000 9.35000 1.3385976553 2.5237227272    1.336  2.293  3.7068  2.050    3  0.000  0.363     0.00     0.00     0.00     0.00     0.00 -1 -1.06e-10      0.00 7.309e-01 2.689e-01 2.341e-05 2.230e-05 8.605e-05 -1.000 1.968e-04 -0.962 2.852 3.166 1.601 0.473 -0.019 0.130 0.071 -0.160 -0.670 -0.780 -0.933 -1.039 -1.242 -1.291 -1.565 -1.579 -1.758
0.0001957 -1.90000 9.35000 1.3386813402 2.5237316839    1.336  2.308  3.7060  2.032    3  0.000  0.363     0.00     0.00     0.00     0.00     0.00 -1 -1.11e-10      0.00 7.309e-01 2.689e-01 2.341e-05 2.230e-05 8.605e-05 -1.000 1.968e-04 -1.000 2.821 3.166 1.588 0.449 -0.045 0.100 0.040 -0.193 -0.706 -0.816 -0.970 -1.076 -1.280 -1.329 -1.604 -1.618 -1.797
0.0001957 -1.90000 9.35000 1.3389815092 2.5237638003    1.336  2.357  3.7038  1.974    3  0.000  0.363     0.00     0.00     0.00     0.00     0.00 -1 -1.31e-10      0.00 7.309e-01 2.689e-01 2.341e-05 2.231e-05 8.605e-05 -1.000 1.968e-04 -1.122 2.721 3.166 1.547 0.375 -0.128 0.002 -0.064 -0.300 -0.821 -0.932 -1.088 -1.196 -1.401 -1.451 -1.728 -1.742 -1.924
0.0001957 -1.90000 9.35000 1.3392790556 2.5237956197    1.336  2.406  3.7018  1.917    3  0.000  0.363     0.00     0.00     0.00     0.00     0.00 -1 -1.57e-10      0.00 7.309e-01 2.689e-01 2.340e-05 2.231e-05 8.605e-05 -1.000 1.968e-04 -1.245 2.619 3.167 1.508 0.300 -0.213 -0.098 -0.169 -0.410 -0.938 -1.051 -1.208 -1.316 -1.524 -1.574 -1.854 -1.868 -2.052
0.0001957 -1.90000 9.35000 1.3395527601 2.5238248751    1.336  2.454  3.6993  1.859    3  0.000  0.363     0.00     0.00     0.00     0.00     0.00 -1 -1.87e-10      0.00 7.309e-01 2.689e-01 2.340e-05 2.231e-05 8.605e-05 -1.000 1.968e-04 -1.365 2.522 3.189 1.484 0.235 -0.288 -0.190 -0.268 -0.514 -1.051 -1.165 -1.324 -1.434 -1.643 -1.694 -1.976 -1.991 -2.177
0.0001957 -1.90000 9.35000 1.3398098946 2.5238523468    1.336  2.502  3.6973  1.802    3  0.000  0.363     4.37     3.53     2.58     1.95     1.58  4 -2.23e-10      0.00 7.309e-01 2.690e-01 2.340e-05 2.232e-05 8.605e-05 -1.000 1.968e-04 -1.486 2.419 3.199 1.452 0.166 -0.366 -0.286 -0.370 -0.620 -1.165 -1.280 -1.442 -1.552 -1.763 -1.815 -2.099 -2.114 -2.303
0.0001957 -1.90000 9.35000 1.3400461674 2.5238775791    1.336  2.550  3.6949  1.745    3  0.000  0.362     4.92     3.91     2.85     2.15     1.75  4 -2.66e-10      0.00 7.308e-01 2.690e-01 2.340e-05 2.232e-05 8.605e-05 -1.000 1.969e-04 -1.606 2.320 3.225 1.433 0.104 -0.439 -0.376 -0.467 -0.722 -1.277 -1.393 -1.556 -1.668 -1.882 -1.934 -2.221 -2.236 -2.428
0.0001957 -1.90000 9.35000 1.3402676582 2.5239012235    1.336  2.599  3.6927  1.688    3  0.000  0.362     5.53     4.34     3.15     2.38     1.93  4 -3.18e-10      0.00 7.308e-01 2.690e-01 2.339e-05 2.233e-05 8.605e-05 -1.000 1.968e-04 -1.727 2.218 3.242 1.407 0.038 -0.514 -0.468 -0.566 -0.827 -1.390 -1.507 -1.673 -1.785 -2.001 -2.054 -2.344 -2.359 -2.553
0.0001957 -1.90000 9.35000 1.3404737711 2.5239232181    1.335  2.647  3.6903  1.630    3  0.000  0.362     6.22     4.82     3.48     2.63     2.14  4  -3.8e-10      0.00 7.308e-01 2.690e-01 2.339e-05 2.233e-05 8.605e-05 -1.000 1.968e-04 -1.847 2.116 3.268 1.387 -0.025 -0.588 -0.559 -0.663 -0.930 -1.502 -1.621 -1.788 -1.902 -2.120 -2.174 -2.467 -2.482 -2.678
0.0001957 -1.90000 9.35000 1.3406623602 2.5239433360    1.335  2.695  3.6880  1.573    3  0.000  0.362     6.99     5.34     3.84     2.91     2.36  4 -4.53e-10      0.00 7.308e-01 2.690e-01 2.339e-05 2.233e-05 8.605e-05 -1.000 1.968e-04 -1.967 2.014 3.298 1.373 -0.084 -0.656 -0.646 -0.758 -1.030 -1.613 -1.733 -1.902 -2.017 -2.237 -2.291 -2.587 -2.603 -2.802
0.0001957 -1.90000 9.35000 1.3408381939 2.5239620873    1.335  2.743  3.6856  1.515    3  0.000  0.362     7.87     5.93     4.24     3.22     2.62  4 -5.42e-10      0.00 7.308e-01 2.690e-01 2.338e-05 2.234e-05 8.605e-05 -1.000 1.969e-04 -2.087 1.911 3.328 1.363 -0.139 -0.722 -0.732 -0.852 -1.130 -1.724 -1.845 -2.017 -2.132 -2.355 -2.410 -2.709 -2.725 -2.926
0.0001957 -1.90000 9.35000 1.3409987688 2.5239792064    1.335  2.791  3.6832  1.457    3  0.000  0.362     8.85     6.58     4.69     3.56     2.89  4 -6.47e-10      0.00 7.308e-01 2.690e-01 2.338e-05 2.234e-05 8.605e-05 -1.000 1.968e-04 -2.206 1.811 3.332 1.393 -0.158 -0.755 -0.799 -0.934 -1.224 -1.833 -1.957 -2.131 -2.249 -2.474 -2.529 -2.831 -2.848 -3.052
0.0001957 -1.90000 9.35000 1.3411477804 2.5239950886    1.334  2.838  3.6806  1.400    3  0.000  0.362     9.96     7.30     5.18     3.94     3.20  4 -7.72e-10      0.00 7.308e-01 2.690e-01 2.338e-05 2.234e-05 8.605e-05 -1.000 1.968e-04 -2.325 1.712 3.348 1.436 -0.169 -0.779 -0.861 -1.012 -1.313 -1.942 -2.068 -2.245 -2.365 -2.593 -2.649 -2.954 -2.971 -3.178
0.0001957 -1.90000 9.35000 1.3412864208 2.5240098617    1.334  2.886  3.6782  1.342    3  0.000  0.362    11.20     8.10     5.72     4.36     3.55  4 -9.22e-10      0.00 7.308e-01 2.690e-01 2.338e-05 2.234e-05 8.605e-05 -1.000 1.969e-04 -2.444 1.612 3.369 1.489 -0.173 -0.796 -0.917 -1.085 -1.400 -2.049 -2.177 -2.359 -2.480 -2.711 -2.768 -3.077 -3.094 -3.303
0.0001957 -1.90000 9.35000 1.3414151669 2.5240235773    1.333  2.933  3.6756  1.284    3  0.000  0.362    12.61     9.00     6.32     4.83     3.93  3  -1.1e-09      0.00 7.308e-01 2.690e-01 2.338e-05 2.235e-05 8.605e-05 -1.000 1.968e-04 -2.563 1.512 3.399 1.554 -0.168 -0.803 -0.966 -1.154 -1.484 -2.154 -2.286 -2.471 -2.595 -2.830 -2.887 -3.200 -3.217 -3.430
0.0001957 -1.90000 9.35000 1.3415331841 2.5240361473    1.333  2.981  3.6730  1.226    3  0.000  0.362    14.19     9.98     6.98     5.34     4.34  3 -1.32e-09      0.00 7.308e-01 2.690e-01 2.338e-05 2.235e-05 8.605e-05 -1.000 1.968e-04 -2.681 1.415 3.440 1.632 -0.154 -0.801 -1.007 -1.216 -1.562 -2.257 -2.392 -2.581 -2.708 -2.947 -3.005 -3.322 -3.339 -3.555
0.0001957 -1.90000 9.35000 1.3416426182 2.5240478009    1.332  3.028  3.6704  1.168    3  0.000  0.362    15.97    11.08     7.71     5.91     4.81  3 -1.57e-09      0.00 7.308e-01 2.690e-01 2.337e-05 2.235e-05 8.605e-05 -1.000 1.968e-04 -2.799 1.318 3.492 1.722 -0.130 -0.789 -1.040 -1.271 -1.636 -2.358 -2.497 -2.691 -2.820 -3.063 -3.122 -3.443 -3.461 -3.680
0.0001957 -1.90000 9.35000 1.3417447805 2.5240586781    1.331  3.075  3.6678  1.111    3  0.000  0.362    17.97    12.30     8.52     6.54     5.32  3 -1.88e-09      0.00 7.308e-01 2.690e-01 2.337e-05 2.235e-05 8.605e-05 -1.000 1.969e-04 -2.916 1.222 3.547 1.822 -0.099 -0.768 -1.066 -1.322 -1.706 -2.456 -2.599 -2.798 -2.930 -3.178 -3.238 -3.564 -3.582 -3.804
0.0001957 -1.90000 9.35000 1.3418397903 2.5240687921    1.330  3.121  3.6649  1.052    3  0.000  0.362    20.24    13.66     9.42     7.24     5.89  3 -2.24e-09      0.00 7.308e-01 2.690e-01 2.337e-05 2.235e-05 8.605e-05 -1.000 1.968e-04 -3.033 1.128 3.619 1.944 -0.050 -0.730 -1.079 -1.362 -1.768 -2.551 -2.698 -2.903 -3.038 -3.291 -3.353 -3.683 -3.702 -3.928
0.0001957 -1.90000 9.35000 1.3419308662 2.5240784858    1.329  3.168  3.6623  0.995    3  0.000  0.362    22.78    15.17    10.41     8.01     6.52  3 -2.68e-09      0.00 7.308e-01 2.690e-01 2.337e-05 2.235e-05 8.605e-05 -1.000 1.968e-04 -3.151 1.031 3.684 2.060 -0.004 -0.693 -1.091 -1.401 -1.830 -2.646 -2.798 -3.009 -3.148 -3.406 -3.469 -3.804 -3.824 -4.053
0.0001957 -1.90000 9.35000 1.3420000076 2.5240858438    1.328  3.203  3.6601  0.951    3  0.000  0.362    24.91    16.41    11.22     8.65     7.04  3 -3.06e-09      0.00 7.308e-01 2.690e-01 2.337e-05 2.235e-05 8.605e-05 -1.000 1.968e-04 -3.237 0.962 3.749 2.174 0.053 -0.643 -1.078 -1.413 -1.863 -2.711 -2.867 -3.084 -3.226 -3.489 -3.553 -3.893 -3.913 -4.146
0.0001957 -1.90000 9.35000 1.3420000076 2.5240858438    1.328  1.972  3.7668  2.608    4  0.000  0.365     0.00     0.00     0.00     0.00     0.00 -1    -1e-30      0.00 7.310e-01 2.688e-01 2.355e-05 2.213e-05 8.604e-05 -1.000 1.968e-04 -0.160 2.876 2.054 1.182 0.593 0.291 0.482 0.488 0.338 -0.005 -0.088 -0.199 -0.281 -0.434 -0.470 -0.677 -0.686 -0.809
0.0001957 -1.90000 9.35000 1.3421297073 2.5240996441    1.328  1.974  3.7651  2.599    4  0.000  0.365     0.00     0.00     0.00     0.00     0.00 -1    -1e-30      0.00 7.310e-01 2.688e-01 2.355e-05 2.213e-05 8.604e-05 -1.000 1.968e-04 -0.166 2.896 2.081 1.196 0.598 0.291 0.486 0.492 0.340 -0.008 -0.091 -0.203 -0.286 -0.441 -0.476 -0.686 -0.694 -0.820
0.0001957 -1.90000 9.35000 1.3426157236 2.5241513301    1.329  1.982  3.7605  2.574    4  0.000  0.365     0.00     0.00     0.00     0.00     0.00 -1    -1e-30      0.00 7.310e-01 2.688e-01 2.354e-05 2.214e-05 8.605e-05 -1.000 1.969e-04 -0.184 2.948 2.154 1.233 0.607 0.288 0.495 0.499 0.343 -0.016 -0.102 -0.217 -0.302 -0.461 -0.497 -0.712 -0.721 -0.850
0.0001957 -1.90000 9.35000 1.3430714607 2.5241997569    1.329  1.986  3.7587  2.562    4  0.000  0.365     0.00     0.00     0.00     0.00     0.00 -1    -1e-30      0.00 7.310e-01 2.688e-01 2.354e-05 2.214e-05 8.605e-05 -1.000 1.968e-04 -0.195 2.962 2.182 1.245 0.608 0.285 0.495 0.499 0.340 -0.024 -0.110 -0.226 -0.312 -0.472 -0.509 -0.726 -0.735 -0.865
0.0001957 -1.90000 9.35000 1.3435302973 2.5242484748    1.330  1.990  3.7582  2.556    4  0.000  0.365     0.00     0.00     0.00     0.00     0.00 -1    -1e-30      0.00 7.310e-01 2.688e-01 2.353e-05 2.215e-05 8.605e-05 -1.000 1.968e-04 -0.206 2.959 2.184 1.242 0.601 0.276 0.487 0.490 0.331 -0.034 -0.120 -0.237 -0.323 -0.483 -0.521 -0.738 -0.747 -0.878
0.0001957 -1.90000 9.35000 1.3439916372 2.5242974200    1.330  1.995  3.7587  2.554    4  0.000  0.365     0.00     0.00     0.00     0.00     0.00 -1    -1e-30      0.00 7.310e-01 2.688e-01 2.352e-05 2.216e-05 8.605e-05 -1.000 1.969e-04 -0.217 2.941 2.163 1.225 0.587 0.264 0.473 0.476 0.317 -0.046 -0.132 -0.249 -0.334 -0.495 -0.532 -0.748 -0.757 -0.888
0.0001957 -1.90000 9.35000 1.3444523811 2.5243462635    1.331  1.999  3.7598  2.554    4  0.000  0.364     0.00     0.00     0.00     0.00     0.00 -1    -1e-30      0.00 7.310e-01 2.688e-01 2.352e-05 2.217e-05 8.605e-05 -1.000 1.969e-04 -0.228 2.915 2.128 1.200 0.569 0.249 0.454 0.458 0.301 -0.060 -0.145 -0.261 -0.346 -0.505 -0.542 -0.758 -0.766 -0.896
0.0001957 -1.90000 9.35000 1.3449245691 2.5243962801    1.331  2.004  3.7611  2.555    4  0.000  0.364     0.00     0.00     0.00     0.00     0.00 -1    -1e-30      0.00 7.310e-01 2.688e-01 2.351e-05 2.218e-05 8.605e-05 -1.000 1.968e-04 -0.239 2.885 2.091 1.174 0.551 0.234 0.435 0.440 0.284 -0.073 -0.158 -0.273 -0.358 -0.516 -0.552 -0.766 -0.775 -0.904
0.0001957 -1.90000 9.35000 1.3453767300 2.5244441376    1.332  2.008  3.7625  2.557    4  0.000  0.364     0.00     0.00     0.00     0.00     0.00 -1    -1e-30      0.00 7.310e-01 2.688e-01 2.351e-05 2.218e-05 8.605e-05 -1.000 1.968e-04 -0.249 2.855 2.056 1.149 0.534 0.221 0.417 0.421 0.267 -0.087 -0.171 -0.285 -0.369 -0.526 -0.562 -0.774 -0.783 -0.910
0.0001957 -1.90000 9.35000 1.3458213806 2.5244911641    1.332  2.012  3.7638  2.558    4  0.000  0.364     0.00     0.00     0.00     0.00     0.00 -1    -1e-30      0.00 7.310e-01 2.688e-01 2.350e-05 2.219e-05 8.605e-05 -1.000 1.968e-04 -0.259 2.826 2.021 1.125 0.518 0.208 0.399 0.404 0.251 -0.099 -0.183 -0.296 -0.379 -0.535 -0.571 -0.782 -0.790 -0.917
0.0001957 -1.90000 9.35000 1.3462729454 2.5245388853    1.333  2.016  3.7653  2.560    4  0.000  0.364     0.00     0.00     0.00     0.00     0.00 -1    -1e-30      0.00 7.310e-01 2.688e-01 2.349e-05 2.220e-05 8.605e-05 -1.000 1.968e-04 -0.269 2.795 1.985 1.100 0.501 0.194 0.381 0.386 0.235 -0.112 -0.195 -0.307 -0.390 -0.544 -0.580 -0.789 -0.798 -0.923
0.0001957 -1.90000 9.35000 1.3467206955 2.5245861670    1.333  2.019  3.7667  2.562    4  0.000  0.364     0.00     0.00     0.00     0.00     0.00 -1    -1e-30      0.00 7.309e-01 2.689e-01 2.349e-05 2.221e-05 8.605e-05 -1.000 1.969e-04 -0.278 2.766 1.949 1.075 0.484 0.181 0.363 0.368 0.219 -0.125 -0.207 -0.318 -0.400 -0.553 -0.589 -0.796 -0.805 -0.929
0.0001957 -1.90000 9.35000 1.3472169638 2.5246385299    1.334  2.023  3.7682  2.564    4  0.000  0.364     0.00     0.00     0.00     0.00     0.00 -1    -1e-30      0.00 7.309e-01 2.689e-01 2.348e-05 2.222e-05 8.605e-05 -1.000 1.969e-04 -0.289 2.733 1.910 1.048 0.466 0.167 0.344 0.349 0.201 -0.138 -0.220 -0.330 -0.411 -0.563 -0.598 -0.804 -0.812 -0.935
0.0001957 -1.90000 9.35000 1.3476846218 2.5246878335    1.334  2.027  3.7697  2.567    4  0.000  0.364     0.00     0.00     0.00     0.00     0.00 -1    -1e-30      0.00 7.309e-01 2.689e-01 2.347e-05 2.222e-05 8.605e-05 -1.000 1.969e-04 -0.298 2.703 1.873 1.023 0.449 0.154 0.325 0.331 0.184 -0.151 -0.232 -0.341 -0.422 -0.572 -0.607 -0.811 -0.819 -0.941
0.0001957 -1.90000 9.35000 1.3481392860 2.5247357295    1.335  2.031  3.7712  2.569    4  0.000  0.364     0.00     0.00     0.00     0.00     0.00 -1    -1e-30      0.00 7.309e-01 2.689e-01 2.347e-05 2.223e-05 8.605e-05 -1.000 1.968e-04 -0.307 2.671 1.839 0.999 0.432 0.141 0.308 0.313 0.169 -0.163 -0.244 -0.351 -0.432 -0.581 -0.615 -0.818 -0.826 -0.946
0.0001957 -1.90000 9.35000 1.3486353159 2.5247879407    1.335  2.035  3.7728  2.572    4  0.000  0.364     0.00     0.00     0.00     0.00     0.00 -1    -1e-30      0.00 7.309e-01 2.689e-01 2.346e-05 2.224e-05 8.605e-05 -1.000 1.968e-04 -0.317 2.637 1.802 0.974 0.415 0.126 0.288 0.294 0.151 -0.177 -0.256 -0.363 -0.442 -0.590 -0.624 -0.825 -0.833 -0.952
0.0001957 -1.90000 9.35000 1.3490917683 2.5248359470    1.336  2.038  3.7744  2.575    4  0.000  0.363     0.00     0.00     0.00     0.00     0.00 -1    -1e-30      0.00 7.309e-01 2.689e-01 2.345e-05 2.225e-05 8.605e-05 -1.000 1.969e-04 -0.326 2.606 1.768 0.950 0.399 0.113 0.271 0.277 0.135 -0.189 -0.268 -0.373 -0.452 -0.599 -0.632 -0.831 -0.839 -0.957
0.0001957 -1.90000 9.35000 1.3491967916 2.5248469873    1.336  2.039  3.7747  2.575    4  0.000  0.363     0.00     0.00     0.00     0.00     0.00 -1    -1e-30      0.00 7.309e-01 2.689e-01 2.345e-05 2.225e-05 8.605e-05 -1.000 1.968e-04 -0.328 2.598 1.760 0.944 0.395 0.110 0.267 0.273 0.132 -0.192 -0.270 -0.376 -0.454 -0.601 -0.634 -0.833 -0.840 -0.958
0.0001957 -1.90000 9.35000 1.3495632410 2.5248854939    1.336  2.042  3.7760  2.578    4  0.000  0.363     0.00     0.00     0.00     0.00     0.00 -1    -1e-30      0.00 7.309e-01 2.689e-01 2.345e-05 2.226e-05 8.605e-05 -1.000 1.968e-04 -0.335 2.573 1.732 0.925 0.382 0.100 0.252 0.259 0.119 -0.201 -0.279 -0.384 -0.462 -0.607 -0.641 -0.838 -0.845 -0.962
0.0001957 -1.90000 9.35000 1.3500391245 2.5249354640    1.337  2.046  3.7776  2.581    4  0.000  0.363     0.00     0.00     0.00     0.00     0.00 -1    -1e-30      0.00 7.309e-01 2.689e-01 2.344e-05 2.226e-05 8.605e-05 -1.000 1.969e-04 -0.344 2.540 1.695 0.900 0.365 0.087 0.234 0.240 0.103 -0.214 -0.291 -0.394 -0.472 -0.616 -0.649 -0.844 -0.851 -0.966
0.0001957 -1.90000 9.35000 1.3504842520 2.5249821679    1.337  2.049  3.7791  2.583    4  0.000  0.363     0.00     0.00     0.00     0.00     0.00 -1    -1e-30      0.00 7.309e-01 2.689e-01 2.344e-05 2.227e-05 8.605e-05 -1.000 1.969e-04 -0.353 2.510 1.662 0.878 0.349 0.074 0.217 0.224 0.087 -0.225 -0.302 -0.404 -0.481 -0.624 -0.656 -0.850 -0.857 -0.971
0.0001957 -1.90000 9.35000 1.3509368896 2.5250296234    1.338  2.053  3.7805  2.586    4  0.000  0.363     0.00     0.00     0.00     0.00     0.00 -1    -1e-30      0.00 7.309e-01 2.689e-01 2.343e-05 2.228e-05 8.605e-05 -1.000 1.969e-04 -0.361 2.483 1.632 0.857 0.335 0.063 0.200 0.208 0.073 -0.237 -0.313 -0.414 -0.490 -0.632 -0.664 -0.856 -0.863 -0.976
0.0001957 -1.90000 9.35000 1.3514077663 2.5250789524    1.338  2.056  3.7817  2.587    4  0.000  0.363     0.00     0.00     0.00     0.00     0.00 -1    -1e-30      0.00 7.309e-01 2.689e-01 2.342e-05 2.229e-05 8.605e-05 -1.000 1.969e-04 -0.370 2.458 1.608 0.839 0.323 0.053 0.185 0.192 0.058 -0.248 -0.324 -0.424 -0.500 -0.640 -0.672 -0.863 -0.870 -0.982
0.0001957 -1.90000 9.35000 1.3518657684 2.5251268947    1.339  2.059  3.7827  2.588    4  0.000  0.363     0.00     0.00     0.00     0.00     0.00 -1    -1e-30      0.00 7.309e-01 2.689e-01 2.342e-05 2.230e-05 8.605e-05 -1.000 1.969e-04 -0.379 2.437 1.586 0.824 0.311 0.044 0.171 0.178 0.045 -0.259 -0.334 -0.434 -0.509 -0.648 -0.680 -0.870 -0.877 -0.988
0.0001957 -1.90000 9.35000 1.3523455858 2.5251770806    1.339  2.063  3.7834  2.587    4  0.000  0.363     0.00     0.00     0.00     0.00     0.00 -1    -1e-30      0.00 7.309e-01 2.689e-01 2.341e-05 2.230e-05 8.605e-05 -1.000 1.968e-04 -0.388 2.419 1.568 0.810 0.300 0.035 0.158 0.165 0.033 -0.270 -0.344 -0.443 -0.518 -0.657 -0.689 -0.877 -0.884 -0.995
0.0001957 -1.90000 9.35000 1.3526099920 2.5252047183    1.339  2.065  3.7836  2.586    4  0.000  0.363     0.00     0.00     0.00     0.00     0.00 -1    -1e-30      0.00 7.309e-01 2.689e-01 2.341e-05 2.231e-05 8.605e-05 -1.000 1.969e-04 -0.393 2.412 1.561 0.804 0.295 0.030 0.152 0.159 0.027 -0.275 -0.350 -0.449 -0.524 -0.662 -0.694 -0.882 -0.889 -1.000
0.0001957 -1.90000 9.35000 1.3529683352 2.5252421552    1.340  2.068  3.7834  2.583    4  0.000  0.363     0.00     0.00     0.00     0.00     0.00 -1    -1e-30      0.00 7.309e-01 2.689e-01 2.340e-05 2.231e-05 8.605e-05 -1.000 1.969e-04 -0.400 2.408 1.558 0.800 0.289 0.023 0.146 0.152 0.021 -0.282 -0.356 -0.456 -0.530 -0.669 -0.701 -0.890 -0.897 -1.007
0.0001957 -1.90000 9.35000 1.3534559011 2.5252930556    1.340  2.072  3.7828  2.576    4  0.000  0.362     0.00     0.00     0.00     0.00     0.00 -1    -1e-30      0.00 7.308e-01 2.690e-01 2.339e-05 2.232e-05 8.605e-05 -1.000 1.968e-04 -0.410 2.407 1.558 0.796 0.282 0.015 0.139 0.146 0.013 -0.291 -0.365 -0.465 -0.540 -0.680 -0.711 -0.901 -0.908 -1.019
0.0001957 -1.90000 9.35000 1.3539528847 2.5253448959    1.341  2.076  3.7814  2.567    4  0.000  0.362     0.00     0.00     0.00     0.00     0.00 -1    -1e-30      0.00 7.308e-01 2.690e-01 2.339e-05 2.233e-05 8.605e-05 -1.000 1.968e-04 -0.420 2.415 1.567 0.796 0.277 0.007 0.135 0.142 0.008 -0.299 -0.374 -0.475 -0.550 -0.691 -0.723 -0.914 -0.921 -1.033
0.0001957 -1.90000 9.35000 1.3544365168 2.5253953014    1.341  2.080  3.7794  2.555    4  0.000  0.362     0.00     0.00     0.00     0.00     0.00 -1    -1e-30      0.00 7.308e-01 2.690e-01 2.338e-05 2.234e-05 8.605e-05 -1.000 1.968e-04 -0.431 2.433 1.588 0.804 0.275 0.001 0.135 0.142 0.006 -0.306 -0.382 -0.484 -0.560 -0.703 -0.735 -0.928 -0.935 -1.049
0.0001957 -1.90000 9.35000 1.3549168110 2.5254453181    1.342  2.085  3.7769  2.540    4  0.000  0.362     0.00     0.00     0.00     0.00     0.00 -1    -1e-30      0.00 7.308e-01 2.690e-01 2.337e-05 2.235e-05 8.605e-05 -1.000 1.969e-04 -0.442 2.460 1.621 0.819 0.278 -0.002 0.138 0.144 0.006 -0.312 -0.389 -0.493 -0.571 -0.715 -0.748 -0.944 -0.951 -1.067
0.0001957 -1.90000 9.35000 1.3554024696 2.5254958520    1.342  2.090  3.7740  2.524    4  0.000  0.362     0.00     0.00     0.00     0.00     0.00 -1    -1e-30      0.00 7.308e-01 2.690e-01 2.337e-05 2.236e-05 8.605e-05 -1.000 1.968e-04 -0.454 2.491 1.660 0.837 0.282 -0.005 0.143 0.147 0.006 -0.318 -0.397 -0.503 -0.581 -0.728 -0.762 -0.961 -0.969 -1.087
0.0001957 -1.90000 9.35000 1.3558883667 2.5255463691    1.343  2.095  3.7709  2.507    4  0.000  0.362     0.00     0.00     0.00     0.00     0.00 -1    -1e-30      0.00 7.308e-01 2.690e-01 2.336e-05 2.237e-05 8.605e-05 -1.000 1.968e-04 -0.467 2.525 1.700 0.857 0.286 -0.007 0.148 0.151 0.007 -0.324 -0.405 -0.512 -0.592 -0.742 -0.776 -0.979 -0.987 -1.107
0.0001957 -1.90000 9.35000 1.3563718796 2.5255965969    1.343  2.099  3.7687  2.494    4  0.000  0.362     0.00     0.00     0.00     0.00     0.00 -1    -1e-30      0.00 7.308e-01 2.690e-01 2.335e-05 2.237e-05 8.605e-05 -1.000 1.969e-04 -0.478 2.547 1.732 0.871 0.288 -0.011 0.149 0.152 0.006 -0.331 -0.413 -0.522 -0.603 -0.754 -0.789 -0.994 -1.002 -1.125
0.0001957 -1.90000 9.35000 1.3568556309 2.5256468084    1.344  2.103  3.7683  2.489    4  0.000  0.362     0.00     0.00     0.00     0.00     0.00 -1    -1e-30      0.00 7.308e-01 2.690e-01 2.335e-05 2.238e-05 8.605e-05 -1.000 1.969e-04 -0.487 2.545 1.731 0.867 0.281 -0.018 0.142 0.145 -0.002 -0.340 -0.421 -0.531 -0.612 -0.764 -0.798 -1.004 -1.012 -1.135
0.0001957 -1.90000 9.35000 1.3572026491 2.5256828021    1.344  2.108  3.7641  2.467    4  0.000  0.362     0.00     0.00     0.00     0.00     0.00 -1    -1e-30      0.00 7.308e-01 2.690e-01 2.334e-05 2.239e-05 8.605e-05 -1.000 1.969e-04 -0.499 2.596 1.804 0.906 0.295 -0.016 0.155 0.157 0.006 -0.343 -0.426 -0.539 -0.621 -0.777 -0.812 -1.023 -1.031 -1.158
0.0001957 -1.90000 9.35000 1.3575081825 2.5257144754    1.345  2.115  3.7573  2.433    4  0.000  0.362     0.00     0.00     0.00     0.00     0.00 -1    -1e-30      0.00 7.308e-01 2.690e-01 2.334e-05 2.239e-05 8.605e-05 -1.000 1.969e-04 -0.517 2.677 1.930 0.974 0.320 -0.009 0.179 0.179 0.019 -0.346 -0.433 -0.550 -0.636 -0.797 -0.834 -1.051 -1.060 -1.193
0.0001957 -1.90000 9.35000 1.3577365875 2.5257381424    1.345  2.121  3.7516  2.404    4  0.000  0.362     0.00     0.00     0.00     0.00     0.00 -1    -1e-30      0.00 7.308e-01 2.690e-01 2.334e-05 2.240e-05 8.605e-05 -1.000 1.969e-04 -0.533 2.742 2.042 1.036 0.345 0.000 0.198 0.196 0.030 -0.350 -0.439 -0.560 -0.648 -0.814 -0.852 -1.076 -1.086 -1.223
0.0001957 -1.90000 9.35000 1.3578721285 2.5257521827    1.345  2.126  3.7476  2.383    4  0.000  0.362     0.00     0.00     0.00     0.00     0.00 -1    -1e-30      0.00 7.308e-01 2.690e-01 2.333e-05 2.240e-05 8.605e-05 -1.000 1.969e-04 -0.545 2.784 2.125 1.083 0.363 0.007 0.212 0.208 0.037 -0.353 -0.444 -0.568 -0.658 -0.827 -0.866 -1.094 -1.104 -1.245
0.0001957 -1.90000 9.35000 1.3580259085 2.5257681083    1.345  2.133  3.7426  2.356    4  0.000  0.361     0.00     0.00     0.00     0.00     0.00 -1    -1e-30      0.00 7.308e-01 2.690e-01 2.333e-05 2.240e-05 8.605e-05 -1.000 1.968e-04 -0.562 2.834 2.234 1.143 0.387 0.017 0.229 0.221 0.044 -0.359 -0.452 -0.580 -0.671 -0.844 -0.885 -1.119 -1.129 -1.274
0.0001957 -1.90000 9.35000 1.3581701517 2.5257830426    1.345  2.142  3.7366  2.323    4  0.000  0.361     0.00     0.00     0.00     0.00     0.00 -1    -1e-30      0.00 7.308e-01 2.690e-01 2.333e-05 2.240e-05 8.605e-05 -1.000 1.969e-04 -0.586 2.891 2.387 1.232 0.425 0.036 0.247 0.234 0.050 -0.370 -0.466 -0.597 -0.691 -0.869 -0.911 -1.151 -1.162 -1.313
0.0001957 -1.90000 9.35000 1.3582730293 2.5257936918    1.345  2.160  3.7295  2.277    4  0.000  0.361     0.00     0.00     0.00     0.00     0.00 -1    -1e-30      0.00 7.308e-01 2.690e-01 2.333e-05 2.241e-05 8.605e-05 -1.000 1.969e-04 -0.630 2.940 2.579 1.338 0.464 0.052 0.257 0.235 0.042 -0.398 -0.497 -0.634 -0.731 -0.915 -0.958 -1.206 -1.218 -1.375
0.0001957 -1.90000 9.35000 1.3583195210 2.5257985037    1.345  2.184  3.7239  2.231    4  0.000  0.361     0.00     0.00     0.00     0.00     0.00 -1    -1e-30      0.00 7.308e-01 2.690e-01 2.333e-05 2.241e-05 8.605e-05 -1.000 1.969e-04 -0.689 2.947 2.728 1.413 0.481 0.049 0.244 0.214 0.012 -0.444 -0.546 -0.686 -0.785 -0.974 -1.019 -1.273 -1.285 -1.447
0.0001957 -1.90000 9.35000 1.3583196402 2.5257985160    1.345  2.184  3.7239  2.231    7  0.000  0.361     0.00     0.00     0.00     0.00     0.00 -1    -1e-30      0.00 7.308e-01 2.690e-01 2.333e-05 2.241e-05 8.605e-05 -1.000 1.969e-04 -0.690 2.947 2.728 1.413 0.481 0.049 0.244 0.214 0.012 -0.444 -0.546 -0.687 -0.786 -0.974 -1.019 -1.273 -1.285 -1.448
0.0001957 -1.90000 9.35000 1.3583260775 2.5257991823    1.345  2.206  3.7219  2.200    7  0.000  0.361     0.00     0.00     0.00     0.00     0.00 -1    -1e-30      0.00 7.308e-01 2.690e-01 2.333e-05 2.241e-05 8.605e-05 -1.000 1.969e-04 -0.745 2.917 2.754 1.411 0.456 0.017 0.206 0.173 -0.032 -0.494 -0.597 -0.739 -0.839 -1.029 -1.075 -1.331 -1.343 -1.507
0.0001957 -1.90000 9.35000 1.3583343029 2.5258000336    1.345  2.241  3.7190  2.153    7  0.000  0.361     0.00     0.00     0.00     0.00     0.00 -1    -1e-30      0.00 7.308e-01 2.690e-01 2.333e-05 2.241e-05 8.605e-05 -1.000 1.968e-04 -0.833 2.861 2.781 1.398 0.411 -0.038 0.141 0.104 -0.106 -0.576 -0.680 -0.825 -0.925 -1.118 -1.164 -1.423 -1.436 -1.603
0.0001957 -1.90000 9.35000 1.3583418131 2.5258008108    1.345  2.271  3.7169  2.115    7  0.000  0.361     0.00     0.00     0.00     0.00     0.00 -1    -1e-30      0.00 7.308e-01 2.690e-01 2.333e-05 2.241e-05 8.605e-05 -1.000 1.968e-04 -0.908 2.809 2.797 1.383 0.371 -0.085 0.086 0.044 -0.169 -0.646 -0.751 -0.896 -0.998 -1.192 -1.239 -1.501 -1.513 -1.682
0.0001957 -1.90000 9.35000 1.3583492041 2.5258015757    1.345  2.294  3.7155  2.086    7  0.000  0.361     0.00     0.00     0.00     0.00     0.00 -1    -1e-30      0.00 7.308e-01 2.690e-01 2.333e-05 2.241e-05 8.605e-05 -1.000 1.969e-04 -0.966 2.767 2.804 1.368 0.338 -0.124 0.041 -0.003 -0.218 -0.700 -0.805 -0.952 -1.055 -1.250 -1.297 -1.560 -1.573 -1.743
0.0001957 -1.90000 9.35000 1.3583601713 2.5258027107    1.345  2.288  3.7160  2.095    7  0.000  0.361     0.00     0.00     0.00     0.00     0.00 -1    -1e-30      0.00 7.308e-01 2.690e-01 2.333e-05 2.241e-05 8.605e-05 -1.000 1.969e-04 -0.951 2.777 2.798 1.369 0.345 -0.115 0.052 0.009 -0.206 -0.686 -0.791 -0.938 -1.040 -1.235 -1.282 -1.544 -1.557 -1.727
0.0001957 -1.90000 9.35000 1.3583884239 2.5258056345    1.345  2.272  3.7173  2.116    7  0.000  0.361     0.00     0.00     0.00     0.00     0.00 -1    -1e-30      0.00 7.308e-01 2.690e-01 2.333e-05 2.241e-05 8.605e-05 -1.000 1.968e-04 -0.910 2.804 2.783 1.373 0.365 -0.090 0.081 0.040 -0.172 -0.648 -0.753 -0.898 -1.000 -1.194 -1.240 -1.502 -1.514 -1.683
0.0001957 -1.90000 9.35000 1.3585501909 2.5258223726    1.346  2.290  3.7158  2.092    7  0.000  0.361     0.00     0.00     0.00     0.00     0.00 -1    -1e-30      0.00 7.308e-01 2.690e-01 2.333e-05 2.241e-05 8.605e-05 -1.000 1.969e-04 -0.956 2.774 2.802 1.369 0.343 -0.117 0.049 0.005 -0.210 -0.690 -0.796 -0.942 -1.045 -1.240 -1.287 -1.550 -1.563 -1.733
0.0001957 -1.90000 9.35000 1.3586444855 2.5258321271    1.346  2.312  3.7142  2.064    7  0.000  0.361     0.00     0.00     0.00     0.00     0.00 -1    -1e-30      0.00 7.308e-01 2.690e-01 2.332e-05 2.241e-05 8.606e-05 -1.000 1.969e-04 -1.009 2.737 2.816 1.360 0.315 -0.151 0.009 -0.037 -0.254 -0.740 -0.846 -0.994 -1.097 -1.293 -1.340 -1.605 -1.618 -1.790
0.0001957 -1.90000 9.35000 1.3587782383 2.5258459609    1.346  2.362  3.7109  2.000    7  0.000  0.361     0.00     0.00     0.00     0.00     0.00 -1    -1e-30      0.00 7.308e-01 2.690e-01 2.332e-05 2.241e-05 8.606e-05 -1.000 1.969e-04 -1.136 2.645 2.836 1.330 0.244 -0.234 -0.086 -0.139 -0.361 -0.858 -0.965 -1.116 -1.220 -1.419 -1.467 -1.736 -1.749 -1.924
0.0001957 -1.90000 9.35000 1.3588883877 2.5258573510    1.346  2.421  3.7074  1.928    7  0.000  0.361     0.00     0.00     0.00     0.00     0.00 -1    -1e-30      0.00 7.308e-01 2.690e-01 2.332e-05 2.242e-05 8.606e-05 -1.000 1.969e-04 -1.282 2.535 2.880 1.311 0.172 -0.321 -0.195 -0.256 -0.485 -0.994 -1.103 -1.256 -1.362 -1.565 -1.613 -1.886 -1.900 -2.078
0.0001957 -1.90000 9.35000 1.3589901924 2.5258678764    1.346  2.471  3.7046  1.867    7  0.000  0.361     0.00     0.00     0.00     0.00     0.00 -1    -1e-30      0.00 7.308e-01 2.690e-01 2.332e-05 2.242e-05 8.606e-05 -1.000 1.969e-04 -1.406 2.439 2.915 1.293 0.109 -0.396 -0.288 -0.356 -0.591 -1.110 -1.221 -1.376 -1.483 -1.688 -1.738 -2.014 -2.028 -2.209
0.0001957 -1.90000 9.35000 1.3590831757 2.5258774882    1.346  2.516  3.7021  1.811    7  0.000  0.361     4.30     3.48     2.55     1.92     1.56  4    -1e-30      0.00 7.308e-01 2.690e-01 2.332e-05 2.242e-05 8.606e-05 -1.000 1.969e-04 -1.521 2.349 2.944 1.275 0.050 -0.466 -0.374 -0.448 -0.689 -1.217 -1.329 -1.486 -1.594 -1.802 -1.852 -2.131 -2.145 -2.329
0.0001957 -1.90000 9.35000 1.3591661453 2.5258860635    1.346  2.560  3.6998  1.758    7  0.000  0.361     4.80     3.83     2.79     2.11     1.71  4    -1e-30      0.00 7.308e-01 2.690e-01 2.330e-05 2.243e-05 8.606e-05 -1.000 1.969e-04 -1.630 2.262 2.972 1.258 -0.007 -0.533 -0.456 -0.536 -0.782 -1.318 -1.432 -1.591 -1.701 -1.910 -1.961 -2.242 -2.257 -2.443
0.0001957 -1.90000 9.35000 1.3592404127 2.5258937384    1.346  2.603  3.6974  1.706    7  0.000  0.360     5.34     4.21     3.06     2.31     1.87  4    -1e-30      0.00 7.308e-01 2.690e-01 2.322e-05 2.248e-05 8.606e-05 -1.000 1.968e-04 -1.737 2.174 3.004 1.246 -0.059 -0.595 -0.535 -0.622 -0.872 -1.418 -1.533 -1.694 -1.805 -2.016 -2.067 -2.352 -2.367 -2.555
0.0001957 -1.90000 9.35000 1.3593050241 2.5259004147    1.346  2.644  3.6952  1.656    7  0.000  0.357     5.92     4.60     3.34     2.52     2.05  4    -1e-30      0.00 7.308e-01 2.690e-01 2.302e-05 2.267e-05 8.606e-05 -1.000 1.968e-04 -1.841 2.089 3.035 1.234 -0.110 -0.655 -0.610 -0.704 -0.959 -1.514 -1.629 -1.793 -1.904 -2.118 -2.170 -2.457 -2.472 -2.663
0.0001957 -1.90000 9.35000 1.3593630791 2.5259064129    1.347  2.685  3.6930  1.606    7  0.000  0.352     6.55     5.04     3.63     2.75     2.23  4    -1e-30      0.00 7.308e-01 2.690e-01 2.269e-05 2.304e-05 8.606e-05 -1.000 1.969e-04 -1.943 2.005 3.066 1.223 -0.159 -0.714 -0.684 -0.784 -1.045 -1.608 -1.725 -1.890 -2.003 -2.218 -2.271 -2.561 -2.576 -2.770
0.0001957 -1.90000 9.35000 1.3594161272 2.5259118932    1.347  2.726  3.6908  1.556    7  0.000  0.346     7.25     5.51     3.96     3.00     2.44  4    -1e-30      0.00 7.307e-01 2.691e-01 2.234e-05 2.347e-05 8.606e-05 -1.000 1.969e-04 -2.045 1.920 3.097 1.213 -0.209 -0.773 -0.758 -0.864 -1.130 -1.702 -1.821 -1.988 -2.102 -2.319 -2.372 -2.665 -2.681 -2.876
0.0001957 -1.90000 9.35000 1.3594653606 2.5259169791    1.347  2.768  3.6885  1.506    7  0.000  0.341     8.05     6.04     4.32     3.28     2.67  4    -1e-30      0.00 7.307e-01 2.691e-01 2.202e-05 2.386e-05 8.605e-05 -1.000 1.968e-04 -2.149 1.833 3.134 1.208 -0.256 -0.830 -0.832 -0.945 -1.216 -1.798 -1.917 -2.087 -2.201 -2.421 -2.475 -2.770 -2.786 -2.984
0.0001957 -1.90000 9.35000 1.3595111370 2.5259217074    1.347  2.810  3.6861  1.453    7  0.000  0.337     8.95     6.64     4.73     3.60     2.92  4    -1e-30      0.00 7.307e-01 2.691e-01 2.174e-05 2.420e-05 8.604e-05 -1.000 1.968e-04 -2.256 1.743 3.181 1.212 -0.299 -0.883 -0.904 -1.025 -1.302 -1.894 -2.015 -2.187 -2.303 -2.525 -2.580 -2.878 -2.894 -3.095
0.0001957 -1.90000 9.35000 1.3595529795 2.5259260291    1.347  2.853  3.6837  1.401    7  0.000  0.333     9.97     7.30     5.18     3.94     3.20  4    -1e-30      0.00 7.306e-01 2.692e-01 2.151e-05 2.450e-05 8.603e-05 -1.000 1.968e-04 -2.363 1.654 3.201 1.248 -0.312 -0.909 -0.962 -1.096 -1.384 -1.992 -2.115 -2.289 -2.406 -2.631 -2.687 -2.988 -3.005 -3.208
0.0001957 -1.90000 9.35000 1.3595905304 2.5259299072    1.347  2.893  3.6814  1.352    7  0.000  0.330    11.03     7.98     5.64     4.30     3.49  4    -1e-30      0.00 7.306e-01 2.692e-01 2.132e-05 2.475e-05 8.599e-05 -1.000 2.016e-04 -2.463 1.571 3.221 1.293 -0.315 -0.924 -1.010 -1.159 -1.458 -2.083 -2.208 -2.385 -2.505 -2.732 -2.788 -3.093 -3.109 -3.315
0.0001957 -1.90000 9.35000 1.3596272469 2.5259336989    1.347  2.934  3.6791  1.301    7  0.000  0.328    12.22     8.74     6.15     4.70     3.82  3    -1e-30      0.00 7.305e-01 2.693e-01 2.114e-05 2.499e-05 8.593e-05 -1.000 1.985e-04 -2.566 1.487 3.247 1.349 -0.311 -0.932 -1.054 -1.219 -1.531 -2.174 -2.302 -2.483 -2.604 -2.834 -2.891 -3.199 -3.216 -3.424
0.0001957 -1.90000 9.35000 1.3596627712 2.5259373674    1.347  2.975  3.6767  1.251    7  0.000  0.326    13.55     9.58     6.71     5.13     4.17  3    -1e-30      0.00 7.304e-01 2.694e-01 2.099e-05 2.525e-05 8.581e-05 -1.000 1.968e-04 -2.668 1.403 3.281 1.416 -0.298 -0.931 -1.091 -1.274 -1.599 -2.264 -2.395 -2.579 -2.702 -2.936 -2.993 -3.304 -3.322 -3.533
0.0001957 -1.90000 9.35000 1.3596975803 2.5259409617    1.347  3.016  3.6742  1.200    7  0.000  0.325    15.03    10.50     7.33     5.61     4.56  3    -1e-30      0.00 7.303e-01 2.695e-01 2.086e-05 2.556e-05 8.562e-05 -1.000 1.968e-04 -2.771 1.319 3.323 1.493 -0.279 -0.923 -1.123 -1.325 -1.666 -2.352 -2.486 -2.674 -2.800 -3.037 -3.096 -3.411 -3.428 -3.642
0.0001957 -1.90000 9.35000 1.3597320318 2.5259445189    1.347  3.057  3.6718  1.149    7  0.000  0.324    16.67    11.50     8.00     6.13     4.99  3    -1e-30      0.00 7.303e-01 2.695e-01 2.074e-05 2.592e-05 8.536e-05 -1.000 1.970e-04 -2.873 1.237 3.374 1.581 -0.252 -0.907 -1.147 -1.371 -1.727 -2.439 -2.576 -2.768 -2.897 -3.138 -3.197 -3.516 -3.534 -3.751
0.0001957 -1.90000 9.35000 1.3597662449 2.5259480513    1.347  3.097  3.6693  1.099    7  0.000  0.323    18.47    12.60     8.72     6.69     5.45  3    -1e-30      0.00 7.302e-01 2.696e-01 2.065e-05 2.628e-05 8.509e-05 -1.000 1.968e-04 -2.973 1.155 3.431 1.676 -0.219 -0.884 -1.166 -1.411 -1.786 -2.523 -2.664 -2.861 -2.992 -3.237 -3.297 -3.620 -3.639 -3.859
0.0001957 -1.90000 9.35000 1.3597995043 2.5259514850    1.347  3.138  3.6668  1.049    7  0.000  0.323    20.47    13.79     9.51     7.31     5.95  3    -1e-30      0.00 7.301e-01 2.697e-01 2.058e-05 2.660e-05 8.482e-05 -1.000 1.969e-04 -3.074 1.075 3.493 1.784 -0.175 -0.850 -1.177 -1.446 -1.839 -2.605 -2.750 -2.951 -3.085 -3.335 -3.396 -3.723 -3.742 -3.965
0.0001957 -1.90000 9.35000 1.3598294258 2.5259545739    1.347  3.178  3.6643  0.999    7  0.000  0.323    22.70    15.11    10.37     7.98     6.50  3    -1e-30      0.00 7.300e-01 2.698e-01 2.052e-05 2.690e-05 8.458e-05 -1.000 1.968e-04 -3.175 0.994 3.561 1.900 -0.125 -0.808 -1.181 -1.475 -1.889 -2.685 -2.834 -3.041 -3.178 -3.433 -3.495 -3.827 -3.846 -4.073
0.0001957 -1.90000 9.35000 1.3598535061 2.5259570597    1.347  3.218  3.6617  0.948    7  0.000  0.323    25.17    16.56    11.32     8.72     7.10  3    -1e-30      0.00 7.300e-01 2.699e-01 2.046e-05 2.716e-05 8.436e-05 -1.000 1.968e-04 -3.275 0.914 3.637 2.033 -0.058 -0.750 -1.168 -1.490 -1.929 -2.761 -2.915 -3.129 -3.269 -3.530 -3.593 -3.931 -3.950 -4.181
0.0001957 -1.90000 9.35000 1.3598746061 2.5259592378    1.347  3.261  3.6589  0.894    7  0.000  0.323    28.09    18.24    12.42     9.58     7.81  2    -1e-30      0.00 7.299e-01 2.699e-01 2.041e-05 2.739e-05 8.417e-05 -1.000 1.968e-04 -3.381 0.830 3.719 2.184 0.022 -0.679 -1.143 -1.496 -1.964 -2.837 -2.997 -3.219 -3.363 -3.631 -3.695 -4.040 -4.060 -4.295
0.0001957 -1.90000 9.35000 1.3598936796 2.5259612066    1.347  3.305  3.6559  0.838    7  0.000  0.323    31.49    20.19    13.68    10.57     8.61  2    -1e-30      0.00 7.298e-01 2.700e-01 2.037e-05 2.756e-05 8.402e-05 -1.000 1.969e-04 -3.492 0.739 3.805 2.293 0.062 -0.647 -1.144 -1.520 -2.011 -2.917 -3.082 -3.310 -3.458 -3.732 -3.798 -4.149 -4.170 -4.409
0.0001957 -1.90000 9.35000 1.3599095345 2.5259628432    1.347  3.344  3.6532  0.788    7  0.000  0.323    34.92    22.12    14.93    11.55     9.41  2    -1e-30      0.00 7.298e-01 2.701e-01 2.035e-05 2.767e-05 8.393e-05 -1.000 1.968e-04 -3.591 0.657 3.884 2.374 0.082 -0.635 -1.154 -1.547 -2.056 -2.989 -3.157 -3.392 -3.542 -3.822 -3.890 -4.247 -4.268 -4.512
0.0001957 -1.90000 9.35000 1.3599119186 2.5259630892    1.347  3.369  3.6515  0.756    7  0.000  0.323    37.28    23.43    15.77    12.22     9.96  2    -1e-30      0.00 7.297e-01 2.701e-01 2.034e-05 2.775e-05 8.387e-05 -1.000 1.968e-04 -3.654 0.606 3.935 2.427 0.096 -0.626 -1.159 -1.563 -2.084 -3.034 -3.205 -3.443 -3.595 -3.878 -3.947 -4.308 -4.329 -4.576
0.0001957 -1.90000 9.35000 1.3599141836 2.5259633230    1.347  3.403  3.6491  0.713    7  0.000  0.323    40.70    25.32    16.99    13.17    10.74  2    -1e-30      0.00 7.297e-01 2.701e-01 2.031e-05 2.790e-05 8.374e-05 -1.000 1.968e-04 -3.737 0.537 4.001 2.499 0.116 -0.612 -1.165 -1.584 -2.121 -3.093 -3.267 -3.511 -3.665 -3.953 -4.023 -4.389 -4.411 -4.662
0.0001957 -1.90000 9.35000 1.3599154949 2.5259634584    1.347  3.422  3.6478  0.689    7  0.564  0.323    42.75    26.45    17.71    13.74    11.20  2    -1e-30      0.00 7.296e-01 2.702e-01 2.029e-05 2.799e-05 8.367e-05 -1.000 1.968e-04 -3.784 0.499 4.034 2.539 0.128 -0.604 -1.168 -1.596 -2.140 -3.126 -3.301 -3.548 -3.703 -3.995 -4.065 -4.434 -4.456 -4.709
0.0001957 -1.90000 9.35000 1.3599159718 2.5259635076    1.347  3.422  3.6477  0.688    7  0.564  0.323    42.83    26.49    17.74    13.76    11.22  2    -1e-30      0.00 7.296e-01 2.702e-01 2.028e-05 2.800e-05 8.365e-05 -1.000 1.968e-04 -3.785 0.498 4.036 2.542 0.129 -0.603 -1.167 -1.595 -2.141 -3.126 -3.302 -3.549 -3.704 -3.996 -4.066 -4.436 -4.458 -4.711
0.0001957 -1.90000 9.35000 1.3599162102 2.5259635322    1.347  3.422  3.6454  0.679    8  0.564  0.341    43.63    26.93    18.01    13.98    11.40  2  -3.9e-07      0.00 7.296e-01 2.702e-01 2.153e-05 2.802e-05 8.410e-05 -1.000 1.778e-04 -3.785 0.510 4.139 2.651 0.200 -0.538 -1.112 -1.551 -2.106 -3.106 -3.284 -3.535 -3.691 -3.986 -4.058 -4.431 -4.454 -4.710
0.0001957 -1.90000 9.35000 1.3599166870 2.5259635814    1.346  3.329  3.6521  0.799    8  0.564  0.341    34.14    21.68    14.64    11.33     9.23  2 -2.71e-07      0.00 7.296e-01 2.702e-01 2.153e-05 2.802e-05 8.410e-05 -1.000 1.778e-04 -3.552 0.702 3.964 2.450 0.143 -0.576 -1.097 -1.493 -2.005 -2.942 -3.111 -3.347 -3.498 -3.779 -3.847 -4.205 -4.226 -4.472
0.0001957 -1.90000 9.35000 1.3599170446 2.5259636183    1.345  3.241  3.6583  0.912    8  0.564  0.341    27.10    17.68    12.05     9.30     7.57  2 -1.95e-07      0.00 7.296e-01 2.702e-01 2.153e-05 2.802e-05 8.410e-05 -1.000 1.777e-04 -3.331 0.882 3.777 2.252 0.084 -0.618 -1.084 -1.439 -1.909 -2.785 -2.945 -3.167 -3.311 -3.579 -3.644 -3.989 -4.009 -4.244
0.0001957 -1.90000 9.35000 1.3599182367 2.5259637414    1.342  2.990  3.6761  1.232    8  0.564  0.341    14.07     9.90     6.93     5.30     4.31  3 -8.41e-08      0.00 7.296e-01 2.702e-01 2.153e-05 2.802e-05 8.410e-05 -1.000 1.777e-04 -2.706 1.370 3.285 1.429 -0.303 -0.939 -1.110 -1.299 -1.627 -2.298 -2.429 -2.614 -2.738 -2.973 -3.031 -3.343 -3.361 -3.572
0.0001957 -1.90000 9.35000 1.3599199057 2.5259639136    1.338  2.988  3.6760  1.233    8  0.564  0.341    14.03     9.88     6.91     5.29     4.30  3 -8.36e-08      0.00 7.296e-01 2.702e-01 2.153e-05 2.802e-05 8.410e-05 -1.000 1.777e-04 -2.700 1.376 3.291 1.435 -0.296 -0.932 -1.104 -1.292 -1.621 -2.292 -2.424 -2.609 -2.732 -2.967 -3.025 -3.337 -3.355 -3.567
0.0001957 -1.90000 9.35000 1.3599220514 2.5259641351    1.333  3.039  3.6722  1.165    8  0.564  0.341    16.10    11.16     7.77     5.95     4.84  3 -9.85e-08      0.00 7.296e-01 2.702e-01 2.153e-05 2.802e-05 8.410e-05 -1.000 1.777e-04 -2.827 1.279 3.388 1.589 -0.231 -0.884 -1.116 -1.335 -1.689 -2.396 -2.533 -2.724 -2.852 -3.092 -3.151 -3.470 -3.488 -3.704
0.0001957 -1.90000 9.35000 1.3599247932 2.5259644181    1.326  3.179  3.6619  0.981    8  0.565  0.341    23.42    15.54    10.65     8.21     6.68  3 -1.59e-07      0.00 7.296e-01 2.702e-01 2.153e-05 2.802e-05 8.410e-05 -1.000 1.778e-04 -3.178 1.008 3.693 2.080 0.003 -0.688 -1.095 -1.411 -1.845 -2.668 -2.821 -3.034 -3.173 -3.433 -3.496 -3.832 -3.852 -4.082
0.0001957 -1.90000 9.35000 1.3599280119 2.5259647503    1.318  3.318  3.6516  0.798    8  0.565  0.341    33.99    21.60    14.59    11.29     9.20  2 -2.65e-07      0.00 7.296e-01 2.702e-01 2.153e-05 2.802e-05 8.410e-05 -1.000 1.777e-04 -3.526 0.730 4.017 2.501 0.185 -0.536 -1.059 -1.457 -1.972 -2.912 -3.082 -3.318 -3.469 -3.751 -3.819 -4.179 -4.200 -4.446
0.0001957 -1.90000 9.35000 1.3599318266 2.5259651441    1.308  3.417  3.6441  0.666    8  0.565  0.341    44.43    27.36    18.28    14.20    11.58  2 -3.94e-07      0.00 7.296e-01 2.702e-01 2.153e-05 2.802e-05 8.410e-05 -1.000 1.778e-04 -3.773 0.530 4.218 2.736 0.260 -0.481 -1.063 -1.508 -2.070 -3.081 -3.261 -3.514 -3.671 -3.968 -4.041 -4.417 -4.439 -4.698
0.0001957 -1.90000 9.35000 1.3599361181 2.5259655870    1.298  3.475  3.6395  0.586    8  0.566  0.341    52.24    31.56    20.94    16.31    13.30  2 -5.04e-07      0.00 7.296e-01 2.702e-01 2.153e-05 2.802e-05 8.410e-05 -1.000 1.778e-04 -3.918 0.414 4.328 2.888 0.314 -0.438 -1.050 -1.523 -2.116 -3.174 -3.360 -3.624 -3.786 -4.093 -4.168 -4.555 -4.578 -4.845
0.0001957 -1.90000 9.35000 1.3599410057 2.5259660915    1.286  3.508  3.6366  0.538    8  0.566  0.341    57.54    34.36    22.71    17.72    14.45  2 -5.84e-07      0.00 7.296e-01 2.702e-01 2.153e-05 2.802e-05 8.410e-05 -1.000 1.777e-04 -4.000 0.351 4.380 2.986 0.353 -0.405 -1.030 -1.520 -2.133 -3.220 -3.410 -3.681 -3.846 -4.160 -4.237 -4.631 -4.654 -4.926
0.0001957 -1.90000 9.35000 1.3599464893 2.5259666575    1.273  3.532  3.6344  0.501    8  0.567  0.341    61.90    36.63    24.14    18.86    15.38  1 -6.53e-07      0.00 7.296e-01 2.702e-01 2.153e-05 2.802e-05 8.410e-05 -1.000 1.777e-04 -4.059 0.307 4.426 3.067 0.388 -0.375 -1.008 -1.512 -2.140 -3.250 -3.443 -3.720 -3.887 -4.206 -4.284 -4.684 -4.708 -4.984
0.0001957 -1.90000 9.35000 1.3599467278 2.5259666821    1.272  3.501  3.6365  0.539    8  0.567  0.341    57.19    34.17    22.58    17.62    14.37  2 -5.74e-07      0.00 7.296e-01 2.702e-01 2.153e-05 2.802e-05 8.410e-05 -1.000 1.777e-04 -3.983 0.369 4.401 3.007 0.373 -0.386 -1.010 -1.501 -2.114 -3.202 -3.391 -3.663 -3.827 -4.142 -4.218 -4.613 -4.637 -4.909
0.0001957 -1.90000 9.35000 1.3599478006 2.5259667928    1.268  3.358  3.6465  0.721    8  0.567  0.341    39.31    24.56    16.47    12.80    10.43  2  -3.2e-07      0.00 7.296e-01 2.702e-01 2.153e-05 2.802e-05 8.410e-05 -1.000 1.777e-04 -3.625 0.662 4.212 2.712 0.292 -0.442 -1.003 -1.431 -1.976 -2.961 -3.137 -3.384 -3.539 -3.831 -3.901 -4.271 -4.293 -4.548
0.0001957 -1.90000 9.35000 1.3599494696 2.5259669650    1.262  3.109  3.6641  1.039    8  0.568  0.341    20.45    13.82     9.51     7.33     5.96  3 -1.29e-07      0.00 7.296e-01 2.702e-01 2.153e-05 2.802e-05 8.410e-05 -1.000 1.778e-04 -3.002 1.165 3.702 2.042 0.028 -0.655 -1.018 -1.309 -1.721 -2.513 -2.662 -2.869 -3.005 -3.259 -3.321 -3.653 -3.672 -3.899
0.0001957 -1.90000 9.35000 1.3599518538 2.5259672111    1.253  3.103  3.6643  1.042    8  0.568  0.341    20.25    13.70     9.43     7.27     5.91  3 -1.27e-07      0.00 7.296e-01 2.702e-01 2.153e-05 2.802e-05 8.410e-05 -1.000 1.777e-04 -2.986 1.179 3.706 2.043 0.034 -0.649 -1.009 -1.298 -1.709 -2.499 -2.648 -2.854 -2.990 -3.244 -3.306 -3.637 -3.656 -3.883
0.0001957 -1.90000 9.35000 1.3599550724 2.5259675433    1.241  3.151  3.6605  0.975    8  0.568  0.341    23.20    15.44    10.57     8.16     6.64  3 -1.51e-07      0.00 7.296e-01 2.702e-01 2.153e-05 2.802e-05 8.410e-05 -1.000 1.777e-04 -3.107 1.089 3.840 2.255 0.148 -0.547 -0.973 -1.301 -1.746 -2.586 -2.741 -2.956 -3.097 -3.359 -3.423 -3.762 -3.781 -4.013
0.0001957 -1.90000 9.35000 1.3599591255 2.5259679616    1.226  3.284  3.6504  0.796    8  0.569  0.341    33.42    21.29    14.36    11.15     9.08  2 -2.49e-07      0.00 7.296e-01 2.702e-01 2.153e-05 2.802e-05 8.410e-05 -1.000 1.778e-04 -3.441 0.821 4.161 2.643 0.306 -0.418 -0.946 -1.349 -1.869 -2.818 -2.988 -3.226 -3.378 -3.662 -3.730 -4.092 -4.113 -4.361
0.0001957 -1.90000 9.35000 1.3599638939 2.5259684538    1.209  3.415  3.6404  0.619    8  0.570  0.341    47.90    29.20    19.41    15.15    12.34  2 -4.25e-07      0.00 7.296e-01 2.702e-01 2.153e-05 2.802e-05 8.410e-05 -1.000 1.777e-04 -3.768 0.558 4.419 2.962 0.412 -0.338 -0.943 -1.408 -1.993 -3.037 -3.221 -3.481 -3.642 -3.947 -4.021 -4.405 -4.428 -4.693
0.0001957 -1.90000 9.35000 1.3599694967 2.5259690320    1.189  3.505  3.6332  0.493    8  0.571  0.341    61.84    36.51    24.03    18.82    15.34  1 -6.34e-07      0.00 7.296e-01 2.702e-01 2.153e-05 2.802e-05 8.410e-05 -1.000 1.777e-04 -3.992 0.381 4.538 3.194 0.494 -0.272 -0.907 -1.416 -2.051 -3.170 -3.364 -3.644 -3.812 -4.133 -4.212 -4.614 -4.639 -4.917
0.0001957 -1.90000 9.35000 1.3599759340 2.5259696964    1.166  3.554  3.6288  0.418    8  0.572  0.341    71.89    41.63    27.22    21.37    17.42  1 -8.06e-07      0.00 7.296e-01 2.702e-01 2.153e-05 2.802e-05 8.410e-05 -1.000 1.777e-04 -4.116 0.287 4.607 3.344 0.548 -0.227 -0.863 -1.395 -2.061 -3.231 -3.432 -3.725 -3.896 -4.230 -4.312 -4.727 -4.753 -5.040
0.0001957 -1.90000 9.35000 1.3599830866 2.5259704346    1.141  3.579  3.6262  0.373    8  0.573  0.341    78.38    44.84    29.21    22.98    18.73  1 -9.25e-07      0.00 7.296e-01 2.702e-01 2.153e-05 2.802e-05 8.410e-05 -1.000 1.777e-04 -4.177 0.244 4.643 3.441 0.587 -0.192 -0.823 -1.368 -2.052 -3.252 -3.456 -3.758 -3.932 -4.273 -4.357 -4.780 -4.807 -5.100
0.0001957 -1.90000 9.35000 1.3599911928 2.5259712712    1.114  3.593  3.6243  0.341    8  0.574  0.341    83.43    47.29    30.71    24.20    19.73  1 -1.02e-06      0.00 7.296e-01 2.702e-01 2.153e-05 2.802e-05 8.410e-05 -1.000 1.776e-04 -4.214 0.221 4.676 3.520 0.624 -0.158 -0.784 -1.338 -2.035 -3.258 -3.465 -3.773 -3.949 -4.296 -4.382 -4.811 -4.837 -5.135
0.0001957 -1.90000 9.35000 1.3599914312 2.5259712958    1.111  3.579  3.6251  0.357    8  0.574  0.366    80.57    45.86    29.82    23.49    19.15  1 -9.61e-07      0.00 7.296e-01 2.702e-01 2.310e-05 2.802e-05 8.423e-05 -1.000 1.793e-04 -4.178 0.251 4.680 3.503 0.626 -0.155 -0.783 -1.333 -2.024 -3.236 -3.442 -3.747 -3.922 -4.266 -4.351 -4.778 -4.804 -5.099
0.0001957 -1.90000 9.35000 1.3599923849 2.5259713942    1.102  3.439  3.6348  0.532    8  0.575  0.445    55.92    33.33    21.99    17.24    14.04  1 -5.26e-07      0.00 7.296e-01 2.702e-01 2.824e-05 2.802e-05 8.467e-05 -1.000 1.849e-04 -3.828 0.533 4.615 3.239 0.578 -0.184 -0.812 -1.309 -1.930 -3.030 -3.221 -3.496 -3.661 -3.978 -4.056 -4.453 -4.478 -4.752
0.0001957 -1.90000 9.35000 1.3599940538 2.5259715665    1.087  3.196  3.6521  0.839    8  0.575  0.581    29.52    19.09    12.91    10.05     8.17  2 -2.03e-07      0.00 7.295e-01 2.703e-01 3.720e-05 2.802e-05 8.544e-05 -1.000 1.947e-04 -3.220 1.031 4.260 2.737 0.442 -0.277 -0.789 -1.180 -1.686 -2.615 -2.783 -3.017 -3.167 -3.446 -3.514 -3.871 -3.892 -4.137
0.0001957 -1.90000 9.35000 1.3599964380 2.5259718125    1.066  3.188  3.6514  0.836    8  0.575  0.772    29.54    19.10    12.91    10.05     8.17  2 -1.99e-07      0.00 7.294e-01 2.704e-01 5.013e-05 2.801e-05 8.656e-05 -1.000 2.087e-04 -3.199 1.056 4.315 2.791 0.483 -0.237 -0.752 -1.146 -1.656 -2.589 -2.757 -2.992 -3.143 -3.423 -3.491 -3.850 -3.871 -4.117
0.0001957 -1.90000 9.35000 1.3599995375 2.5259721324    1.038  3.238  3.6460  0.752    8  0.576  1.017    34.88    22.06    14.80    11.56     9.41  2 -2.46e-07      0.00 7.293e-01 2.705e-01 6.712e-05 2.801e-05 8.802e-05  5.102 2.271e-04 -3.325 0.962 5.180 3.735 0.605 -0.280 -0.782 -1.265 -1.791 -2.753 -2.917 -3.138 -3.295 -3.535 -3.601 -3.931 -3.947 -4.204
0.0001957 -1.90000 9.35000 1.3600034714 2.5259725384    1.005  3.369  3.6339  0.559    8  0.577  1.310    51.76    31.03    20.49    16.11    13.11  1 -4.29e-07      0.00 7.291e-01 2.706e-01 8.827e-05 2.800e-05 8.983e-05  6.378 2.501e-04 -3.652 0.669 5.057 3.753 0.519 -0.371 -0.947 -1.472 -2.029 -3.030 -3.200 -3.429 -3.589 -3.835 -3.904 -4.245 -4.261 -4.531
0.0001957 -1.90000 9.35000 1.3600081205 2.5259730182    0.966  3.496  3.6216  0.365    8  0.578  1.647    76.85    43.58    28.32    22.40    18.24  1 -7.73e-07      0.00 7.289e-01 2.708e-01 1.136e-04 2.800e-05 9.201e-05  6.708 2.776e-04 -3.970 0.419 5.005 3.940 0.579 -0.313 -0.980 -1.569 -2.178 -3.243 -3.422 -3.663 -3.830 -4.087 -4.163 -4.526 -4.543 -4.838
0.0001957 -1.90000 9.35000 1.3600134850 2.5259735718    0.923  3.584  3.6119  0.218    8  0.579  2.020   103.62    56.18    36.05    28.68    23.36  1 -1.22e-06      0.00 7.287e-01 2.710e-01 1.433e-04 2.799e-05 9.456e-05  6.918 3.098e-04 -4.191 0.257 4.957 4.083 0.658 -0.226 -0.944 -1.585 -2.243 -3.367 -3.553 -3.808 -3.980 -4.248 -4.330 -4.713 -4.732 -5.048
0.0001957 -1.90000 9.35000 1.3600196838 2.5259742115    0.875  3.635  3.6052  0.118    8  0.580  2.425   126.76    66.44    42.26    33.77    27.50  0 -1.67e-06      0.00 7.285e-01 2.712e-01 1.773e-04 2.798e-05 9.748e-05  7.076 3.467e-04 -4.317 0.174 4.939 4.175 0.730 -0.144 -0.883 -1.557 -2.252 -3.420 -3.611 -3.876 -4.053 -4.329 -4.416 -4.813 -4.833 -5.166
0.0001957 -1.90000 9.35000 1.3600267172 2.5259749374    0.825  3.663  3.6005  0.046    8  0.582  2.853   145.53    74.57    47.13    37.80    30.78  0 -2.08e-06      0.00 7.282e-01 2.715e-01 2.156e-04 2.797e-05 1.008e-04  7.205 3.884e-04 -4.386 0.136 4.938 4.231 0.789 -0.075 -0.816 -1.509 -2.231 -3.434 -3.630 -3.902 -4.082 -4.364 -4.455 -4.864 -4.884 -5.230
0.0001957 -1.90000 9.35000 1.3600345850 2.5259757493    0.772  3.682  3.5968 -0.017    8  0.583  3.299   156.45    82.13    51.60    41.55    33.83  0 -2.53e-06      0.00 7.278e-01 2.717e-01 2.584e-04 2.796e-05 1.045e-04  7.314 4.348e-04 -4.434 0.111 4.931 4.257 0.815 -0.043 -0.784 -1.487 -2.221 -3.443 -3.641 -3.918 -4.099 -4.385 -4.479 -4.895 -4.916 -5.272
0.0001957 -1.90000 9.35000 1.3600574732 2.5259781112    0.587 -9.999  4.0000  1.494    9  0.587  0.000     0.00     0.00     0.00     0.00     0.00 -1    -1e-30      0.00 7.275e-01 2.720e-01 3.063e-04 2.795e-05 1.085e-04  7.411 4.866e-04 29.767 29.892 29.849 29.814 29.845 29.910 29.967 30.076 30.061 30.104 30.106 30.101 30.099 30.097 30.099 30.089 30.088 30.060
