 Zini     MH   logAge Mini        int_IMF         Mass   logL    logTe  logg  label   McoreTP C_O  period0  period1  period2  period3  period4  pmode  Mloss  tau1m   X   Y   Xc  Xn  Xo  Cexcess  Z 	 mbolmag  F170Wmag  F218Wmag  F255Wmag  F300Wmag  F336Wmag  F380Wmag  F439Wmag  F450Wmag  F555Wmag  F569Wmag  F606Wmag  F622Wmag  F675Wmag  F702Wmag  F791Wmag  F814Wmag  F850LPmag
0.00049103 -1.50000 6.60000 0.0900000036 1.0816895926    0.090 -1.530  3.5282  3.987    0  0.000  0.545     0.00     0.00     0.00     0.00     0.00 -1 -1.27e-14      0.00 7.504e-01 2.491e-01 8.884e-05 2.397e-05 2.174e-04 -1.000 4.941e-04 8.595 13.206 18.011 17.260 13.750 12.914 12.490 11.897 11.375 10.072 9.864 9.492 9.297 8.880 8.704 8.073 8.031 7.621
0.00049103 -1.50000 6.60000 0.0953502357 1.1310479450    0.095 -1.503  3.5310  3.996    0  0.000  0.545     0.00     0.00     0.00     0.00     0.00 -1  -1.3e-14      0.00 7.504e-01 2.491e-01 8.884e-05 2.397e-05 2.174e-04 -1.000 4.941e-04 8.527 13.128 17.920 17.117 13.634 12.795 12.366 11.781 11.266 9.975 9.768 9.398 9.203 8.791 8.620 8.000 7.959 7.554
0.00049103 -1.50000 6.60000 0.1000000015 1.1711064122    0.100 -1.480  3.5332  4.003    0  0.000  0.545     0.00     0.00     0.00     0.00     0.00 -1 -1.33e-14      0.00 7.504e-01 2.491e-01 8.884e-05 2.397e-05 2.174e-04 -1.000 4.940e-04 8.470 13.063 17.843 17.001 13.540 12.699 12.267 11.689 11.178 9.897 9.691 9.322 9.128 8.718 8.551 7.940 7.899 7.497
0.00049103 -1.50000 6.60000 0.1199999973 1.3193154249    0.120 -1.384  3.5424  4.022    0  0.000  0.545     0.00     0.00     0.00     0.00     0.00 -1 -1.48e-14      0.00 7.504e-01 2.491e-01 8.884e-05 2.397e-05 2.174e-04 -1.000 4.941e-04 8.229 12.790 17.519 16.513 13.140 12.294 11.853 11.301 10.810 9.570 9.368 9.006 8.813 8.415 8.264 7.686 7.647 7.261
0.00049103 -1.50000 6.60000 0.1400000006 1.4384526719    0.140 -1.302  3.5494  4.036    0  0.000  0.545     0.00     0.00     0.00     0.00     0.00 -1 -1.63e-14      0.00 7.504e-01 2.491e-01 8.884e-05 2.397e-05 2.174e-04 -1.000 4.941e-04 8.025 12.562 17.245 16.112 12.809 11.959 11.516 10.986 10.509 9.302 9.103 8.747 8.556 8.166 8.027 7.473 7.436 7.061
0.00049103 -1.50000 6.60000 0.1521593332 1.5005650193    0.152 -1.257  3.5532  4.042    0  0.000  0.545     0.00     0.00     0.00     0.00     0.00 -1 -1.72e-14      0.00 7.504e-01 2.491e-01 8.884e-05 2.397e-05 2.174e-04 -1.000 4.941e-04 7.912 12.436 17.088 15.887 12.626 11.776 11.334 10.814 10.345 9.156 8.959 8.606 8.416 8.031 7.898 7.355 7.319 6.949
0.00049103 -1.50000 6.60000 0.1675521135 1.5705222109    0.168 -1.203  3.5579  4.049    0  0.000  0.545     0.00     0.00     0.00     0.00     0.00 -1 -1.83e-14      0.00 7.504e-01 2.491e-01 8.884e-05 2.397e-05 2.174e-04 -1.000 4.942e-04 7.778 12.288 16.900 15.612 12.405 11.555 11.115 10.609 10.149 8.982 8.788 8.440 8.251 7.871 7.744 7.217 7.181 6.819
0.00049103 -1.50000 6.60000 0.1711281985 1.5855849429    0.171 -1.191  3.5590  4.050    0  0.000  0.545     0.00     0.00     0.00     0.00     0.00 -1 -1.86e-14      0.00 7.504e-01 2.491e-01 8.884e-05 2.397e-05 2.174e-04 -1.000 4.941e-04 7.747 12.253 16.856 15.548 12.354 11.503 11.064 10.562 10.103 8.942 8.748 8.401 8.212 7.834 7.709 7.185 7.149 6.789
0.00049103 -1.50000 6.60000 0.1769540757 1.6092678060    0.177 -1.171  3.5608  4.052    0  0.000  0.545     0.00     0.00     0.00     0.00     0.00 -1 -1.92e-14      0.00 7.504e-01 2.491e-01 8.884e-05 2.397e-05 2.174e-04 -1.000 4.941e-04 7.698 12.198 16.783 15.442 12.270 11.420 10.982 10.485 10.030 8.877 8.685 8.339 8.151 7.775 7.652 7.133 7.098 6.741
0.00049103 -1.50000 6.60000 0.1922783703 1.6670059062    0.192 -1.124  3.5654  4.059    0  0.000  0.545     0.00     0.00     0.00     0.00     0.00 -1 -2.04e-14      0.00 7.504e-01 2.491e-01 8.884e-05 2.397e-05 2.174e-04 -1.000 4.941e-04 7.579 12.066 16.602 15.179 12.068 11.219 10.787 10.302 9.855 8.723 8.533 8.193 8.006 7.635 7.518 7.011 6.976 6.626
0.00049103 -1.50000 6.60000 0.2110390812 1.7300400197    0.211 -1.072  3.5701  4.067    0  0.000  0.545     0.00     0.00     0.00     0.00     0.00 -1 -2.17e-14      0.00 7.504e-01 2.491e-01 8.884e-05 2.397e-05 2.174e-04 -1.000 4.941e-04 7.450 11.922 16.407 14.900 11.852 11.004 10.579 10.106 9.667 8.558 8.370 8.034 7.849 7.484 7.372 6.878 6.844 6.500
0.00049103 -1.50000 6.60000 0.2297368944 1.7860023798    0.230 -1.024  3.5746  4.074    0  0.000  0.545     0.00     0.00     0.00     0.00     0.00 -1 -2.31e-14      0.00 7.504e-01 2.491e-01 8.884e-05 2.397e-05 2.174e-04 -1.000 4.941e-04 7.330 11.786 16.218 14.638 11.640 10.794 10.379 9.918 9.488 8.401 8.216 7.886 7.703 7.344 7.236 6.752 6.720 6.382
0.00049103 -1.50000 6.60000 0.2498604804 1.8399715330    0.250 -0.979  3.5792  4.084    0  0.000  0.545     0.00     0.00     0.00     0.00     0.00 -1 -2.43e-14      0.00 7.504e-01 2.491e-01 8.884e-05 2.397e-05 2.174e-04 -1.000 4.941e-04 7.217 11.658 16.035 14.381 11.434 10.591 10.187 9.738 9.316 8.252 8.070 7.746 7.565 7.211 7.107 6.635 6.603 6.273
0.00049103 -1.50000 6.60000 0.2702821791 1.8892509115    0.270 -0.932  3.5844  4.092    0  0.000  0.545     0.00     0.00     0.00     0.00     0.00 -1 -2.57e-14      0.00 7.504e-01 2.491e-01 8.884e-05 2.397e-05 2.174e-04 -1.000 4.941e-04 7.101 11.526 15.822 14.090 11.217 10.378 9.988 9.551 9.138 8.098 7.919 7.603 7.424 7.077 6.977 6.515 6.484 6.160
0.00049103 -1.50000 6.60000 0.2950090170 1.9428093459    0.295 -0.881  3.5905  4.103    0  0.000  0.545     0.00     0.00     0.00     0.00     0.00 -1 -2.74e-14      0.00 7.504e-01 2.491e-01 8.884e-05 2.397e-05 2.174e-04 -1.000 4.942e-04 6.972 11.379 15.578 13.757 10.971 10.137 9.766 9.342 8.939 7.927 7.752 7.444 7.267 6.928 6.832 6.382 6.352 6.036
0.00049103 -1.50000 6.60000 0.3000000417 1.9529140366    0.300 -0.871  3.5917  4.105    0  0.000  0.545     0.00     0.00     0.00     0.00     0.00 -1 -2.77e-14      0.00 7.504e-01 2.491e-01 8.884e-05 2.397e-05 2.174e-04 -1.000 4.942e-04 6.948 11.350 15.529 13.694 10.921 10.088 9.722 9.301 8.899 7.894 7.719 7.413 7.236 6.899 6.804 6.357 6.327 6.012
0.00049103 -1.50000 6.60000 0.3293950856 2.0082930213    0.329 -0.814  3.5985  4.116    0  0.000  0.545     0.00     0.00     0.00     0.00     0.00 -1 -2.97e-14      0.00 7.504e-01 2.491e-01 8.884e-05 2.397e-05 2.174e-04 -1.000 4.941e-04 6.806 11.186 15.252 13.337 10.638 9.810 9.471 9.063 8.674 7.702 7.532 7.235 7.062 6.734 6.643 6.210 6.181 5.876
0.00049103 -1.50000 6.60000 0.3499999940 2.0434174644    0.350 -0.777  3.6031  4.124    0  0.000  0.545     0.00     0.00     0.00     0.00     0.00 -1 -3.12e-14      0.00 7.504e-01 2.491e-01 8.884e-05 2.397e-05 2.174e-04 -1.000 4.941e-04 6.713 11.077 15.084 13.115 10.451 9.625 9.306 8.908 8.527 7.576 7.409 7.120 6.948 6.627 6.539 6.114 6.086 5.786
0.00049103 -1.50000 6.60000 0.3986812234 2.1166815362    0.399 -0.695  3.6148  4.144    0  0.000  0.545     0.00     0.00     0.00     0.00     0.00 -1 -3.44e-14      0.00 7.504e-01 2.491e-01 8.884e-05 2.397e-05 2.174e-04 -1.000 4.941e-04 6.507 10.830 14.678 12.584 9.999 9.181 8.920 8.543 8.183 7.287 7.129 6.856 6.690 6.386 6.303 5.900 5.873 5.589
0.00049103 -1.50000 6.60000 0.4000000060 2.1185024399    0.400 -0.693  3.6151  4.145    0  0.000  0.545     0.00     0.00     0.00     0.00     0.00 -1 -3.45e-14      0.00 7.504e-01 2.491e-01 8.884e-05 2.397e-05 2.174e-04 -1.000 4.941e-04 6.502 10.824 14.667 12.570 9.987 9.169 8.910 8.534 8.174 7.280 7.122 6.850 6.684 6.380 6.297 5.894 5.868 5.584
0.00049103 -1.50000 6.60000 0.4179363549 2.1425184850    0.418 -0.665  3.6195  4.154    0  0.000  0.545     0.00     0.00     0.00     0.00     0.00 -1 -3.56e-14      0.00 7.504e-01 2.491e-01 8.884e-05 2.397e-05 2.174e-04 -1.000 4.941e-04 6.432 10.737 14.506 12.367 9.821 9.007 8.772 8.404 8.051 7.178 7.024 6.758 6.594 6.296 6.217 5.822 5.796 5.518
0.00049103 -1.50000 6.60000 0.4500000179 2.1822809362    0.450 -0.615  3.6272  4.167    0  0.000  0.545     0.00     0.00     0.00     0.00     0.00 -1 -3.79e-14      0.00 7.504e-01 2.491e-01 8.884e-05 2.397e-05 2.174e-04 -1.000 4.941e-04 6.308 10.584 14.137 11.958 9.527 8.725 8.534 8.182 7.841 7.002 6.853 6.598 6.438 6.151 6.075 5.693 5.669 5.401
0.00049103 -1.50000 6.60000 0.4934202135 2.2306126992    0.493 -0.548  3.6378  4.183    0  0.000  0.545     0.00     0.00     0.00     0.00     0.00 -1 -4.15e-14      0.00 7.504e-01 2.491e-01 8.884e-05 2.397e-05 2.174e-04 -1.000 4.940e-04 6.141 10.373 13.618 11.392 9.116 8.335 8.207 7.880 7.555 6.763 6.621 6.381 6.228 5.955 5.883 5.520 5.498 5.244
0.00049103 -1.50000 6.60000 0.5134555101 2.2509079521    0.513 -0.520  3.6425  4.190    0  0.000  0.545     0.00     0.00     0.00     0.00     0.00 -1 -4.31e-14      0.00 7.504e-01 2.491e-01 8.884e-05 2.397e-05 2.174e-04 -1.000 4.941e-04 6.069 10.280 13.411 11.156 8.937 8.166 8.065 7.751 7.432 6.660 6.521 6.288 6.137 5.870 5.801 5.445 5.424 5.175
0.00049103 -1.50000 6.60000 0.5351072550 2.2709323150    0.535 -0.490  3.6471  4.197    0  0.000  0.545     0.00     0.00     0.00     0.00     0.00 -1 -4.48e-14      0.00 7.504e-01 2.491e-01 8.884e-05 2.397e-05 2.174e-04 -1.000 4.941e-04 5.995 10.185 13.220 10.928 8.756 7.994 7.922 7.620 7.308 6.556 6.420 6.193 6.045 5.784 5.717 5.368 5.347 5.105
0.00049103 -1.50000 6.60000 0.5500000715 2.2836583126    0.550 -0.470  3.6502  4.201    0  0.000  0.545     0.00     0.00     0.00     0.00     0.00 -1 -4.61e-14      0.00 7.504e-01 2.491e-01 8.884e-05 2.397e-05 2.174e-04 -1.000 4.941e-04 5.945 10.122 13.092 10.777 8.637 7.881 7.827 7.534 7.225 6.487 6.352 6.130 5.984 5.726 5.660 5.317 5.296 5.058
0.00049103 -1.50000 6.60000 0.5623940825 2.2936602420    0.562 -0.453  3.6530  4.205    0  0.000  0.545     0.00     0.00     0.00     0.00     0.00 -1 -4.72e-14      0.00 7.504e-01 2.491e-01 8.884e-05 2.397e-05 2.174e-04 -1.000 4.941e-04 5.902 10.066 12.947 10.629 8.530 7.782 7.744 7.460 7.154 6.427 6.294 6.075 5.931 5.677 5.612 5.273 5.252 5.018
0.00049103 -1.50000 6.60000 0.5815706253 2.3081738162    0.581 -0.426  3.6572  4.210    0  0.000  0.545     0.00     0.00     0.00     0.00     0.00 -1 -4.91e-14      0.00 7.504e-01 2.491e-01 8.884e-05 2.397e-05 2.174e-04 -1.000 4.941e-04 5.836 9.979 12.729 10.407 8.367 7.632 7.617 7.347 7.046 6.336 6.205 5.992 5.850 5.601 5.537 5.204 5.184 4.955
0.00049103 -1.50000 6.60000 0.6000000238 2.3211213258    0.600 -0.401  3.6611  4.214    0  0.000  0.545     0.00     0.00     0.00     0.00     0.00 -1  -5.1e-14      0.00 7.504e-01 2.491e-01 8.884e-05 2.397e-05 2.174e-04 -1.000 4.941e-04 5.773 9.897 12.504 10.195 8.216 7.494 7.500 7.242 6.946 6.251 6.122 5.914 5.775 5.529 5.467 5.140 5.120 4.895
0.00049103 -1.50000 6.60000 0.6103382111 2.3279919730    0.610 -0.388  3.6632  4.216    0  0.000  0.545     0.00     0.00     0.00     0.00     0.00 -1 -5.19e-14      0.00 7.504e-01 2.491e-01 8.884e-05 2.397e-05 2.174e-04 -1.000 4.941e-04 5.740 9.853 12.347 10.070 8.134 7.420 7.438 7.187 6.893 6.206 6.078 5.872 5.735 5.492 5.430 5.106 5.087 4.864
0.00049103 -1.50000 6.60000 0.6354274750 2.3436020795    0.635 -0.354  3.6683  4.220    0  0.000  0.545     0.00     0.00     0.00     0.00     0.00 -1 -5.48e-14      0.00 7.504e-01 2.491e-01 8.884e-05 2.397e-05 2.174e-04 -1.000 4.940e-04 5.654 9.740 11.969 9.765 7.932 7.237 7.283 7.049 6.760 6.092 5.967 5.768 5.634 5.396 5.336 5.019 5.001 4.784
0.00049103 -1.50000 6.60000 0.6499999762 2.3520353107    0.650 -0.335  3.6712  4.223    0  0.000  0.545     0.00     0.00     0.00     0.00     0.00 -1 -5.63e-14      0.00 7.504e-01 2.491e-01 8.884e-05 2.397e-05 2.174e-04 -1.000 4.941e-04 5.609 9.679 11.770 9.606 7.823 7.139 7.200 6.975 6.690 6.032 5.908 5.712 5.580 5.345 5.286 4.972 4.954 4.741
0.00049103 -1.50000 6.60000 0.6703687906 2.3631193016    0.670 -0.310  3.6748  4.225    0  0.000  0.545     0.00     0.00     0.00     0.00     0.00 -1 -5.87e-14      0.00 7.504e-01 2.491e-01 8.884e-05 2.397e-05 2.174e-04 -1.000 4.941e-04 5.544 9.594 11.519 9.406 7.681 7.010 7.089 6.877 6.595 5.950 5.827 5.636 5.506 5.274 5.216 4.907 4.890 4.680
0.00049103 -1.50000 6.60000 0.6999999881 2.3779266974    0.700 -0.272  3.6799  4.227    0  0.000  0.545     0.00     0.00     0.00     0.00     0.00 -1 -6.26e-14      0.00 7.504e-01 2.491e-01 8.884e-05 2.397e-05 2.174e-04 -1.000 4.940e-04 5.449 9.472 11.168 9.125 7.478 6.826 6.932 6.736 6.459 5.831 5.711 5.525 5.398 5.171 5.115 4.811 4.795 4.591
0.00049103 -1.50000 6.60000 0.7277408242 2.3905400966    0.728 -0.227  3.6898  4.238    0  0.000  0.541     0.00     0.00     0.00     0.00     0.00 -1 -6.73e-14      0.00 7.504e-01 2.491e-01 8.818e-05 2.396e-05 2.174e-04 -1.000 4.941e-04 5.336 9.303 10.666 8.698 7.165 6.546 6.701 6.539 6.272 5.675 5.559 5.383 5.262 5.043 4.989 4.697 4.682 4.489
0.00049103 -1.50000 6.60000 0.7500000000 2.3998889087    0.750 -0.191  3.6976  4.246    0  0.000  0.538     0.00     0.00     0.00     0.00     0.00 -1 -7.13e-14      0.00 7.504e-01 2.491e-01 8.767e-05 2.394e-05 2.174e-04 -1.000 4.940e-04 5.247 9.164 10.203 8.364 6.930 6.338 6.527 6.389 6.131 5.558 5.444 5.275 5.158 4.945 4.894 4.610 4.596 4.411
0.00049103 -1.50000 6.60000 0.7519160509 2.4006639443    0.752 -0.188  3.6980  4.247    0  0.000  0.538     0.00     0.00     0.00     0.00     0.00 -1 -7.16e-14      0.00 7.504e-01 2.491e-01 8.767e-05 2.394e-05 2.174e-04 -1.000 4.940e-04 5.241 9.156 10.182 8.348 6.918 6.327 6.518 6.381 6.123 5.551 5.437 5.268 5.151 4.939 4.888 4.605 4.590 4.406
0.00049103 -1.50000 6.60000 0.7964876890 2.4174898726    0.796 -0.129  3.7057  4.243    0  0.000  0.538     0.00     0.00     0.00     0.00     0.00 -1 -8.01e-14      0.00 7.504e-01 2.491e-01 8.767e-05 2.394e-05 2.174e-04 -1.000 4.942e-04 5.093 8.952 9.670 7.965 6.630 6.066 6.290 6.176 5.927 5.377 5.266 5.104 4.991 4.785 4.735 4.461 4.447 4.270
0.00049103 -1.50000 6.60000 0.8000000119 2.4187244405    0.800 -0.124  3.7063  4.242    0  0.000  0.538     0.00     0.00     0.00     0.00     0.00 -1  -8.1e-14      0.00 7.504e-01 2.491e-01 8.767e-05 2.394e-05 2.174e-04 -1.000 4.941e-04 5.079 8.934 9.625 7.931 6.604 6.042 6.269 6.157 5.910 5.362 5.251 5.089 4.976 4.771 4.721 4.447 4.434 4.257
0.00049103 -1.50000 6.60000 0.8500000238 2.4350346840    0.850 -0.060  3.7152  4.240    0  0.000  0.538     0.00     0.00     0.00     0.00     0.00 -1 -9.12e-14      0.00 7.504e-01 2.491e-01 8.767e-05 2.394e-05 2.174e-04 -1.000 4.940e-04 4.920 8.704 9.075 7.521 6.295 5.763 6.024 5.936 5.700 5.177 5.069 4.915 4.806 4.607 4.560 4.295 4.283 4.115
0.00049103 -1.50000 6.60000 0.8999999762 2.4492786016    0.899  0.013  3.7245  4.229    0  0.000  0.538     0.00     0.00     0.00     0.00     0.00 -1 -1.06e-13      0.00 7.504e-01 2.491e-01 8.767e-05 2.394e-05 2.174e-04 -1.000 4.941e-04 4.737 8.437 8.505 7.087 5.963 5.462 5.756 5.692 5.468 4.972 4.867 4.720 4.615 4.424 4.378 4.123 4.112 3.953
0.00049103 -1.50000 6.60000 0.9499999881 2.4618121868    0.950  0.090  3.7338  4.213    0  0.000  0.538     0.00     0.00     0.00     0.00     0.00 -1 -1.25e-13      0.00 7.504e-01 2.491e-01 8.767e-05 2.394e-05 2.174e-04 -1.000 4.941e-04 4.546 8.150 7.956 6.662 5.633 5.162 5.485 5.442 5.231 4.761 4.660 4.519 4.419 4.234 4.191 3.945 3.934 3.784
0.00049103 -1.50000 6.60000 0.9690624475 2.4662007961    0.969  0.114  3.7368  4.210    0  0.000  0.538     0.00     0.00     0.00     0.00     0.00 -1 -1.31e-13      0.00 7.504e-01 2.491e-01 8.767e-05 2.394e-05 2.174e-04 -1.000 4.941e-04 4.486 8.056 7.785 6.529 5.530 5.069 5.401 5.364 5.157 4.695 4.595 4.456 4.357 4.174 4.132 3.889 3.879 3.731
0.00049103 -1.50000 6.60000 0.9808338284 2.4688130758    0.981  0.129  3.7388  4.208    0  0.000  0.538     0.00     0.00     0.00     0.00     0.00 -1 -1.35e-13      0.00 7.504e-01 2.491e-01 8.767e-05 2.394e-05 2.174e-04 -1.000 4.941e-04 4.448 7.996 7.678 6.445 5.465 5.010 5.347 5.315 5.110 4.653 4.554 4.417 4.318 4.137 4.095 3.854 3.844 3.698
0.00049103 -1.50000 6.60000 1.0000000000 2.4729154477    1.000  0.162  3.7425  4.198    0  0.000  0.538     0.00     0.00     0.00     0.00     0.00 -1 -1.46e-13      0.00 7.504e-01 2.491e-01 8.767e-05 2.394e-05 2.174e-04 -1.000 4.941e-04 4.364 7.863 7.455 6.270 5.331 4.889 5.234 5.209 5.009 4.563 4.465 4.331 4.234 4.055 4.014 3.777 3.767 3.625
0.00049103 -1.50000 6.60000 1.0499999523 2.4828114860    1.050  0.248  3.7519  4.170    0  0.000  0.538     0.00     0.00     0.00     0.00     0.00 -1 -1.66e-13      0.00 7.504e-01 2.491e-01 8.767e-05 2.394e-05 2.174e-04 -1.000 4.941e-04 4.149 7.504 6.895 5.831 4.993 4.586 4.950 4.941 4.753 4.333 4.240 4.112 4.019 3.848 3.809 3.582 3.573 3.439
0.00049103 -1.50000 6.60000 1.0773174763 2.4877741670    1.077  0.296  3.7569  4.153    0  0.000  0.538     0.00     0.00     0.00     0.00     0.00 -1 -1.78e-13      0.00 7.504e-01 2.491e-01 8.767e-05 2.394e-05 2.174e-04 -1.000 4.941e-04 4.029 7.299 6.606 5.600 4.813 4.424 4.795 4.794 4.613 4.207 4.115 3.992 3.901 3.734 3.696 3.474 3.465 3.336
0.00049103 -1.50000 6.60000 1.1000000238 2.4916801480    1.099  0.342  3.7615  4.135    0  0.000  0.538     0.00     0.00     0.00     0.00     0.00 -1 -1.93e-13      0.00 7.504e-01 2.491e-01 8.767e-05 2.394e-05 2.174e-04 -1.000 4.941e-04 3.915 7.103 6.342 5.387 4.645 4.273 4.650 4.656 4.480 4.087 3.997 3.877 3.788 3.625 3.588 3.370 3.362 3.237
0.00049103 -1.50000 6.60000 1.1330499649 2.4970507545    1.132  0.412  3.7682  4.105    0  0.000  0.538     0.00     0.00     0.00     0.00     0.00 -1 -2.17e-13      0.00 7.504e-01 2.491e-01 8.767e-05 2.394e-05 2.174e-04 -1.000 4.941e-04 3.740 6.799 5.966 5.081 4.400 4.052 4.434 4.447 4.280 3.905 3.819 3.703 3.616 3.459 3.423 3.212 3.205 3.085
0.00049103 -1.50000 6.60000 1.1499999762 2.4996678137    1.149  0.452  3.7719  4.086    0  0.000  0.538     0.00     0.00     0.00     0.00     0.00 -1 -2.35e-13      0.00 7.504e-01 2.491e-01 8.767e-05 2.394e-05 2.174e-04 -1.000 4.941e-04 3.639 6.622 5.759 4.910 4.262 3.928 4.310 4.328 4.165 3.800 3.716 3.602 3.518 3.363 3.328 3.121 3.114 2.997
0.00049103 -1.50000 6.60000 1.1718126535 2.5029078786    1.171  0.506  3.7768  4.060    0  0.000  0.538     0.00     0.00     0.00     0.00     0.00 -1  -2.6e-13      0.00 7.504e-01 2.491e-01 8.767e-05 2.394e-05 2.174e-04 -1.000 4.941e-04 3.504 6.386 5.492 4.689 4.082 3.765 4.147 4.169 4.012 3.660 3.578 3.468 3.385 3.235 3.200 2.999 2.992 2.879
0.00049103 -1.50000 6.60000 1.2000000477 2.5068948796    1.200  0.579  3.7837  4.025    0  0.000  0.538     0.00     0.00     0.00     0.00     0.00 -1    -3e-13      0.00 7.504e-01 2.491e-01 8.767e-05 2.394e-05 2.174e-04 -1.000 4.941e-04 3.322 6.066 5.146 4.401 3.846 3.551 3.929 3.955 3.806 3.472 3.392 3.287 3.207 3.062 3.029 2.834 2.828 2.721
0.00049103 -1.50000 6.60000 1.2328916788 2.5112832387    1.233  0.662  3.7922  3.987    0  0.000  0.538     0.00     0.00     0.00     0.00     0.00 -1  -3.5e-13      0.00 7.504e-01 2.491e-01 8.767e-05 2.394e-05 2.174e-04 -1.000 4.940e-04 3.115 5.695 4.764 4.083 3.584 3.315 3.680 3.708 3.569 3.255 3.179 3.080 3.004 2.865 2.834 2.648 2.642 2.543
0.00049103 -1.50000 6.60000 1.2500000000 2.5134610955    1.250  0.702  3.7969  3.973    0  0.000  0.538     0.00     0.00     0.00     0.00     0.00 -1 -3.74e-13      0.00 7.504e-01 2.491e-01 8.767e-05 2.394e-05 2.174e-04 -1.000 4.941e-04 3.015 5.509 4.579 3.930 3.459 3.204 3.559 3.587 3.453 3.150 3.077 2.980 2.906 2.772 2.741 2.560 2.555 2.459
0.00049103 -1.50000 6.60000 1.2643591166 2.5152367626    1.264  0.734  3.8011  3.962    0  0.000  0.538     0.00     0.00     0.00     0.00     0.00 -1 -3.92e-13      0.00 7.504e-01 2.491e-01 8.767e-05 2.394e-05 2.174e-04 -1.000 4.941e-04 2.935 5.355 4.427 3.805 3.358 3.114 3.459 3.488 3.358 3.065 2.993 2.900 2.827 2.696 2.667 2.490 2.485 2.392
0.00049103 -1.50000 6.60000 1.2999999523 2.5194498592    1.300  0.808  3.8129  3.948    0  0.000  0.538     0.00     0.00     0.00     0.00     0.00 -1 -4.29e-13      0.00 7.504e-01 2.491e-01 8.767e-05 2.394e-05 2.174e-04 -1.000 4.941e-04 2.751 4.977 4.069 3.516 3.129 2.915 3.227 3.254 3.136 2.867 2.801 2.715 2.648 2.526 2.499 2.334 2.330 2.247
0.00049103 -1.50000 6.60000 1.3132123947 2.5209450412    1.313  0.834  3.8178  3.946    0  0.000  0.538     0.00     0.00     0.00     0.00     0.00 -1 -4.39e-13      0.00 7.504e-01 2.491e-01 8.767e-05 2.394e-05 2.174e-04 -1.000 4.941e-04 2.685 4.842 3.943 3.414 3.047 2.844 3.143 3.169 3.055 2.796 2.732 2.649 2.583 2.466 2.439 2.280 2.276 2.197
0.00049103 -1.50000 6.60000 1.3386319876 2.5237264019    1.339  0.882  3.8288  3.950    0  0.000  0.538     0.00     0.00     0.00     0.00     0.00 -1 -4.52e-13      0.00 7.504e-01 2.491e-01 8.767e-05 2.394e-05 2.174e-04 -1.000 4.941e-04 2.565 4.568 3.694 3.214 2.893 2.714 2.984 3.006 2.902 2.664 2.604 2.528 2.467 2.358 2.334 2.186 2.182 2.113
0.00049103 -1.50000 6.60000 1.3500000238 2.5249313598    1.350  0.903  3.8344  3.955    0  0.000  0.538     0.00     0.00     0.00     0.00     0.00 -1 -4.56e-13      0.00 7.504e-01 2.491e-01 8.767e-05 2.394e-05 2.174e-04 -1.000 4.941e-04 2.513 4.444 3.585 3.128 2.828 2.660 2.913 2.933 2.833 2.606 2.547 2.475 2.417 2.312 2.289 2.147 2.144 2.078
0.00049103 -1.50000 6.60000 1.3539227247 2.5253417511    1.354  0.910  3.8364  3.957    0  0.000  0.538     0.00     0.00     0.00     0.00     0.00 -1 -4.56e-13      0.00 7.504e-01 2.491e-01 8.767e-05 2.394e-05 2.174e-04 -1.000 4.941e-04 2.495 4.400 3.547 3.099 2.806 2.642 2.889 2.907 2.810 2.585 2.528 2.457 2.400 2.297 2.274 2.134 2.131 2.067
0.00049103 -1.50000 6.60000 1.3772574663 2.5277275620    1.377  0.951  3.8507  3.980    0  0.000  0.538     0.00     0.00     0.00     0.00     0.00 -1 -4.51e-13      0.00 7.504e-01 2.491e-01 8.767e-05 2.394e-05 2.174e-04 -1.000 4.941e-04 2.391 4.120 3.309 2.917 2.674 2.537 2.741 2.753 2.667 2.467 2.415 2.354 2.302 2.211 2.191 2.066 2.064 2.011
0.00049103 -1.50000 6.60000 1.3978890181 2.5297608710    1.398  0.987  3.8658  4.012    0  0.000  0.538     0.00     0.00     0.00     0.00     0.00 -1  -4.4e-13      0.00 7.504e-01 2.491e-01 8.767e-05 2.393e-05 2.174e-04 -1.000 4.941e-04 2.302 3.856 3.096 2.759 2.562 2.453 2.610 2.613 2.539 2.364 2.319 2.267 2.222 2.144 2.127 2.018 2.017 1.974
0.00049103 -1.50000 6.60000 1.3999999762 2.5299650300    1.400  0.991  3.8674  4.015    0  0.000  0.538     0.00     0.00     0.00     0.00     0.00 -1 -4.39e-13      0.00 7.504e-01 2.491e-01 8.767e-05 2.393e-05 2.174e-04 -1.000 4.941e-04 2.293 3.829 3.075 2.744 2.551 2.445 2.597 2.599 2.526 2.354 2.309 2.259 2.214 2.138 2.121 2.014 2.013 1.971
0.00049103 -1.50000 6.60000 1.4016742706 2.5301264548    1.402  0.993  3.8687  4.018    0  0.000  0.538     0.00     0.00     0.00     0.00     0.00 -1 -4.37e-13      0.00 7.504e-01 2.491e-01 8.767e-05 2.393e-05 2.174e-04 -1.000 4.941e-04 2.286 3.807 3.058 2.731 2.543 2.439 2.586 2.588 2.515 2.346 2.301 2.252 2.208 2.132 2.116 2.011 2.009 1.969
0.00049103 -1.50000 6.60000 1.4218401909 2.5320364301    1.422  1.027  3.8846  4.055    0  0.000  0.538     0.00     0.00     0.00     0.00     0.00 -1 -4.17e-13      0.00 7.504e-01 2.491e-01 8.767e-05 2.393e-05 2.174e-04 -1.000 4.941e-04 2.203 3.549 2.860 2.588 2.442 2.364 2.464 2.456 2.396 2.252 2.214 2.175 2.138 2.077 2.063 1.976 1.975 1.944
0.00049103 -1.50000 6.60000 1.4426053762 2.5339391291    1.443  1.060  3.9011  4.094    0  0.000  0.538     0.00     0.00     0.00     0.00     0.00 -1 -3.96e-13      0.00 7.504e-01 2.491e-01 8.767e-05 2.393e-05 2.174e-04 -1.000 4.927e-04 2.121 3.280 2.669 2.450 2.343 2.288 2.345 2.329 2.281 2.164 2.133 2.105 2.075 2.028 2.017 1.948 1.947 1.926
0.00049103 -1.50000 6.60000 1.4500000477 2.5346015836    1.450  1.071  3.9068  4.108    0  0.000  0.538     0.00     0.00     0.00     0.00     0.00 -1 -3.89e-13      0.00 7.504e-01 2.491e-01 8.767e-05 2.393e-05 2.174e-04 -1.000 4.942e-04 2.093 3.177 2.607 2.406 2.310 2.262 2.306 2.287 2.244 2.137 2.108 2.084 2.057 2.015 2.005 1.941 1.941 1.922
0.00049103 -1.50000 6.60000 1.4639551640 2.5358308165    1.464  1.092  3.9177  4.134    0  0.000  0.538     0.00     0.00     0.00     0.00     0.00 -1  -3.7e-13      0.00 7.504e-01 2.491e-01 8.767e-05 2.393e-05 2.174e-04 -1.000 4.941e-04 2.040 2.974 2.492 2.324 2.248 2.213 2.236 2.213 2.179 2.091 2.067 2.049 2.027 1.993 1.985 1.932 1.932 1.918
0.00049103 -1.50000 6.60000 1.4845582247 2.5375971396    1.485  1.122  3.9335  4.174    0  0.000  0.538     0.00     0.00     0.00     0.00     0.00 -1 -3.43e-13      0.00 7.504e-01 2.491e-01 8.767e-05 2.393e-05 2.174e-04 -1.000 4.941e-04 1.966 2.669 2.335 2.209 2.159 2.141 2.149 2.124 2.102 2.039 2.021 2.011 1.996 1.973 1.967 1.928 1.928 1.920
0.00049103 -1.50000 6.60000 1.5000000000 2.5388844597    1.500  1.142  3.9448  4.203    0  0.000  0.538     0.00     0.00     0.00     0.00     0.00 -1 -3.24e-13      0.00 7.505e-01 2.490e-01 8.767e-05 2.393e-05 2.174e-04 -1.000 4.941e-04 1.914 2.462 2.224 2.124 2.093 2.087 2.100 2.077 2.060 2.012 1.999 1.994 1.982 1.966 1.961 1.931 1.931 1.928
0.00049103 -1.50000 6.60000 1.5067282915 2.5394358887    1.507  1.151  3.9498  4.216    0  0.000  0.538     0.00     0.00     0.00     0.00     0.00 -1 -3.12e-13      0.00 7.505e-01 2.490e-01 8.767e-05 2.393e-05 2.174e-04 -1.000 4.941e-04 1.892 2.375 2.176 2.086 2.064 2.064 2.081 2.058 2.044 2.003 1.991 1.987 1.977 1.964 1.960 1.933 1.933 1.933
0.00049103 -1.50000 6.60000 1.5242673159 2.5408470490    1.524  1.173  3.9621  4.249    0  0.000  0.538     0.00     0.00     0.00     0.00     0.00 -1 -2.83e-13      0.00 7.505e-01 2.490e-01 8.767e-05 2.393e-05 2.174e-04 -1.000 4.941e-04 1.838 2.183 2.059 1.992 1.991 2.005 2.040 2.024 2.014 1.987 1.978 1.978 1.971 1.965 1.961 1.943 1.943 1.947
0.00049103 -1.50000 6.60000 1.5303113461 2.5413247317    1.530  1.180  3.9662  4.260    0  0.000  0.538     0.00     0.00     0.00     0.00     0.00 -1 -2.73e-13      0.00 7.505e-01 2.490e-01 8.767e-05 2.393e-05 2.174e-04 -1.000 4.941e-04 1.821 2.125 2.022 1.961 1.966 1.985 2.029 2.015 2.006 1.983 1.976 1.977 1.971 1.966 1.963 1.947 1.948 1.953
0.00049103 -1.50000 6.60000 1.5499999523 2.5428511323    1.550  1.200  3.9788  4.296    0  0.000  0.538     0.00     0.00     0.00     0.00     0.00 -1 -2.45e-13      0.00 7.505e-01 2.490e-01 8.767e-05 2.393e-05 2.174e-04 -1.000 4.941e-04 1.771 1.958 1.909 1.868 1.894 1.927 1.999 1.994 1.989 1.978 1.973 1.978 1.975 1.974 1.973 1.964 1.964 1.975
0.00049103 -1.50000 6.60000 1.5575670004 2.5434259913    1.557  1.207  3.9836  4.310    0  0.000  0.538     0.00     0.00     0.00     0.00     0.00 -1  -2.3e-13      0.00 7.505e-01 2.490e-01 8.767e-05 2.393e-05 2.174e-04 -1.000 4.941e-04 1.752 1.901 1.868 1.834 1.866 1.905 1.990 1.988 1.985 1.979 1.975 1.980 1.978 1.979 1.978 1.971 1.972 1.985
0.00049103 -1.50000 6.60000 1.5901612043 2.5458303785    1.590  1.234  4.0018  4.365    0  0.000  0.538     0.00     0.00     0.00     0.00     0.00 -1 -1.75e-13      0.00 7.505e-01 2.490e-01 8.767e-05 2.393e-05 2.174e-04 -1.000 4.941e-04 1.685 1.706 1.720 1.711 1.770 1.828 1.968 1.982 1.981 1.991 1.990 1.998 1.999 2.005 2.005 2.007 2.008 2.028
0.00049103 -1.50000 6.60000 1.6000000238 2.5465340628    1.600  1.241  4.0066  4.380    0  0.000  0.538     0.00     0.00     0.00     0.00     0.00 -1 -1.61e-13      0.00 7.505e-01 2.490e-01 8.767e-05 2.393e-05 2.174e-04 -1.000 4.941e-04 1.668 1.659 1.683 1.680 1.746 1.809 1.965 1.982 1.983 1.996 1.996 2.004 2.006 2.014 2.014 2.017 2.019 2.041
0.00049103 -1.50000 6.60000 1.6338372231 2.5488799197    1.633  1.264  4.0232  4.432    0  0.000  0.538     0.00     0.00     0.00     0.00     0.00 -1 -3.11e-25      0.00 7.505e-01 2.490e-01 8.767e-05 2.393e-05 2.174e-04 -1.000 4.941e-04 1.609 1.512 1.564 1.581 1.669 1.748 1.959 1.991 1.994 2.019 2.022 2.031 2.035 2.046 2.048 2.057 2.059 2.087
0.00049103 -1.50000 6.60000 1.6499999762 2.5499614773    1.649  1.275  4.0297  4.451    0  0.000  0.538     0.00     0.00     0.00     0.00     0.00 -1    -1e-30      0.00 7.505e-01 2.490e-01 8.767e-05 2.393e-05 2.174e-04 -1.000 4.941e-04 1.583 1.455 1.516 1.541 1.638 1.723 1.955 1.993 1.996 2.026 2.030 2.040 2.045 2.057 2.058 2.069 2.072 2.103
0.00049103 -1.50000 6.60000 1.6739913225 2.5515226979    1.673  1.290  4.0398  4.483    0  0.000  0.538     0.00     0.00     0.00     0.00     0.00 -1    -1e-30      0.00 7.505e-01 2.490e-01 8.767e-05 2.393e-05 2.174e-04 -1.000 4.940e-04 1.545 1.372 1.447 1.484 1.593 1.688 1.954 2.001 2.005 2.041 2.046 2.057 2.062 2.076 2.079 2.093 2.096 2.130
0.00049103 -1.50000 6.60000 1.6999410391 2.5531544350    1.699  1.306  4.0498  4.513    0  0.000  0.538     0.00     0.00     0.00     0.00     0.00 -1    -1e-30      0.00 7.505e-01 2.490e-01 8.766e-05 2.393e-05 2.174e-04 -1.000 4.941e-04 1.505 1.291 1.378 1.426 1.547 1.652 1.952 2.007 2.012 2.053 2.060 2.071 2.078 2.094 2.096 2.113 2.117 2.156
0.00049103 -1.50000 6.60000 1.7021526098 2.5532908566    1.701  1.307  4.0506  4.516    0  0.000  0.538     0.00     0.00     0.00     0.00     0.00 -1    -1e-30      0.00 7.505e-01 2.490e-01 8.766e-05 2.393e-05 2.174e-04 -1.000 4.941e-04 1.502 1.285 1.372 1.421 1.543 1.649 1.952 2.008 2.013 2.055 2.061 2.073 2.079 2.095 2.098 2.115 2.119 2.158
0.00049103 -1.50000 6.60000 1.7498819828 2.5561387038    1.749  1.337  4.0654  4.558    0  0.000  0.538     0.00     0.00     0.00     0.00     0.00 -1    -1e-30      0.00 7.505e-01 2.490e-01 8.766e-05 2.393e-05 2.174e-04 -1.000 4.941e-04 1.429 1.158 1.261 1.327 1.465 1.583 1.938 2.007 2.012 2.062 2.070 2.082 2.091 2.108 2.112 2.133 2.137 2.182
0.00049103 -1.50000 6.60000 1.7741228342 2.5575177812    1.773  1.351  4.0723  4.577    0  0.000  0.538     0.00     0.00     0.00     0.00     0.00 -1    -1e-30      0.00 7.505e-01 2.490e-01 8.766e-05 2.393e-05 2.174e-04 -1.000 4.941e-04 1.393 1.099 1.210 1.282 1.428 1.552 1.931 2.005 2.011 2.064 2.072 2.085 2.094 2.113 2.117 2.140 2.144 2.192
0.00049103 -1.50000 6.60000 1.7998231649 2.5589333321    1.799  1.366  4.0784  4.593    0  0.000  0.538     0.00     0.00     0.00     0.00     0.00 -1    -1e-30      0.00 7.505e-01 2.490e-01 8.766e-05 2.393e-05 2.174e-04 -1.000 4.941e-04 1.356 1.043 1.160 1.239 1.390 1.520 1.920 1.998 2.005 2.061 2.070 2.083 2.093 2.112 2.116 2.141 2.146 2.196
0.00049103 -1.50000 6.60000 1.8306634426 2.5605717984    1.829  1.383  4.0859  4.613    0  0.000  0.538     0.00     0.00     0.00     0.00     0.00 -1    -1e-30      0.00 7.505e-01 2.490e-01 8.766e-05 2.393e-05 2.174e-04 -1.000 4.941e-04 1.312 0.978 1.102 1.188 1.347 1.483 1.908 1.993 2.000 2.059 2.069 2.082 2.093 2.113 2.117 2.144 2.149 2.202
0.00049103 -1.50000 6.60000 1.8497642279 2.5615551271    1.849  1.394  4.0893  4.620    0  0.000  0.538     0.00     0.00     0.00     0.00     0.00 -1    -1e-30      0.00 7.505e-01 2.490e-01 8.766e-05 2.393e-05 2.174e-04 -1.000 4.941e-04 1.285 0.940 1.068 1.157 1.320 1.458 1.895 1.983 1.990 2.050 2.061 2.075 2.085 2.106 2.110 2.138 2.143 2.198
0.00049103 -1.50000 6.60000 1.8997051716 2.5640190231    1.899  1.418  4.0995  4.648    0  0.000  0.538     0.00     0.00     0.00     0.00     0.00 -1    -1e-30      0.00 7.505e-01 2.490e-01 8.766e-05 2.393e-05 2.174e-04 -1.000 4.941e-04 1.225 0.853 0.991 1.090 1.263 1.409 1.880 1.975 1.983 2.047 2.059 2.073 2.084 2.107 2.111 2.141 2.147 2.206
0.00049103 -1.50000 6.60000 1.9158884287 2.5647858224    1.915  1.426  4.1024  4.656    0  0.000  0.538     0.00     0.00     0.00     0.00     0.00 -1    -1e-30      0.00 7.505e-01 2.490e-01 8.766e-05 2.393e-05 2.174e-04 -1.000 4.941e-04 1.206 0.827 0.968 1.070 1.245 1.394 1.875 1.972 1.980 2.046 2.057 2.072 2.083 2.106 2.111 2.141 2.147 2.207
0.00049103 -1.50000 6.60000 1.9453380108 2.5661436408    1.945  1.439  4.1070  4.668    0  0.000  0.538     0.00     0.00     0.00     0.00     0.00 -1    -1e-30      0.00 7.505e-01 2.490e-01 8.766e-05 2.393e-05 2.174e-04 -1.000 4.941e-04 1.172 0.782 0.927 1.033 1.213 1.365 1.861 1.961 1.969 2.037 2.049 2.064 2.076 2.099 2.104 2.136 2.142 2.204
0.00049103 -1.50000 6.60000 1.9496462345 2.5663383267    1.949  1.442  4.1077  4.668    0  0.000  0.538     0.00     0.00     0.00     0.00     0.00 -1    -1e-30      0.00 7.505e-01 2.490e-01 8.766e-05 2.393e-05 2.174e-04 -1.000 4.941e-04 1.164 0.773 0.919 1.026 1.206 1.358 1.856 1.957 1.966 2.034 2.046 2.061 2.072 2.096 2.101 2.133 2.139 2.201
0.00049103 -1.50000 6.60000 1.9995872974 2.5685249043    2.000  1.474  4.1151  4.678    0  0.000  0.538     0.00     0.00     0.00     0.00     0.00 -1    -1e-30      0.00 7.505e-01 2.490e-01 8.766e-05 2.393e-05 2.174e-04 -1.000 4.941e-04 1.086 0.679 0.832 0.946 1.132 1.290 1.811 1.918 1.926 1.997 2.010 2.025 2.038 2.062 2.067 2.101 2.108 2.173
0.00049103 -1.50000 6.60000 2.0072066784 2.5688475214    2.007  1.479  4.1163  4.679    0  0.000  0.538     0.00     0.00     0.00     0.00     0.00 -1    -1e-30      0.00 7.505e-01 2.490e-01 8.766e-05 2.393e-05 2.174e-04 -1.000 4.941e-04 1.073 0.664 0.818 0.932 1.119 1.278 1.803 1.910 1.919 1.991 2.003 2.019 2.031 2.056 2.061 2.095 2.101 2.167
0.00049103 -1.50000 6.60000 2.0495283604 2.5705893891    2.049  1.513  4.1231  4.681    0  0.000  0.538     0.00     0.00     0.00     0.00     0.00 -1    -1e-30      0.00 7.505e-01 2.490e-01 8.766e-05 2.393e-05 2.174e-04 -1.000 4.941e-04 0.988 0.567 0.727 0.847 1.041 1.204 1.750 1.863 1.872 1.946 1.960 1.975 1.988 2.014 2.019 2.055 2.061 2.130
0.00049103 -1.50000 6.60000 2.0994691849 2.5725413213    2.099  1.546  4.1302  4.687    0  0.000  0.538     0.00     0.00     0.00     0.00     0.00 -1    -1e-30      0.00 7.505e-01 2.490e-01 8.766e-05 2.393e-05 2.174e-04 -1.000 4.941e-04 0.906 0.472 0.639 0.765 0.964 1.133 1.699 1.818 1.827 1.904 1.919 1.935 1.948 1.974 1.980 2.017 2.024 2.095
0.00049103 -1.50000 6.60000 2.1093025208 2.5729131520    2.108  1.553  4.1317  4.688    0  0.000  0.538     0.00     0.00     0.00     0.00     0.00 -1    -1e-30      0.00 7.505e-01 2.490e-01 8.766e-05 2.393e-05 2.174e-04 -1.000 4.941e-04 0.888 0.451 0.620 0.747 0.948 1.118 1.688 1.808 1.817 1.895 1.909 1.925 1.939 1.965 1.971 2.009 2.016 2.087
0.00049103 -1.50000 6.60000 2.1494104862 2.5743893270    2.148  1.583  4.1379  4.690    0  0.000  0.538     0.00     0.00     0.00     0.00     0.00 -1    -1e-30      0.00 7.505e-01 2.490e-01 8.766e-05 2.393e-05 2.174e-04 -1.000 4.941e-04 0.812 0.364 0.538 0.671 0.877 1.051 1.640 1.765 1.774 1.855 1.870 1.886 1.900 1.927 1.933 1.972 1.980 2.053
0.00049103 -1.50000 6.60000 2.1993513107 2.5761411328    2.198  1.620  4.1454  4.693    0  0.000  0.538     0.00     0.00     0.00     0.00     0.00 -1    -1e-30      0.00 7.505e-01 2.490e-01 8.766e-05 2.393e-05 2.174e-04 -1.000 4.941e-04 0.719 0.259 0.441 0.579 0.792 0.971 1.582 1.712 1.722 1.806 1.821 1.838 1.853 1.881 1.887 1.928 1.935 2.011
0.00049103 -1.50000 6.60000 2.2492926121 2.5778037959    2.248  1.657  4.1530  4.697    0  0.000  0.538     0.00     0.00     0.00     0.00     0.00 -1    -1e-30      0.00 7.505e-01 2.490e-01 8.765e-05 2.393e-05 2.174e-04 -1.000 4.941e-04 0.628 0.158 0.346 0.490 0.709 0.894 1.525 1.661 1.671 1.758 1.774 1.792 1.807 1.835 1.842 1.884 1.892 1.971
0.00049103 -1.50000 6.60000 2.2992334366 2.5793836540    2.298  1.692  4.1598  4.699    0  0.000  0.538     0.00     0.00     0.00     0.00     0.00 -1    -1e-30      0.00 7.505e-01 2.490e-01 8.765e-05 2.393e-05 2.174e-04 -1.000 4.941e-04 0.541 0.062 0.257 0.407 0.631 0.821 1.470 1.611 1.622 1.712 1.728 1.746 1.762 1.791 1.798 1.842 1.850 1.931
0.00049103 -1.50000 6.60000 2.3491744995 2.5808865198    2.348  1.726  4.1663  4.700    0  0.000  0.538     0.00     0.00     0.00     0.00     0.00 -1    -1e-30      0.00 7.504e-01 2.491e-01 8.767e-05 2.394e-05 2.174e-04 -1.000 4.941e-04 0.456 -0.030 0.170 0.326 0.555 0.749 1.415 1.561 1.572 1.665 1.682 1.700 1.716 1.746 1.753 1.799 1.807 1.891
0.00049103 -1.50000 6.60000 2.3991155624 2.5823176582    2.398  1.759  4.1728  4.702    0  0.000  0.538     0.00     0.00     0.00     0.00     0.00 -1    -1e-30      0.00 7.504e-01 2.491e-01 8.767e-05 2.394e-05 2.174e-04 -1.000 4.941e-04 0.373 -0.120 0.086 0.246 0.481 0.680 1.363 1.514 1.525 1.620 1.638 1.656 1.673 1.704 1.711 1.758 1.766 1.852
0.00049103 -1.50000 6.60000 2.5988795757 2.5874152369    2.599  1.884  4.1957  4.704    0  0.000  0.538     0.00     0.00     0.00     0.00     0.00 -1    -1e-30      0.00 7.505e-01 2.490e-01 8.781e-05 2.397e-05 2.178e-04 -1.000 4.941e-04 0.060 -0.452 -0.224 -0.047 0.206 0.420 1.159 1.326 1.338 1.443 1.462 1.482 1.500 1.534 1.542 1.593 1.602 1.696
0.00049103 -1.50000 6.60000 2.7986440659 2.5916851851    2.799  1.999  4.2153  4.699    0  0.000  0.538     0.00     0.00     0.00     0.00     0.00 -1    -1e-30      0.00 7.505e-01 2.490e-01 8.781e-05 2.397e-05 2.178e-04 -1.000 4.941e-04 -0.227 -0.749 -0.504 -0.312 -0.045 0.183 0.966 1.147 1.160 1.272 1.293 1.314 1.334 1.370 1.378 1.434 1.444 1.543
0.00049103 -1.50000 6.60000 2.9984080791 2.5953075499    2.999  2.104  4.2332  4.695    0  0.000  0.538     0.00     0.00     0.00     0.00     0.00 -1    -1e-30      0.00 7.505e-01 2.490e-01 8.781e-05 2.397e-05 2.178e-04 -1.000 4.941e-04 -0.491 -1.019 -0.757 -0.553 -0.273 -0.033 0.788 0.981 0.995 1.115 1.138 1.159 1.180 1.218 1.227 1.286 1.297 1.401
0.00049103 -1.50000 6.60000 3.1981720924 2.5984145229    3.198  2.202  4.2493  4.690    0  0.000  0.538     0.00     0.00     0.00     0.00     0.00 -1    -1e-30      0.00 7.505e-01 2.490e-01 8.781e-05 2.397e-05 2.178e-04 -1.000 4.941e-04 -0.736 -1.265 -0.989 -0.774 -0.483 -0.232 0.621 0.825 0.840 0.965 0.990 1.012 1.035 1.074 1.083 1.146 1.157 1.266
0.00049103 -1.50000 6.60000 3.3979363441 2.6011051823    3.396  2.294  4.2636  4.682    0  0.000  0.538     0.00     0.00     0.00     0.00     0.00 -1    -1e-30      0.00 7.505e-01 2.490e-01 8.781e-05 2.397e-05 2.178e-04 -1.000 4.941e-04 -0.964 -1.493 -1.204 -0.980 -0.678 -0.419 0.462 0.676 0.691 0.822 0.848 0.870 0.894 0.935 0.945 1.011 1.022 1.135
0.00049103 -1.50000 6.60000 3.5977003574 2.6034551478    3.595  2.379  4.2771  4.675    0  0.000  0.538     0.00     0.00     0.00     0.00     0.00 -1    -1e-30      0.00 7.505e-01 2.490e-01 8.781e-05 2.397e-05 2.178e-04 -1.000 4.941e-04 -1.177 -1.704 -1.403 -1.170 -0.860 -0.593 0.314 0.537 0.553 0.689 0.715 0.739 0.764 0.806 0.816 0.885 0.896 1.013
0.00049103 -1.50000 6.60000 3.7974648476 2.6055230879    3.796  2.459  4.2897  4.668    0  0.000  0.538     0.00     0.00     0.00     0.00     0.00 -1    -1e-30      0.00 7.505e-01 2.490e-01 8.781e-05 2.397e-05 2.178e-04 -1.000 4.941e-04 -1.379 -1.901 -1.589 -1.349 -1.031 -0.757 0.173 0.404 0.421 0.562 0.589 0.613 0.639 0.683 0.693 0.764 0.776 0.896
0.00049103 -1.50000 6.60000 3.9972286224 2.6073551434    3.998  2.536  4.3006  4.658    1  0.000  0.538     0.00     0.00     0.00     0.00     0.00 -1    -1e-30      0.00 7.505e-01 2.490e-01 8.781e-05 2.397e-05 2.178e-04 -1.000 4.940e-04 -1.570 -2.089 -1.767 -1.520 -1.196 -0.915 0.034 0.272 0.289 0.435 0.463 0.488 0.514 0.559 0.570 0.643 0.655 0.778
0.00049103 -1.50000 6.60000 4.1969928741 2.6089881030    4.195  2.608  4.3120  4.653    1  0.000  0.538     0.00     0.00     0.00     0.00     0.00 -1    -1e-30      0.00 7.505e-01 2.490e-01 8.781e-05 2.397e-05 2.178e-04 -1.000 4.940e-04 -1.749 -2.263 -1.931 -1.677 -1.347 -1.060 -0.091 0.155 0.173 0.322 0.352 0.377 0.404 0.450 0.461 0.536 0.548 0.675
0.00049103 -1.50000 6.60000 4.3967571259 2.6104516046    4.394  2.676  4.3225  4.647    0  0.000  0.538     0.00     0.00     0.00     0.00     0.00 -1    -1e-30      0.00 7.505e-01 2.490e-01 8.781e-05 2.397e-05 2.178e-04 -1.000 4.940e-04 -1.920 -2.428 -2.087 -1.827 -1.491 -1.198 -0.211 0.042 0.060 0.213 0.243 0.269 0.297 0.344 0.356 0.432 0.445 0.574
0.00049103 -1.50000 6.60000 4.5965209007 2.6117697860    4.594  2.741  4.3318  4.638    1  0.000  0.538     0.00     0.00     0.00     0.00     0.00 -1    -1e-30      0.00 7.505e-01 2.490e-01 8.781e-05 2.397e-05 2.178e-04 -1.000 4.941e-04 -2.083 -2.585 -2.236 -1.971 -1.629 -1.331 -0.329 -0.070 -0.052 0.105 0.136 0.162 0.191 0.239 0.250 0.329 0.342 0.473
0.00049103 -1.50000 6.60000 4.7962851524 2.6129624984    4.794  2.803  4.3416  4.634    1  0.000  0.538     0.00     0.00     0.00     0.00     0.00 -1    -1e-30      0.00 7.505e-01 2.490e-01 8.781e-05 2.397e-05 2.178e-04 -1.000 4.941e-04 -2.237 -2.734 -2.376 -2.105 -1.758 -1.455 -0.437 -0.172 -0.153 0.008 0.039 0.065 0.095 0.144 0.156 0.236 0.249 0.383
0.00049103 -1.50000 6.60000 4.8438968658 2.6132301254    4.842  2.817  4.3437  4.633    1  0.000  0.538     0.00     0.00     0.00     0.00     0.00 -1    -1e-30      0.00 7.505e-01 2.490e-01 8.781e-05 2.397e-05 2.178e-04 -1.000 4.941e-04 -2.273 -2.769 -2.409 -2.136 -1.788 -1.484 -0.463 -0.196 -0.178 -0.016 0.016 0.042 0.072 0.121 0.133 0.214 0.227 0.361
0.00049103 -1.50000 6.60000 4.9960498810 2.6140461953    4.995  2.862  4.3504  4.628    1  0.000  0.538     0.00     0.00     0.00     0.00     0.00 -1    -1e-30      0.00 7.505e-01 2.490e-01 8.781e-05 2.397e-05 2.178e-04 -1.000 4.940e-04 -2.385 -2.877 -2.511 -2.234 -1.883 -1.575 -0.544 -0.273 -0.254 -0.090 -0.057 -0.031 -0.001 0.049 0.062 0.144 0.157 0.293
0.00049103 -1.50000 6.60000 5.1953392029 2.6150323752    5.195  2.919  4.3576  4.617    1  0.000  0.538     0.00     0.00     0.00     0.00     0.00 -1    -1e-30      0.00 7.505e-01 2.490e-01 8.781e-05 2.397e-05 2.178e-04 -1.000 4.943e-04 -2.528 -3.015 -2.643 -2.362 -2.007 -1.695 -0.653 -0.377 -0.358 -0.192 -0.159 -0.132 -0.101 -0.050 -0.038 0.045 0.059 0.196
0.00049103 -1.50000 6.60000 5.3946285248 2.6159352337    5.395  2.974  4.3656  4.611    1  0.000  0.538     0.00     0.00     0.00     0.00     0.00 -1    -1e-30      0.00 7.505e-01 2.490e-01 8.781e-05 2.397e-05 2.178e-04 -1.000 4.941e-04 -2.664 -3.145 -2.766 -2.480 -2.121 -1.805 -0.751 -0.470 -0.451 -0.281 -0.248 -0.220 -0.189 -0.137 -0.125 -0.040 -0.026 0.113
0.00049103 -1.50000 6.60000 5.5939183235 2.6167645152    5.595  3.025  4.3734  4.606    1  0.000  0.538     0.00     0.00     0.00     0.00     0.00 -1    -1e-30      0.00 7.505e-01 2.490e-01 8.781e-05 2.397e-05 2.178e-04 -1.000 4.941e-04 -2.793 -3.269 -2.883 -2.592 -2.229 -1.909 -0.844 -0.558 -0.539 -0.366 -0.332 -0.304 -0.272 -0.220 -0.207 -0.121 -0.107 0.034
0.00049103 -1.50000 6.60000 5.7932076454 2.6175285244    5.794  3.075  4.3805  4.600    1  0.000  0.538     0.00     0.00     0.00     0.00     0.00 -1    -1e-30      0.00 7.505e-01 2.490e-01 8.781e-05 2.397e-05 2.178e-04 -1.000 4.941e-04 -2.918 -3.389 -2.997 -2.702 -2.335 -2.012 -0.936 -0.646 -0.626 -0.451 -0.416 -0.388 -0.355 -0.302 -0.289 -0.202 -0.188 -0.045
0.00049103 -1.50000 6.60000 5.9924979210 2.6182343934    5.993  3.124  4.3876  4.594    1  0.000  0.538     0.00     0.00     0.00     0.00     0.00 -1    -1e-30      0.00 7.505e-01 2.490e-01 8.781e-05 2.397e-05 2.178e-04 -1.000 4.941e-04 -3.039 -3.505 -3.107 -2.807 -2.436 -2.110 -1.024 -0.730 -0.710 -0.532 -0.497 -0.468 -0.435 -0.381 -0.368 -0.279 -0.265 -0.121
0.00049103 -1.50000 6.60000 6.1917872429 2.6188882607    6.191  3.170  4.3943  4.589    1  0.000  0.538     0.00     0.00     0.00     0.00     0.00 -1    -1e-30      0.00 7.505e-01 2.490e-01 8.781e-05 2.397e-05 2.178e-04 -1.000 4.941e-04 -3.155 -3.617 -3.212 -2.908 -2.534 -2.204 -1.109 -0.811 -0.791 -0.610 -0.575 -0.546 -0.512 -0.458 -0.445 -0.354 -0.340 -0.194
0.00049103 -1.50000 6.60000 6.3910765648 2.6194954552    6.390  3.215  4.4008  4.584    1  0.000  0.538     0.00     0.00     0.00     0.00     0.00 -1    -1e-30      0.00 7.505e-01 2.490e-01 8.781e-05 2.397e-05 2.178e-04 -1.000 4.941e-04 -3.268 -3.618 -3.247 -2.980 -2.626 -2.312 -1.276 -0.919 -0.906 -0.707 -0.672 -0.649 -0.619 -0.569 -0.555 -0.479 -0.466 -0.347
0.00049103 -1.50000 6.60000 6.5903668404 2.6200606153    6.582  3.257  4.4068  4.579    1  0.000  0.538     0.00     0.00     0.00     0.00     0.00 -1    -1e-30      0.00 7.505e-01 2.490e-01 8.781e-05 2.397e-05 2.178e-04 -1.000 4.942e-04 -3.373 -3.722 -3.346 -3.072 -2.715 -2.396 -1.355 -0.996 -0.982 -0.780 -0.744 -0.721 -0.689 -0.639 -0.625 -0.546 -0.533 -0.413
0.00049103 -1.50000 6.60000 7.1882352829 2.6215420000    7.174  3.379  4.4241  4.564    1  0.000  0.538     0.00     0.00     0.00     0.00     0.00 -1    -1e-30      0.00 7.505e-01 2.490e-01 8.781e-05 2.397e-05 2.178e-04 -1.000 4.941e-04 -3.676 -4.024 -3.633 -3.340 -2.970 -2.640 -1.582 -1.217 -1.200 -0.989 -0.951 -0.927 -0.894 -0.841 -0.826 -0.743 -0.729 -0.606
0.00049103 -1.50000 6.60000 7.8464074135 2.6228763753    7.835  3.501  4.4413  4.548    1  0.000  0.538     0.00     0.00     0.00     0.00     0.00 -1    -1e-30      0.00 7.505e-01 2.490e-01 8.781e-05 2.397e-05 2.178e-04 -1.000 4.941e-04 -3.983 -4.290 -3.852 -3.547 -3.170 -2.830 -1.754 -1.390 -1.375 -1.161 -1.120 -1.090 -1.052 -0.986 -0.969 -0.871 -0.857 -0.727
0.00049103 -1.50000 6.60000 8.1846847534 2.6234669858    8.175  3.560  4.4496  4.540    1  0.000  0.538     0.00     0.00     0.00     0.00     0.00 -1    -1e-30      0.00 7.505e-01 2.490e-01 8.781e-05 2.397e-05 2.178e-04 -1.000 4.941e-04 -4.131 -4.418 -3.957 -3.646 -3.266 -2.922 -1.836 -1.473 -1.459 -1.244 -1.202 -1.168 -1.127 -1.056 -1.037 -0.932 -0.917 -0.785
0.00049103 -1.50000 6.60000 9.1811313629 2.6249196515    9.168  3.720  4.4715  4.518    1  0.000  0.538     0.00     0.00     0.00     0.00     0.00 -1    -1e-30      0.00 7.505e-01 2.490e-01 8.781e-05 2.397e-05 2.178e-04 -1.000 4.940e-04 -4.530 -4.815 -4.368 -4.034 -3.644 -3.296 -2.179 -1.799 -1.781 -1.561 -1.521 -1.494 -1.458 -1.399 -1.383 -1.289 -1.275 -1.138
0.00049103 -1.50000 6.60000 9.7531404495 2.6256010976    9.743  3.803  4.4828  4.507    1  0.000  0.538     0.00     0.00     0.00     0.00     0.00 -1    -1e-30      0.00 7.505e-01 2.490e-01 8.781e-05 2.397e-05 2.178e-04 -1.000 4.940e-04 -4.738 -5.020 -4.573 -4.228 -3.832 -3.477 -2.347 -1.963 -1.944 -1.718 -1.677 -1.650 -1.614 -1.556 -1.540 -1.447 -1.433 -1.293
0.00049103 -1.50000 6.60000 10.1775798798 2.6260502159   10.169  3.862  4.4906  4.498    1  0.000  0.538     0.00     0.00     0.00     0.00     0.00 -1    -1e-30      0.00 7.505e-01 2.490e-01 8.781e-05 2.397e-05 2.178e-04 -1.000 4.940e-04 -4.885 -5.166 -4.716 -4.363 -3.962 -3.601 -2.464 -2.077 -2.057 -1.828 -1.785 -1.758 -1.720 -1.661 -1.645 -1.550 -1.536 -1.394
0.00049103 -1.50000 6.60000 10.8904809952 2.6267147557   10.885  3.955  4.5029  4.484    1  0.000  0.538     0.00     0.00     0.00     0.00     0.00 -1    -1e-30      0.00 7.505e-01 2.490e-01 8.781e-05 2.397e-05 2.178e-04 -1.000 4.941e-04 -5.117 -5.391 -4.937 -4.575 -4.166 -3.798 -2.645 -2.256 -2.235 -2.001 -1.957 -1.927 -1.888 -1.826 -1.810 -1.713 -1.699 -1.554
0.00049103 -1.50000 6.60000 11.1740293503 2.6269521224   11.169  3.990  4.5076  4.478    1  0.000  0.538     0.00     0.00     0.00     0.00     0.00 -1    -1e-30      0.00 7.505e-01 2.490e-01 8.781e-05 2.397e-05 2.178e-04 -1.000 4.941e-04 -5.205 -5.472 -5.017 -4.653 -4.243 -3.874 -2.713 -2.323 -2.302 -2.067 -2.023 -1.993 -1.953 -1.891 -1.875 -1.777 -1.762 -1.616
0.00049103 -1.50000 6.60000 12.1704778671 2.6276863499   12.159  4.105  4.5225  4.459    1  0.000  0.538     0.00     0.00     0.00     0.00     0.00 -1 -5.66e-29      0.00 7.505e-01 2.490e-01 8.790e-05 2.397e-05 2.178e-04 -1.000 4.941e-04 -5.494 -5.735 -5.279 -4.910 -4.496 -4.122 -2.936 -2.543 -2.523 -2.287 -2.241 -2.209 -2.167 -2.102 -2.086 -1.984 -1.969 -1.819
0.00049103 -1.50000 6.60000 12.9846467972 2.6281910673   12.969  4.192  4.5335  4.445    1  0.000  0.541     0.00     0.00     0.00     0.00     0.00 -1 -6.33e-21      0.00 7.505e-01 2.490e-01 8.830e-05 2.397e-05 2.176e-04 -1.000 4.940e-04 -5.711 -5.926 -5.469 -5.095 -4.677 -4.298 -3.102 -2.706 -2.684 -2.445 -2.399 -2.367 -2.324 -2.258 -2.241 -2.137 -2.121 -1.969
0.00049103 -1.50000 6.60000 14.0774917603 2.6287641550   14.057  4.302  4.5471  4.425    1  0.000  0.545     0.00     0.00     0.00     0.00     0.00 -1 -7.33e-11      0.00 7.504e-01 2.491e-01 8.881e-05 2.397e-05 2.174e-04 -1.000 4.940e-04 -5.985 -6.163 -5.706 -5.326 -4.902 -4.516 -3.311 -2.910 -2.887 -2.643 -2.597 -2.565 -2.523 -2.456 -2.439 -2.332 -2.316 -2.161
0.00049103 -1.50000 6.60000 14.1633729935 2.6288049008   14.144  4.310  4.5482  4.423    1  0.000  0.545     0.00     0.00     0.00     0.00     0.00 -1 -4.21e-10      0.00 7.504e-01 2.491e-01 8.884e-05 2.397e-05 2.174e-04 -1.000 4.941e-04 -6.006 -6.181 -5.724 -5.343 -4.919 -4.533 -3.327 -2.925 -2.902 -2.659 -2.612 -2.580 -2.538 -2.471 -2.454 -2.347 -2.331 -2.175
0.00049103 -1.50000 6.60000 14.4315605164 2.6289285584   14.413  4.335  4.5512  4.419    1  0.000  0.545     0.00     0.00     0.00     0.00     0.00 -1 -4.72e-10      0.00 7.504e-01 2.491e-01 8.884e-05 2.397e-05 2.174e-04 -1.000 4.941e-04 -6.068 -6.233 -5.775 -5.394 -4.969 -4.582 -3.373 -2.971 -2.948 -2.704 -2.658 -2.626 -2.584 -2.518 -2.500 -2.393 -2.377 -2.221
0.00049103 -1.50000 6.60000 15.5214900970 2.6293809460   15.508  4.432  4.5629  4.400    1  0.000  0.545     0.00     0.00     0.00     0.00     0.00 -1  -7.4e-10      0.00 7.504e-01 2.491e-01 8.884e-05 2.397e-05 2.174e-04 -1.000 4.940e-04 -6.310 -6.419 -5.962 -5.584 -5.160 -4.774 -3.551 -3.147 -3.125 -2.885 -2.840 -2.808 -2.767 -2.702 -2.685 -2.580 -2.564 -2.407
0.00049103 -1.50000 6.60000 16.1562709808 2.6296123165   16.145  4.486  4.5692  4.389    1  0.000  0.545     0.00     0.00     0.00     0.00     0.00 -1 -9.47e-10      0.00 7.504e-01 2.491e-01 8.884e-05 2.397e-05 2.174e-04 -1.000 4.941e-04 -6.444 -6.523 -6.066 -5.689 -5.266 -4.881 -3.650 -3.245 -3.224 -2.986 -2.941 -2.910 -2.869 -2.805 -2.788 -2.683 -2.667 -2.510
0.00049103 -1.50000 6.60000 16.5368080139 2.6297412666   16.523  4.516  4.5727  4.383    1  0.000  0.545     0.00     0.00     0.00     0.00     0.00 -1 -1.08e-09      0.00 7.504e-01 2.491e-01 8.884e-05 2.397e-05 2.174e-04 -1.000 4.941e-04 -6.520 -6.582 -6.125 -5.749 -5.326 -4.941 -3.706 -3.301 -3.280 -3.043 -2.998 -2.967 -2.927 -2.863 -2.846 -2.741 -2.726 -2.567
0.00049103 -1.50000 6.60000 17.9585590363 2.6301679508   17.935  4.625  4.5849  4.358    1  0.000  0.545     0.00     0.00     0.00     0.00     0.00 -1 -1.76e-09      0.00 7.504e-01 2.491e-01 8.884e-05 2.397e-05 2.174e-04 -1.000 4.941e-04 -6.793 -6.769 -6.317 -5.946 -5.525 -5.143 -3.897 -3.492 -3.473 -3.242 -3.199 -3.169 -3.130 -3.068 -3.052 -2.951 -2.935 -2.777
0.00049103 -1.50000 6.60000 18.1491661072 2.6302193402   18.126  4.639  4.5864  4.355    1  0.000  0.545     0.00     0.00     0.00     0.00     0.00 -1 -1.87e-09      0.00 7.504e-01 2.491e-01 8.884e-05 2.397e-05 2.174e-04 -1.000 4.941e-04 -6.828 -6.793 -6.342 -5.972 -5.551 -5.169 -3.922 -3.517 -3.498 -3.268 -3.224 -3.195 -3.157 -3.095 -3.079 -2.978 -2.962 -2.804
0.00049103 -1.50000 6.60000 19.3996677399 2.6305278868   19.375  4.725  4.5955  4.334    1  0.000  0.545     0.00     0.00     0.00     0.00     0.00 -1 -2.69e-09      0.00 7.504e-01 2.491e-01 8.884e-05 2.397e-05 2.174e-04 -1.000 4.941e-04 -7.044 -6.943 -6.495 -6.127 -5.708 -5.328 -4.074 -3.669 -3.651 -3.426 -3.384 -3.355 -3.318 -3.258 -3.243 -3.143 -3.128 -2.970
0.00049103 -1.50000 6.60000 20.1420631409 2.6306903668   20.117  4.774  4.6005  4.321    1  0.000  0.545     0.00     0.00     0.00     0.00     0.00 -1 -3.32e-09      0.00 7.504e-01 2.491e-01 8.884e-05 2.397e-05 2.174e-04 -1.000 4.942e-04 -7.166 -7.030 -6.583 -6.217 -5.798 -5.419 -4.162 -3.756 -3.739 -3.515 -3.474 -3.446 -3.409 -3.350 -3.335 -3.236 -3.220 -3.063
0.00049103 -1.50000 6.60000 21.6608200073 2.6309832121   21.634  4.866  4.6094  4.297    1  0.000  0.545     0.00     0.00     0.00     0.00     0.00 -1 -4.91e-09      0.00 7.504e-01 2.491e-01 8.884e-05 2.397e-05 2.174e-04 -1.000 4.941e-04 -7.395 -7.205 -6.756 -6.388 -5.967 -5.587 -4.327 -3.921 -3.903 -3.678 -3.636 -3.607 -3.570 -3.510 -3.494 -3.392 -3.376 -3.216
0.00049103 -1.50000 6.60000 23.1717643738 2.6312311860   23.143  4.952  4.6171  4.271    1  0.000  0.545     0.00     0.00     0.00     0.00     0.00 -1 -7.01e-09      0.00 7.504e-01 2.491e-01 8.884e-05 2.397e-05 2.174e-04 -1.000 4.941e-04 -7.610 -7.372 -6.921 -6.551 -6.129 -5.747 -4.485 -4.079 -4.060 -3.834 -3.792 -3.763 -3.725 -3.664 -3.647 -3.543 -3.527 -3.365
0.00049103 -1.50000 6.60000 24.1278591156 2.6313697823   24.096  5.004  4.6215  4.254    1  0.000  0.545     0.00     0.00     0.00     0.00     0.00 -1 -8.75e-09      0.00 7.504e-01 2.491e-01 8.884e-05 2.397e-05 2.174e-04 -1.000 4.941e-04 -7.740 -7.476 -7.024 -6.653 -6.230 -5.847 -4.584 -4.177 -4.159 -3.932 -3.889 -3.860 -3.822 -3.760 -3.743 -3.638 -3.622 -3.459
0.00049103 -1.50000 6.60000 24.2271461487 2.6313834557   24.195  5.009  4.6219  4.252    1  0.000  0.545     0.00     0.00     0.00     0.00     0.00 -1 -8.93e-09      0.00 7.504e-01 2.491e-01 8.884e-05 2.397e-05 2.174e-04 -1.000 4.941e-04 -7.753 -7.486 -7.034 -6.663 -6.240 -5.857 -4.594 -4.187 -4.168 -3.941 -3.899 -3.869 -3.832 -3.769 -3.753 -3.648 -3.632 -3.468
0.00049103 -1.50000 6.60000 25.6150207520 2.6315618998   25.571  5.078  4.6269  4.227    1  0.000  0.545     0.00     0.00     0.00     0.00     0.00 -1 -1.17e-08      0.00 7.504e-01 2.491e-01 8.884e-05 2.397e-05 2.174e-04 -1.000 4.941e-04 -7.925 -7.627 -7.173 -6.801 -6.377 -5.992 -4.728 -4.321 -4.302 -4.074 -4.031 -4.002 -3.964 -3.901 -3.884 -3.779 -3.763 -3.599
0.00049103 -1.50000 6.60000 27.0278968811 2.6317220830   26.970  5.144  4.6312  4.201    1  0.000  0.545     0.00     0.00     0.00     0.00     0.00 -1 -1.54e-08      0.00 7.504e-01 2.491e-01 8.884e-05 2.397e-05 2.174e-04 -1.000 4.942e-04 -8.091 -7.766 -7.311 -6.938 -6.512 -6.126 -4.862 -4.454 -4.435 -4.205 -4.162 -4.133 -4.094 -4.032 -4.015 -3.910 -3.894 -3.731
0.00049103 -1.50000 6.60000 28.1136512756 2.6318326796   28.048  5.193  4.6340  4.181    1  0.000  0.545     0.00     0.00     0.00     0.00     0.00 -1 -1.88e-08      0.00 7.504e-01 2.491e-01 8.884e-05 2.397e-05 2.174e-04 -1.000 4.941e-04 -8.214 -7.871 -7.415 -7.040 -6.615 -6.227 -4.962 -4.554 -4.535 -4.305 -4.262 -4.232 -4.193 -4.131 -4.114 -4.010 -3.994 -3.831
0.00049103 -1.50000 6.60000 28.2993488312 2.6318506203   28.231  5.201  4.6344  4.177    1  0.000  0.545     0.00     0.00     0.00     0.00     0.00 -1 -1.94e-08      0.00 7.504e-01 2.491e-01 8.884e-05 2.397e-05 2.174e-04 -1.000 4.940e-04 -8.233 -7.888 -7.432 -7.057 -6.631 -6.243 -4.979 -4.570 -4.551 -4.321 -4.278 -4.248 -4.209 -4.147 -4.130 -4.026 -4.010 -3.847
0.00049103 -1.50000 6.60000 30.1065502167 2.6320120120   30.020  5.276  4.6375  4.142    1  0.000  0.545     0.00     0.00     0.00     0.00     0.00 -1 -2.61e-08      0.00 7.504e-01 2.491e-01 8.884e-05 2.397e-05 2.174e-04 -1.000 4.942e-04 -8.419 -8.052 -7.596 -7.220 -6.793 -6.404 -5.140 -4.731 -4.711 -4.480 -4.437 -4.407 -4.369 -4.306 -4.290 -4.186 -4.170 -4.008
0.00049103 -1.50000 6.60000 30.6731872559 2.6320581338   30.581  5.297  4.6382  4.131    1  0.000  0.545     0.00     0.00     0.00     0.00     0.00 -1 -2.84e-08      0.00 7.504e-01 2.491e-01 8.884e-05 2.397e-05 2.174e-04 -1.000 4.941e-04 -8.473 -8.101 -7.644 -7.269 -6.841 -6.452 -5.188 -4.779 -4.759 -4.528 -4.484 -4.455 -4.416 -4.354 -4.338 -4.234 -4.218 -4.056
0.00049103 -1.50000 6.60000 32.4080505371 2.6321878843   32.297  5.362  4.6394  4.095    1  0.000  0.545     0.00     0.00     0.00     0.00     0.00 -1 -3.65e-08      0.00 7.504e-01 2.491e-01 8.884e-05 2.397e-05 2.174e-04 -1.000 4.942e-04 -8.634 -8.253 -7.796 -7.420 -6.992 -6.602 -5.338 -4.929 -4.909 -4.678 -4.634 -4.604 -4.566 -4.504 -4.488 -4.385 -4.369 -4.208
0.00049103 -1.50000 6.60000 34.0897140503 2.6322992710   33.957  5.421  4.6394  4.057    1  0.000  0.545     0.00     0.00     0.00     0.00     0.00 -1 -4.63e-08      0.00 7.504e-01 2.491e-01 8.884e-05 2.397e-05 2.174e-04 -1.000 4.941e-04 -8.783 -8.398 -7.942 -7.566 -7.138 -6.747 -5.484 -5.075 -5.055 -4.824 -4.780 -4.751 -4.712 -4.650 -4.634 -4.531 -4.516 -4.355
0.00049103 -1.50000 6.60000 35.0887908936 2.6323596629   34.946  5.455  4.6390  4.034    1  0.000  0.545     0.00     0.00     0.00     0.00     0.00 -1 -5.32e-08      0.00 7.504e-01 2.491e-01 8.884e-05 2.397e-05 2.174e-04 -1.000 4.941e-04 -8.868 -8.484 -8.028 -7.652 -7.224 -6.834 -5.571 -5.162 -5.142 -4.911 -4.867 -4.838 -4.799 -4.737 -4.721 -4.619 -4.603 -4.443
0.00049103 -1.50000 6.60000 35.0954704285 2.6323600533   34.952  5.455  4.6390  4.034    1  0.000  0.545     0.00     0.00     0.00     0.00     0.00 -1 -5.33e-08      0.00 7.504e-01 2.491e-01 8.884e-05 2.397e-05 2.174e-04 -1.000 4.941e-04 -8.869 -8.485 -8.029 -7.653 -7.225 -6.834 -5.571 -5.163 -5.143 -4.911 -4.868 -4.838 -4.800 -4.738 -4.722 -4.619 -4.603 -4.443
0.00049103 -1.50000 6.60000 37.3568649292 2.6324830774   37.188  5.525  4.6358  3.978    1  0.000  0.545     0.00     0.00     0.00     0.00     0.00 -1 -6.91e-08      0.00 7.504e-01 2.491e-01 8.884e-05 2.397e-05 2.174e-04 -1.000 4.941e-04 -9.043 -8.674 -8.220 -7.846 -7.419 -7.029 -5.767 -5.360 -5.340 -5.110 -5.067 -5.037 -4.999 -4.937 -4.920 -4.818 -4.802 -4.642
0.00049103 -1.50000 6.60000 39.4642257690 2.6325832494   39.265  5.588  4.6305  3.918    1  0.000  0.545     0.00     0.00     0.00     0.00     0.00 -1 -8.81e-08      0.00 7.504e-01 2.491e-01 8.884e-05 2.397e-05 2.174e-04 -1.000 4.942e-04 -9.199 -8.853 -8.404 -8.034 -7.610 -7.223 -5.963 -5.558 -5.539 -5.312 -5.270 -5.240 -5.203 -5.141 -5.124 -5.022 -5.006 -4.847
0.00049103 -1.50000 6.60000 40.0710372925 2.6326098565   39.864  5.605  4.6286  3.900    1  0.000  0.545     0.00     0.00     0.00     0.00     0.00 -1 -9.45e-08      0.00 7.504e-01 2.491e-01 8.884e-05 2.397e-05 2.174e-04 -1.000 4.942e-04 -9.242 -8.903 -8.458 -8.089 -7.666 -7.280 -6.021 -5.617 -5.598 -5.373 -5.330 -5.301 -5.263 -5.202 -5.185 -5.083 -5.067 -4.909
0.00049103 -1.50000 6.60000 40.6384468079 2.6326339109   40.423  5.620  4.6269  3.884    1  0.000  0.545     0.00     0.00     0.00     0.00     0.00 -1    -1e-07      0.00 7.504e-01 2.491e-01 8.884e-05 2.397e-05 2.174e-04 -1.000 4.942e-04 -9.280 -8.906 -8.469 -8.107 -7.686 -7.299 -6.045 -5.640 -5.620 -5.385 -5.340 -5.307 -5.266 -5.197 -5.179 -5.067 -5.051 -4.888
0.00049103 -1.50000 6.60000 42.7402877808 2.6327166519   42.491  5.675  4.6186  3.818    1  0.000  0.545     0.00     0.00     0.00     0.00     0.00 -1 -1.23e-07      0.00 7.504e-01 2.491e-01 8.884e-05 2.397e-05 2.174e-04 -1.000 4.941e-04 -9.417 -9.090 -8.659 -8.298 -7.876 -7.490 -6.239 -5.836 -5.816 -5.583 -5.539 -5.508 -5.468 -5.403 -5.386 -5.280 -5.265 -5.107
0.00049103 -1.50000 6.60000 44.5691871643 2.6327813943   44.286  5.720  4.6090  3.752    1  0.000  0.545     0.00     0.00     0.00     0.00     0.00 -1 -1.44e-07      0.00 7.504e-01 2.491e-01 8.884e-05 2.397e-05 2.174e-04 -1.000 4.941e-04 -9.531 -9.254 -8.827 -8.466 -8.045 -7.658 -6.412 -6.009 -5.990 -5.761 -5.718 -5.689 -5.650 -5.590 -5.574 -5.475 -5.459 -5.306
0.00049103 -1.50000 6.60000 45.0532760620 2.6327975223   44.759  5.732  4.6060  3.732    1  0.000  0.545     0.00     0.00     0.00     0.00     0.00 -1 -1.51e-07      0.00 7.504e-01 2.491e-01 8.884e-05 2.397e-05 2.174e-04 -1.000 4.941e-04 -9.561 -9.298 -8.873 -8.512 -8.091 -7.705 -6.459 -6.057 -6.038 -5.810 -5.767 -5.739 -5.701 -5.641 -5.625 -5.527 -5.512 -5.360
0.00049103 -1.50000 6.60000 46.5183219910 2.6328439889   46.189  5.766  4.5959  3.672    1  0.000  0.545     0.00     0.00     0.00     0.00     0.00 -1 -1.68e-07      0.00 7.504e-01 2.491e-01 8.884e-05 2.397e-05 2.174e-04 -1.000 4.940e-04 -9.645 -9.427 -9.008 -8.651 -8.232 -7.848 -6.607 -6.208 -6.189 -5.964 -5.922 -5.893 -5.856 -5.796 -5.780 -5.683 -5.668 -5.517
0.00049103 -1.50000 6.60000 48.0818710327 2.6328900049   47.709  5.801  4.5836  3.602    1  0.000  0.545     0.00     0.00     0.00     0.00     0.00 -1 -1.84e-07      0.00 7.504e-01 2.491e-01 8.884e-05 2.397e-05 2.174e-04 -1.000 4.941e-04 -9.732 -9.567 -9.157 -8.806 -8.391 -8.012 -6.778 -6.382 -6.365 -6.143 -6.101 -6.072 -6.035 -5.974 -5.958 -5.859 -5.843 -5.693
0.00049103 -1.50000 6.60000 49.1945648193 2.6329207113   48.791  5.825  4.5737  3.548    1  0.000  0.545     0.00     0.00     0.00     0.00     0.00 -1 -1.96e-07      0.00 7.504e-01 2.491e-01 8.884e-05 2.397e-05 2.174e-04 -1.000 4.941e-04 -9.792 -9.670 -9.265 -8.918 -8.506 -8.131 -6.900 -6.507 -6.490 -6.273 -6.233 -6.205 -6.169 -6.109 -6.093 -5.996 -5.980 -5.831
0.00049103 -1.50000 6.60000 50.0355110168 2.6329428793   49.607  5.842  4.5654  3.505    1  0.000  0.545     0.00     0.00     0.00     0.00     0.00 -1 -2.03e-07      0.00 7.504e-01 2.491e-01 8.884e-05 2.397e-05 2.174e-04 -1.000 4.941e-04 -9.836 -9.745 -9.345 -9.000 -8.590 -8.218 -6.989 -6.596 -6.581 -6.369 -6.330 -6.304 -6.270 -6.214 -6.198 -6.104 -6.089 -5.941
0.00049103 -1.50000 6.60000 50.1730537415 2.6329464238   49.740  5.845  4.5641  3.498    1  0.000  0.545     0.00     0.00     0.00     0.00     0.00 -1 -2.03e-07      0.00 7.504e-01 2.491e-01 8.884e-05 2.397e-05 2.174e-04 -1.000 4.941e-04 -9.843 -9.757 -9.358 -9.014 -8.604 -8.233 -7.004 -6.611 -6.596 -6.385 -6.346 -6.320 -6.286 -6.230 -6.214 -6.120 -6.106 -5.958
0.00049103 -1.50000 6.60000 51.0798797607 2.6329692445   50.617  5.864  4.5534  3.444    1  0.000  0.545     0.00     0.00     0.00     0.00     0.00 -1 -2.08e-07      0.00 7.504e-01 2.491e-01 8.884e-05 2.397e-05 2.174e-04 -1.000 4.941e-04 -9.889 -9.857 -9.461 -9.118 -8.711 -8.342 -7.115 -6.723 -6.708 -6.500 -6.462 -6.436 -6.403 -6.349 -6.333 -6.241 -6.226 -6.079
0.00049103 -1.50000 6.60000 51.9769363403 2.6329909208   51.485  5.882  4.5416  3.386    1  0.000  0.545     0.00     0.00     0.00     0.00     0.00 -1 -2.11e-07      0.00 7.504e-01 2.491e-01 8.884e-05 2.397e-05 2.174e-04 -1.000 4.941e-04 -9.935 -9.976 -9.591 -9.251 -8.845 -8.476 -7.257 -6.866 -6.850 -6.638 -6.599 -6.573 -6.538 -6.482 -6.467 -6.372 -6.357 -6.211
0.00049103 -1.50000 6.60000 52.7800712585 2.6330096103   52.261  5.898  4.5300  3.330    1  0.000  0.545     0.00     0.00     0.00     0.00     0.00 -1 -2.11e-07      0.00 7.504e-01 2.491e-01 8.884e-05 2.397e-05 2.174e-04 -1.000 4.941e-04 -9.975 -10.086 -9.717 -9.382 -8.978 -8.610 -7.400 -7.011 -6.995 -6.779 -6.739 -6.711 -6.676 -6.617 -6.602 -6.506 -6.491 -6.347
0.00049103 -1.50000 6.60000 53.6034317017 2.6330281035   53.055  5.914  4.5173  3.270    1  0.000  0.545     0.00     0.00     0.00     0.00     0.00 -1 -2.08e-07      0.00 7.504e-01 2.491e-01 8.884e-05 2.397e-05 2.174e-04 -1.000 4.941e-04 -10.015 -10.165 -9.811 -9.485 -9.087 -8.725 -7.521 -7.136 -7.122 -6.913 -6.874 -6.848 -6.814 -6.757 -6.741 -6.648 -6.634 -6.494
0.00049103 -1.50000 6.60000 54.3514823914 2.6330443477   53.778  5.929  4.5051  3.212    1  0.000  0.545     0.00     0.00     0.00     0.00     0.00 -1 -2.02e-07      0.00 7.504e-01 2.491e-01 8.884e-05 2.397e-05 2.174e-04 -1.000 4.941e-04 -10.052 -10.210 -9.869 -9.554 -9.163 -8.810 -7.609 -7.227 -7.217 -7.021 -6.986 -6.963 -6.932 -6.880 -6.865 -6.778 -6.764 -6.629
0.00049103 -1.50000 6.60000 55.0177612305 2.6330583893   54.426  5.942  4.4938  3.159    1  0.000  0.545     0.00     0.00     0.00     0.00     0.00 -1 -1.94e-07      0.00 7.504e-01 2.491e-01 8.884e-05 2.397e-05 2.174e-04 -1.000 4.941e-04 -10.084 -10.255 -9.926 -9.620 -9.235 -8.889 -7.691 -7.313 -7.305 -7.119 -7.086 -7.064 -7.035 -6.987 -6.972 -6.889 -6.876 -6.745
0.00049103 -1.50000 6.60000 55.3281288147 2.6330647975   54.728  5.947  4.4886  3.135    1  0.000  0.545     0.00     0.00     0.00     0.00     0.00 -1 -1.91e-07      0.00 7.504e-01 2.491e-01 8.884e-05 2.397e-05 2.174e-04 -1.000 4.941e-04 -10.098 -10.282 -9.958 -9.656 -9.273 -8.928 -7.732 -7.356 -7.348 -7.163 -7.130 -7.109 -7.081 -7.033 -7.019 -6.937 -6.924 -6.793
0.00049103 -1.50000 6.60000 56.1081733704 2.6330805440   55.483  5.962  4.4764  3.078    1  0.000  0.545     0.00     0.00     0.00     0.00     0.00 -1 -1.83e-07      0.00 7.504e-01 2.491e-01 8.884e-05 2.397e-05 2.174e-04 -1.000 4.940e-04 -10.135 -10.356 -10.045 -9.748 -9.366 -9.022 -7.835 -7.460 -7.452 -7.268 -7.235 -7.215 -7.187 -7.141 -7.127 -7.047 -7.034 -6.905
0.00049103 -1.50000 6.60000 56.5881729126 2.6330899859   55.950  5.971  4.4704  3.048    1  0.000  0.545     0.00     0.00     0.00     0.00     0.00 -1 -1.81e-07      0.00 7.504e-01 2.491e-01 8.884e-05 2.397e-05 2.174e-04 -1.000 4.941e-04 -10.158 -10.407 -10.103 -9.808 -9.427 -9.082 -7.902 -7.528 -7.519 -7.332 -7.299 -7.277 -7.249 -7.201 -7.187 -7.107 -7.093 -6.964
0.00049103 -1.50000 6.60000 56.9814720154 2.6330975861   56.331  5.982  4.4744  3.057    1  0.000  0.545     0.00     0.00     0.00     0.00     0.00 -1 -1.96e-07      0.00 7.504e-01 2.491e-01 8.884e-05 2.397e-05 2.174e-04 -1.000 4.941e-04 -10.184 -10.412 -10.106 -9.809 -9.428 -9.084 -7.899 -7.525 -7.517 -7.332 -7.300 -7.279 -7.252 -7.205 -7.192 -7.113 -7.099 -6.971
0.00049103 -1.50000 6.60000 57.1603584290 2.6331010031   56.504  5.989  4.4834  3.087    1  0.000  0.545     0.00     0.00     0.00     0.00     0.00 -1 -2.17e-07      0.00 7.504e-01 2.491e-01 8.884e-05 2.397e-05 2.174e-04 -1.000 4.941e-04 -10.202 -10.401 -10.086 -9.787 -9.405 -9.062 -7.871 -7.496 -7.488 -7.305 -7.272 -7.252 -7.224 -7.178 -7.164 -7.084 -7.070 -6.941
0.00049103 -1.50000 6.60000 57.1967353821 2.6331016950   56.540  5.993  4.4920  3.117    1  0.000  0.545     0.00     0.00     0.00     0.00     0.00 -1 -2.36e-07      0.00 7.504e-01 2.491e-01 8.884e-05 2.397e-05 2.174e-04 -1.000 4.940e-04 -10.213 -10.389 -10.066 -9.762 -9.379 -9.033 -7.838 -7.461 -7.453 -7.268 -7.236 -7.214 -7.187 -7.139 -7.125 -7.044 -7.030 -6.901
0.00049103 -1.50000 6.60000 57.2136764526 2.6331020169   56.556  5.997  4.5011  3.150    1  0.000  0.545     0.00     0.00     0.00     0.00     0.00 -1 -2.58e-07      0.00 7.504e-01 2.491e-01 8.884e-05 2.397e-05 2.174e-04 -1.000 4.941e-04 -10.223 -10.384 -10.050 -9.740 -9.353 -9.004 -7.804 -7.425 -7.416 -7.227 -7.194 -7.172 -7.143 -7.094 -7.079 -6.996 -6.982 -6.851
0.00049103 -1.50000 6.60000 57.2387657166 2.6331024931   56.581  6.003  4.5128  3.191    1  0.000  0.545     0.00     0.00     0.00     0.00     0.00 -1 -2.89e-07      0.00 7.504e-01 2.491e-01 8.884e-05 2.397e-05 2.174e-04 -1.000 4.941e-04 -10.238 -10.392 -10.045 -9.725 -9.330 -8.973 -7.770 -7.387 -7.375 -7.174 -7.137 -7.112 -7.079 -7.025 -7.010 -6.920 -6.906 -6.768
0.00049103 -1.50000 6.60000 57.2479476929 2.6331026673   56.588  6.005  4.5159  3.201    1  0.000  0.545     0.00     0.00     0.00     0.00     0.00 -1 -2.97e-07      0.00 7.504e-01 2.491e-01 8.884e-05 2.397e-05 2.174e-04 -1.000 4.941e-04 -10.242 -10.393 -10.042 -9.720 -9.324 -8.964 -7.760 -7.376 -7.363 -7.159 -7.121 -7.096 -7.062 -7.007 -6.992 -6.900 -6.886 -6.747
0.00049103 -1.50000 6.60000 57.2697525024 2.6331030807   56.609  6.006  4.5110  3.181    2  0.000  0.545     0.00     0.00     0.00     0.00     0.00 -1 -2.93e-07      0.00 7.504e-01 2.491e-01 8.884e-05 2.397e-05 2.174e-04 -1.000 4.941e-04 -10.245 -10.402 -10.057 -9.738 -9.345 -8.989 -7.786 -7.404 -7.392 -7.193 -7.156 -7.132 -7.100 -7.047 -7.031 -6.942 -6.928 -6.792
0.00049103 -1.50000 6.60000 57.2859992981 2.6331033884   56.625  6.010  4.5028  3.145    2  0.000  0.545     0.00     0.00     0.00     0.00     0.00 -1 -2.81e-07      0.00 7.504e-01 2.491e-01 8.884e-05 2.397e-05 2.174e-04 -1.000 4.941e-04 -10.254 -10.416 -10.081 -9.770 -9.382 -9.032 -7.832 -7.452 -7.443 -7.252 -7.218 -7.196 -7.166 -7.117 -7.102 -7.018 -7.004 -6.873
0.00049103 -1.50000 6.60000 57.2929000854 2.6331035191   56.632  6.016  4.4938  3.102    2  0.000  0.545     0.00     0.00     0.00     0.00     0.00 -1  -2.7e-07      0.00 7.504e-01 2.491e-01 8.884e-05 2.397e-05 2.174e-04 -1.000 4.941e-04 -10.271 -10.444 -10.121 -9.817 -9.434 -9.088 -7.892 -7.516 -7.508 -7.323 -7.291 -7.270 -7.242 -7.194 -7.180 -7.099 -7.086 -6.957
0.00049103 -1.50000 6.60000 57.3003044128 2.6331036593   56.639  6.022  4.4856  3.064    2  0.000  0.545     0.00     0.00     0.00     0.00     0.00 -1 -2.63e-07      0.00 7.504e-01 2.491e-01 8.884e-05 2.397e-05 2.174e-04 -1.000 4.941e-04 -10.285 -10.478 -10.165 -9.867 -9.485 -9.142 -7.951 -7.576 -7.569 -7.386 -7.354 -7.334 -7.307 -7.261 -7.247 -7.168 -7.154 -7.026
0.00049103 -1.50000 6.60000 57.3097457886 2.6331038379   56.648  6.027  4.4759  3.020    2  0.000  0.545     0.00     0.00     0.00     0.00     0.00 -1  -2.5e-07      0.00 7.504e-01 2.491e-01 8.884e-05 2.397e-05 2.174e-04 -1.000 4.941e-04 -10.297 -10.518 -10.217 -9.923 -9.543 -9.199 -8.016 -7.643 -7.635 -7.453 -7.421 -7.401 -7.374 -7.329 -7.316 -7.239 -7.225 -7.098
0.00049103 -1.50000 6.60000 57.3216590881 2.6331040633   56.660  6.031  4.4634  2.966    2  0.000  0.545     0.00     0.00     0.00     0.00     0.00 -1  -2.3e-07      0.00 7.504e-01 2.491e-01 8.884e-05 2.397e-05 2.174e-04 -1.000 4.941e-04 -10.306 -10.595 -10.303 -10.014 -9.634 -9.291 -8.118 -7.746 -7.737 -7.548 -7.514 -7.492 -7.462 -7.412 -7.398 -7.315 -7.301 -7.172
0.00049103 -1.50000 6.60000 57.3294601440 2.6331042108   56.667  6.032  4.4542  2.928    3  0.000  0.545     0.33     1.20     1.01     0.65     0.54  3 -2.13e-07      0.00 7.504e-01 2.491e-01 8.884e-05 2.397e-05 2.174e-04 -1.000 4.941e-04 -10.309 -10.652 -10.366 -10.080 -9.701 -9.358 -8.193 -7.821 -7.811 -7.617 -7.582 -7.557 -7.525 -7.470 -7.455 -7.366 -7.352 -7.221
0.00049103 -1.50000 6.60000 57.3392066956 2.6331043950   56.677  6.033  4.4421  2.879    3  0.000  0.545     0.37     1.32     1.10     0.71     0.59  3 -1.98e-07      0.00 7.504e-01 2.491e-01 8.884e-05 2.397e-05 2.174e-04 -1.000 4.941e-04 -10.312 -10.708 -10.422 -10.140 -9.761 -9.418 -8.267 -7.896 -7.884 -7.685 -7.649 -7.622 -7.589 -7.532 -7.516 -7.425 -7.412 -7.281
0.00049103 -1.50000 6.60000 57.3489265442 2.6331045786   56.687  6.034  4.4293  2.826    3  0.000  0.545     0.43     1.45     1.20     0.78     0.65  3 -1.86e-07      0.00 7.504e-01 2.491e-01 8.884e-05 2.397e-05 2.174e-04 -1.000 4.941e-04 -10.315 -10.758 -10.468 -10.187 -9.808 -9.467 -8.331 -7.961 -7.948 -7.744 -7.706 -7.680 -7.646 -7.589 -7.573 -7.483 -7.470 -7.341
0.00049103 -1.50000 6.60000 57.3553123474 2.6331046992   56.692  6.035  4.4205  2.790    3  0.000  0.545     0.48     1.55     1.28     0.83     0.69  3 -1.78e-07      0.00 7.504e-01 2.491e-01 8.884e-05 2.397e-05 2.174e-04 -1.000 4.941e-04 -10.318 -10.777 -10.487 -10.211 -9.834 -9.495 -8.371 -8.003 -7.990 -7.786 -7.748 -7.722 -7.688 -7.631 -7.616 -7.527 -7.514 -7.387
0.00049103 -1.50000 6.60000 57.3643341064 2.6331048696   56.701  6.036  4.4082  2.740    3  0.000  0.545     0.55     1.69     1.39     0.91     0.75  3 -1.77e-07      0.00 7.504e-01 2.491e-01 8.884e-05 2.397e-05 2.174e-04 -1.000 4.941e-04 -10.321 -10.786 -10.496 -10.232 -9.862 -9.529 -8.422 -8.058 -8.046 -7.847 -7.810 -7.784 -7.751 -7.696 -7.681 -7.595 -7.582 -7.458
0.00049103 -1.50000 6.60000 57.3770675659 2.6331051099   56.714  6.038  4.3917  2.672    3  0.000  0.545     0.67     1.91     1.57     1.02     0.85  3  -1.8e-07      0.00 7.504e-01 2.491e-01 8.884e-05 2.397e-05 2.174e-04 -1.000 4.941e-04 -10.326 -10.799 -10.527 -10.283 -9.924 -9.602 -8.510 -8.152 -8.143 -7.954 -7.920 -7.896 -7.866 -7.814 -7.799 -7.719 -7.706 -7.589
0.00049103 -1.50000 6.60000 57.3933372498 2.6331054168   56.730  6.041  4.3729  2.595    3  0.000  0.545     0.83     2.20     1.79     1.17     0.97  3 -1.81e-07      0.00 7.504e-01 2.491e-01 8.884e-05 2.397e-05 2.174e-04 -1.000 4.941e-04 -10.332 -10.821 -10.597 -10.383 -10.039 -9.733 -8.645 -8.295 -8.291 -8.120 -8.091 -8.072 -8.046 -8.002 -7.988 -7.916 -7.904 -7.796
0.00049103 -1.50000 6.60000 57.4100341797 2.6331057315   56.746  6.043  4.3563  2.526    3  0.000  0.545     1.00     2.49     2.02     1.32     1.10  3 -1.85e-07      0.00 7.504e-01 2.491e-01 8.884e-05 2.397e-05 2.174e-04 -1.000 4.941e-04 -10.337 -10.845 -10.639 -10.443 -10.107 -9.810 -8.730 -8.382 -8.379 -8.216 -8.189 -8.173 -8.151 -8.113 -8.100 -8.036 -8.024 -7.919
0.00049103 -1.50000 6.60000 57.4309234619 2.6331061250   56.766  6.045  4.3392  2.456    3  0.000  0.545     1.22     2.83     2.28     1.49     1.24  3 -3.81e-07      0.00 7.504e-01 2.491e-01 8.884e-05 2.397e-05 2.174e-04 -1.000 4.941e-04 -10.344 -10.861 -10.674 -10.501 -10.178 -9.892 -8.838 -8.498 -8.497 -8.342 -8.317 -8.302 -8.281 -8.245 -8.232 -8.171 -8.160 -8.061
0.00049103 -1.50000 6.60000 57.4539031982 2.6331065574   56.786  6.048  4.3248  2.396    3  0.000  0.545     1.44     3.15     2.53     1.66     1.38  3 -1.59e-06      0.00 7.504e-01 2.491e-01 8.884e-05 2.397e-05 2.174e-04 -1.000 4.941e-04 -10.349 -10.866 -10.683 -10.510 -10.185 -9.896 -8.838 -8.498 -8.497 -8.343 -8.317 -8.301 -8.280 -8.242 -8.229 -8.165 -8.154 -8.051
0.00049103 -1.50000 6.60000 57.4765167236 2.6331069826   56.807  6.049  4.3155  2.357    3  0.000  0.545     1.61     3.38     2.70     1.77     1.48  3 -1.56e-06      0.00 7.504e-01 2.491e-01 8.884e-05 2.397e-05 2.174e-04 -1.000 4.941e-04 -10.353 -10.869 -10.689 -10.523 -10.204 -9.921 -8.877 -8.540 -8.540 -8.387 -8.363 -8.348 -8.327 -8.290 -8.277 -8.216 -8.205 -8.104
0.00049103 -1.50000 6.60000 57.5241317749 2.6331078766   56.851  6.052  4.3048  2.312    3  0.000  0.545     1.82     3.67     2.92     1.92     1.60  3 -1.52e-06      0.00 7.504e-01 2.491e-01 8.884e-05 2.397e-05 2.174e-04 -1.000 4.941e-04 -10.359 -10.875 -10.698 -10.539 -10.227 -9.950 -8.924 -8.590 -8.590 -8.440 -8.416 -8.402 -8.382 -8.347 -8.334 -8.276 -8.264 -8.167
0.00049103 -1.50000 6.60000 57.5722274780 2.6331087779   56.894  6.053  4.3016  2.298    3  0.000  0.545     1.89     3.77     2.99     1.97     1.64  3 -1.51e-06      0.00 7.504e-01 2.491e-01 8.884e-05 2.397e-05 2.174e-04 -1.000 4.941e-04 -10.363 -10.879 -10.703 -10.546 -10.236 -9.961 -8.940 -8.607 -8.608 -8.458 -8.434 -8.420 -8.401 -8.366 -8.354 -8.296 -8.284 -8.188
0.00049103 -1.50000 6.60000 57.6243438721 2.6331097525   56.942  6.054  4.3032  2.304    4  0.000  0.545     0.00     0.00     0.00     0.00     0.00 -1 -1.51e-06      0.00 7.504e-01 2.491e-01 8.884e-05 2.397e-05 2.174e-04 -1.000 4.941e-04 -10.366 -10.882 -10.705 -10.547 -10.236 -9.960 -8.937 -8.604 -8.604 -8.454 -8.430 -8.416 -8.396 -8.361 -8.349 -8.290 -8.279 -8.182
0.00049103 -1.50000 6.60000 57.7366828918 2.6331118466   57.044  6.056  4.3097  2.329    5  0.000  0.545     0.00     0.00     0.00     0.00     0.00 -1 -1.55e-06      0.00 7.504e-01 2.491e-01 8.884e-05 2.397e-05 2.174e-04 -1.000 4.941e-04 -10.370 -10.886 -10.707 -10.545 -10.230 -9.950 -8.916 -8.581 -8.581 -8.429 -8.405 -8.390 -8.370 -8.334 -8.322 -8.262 -8.250 -8.152
0.00049103 -1.50000 6.60000 58.1677856445 2.6331197964   57.437  6.062  4.3222  2.376    5  0.000  0.545     0.00     0.00     0.00     0.00     0.00 -1 -1.64e-06      0.00 7.504e-01 2.491e-01 8.884e-05 2.397e-05 2.174e-04 -1.000 4.941e-04 -10.384 -10.901 -10.719 -10.548 -10.225 -9.937 -8.883 -8.544 -8.544 -8.389 -8.364 -8.349 -8.327 -8.290 -8.277 -8.214 -8.202 -8.100
0.00049103 -1.50000 6.60000 58.3802070618 2.6331236640   57.630  6.065  4.3258  2.389    5  0.000  0.545     0.00     0.00     0.00     0.00     0.00 -1 -1.66e-06      0.00 7.504e-01 2.491e-01 8.884e-05 2.397e-05 2.174e-04 -1.000 4.941e-04 -10.392 -10.908 -10.724 -10.550 -10.225 -9.936 -8.876 -8.535 -8.535 -8.379 -8.354 -8.338 -8.317 -8.279 -8.266 -8.203 -8.191 -8.088
0.00049103 -1.50000 6.60000 59.4165534973 2.6331420776   58.564  6.079  4.3178  2.349    6  0.000  0.545     0.00     0.00     0.00     0.00     0.00 -1 -1.75e-06      0.00 7.504e-01 2.491e-01 8.884e-05 2.397e-05 2.174e-04 -1.000 4.941e-04 -10.428 -10.945 -10.764 -10.596 -10.276 -9.991 -8.945 -8.607 -8.607 -8.454 -8.429 -8.413 -8.393 -8.355 -8.343 -8.281 -8.269 -8.169
0.00049103 -1.50000 6.60000 60.0000000000 2.6331521230   59.099  6.088  4.3066  2.300    1  0.000  0.545     0.00     0.00     0.00     0.00     0.00 -1 -1.72e-06      0.00 7.504e-01 2.491e-01 8.884e-05 2.397e-05 2.174e-04 -1.000 4.941e-04 -10.449 -10.965 -10.788 -10.627 -10.315 -10.037 -9.008 -8.674 -8.674 -8.524 -8.500 -8.485 -8.465 -8.430 -8.417 -8.358 -8.347 -8.249
0.00049103 -1.50000 6.60000 60.0011215210 2.6331521421   59.100  6.088  4.3065  2.300    1  0.000  0.545     0.00     0.00     0.00     0.00     0.00 -1 -1.72e-06      0.00 7.504e-01 2.491e-01 8.884e-05 2.397e-05 2.174e-04 -1.000 4.941e-04 -10.449 -10.965 -10.788 -10.628 -10.315 -10.037 -9.008 -8.674 -8.674 -8.524 -8.500 -8.485 -8.465 -8.430 -8.418 -8.359 -8.347 -8.249
0.00049103 -1.50000 6.60000 60.3824882507 2.6331585874   59.452  6.092  4.2918  2.239    1  0.000  0.545     0.00     0.00     0.00     0.00     0.00 -1  -1.7e-06      0.00 7.504e-01 2.491e-01 8.884e-05 2.397e-05 2.174e-04 -1.000 4.940e-04 -10.461 -10.997 -10.781 -10.581 -10.265 -9.987 -8.998 -8.707 -8.700 -8.546 -8.519 -8.501 -8.478 -8.440 -8.429 -8.360 -8.349 -8.237
0.00049103 -1.50000 6.60000 60.7085685730 2.6331640245   59.753  6.096  4.2780  2.182    1  0.000  0.545     0.00     0.00     0.00     0.00     0.00 -1 -1.67e-06      0.00 7.504e-01 2.491e-01 8.884e-05 2.397e-05 2.174e-04 -1.000 4.941e-04 -10.470 -11.012 -10.835 -10.655 -10.350 -10.079 -9.083 -8.788 -8.785 -8.639 -8.615 -8.600 -8.579 -8.544 -8.533 -8.470 -8.458 -8.350
0.00049103 -1.50000 6.60000 61.0100479126 2.6331689920   60.033  6.100  4.2639  2.124    1  0.000  0.545     0.00     0.00     0.00     0.00     0.00 -1 -1.65e-06      0.00 7.504e-01 2.491e-01 8.884e-05 2.397e-05 2.174e-04 -1.000 4.941e-04 -10.479 -11.019 -10.853 -10.681 -10.385 -10.122 -9.157 -8.870 -8.868 -8.727 -8.703 -8.689 -8.669 -8.636 -8.626 -8.565 -8.554 -8.450
0.00049103 -1.50000 6.60000 61.2804222107 2.6331733992   60.284  6.103  4.2499  2.067    1  0.000  0.545     0.00     0.00     0.00     0.00     0.00 -1 -1.62e-06      0.00 7.504e-01 2.491e-01 8.884e-05 2.397e-05 2.174e-04 -1.000 4.942e-04 -10.487 -11.023 -10.865 -10.701 -10.413 -10.158 -9.228 -8.952 -8.950 -8.812 -8.790 -8.776 -8.757 -8.725 -8.715 -8.657 -8.647 -8.548
0.00049103 -1.50000 6.60000 61.5276794434 2.6331773906   60.514  6.106  4.2358  2.009    1  0.000  0.545     0.00     0.00     0.00     0.00     0.00 -1 -1.58e-06      0.00 7.504e-01 2.491e-01 8.884e-05 2.397e-05 2.174e-04 -1.000 4.941e-04 -10.495 -11.024 -10.875 -10.718 -10.440 -10.193 -9.300 -9.034 -9.032 -8.899 -8.877 -8.864 -8.846 -8.815 -8.806 -8.750 -8.740 -8.647
0.00049103 -1.50000 6.60000 61.7457199097 2.6331808799   60.717  6.108  4.2219  1.953    2  0.000  0.545     0.00     0.00     0.00     0.00     0.00 -1 -1.53e-06      0.00 7.504e-01 2.491e-01 8.884e-05 2.397e-05 2.174e-04 -1.000 4.940e-04 -10.501 -11.022 -10.882 -10.732 -10.464 -10.226 -9.369 -9.113 -9.112 -8.983 -8.962 -8.949 -8.932 -8.903 -8.894 -8.841 -8.832 -8.745
0.00049103 -1.50000 6.60000 61.9399528503 2.6331839645   60.898  6.111  4.2084  1.898    2  0.000  0.545     0.00     0.00     0.00     0.00     0.00 -1  -1.5e-06      0.00 7.504e-01 2.491e-01 8.884e-05 2.397e-05 2.174e-04 -1.000 4.941e-04 -10.507 -11.017 -10.887 -10.744 -10.486 -10.257 -9.436 -9.190 -9.189 -9.064 -9.044 -9.033 -9.016 -8.989 -8.980 -8.930 -8.921 -8.839
0.00049103 -1.50000 6.60000 62.1339263916 2.6331870227   61.081  6.113  4.1930  1.835    2  0.000  0.545     0.00     0.00     0.00     0.00     0.00 -1 -1.47e-06      0.00 7.504e-01 2.491e-01 8.884e-05 2.397e-05 2.174e-04 -1.000 4.941e-04 -10.512 -11.008 -10.888 -10.754 -10.509 -10.290 -9.512 -9.277 -9.277 -9.157 -9.138 -9.127 -9.112 -9.086 -9.078 -9.032 -9.024 -8.948
0.00049103 -1.50000 6.60000 62.2968673706 2.6331895748   61.233  6.115  4.1796  1.780    2  0.000  0.545     0.00     0.00     0.00     0.00     0.00 -1 -1.43e-06      0.00 7.504e-01 2.491e-01 8.884e-05 2.397e-05 2.174e-04 -1.000 4.941e-04 -10.517 -10.999 -10.887 -10.762 -10.528 -10.319 -9.578 -9.352 -9.352 -9.237 -9.219 -9.209 -9.195 -9.171 -9.163 -9.120 -9.112 -9.042
0.00049103 -1.50000 6.60000 62.4434471130 2.6331918576   61.371  6.117  4.1670  1.729    2  0.000  0.545     0.00     0.00     0.00     0.00     0.00 -1 -1.41e-06      0.00 7.504e-01 2.491e-01 8.884e-05 2.397e-05 2.174e-04 -1.000 4.941e-04 -10.522 -10.986 -10.902 -10.792 -10.570 -10.370 -9.636 -9.411 -9.414 -9.308 -9.292 -9.284 -9.272 -9.252 -9.244 -9.206 -9.198 -9.131
0.00049103 -1.50000 6.60000 62.5881614685 2.6331940992   61.506  6.118  4.1540  1.677    2  0.000  0.545     0.00     0.00     0.00     0.00     0.00 -1 -1.39e-06      0.00 7.504e-01 2.491e-01 8.884e-05 2.397e-05 2.174e-04 -1.000 4.941e-04 -10.526 -10.970 -10.923 -10.834 -10.623 -10.433 -9.694 -9.466 -9.474 -9.378 -9.365 -9.361 -9.352 -9.335 -9.328 -9.295 -9.288 -9.223
0.00049103 -1.50000 6.60000 62.7276992798 2.6331962494   61.617  6.120  4.1404  1.621    2  0.000  0.545     0.00     0.00     0.00     0.00     0.00 -1 -5.52e-06      0.00 7.504e-01 2.491e-01 8.884e-05 2.397e-05 2.174e-04 -1.000 4.941e-04 -10.530 -10.950 -10.916 -10.839 -10.642 -10.463 -9.759 -9.539 -9.548 -9.458 -9.446 -9.443 -9.435 -9.421 -9.414 -9.385 -9.378 -9.319
0.00049103 -1.50000 6.60000 62.8334312439 2.6331978714   61.685  6.121  4.1283  1.572    2  0.000  0.545     0.00     0.00     0.00     0.00     0.00 -1 -5.71e-06      0.00 7.504e-01 2.491e-01 8.884e-05 2.397e-05 2.174e-04 -1.000 4.941e-04 -10.533 -10.926 -10.877 -10.799 -10.616 -10.448 -9.821 -9.618 -9.625 -9.534 -9.522 -9.517 -9.509 -9.494 -9.487 -9.459 -9.453 -9.403
0.00049103 -1.50000 6.60000 62.9521255493 2.6331996847   61.759  6.122  4.1138  1.513    2  0.000  0.545     0.00     0.00     0.00     0.00     0.00 -1 -5.85e-06      0.00 7.504e-01 2.491e-01 8.884e-05 2.397e-05 2.174e-04 -1.000 4.941e-04 -10.536 -10.897 -10.834 -10.756 -10.590 -10.434 -9.893 -9.711 -9.715 -9.624 -9.611 -9.606 -9.597 -9.581 -9.575 -9.549 -9.544 -9.503
0.00049103 -1.50000 6.60000 63.0470428467 2.6332011291   61.818  6.124  4.1013  1.463    2  0.000  0.545     0.00     0.00     0.00     0.00     0.00 -1 -6.01e-06      0.00 7.504e-01 2.491e-01 8.884e-05 2.397e-05 2.174e-04 -1.000 4.941e-04 -10.539 -10.867 -10.808 -10.738 -10.586 -10.441 -9.952 -9.781 -9.785 -9.696 -9.685 -9.680 -9.671 -9.657 -9.651 -9.628 -9.623 -9.589
0.00049103 -1.50000 6.60000 63.1385688782 2.6332025172   61.875  6.125  4.0884  1.411    2  0.000  0.545     0.00     0.00     0.00     0.00     0.00 -1 -6.15e-06      0.00 7.504e-01 2.491e-01 8.884e-05 2.397e-05 2.174e-04 -1.000 4.941e-04 -10.541 -10.831 -10.781 -10.721 -10.584 -10.451 -10.010 -9.848 -9.853 -9.769 -9.759 -9.755 -9.747 -9.735 -9.729 -9.709 -9.705 -9.678
0.00049103 -1.50000 6.60000 63.2076721191 2.6332035622   61.916  6.125  4.0782  1.369    2  0.000  0.545     0.00     0.00     0.00     0.00     0.00 -1 -6.22e-06      0.00 7.504e-01 2.491e-01 8.884e-05 2.397e-05 2.174e-04 -1.000 4.941e-04 -10.543 -10.800 -10.766 -10.718 -10.593 -10.468 -10.053 -9.895 -9.902 -9.824 -9.815 -9.812 -9.806 -9.796 -9.791 -9.774 -9.771 -9.748
0.00049103 -1.50000 6.60000 63.2754554749 2.6332045847   61.956  6.126  4.0677  1.327    2  0.000  0.545     0.00     0.00     0.00     0.00     0.00 -1 -6.29e-06      0.00 7.504e-01 2.491e-01 8.884e-05 2.397e-05 2.174e-04 -1.000 4.940e-04 -10.545 -10.764 -10.781 -10.757 -10.645 -10.528 -10.089 -9.921 -9.935 -9.870 -9.864 -9.866 -9.864 -9.859 -9.855 -9.844 -9.841 -9.819
0.00049103 -1.50000 6.60000 63.3452339172 2.6332056346   61.997  6.127  4.0558  1.279    2  0.000  0.545     0.00     0.00     0.00     0.00     0.00 -1 -6.28e-06      0.00 7.504e-01 2.491e-01 8.884e-05 2.397e-05 2.174e-04 -1.000 4.941e-04 -10.547 -10.718 -10.741 -10.726 -10.629 -10.523 -10.140 -9.982 -9.996 -9.935 -9.930 -9.932 -9.931 -9.927 -9.924 -9.917 -9.914 -9.900
0.00049103 -1.50000 6.60000 63.4126892090 2.6332066470   62.038  6.128  4.0434  1.229    2  0.000  0.545     0.00     0.00     0.00     0.00     0.00 -1 -6.35e-06      0.00 7.504e-01 2.491e-01 8.884e-05 2.397e-05 2.174e-04 -1.000 4.941e-04 -10.549 -10.665 -10.694 -10.689 -10.609 -10.513 -10.192 -10.044 -10.058 -10.001 -9.997 -10.000 -10.000 -9.997 -9.994 -9.990 -9.988 -9.982
0.00049103 -1.50000 6.60000 63.4801521301 2.6332076571   62.077  6.128  4.0306  1.177    2  0.000  0.545     0.00     0.00     0.00     0.00     0.00 -1 -6.44e-06      0.00 7.504e-01 2.491e-01 8.884e-05 2.397e-05 2.174e-04 -1.000 4.941e-04 -10.551 -10.603 -10.639 -10.644 -10.581 -10.497 -10.244 -10.107 -10.122 -10.069 -10.066 -10.070 -10.070 -10.069 -10.066 -10.066 -10.065 -10.068
0.00049103 -1.50000 6.60000 63.5680198669 2.6332089690   62.129  6.129  4.0129  1.105    3  0.000  0.545    55.63    33.28    24.03    16.26    13.65  3 -6.43e-06      0.00 7.504e-01 2.491e-01 8.884e-05 2.397e-05 2.174e-04 -1.000 4.941e-04 -10.554 -10.504 -10.548 -10.570 -10.531 -10.462 -10.315 -10.193 -10.209 -10.161 -10.159 -10.164 -10.165 -10.166 -10.163 -10.168 -10.169 -10.184
0.00049103 -1.50000 6.60000 63.6981544495 2.6332109043   62.206  6.131  3.9838  0.988    3  0.000  0.545    77.42    41.14    29.42    19.96    16.77  3  -6.4e-06      0.00 7.504e-01 2.491e-01 8.884e-05 2.397e-05 2.174e-04 -1.000 4.941e-04 -10.557 -10.301 -10.358 -10.411 -10.420 -10.377 -10.424 -10.329 -10.345 -10.306 -10.306 -10.311 -10.314 -10.318 -10.316 -10.330 -10.333 -10.372
0.00049103 -1.50000 6.60000 63.8050117493 2.6332124867   62.269  6.132  3.9602  0.893    3  0.000  0.545   101.25    48.86    34.68    23.59    19.83  3 -6.43e-06      0.00 7.504e-01 2.491e-01 8.884e-05 2.397e-05 2.174e-04 -1.000 4.941e-04 -10.560 -10.093 -10.193 -10.281 -10.336 -10.318 -10.485 -10.404 -10.425 -10.404 -10.407 -10.417 -10.423 -10.433 -10.432 -10.457 -10.461 -10.517
0.00049103 -1.50000 6.60000 63.8893775940 2.6332137317   62.320  6.133  3.9444  0.829    3  0.000  0.545   121.27    54.86    38.73    26.39    22.19  3 -6.44e-06      0.00 7.504e-01 2.491e-01 8.884e-05 2.397e-05 2.174e-04 -1.000 4.942e-04 -10.562 -9.912 -10.050 -10.165 -10.260 -10.260 -10.520 -10.447 -10.473 -10.463 -10.470 -10.482 -10.491 -10.505 -10.505 -10.538 -10.543 -10.612
0.00049103 -1.50000 6.60000 63.9727249146 2.6332149580   62.369  6.134  3.9295  0.769    3  0.000  0.545   143.78    61.18    42.99    29.34    24.67  3 -6.51e-06      0.00 7.504e-01 2.491e-01 8.884e-05 2.397e-05 2.174e-04 -1.000 4.941e-04 -10.565 -9.698 -9.851 -9.995 -10.139 -10.160 -10.566 -10.510 -10.534 -10.527 -10.534 -10.545 -10.554 -10.568 -10.570 -10.607 -10.614 -10.700
0.00049103 -1.50000 6.60000 64.0753479004 2.6332164628   62.430  6.135  3.9112  0.695    3  0.000  0.545   177.16    69.94    48.85    33.40    28.09  3 -6.62e-06      0.00 7.504e-01 2.491e-01 8.884e-05 2.397e-05 2.174e-04 -1.000 4.941e-04 -10.567 -9.428 -9.672 -9.860 -10.058 -10.103 -10.557 -10.506 -10.544 -10.569 -10.583 -10.602 -10.617 -10.641 -10.644 -10.694 -10.702 -10.797
0.00049103 -1.50000 6.60000 64.1360473633 2.6332173503   62.464  6.136  3.9002  0.651    3  0.000  0.545   195.94    75.75    52.72    36.09    30.36  3  -6.9e-06      0.00 7.504e-01 2.491e-01 8.884e-05 2.397e-05 2.174e-04 -1.000 4.941e-04 -10.569 -9.170 -9.446 -9.677 -9.936 -10.003 -10.591 -10.553 -10.586 -10.606 -10.619 -10.636 -10.651 -10.674 -10.678 -10.734 -10.743 -10.853
0.00049103 -1.50000 6.60000 64.1960983276 2.6332182264   62.496  6.136  3.8908  0.613    3  0.000  0.545   208.08    81.16    56.31    38.59    32.47  3  -8.1e-06      0.00 7.504e-01 2.491e-01 8.884e-05 2.397e-05 2.174e-04 -1.000 4.941e-04 -10.570 -8.928 -9.253 -9.533 -9.844 -9.931 -10.607 -10.580 -10.609 -10.628 -10.641 -10.659 -10.674 -10.700 -10.705 -10.766 -10.777 -10.896
0.00049103 -1.50000 6.60000 64.2554321289 2.6332190901   62.527  6.137  3.8816  0.575    3  0.000  0.545   220.76    86.86    60.08    41.21    34.68  3  -9.3e-06      0.00 7.504e-01 2.491e-01 8.884e-05 2.397e-05 2.174e-04 -1.000 4.941e-04 -10.572 -8.730 -9.108 -9.429 -9.783 -9.888 -10.591 -10.568 -10.605 -10.642 -10.659 -10.681 -10.699 -10.730 -10.736 -10.804 -10.815 -10.940
0.00049103 -1.50000 6.60000 64.3140335083 2.6332199414   62.558  6.137  3.8727  0.540    3  0.000  0.545   233.65    92.71    63.94    43.90    36.95  3 -9.56e-06      0.00 7.504e-01 2.491e-01 8.884e-05 2.397e-05 2.174e-04 -1.000 4.941e-04 -10.573 -8.516 -8.939 -9.314 -9.718 -9.839 -10.578 -10.559 -10.602 -10.653 -10.672 -10.697 -10.718 -10.754 -10.761 -10.837 -10.849 -10.979
0.00049103 -1.50000 6.60000 64.3719177246 2.6332207806   62.589  6.138  3.8640  0.505    3  0.000  0.545   246.86    98.75    67.91    46.67    39.29  3 -9.77e-06      0.00 7.504e-01 2.491e-01 8.884e-05 2.397e-05 2.174e-04 -1.000 4.941e-04 -10.575 -8.267 -8.730 -9.174 -9.637 -9.779 -10.575 -10.563 -10.605 -10.660 -10.680 -10.708 -10.731 -10.772 -10.780 -10.864 -10.876 -11.012
0.00049103 -1.50000 6.60000 64.4290008545 2.6332216064   62.621  6.139  3.8554  0.470    3  0.000  0.545   260.90   105.22    72.15    49.63    41.79  3 -9.57e-06      0.00 7.504e-01 2.491e-01 8.884e-05 2.397e-05 2.174e-04 -1.000 4.941e-04 -10.576 -8.034 -8.520 -9.042 -9.564 -9.727 -10.563 -10.558 -10.600 -10.662 -10.684 -10.716 -10.741 -10.788 -10.798 -10.891 -10.903 -11.042
0.00049103 -1.50000 6.60000 64.4666442871 2.6332221501   62.642  6.139  3.8494  0.445    3  0.000  0.545   271.06   109.93    75.24    51.79    43.61  3 -9.46e-06      0.00 7.504e-01 2.491e-01 8.884e-05 2.397e-05 2.174e-04 -1.000 4.941e-04 -10.577 -7.895 -8.387 -8.963 -9.522 -9.701 -10.546 -10.546 -10.590 -10.661 -10.685 -10.720 -10.748 -10.800 -10.811 -10.910 -10.923 -11.063
0.00049103 -1.50000 6.60000 64.5039291382 2.6332226879   62.663  6.139  3.8435  0.422    3  0.000  0.545   281.49   114.80    78.41    54.01    45.48  3 -9.35e-06      0.00 7.504e-01 2.491e-01 8.884e-05 2.397e-05 2.174e-04 -1.000 4.941e-04 -10.578 -7.774 -8.262 -8.891 -9.485 -9.680 -10.524 -10.529 -10.576 -10.658 -10.685 -10.724 -10.754 -10.812 -10.824 -10.930 -10.942 -11.082
0.00049103 -1.50000 6.60000 64.5408096313 2.6332232191   62.684  6.140  3.8375  0.397    3  0.000  0.545   292.40   119.92    81.75    56.34    47.45  3 -9.25e-06      0.00 7.504e-01 2.491e-01 8.884e-05 2.397e-05 2.174e-04 -1.000 4.941e-04 -10.579 -7.660 -8.137 -8.820 -9.449 -9.660 -10.500 -10.510 -10.560 -10.654 -10.684 -10.727 -10.761 -10.824 -10.838 -10.950 -10.962 -11.102
0.00049103 -1.50000 6.60000 64.5773620605 2.6332237449   62.704  6.140  3.8314  0.373    3  0.000  0.545   303.87   125.33    85.27    58.80    49.53  3 -9.15e-06      0.00 7.504e-01 2.491e-01 8.884e-05 2.397e-05 2.174e-04 -1.000 4.941e-04 -10.580 -7.555 -8.015 -8.752 -9.416 -9.643 -10.472 -10.487 -10.541 -10.650 -10.683 -10.729 -10.766 -10.836 -10.851 -10.970 -10.982 -11.121
0.00049103 -1.50000 6.60000 64.6135253906 2.6332242645   62.725  6.140  3.8255  0.349    3  0.000  0.545   315.62   130.91    88.89    61.34    51.68  3 -9.05e-06      0.00 7.504e-01 2.491e-01 8.884e-05 2.397e-05 2.174e-04 -1.000 4.941e-04 -10.581 -7.470 -7.898 -8.688 -9.386 -9.630 -10.438 -10.458 -10.518 -10.643 -10.680 -10.731 -10.772 -10.847 -10.864 -10.990 -11.002 -11.140
0.00049103 -1.50000 6.60000 64.6493148804 2.6332247780   62.746  6.141  3.8196  0.325    3  0.000  0.545   327.67   136.65    92.62    63.95    53.88  3 -8.94e-06      0.00 7.504e-01 2.491e-01 8.884e-05 2.397e-05 2.174e-04 -1.000 4.941e-04 -10.581 -7.393 -7.783 -8.626 -9.357 -9.619 -10.402 -10.428 -10.494 -10.637 -10.677 -10.733 -10.777 -10.859 -10.878 -11.010 -11.022 -11.158
0.00049103 -1.50000 6.60000 64.6847076416 2.6332252852   62.767  6.141  3.8138  0.302    3  0.000  0.545   339.94   142.54    96.43    66.62    56.13  3 -8.82e-06      0.00 7.504e-01 2.491e-01 8.884e-05 2.397e-05 2.174e-04 -1.000 4.941e-04 -10.582 -7.323 -7.669 -8.564 -9.330 -9.608 -10.364 -10.395 -10.468 -10.629 -10.674 -10.734 -10.782 -10.870 -10.890 -11.029 -11.041 -11.177
0.00049103 -1.50000 6.60000 64.7022476196 2.6332255363   62.777  6.141  3.8110  0.291    3  0.000  0.545   346.12   145.52    98.35    67.97    57.28  3 -8.76e-06      0.00 7.504e-01 2.491e-01 8.884e-05 2.397e-05 2.174e-04 -1.000 4.941e-04 -10.583 -7.293 -7.620 -8.536 -9.317 -9.604 -10.345 -10.377 -10.454 -10.626 -10.672 -10.735 -10.785 -10.876 -10.897 -11.039 -11.050 -11.186
0.00049103 -1.50000 6.60000 64.8519973755 2.6332276740   62.868  6.142  3.7960  0.230    3  0.000  0.545   380.92   162.42   109.23    75.61    63.73  3 -8.49e-06      0.00 7.504e-01 2.491e-01 8.884e-05 2.397e-05 2.174e-04 -1.000 4.941e-04 -10.586 -7.169 -7.341 -8.370 -9.244 -9.574 -10.229 -10.274 -10.375 -10.604 -10.662 -10.738 -10.798 -10.905 -10.929 -11.089 -11.100 -11.237
0.00049103 -1.50000 6.60000 64.9970169067 2.6332297332   62.956  6.143  3.7828  0.177    3  0.000  0.545   414.39   178.89   119.79    83.03    70.01  3 -8.25e-06      0.00 7.504e-01 2.491e-01 8.884e-05 2.397e-05 2.174e-04 -1.000 4.941e-04 -10.589 -7.052 -6.994 -8.147 -9.138 -9.511 -10.132 -10.189 -10.310 -10.584 -10.651 -10.737 -10.805 -10.926 -10.954 -11.129 -11.140 -11.281
0.00049103 -1.50000 6.60000 65.0000000000 2.6332297755   62.959  6.143  3.7826  0.176    3  0.000  0.545   415.06   179.22   120.01    83.18    70.13  3 -8.25e-06      0.00 7.504e-01 2.491e-01 8.884e-05 2.397e-05 2.174e-04 -1.000 4.942e-04 -10.589 -7.049 -6.986 -8.143 -9.136 -9.510 -10.130 -10.188 -10.309 -10.584 -10.650 -10.737 -10.805 -10.927 -10.954 -11.130 -11.141 -11.282
0.00049103 -1.50000 6.60000 65.0931777954 2.6332310929   63.011  6.144  3.7770  0.153    3  0.000  0.545   430.19   186.73   124.81    86.56    72.99  3  -8.2e-06      0.00 7.501e-01 2.494e-01 8.863e-05 2.455e-05 2.170e-04 -1.000 4.941e-04 -10.590 -7.003 -6.830 -8.039 -9.084 -9.476 -10.084 -10.148 -10.277 -10.573 -10.643 -10.735 -10.806 -10.934 -10.963 -11.146 -11.157 -11.300
0.00049103 -1.50000 6.60000 65.1858978271 2.6332323996   63.061  6.144  3.7724  0.135    3  0.000  0.544   442.74   192.99   128.80    89.37    75.36  3  -8.2e-06      0.00 7.497e-01 2.498e-01 8.835e-05 2.531e-05 2.165e-04 -1.000 4.941e-04 -10.591 -6.967 -6.703 -7.952 -9.038 -9.445 -10.042 -10.112 -10.249 -10.562 -10.635 -10.732 -10.806 -10.940 -10.970 -11.159 -11.171 -11.314
0.00049103 -1.50000 6.60000 65.2733917236 2.6332336287   63.109  6.145  3.7691  0.122    3  0.000  0.544   452.36   197.80   131.87    91.53    77.19  3 -8.24e-06      0.00 7.493e-01 2.502e-01 8.803e-05 2.620e-05 2.158e-04 -1.000 4.940e-04 -10.592 -6.941 -6.609 -7.888 -9.005 -9.423 -10.011 -10.085 -10.228 -10.553 -10.629 -10.729 -10.806 -10.943 -10.975 -11.169 -11.180 -11.325
0.00049103 -1.50000 6.60000 65.3557662964 2.6332347824   63.155  6.145  3.7661  0.110    3  0.000  0.543   461.02   202.15   134.63    93.48    78.84  3 -8.27e-06      0.00 7.488e-01 2.507e-01 8.767e-05 2.719e-05 2.152e-04 -1.000 4.941e-04 -10.593 -6.922 -6.534 -7.837 -8.981 -9.408 -9.983 -10.061 -10.209 -10.546 -10.624 -10.727 -10.805 -10.946 -10.978 -11.177 -11.188 -11.333
0.00049103 -1.50000 6.60000 65.4331665039 2.6332358634   63.195  6.145  3.7633  0.099    3  0.000  0.542   469.08   206.20   137.21    95.29    80.37  3 -8.31e-06      0.00 7.482e-01 2.513e-01 8.728e-05 2.826e-05 2.144e-04 -1.000 4.941e-04 -10.593 -6.905 -6.465 -7.791 -8.959 -9.395 -9.958 -10.039 -10.191 -10.539 -10.619 -10.724 -10.804 -10.949 -10.981 -11.183 -11.194 -11.341
0.00049103 -1.50000 6.60000 65.5058135986 2.6332368753   63.235  6.145  3.7608  0.089    3  0.000  0.542   476.57   209.97   139.61    96.98    81.80  3 -8.35e-06      0.00 7.476e-01 2.519e-01 8.687e-05 2.938e-05 2.136e-04 -1.000 4.941e-04 -10.594 -6.889 -6.402 -7.748 -8.938 -9.383 -9.934 -10.019 -10.175 -10.532 -10.614 -10.722 -10.804 -10.951 -10.984 -11.189 -11.200 -11.347
0.00049103 -1.50000 6.60000 65.6063385010 2.6332382714   63.289  6.146  3.7575  0.075    3  0.000  0.541   486.82   215.15   142.90    99.30    83.76  3 -8.41e-06      0.00 7.467e-01 2.528e-01 8.624e-05 3.111e-05 2.124e-04 -1.000 4.941e-04 -10.594 -6.869 -6.310 -7.684 -8.907 -9.362 -9.902 -9.991 -10.153 -10.523 -10.607 -10.718 -10.802 -10.952 -10.987 -11.196 -11.207 -11.356
0.00049103 -1.50000 6.60000 65.8266067505 2.6332413132   63.404  6.147  3.7493  0.043    3  0.000  0.533   512.98   228.45   151.33   105.24    88.79  3 -8.51e-06      0.00 7.305e-01 2.690e-01 8.113e-05 4.742e-05 2.007e-04 -1.000 4.941e-04 -10.597 -6.823 -6.081 -7.526 -8.830 -9.312 -9.826 -9.926 -10.101 -10.501 -10.590 -10.709 -10.798 -10.957 -10.994 -11.214 -11.225 -11.378
0.00049103 -1.50000 6.60000 66.1483459473 2.6332457144   63.562  6.150  3.7399  0.003    3  0.000  0.525   546.46   245.61   162.18   112.89    95.26  3 -9.37e-06      0.00 7.065e-01 2.930e-01 7.374e-05 7.150e-05 1.832e-04 -1.000 4.941e-04 -10.605 -6.776 -5.785 -7.318 -8.731 -9.245 -9.739 -9.854 -10.044 -10.478 -10.573 -10.700 -10.794 -10.964 -11.004 -11.235 -11.247 -11.405
0.00049103 -1.50000 6.60000 66.2781600952 2.6332474763   63.623  6.152  3.7367 -0.012    3  0.000  0.523   559.66   252.42   166.47   115.93    97.83  3    -1e-05      0.00 6.986e-01 3.009e-01 7.132e-05 7.962e-05 1.772e-04 -1.000 4.940e-04 -10.611 -6.765 -5.665 -7.237 -8.692 -9.218 -9.709 -9.830 -10.027 -10.474 -10.571 -10.701 -10.797 -10.970 -11.010 -11.246 -11.258 -11.418
0.00049103 -1.50000 6.60000 66.3178863525 2.6332480139   63.643  6.153  3.7357 -0.016    3  0.000  0.522   563.54   254.42   167.73   116.82    98.58  3    -1e-05      0.00 6.963e-01 3.032e-01 7.073e-05 8.149e-05 1.759e-04 -1.000 4.941e-04 -10.612 -6.760 -5.627 -7.211 -8.679 -9.208 -9.698 -9.822 -10.020 -10.471 -10.569 -10.700 -10.797 -10.971 -11.012 -11.249 -11.261 -11.421
0.00049103 -1.50000 6.60000 66.5061187744 2.6332505511   63.736  6.147  3.7286 -0.039    3  0.000  0.481   583.72   264.88   174.32   121.47   102.52  4 -1.03e-05      0.00 6.437e-01 3.558e-01 4.745e-05 1.474e-04 1.302e-04 -1.000 4.941e-04 -10.598 -6.710 -5.340 -7.006 -8.568 -9.121 -9.603 -9.740 -9.953 -10.433 -10.535 -10.673 -10.773 -10.955 -10.998 -11.244 -11.257 -11.422
0.00049103 -1.50000 6.60000 66.5366668701 2.6332509613   63.752  6.126  3.7253 -0.030    3  0.000  0.428   576.05   260.89   171.81   119.69   101.02  4 -8.96e-06      0.00 5.912e-01 4.083e-01 3.015e-05 1.991e-04 9.532e-05 -1.000 4.941e-04 -10.544 -6.641 -5.167 -6.868 -8.471 -9.036 -9.510 -9.653 -9.873 -10.366 -10.471 -10.612 -10.714 -10.900 -10.944 -11.194 -11.207 -11.374
0.00049103 -1.50000 6.60000 66.5565261841 2.6332512278   63.765  6.146  3.7204 -0.070    3  0.000  0.439   612.98   280.17   183.91   128.26   108.27  4 -9.08e-06      0.00 5.510e-01 4.485e-01 1.798e-05 2.498e-04 5.432e-05 -1.000 4.941e-04 -10.594 -6.666 -5.000 -6.759 -8.437 -9.019 -9.498 -9.652 -9.883 -10.398 -10.506 -10.653 -10.758 -10.949 -10.994 -11.250 -11.264 -11.435
0.00049103 -1.50000 6.60000 66.5612182617 2.6332512907   63.766  6.180  3.7179 -0.114    3  0.000  0.439   656.98   303.37   198.43   138.55   116.97  4  -1.3e-05      0.00 5.508e-01 4.487e-01 1.797e-05 2.499e-04 5.430e-05 -1.000 4.941e-04 -10.680 -6.739 -4.959 -6.745 -8.466 -9.058 -9.549 -9.711 -9.949 -10.475 -10.585 -10.734 -10.840 -11.034 -11.080 -11.340 -11.353 -11.527
0.00049103 -1.50000 6.60000 66.5885391235 2.6332516569   63.776  6.210  3.7161 -0.151    3  0.000  0.440   696.76   324.53   211.63   147.91   124.90  4 -1.79e-05      0.00 5.493e-01 4.502e-01 1.796e-05 2.499e-04 5.423e-05 -1.000 4.941e-04 -10.754 -6.804 -4.934 -6.741 -8.496 -9.095 -9.597 -9.765 -10.007 -10.543 -10.654 -10.805 -10.912 -11.108 -11.155 -11.417 -11.431 -11.607
0.00049103 -1.50000 6.60000 66.6071929932 2.6332519067   63.792  6.212  3.7164 -0.151    3  0.000  0.440   697.40   324.87   211.85   148.06   125.03  4 -1.83e-05      0.00 5.456e-01 4.539e-01 1.783e-05 2.504e-04 5.385e-05 -1.000 4.940e-04 -10.759 -6.810 -4.949 -6.753 -8.505 -9.102 -9.605 -9.772 -10.014 -10.548 -10.659 -10.810 -10.917 -11.113 -11.159 -11.422 -11.435 -11.611
