 Zini     MH   logAge Mini        int_IMF         Mass   logL    logTe  logg  label   McoreTP C_O  period0  period1  period2  period3  period4  pmode  Mloss  tau1m   X   Y   Xc  Xn  Xo  Cexcess  Z 	 mbolmag  F170Wmag  F218Wmag  F255Wmag  F300Wmag  F336Wmag  F380Wmag  F439Wmag  F450Wmag  F555Wmag  F569Wmag  F606Wmag  F622Wmag  F675Wmag  F702Wmag  F791Wmag  F814Wmag  F850LPmag
0.00049103 -1.50000 7.05000 0.0900000036 1.0816895926    0.090 -1.894  3.5358  4.381    0  0.000  0.545     0.00     0.00     0.00     0.00     0.00 -1 -3.49e-15      0.00 7.504e-01 2.491e-01 8.884e-05 2.397e-05 2.174e-04 -1.000 4.941e-04 9.504 14.085 18.871 18.035 14.582 13.740 13.363 12.749 12.221 10.922 10.716 10.347 10.150 9.743 9.572 8.956 8.916 8.519
0.00049103 -1.50000 7.05000 0.0957176387 1.1343047990    0.096 -1.857  3.5390  4.384    0  0.000  0.545     0.00     0.00     0.00     0.00     0.00 -1 -3.67e-15      0.00 7.504e-01 2.491e-01 8.884e-05 2.397e-05 2.174e-04 -1.000 4.941e-04 9.412 13.981 18.750 17.850 14.432 13.588 13.202 12.601 12.082 10.797 10.593 10.226 10.030 9.627 9.463 8.859 8.820 8.429
0.00049103 -1.50000 7.05000 0.1000000015 1.1711064122    0.100 -1.829  3.5413  4.385    0  0.000  0.545     0.00     0.00     0.00     0.00     0.00 -1 -3.83e-15      0.00 7.504e-01 2.491e-01 8.884e-05 2.397e-05 2.174e-04 -1.000 4.941e-04 9.343 13.904 18.658 17.712 14.320 13.474 13.083 12.491 11.978 10.706 10.503 10.137 9.941 9.542 9.382 8.787 8.748 8.361
0.00049103 -1.50000 7.05000 0.1058479995 1.2181792118    0.106 -1.796  3.5440  4.387    0  0.000  0.545     0.00     0.00     0.00     0.00     0.00 -1 -4.01e-15      0.00 7.504e-01 2.491e-01 8.884e-05 2.397e-05 2.174e-04 -1.000 4.941e-04 9.261 13.812 18.547 17.548 14.186 13.339 12.944 12.362 11.856 10.597 10.395 10.032 9.837 9.441 9.285 8.701 8.663 8.280
0.00049103 -1.50000 7.05000 0.1186423451 1.3103013218    0.119 -1.727  3.5494  4.389    0  0.000  0.545     0.00     0.00     0.00     0.00     0.00 -1 -4.42e-15      0.00 7.504e-01 2.491e-01 8.884e-05 2.397e-05 2.174e-04 -1.000 4.940e-04 9.088 13.620 18.318 17.211 13.910 13.060 12.656 12.094 11.603 10.372 10.173 9.814 9.620 9.230 9.085 8.521 8.484 8.110
0.00049103 -1.50000 7.05000 0.1199999973 1.3193154249    0.120 -1.720  3.5500  4.389    0  0.000  0.545     0.00     0.00     0.00     0.00     0.00 -1 -4.47e-15      0.00 7.504e-01 2.491e-01 8.884e-05 2.397e-05 2.174e-04 -1.000 4.940e-04 9.070 13.600 18.294 17.177 13.882 13.031 12.627 12.067 11.577 10.349 10.150 9.792 9.598 9.209 9.065 8.503 8.465 8.093
0.00049103 -1.50000 7.05000 0.1386059374 1.4308843579    0.139 -1.633  3.5566  4.390    0  0.000  0.545     0.00     0.00     0.00     0.00     0.00 -1 -5.08e-15      0.00 7.504e-01 2.491e-01 8.884e-05 2.397e-05 2.174e-04 -1.000 4.942e-04 8.851 13.360 17.996 16.749 13.536 12.685 12.277 11.741 11.266 10.072 9.876 9.524 9.332 8.951 8.817 8.277 8.241 7.879
0.00049103 -1.50000 7.05000 0.1400000006 1.4384526719    0.140 -1.626  3.5571  4.390    0  0.000  0.545     0.00     0.00     0.00     0.00     0.00 -1 -5.13e-15      0.00 7.504e-01 2.491e-01 8.884e-05 2.397e-05 2.174e-04 -1.000 4.942e-04 8.836 13.342 17.974 16.719 13.512 12.661 12.252 11.717 11.244 10.052 9.857 9.505 9.313 8.933 8.800 8.261 8.225 7.863
0.00049103 -1.50000 7.05000 0.1599999964 1.5372931554    0.160 -1.544  3.5636  4.393    0  0.000  0.545     0.00     0.00     0.00     0.00     0.00 -1 -5.78e-15      0.00 7.504e-01 2.491e-01 8.884e-05 2.397e-05 2.174e-04 -1.000 4.941e-04 8.631 13.116 17.682 16.300 13.181 12.331 11.922 11.410 10.950 9.792 9.600 9.255 9.065 8.692 8.568 8.050 8.016 7.663
0.00049103 -1.50000 7.05000 0.2166033834 1.7473477853    0.217 -1.362  3.5781  4.400    0  0.000  0.545     0.00     0.00     0.00     0.00     0.00 -1 -7.49e-15      0.00 7.504e-01 2.491e-01 8.884e-05 2.397e-05 2.174e-04 -1.000 4.941e-04 8.175 12.613 17.005 15.368 12.436 11.592 11.200 10.733 10.303 9.218 9.035 8.707 8.522 8.167 8.060 7.581 7.549 7.217
0.00049103 -1.50000 7.05000 0.2473381460 1.8335221515    0.247 -1.281  3.5846  4.403    0  0.000  0.545     0.00     0.00     0.00     0.00     0.00 -1 -8.41e-15      0.00 7.504e-01 2.491e-01 8.884e-05 2.397e-05 2.174e-04 -1.000 4.940e-04 7.974 12.390 16.680 14.941 12.103 11.264 10.886 10.437 10.020 8.968 8.788 8.469 8.288 7.940 7.838 7.374 7.343 7.020
0.00049103 -1.50000 7.05000 0.2571984828 1.8582628887    0.257 -1.258  3.5867  4.405    0  0.000  0.545     0.00     0.00     0.00     0.00     0.00 -1 -8.68e-15      0.00 7.504e-01 2.491e-01 8.884e-05 2.397e-05 2.174e-04 -1.000 4.940e-04 7.916 12.326 16.580 14.809 12.003 11.167 10.793 10.351 9.937 8.895 8.716 8.400 8.219 7.874 7.774 7.315 7.284 6.964
0.00049103 -1.50000 7.05000 0.2788709402 1.9085519510    0.279 -1.209  3.5912  4.409    0  0.000  0.545     0.00     0.00     0.00     0.00     0.00 -1 -9.26e-15      0.00 7.504e-01 2.491e-01 8.884e-05 2.397e-05 2.174e-04 -1.000 4.941e-04 7.793 12.188 16.365 14.530 11.789 10.958 10.596 10.165 9.759 8.740 8.564 8.253 8.075 7.735 7.639 7.189 7.159 6.844
0.00049103 -1.50000 7.05000 0.2945489287 1.9418666849    0.294 -1.176  3.5943  4.413    0  0.000  0.545     0.00     0.00     0.00     0.00     0.00 -1 -9.63e-15      0.00 7.504e-01 2.491e-01 8.884e-05 2.397e-05 2.174e-04 -1.000 4.941e-04 7.711 12.096 16.215 14.343 11.642 10.813 10.461 10.039 9.639 8.635 8.461 8.155 7.978 7.643 7.548 7.104 7.075 6.764
0.00049103 -1.50000 7.05000 0.2971092463 1.9470882954    0.297 -1.171  3.5948  4.413    0  0.000  0.545     0.00     0.00     0.00     0.00     0.00 -1 -9.69e-15      0.00 7.504e-01 2.491e-01 8.884e-05 2.397e-05 2.174e-04 -1.000 4.941e-04 7.699 12.081 16.192 14.313 11.618 10.790 10.441 10.019 9.620 8.618 8.445 8.140 7.963 7.628 7.534 7.091 7.062 6.752
0.00049103 -1.50000 7.05000 0.3031015992 1.9590839152    0.303 -1.159  3.5960  4.415    0  0.000  0.545     0.00     0.00     0.00     0.00     0.00 -1 -9.93e-15      0.00 7.504e-01 2.491e-01 8.884e-05 2.397e-05 2.174e-04 -1.000 4.941e-04 7.668 12.047 16.136 14.243 11.563 10.736 10.391 9.972 9.575 8.579 8.406 8.103 7.927 7.594 7.500 7.060 7.031 6.723
0.00049103 -1.50000 7.05000 0.3382992744 2.0238126225    0.338 -1.091  3.6025  4.421    0  0.000  0.545     0.00     0.00     0.00     0.00     0.00 -1 -1.09e-14      0.00 7.504e-01 2.491e-01 8.884e-05 2.397e-05 2.174e-04 -1.000 4.941e-04 7.498 11.855 15.840 13.871 11.258 10.436 10.114 9.711 9.325 8.362 8.193 7.899 7.726 7.402 7.313 6.885 6.857 6.557
0.00049103 -1.50000 7.05000 0.3499999940 2.0434174644    0.350 -1.071  3.6046  4.424    0  0.000  0.545     0.00     0.00     0.00     0.00     0.00 -1 -1.12e-14      0.00 7.504e-01 2.491e-01 8.884e-05 2.397e-05 2.174e-04 -1.000 4.941e-04 7.448 11.797 15.757 13.763 11.166 10.345 10.031 9.632 9.250 8.296 8.129 7.839 7.666 7.345 7.257 6.832 6.805 6.508
0.00049103 -1.50000 7.05000 0.4000000060 2.1185024399    0.400 -0.987  3.6141  4.435    0  0.000  0.545     0.00     0.00     0.00     0.00     0.00 -1 -1.26e-14      0.00 7.504e-01 2.491e-01 8.884e-05 2.397e-05 2.174e-04 -1.000 4.941e-04 7.236 11.552 15.374 13.283 10.760 9.946 9.673 9.294 8.928 8.019 7.858 7.581 7.414 7.105 7.022 6.614 6.588 6.303
0.00049103 -1.50000 7.05000 0.4333600402 2.1621228553    0.433 -0.932  3.6212  4.443    0  0.000  0.545     0.00     0.00     0.00     0.00     0.00 -1 -1.35e-14      0.00 7.504e-01 2.491e-01 8.884e-05 2.397e-05 2.174e-04 -1.000 4.941e-04 7.100 11.391 15.068 12.923 10.473 9.667 9.428 9.063 8.709 7.833 7.678 7.411 7.247 6.948 6.868 6.474 6.449 6.173
0.00049103 -1.50000 7.05000 0.4500000179 2.1822809362    0.450 -0.906  3.6245  4.447    0  0.000  0.545     0.00     0.00     0.00     0.00     0.00 -1 -1.41e-14      0.00 7.504e-01 2.491e-01 8.884e-05 2.397e-05 2.174e-04 -1.000 4.941e-04 7.035 11.313 14.887 12.734 10.336 9.536 9.315 8.956 8.607 7.746 7.593 7.331 7.169 6.875 6.796 6.408 6.383 6.112
0.00049103 -1.50000 7.05000 0.5000000000 2.2374541529    0.500 -0.820  3.6373  4.458    0  0.000  0.545     0.00     0.00     0.00     0.00     0.00 -1 -1.61e-14      0.00 7.504e-01 2.491e-01 8.884e-05 2.397e-05 2.174e-04 -1.000 4.941e-04 6.820 11.048 14.247 12.064 9.842 9.063 8.912 8.581 8.251 7.447 7.302 7.058 6.903 6.626 6.554 6.186 6.164 5.909
0.00049103 -1.50000 7.05000 0.5215228200 2.2585925107    0.521 -0.778  3.6441  4.462    0  0.000  0.545     0.00     0.00     0.00     0.00     0.00 -1 -1.73e-14      0.00 7.504e-01 2.491e-01 8.884e-05 2.397e-05 2.174e-04 -1.000 4.940e-04 6.715 10.916 13.970 11.750 9.587 8.819 8.708 8.393 8.073 7.298 7.158 6.923 6.772 6.504 6.434 6.078 6.057 5.810
0.00049103 -1.50000 7.05000 0.5500000715 2.2836583126    0.550 -0.733  3.6507  4.466    0  0.000  0.545     0.00     0.00     0.00     0.00     0.00 -1 -1.85e-14      0.00 7.504e-01 2.491e-01 8.884e-05 2.397e-05 2.174e-04 -1.000 4.941e-04 6.603 10.777 13.716 11.448 9.332 8.574 8.502 8.203 7.892 7.145 7.009 6.784 6.636 6.376 6.309 5.964 5.944 5.706
0.00049103 -1.50000 7.05000 0.5742570162 2.3027700273    0.574 -0.686  3.6583  4.469    0  0.000  0.545     0.00     0.00     0.00     0.00     0.00 -1 -2.01e-14      0.00 7.504e-01 2.491e-01 8.884e-05 2.397e-05 2.174e-04 -1.000 4.941e-04 6.486 10.627 13.368 11.083 9.048 8.307 8.280 8.001 7.700 6.984 6.852 6.636 6.493 6.242 6.179 5.845 5.825 5.596
0.00049103 -1.50000 7.05000 0.6000000238 2.3211213258    0.600 -0.635  3.6666  4.469    0  0.000  0.545     0.00     0.00     0.00     0.00     0.00 -1 -2.22e-14      0.00 7.504e-01 2.491e-01 8.884e-05 2.397e-05 2.174e-04 -1.000 4.942e-04 6.357 10.456 12.824 10.617 8.727 8.014 8.035 7.783 7.491 6.808 6.681 6.476 6.339 6.097 6.036 5.715 5.696 5.477
0.00049103 -1.50000 7.05000 0.6320409775 2.3415781382    0.632 -0.570  3.6763  4.466    0  0.000  0.545     0.00     0.00     0.00     0.00     0.00 -1 -2.51e-14      0.00 7.504e-01 2.491e-01 8.884e-05 2.397e-05 2.174e-04 -1.000 4.941e-04 6.196 10.242 12.155 10.070 8.344 7.667 7.742 7.523 7.243 6.596 6.473 6.281 6.150 5.918 5.861 5.552 5.535 5.328
0.00049103 -1.50000 7.05000 0.6499999762 2.3520353107    0.650 -0.537  3.6815  4.466    0  0.000  0.545     0.00     0.00     0.00     0.00     0.00 -1 -2.68e-14      0.00 7.504e-01 2.491e-01 8.884e-05 2.397e-05 2.174e-04 -1.000 4.941e-04 6.112 10.130 11.833 9.802 8.149 7.491 7.593 7.392 7.116 6.487 6.367 6.180 6.053 5.826 5.770 5.468 5.452 5.250
0.00049103 -1.50000 7.05000 0.6977387071 2.3768475646    0.698 -0.435  3.6962  4.454    0  0.000  0.545     0.00     0.00     0.00     0.00     0.00 -1 -3.29e-14      0.00 7.504e-01 2.491e-01 8.884e-05 2.397e-05 2.174e-04 -1.000 4.941e-04 5.858 9.790 10.957 9.076 7.599 6.992 7.168 7.016 6.756 6.174 6.059 5.887 5.768 5.554 5.502 5.216 5.201 5.015
0.00049103 -1.50000 7.05000 0.6999999881 2.3779266974    0.700 -0.429  3.6970  4.453    0  0.000  0.545     0.00     0.00     0.00     0.00     0.00 -1 -3.33e-14      0.00 7.504e-01 2.491e-01 8.884e-05 2.397e-05 2.174e-04 -1.000 4.941e-04 5.843 9.770 10.900 9.033 7.568 6.964 7.143 6.995 6.735 6.156 6.041 5.870 5.752 5.538 5.486 5.202 5.187 5.002
0.00049103 -1.50000 7.05000 0.7229474783 2.3884400785    0.723 -0.365  3.7101  4.455    0  0.000  0.542     0.00     0.00     0.00     0.00     0.00 -1 -3.78e-14      0.00 7.504e-01 2.491e-01 8.829e-05 2.396e-05 2.174e-04 -1.000 4.941e-04 5.683 9.519 10.128 8.472 7.167 6.609 6.847 6.738 6.494 5.953 5.843 5.684 5.572 5.368 5.320 5.049 5.036 4.864
0.00049103 -1.50000 7.05000 0.7500000000 2.3998889087    0.750 -0.287  3.7263  4.457    0  0.000  0.538     0.00     0.00     0.00     0.00     0.00 -1 -4.44e-14      0.00 7.504e-01 2.491e-01 8.767e-05 2.394e-05 2.174e-04 -1.000 4.941e-04 5.487 9.183 9.256 7.836 6.706 6.201 6.500 6.433 6.210 5.715 5.611 5.464 5.360 5.169 5.124 4.870 4.859 4.702
0.00049103 -1.50000 7.05000 0.7730728388 2.4089289057    0.773 -0.222  3.7365  4.446    0  0.000  0.538     0.00     0.00     0.00     0.00     0.00 -1 -5.13e-14      0.00 7.504e-01 2.491e-01 8.767e-05 2.394e-05 2.174e-04 -1.000 4.941e-04 5.325 8.917 8.707 7.419 6.392 5.920 6.252 6.210 6.000 5.533 5.432 5.293 5.192 5.009 4.966 4.723 4.712 4.565
0.00049103 -1.50000 7.05000 0.7981042862 2.4180596524    0.798 -0.149  3.7479  4.432    0  0.000  0.538     0.00     0.00     0.00     0.00     0.00 -1 -6.06e-14      0.00 7.504e-01 2.491e-01 8.767e-05 2.394e-05 2.174e-04 -1.000 4.941e-04 5.141 8.585 8.099 6.958 6.054 5.621 5.982 5.963 5.767 5.330 5.234 5.103 5.007 4.832 4.792 4.560 4.551 4.413
0.00049103 -1.50000 7.05000 0.8000000119 2.4187244405    0.800 -0.143  3.7488  4.431    0  0.000  0.538     0.00     0.00     0.00     0.00     0.00 -1 -6.15e-14      0.00 7.504e-01 2.491e-01 8.767e-05 2.394e-05 2.174e-04 -1.000 4.941e-04 5.127 8.558 8.051 6.922 6.027 5.598 5.962 5.944 5.749 5.314 5.219 5.088 4.993 4.819 4.779 4.547 4.538 4.401
0.00049103 -1.50000 7.05000 0.8148009777 2.4237927276    0.815 -0.098  3.7553  4.420    0  0.000  0.538     0.00     0.00     0.00     0.00     0.00 -1 -6.83e-14      0.00 7.504e-01 2.491e-01 8.767e-05 2.394e-05 2.174e-04 -1.000 4.941e-04 5.015 8.338 7.703 6.655 5.830 5.425 5.803 5.797 5.610 5.194 5.101 4.975 4.883 4.714 4.675 4.451 4.442 4.311
0.00049103 -1.50000 7.05000 0.8442270756 2.4332647054    0.844 -0.005  3.7686  4.396    0  0.000  0.538     0.00     0.00     0.00     0.00     0.00 -1 -8.54e-14      0.00 7.504e-01 2.491e-01 8.767e-05 2.393e-05 2.174e-04 -1.000 4.941e-04 4.783 7.861 7.038 6.138 5.441 5.084 5.484 5.498 5.328 4.948 4.861 4.744 4.657 4.499 4.463 4.252 4.244 4.124
0.00049103 -1.50000 7.05000 0.8500000238 2.4350346840    0.850  0.013  3.7712  4.391    0  0.000  0.538     0.00     0.00     0.00     0.00     0.00 -1 -8.93e-14      0.00 7.504e-01 2.491e-01 8.767e-05 2.393e-05 2.174e-04 -1.000 4.941e-04 4.737 7.761 6.914 6.039 5.366 5.019 5.422 5.440 5.273 4.899 4.813 4.698 4.613 4.456 4.421 4.212 4.205 4.088
0.00049103 -1.50000 7.05000 0.8655159473 2.4396575715    0.865  0.063  3.7781  4.377    0  0.000  0.538     0.00     0.00     0.00     0.00     0.00 -1 -1.01e-13      0.00 7.504e-01 2.491e-01 8.767e-05 2.393e-05 2.174e-04 -1.000 4.941e-04 4.613 7.493 6.594 5.786 5.171 4.848 5.258 5.283 5.124 4.769 4.686 4.576 4.493 4.342 4.308 4.106 4.099 3.988
0.00049103 -1.50000 7.05000 0.8982843161 2.4488199782    0.898  0.163  3.7929  4.352    0  0.000  0.538     0.00     0.00     0.00     0.00     0.00 -1 -1.29e-13      0.00 7.505e-01 2.490e-01 8.767e-05 2.393e-05 2.174e-04 -1.000 4.940e-04 4.362 6.940 5.998 5.307 4.799 4.523 4.935 4.969 4.827 4.508 4.431 4.330 4.254 4.114 4.083 3.896 3.890 3.791
0.00049103 -1.50000 7.05000 0.8999999762 2.4492786016    0.899  0.168  3.7937  4.351    0  0.000  0.538     0.00     0.00     0.00     0.00     0.00 -1  -1.3e-13      0.00 7.505e-01 2.490e-01 8.767e-05 2.393e-05 2.174e-04 -1.000 4.941e-04 4.349 6.912 5.969 5.284 4.781 4.508 4.919 4.953 4.812 4.494 4.418 4.318 4.242 4.103 4.072 3.885 3.880 3.781
0.00049103 -1.50000 7.05000 0.9120085835 2.4524332207    0.911  0.203  3.7992  4.344    0  0.000  0.538     0.00     0.00     0.00     0.00     0.00 -1 -1.41e-13      0.00 7.505e-01 2.490e-01 8.767e-05 2.393e-05 2.174e-04 -1.000 4.939e-04 4.263 6.717 5.771 5.124 4.657 4.400 4.808 4.845 4.709 4.404 4.331 4.234 4.160 4.025 3.995 3.814 3.809 3.715
0.00049103 -1.50000 7.05000 0.9428009987 2.4601016328    0.942  0.282  3.8140  4.338    0  0.000  0.538     0.00     0.00     0.00     0.00     0.00 -1 -1.68e-13      0.00 7.505e-01 2.490e-01 8.766e-05 2.393e-05 2.174e-04 -1.000 4.941e-04 4.064 6.251 5.323 4.766 4.382 4.166 4.552 4.589 4.468 4.194 4.127 4.040 3.971 3.848 3.821 3.654 3.650 3.569
0.00049103 -1.50000 7.05000 0.9499999881 2.4618121868    0.950  0.300  3.8177  4.338    0  0.000  0.538     0.00     0.00     0.00     0.00     0.00 -1 -1.75e-13      0.00 7.505e-01 2.490e-01 8.766e-05 2.393e-05 2.174e-04 -1.000 4.941e-04 4.019 6.151 5.229 4.690 4.321 4.114 4.495 4.531 4.413 4.147 4.080 3.995 3.929 3.808 3.781 3.619 3.615 3.536
0.00049103 -1.50000 7.05000 0.9522769451 2.4623470279    0.952  0.306  3.8189  4.338    0  0.000  0.538     0.00     0.00     0.00     0.00     0.00 -1 -1.77e-13      0.00 7.505e-01 2.490e-01 8.766e-05 2.393e-05 2.174e-04 -1.000 4.941e-04 4.005 6.119 5.200 4.665 4.303 4.098 4.477 4.513 4.396 4.132 4.066 3.982 3.915 3.796 3.769 3.608 3.604 3.526
0.00049103 -1.50000 7.05000 0.9604461193 2.4642419313    0.960  0.324  3.8232  4.341    0  0.000  0.538     0.00     0.00     0.00     0.00     0.00 -1 -1.83e-13      0.00 7.505e-01 2.490e-01 8.766e-05 2.393e-05 2.174e-04 -1.000 4.941e-04 3.960 6.012 5.101 4.585 4.241 4.047 4.417 4.453 4.339 4.083 4.019 3.937 3.872 3.756 3.730 3.573 3.570 3.495
0.00049103 -1.50000 7.05000 0.9881660342 2.4704040968    0.988  0.370  3.8365  4.361    0  0.000  0.538     0.00     0.00     0.00     0.00     0.00 -1 -1.96e-13      0.00 7.505e-01 2.490e-01 8.766e-05 2.393e-05 2.174e-04 -1.000 4.941e-04 3.845 5.713 4.832 4.373 4.082 3.917 4.262 4.293 4.191 3.957 3.898 3.825 3.765 3.659 3.636 3.492 3.489 3.426
0.00049103 -1.50000 7.05000 1.0000000000 2.4729154477    1.000  0.386  3.8420  4.373    0  0.000  0.538     0.00     0.00     0.00     0.00     0.00 -1    -2e-13      0.00 7.505e-01 2.490e-01 8.766e-05 2.393e-05 2.174e-04 -1.000 4.941e-04 3.806 5.602 4.736 4.298 4.028 3.874 4.207 4.236 4.138 3.914 3.856 3.787 3.729 3.627 3.605 3.466 3.464 3.405
0.00049103 -1.50000 7.05000 1.0093944073 2.4748609429    1.009  0.399  3.8470  4.384    0  0.000  0.538     0.00     0.00     0.00     0.00     0.00 -1    -2e-13      0.00 7.505e-01 2.490e-01 8.766e-05 2.393e-05 2.174e-04 -1.000 4.940e-04 3.774 5.506 4.654 4.235 3.983 3.839 4.161 4.188 4.094 3.877 3.822 3.756 3.700 3.602 3.580 3.447 3.445 3.391
0.00049103 -1.50000 7.05000 1.0472855568 2.4823020843    1.047  0.429  3.8634  4.434    0  0.000  0.538     0.00     0.00     0.00     0.00     0.00 -1 -1.89e-13      0.00 7.505e-01 2.490e-01 8.766e-05 2.393e-05 2.174e-04 -1.000 4.941e-04 3.696 5.231 4.426 4.066 3.870 3.757 4.043 4.062 3.980 3.789 3.739 3.683 3.634 3.549 3.530 3.414 3.413 3.371
0.00049103 -1.50000 7.05000 1.0499999523 2.4828114860    1.050  0.431  3.8642  4.437    0  0.000  0.538     0.00     0.00     0.00     0.00     0.00 -1 -1.88e-13      0.00 7.505e-01 2.490e-01 8.766e-05 2.393e-05 2.174e-04 -1.000 4.941e-04 3.692 5.217 4.414 4.058 3.864 3.753 4.037 4.055 3.973 3.784 3.735 3.679 3.630 3.546 3.527 3.412 3.411 3.370
0.00049103 -1.50000 7.05000 1.0861333609 2.4893145743    1.085  0.456  3.8770  4.477    0  0.000  0.538     0.00     0.00     0.00     0.00     0.00 -1 -1.77e-13      0.00 7.505e-01 2.490e-01 8.765e-05 2.393e-05 2.174e-04 -1.000 4.941e-04 3.629 5.011 4.249 3.936 3.780 3.693 3.947 3.957 3.884 3.714 3.669 3.622 3.578 3.504 3.488 3.386 3.385 3.355
0.00049103 -1.50000 7.05000 1.1000000238 2.4916801480    1.099  0.469  3.8814  4.488    0  0.000  0.538     0.00     0.00     0.00     0.00     0.00 -1 -1.75e-13      0.00 7.505e-01 2.490e-01 8.765e-05 2.393e-05 2.174e-04 -1.000 4.941e-04 3.598 4.932 4.185 3.887 3.743 3.663 3.906 3.913 3.844 3.679 3.636 3.592 3.550 3.480 3.464 3.366 3.367 3.339
0.00049103 -1.50000 7.05000 1.1260722876 2.4959470484    1.125  0.491  3.8909  4.513    0  0.000  0.538     0.00     0.00     0.00     0.00     0.00 -1 -1.68e-13      0.00 7.505e-01 2.490e-01 8.765e-05 2.393e-05 2.174e-04 -1.000 4.941e-04 3.542 4.774 4.061 3.794 3.676 3.612 3.831 3.832 3.769 3.618 3.579 3.541 3.503 3.441 3.427 3.339 3.340 3.319
0.00049103 -1.50000 7.05000 1.1499999762 2.4996678137    1.149  0.517  3.8989  4.529    0  0.000  0.538     0.00     0.00     0.00     0.00     0.00 -1 -1.66e-13      0.00 7.505e-01 2.490e-01 8.765e-05 2.393e-05 2.174e-04 -1.000 4.941e-04 3.477 4.626 3.944 3.703 3.605 3.553 3.751 3.747 3.690 3.551 3.514 3.481 3.447 3.392 3.379 3.300 3.301 3.286
0.00049103 -1.50000 7.05000 1.1622225046 2.5015005797    1.162  0.530  3.9031  4.537    0  0.000  0.538     0.00     0.00     0.00     0.00     0.00 -1 -1.64e-13      0.00 7.505e-01 2.490e-01 8.765e-05 2.393e-05 2.174e-04 -1.000 4.941e-04 3.444 4.547 3.885 3.657 3.569 3.523 3.711 3.704 3.650 3.517 3.483 3.452 3.420 3.368 3.356 3.282 3.283 3.270
0.00049103 -1.50000 7.05000 1.2000000477 2.5068948796    1.200  0.584  3.9163  4.550    0  0.000  0.538     0.00     0.00     0.00     0.00     0.00 -1 -1.68e-13      0.00 7.505e-01 2.490e-01 8.764e-05 2.393e-05 2.174e-04 -1.000 4.941e-04 3.309 4.263 3.675 3.488 3.428 3.399 3.555 3.540 3.495 3.382 3.353 3.331 3.304 3.264 3.254 3.194 3.195 3.191
0.00049103 -1.50000 7.05000 1.2500000000 2.5134610955    1.250  0.652  3.9328  4.566    0  0.000  0.538     0.00     0.00     0.00     0.00     0.00 -1 -1.69e-13      0.00 7.506e-01 2.489e-01 8.764e-05 2.393e-05 2.173e-04 -1.000 4.941e-04 3.141 3.874 3.423 3.287 3.255 3.245 3.368 3.345 3.313 3.227 3.204 3.192 3.172 3.145 3.138 3.094 3.095 3.099
0.00049103 -1.50000 7.05000 1.2991664410 2.5193543617    1.299  0.715  3.9482  4.581    0  0.000  0.538     0.00     0.00     0.00     0.00     0.00 -1 -1.69e-13      0.00 7.506e-01 2.489e-01 8.764e-05 2.393e-05 2.173e-04 -1.000 4.941e-04 2.982 3.489 3.200 3.105 3.094 3.097 3.208 3.182 3.161 3.098 3.082 3.077 3.063 3.047 3.041 3.010 3.011 3.021
0.00049103 -1.50000 7.05000 1.2999999523 2.5194498592    1.300  0.717  3.9484  4.581    0  0.000  0.538     0.00     0.00     0.00     0.00     0.00 -1 -1.69e-13      0.00 7.506e-01 2.489e-01 8.764e-05 2.393e-05 2.173e-04 -1.000 4.941e-04 2.979 3.483 3.196 3.101 3.091 3.094 3.205 3.180 3.159 3.096 3.080 3.075 3.061 3.045 3.039 3.008 3.010 3.019
0.00049103 -1.50000 7.05000 1.3500000238 2.5249313598    1.350  0.785  3.9639  4.591    0  0.000  0.538     0.00     0.00     0.00     0.00     0.00 -1 -1.67e-13      0.00 7.506e-01 2.489e-01 8.764e-05 2.393e-05 2.173e-04 -1.000 4.941e-04 2.809 3.125 2.963 2.900 2.912 2.931 3.046 3.024 3.011 2.969 2.958 2.958 2.950 2.942 2.938 2.918 2.919 2.935
0.00049103 -1.50000 7.05000 1.3999999762 2.5299650300    1.400  0.850  3.9787  4.601    0  0.000  0.538     0.00     0.00     0.00     0.00     0.00 -1 -1.62e-13      0.00 7.506e-01 2.489e-01 8.763e-05 2.393e-05 2.173e-04 -1.000 4.941e-04 2.644 2.814 2.738 2.700 2.734 2.769 2.901 2.887 2.880 2.855 2.847 2.852 2.847 2.846 2.844 2.833 2.835 2.855
0.00049103 -1.50000 7.05000 1.4500000477 2.5346015836    1.450  0.914  3.9929  4.609    0  0.000  0.538     0.00     0.00     0.00     0.00     0.00 -1 -1.52e-13      0.00 7.506e-01 2.489e-01 8.763e-05 2.393e-05 2.174e-04 -1.000 4.941e-04 2.486 2.546 2.525 2.507 2.560 2.610 2.770 2.766 2.763 2.753 2.748 2.756 2.754 2.758 2.757 2.753 2.756 2.781
0.00049103 -1.50000 7.05000 1.5000000000 2.5388844597    1.500  0.976  4.0067  4.617    0  0.000  0.538     0.00     0.00     0.00     0.00     0.00 -1 -1.37e-13      0.00 7.506e-01 2.489e-01 8.762e-05 2.393e-05 2.173e-04 -1.000 4.940e-04 2.331 2.304 2.321 2.320 2.392 2.455 2.648 2.657 2.656 2.659 2.658 2.667 2.668 2.675 2.675 2.678 2.680 2.710
0.00049103 -1.50000 7.05000 1.5499999523 2.5428511323    1.550  1.033  4.0194  4.625    0  0.000  0.538     0.00     0.00     0.00     0.00     0.00 -1 -1.14e-13      0.00 7.506e-01 2.489e-01 8.762e-05 2.393e-05 2.173e-04 -1.000 4.941e-04 2.188 2.094 2.136 2.151 2.238 2.315 2.541 2.562 2.563 2.577 2.579 2.589 2.592 2.602 2.603 2.610 2.613 2.646
0.00049103 -1.50000 7.05000 1.6000000238 2.5465340628    1.600  1.089  4.0317  4.632    0  0.000  0.538     0.00     0.00     0.00     0.00     0.00 -1 -8.43e-14      0.00 7.506e-01 2.489e-01 8.762e-05 2.393e-05 2.173e-04 -1.000 4.941e-04 2.049 1.898 1.960 1.989 2.091 2.180 2.441 2.473 2.477 2.500 2.504 2.515 2.519 2.532 2.533 2.545 2.548 2.585
0.00049103 -1.50000 7.05000 1.6499999762 2.5499614773    1.649  1.141  4.0433  4.639    0  0.000  0.538     0.00     0.00     0.00     0.00     0.00 -1    -1e-30      0.00 7.506e-01 2.489e-01 8.762e-05 2.393e-05 2.173e-04 -1.000 4.941e-04 1.916 1.718 1.796 1.838 1.954 2.053 2.349 2.392 2.397 2.429 2.434 2.445 2.451 2.466 2.468 2.483 2.487 2.527
0.00049103 -1.50000 7.05000 1.6999410391 2.5531544350    1.699  1.193  4.0546  4.645    0  0.000  0.538     0.00     0.00     0.00     0.00     0.00 -1    -1e-30      0.00 7.506e-01 2.489e-01 8.762e-05 2.392e-05 2.173e-04 -1.000 4.941e-04 1.786 1.546 1.637 1.692 1.821 1.930 2.260 2.315 2.320 2.360 2.366 2.379 2.386 2.402 2.405 2.423 2.427 2.471
0.00049103 -1.50000 7.05000 1.7498819828 2.5561387038    1.749  1.244  4.0655  4.651    0  0.000  0.538     0.00     0.00     0.00     0.00     0.00 -1    -1e-30      0.00 7.506e-01 2.489e-01 8.761e-05 2.392e-05 2.173e-04 -1.000 4.941e-04 1.661 1.384 1.488 1.554 1.694 1.813 2.177 2.242 2.248 2.294 2.302 2.315 2.323 2.341 2.344 2.365 2.370 2.417
0.00049103 -1.50000 7.05000 1.7998231649 2.5589333321    1.799  1.291  4.0757  4.657    0  0.000  0.538     0.00     0.00     0.00     0.00     0.00 -1    -1e-30      0.00 7.506e-01 2.489e-01 8.761e-05 2.392e-05 2.173e-04 -1.000 4.940e-04 1.543 1.234 1.349 1.426 1.576 1.703 2.100 2.174 2.180 2.232 2.241 2.255 2.264 2.283 2.287 2.311 2.316 2.366
0.00049103 -1.50000 7.05000 1.8497642279 2.5615551271    1.849  1.337  4.0857  4.662    0  0.000  0.538     0.00     0.00     0.00     0.00     0.00 -1    -1e-30      0.00 7.507e-01 2.489e-01 8.761e-05 2.392e-05 2.173e-04 -1.000 4.941e-04 1.427 1.090 1.214 1.301 1.461 1.596 2.025 2.107 2.115 2.172 2.182 2.196 2.206 2.226 2.230 2.257 2.262 2.317
0.00049103 -1.50000 7.05000 1.8997051716 2.5640190231    1.899  1.383  4.0954  4.667    0  0.000  0.538     0.00     0.00     0.00     0.00     0.00 -1    -1e-30      0.00 7.507e-01 2.488e-01 8.760e-05 2.392e-05 2.173e-04 -1.000 4.940e-04 1.314 0.951 1.085 1.181 1.350 1.493 1.952 2.043 2.051 2.113 2.124 2.138 2.149 2.171 2.175 2.204 2.210 2.268
0.00049103 -1.50000 7.05000 1.9496462345 2.5663383267    1.949  1.426  4.1045  4.672    0  0.000  0.538     0.00     0.00     0.00     0.00     0.00 -1    -1e-30      0.00 7.507e-01 2.488e-01 8.760e-05 2.392e-05 2.173e-04 -1.000 4.941e-04 1.205 0.821 0.964 1.068 1.245 1.395 1.884 1.982 1.990 2.056 2.068 2.083 2.095 2.118 2.122 2.154 2.160 2.221
0.00049103 -1.50000 7.05000 1.9995872974 2.5685249043    2.000  1.468  4.1134  4.676    0  0.000  0.538     0.00     0.00     0.00     0.00     0.00 -1    -1e-30      0.00 7.507e-01 2.488e-01 8.760e-05 2.392e-05 2.173e-04 -1.000 4.793e-04 1.100 0.697 0.848 0.960 1.145 1.301 1.817 1.923 1.931 2.001 2.014 2.029 2.042 2.066 2.071 2.104 2.110 2.175
0.00049103 -1.50000 7.05000 2.0495283604 2.5705893891    2.049  1.509  4.1216  4.680    0  0.000  0.538     0.00     0.00     0.00     0.00     0.00 -1    -1e-30      0.00 7.507e-01 2.488e-01 8.761e-05 2.392e-05 2.173e-04 -1.000 4.940e-04 0.999 0.580 0.739 0.858 1.050 1.212 1.753 1.865 1.874 1.948 1.961 1.977 1.990 2.015 2.020 2.056 2.062 2.130
0.00049103 -1.50000 7.05000 2.0994691849 2.5725413213    2.099  1.548  4.1296  4.682    0  0.000  0.538     0.00     0.00     0.00     0.00     0.00 -1    -1e-30      0.00 7.507e-01 2.488e-01 8.760e-05 2.392e-05 2.173e-04 -1.000 4.941e-04 0.901 0.468 0.634 0.760 0.958 1.127 1.691 1.809 1.818 1.896 1.910 1.926 1.939 1.965 1.971 2.008 2.015 2.085
0.00049103 -1.50000 7.05000 2.1494104862 2.5743893270    2.148  1.586  4.1371  4.684    0  0.000  0.538     0.00     0.00     0.00     0.00     0.00 -1    -1e-30      0.00 7.507e-01 2.488e-01 8.760e-05 2.392e-05 2.173e-04 -1.000 4.941e-04 0.805 0.359 0.533 0.664 0.870 1.043 1.629 1.753 1.763 1.844 1.858 1.875 1.889 1.916 1.922 1.960 1.968 2.041
0.00049103 -1.50000 7.05000 2.1993513107 2.5761411328    2.198  1.623  4.1447  4.688    0  0.000  0.538     0.00     0.00     0.00     0.00     0.00 -1    -1e-30      0.00 7.507e-01 2.488e-01 8.760e-05 2.392e-05 2.173e-04 -1.000 4.941e-04 0.712 0.254 0.434 0.572 0.784 0.963 1.571 1.701 1.711 1.795 1.810 1.827 1.841 1.869 1.875 1.916 1.923 1.999
0.00049103 -1.50000 7.05000 2.2492926121 2.5778037959    2.248  1.660  4.1520  4.690    0  0.000  0.538     0.00     0.00     0.00     0.00     0.00 -1    -1e-30      0.00 7.507e-01 2.488e-01 8.760e-05 2.392e-05 2.173e-04 -1.000 4.941e-04 0.620 0.152 0.339 0.483 0.700 0.885 1.513 1.648 1.659 1.746 1.762 1.779 1.794 1.822 1.829 1.871 1.879 1.957
0.00049103 -1.50000 7.05000 2.2992334366 2.5793836540    2.298  1.695  4.1587  4.691    0  0.000  0.538     0.00     0.00     0.00     0.00     0.00 -1    -1e-30      0.00 7.507e-01 2.488e-01 8.760e-05 2.392e-05 2.172e-04 -1.000 4.940e-04 0.533 0.056 0.249 0.399 0.622 0.811 1.457 1.597 1.608 1.697 1.714 1.731 1.747 1.776 1.783 1.827 1.835 1.916
0.00049103 -1.50000 7.05000 2.3491744995 2.5808865198    2.348  1.729  4.1649  4.691    0  0.000  0.538     0.00     0.00     0.00     0.00     0.00 -1    -1e-30      0.00 7.504e-01 2.491e-01 8.767e-05 2.394e-05 2.174e-04 -1.000 4.941e-04 0.447 -0.037 0.162 0.317 0.544 0.738 1.400 1.545 1.556 1.648 1.665 1.683 1.699 1.729 1.736 1.781 1.789 1.873
0.00049103 -1.50000 7.05000 2.3991155624 2.5823176582    2.398  1.763  4.1717  4.694    0  0.000  0.538     0.00     0.00     0.00     0.00     0.00 -1    -1e-30      0.00 7.504e-01 2.491e-01 8.767e-05 2.394e-05 2.174e-04 -1.000 4.941e-04 0.364 -0.128 0.077 0.236 0.470 0.668 1.348 1.498 1.510 1.604 1.622 1.640 1.657 1.688 1.695 1.741 1.750 1.835
0.00049103 -1.50000 7.05000 2.5988795757 2.5874152369    2.599  1.889  4.1941  4.693    0  0.000  0.538     0.00     0.00     0.00     0.00     0.00 -1    -1e-30      0.00 7.505e-01 2.490e-01 8.781e-05 2.397e-05 2.178e-04 -1.000 4.941e-04 0.049 -0.462 -0.236 -0.060 0.191 0.405 1.139 1.305 1.318 1.422 1.441 1.460 1.479 1.512 1.520 1.571 1.581 1.673
0.00049103 -1.50000 7.05000 2.7986440659 2.5916851851    2.799  2.004  4.2131  4.685    1  0.000  0.538     0.00     0.00     0.00     0.00     0.00 -1    -1e-30      0.00 7.505e-01 2.490e-01 8.781e-05 2.397e-05 2.178e-04 -1.000 4.941e-04 -0.240 -0.761 -0.518 -0.328 -0.063 0.164 0.941 1.121 1.134 1.245 1.267 1.287 1.307 1.342 1.351 1.406 1.416 1.514
0.00049103 -1.50000 7.05000 2.9984080791 2.5953075499    2.999  2.111  4.2313  4.681    0  0.000  0.538     0.00     0.00     0.00     0.00     0.00 -1    -1e-30      0.00 7.505e-01 2.490e-01 8.781e-05 2.397e-05 2.178e-04 -1.000 4.940e-04 -0.508 -1.035 -0.776 -0.573 -0.294 -0.055 0.762 0.954 0.968 1.086 1.109 1.130 1.152 1.189 1.198 1.257 1.267 1.371
0.00049103 -1.50000 7.05000 3.1981720924 2.5984145229    3.198  2.210  4.2471  4.673    1  0.000  0.538     0.00     0.00     0.00     0.00     0.00 -1    -1e-30      0.00 7.505e-01 2.490e-01 8.781e-05 2.397e-05 2.178e-04 -1.000 4.941e-04 -0.756 -1.285 -1.011 -0.798 -0.508 -0.259 0.590 0.792 0.807 0.932 0.956 0.978 1.001 1.040 1.049 1.112 1.122 1.231
0.00049103 -1.50000 7.05000 3.3979363441 2.6011051823    3.396  2.303  4.2606  4.660    1  0.000  0.538     0.00     0.00     0.00     0.00     0.00 -1    -1e-30      0.00 7.505e-01 2.490e-01 8.781e-05 2.397e-05 2.178e-04 -1.000 4.941e-04 -0.987 -1.516 -1.230 -1.008 -0.709 -0.451 0.423 0.635 0.651 0.781 0.806 0.829 0.852 0.893 0.903 0.968 0.979 1.091
0.00049103 -1.50000 7.05000 3.5977003574 2.6034551478    3.595  2.390  4.2745  4.654    1  0.000  0.538     0.00     0.00     0.00     0.00     0.00 -1    -1e-30      0.00 7.505e-01 2.490e-01 8.781e-05 2.397e-05 2.178e-04 -1.000 4.941e-04 -1.204 -1.731 -1.433 -1.202 -0.894 -0.628 0.274 0.495 0.511 0.646 0.673 0.696 0.721 0.763 0.773 0.841 0.852 0.968
0.00049103 -1.50000 7.05000 3.7974648476 2.6055230879    3.796  2.472  4.2870  4.646    1  0.000  0.538     0.00     0.00     0.00     0.00     0.00 -1    -1e-30      0.00 7.505e-01 2.490e-01 8.781e-05 2.397e-05 2.178e-04 -1.000 4.941e-04 -1.410 -1.932 -1.623 -1.385 -1.069 -0.796 0.129 0.358 0.375 0.515 0.543 0.566 0.592 0.635 0.646 0.716 0.728 0.847
0.00049103 -1.50000 7.05000 3.9972286224 2.6073551434    3.998  2.550  4.2990  4.638    1  0.000  0.538     0.00     0.00     0.00     0.00     0.00 -1    -1e-30      0.00 7.505e-01 2.490e-01 8.781e-05 2.397e-05 2.178e-04 -1.000 4.941e-04 -1.604 -2.123 -1.803 -1.557 -1.234 -0.954 -0.008 0.230 0.247 0.392 0.420 0.444 0.471 0.516 0.526 0.599 0.611 0.734
0.00049103 -1.50000 7.05000 4.1969928741 2.6089881030    4.195  2.623  4.3102  4.630    1  0.000  0.538     0.00     0.00     0.00     0.00     0.00 -1    -1e-30      0.00 7.505e-01 2.490e-01 8.781e-05 2.397e-05 2.178e-04 -1.000 4.941e-04 -1.788 -2.302 -1.972 -1.720 -1.390 -1.104 -0.139 0.107 0.124 0.273 0.303 0.327 0.355 0.401 0.412 0.486 0.498 0.624
0.00049103 -1.50000 7.05000 4.3967571259 2.6104516046    4.394  2.693  4.3206  4.622    1  0.000  0.538     0.00     0.00     0.00     0.00     0.00 -1    -1e-30      0.00 7.505e-01 2.490e-01 8.781e-05 2.397e-05 2.178e-04 -1.000 4.941e-04 -1.962 -2.471 -2.132 -1.874 -1.539 -1.247 -0.264 -0.011 0.006 0.160 0.190 0.215 0.243 0.290 0.301 0.378 0.390 0.518
0.00049103 -1.50000 7.05000 4.5965209007 2.6117697860    4.594  2.759  4.3304  4.614    1  0.000  0.538     0.00     0.00     0.00     0.00     0.00 -1    -1e-30      0.00 7.505e-01 2.490e-01 8.781e-05 2.397e-05 2.178e-04 -1.000 4.941e-04 -2.129 -2.632 -2.284 -2.020 -1.680 -1.382 -0.383 -0.124 -0.106 0.051 0.081 0.107 0.136 0.184 0.195 0.274 0.286 0.417
0.00049103 -1.50000 7.05000 4.7847499847 2.6128967365    4.782  2.820  4.3392  4.607    1  0.000  0.538     0.00     0.00     0.00     0.00     0.00 -1    -1e-30      0.00 7.505e-01 2.490e-01 8.781e-05 2.397e-05 2.178e-04 -1.000 4.941e-04 -2.279 -2.777 -2.422 -2.152 -1.807 -1.505 -0.492 -0.227 -0.209 -0.049 -0.017 0.009 0.038 0.087 0.099 0.179 0.192 0.325
0.00049103 -1.50000 7.05000 4.7962851524 2.6129624984    4.794  2.823  4.3398  4.606    1  0.000  0.538     0.00     0.00     0.00     0.00     0.00 -1    -1e-30      0.00 7.505e-01 2.490e-01 8.781e-05 2.397e-05 2.178e-04 -1.000 4.941e-04 -2.288 -2.786 -2.430 -2.160 -1.815 -1.513 -0.498 -0.234 -0.215 -0.055 -0.023 0.003 0.032 0.081 0.093 0.173 0.186 0.319
0.00049103 -1.50000 7.05000 4.9960498810 2.6140461953    4.995  2.884  4.3486  4.599    1  0.000  0.538     0.00     0.00     0.00     0.00     0.00 -1    -1e-30      0.00 7.505e-01 2.490e-01 8.781e-05 2.397e-05 2.178e-04 -1.000 4.941e-04 -2.441 -2.933 -2.570 -2.294 -1.944 -1.637 -0.609 -0.339 -0.320 -0.156 -0.124 -0.097 -0.067 -0.018 -0.005 0.076 0.089 0.224
0.00049103 -1.50000 7.05000 5.1953392029 2.6150323752    5.195  2.943  4.3570  4.591    1  0.000  0.538     0.00     0.00     0.00     0.00     0.00 -1    -1e-30      0.00 7.505e-01 2.490e-01 8.781e-05 2.397e-05 2.178e-04 -1.000 4.940e-04 -2.588 -3.074 -2.704 -2.423 -2.068 -1.757 -0.716 -0.441 -0.422 -0.255 -0.222 -0.195 -0.164 -0.114 -0.101 -0.018 -0.005 0.133
0.00049103 -1.50000 7.05000 5.3946285248 2.6159352337    5.395  2.999  4.3649  4.582    1  0.000  0.538     0.00     0.00     0.00     0.00     0.00 -1    -1e-30      0.00 7.505e-01 2.490e-01 8.781e-05 2.397e-05 2.178e-04 -1.000 4.940e-04 -2.728 -3.210 -2.832 -2.547 -2.188 -1.873 -0.820 -0.539 -0.520 -0.350 -0.317 -0.289 -0.258 -0.207 -0.194 -0.109 -0.096 0.043
0.00049103 -1.50000 7.05000 5.5939183235 2.6167645152    5.595  3.053  4.3724  4.574    1  0.000  0.538     0.00     0.00     0.00     0.00     0.00 -1    -1e-30      0.00 7.505e-01 2.490e-01 8.781e-05 2.397e-05 2.178e-04 -1.000 4.940e-04 -2.863 -3.340 -2.955 -2.665 -2.303 -1.984 -0.920 -0.635 -0.615 -0.442 -0.408 -0.381 -0.349 -0.297 -0.284 -0.198 -0.184 -0.043
0.00049103 -1.50000 7.05000 5.7932076454 2.6175285244    5.794  3.106  4.3797  4.566    1  0.000  0.538     0.00     0.00     0.00     0.00     0.00 -1    -1e-30      0.00 7.505e-01 2.490e-01 8.781e-05 2.397e-05 2.178e-04 -1.000 4.941e-04 -2.994 -3.465 -3.075 -2.780 -2.414 -2.091 -1.017 -0.727 -0.707 -0.532 -0.497 -0.469 -0.436 -0.384 -0.371 -0.283 -0.269 -0.127
0.00049103 -1.50000 7.05000 5.8442597389 2.6177146252    5.845  3.119  4.3814  4.564    1  0.000  0.538     0.00     0.00     0.00     0.00     0.00 -1    -1e-30      0.00 7.505e-01 2.490e-01 8.781e-05 2.397e-05 2.178e-04 -1.000 4.941e-04 -3.027 -3.497 -3.105 -2.809 -2.442 -2.118 -1.041 -0.750 -0.731 -0.554 -0.519 -0.492 -0.459 -0.406 -0.393 -0.305 -0.291 -0.148
0.00049103 -1.50000 7.05000 5.9924979210 2.6182343934    5.993  3.156  4.3866  4.558    1  0.000  0.538     0.00     0.00     0.00     0.00     0.00 -1    -1e-30      0.00 7.505e-01 2.490e-01 8.781e-05 2.397e-05 2.178e-04 -1.000 4.941e-04 -3.121 -3.587 -3.191 -2.892 -2.522 -2.196 -1.112 -0.818 -0.798 -0.620 -0.584 -0.556 -0.523 -0.470 -0.457 -0.368 -0.354 -0.210
0.00049103 -1.50000 7.05000 6.1250596046 2.6186747736    6.125  3.189  4.3910  4.552    1  0.000  0.538     0.00     0.00     0.00     0.00     0.00 -1    -1e-30      0.00 7.505e-01 2.490e-01 8.781e-05 2.397e-05 2.178e-04 -1.000 4.941e-04 -3.203 -3.666 -3.266 -2.964 -2.592 -2.263 -1.173 -0.877 -0.856 -0.677 -0.641 -0.613 -0.579 -0.525 -0.512 -0.422 -0.408 -0.263
0.00049103 -1.50000 7.05000 6.1917872429 2.6188882607    6.191  3.205  4.3932  4.549    1  0.000  0.538     0.00     0.00     0.00     0.00     0.00 -1    -1e-30      0.00 7.505e-01 2.490e-01 8.781e-05 2.397e-05 2.178e-04 -1.000 4.941e-04 -3.243 -3.705 -3.303 -3.000 -2.627 -2.297 -1.204 -0.906 -0.886 -0.705 -0.669 -0.641 -0.607 -0.553 -0.540 -0.450 -0.436 -0.290
0.00049103 -1.50000 7.05000 6.3910765648 2.6194954552    6.390  3.253  4.3996  4.541    1  0.000  0.538     0.00     0.00     0.00     0.00     0.00 -1    -1e-30      0.00 7.505e-01 2.490e-01 8.781e-05 2.397e-05 2.178e-04 -1.000 4.941e-04 -3.362 -3.820 -3.412 -3.105 -2.728 -2.396 -1.294 -0.992 -0.972 -0.788 -0.752 -0.723 -0.689 -0.634 -0.621 -0.530 -0.516 -0.368
0.00049103 -1.50000 7.05000 6.5903668404 2.6200606153    6.582  3.297  4.4055  4.533    1  0.000  0.538     0.00     0.00     0.00     0.00     0.00 -1    -1e-30      0.00 7.505e-01 2.490e-01 8.781e-05 2.397e-05 2.178e-04 -1.000 4.941e-04 -3.473 -3.823 -3.448 -3.176 -2.819 -2.502 -1.461 -1.103 -1.089 -0.887 -0.852 -0.829 -0.798 -0.747 -0.733 -0.655 -0.642 -0.523
0.00049103 -1.50000 7.05000 6.6549286842 2.6202353768    6.646  3.312  4.4074  4.530    1  0.000  0.538     0.00     0.00     0.00     0.00     0.00 -1    -1e-30      0.00 7.505e-01 2.490e-01 8.781e-05 2.397e-05 2.178e-04 -1.000 4.941e-04 -3.509 -3.859 -3.482 -3.208 -2.850 -2.531 -1.489 -1.130 -1.116 -0.913 -0.877 -0.854 -0.823 -0.772 -0.758 -0.680 -0.666 -0.547
0.00049103 -1.50000 7.05000 7.1882352829 2.6215420000    7.174  3.427  4.4223  4.508    1  0.000  0.538     0.00     0.00     0.00     0.00     0.00 -1    -1e-30      0.00 7.505e-01 2.490e-01 8.781e-05 2.397e-05 2.178e-04 -1.000 4.941e-04 -3.797 -4.146 -3.756 -3.465 -3.096 -2.768 -1.711 -1.347 -1.331 -1.120 -1.082 -1.058 -1.025 -0.973 -0.958 -0.875 -0.862 -0.739
0.00049103 -1.50000 7.05000 7.2737684250 2.6217311590    7.260  3.445  4.4245  4.504    1  0.000  0.538     0.00     0.00     0.00     0.00     0.00 -1    -1e-30      0.00 7.505e-01 2.490e-01 8.781e-05 2.397e-05 2.178e-04 -1.000 4.941e-04 -3.842 -4.190 -3.798 -3.505 -3.134 -2.804 -1.746 -1.380 -1.364 -1.152 -1.114 -1.090 -1.057 -1.004 -0.989 -0.905 -0.892 -0.769
0.00049103 -1.50000 7.05000 7.8342733383 2.6228540978    7.823  3.557  4.4386  4.480    1  0.000  0.538     0.00     0.00     0.00     0.00     0.00 -1    -1e-30      0.00 7.505e-01 2.490e-01 8.781e-05 2.397e-05 2.178e-04 -1.000 4.941e-04 -4.123 -4.439 -4.010 -3.707 -3.332 -2.993 -1.919 -1.555 -1.539 -1.326 -1.286 -1.256 -1.219 -1.156 -1.139 -1.044 -1.030 -0.902
0.00049103 -1.50000 7.05000 8.1846847534 2.6234669858    8.175  3.624  4.4467  4.465    1  0.000  0.538     0.00     0.00     0.00     0.00     0.00 -1    -1e-30      0.00 7.505e-01 2.490e-01 8.781e-05 2.397e-05 2.178e-04 -1.000 4.940e-04 -4.291 -4.589 -4.141 -3.833 -3.454 -3.111 -2.027 -1.663 -1.648 -1.433 -1.392 -1.360 -1.321 -1.252 -1.235 -1.133 -1.119 -0.987
0.00049103 -1.50000 7.05000 8.2583723068 2.6235882811    8.248  3.638  4.4483  4.462    1  0.000  0.538     0.00     0.00     0.00     0.00     0.00 -1    -1e-30      0.00 7.505e-01 2.490e-01 8.781e-05 2.397e-05 2.178e-04 -1.000 4.940e-04 -4.325 -4.620 -4.168 -3.859 -3.480 -3.136 -2.049 -1.685 -1.670 -1.456 -1.414 -1.381 -1.342 -1.272 -1.254 -1.151 -1.137 -1.005
0.00049103 -1.50000 7.05000 8.7504177094 2.6243383740    8.738  3.727  4.4586  4.439    1  0.000  0.538     0.00     0.00     0.00     0.00     0.00 -1    -1e-30      0.00 7.505e-01 2.490e-01 8.781e-05 2.397e-05 2.178e-04 -1.000 4.941e-04 -4.547 -4.839 -4.392 -4.072 -3.688 -3.341 -2.239 -1.868 -1.852 -1.635 -1.594 -1.564 -1.526 -1.461 -1.443 -1.344 -1.330 -1.196
0.00049103 -1.50000 7.05000 9.1811313629 2.6249196515    9.168  3.802  4.4670  4.418    1  0.000  0.538     0.00     0.00     0.00     0.00     0.00 -1    -1e-30      0.00 7.505e-01 2.490e-01 8.781e-05 2.397e-05 2.178e-04 -1.000 4.941e-04 -4.735 -5.027 -4.587 -4.259 -3.870 -3.522 -2.406 -2.030 -2.012 -1.793 -1.753 -1.725 -1.688 -1.628 -1.612 -1.517 -1.503 -1.367
0.00049103 -1.50000 7.05000 9.4488143921 2.6252503607    9.437  3.847  4.4718  4.405    1  0.000  0.538     0.00     0.00     0.00     0.00     0.00 -1    -1e-30      0.00 7.505e-01 2.490e-01 8.781e-05 2.397e-05 2.178e-04 -1.000 4.941e-04 -4.847 -5.138 -4.702 -4.369 -3.977 -3.627 -2.505 -2.125 -2.107 -1.887 -1.846 -1.819 -1.784 -1.726 -1.710 -1.618 -1.604 -1.467
0.00049103 -1.50000 7.05000 9.8320560455 2.6256879809    9.822  3.910  4.4783  4.386    1  0.000  0.538     0.00     0.00     0.00     0.00     0.00 -1    -1e-30      0.00 7.505e-01 2.490e-01 8.781e-05 2.397e-05 2.178e-04 -1.000 4.941e-04 -5.004 -5.293 -4.859 -4.519 -4.124 -3.770 -2.640 -2.256 -2.237 -2.015 -1.974 -1.948 -1.912 -1.856 -1.840 -1.749 -1.734 -1.596
0.00049103 -1.50000 7.05000 10.1775798798 2.6260502159   10.169  3.965  4.4837  4.367    1  0.000  0.538     0.00     0.00     0.00     0.00     0.00 -1    -1e-30      0.00 7.505e-01 2.490e-01 8.781e-05 2.397e-05 2.178e-04 -1.000 4.941e-04 -5.142 -5.428 -4.994 -4.648 -4.249 -3.892 -2.755 -2.370 -2.351 -2.126 -2.084 -2.057 -2.021 -1.964 -1.948 -1.856 -1.841 -1.701
0.00049103 -1.50000 7.05000 10.2106018066 2.6260833620   10.203  3.970  4.4842  4.366    1  0.000  0.538     0.00     0.00     0.00     0.00     0.00 -1    -1e-30      0.00 7.505e-01 2.490e-01 8.781e-05 2.397e-05 2.178e-04 -1.000 4.941e-04 -5.155 -5.440 -5.006 -4.660 -4.261 -3.904 -2.765 -2.380 -2.361 -2.136 -2.095 -2.068 -2.031 -1.974 -1.958 -1.866 -1.851 -1.711
0.00049103 -1.50000 7.05000 10.5865802765 2.6264440494   10.580  4.028  4.4897  4.346    1  0.000  0.538     0.00     0.00     0.00     0.00     0.00 -1    -1e-30      0.00 7.505e-01 2.490e-01 8.781e-05 2.397e-05 2.178e-04 -1.000 4.941e-04 -5.299 -5.581 -5.146 -4.795 -4.392 -4.031 -2.886 -2.499 -2.480 -2.253 -2.211 -2.183 -2.146 -2.088 -2.072 -1.979 -1.964 -1.823
0.00049103 -1.50000 7.05000 11.0828094482 2.6268772828   11.078  4.102  4.4961  4.317    1  0.000  0.538     0.00     0.00     0.00     0.00     0.00 -1    -1e-30      0.00 7.505e-01 2.490e-01 8.781e-05 2.397e-05 2.178e-04 -1.000 4.941e-04 -5.486 -5.763 -5.327 -4.970 -4.564 -4.198 -3.045 -2.656 -2.636 -2.407 -2.364 -2.336 -2.299 -2.239 -2.224 -2.128 -2.114 -1.970
0.00049103 -1.50000 7.05000 11.1740293503 2.6269521224   11.169  4.116  4.4972  4.311    1  0.000  0.538     0.00     0.00     0.00     0.00     0.00 -1    -1e-30      0.00 7.505e-01 2.490e-01 8.781e-05 2.397e-05 2.178e-04 -1.000 4.941e-04 -5.520 -5.796 -5.360 -5.002 -4.595 -4.229 -3.074 -2.685 -2.665 -2.435 -2.393 -2.365 -2.327 -2.267 -2.252 -2.156 -2.142 -1.998
0.00049103 -1.50000 7.05000 11.3598308563 2.6271002935   11.354  4.143  4.4993  4.300    1  0.000  0.538     0.00     0.00     0.00     0.00     0.00 -1  -2.2e-30      0.00 7.505e-01 2.490e-01 8.782e-05 2.397e-05 2.178e-04 -1.000 4.940e-04 -5.586 -5.861 -5.425 -5.065 -4.657 -4.289 -3.131 -2.741 -2.721 -2.491 -2.448 -2.420 -2.382 -2.322 -2.307 -2.211 -2.196 -2.052
0.00049103 -1.50000 7.05000 11.8199005127 2.6274442389   11.811  4.208  4.5041  4.270    1  0.000  0.538     0.00     0.00     0.00     0.00     0.00 -1 -1.48e-29      0.00 7.505e-01 2.490e-01 8.786e-05 2.397e-05 2.178e-04 -1.000 4.941e-04 -5.750 -6.015 -5.580 -5.219 -4.809 -4.440 -3.274 -2.883 -2.863 -2.632 -2.590 -2.561 -2.522 -2.461 -2.445 -2.348 -2.333 -2.187
0.00049103 -1.50000 7.05000 12.1704778671 2.6276863499   12.159  4.257  4.5072  4.247    1  0.000  0.538     0.00     0.00     0.00     0.00     0.00 -1 -6.01e-29      0.00 7.505e-01 2.490e-01 8.790e-05 2.397e-05 2.178e-04 -1.000 4.940e-04 -5.873 -6.131 -5.697 -5.335 -4.924 -4.554 -3.382 -2.991 -2.971 -2.741 -2.698 -2.668 -2.630 -2.568 -2.552 -2.452 -2.437 -2.290
0.00049103 -1.50000 7.05000 12.3952436447 2.6278333160   12.382  4.288  4.5090  4.231    1  0.000  0.539     0.00     0.00     0.00     0.00     0.00 -1 -1.22e-26      0.00 7.505e-01 2.490e-01 8.801e-05 2.397e-05 2.177e-04 -1.000 4.940e-04 -5.949 -6.202 -5.769 -5.407 -4.995 -4.625 -3.450 -3.058 -3.038 -2.808 -2.765 -2.735 -2.697 -2.634 -2.618 -2.518 -2.503 -2.355
0.00049103 -1.50000 7.05000 12.7812871933 2.6280719178   12.766  4.339  4.5116  4.203    1  0.000  0.540     0.00     0.00     0.00     0.00     0.00 -1 -9.16e-23      0.00 7.505e-01 2.490e-01 8.820e-05 2.397e-05 2.176e-04 -1.000 4.940e-04 -6.078 -6.325 -5.894 -5.530 -5.119 -4.747 -3.567 -3.175 -3.155 -2.925 -2.882 -2.852 -2.813 -2.750 -2.734 -2.632 -2.617 -2.468
0.00049103 -1.50000 7.05000 13.1457729340 2.6282824679   13.128  4.388  4.5132  4.172    1  0.000  0.542     0.00     0.00     0.00     0.00     0.00 -1 -3.36e-19      0.00 7.504e-01 2.491e-01 8.838e-05 2.397e-05 2.176e-04 -1.000 4.940e-04 -6.201 -6.443 -6.014 -5.650 -5.238 -4.866 -3.683 -3.290 -3.271 -3.041 -2.998 -2.968 -2.929 -2.866 -2.849 -2.746 -2.731 -2.581
0.00049103 -1.50000 7.05000 13.6010274887 2.6285273105   13.580  4.449  4.5143  4.131    1  0.000  0.543     0.00     0.00     0.00     0.00     0.00 -1 -7.11e-15      0.00 7.504e-01 2.491e-01 8.859e-05 2.397e-05 2.175e-04 -1.000 4.941e-04 -6.353 -6.590 -6.164 -5.801 -5.388 -5.016 -3.829 -3.436 -3.417 -3.188 -3.145 -3.115 -3.076 -3.012 -2.995 -2.891 -2.876 -2.726
0.00049103 -1.50000 7.05000 14.0351953506 2.6287438769   14.011  4.507  4.5144  4.088    1  0.000  0.545     0.00     0.00     0.00     0.00     0.00 -1 -7.07e-11      0.00 7.504e-01 2.491e-01 8.879e-05 2.397e-05 2.174e-04 -1.000 4.941e-04 -6.496 -6.731 -6.309 -5.946 -5.533 -5.160 -3.972 -3.579 -3.560 -3.331 -3.289 -3.259 -3.220 -3.156 -3.139 -3.034 -3.019 -2.869
0.00049103 -1.50000 7.05000 14.1633729935 2.6288049008   14.139  4.524  4.5141  4.073    1  0.000  0.545     0.00     0.00     0.00     0.00     0.00 -1 -1.02e-09      0.00 7.504e-01 2.491e-01 8.884e-05 2.397e-05 2.174e-04 -1.000 4.941e-04 -6.539 -6.773 -6.353 -5.990 -5.577 -5.204 -4.016 -3.622 -3.603 -3.376 -3.333 -3.303 -3.265 -3.201 -3.183 -3.079 -3.064 -2.913
0.00049103 -1.50000 7.05000 14.4856557846 2.6289528636   14.462  4.565  4.5129  4.037    1  0.000  0.545     0.00     0.00     0.00     0.00     0.00 -1  -1.2e-09      0.00 7.504e-01 2.491e-01 8.884e-05 2.397e-05 2.174e-04 -1.000 4.941e-04 -6.641 -6.877 -6.460 -6.097 -5.685 -5.312 -4.124 -3.730 -3.711 -3.484 -3.442 -3.412 -3.374 -3.311 -3.293 -3.189 -3.174 -3.024
0.00049103 -1.50000 7.05000 14.8629331589 2.6291167337   14.839  4.612  4.5104  3.991    1  0.000  0.545     0.00     0.00     0.00     0.00     0.00 -1 -1.46e-09      0.00 7.504e-01 2.491e-01 8.884e-05 2.397e-05 2.174e-04 -1.000 4.941e-04 -6.761 -7.000 -6.588 -6.227 -5.815 -5.443 -4.256 -3.862 -3.844 -3.618 -3.576 -3.547 -3.509 -3.447 -3.430 -3.327 -3.312 -3.163
0.00049103 -1.50000 7.05000 15.3028507233 2.6292961258   15.279  4.668  4.5058  3.930    1  0.000  0.545     0.00     0.00     0.00     0.00     0.00 -1 -1.81e-09      0.00 7.504e-01 2.491e-01 8.884e-05 2.397e-05 2.174e-04 -1.000 4.941e-04 -6.899 -7.151 -6.746 -6.389 -5.978 -5.608 -4.424 -4.031 -4.013 -3.789 -3.748 -3.720 -3.684 -3.624 -3.607 -3.508 -3.493 -3.346
0.00049103 -1.50000 7.05000 15.6843614578 2.6294423668   15.661  4.717  4.4995  3.866    1  0.000  0.545     0.00     0.00     0.00     0.00     0.00 -1 -2.15e-09      0.00 7.504e-01 2.491e-01 8.884e-05 2.397e-05 2.174e-04 -1.000 4.941e-04 -7.022 -7.292 -6.896 -6.542 -6.133 -5.765 -4.585 -4.194 -4.176 -3.954 -3.914 -3.887 -3.852 -3.795 -3.779 -3.684 -3.669 -3.525
0.00049103 -1.50000 7.05000 16.0340385437 2.6295693999   16.011  4.762  4.4918  3.800    1  0.000  0.545     0.00     0.00     0.00     0.00     0.00 -1 -2.48e-09      0.00 7.504e-01 2.491e-01 8.884e-05 2.397e-05 2.174e-04 -1.000 4.941e-04 -7.135 -7.424 -7.037 -6.691 -6.286 -5.922 -4.748 -4.360 -4.342 -4.123 -4.082 -4.056 -4.020 -3.963 -3.948 -3.854 -3.840 -3.697
0.00049103 -1.50000 7.05000 16.1562709808 2.6296123165   16.133  4.778  4.4887  3.775    1  0.000  0.545     0.00     0.00     0.00     0.00     0.00 -1  -2.6e-09      0.00 7.504e-01 2.491e-01 8.884e-05 2.397e-05 2.174e-04 -1.000 4.941e-04 -7.175 -7.472 -7.087 -6.745 -6.342 -5.978 -4.808 -4.420 -4.403 -4.184 -4.143 -4.117 -4.081 -4.024 -4.008 -3.915 -3.901 -3.758
0.00049103 -1.50000 7.05000 16.2421703339 2.6296420323   16.218  4.788  4.4866  3.758    1  0.000  0.545     0.00     0.00     0.00     0.00     0.00 -1 -2.68e-09      0.00 7.504e-01 2.491e-01 8.884e-05 2.397e-05 2.174e-04 -1.000 4.941e-04 -7.201 -7.504 -7.121 -6.780 -6.378 -6.016 -4.847 -4.460 -4.443 -4.224 -4.184 -4.157 -4.121 -4.064 -4.048 -3.955 -3.940 -3.799
0.00049103 -1.50000 7.05000 16.4770107269 2.6297214567   16.449  4.818  4.4797  3.707    1  0.000  0.545     0.00     0.00     0.00     0.00     0.00 -1 -2.89e-09      0.00 7.504e-01 2.491e-01 8.884e-05 2.397e-05 2.174e-04 -1.000 4.940e-04 -7.275 -7.599 -7.221 -6.886 -6.486 -6.127 -4.964 -4.580 -4.563 -4.344 -4.304 -4.276 -4.240 -4.182 -4.166 -4.073 -4.058 -3.918
0.00049103 -1.50000 7.05000 16.7133216858 2.6297987931   16.683  4.849  4.4727  3.654    1  0.000  0.545     0.00     0.00     0.00     0.00     0.00 -1 -3.12e-09      0.00 7.504e-01 2.491e-01 8.884e-05 2.397e-05 2.174e-04 -1.000 4.940e-04 -7.352 -7.695 -7.321 -6.991 -6.594 -6.237 -5.081 -4.699 -4.682 -4.465 -4.425 -4.397 -4.360 -4.301 -4.285 -4.191 -4.177 -4.038
0.00049103 -1.50000 7.05000 16.9348926544 2.6298690555   16.901  4.878  4.4677  3.611    1  0.000  0.545     0.00     0.00     0.00     0.00     0.00 -1 -3.41e-09      0.00 7.504e-01 2.491e-01 8.884e-05 2.397e-05 2.174e-04 -1.000 4.941e-04 -7.425 -7.778 -7.405 -7.078 -6.683 -6.329 -5.178 -4.797 -4.780 -4.565 -4.525 -4.498 -4.462 -4.404 -4.388 -4.295 -4.281 -4.144
0.00049103 -1.50000 7.05000 17.0445232391 2.6299030446   17.009  4.895  4.4752  3.626    1  0.000  0.545     0.00     0.00     0.00     0.00     0.00 -1 -3.89e-09      0.00 7.504e-01 2.491e-01 8.884e-05 2.397e-05 2.174e-04 -1.000 4.941e-04 -7.468 -7.811 -7.438 -7.106 -6.709 -6.351 -5.190 -4.807 -4.791 -4.573 -4.533 -4.504 -4.468 -4.407 -4.391 -4.296 -4.281 -4.142
0.00049103 -1.50000 7.05000 17.0859222412 2.6299157492   17.050  4.905  4.4839  3.652    1  0.000  0.545     0.00     0.00     0.00     0.00     0.00 -1 -4.41e-09      0.00 7.504e-01 2.491e-01 8.884e-05 2.397e-05 2.174e-04 -1.000 4.941e-04 -7.492 -7.809 -7.434 -7.097 -6.697 -6.336 -5.166 -4.781 -4.764 -4.547 -4.507 -4.479 -4.443 -4.385 -4.369 -4.275 -4.260 -4.119
0.00049103 -1.50000 7.05000 17.1026935577 2.6299208759   17.066  4.916  4.4963  3.691    1  0.000  0.545     0.00     0.00     0.00     0.00     0.00 -1 -5.14e-09      0.00 7.504e-01 2.491e-01 8.884e-05 2.397e-05 2.174e-04 -1.000 4.941e-04 -7.521 -7.803 -7.424 -7.078 -6.673 -6.307 -5.125 -4.735 -4.718 -4.501 -4.461 -4.435 -4.400 -4.344 -4.328 -4.234 -4.220 -4.076
0.00049103 -1.50000 7.05000 17.1080646515 2.6299225153   17.072  4.929  4.5068  3.720    1  0.000  0.545     0.00     0.00     0.00     0.00     0.00 -1 -5.92e-09      0.00 7.504e-01 2.491e-01 8.884e-05 2.397e-05 2.174e-04 -1.000 4.941e-04 -7.553 -7.800 -7.415 -7.066 -6.659 -6.291 -5.100 -4.709 -4.692 -4.473 -4.433 -4.406 -4.370 -4.312 -4.296 -4.198 -4.183 -4.037
0.00049103 -1.50000 7.05000 17.1113758087 2.6299235254   17.075  4.943  4.5165  3.746    1  0.000  0.545     0.00     0.00     0.00     0.00     0.00 -1 -6.75e-09      0.00 7.504e-01 2.491e-01 8.884e-05 2.397e-05 2.174e-04 -1.000 4.941e-04 -7.587 -7.799 -7.409 -7.059 -6.651 -6.281 -5.082 -4.691 -4.674 -4.454 -4.413 -4.384 -4.347 -4.285 -4.268 -4.165 -4.150 -4.001
0.00049103 -1.50000 7.05000 17.1116447449 2.6299236074   17.075  4.943  4.5168  3.747    1  0.000  0.545     0.00     0.00     0.00     0.00     0.00 -1 -6.77e-09      0.00 7.504e-01 2.491e-01 8.884e-05 2.397e-05 2.174e-04 -1.000 4.941e-04 -7.588 -7.799 -7.408 -7.059 -6.650 -6.281 -5.082 -4.690 -4.673 -4.453 -4.412 -4.383 -4.346 -4.284 -4.267 -4.164 -4.149 -3.999
0.00049103 -1.50000 7.05000 17.1146354675 2.6299245193   17.078  4.932  4.5079  3.722    2  0.000  0.545     0.00     0.00     0.00     0.00     0.00 -1 -6.09e-09      0.00 7.504e-01 2.491e-01 8.884e-05 2.397e-05 2.174e-04 -1.000 4.941e-04 -7.561 -7.804 -7.419 -7.070 -6.663 -6.295 -5.102 -4.711 -4.694 -4.476 -4.435 -4.408 -4.372 -4.314 -4.297 -4.199 -4.185 -4.038
0.00049103 -1.50000 7.05000 17.1162853241 2.6299250222   17.080  4.929  4.4991  3.690    2  0.000  0.545     0.00     0.00     0.00     0.00     0.00 -1 -5.65e-09      0.00 7.504e-01 2.491e-01 8.884e-05 2.397e-05 2.174e-04 -1.000 4.941e-04 -7.554 -7.829 -7.449 -7.102 -6.695 -6.329 -5.143 -4.753 -4.736 -4.518 -4.479 -4.453 -4.418 -4.362 -4.347 -4.253 -4.238 -4.094
0.00049103 -1.50000 7.05000 17.1180362701 2.6299255558   17.082  4.935  4.4874  3.637    2  0.000  0.545     0.00     0.00     0.00     0.00     0.00 -1 -5.33e-09      0.00 7.504e-01 2.491e-01 8.884e-05 2.397e-05 2.174e-04 -1.000 4.941e-04 -7.567 -7.876 -7.501 -7.163 -6.761 -6.399 -5.225 -4.838 -4.822 -4.605 -4.565 -4.538 -4.502 -4.444 -4.429 -4.334 -4.320 -4.178
0.00049103 -1.50000 7.05000 17.1191406250 2.6299258923   17.083  4.941  4.4785  3.596    2  0.000  0.545     0.00     0.00     0.00     0.00     0.00 -1 -5.11e-09      0.00 7.504e-01 2.491e-01 8.884e-05 2.397e-05 2.174e-04 -1.000 4.941e-04 -7.581 -7.917 -7.546 -7.213 -6.814 -6.455 -5.290 -4.906 -4.890 -4.673 -4.632 -4.604 -4.568 -4.508 -4.492 -4.396 -4.381 -4.241
0.00049103 -1.50000 7.05000 17.1204719543 2.6299262979   17.084  4.946  4.4667  3.543    2  0.000  0.545     0.00     0.00     0.00     0.00     0.00 -1 -4.71e-09      0.00 7.504e-01 2.491e-01 8.884e-05 2.397e-05 2.174e-04 -1.000 4.941e-04 -7.595 -7.956 -7.584 -7.258 -6.863 -6.509 -5.358 -4.976 -4.960 -4.745 -4.706 -4.679 -4.643 -4.585 -4.569 -4.475 -4.461 -4.324
0.00049103 -1.50000 7.05000 17.1215038300 2.6299266122   17.085  4.950  4.4570  3.501    2  0.000  0.545     0.00     0.00     0.00     0.00     0.00 -1 -4.37e-09      0.00 7.504e-01 2.491e-01 8.884e-05 2.397e-05 2.174e-04 -1.000 4.941e-04 -7.605 -7.978 -7.604 -7.282 -6.891 -6.541 -5.403 -5.023 -5.007 -4.794 -4.756 -4.730 -4.697 -4.642 -4.626 -4.537 -4.523 -4.390
0.00049103 -1.50000 7.05000 17.1225337982 2.6299269258   17.086  4.953  4.4466  3.456    2  0.000  0.545     0.00     0.00     0.00     0.00     0.00 -1 -4.03e-09      0.00 7.504e-01 2.491e-01 8.884e-05 2.397e-05 2.174e-04 -1.000 4.941e-04 -7.613 -7.997 -7.628 -7.315 -6.930 -6.586 -5.460 -5.083 -5.068 -4.860 -4.822 -4.799 -4.767 -4.715 -4.700 -4.616 -4.602 -4.472
0.00049103 -1.50000 7.05000 17.1235980988 2.6299272499   17.087  4.956  4.4350  3.406    2  0.000  0.545     0.00     0.00     0.00     0.00     0.00 -1 -3.66e-09      0.00 7.504e-01 2.491e-01 8.884e-05 2.397e-05 2.174e-04 -1.000 4.941e-04 -7.620 -8.015 -7.656 -7.358 -6.980 -6.644 -5.529 -5.157 -5.144 -4.940 -4.904 -4.881 -4.849 -4.799 -4.784 -4.702 -4.689 -4.562
0.00049103 -1.50000 7.05000 17.1247119904 2.6299275891   17.088  4.959  4.4219  3.351    2  0.000  0.545     0.00     0.00     0.00     0.00     0.00 -1 -3.27e-09      0.00 7.504e-01 2.491e-01 8.884e-05 2.397e-05 2.174e-04 -1.000 4.941e-04 -7.628 -8.039 -7.692 -7.409 -7.039 -6.709 -5.607 -5.240 -5.227 -5.028 -4.992 -4.969 -4.938 -4.887 -4.873 -4.792 -4.779 -4.655
0.00049103 -1.50000 7.05000 17.1255092621 2.6299278318   17.089  4.961  4.4119  3.309    2  0.000  0.545     0.00     0.00     0.00     0.00     0.00 -1 -2.94e-09      0.00 7.504e-01 2.491e-01 8.884e-05 2.397e-05 2.174e-04 -1.000 4.941e-04 -7.633 -8.054 -7.722 -7.451 -7.086 -6.760 -5.667 -5.304 -5.292 -5.096 -5.060 -5.037 -5.006 -4.956 -4.941 -4.861 -4.848 -4.726
0.00049103 -1.50000 7.05000 17.1263847351 2.6299280982   17.090  4.964  4.4004  3.260    2  0.000  0.545     0.00     0.00     0.00     0.00     0.00 -1 -2.61e-09      0.00 7.504e-01 2.491e-01 8.884e-05 2.397e-05 2.174e-04 -1.000 4.941e-04 -7.639 -8.070 -7.753 -7.496 -7.136 -6.814 -5.733 -5.374 -5.364 -5.171 -5.136 -5.113 -5.082 -5.031 -5.017 -4.938 -4.925 -4.805
0.00049103 -1.50000 7.05000 17.1266231537 2.6299281708   17.090  4.964  4.3971  3.247    2  0.000  0.545     0.00     0.00     0.00     0.00     0.00 -1 -2.52e-09      0.00 7.504e-01 2.491e-01 8.884e-05 2.397e-05 2.174e-04 -1.000 4.941e-04 -7.641 -8.143 -7.814 -7.533 -7.161 -6.829 -5.691 -5.354 -5.339 -5.148 -5.112 -5.087 -5.055 -5.003 -4.989 -4.899 -4.885 -4.743
0.00049103 -1.50000 7.05000 17.1271553040 2.6299283328   17.090  4.966  4.3895  3.215    3  0.000  0.545     0.17     0.53     0.45     0.30     0.24  4 -2.32e-09      0.00 7.504e-01 2.491e-01 8.884e-05 2.397e-05 2.174e-04 -1.000 4.941e-04 -7.645 -8.150 -7.828 -7.553 -7.184 -6.855 -5.728 -5.394 -5.380 -5.191 -5.156 -5.132 -5.100 -5.049 -5.035 -4.946 -4.933 -4.792
0.00049103 -1.50000 7.05000 17.1278018951 2.6299285295   17.091  4.968  4.3800  3.175    3  0.000  0.545     0.19     0.57     0.48     0.32     0.26  4  -2.1e-09      0.00 7.504e-01 2.491e-01 8.884e-05 2.397e-05 2.174e-04 -1.000 4.941e-04 -7.650 -8.160 -7.846 -7.577 -7.213 -6.888 -5.774 -5.445 -5.431 -5.246 -5.211 -5.187 -5.156 -5.106 -5.093 -5.006 -4.993 -4.855
0.00049103 -1.50000 7.05000 17.1286087036 2.6299287751   17.092  4.971  4.3678  3.124    3  0.000  0.545     0.22     0.62     0.52     0.35     0.29  4 -1.82e-09      0.00 7.504e-01 2.491e-01 8.884e-05 2.397e-05 2.174e-04 -1.000 4.941e-04 -7.656 -8.172 -7.870 -7.611 -7.252 -6.934 -5.837 -5.513 -5.500 -5.319 -5.285 -5.262 -5.232 -5.184 -5.170 -5.086 -5.073 -4.939
0.00049103 -1.50000 7.05000 17.1296176910 2.6299290820   17.093  4.975  4.3524  3.058    3  0.000  0.545     0.25     0.70     0.58     0.39     0.32  4 -1.54e-09      0.00 7.504e-01 2.491e-01 8.884e-05 2.397e-05 2.174e-04 -1.000 4.941e-04 -7.666 -8.188 -7.902 -7.654 -7.304 -6.993 -5.919 -5.602 -5.590 -5.413 -5.381 -5.359 -5.330 -5.284 -5.271 -5.189 -5.177 -5.047
0.00049103 -1.50000 7.05000 17.1302127838 2.6299292631   17.094  4.977  4.3434  3.019    3  0.000  0.545     0.28     0.75     0.63     0.42     0.35  4 -1.38e-09      0.00 7.504e-01 2.491e-01 8.884e-05 2.397e-05 2.174e-04 -1.000 4.941e-04 -7.674 -8.199 -7.922 -7.681 -7.335 -7.029 -5.968 -5.655 -5.644 -5.470 -5.439 -5.417 -5.389 -5.344 -5.331 -5.251 -5.239 -5.112
0.00049103 -1.50000 7.05000 17.1308784485 2.6299294656   17.094  4.981  4.3337  2.977    3  0.000  0.545     0.31     0.81     0.67     0.45     0.37  4 -1.23e-09      0.00 7.504e-01 2.491e-01 8.884e-05 2.397e-05 2.174e-04 -1.000 4.941e-04 -7.682 -8.210 -7.942 -7.707 -7.366 -7.065 -6.021 -5.714 -5.703 -5.532 -5.501 -5.480 -5.453 -5.408 -5.396 -5.318 -5.306 -5.182
0.00049103 -1.50000 7.05000 17.1316184998 2.6299296907   17.095  4.985  4.3232  2.930    3  0.000  0.545     0.35     0.88     0.73     0.49     0.40  4 -1.08e-09      0.00 7.504e-01 2.491e-01 8.884e-05 2.397e-05 2.174e-04 -1.000 4.941e-04 -7.693 -8.222 -7.961 -7.732 -7.398 -7.102 -6.078 -5.778 -5.767 -5.600 -5.569 -5.549 -5.522 -5.479 -5.467 -5.391 -5.379 -5.258
0.00049103 -1.50000 7.05000 17.1324481964 2.6299299430   17.096  4.990  4.3120  2.881    3  0.000  0.545     0.39     0.96     0.79     0.53     0.44  4 -5.73e-09      0.00 7.504e-01 2.491e-01 8.884e-05 2.397e-05 2.174e-04 -1.000 4.941e-04 -7.704 -8.235 -7.982 -7.760 -7.432 -7.142 -6.140 -5.847 -5.836 -5.673 -5.643 -5.623 -5.597 -5.555 -5.543 -5.470 -5.458 -5.341
0.00049103 -1.50000 7.05000 17.1334285736 2.6299302412   17.097  4.995  4.3004  2.829    3  0.000  0.545     0.45     1.06     0.87     0.58     0.48  3  -5.3e-09      0.00 7.504e-01 2.491e-01 8.884e-05 2.397e-05 2.174e-04 -1.000 4.941e-04 -7.718 -8.250 -8.006 -7.791 -7.470 -7.187 -6.207 -5.921 -5.911 -5.751 -5.722 -5.703 -5.678 -5.637 -5.625 -5.554 -5.543 -5.429
0.00049103 -1.50000 7.05000 17.1344108582 2.6299305398   17.098  5.000  4.2904  2.784    3  0.000  0.545     0.50     1.15     0.94     0.63     0.52  3 -5.12e-09      0.00 7.504e-01 2.491e-01 8.884e-05 2.397e-05 2.174e-04 -1.000 4.941e-04 -7.731 -8.265 -8.039 -7.834 -7.519 -7.241 -6.269 -5.985 -5.977 -5.821 -5.794 -5.776 -5.752 -5.713 -5.702 -5.633 -5.622 -5.511
0.00049103 -1.50000 7.05000 17.1355075836 2.6299308732   17.099  5.006  4.2803  2.739    3  0.000  0.545     0.56     1.25     1.01     0.69     0.57  3 -5.29e-09      0.00 7.504e-01 2.491e-01 8.884e-05 2.397e-05 2.174e-04 -1.000 4.941e-04 -7.744 -8.282 -8.078 -7.886 -7.578 -7.306 -6.336 -6.051 -6.045 -5.895 -5.869 -5.852 -5.830 -5.793 -5.782 -5.716 -5.705 -5.597
0.00049103 -1.50000 7.05000 17.1381072998 2.6299316634   17.101  5.016  4.2647  2.666    3  0.000  0.545     0.67     1.42     1.15     0.78     0.64  3  -3.1e-08      0.00 7.504e-01 2.491e-01 8.884e-05 2.397e-05 2.174e-04 -1.000 4.941e-04 -7.771 -8.307 -8.123 -7.944 -7.646 -7.383 -6.437 -6.158 -6.154 -6.010 -5.985 -5.970 -5.949 -5.915 -5.904 -5.842 -5.832 -5.728
0.00049103 -1.50000 7.05000 17.1432781219 2.6299332342   17.106  5.028  4.2559  2.619    3  0.000  0.545     0.75     1.55     1.25     0.85     0.70  3 -3.66e-08      0.00 7.504e-01 2.491e-01 8.884e-05 2.397e-05 2.174e-04 -1.000 4.941e-04 -7.800 -8.335 -8.162 -7.989 -7.697 -7.439 -6.509 -6.234 -6.230 -6.090 -6.066 -6.051 -6.031 -5.998 -5.988 -5.928 -5.917 -5.817
0.00049103 -1.50000 7.05000 17.1434288025 2.6299332800   17.106  5.028  4.2560  2.619    3  0.000  0.545     0.75     1.55     1.25     0.85     0.70  3 -3.66e-08      0.00 7.504e-01 2.491e-01 8.884e-05 2.397e-05 2.174e-04 -1.000 4.941e-04 -7.801 -8.336 -8.162 -7.990 -7.697 -7.439 -6.509 -6.234 -6.230 -6.089 -6.066 -6.051 -6.031 -5.998 -5.987 -5.927 -5.917 -5.817
0.00049103 -1.50000 7.05000 17.1439380646 2.6299334346   17.107  5.029  4.2566  2.621    3  0.000  0.545     0.75     1.54     1.24     0.84     0.70  3 -3.67e-08      0.00 7.504e-01 2.491e-01 8.884e-05 2.397e-05 2.174e-04 -1.000 4.941e-04 -7.802 -8.337 -8.163 -7.990 -7.697 -7.439 -6.507 -6.232 -6.228 -6.087 -6.064 -6.049 -6.029 -5.996 -5.985 -5.925 -5.915 -5.814
0.00049103 -1.50000 7.05000 17.1442947388 2.6299335429   17.107  5.029  4.2570  2.622    3  0.000  0.545     0.75     1.54     1.24     0.84     0.69  3 -3.68e-08      0.00 7.504e-01 2.491e-01 8.884e-05 2.397e-05 2.174e-04 -1.000 4.941e-04 -7.802 -8.338 -8.164 -7.990 -7.697 -7.439 -6.506 -6.231 -6.227 -6.086 -6.062 -6.047 -6.027 -5.994 -5.984 -5.923 -5.913 -5.812
0.00049103 -1.50000 7.05000 17.1446895599 2.6299336628   17.108  5.029  4.2574  2.624    3  0.000  0.545     0.74     1.54     1.24     0.84     0.69  3 -3.69e-08      0.00 7.504e-01 2.491e-01 8.884e-05 2.397e-05 2.174e-04 -1.000 4.941e-04 -7.803 -8.339 -8.164 -7.990 -7.697 -7.438 -6.505 -6.229 -6.225 -6.084 -6.060 -6.046 -6.025 -5.992 -5.982 -5.921 -5.911 -5.810
0.00049103 -1.50000 7.05000 17.1453056335 2.6299338499   17.108  5.030  4.2581  2.626    3  0.000  0.545     0.74     1.53     1.23     0.84     0.69  3 -3.57e-08      0.00 7.504e-01 2.491e-01 8.884e-05 2.397e-05 2.174e-04 -1.000 4.941e-04 -7.804 -8.340 -8.165 -7.991 -7.697 -7.438 -6.503 -6.227 -6.223 -6.082 -6.058 -6.043 -6.023 -5.989 -5.979 -5.919 -5.908 -5.807
0.00049103 -1.50000 7.05000 17.1459274292 2.6299340386   17.109  5.030  4.2587  2.628    3  0.000  0.545     0.74     1.52     1.23     0.83     0.69  3 -3.58e-08      0.00 7.504e-01 2.491e-01 8.884e-05 2.397e-05 2.174e-04 -1.000 4.941e-04 -7.806 -8.341 -8.166 -7.991 -7.697 -7.437 -6.501 -6.225 -6.221 -6.079 -6.056 -6.041 -6.021 -5.987 -5.977 -5.916 -5.905 -5.804
0.00049103 -1.50000 7.05000 17.1469516754 2.6299343495   17.110  5.031  4.2597  2.631    4  0.000  0.545     0.00     0.00     0.00     0.00     0.00 -1  -3.6e-08      0.00 7.504e-01 2.491e-01 8.884e-05 2.397e-05 2.174e-04 -1.000 4.941e-04 -7.808 -8.344 -8.167 -7.992 -7.697 -7.437 -6.499 -6.222 -6.218 -6.076 -6.052 -6.037 -6.017 -5.983 -5.973 -5.912 -5.901 -5.800
0.00049103 -1.50000 7.05000 17.1479568481 2.6299346546   17.111  5.032  4.2606  2.634    4  0.000  0.545     0.00     0.00     0.00     0.00     0.00 -1 -3.62e-08      0.00 7.504e-01 2.491e-01 8.884e-05 2.397e-05 2.174e-04 -1.000 4.941e-04 -7.810 -8.346 -8.168 -7.992 -7.697 -7.436 -6.496 -6.219 -6.215 -6.073 -6.049 -6.034 -6.013 -5.979 -5.969 -5.908 -5.897 -5.796
0.00049103 -1.50000 7.05000 17.1487388611 2.6299348919   17.112  5.033  4.2614  2.636    4  0.000  0.545     0.00     0.00     0.00     0.00     0.00 -1 -3.64e-08      0.00 7.504e-01 2.491e-01 8.884e-05 2.397e-05 2.174e-04 -1.000 4.941e-04 -7.811 -8.348 -8.169 -7.993 -7.697 -7.436 -6.495 -6.217 -6.213 -6.070 -6.046 -6.031 -6.011 -5.977 -5.966 -5.905 -5.894 -5.792
0.00049103 -1.50000 7.05000 17.1524963379 2.6299360319   17.115  5.034  4.2684  2.663    5  0.000  0.545     0.00     0.00     0.00     0.00     0.00 -1 -3.73e-08      0.00 7.504e-01 2.491e-01 8.884e-05 2.397e-05 2.174e-04 -1.000 4.941e-04 -7.815 -8.353 -8.167 -7.985 -7.685 -7.420 -6.465 -6.184 -6.179 -6.034 -6.010 -5.994 -5.973 -5.938 -5.928 -5.865 -5.854 -5.750
0.00049103 -1.50000 7.05000 17.1571159363 2.6299374326   17.119  5.035  4.2780  2.701    5  0.000  0.545     0.00     0.00     0.00     0.00     0.00 -1 -3.81e-08      0.00 7.504e-01 2.491e-01 8.884e-05 2.397e-05 2.174e-04 -1.000 4.941e-04 -7.818 -8.355 -8.158 -7.969 -7.663 -7.392 -6.422 -6.136 -6.130 -5.982 -5.956 -5.940 -5.918 -5.882 -5.871 -5.806 -5.795 -5.687
0.00049103 -1.50000 7.05000 17.1623306274 2.6299390127   17.125  5.035  4.2887  2.743    5  0.000  0.545     0.00     0.00     0.00     0.00     0.00 -1 -3.76e-08      0.00 7.504e-01 2.491e-01 8.884e-05 2.397e-05 2.174e-04 -1.000 4.941e-04 -7.818 -8.353 -8.132 -7.931 -7.617 -7.340 -6.367 -6.081 -6.074 -5.919 -5.892 -5.875 -5.851 -5.813 -5.801 -5.733 -5.722 -5.612
0.00049103 -1.50000 7.05000 17.1680088043 2.6299407320   17.130  5.035  4.2987  2.783    5  0.000  0.545     0.00     0.00     0.00     0.00     0.00 -1 -1.71e-08      0.00 7.504e-01 2.491e-01 8.884e-05 2.397e-05 2.174e-04 -1.000 4.941e-04 -7.818 -8.350 -8.110 -7.896 -7.576 -7.293 -6.315 -6.029 -6.020 -5.860 -5.832 -5.813 -5.788 -5.747 -5.736 -5.665 -5.654 -5.541
0.00049103 -1.50000 7.05000 17.1741199493 2.6299425809   17.136  5.035  4.3084  2.822    5  0.000  0.545     0.00     0.00     0.00     0.00     0.00 -1 -6.51e-09      0.00 7.504e-01 2.491e-01 8.884e-05 2.397e-05 2.174e-04 -1.000 4.941e-04 -7.817 -8.349 -8.099 -7.879 -7.553 -7.265 -6.270 -5.979 -5.969 -5.806 -5.777 -5.757 -5.731 -5.690 -5.678 -5.605 -5.593 -5.477
0.00049103 -1.50000 7.05000 17.1802520752 2.6299444346   17.142  5.035  4.3164  2.855    5  0.000  0.545     0.00     0.00     0.00     0.00     0.00 -1 -6.07e-09      0.00 7.504e-01 2.491e-01 8.884e-05 2.397e-05 2.174e-04 -1.000 4.941e-04 -7.818 -8.348 -8.092 -7.867 -7.537 -7.244 -6.234 -5.937 -5.927 -5.762 -5.732 -5.712 -5.686 -5.643 -5.631 -5.557 -5.545 -5.426
0.00049103 -1.50000 7.05000 17.1894016266 2.6299471977   17.151  5.035  4.3271  2.897    5  0.000  0.545     0.00     0.00     0.00     0.00     0.00 -1 -6.41e-09      0.00 7.504e-01 2.491e-01 8.884e-05 2.397e-05 2.174e-04 -1.000 4.941e-04 -7.818 -8.347 -8.083 -7.852 -7.515 -7.217 -6.186 -5.883 -5.872 -5.704 -5.673 -5.652 -5.625 -5.582 -5.569 -5.493 -5.481 -5.359
0.00049103 -1.50000 7.05000 17.1986427307 2.6299499850   17.160  5.035  4.3359  2.933    5  0.000  0.545     0.00     0.00     0.00     0.00     0.00 -1 -1.42e-09      0.00 7.504e-01 2.491e-01 8.884e-05 2.397e-05 2.174e-04 -1.000 4.941e-04 -7.819 -8.346 -8.076 -7.839 -7.498 -7.195 -6.147 -5.839 -5.828 -5.657 -5.625 -5.604 -5.577 -5.532 -5.520 -5.442 -5.429 -5.304
0.00049103 -1.50000 7.05000 17.2134437561 2.6299544422   17.175  5.036  4.3479  2.980    5  0.000  0.545     0.00     0.00     0.00     0.00     0.00 -1 -1.69e-09      0.00 7.504e-01 2.491e-01 8.884e-05 2.397e-05 2.174e-04 -1.000 4.941e-04 -7.820 -8.345 -8.067 -7.823 -7.475 -7.167 -6.097 -5.780 -5.769 -5.594 -5.562 -5.540 -5.512 -5.466 -5.453 -5.373 -5.360 -5.232
0.00049103 -1.50000 7.05000 17.2280788422 2.6299588407   17.189  5.037  4.3566  3.015    5  0.000  0.545     0.00     0.00     0.00     0.00     0.00 -1 -1.95e-09      0.00 7.504e-01 2.491e-01 8.884e-05 2.397e-05 2.174e-04 -1.000 4.941e-04 -7.822 -8.345 -8.060 -7.810 -7.458 -7.145 -6.060 -5.738 -5.727 -5.549 -5.516 -5.494 -5.465 -5.418 -5.405 -5.323 -5.311 -5.180
0.00049103 -1.50000 7.05000 17.2480812073 2.6299648384   17.209  5.038  4.3656  3.050    5  0.000  0.545     0.00     0.00     0.00     0.00     0.00 -1 -2.25e-09      0.00 7.504e-01 2.491e-01 8.884e-05 2.397e-05 2.174e-04 -1.000 4.941e-04 -7.825 -8.345 -8.051 -7.795 -7.438 -7.121 -6.022 -5.697 -5.684 -5.504 -5.471 -5.448 -5.418 -5.370 -5.357 -5.274 -5.260 -5.127
0.00049103 -1.50000 7.05000 17.2803611755 2.6299744839   17.241  5.041  4.3749  3.086    5  0.000  0.545     0.00     0.00     0.00     0.00     0.00 -1 -2.63e-09      0.00 7.504e-01 2.491e-01 8.884e-05 2.397e-05 2.174e-04 -1.000 4.941e-04 -7.832 -8.347 -8.045 -7.782 -7.421 -7.099 -5.987 -5.656 -5.644 -5.460 -5.426 -5.403 -5.372 -5.323 -5.310 -5.224 -5.211 -5.075
0.00049103 -1.50000 7.05000 17.3314418793 2.6299896628   17.292  5.045  4.3806  3.105    5  0.000  0.545     0.00     0.00     0.00     0.00     0.00 -1 -2.91e-09      0.00 7.504e-01 2.491e-01 8.884e-05 2.397e-05 2.174e-04 -1.000 4.941e-04 -7.843 -8.357 -8.049 -7.782 -7.418 -7.093 -5.973 -5.640 -5.626 -5.441 -5.407 -5.383 -5.352 -5.302 -5.289 -5.202 -5.189 -5.051
0.00049103 -1.50000 7.05000 17.4151306152 2.6300143103   17.374  5.054  4.3758  3.080    6  0.000  0.545     0.00     0.00     0.00     0.00     0.00 -1 -2.84e-09      0.00 7.504e-01 2.491e-01 8.884e-05 2.397e-05 2.174e-04 -1.000 4.941e-04 -7.864 -8.380 -8.077 -7.814 -7.452 -7.130 -6.016 -5.685 -5.672 -5.488 -5.454 -5.431 -5.400 -5.351 -5.338 -5.252 -5.239 -5.102
0.00049103 -1.50000 7.05000 17.5324726105 2.6300484137   17.490  5.065  4.3685  3.042    6  0.000  0.545     0.00     0.00     0.00     0.00     0.00 -1 -2.72e-09      0.00 7.504e-01 2.491e-01 8.884e-05 2.397e-05 2.174e-04 -1.000 4.941e-04 -7.893 -8.412 -8.117 -7.860 -7.501 -7.183 -6.078 -5.750 -5.738 -5.557 -5.523 -5.500 -5.470 -5.422 -5.409 -5.325 -5.312 -5.177
0.00049103 -1.50000 7.05000 17.6478366852 2.6300814344   17.604  5.076  4.3603  3.000    6  0.000  0.545     0.00     0.00     0.00     0.00     0.00 -1 -2.54e-09      0.00 7.504e-01 2.491e-01 8.884e-05 2.397e-05 2.174e-04 -1.000 4.941e-04 -7.921 -8.444 -8.157 -7.906 -7.551 -7.237 -6.144 -5.820 -5.808 -5.629 -5.597 -5.574 -5.545 -5.498 -5.485 -5.402 -5.389 -5.257
0.00049103 -1.50000 7.05000 17.7427215576 2.6301082235   17.697  5.086  4.3517  2.959    6  0.000  0.545     0.00     0.00     0.00     0.00     0.00 -1 -2.35e-09      0.00 7.504e-01 2.491e-01 8.884e-05 2.397e-05 2.174e-04 -1.000 4.941e-04 -7.944 -8.468 -8.188 -7.941 -7.592 -7.281 -6.204 -5.885 -5.874 -5.697 -5.665 -5.643 -5.615 -5.568 -5.556 -5.475 -5.462 -5.332
0.00049103 -1.50000 7.05000 17.8157119751 2.6301286080   17.769  5.093  4.3431  2.919    6  0.000  0.545     0.00     0.00     0.00     0.00     0.00 -1 -2.17e-09      0.00 7.504e-01 2.491e-01 8.884e-05 2.397e-05 2.174e-04 -1.000 4.941e-04 -7.962 -8.488 -8.213 -7.972 -7.627 -7.320 -6.259 -5.946 -5.934 -5.761 -5.729 -5.708 -5.680 -5.634 -5.622 -5.542 -5.530 -5.403
0.00049103 -1.50000 7.05000 17.8770656586 2.6301455946   17.830  5.099  4.3337  2.877    6  0.000  0.545     0.00     0.00     0.00     0.00     0.00 -1  -2.3e-09      0.00 7.504e-01 2.491e-01 8.884e-05 2.397e-05 2.174e-04 -1.000 4.941e-04 -7.977 -8.505 -8.236 -8.001 -7.661 -7.359 -6.316 -6.008 -5.997 -5.827 -5.796 -5.775 -5.747 -5.703 -5.690 -5.613 -5.600 -5.476
0.00049103 -1.50000 7.05000 17.9274654388 2.6301594484   17.879  5.104  4.3239  2.834    6  0.000  0.545     0.00     0.00     0.00     0.00     0.00 -1 -2.65e-09      0.00 7.504e-01 2.491e-01 8.884e-05 2.397e-05 2.174e-04 -1.000 4.941e-04 -7.990 -8.519 -8.258 -8.028 -7.693 -7.397 -6.372 -6.071 -6.060 -5.893 -5.862 -5.842 -5.815 -5.772 -5.759 -5.684 -5.671 -5.550
0.00049103 -1.50000 7.05000 17.9646816254 2.6301696211   17.916  5.108  4.3151  2.796    6  0.000  0.545     0.00     0.00     0.00     0.00     0.00 -1 -5.69e-09      0.00 7.504e-01 2.491e-01 8.884e-05 2.397e-05 2.174e-04 -1.000 4.941e-04 -7.999 -8.530 -8.275 -8.050 -7.721 -7.429 -6.421 -6.126 -6.115 -5.950 -5.921 -5.901 -5.874 -5.832 -5.820 -5.746 -5.734 -5.616
0.00049103 -1.50000 7.05000 17.9983329773 2.6301787776   17.949  5.111  4.3055  2.755    6  0.000  0.545     0.00     0.00     0.00     0.00     0.00 -1 -3.92e-08      0.00 7.504e-01 2.491e-01 8.884e-05 2.397e-05 2.174e-04 -1.000 4.942e-04 -8.008 -8.527 -8.299 -8.099 -7.781 -7.499 -6.523 -6.218 -6.210 -6.048 -6.020 -6.002 -5.978 -5.937 -5.925 -5.858 -5.847 -5.743
0.00049103 -1.50000 7.05000 18.0263519287 2.6301863716   17.976  5.114  4.2951  2.711    6  0.000  0.545     0.00     0.00     0.00     0.00     0.00 -1 -6.06e-08      0.00 7.504e-01 2.491e-01 8.884e-05 2.397e-05 2.174e-04 -1.000 4.941e-04 -8.016 -8.550 -8.317 -8.108 -7.791 -7.510 -6.532 -6.245 -6.237 -6.079 -6.051 -6.033 -6.008 -5.969 -5.957 -5.888 -5.876 -5.764
0.00049103 -1.50000 7.05000 18.0455093384 2.6301915483   17.993  5.116  4.2859  2.672    6  0.000  0.545     0.00     0.00     0.00     0.00     0.00 -1    -6e-08      0.00 7.504e-01 2.491e-01 8.884e-05 2.397e-05 2.174e-04 -1.000 4.941e-04 -8.021 -8.558 -8.348 -8.152 -7.840 -7.565 -6.586 -6.298 -6.292 -6.140 -6.113 -6.096 -6.074 -6.036 -6.025 -5.958 -5.947 -5.837
0.00049103 -1.50000 7.05000 18.0617733002 2.6301959331   18.009  5.118  4.2761  2.631    6  0.000  0.545     0.00     0.00     0.00     0.00     0.00 -1  -5.9e-08      0.00 7.504e-01 2.491e-01 8.884e-05 2.397e-05 2.174e-04 -1.000 4.941e-04 -8.026 -8.565 -8.376 -8.191 -7.887 -7.617 -6.642 -6.354 -6.349 -6.202 -6.177 -6.162 -6.140 -6.105 -6.094 -6.030 -6.019 -5.911
0.00049103 -1.50000 7.05000 18.0747203827 2.6301994173   18.021  5.120  4.2657  2.589    6  0.000  0.545     0.00     0.00     0.00     0.00     0.00 -1  -5.8e-08      0.00 7.504e-01 2.491e-01 8.884e-05 2.397e-05 2.174e-04 -1.000 4.941e-04 -8.030 -8.568 -8.391 -8.215 -7.917 -7.653 -6.695 -6.412 -6.408 -6.265 -6.241 -6.226 -6.205 -6.172 -6.161 -6.099 -6.088 -5.984
0.00049103 -1.50000 7.05000 18.0836944580 2.6302018289   18.029  5.121  4.2560  2.549    6  0.000  0.545     0.00     0.00     0.00     0.00     0.00 -1 -5.69e-08      0.00 7.504e-01 2.491e-01 8.884e-05 2.397e-05 2.174e-04 -1.000 4.941e-04 -8.032 -8.568 -8.402 -8.233 -7.941 -7.683 -6.743 -6.465 -6.462 -6.322 -6.299 -6.285 -6.265 -6.233 -6.222 -6.163 -6.152 -6.052
0.00049103 -1.50000 7.05000 18.0908355713 2.6302037460   18.036  5.121  4.2452  2.506    6  0.000  0.545     0.00     0.00     0.00     0.00     0.00 -1 -5.56e-08      0.00 7.504e-01 2.491e-01 8.884e-05 2.397e-05 2.174e-04 -1.000 4.941e-04 -8.033 -8.566 -8.412 -8.249 -7.965 -7.713 -6.795 -6.523 -6.521 -6.385 -6.362 -6.349 -6.330 -6.299 -6.289 -6.231 -6.221 -6.125
0.00049103 -1.50000 7.05000 18.0952796936 2.6302049381   18.040  5.121  4.2360  2.469    6  0.000  0.545     0.00     0.00     0.00     0.00     0.00 -1 -5.46e-08      0.00 7.504e-01 2.491e-01 8.884e-05 2.397e-05 2.174e-04 -1.000 4.941e-04 -8.033 -8.563 -8.414 -8.257 -7.978 -7.732 -6.837 -6.571 -6.570 -6.436 -6.414 -6.401 -6.383 -6.353 -6.343 -6.288 -6.278 -6.185
0.00049103 -1.50000 7.05000 18.0994815826 2.6302060647   18.044  5.121  4.2249  2.425    6  0.000  0.545     0.00     0.00     0.00     0.00     0.00 -1 -5.34e-08      0.00 7.504e-01 2.491e-01 8.884e-05 2.397e-05 2.174e-04 -1.000 4.941e-04 -8.032 -8.555 -8.414 -8.262 -7.992 -7.752 -6.887 -6.629 -6.627 -6.497 -6.476 -6.464 -6.446 -6.417 -6.408 -6.355 -6.345 -6.257
0.00049103 -1.50000 7.05000 18.1023731232 2.6302068396   18.047  5.120  4.2138  2.382    6  0.000  0.545     0.00     0.00     0.00     0.00     0.00 -1 -5.15e-08      0.00 7.504e-01 2.491e-01 8.884e-05 2.397e-05 2.174e-04 -1.000 4.941e-04 -8.029 -8.544 -8.410 -8.264 -8.002 -7.770 -6.934 -6.684 -6.683 -6.556 -6.536 -6.524 -6.507 -6.480 -6.470 -6.420 -6.411 -6.326
0.00049103 -1.50000 7.05000 18.1044006348 2.6302073828   18.049  5.117  4.2025  2.339    6  0.000  0.545     0.00     0.00     0.00     0.00     0.00 -1 -4.94e-08      0.00 7.504e-01 2.491e-01 8.884e-05 2.397e-05 2.174e-04 -1.000 4.941e-04 -8.024 -8.529 -8.402 -8.263 -8.010 -7.785 -6.980 -6.738 -6.738 -6.614 -6.595 -6.584 -6.568 -6.541 -6.532 -6.484 -6.475 -6.396
0.00049103 -1.50000 7.05000 18.1057014465 2.6302077312   18.050  5.115  4.1924  2.302    6  0.000  0.545     0.00     0.00     0.00     0.00     0.00 -1 -4.75e-08      0.00 7.504e-01 2.491e-01 8.884e-05 2.397e-05 2.174e-04 -1.000 4.941e-04 -8.017 -8.512 -8.392 -8.258 -8.013 -7.795 -7.019 -6.784 -6.784 -6.664 -6.645 -6.635 -6.619 -6.594 -6.585 -6.539 -6.531 -6.455
0.00049103 -1.50000 7.05000 18.1062221527 2.6302078707   18.051  5.112  4.1860  2.278    6  0.000  0.545     0.00     0.00     0.00     0.00     0.00 -1 -4.63e-08      0.00 7.504e-01 2.491e-01 8.884e-05 2.397e-05 2.174e-04 -1.000 4.941e-04 -8.011 -8.499 -8.383 -8.253 -8.014 -7.801 -7.043 -6.812 -6.812 -6.695 -6.676 -6.666 -6.651 -6.626 -6.618 -6.574 -6.566 -6.493
0.00049103 -1.50000 7.05000 18.1070270538 2.6302080862   18.051  5.109  4.1754  2.240    7  0.000  0.545     1.92     3.12     2.44     1.67     1.38  3 -4.44e-08      0.00 7.504e-01 2.491e-01 8.884e-05 2.397e-05 2.174e-04 -1.000 4.941e-04 -8.002 -8.477 -8.371 -8.249 -8.019 -7.814 -7.081 -6.856 -6.857 -6.744 -6.726 -6.717 -6.703 -6.680 -6.672 -6.630 -6.623 -6.554
0.00049103 -1.50000 7.05000 18.1078128815 2.6302082966   18.052  5.104  4.1613  2.187    7  0.000  0.545     2.18     3.43     2.67     1.83     1.51  3 -4.23e-08      0.00 7.504e-01 2.491e-01 8.884e-05 2.397e-05 2.174e-04 -1.000 4.941e-04 -7.991 -8.446 -8.366 -8.261 -8.044 -7.849 -7.131 -6.910 -6.914 -6.809 -6.794 -6.786 -6.775 -6.755 -6.748 -6.710 -6.703 -6.639
0.00049103 -1.50000 7.05000 18.1083545685 2.6302084417   18.052  5.102  4.1490  2.141    7  0.000  0.545     2.45     3.73     2.89     1.98     1.64  3 -4.03e-08      0.00 7.504e-01 2.491e-01 8.884e-05 2.397e-05 2.174e-04 -1.000 4.941e-04 -7.984 -8.420 -8.369 -8.280 -8.075 -7.889 -7.177 -6.956 -6.963 -6.867 -6.854 -6.849 -6.840 -6.823 -6.816 -6.784 -6.777 -6.715
0.00049103 -1.50000 7.05000 18.1087722778 2.6302085535   18.053  5.100  4.1381  2.099    7  0.000  0.545     2.72     4.02     3.11     2.13     1.76  3  -3.9e-08      0.00 7.504e-01 2.491e-01 8.884e-05 2.397e-05 2.174e-04 -1.000 4.941e-04 -7.980 -8.394 -8.349 -8.268 -8.074 -7.897 -7.222 -7.009 -7.016 -6.924 -6.911 -6.907 -6.899 -6.883 -6.877 -6.847 -6.840 -6.784
0.00049103 -1.50000 7.05000 18.1092147827 2.6302086720   18.053  5.098  4.1258  2.052    7  0.000  0.545     3.06     4.38     3.37     2.32     1.92  3 -3.77e-08      0.00 7.504e-01 2.491e-01 8.884e-05 2.397e-05 2.174e-04 -1.000 4.941e-04 -7.975 -8.363 -8.309 -8.229 -8.049 -7.883 -7.275 -7.078 -7.084 -6.991 -6.979 -6.974 -6.966 -6.950 -6.944 -6.916 -6.910 -6.861
0.00049103 -1.50000 7.05000 18.1096935272 2.6302088001   18.054  5.097  4.1105  1.992    7  0.000  0.545     3.55     4.88     3.74     2.57     2.13  3 -3.59e-08      0.00 7.504e-01 2.491e-01 8.884e-05 2.397e-05 2.174e-04 -1.000 4.941e-04 -7.972 -8.325 -8.260 -8.183 -8.021 -7.868 -7.344 -7.166 -7.170 -7.079 -7.066 -7.061 -7.052 -7.036 -7.030 -7.004 -6.999 -6.961
0.00049103 -1.50000 7.05000 18.1100368500 2.6302088920   18.054  5.096  4.0988  1.946    7  0.000  0.545     3.97     5.31     4.05     2.79     2.31  3 -3.47e-08      0.00 7.504e-01 2.491e-01 8.884e-05 2.397e-05 2.174e-04 -1.000 4.941e-04 -7.971 -8.292 -8.234 -8.166 -8.017 -7.875 -7.394 -7.225 -7.229 -7.141 -7.130 -7.125 -7.117 -7.103 -7.097 -7.074 -7.070 -7.037
0.00049103 -1.50000 7.05000 18.1104125977 2.6302089926   18.054  5.096  4.0854  1.892    7  0.000  0.545     4.54     5.84     4.44     3.06     2.54  3 -3.36e-08      0.00 7.504e-01 2.491e-01 8.884e-05 2.397e-05 2.174e-04 -1.000 4.941e-04 -7.970 -8.250 -8.201 -8.144 -8.011 -7.880 -7.451 -7.292 -7.297 -7.214 -7.203 -7.200 -7.193 -7.180 -7.175 -7.155 -7.152 -7.126
0.00049103 -1.50000 7.05000 18.1108207703 2.6302091018   18.055  5.096  4.0699  1.830    7  0.000  0.545     5.29     6.54     4.94     3.41     2.83  3 -3.27e-08      0.00 7.504e-01 2.491e-01 8.884e-05 2.397e-05 2.174e-04 -1.000 4.941e-04 -7.970 -8.198 -8.214 -8.188 -8.073 -7.954 -7.505 -7.335 -7.349 -7.283 -7.277 -7.278 -7.276 -7.271 -7.267 -7.256 -7.252 -7.229
0.00049103 -1.50000 7.05000 18.1112651825 2.6302092208   18.055  5.097  4.0525  1.760    7  0.000  0.545     6.30     7.42     5.58     3.86     3.20  3 -3.14e-08      0.00 7.504e-01 2.491e-01 8.884e-05 2.397e-05 2.174e-04 -1.000 4.941e-04 -7.972 -8.129 -8.153 -8.141 -8.049 -7.946 -7.578 -7.423 -7.437 -7.377 -7.372 -7.375 -7.373 -7.370 -7.367 -7.361 -7.358 -7.346
0.00049103 -1.50000 7.05000 18.1117286682 2.6302093448   18.056  5.098  4.0339  1.685    7  0.000  0.545     7.60     8.51     6.35     4.41     3.65  3 -3.03e-08      0.00 7.504e-01 2.491e-01 8.884e-05 2.397e-05 2.174e-04 -1.000 4.941e-04 -7.975 -8.043 -8.077 -8.080 -8.012 -7.925 -7.655 -7.515 -7.530 -7.476 -7.472 -7.476 -7.476 -7.475 -7.471 -7.470 -7.469 -7.469
0.00049103 -1.50000 7.05000 18.1122016907 2.6302094714   18.056  5.099  4.0147  1.606    7  0.000  0.545     9.22     9.80     7.27     5.05     4.19  3 -2.94e-08      0.00 7.504e-01 2.491e-01 8.884e-05 2.397e-05 2.174e-04 -1.000 4.941e-04 -7.977 -7.939 -7.982 -8.002 -7.961 -7.890 -7.732 -7.609 -7.624 -7.576 -7.574 -7.578 -7.579 -7.580 -7.577 -7.582 -7.582 -7.596
0.00049103 -1.50000 7.05000 18.1126728058 2.6302095975   18.057  5.100  3.9954  1.528    7  0.000  0.545    11.20    11.29     8.32     5.80     4.81  3  -2.9e-08      0.00 7.504e-01 2.491e-01 8.884e-05 2.397e-05 2.174e-04 -1.000 4.941e-04 -7.980 -7.814 -7.865 -7.905 -7.893 -7.840 -7.806 -7.700 -7.716 -7.674 -7.673 -7.678 -7.680 -7.683 -7.681 -7.691 -7.693 -7.723
0.00049103 -1.50000 7.05000 18.1131439209 2.6302097236   18.057  5.101  3.9759  1.449    7  0.000  0.545    13.61    13.01     9.53     6.66     5.52  3 -2.95e-08      0.00 7.504e-01 2.491e-01 8.884e-05 2.397e-05 2.174e-04 -1.000 4.941e-04 -7.982 -7.658 -7.719 -7.782 -7.806 -7.772 -7.876 -7.789 -7.805 -7.768 -7.769 -7.774 -7.777 -7.781 -7.780 -7.797 -7.800 -7.846
0.00049103 -1.50000 7.05000 18.1136054993 2.6302098471   18.058  5.102  3.9568  1.372    7  0.000  0.545    16.48    14.96    10.89     7.62     6.33  3 -3.01e-08      0.00 7.504e-01 2.491e-01 8.884e-05 2.397e-05 2.174e-04 -1.000 4.941e-04 -7.984 -7.480 -7.592 -7.687 -7.750 -7.735 -7.914 -7.833 -7.856 -7.838 -7.843 -7.854 -7.861 -7.872 -7.872 -7.899 -7.903 -7.961
0.00049103 -1.50000 7.05000 18.1140632629 2.6302099695   18.058  5.102  3.9377  1.296    7  0.000  0.545    19.93    17.18    12.43     8.71     7.24  3 -3.04e-08      0.00 7.504e-01 2.491e-01 8.884e-05 2.397e-05 2.174e-04 -1.000 4.941e-04 -7.985 -7.242 -7.383 -7.510 -7.626 -7.635 -7.964 -7.899 -7.924 -7.915 -7.921 -7.933 -7.942 -7.955 -7.956 -7.991 -7.997 -8.074
0.00049103 -1.50000 7.05000 18.1145153046 2.6302100905   18.059  5.102  3.9191  1.221    7  0.000  0.545    23.96    19.66    14.14     9.93     8.25  3 -3.12e-08      0.00 7.504e-01 2.491e-01 8.884e-05 2.397e-05 2.174e-04 -1.000 4.941e-04 -7.984 -6.966 -7.165 -7.333 -7.507 -7.543 -7.983 -7.932 -7.962 -7.971 -7.981 -7.996 -8.008 -8.028 -8.030 -8.074 -8.082 -8.172
0.00049103 -1.50000 7.05000 18.1149578094 2.6302102088   18.059  5.101  3.9012  1.151    7  0.000  0.545    28.56    22.34    15.97    11.24     9.34  3 -3.37e-08      0.00 7.504e-01 2.491e-01 8.884e-05 2.397e-05 2.174e-04 -1.000 4.942e-04 -7.982 -6.594 -6.866 -7.097 -7.352 -7.420 -8.006 -7.972 -8.002 -8.018 -8.030 -8.046 -8.060 -8.083 -8.087 -8.141 -8.151 -8.259
0.00049103 -1.50000 7.05000 18.1153945923 2.6302103257   18.060  5.099  3.8842  1.084    7  0.000  0.545    33.67    25.18    17.91    12.63    10.49  3 -3.45e-08      0.00 7.504e-01 2.491e-01 8.884e-05 2.397e-05 2.174e-04 -1.000 4.942e-04 -7.978 -6.169 -6.540 -6.859 -7.202 -7.305 -8.008 -7.990 -8.019 -8.043 -8.056 -8.077 -8.093 -8.123 -8.129 -8.196 -8.207 -8.327
0.00049103 -1.50000 7.05000 18.1158275604 2.6302104415   18.060  5.097  3.8678  1.021    7  0.000  0.545    39.39    28.24    19.98    14.11    11.73  3 -3.45e-08      0.00 7.504e-01 2.491e-01 8.884e-05 2.397e-05 2.174e-04 -1.000 4.942e-04 -7.972 -5.763 -6.232 -6.653 -7.079 -7.218 -7.977 -7.972 -8.005 -8.048 -8.067 -8.093 -8.115 -8.156 -8.165 -8.246 -8.258 -8.383
0.00049103 -1.50000 7.05000 18.1162528992 2.6302105553   18.060  5.095  3.8519  0.960    7  0.000  0.545    45.85    31.54    22.20    15.70    13.06  3 -3.45e-08      0.00 7.504e-01 2.491e-01 8.884e-05 2.397e-05 2.174e-04 -1.000 4.941e-04 -7.966 -5.417 -5.945 -6.476 -6.981 -7.157 -7.920 -7.927 -7.968 -8.040 -8.065 -8.101 -8.130 -8.184 -8.196 -8.294 -8.305 -8.432
0.00049103 -1.50000 7.05000 18.1166725159 2.6302106675   18.061  5.092  3.8359  0.898    7  0.000  0.544    53.42    35.26    24.70    17.50    14.56  3 -3.47e-08      0.00 7.504e-01 2.491e-01 8.869e-05 2.411e-05 2.174e-04 -1.000 4.942e-04 -7.961 -5.122 -5.657 -6.308 -6.895 -7.110 -7.844 -7.861 -7.914 -8.024 -8.057 -8.103 -8.140 -8.209 -8.225 -8.340 -8.351 -8.478
0.00049103 -1.50000 7.05000 18.1170825958 2.6302107772   18.061  5.090  3.8195  0.835    7  0.000  0.542    62.53    39.54    27.56    19.56    16.27  3 -3.49e-08      0.00 7.504e-01 2.491e-01 8.828e-05 2.450e-05 2.174e-04 -1.000 4.941e-04 -7.956 -4.869 -5.350 -6.135 -6.812 -7.070 -7.745 -7.773 -7.844 -8.001 -8.045 -8.103 -8.150 -8.235 -8.254 -8.388 -8.399 -8.525
0.00049103 -1.50000 7.05000 18.1174907684 2.6302108863   18.062  5.087  3.8015  0.766    7  0.000  0.538    74.19    44.79    31.04    22.07    18.37  3 -3.54e-08      0.00 7.503e-01 2.492e-01 8.775e-05 2.519e-05 2.172e-04 -1.000 4.941e-04 -7.948 -4.667 -5.033 -5.953 -6.729 -7.036 -7.613 -7.651 -7.747 -7.965 -8.021 -8.094 -8.152 -8.257 -8.280 -8.435 -8.445 -8.573
0.00049103 -1.50000 7.05000 18.1176910400 2.6302109399   18.062  5.086  3.7923  0.731    7  0.000  0.537    80.94    47.73    32.98    23.47    19.54  3 -3.58e-08      0.00 7.503e-01 2.493e-01 8.747e-05 2.558e-05 2.172e-04 -1.000 4.941e-04 -7.944 -4.585 -4.872 -5.856 -6.686 -7.019 -7.540 -7.584 -7.693 -7.942 -8.004 -8.085 -8.149 -8.264 -8.290 -8.455 -8.465 -8.594
0.00049103 -1.50000 7.05000 18.1178874969 2.6302109924   18.062  5.084  3.7829  0.695    7  0.000  0.535    88.48    50.93    35.09    24.99    20.81  3 -3.61e-08      0.00 7.502e-01 2.493e-01 8.718e-05 2.599e-05 2.170e-04 -1.000 4.941e-04 -7.939 -4.501 -4.695 -5.744 -6.635 -6.996 -7.465 -7.514 -7.636 -7.917 -7.984 -8.074 -8.143 -8.268 -8.296 -8.473 -8.483 -8.614
0.00049103 -1.50000 7.05000 18.1180839539 2.6302110450   18.062  5.080  3.7718  0.653    7  0.000  0.533    98.01    54.87    37.68    26.87    22.38  3 -3.65e-08      0.00 7.501e-01 2.494e-01 8.686e-05 2.650e-05 2.169e-04 -1.000 4.941e-04 -7.931 -4.396 -4.442 -5.573 -6.544 -6.936 -7.366 -7.425 -7.563 -7.881 -7.956 -8.055 -8.131 -8.269 -8.300 -8.492 -8.502 -8.637
0.00049103 -1.50000 7.05000 18.1182823181 2.6302110980   18.062  5.077  3.7607  0.612    7  0.000  0.531   108.57    59.12    40.46    28.88    24.06  3 -3.68e-08      0.00 7.500e-01 2.495e-01 8.654e-05 2.701e-05 2.168e-04 -1.000 4.941e-04 -7.923 -4.300 -4.187 -5.403 -6.459 -6.882 -7.264 -7.332 -7.487 -7.842 -7.924 -8.034 -8.116 -8.266 -8.300 -8.506 -8.516 -8.656
0.00049103 -1.50000 7.05000 18.1184730530 2.6302111490   18.062  5.074  3.7498  0.572    7  0.000  0.529   119.98    63.59    43.38    31.00    25.82  3 -3.72e-08      0.00 7.499e-01 2.496e-01 8.622e-05 2.751e-05 2.166e-04 -1.000 4.940e-04 -7.915 -4.215 -3.914 -5.218 -6.366 -6.822 -7.161 -7.240 -7.411 -7.802 -7.891 -8.010 -8.098 -8.259 -8.296 -8.516 -8.526 -8.672
0.00049103 -1.50000 7.05000 18.1186637878 2.6302112000   18.063  5.069  3.7374  0.527    7  0.000  0.528   134.00    68.92    46.84    33.52    27.93  3 -3.76e-08      0.00 7.494e-01 2.502e-01 8.603e-05 2.816e-05 2.162e-04 -1.000 4.940e-04 -7.903 -4.118 -3.541 -4.965 -6.236 -6.731 -7.037 -7.131 -7.319 -7.751 -7.846 -7.976 -8.070 -8.243 -8.283 -8.518 -8.529 -8.684
0.00049103 -1.50000 7.05000 18.1188526154 2.6302112505   18.063  5.064  3.7250  0.483    7  0.000  0.527   149.52    74.65    50.56    36.22    30.18  3 -3.81e-08      0.00 7.488e-01 2.507e-01 8.585e-05 2.881e-05 2.157e-04 -1.000 4.941e-04 -7.889 -4.025 -3.040 -4.632 -6.063 -6.601 -6.894 -7.008 -7.219 -7.697 -7.800 -7.940 -8.041 -8.226 -8.270 -8.520 -8.532 -8.697
0.00049103 -1.50000 7.05000 18.1190395355 2.6302113005   18.063  5.056  3.7129  0.443    7  0.000  0.527   165.38    80.34    54.23    38.89    32.42  3 -3.85e-08      0.00 7.482e-01 2.513e-01 8.567e-05 2.945e-05 2.152e-04 -1.000 4.940e-04 -7.870 -3.938 -2.497 -4.254 -5.858 -6.439 -6.732 -6.870 -7.108 -7.634 -7.744 -7.896 -8.002 -8.200 -8.247 -8.512 -8.526 -8.701
0.00049103 -1.50000 7.05000 18.1192264557 2.6302113505   18.063  5.048  3.7009  0.403    7  0.000  0.526   182.61    86.36    58.11    41.71    34.78  3  -3.9e-08      0.00 7.476e-01 2.519e-01 8.549e-05 3.010e-05 2.147e-04 -1.000 4.940e-04 -7.850 -3.855 -1.929 -3.837 -5.623 -6.245 -6.553 -6.720 -6.987 -7.565 -7.683 -7.846 -7.959 -8.169 -8.220 -8.501 -8.516 -8.702
0.00049103 -1.50000 7.05000 18.1194076538 2.6302113989   18.063  5.037  3.6916  0.377    7  0.000  0.526   194.75    90.51    60.77    43.65    36.40  4 -4.96e-08      0.00 7.472e-01 2.523e-01 8.535e-05 3.062e-05 2.143e-04 -1.000 4.940e-04 -7.822 -3.783 -1.477 -3.480 -5.410 -6.063 -6.389 -6.581 -6.875 -7.495 -7.619 -7.792 -7.910 -8.130 -8.184 -8.477 -8.493 -8.689
0.00049103 -1.50000 7.05000 18.1197681427 2.6302114953   18.064  5.012  3.6770  0.343    7  0.000  0.523   211.88    96.25    64.44    46.33    38.64  4 -7.49e-08      0.00 7.461e-01 2.534e-01 8.466e-05 3.228e-05 2.133e-04 -1.000 4.941e-04 -7.760 -3.638 -0.771 -2.642 -4.813 -5.512 -5.943 -6.222 -6.601 -7.345 -7.486 -7.681 -7.812 -8.054 -8.113 -8.430 -8.447 -8.660
0.00049103 -1.50000 7.05000 18.1201171875 2.6302115886   18.064  4.988  3.6673  0.328    7  0.000  0.522   219.56    98.78    66.06    47.52    39.63  4 -4.27e-08      0.00 7.450e-01 2.545e-01 8.427e-05 3.346e-05 2.124e-04 -1.000 4.941e-04 -7.699 -3.515 -0.246 -1.903 -4.256 -4.984 -5.512 -5.876 -6.339 -7.201 -7.359 -7.576 -7.719 -7.980 -8.043 -8.378 -8.397 -8.623
0.00049103 -1.50000 7.05000 18.1206226349 2.6302117237   18.064  5.001  3.6558  0.269    7  0.000  0.477   254.03   109.85    73.12    52.67    43.94  4 -4.61e-08      0.00 7.393e-01 2.602e-01 7.550e-05 4.717e-05 2.073e-04 -1.000 4.941e-04 -7.732 -3.472 0.309 -1.095 -3.686 -4.447 -5.067 -5.532 -6.100 -7.111 -7.289 -7.536 -7.694 -7.982 -8.050 -8.410 -8.431 -8.675
0.00049103 -1.50000 7.05000 18.1209449768 2.6302118099   18.064  5.081  3.6465  0.152    7  0.000  0.401   309.04   135.87    89.58    64.73    54.03  3 -8.67e-08      0.00 7.154e-01 2.841e-01 5.617e-05 9.150e-05 1.821e-04 -1.000 4.940e-04 -7.932 -3.619 0.562 -0.756 -3.536 -4.319 -4.972 -5.489 -6.115 -7.212 -7.401 -7.669 -7.835 -8.142 -8.215 -8.596 -8.618 -8.878
0.00049103 -1.50000 7.05000 18.1210784912 2.6302118456   18.064  5.132  3.6421  0.083    7  0.000  0.366   343.75   153.88   100.88    73.03    60.98  3 -1.24e-07      0.00 6.992e-01 3.003e-01 4.578e-05 1.190e-04 1.646e-04 -1.000 4.941e-04 -8.061 -3.721 0.631 -0.622 -3.492 -4.284 -4.949 -5.492 -6.147 -7.288 -7.484 -7.763 -7.933 -8.249 -8.325 -8.717 -8.740 -9.007
0.00049103 -1.50000 7.05000 18.1212825775 2.6302119001   18.065  5.171  3.6390  0.032    7  0.000  0.354   371.92   168.72   110.15    79.85    66.69  3 -1.74e-07      0.00 6.912e-01 3.083e-01 4.137e-05 1.321e-04 1.556e-04 -1.000 4.940e-04 -8.157 -3.798 0.662 -0.530 -3.465 -4.263 -4.932 -5.492 -6.170 -7.344 -7.545 -7.832 -8.004 -8.329 -8.407 -8.807 -8.830 -9.103
0.00049103 -1.50000 7.05000 18.1228961945 2.6302123314   18.066  5.226  3.6345 -0.041    7  0.000  0.352   416.69   192.69   125.05    90.84    75.88  3 -2.79e-07      0.00 6.865e-01 3.130e-01 3.985e-05 1.384e-04 1.505e-04 -1.000 4.940e-04 -8.295 -3.909 0.652 -0.454 -3.466 -4.270 -4.937 -5.518 -6.219 -7.430 -7.635 -7.932 -8.107 -8.440 -8.521 -8.931 -8.955 -9.236
0.00049103 -1.50000 7.05000 18.1244640350 2.6302127503   18.067  5.239  3.6333 -0.059    7  0.000  0.352   428.22   198.94   128.92    93.69    78.27  3 -2.96e-07      0.00 6.849e-01 3.146e-01 3.965e-05 1.394e-04 1.498e-04 -1.000 4.941e-04 -8.328 -3.935 0.645 -0.444 -3.472 -4.277 -4.944 -5.529 -6.234 -7.451 -7.657 -7.956 -8.132 -8.467 -8.548 -8.960 -8.985 -9.267
0.00049103 -1.50000 7.05000 18.1250267029 2.6302129007   18.068  5.236  3.6337 -0.054    7  0.000  0.353   424.90   197.14   127.81    92.87    77.58  3 -3.02e-07      0.00 6.838e-01 3.157e-01 3.956e-05 1.398e-04 1.494e-04 -1.000 4.941e-04 -8.319 -3.929 0.645 -0.450 -3.473 -4.277 -4.945 -5.528 -6.232 -7.447 -7.652 -7.950 -8.126 -8.460 -8.542 -8.953 -8.977 -9.259
0.00049103 -1.50000 7.05000 18.1255989075 2.6302130536   18.068  5.237  3.6337 -0.055    7  0.000  0.353   425.66   197.55   128.06    93.05    77.74  3 -2.99e-07      0.00 6.825e-01 3.170e-01 3.947e-05 1.403e-04 1.490e-04 -1.000 4.940e-04 -8.322 -3.931 0.643 -0.452 -3.475 -4.279 -4.947 -5.530 -6.234 -7.449 -7.654 -7.953 -8.129 -8.463 -8.544 -8.956 -8.980 -9.262
0.00049103 -1.50000 7.05000 18.1258239746 2.6302131137   18.071  5.236  3.6338 -0.054    7  0.000  0.353   425.13   197.26   127.88    92.92    77.63  3 -3.02e-07      0.00 6.820e-01 3.176e-01 3.943e-05 1.404e-04 1.489e-04 -1.000 4.941e-04 -8.321 -3.931 0.642 -0.454 -3.476 -4.280 -4.948 -5.531 -6.234 -7.449 -7.654 -7.953 -8.128 -8.463 -8.544 -8.955 -8.979 -9.261
