 Zini     MH   logAge Mini        int_IMF         Mass   logL    logTe  logg  label   McoreTP C_O  period0  period1  period2  period3  period4  pmode  Mloss  tau1m   X   Y   Xc  Xn  Xo  Cexcess  Z 	 mbolmag  F170Wmag  F218Wmag  F255Wmag  F300Wmag  F336Wmag  F380Wmag  F439Wmag  F450Wmag  F555Wmag  F569Wmag  F606Wmag  F622Wmag  F675Wmag  F702Wmag  F791Wmag  F814Wmag  F850LPmag
0.00061788 -1.40000 6.65000 0.0900000036 1.0816895926    0.090 -1.578  3.5214  4.008    0  0.000  0.545     0.00     0.00     0.00     0.00     0.00 -1 -1.11e-14      0.00 7.499e-01 2.494e-01 1.174e-04 3.167e-05 2.872e-04 -1.000 6.527e-04 8.714 13.356 18.188 17.575 13.993 13.167 12.749 12.139 11.608 10.282 10.072 9.699 9.505 9.077 8.878 8.206 8.163 7.735
0.00061788 -1.40000 6.65000 0.0970203578 1.1457231098    0.097 -1.538  3.5253  4.016    0  0.000  0.545     0.00     0.00     0.00     0.00     0.00 -1 -1.16e-14      0.00 7.499e-01 2.494e-01 1.174e-04 3.167e-05 2.872e-04 -1.000 6.526e-04 8.614 13.240 18.056 17.372 13.825 12.993 12.567 11.969 11.447 10.138 9.929 9.559 9.365 8.943 8.753 8.099 8.056 7.636
0.00061788 -1.40000 6.65000 0.1000000089 1.1711064744    0.100 -1.521  3.5269  4.019    0  0.000  0.545     0.00     0.00     0.00     0.00     0.00 -1 -1.18e-14      0.00 7.499e-01 2.494e-01 1.174e-04 3.167e-05 2.872e-04 -1.000 6.526e-04 8.574 13.194 18.003 17.292 13.757 12.924 12.495 11.901 11.383 10.080 9.872 9.503 9.308 8.889 8.703 8.055 8.013 7.596
0.00061788 -1.40000 6.65000 0.1263953447 1.3600615653    0.126 -1.385  3.5383  4.030    0  0.000  0.545     0.00     0.00     0.00     0.00     0.00 -1 -1.42e-14      0.00 7.499e-01 2.494e-01 1.174e-04 3.167e-05 2.872e-04 -1.000 6.528e-04 8.232 12.810 17.565 16.654 13.223 12.378 11.929 11.370 10.875 9.622 9.418 9.056 8.863 8.459 8.297 7.695 7.656 7.259
0.00061788 -1.40000 6.65000 0.1369469762 1.4217479331    0.137 -1.335  3.5421  4.029    0  0.000  0.545     0.00     0.00     0.00     0.00     0.00 -1 -1.53e-14      0.00 7.499e-01 2.494e-01 1.174e-04 3.167e-05 2.872e-04 -1.000 6.527e-04 8.107 12.672 17.406 16.430 13.032 12.186 11.733 11.185 10.698 9.461 9.259 8.899 8.707 8.308 8.153 7.565 7.526 7.136
0.00061788 -1.40000 6.65000 0.1444518864 1.4619806332    0.144 -1.300  3.5446  4.028    0  0.000  0.545     0.00     0.00     0.00     0.00     0.00 -1 -1.61e-14      0.00 7.499e-01 2.494e-01 1.174e-04 3.167e-05 2.872e-04 -1.000 6.527e-04 8.021 12.578 17.297 16.278 12.903 12.055 11.601 11.060 10.578 9.352 9.152 8.794 8.602 8.206 8.055 7.476 7.438 7.053
0.00061788 -1.40000 6.65000 0.1474083960 1.4770909208    0.147 -1.287  3.5456  4.027    0  0.000  0.545     0.00     0.00     0.00     0.00     0.00 -1 -1.65e-14      0.00 7.499e-01 2.494e-01 1.174e-04 3.167e-05 2.872e-04 -1.000 6.526e-04 7.987 12.541 17.253 16.217 12.851 12.002 11.548 11.009 10.529 9.308 9.108 8.751 8.560 8.165 8.016 7.441 7.403 7.019
0.00061788 -1.40000 6.65000 0.1564510912 1.5209655768    0.156 -1.253  3.5483  4.031    0  0.000  0.545     0.00     0.00     0.00     0.00     0.00 -1 -1.73e-14      0.00 7.499e-01 2.494e-01 1.174e-04 3.167e-05 2.872e-04 -1.000 6.526e-04 7.902 12.446 17.142 16.058 12.717 11.867 11.412 10.881 10.406 9.198 8.999 8.644 8.453 8.062 7.917 7.353 7.315 6.936
0.00061788 -1.40000 6.65000 0.1717439741 1.5881373502    0.172 -1.198  3.5533  4.036    0  0.000  0.545     0.00     0.00     0.00     0.00     0.00 -1 -1.87e-14      0.00 7.499e-01 2.494e-01 1.174e-04 3.167e-05 2.872e-04 -1.000 6.527e-04 7.765 12.293 16.952 15.783 12.492 11.640 11.186 10.669 10.203 9.016 8.820 8.469 8.279 7.894 7.758 7.209 7.173 6.802
0.00061788 -1.40000 6.65000 0.1874135584 1.6493439203    0.187 -1.149  3.5579  4.043    0  0.000  0.545     0.00     0.00     0.00     0.00     0.00 -1 -1.99e-14      0.00 7.499e-01 2.494e-01 1.174e-04 3.167e-05 2.872e-04 -1.000 6.527e-04 7.642 12.154 16.777 15.527 12.285 11.433 10.981 10.476 10.018 8.853 8.659 8.312 8.123 7.743 7.614 7.081 7.045 6.682
0.00061788 -1.40000 6.65000 0.2062743455 1.7147409617    0.206 -1.099  3.5625  4.054    0  0.000  0.545     0.00     0.00     0.00     0.00     0.00 -1 -2.09e-14      0.00 7.499e-01 2.494e-01 1.174e-04 3.167e-05 2.872e-04 -1.000 6.528e-04 7.518 12.016 16.598 15.268 12.080 11.227 10.781 10.287 9.837 8.692 8.500 8.157 7.970 7.596 7.472 6.953 6.918 6.562
0.00061788 -1.40000 6.65000 0.2255561501 1.7740158834    0.226 -1.047  3.5675  4.061    0  0.000  0.545     0.00     0.00     0.00     0.00     0.00 -1 -2.24e-14      0.00 7.499e-01 2.494e-01 1.174e-04 3.167e-05 2.872e-04 -1.000 6.526e-04 7.389 11.871 16.404 14.987 11.861 11.010 10.570 10.088 9.646 8.523 8.333 7.996 7.810 7.441 7.324 6.819 6.785 6.436
0.00061788 -1.40000 6.65000 0.2465755492 1.8315554077    0.247 -1.001  3.5722  4.072    0  0.000  0.545     0.00     0.00     0.00     0.00     0.00 -1 -2.35e-14      0.00 7.499e-01 2.494e-01 1.174e-04 3.167e-05 2.872e-04 -1.000 6.526e-04 7.272 11.740 16.224 14.729 11.657 10.807 10.375 9.905 9.470 8.369 8.182 7.850 7.665 7.302 7.190 6.698 6.665 6.323
0.00061788 -1.40000 6.65000 0.2686667442 1.8855314657    0.269 -0.953  3.5776  4.083    0  0.000  0.545     0.00     0.00     0.00     0.00     0.00 -1 -2.48e-14      0.00 7.499e-01 2.494e-01 1.174e-04 3.167e-05 2.872e-04 -1.000 6.526e-04 7.154 11.603 16.028 14.450 11.432 10.583 10.165 9.707 9.282 8.207 8.023 7.698 7.515 7.159 7.052 6.574 6.541 6.207
0.00061788 -1.40000 6.65000 0.2975167334 1.9479139448    0.297 -0.896  3.5845  4.097    0  0.000  0.545     0.00     0.00     0.00     0.00     0.00 -1 -2.65e-14      0.00 7.499e-01 2.494e-01 1.174e-04 3.167e-05 2.872e-04 -1.000 6.527e-04 7.010 11.438 15.771 14.088 11.157 10.312 9.913 9.470 9.056 8.013 7.833 7.516 7.336 6.989 6.888 6.425 6.393 6.069
0.00061788 -1.40000 6.65000 0.3000000715 1.9529140962    0.300 -0.891  3.5851  4.099    0  0.000  0.545     0.00     0.00     0.00     0.00     0.00 -1 -2.66e-14      0.00 7.499e-01 2.494e-01 1.174e-04 3.167e-05 2.872e-04 -1.000 6.527e-04 6.999 11.425 15.750 14.058 11.135 10.291 9.893 9.452 9.039 7.997 7.818 7.502 7.322 6.976 6.875 6.413 6.382 6.058
0.00061788 -1.40000 6.65000 0.3196109235 1.9905981170    0.320 -0.856  3.5895  4.108    0  0.000  0.545     0.00     0.00     0.00     0.00     0.00 -1 -2.77e-14      0.00 7.499e-01 2.494e-01 1.174e-04 3.167e-05 2.872e-04 -1.000 6.526e-04 6.910 11.323 15.583 13.824 10.963 10.123 9.737 9.305 8.899 7.878 7.701 7.391 7.213 6.872 6.774 6.321 6.290 5.972
0.00061788 -1.40000 6.65000 0.3500000238 2.0434175133    0.350 -0.804  3.5960  4.122    0  0.000  0.545     0.00     0.00     0.00     0.00     0.00 -1 -2.93e-14      0.00 7.499e-01 2.494e-01 1.174e-04 3.167e-05 2.872e-04 -1.000 6.526e-04 6.781 11.172 15.333 13.494 10.701 9.864 9.505 9.085 8.690 7.700 7.528 7.227 7.052 6.720 6.627 6.187 6.157 5.848
0.00061788 -1.40000 6.65000 0.3646496236 2.0667948108    0.365 -0.780  3.5995  4.130    0  0.000  0.545     0.00     0.00     0.00     0.00     0.00 -1 -3.01e-14      0.00 7.499e-01 2.494e-01 1.174e-04 3.167e-05 2.872e-04 -1.000 6.526e-04 6.719 11.099 15.206 13.325 10.567 9.732 9.387 8.974 8.585 7.612 7.443 7.147 6.973 6.646 6.555 6.122 6.094 5.789
0.00061788 -1.40000 6.65000 0.4000000358 2.1185024810    0.400 -0.723  3.6077  4.146    0  0.000  0.545     0.00     0.00     0.00     0.00     0.00 -1 -3.22e-14      0.00 7.499e-01 2.494e-01 1.174e-04 3.167e-05 2.872e-04 -1.000 6.527e-04 6.578 10.931 14.954 12.978 10.262 9.431 9.122 8.723 8.349 7.414 7.251 6.966 6.795 6.480 6.393 5.976 5.948 5.654
0.00061788 -1.40000 6.65000 0.4500000477 2.1822809714    0.450 -0.651  3.6190  4.170    0  0.000  0.545     0.00     0.00     0.00     0.00     0.00 -1 -3.48e-14      0.00 7.499e-01 2.494e-01 1.174e-04 3.167e-05 2.872e-04 -1.000 6.527e-04 6.398 10.710 14.570 12.475 9.838 9.014 8.766 8.387 8.033 7.153 6.997 6.729 6.564 6.265 6.185 5.788 5.763 5.484
0.00061788 -1.40000 6.65000 0.4524208009 2.1851327706    0.452 -0.647  3.6196  4.171    0  0.000  0.545     0.00     0.00     0.00     0.00     0.00 -1  -3.5e-14      0.00 7.499e-01 2.494e-01 1.174e-04 3.167e-05 2.872e-04 -1.000 6.527e-04 6.388 10.698 14.549 12.448 9.816 8.992 8.747 8.369 8.017 7.139 6.984 6.717 6.552 6.254 6.174 5.778 5.753 5.475
0.00061788 -1.40000 6.65000 0.5000000000 2.2374541529    0.500 -0.572  3.6308  4.184    0  0.000  0.545     0.00     0.00     0.00     0.00     0.00 -1 -3.89e-14      0.00 7.499e-01 2.494e-01 1.174e-04 3.167e-05 2.872e-04 -1.000 6.527e-04 6.200 10.468 14.023 11.848 9.383 8.576 8.395 8.040 7.704 6.876 6.729 6.477 6.318 6.035 5.961 5.585 5.561 5.298
0.00061788 -1.40000 6.65000 0.5145681500 2.2519842855    0.515 -0.556  3.6340  4.194    0  0.000  0.545     0.00     0.00     0.00     0.00     0.00 -1 -3.94e-14      0.00 7.499e-01 2.494e-01 1.174e-04 3.167e-05 2.872e-04 -1.000 6.527e-04 6.161 10.414 13.880 11.684 9.268 8.467 8.306 7.958 7.627 6.813 6.669 6.422 6.265 5.986 5.913 5.543 5.520 5.261
0.00061788 -1.40000 6.65000 0.5500000715 2.2836583126    0.550 -0.519  3.6416  4.215    0  0.000  0.545     0.00     0.00     0.00     0.00     0.00 -1 -4.05e-14      0.00 7.499e-01 2.494e-01 1.174e-04 3.167e-05 2.872e-04 -1.000 6.527e-04 6.066 10.288 13.556 11.310 9.000 8.213 8.098 7.768 7.448 6.668 6.528 6.292 6.139 5.871 5.801 5.444 5.422 5.173
0.00061788 -1.40000 6.65000 0.5649014115 2.2956223633    0.565 -0.498  3.6451  4.220    0  0.000  0.545     0.00     0.00     0.00     0.00     0.00 -1 -4.17e-14      0.00 7.499e-01 2.494e-01 1.174e-04 3.167e-05 2.872e-04 -1.000 6.527e-04 6.014 10.220 13.420 11.140 8.866 8.086 7.992 7.672 7.357 6.592 6.455 6.223 6.073 5.809 5.741 5.390 5.368 5.124
0.00061788 -1.40000 6.65000 0.5858506560 2.3112643214    0.586 -0.468  3.6499  4.226    0  0.000  0.545     0.00     0.00     0.00     0.00     0.00 -1 -4.36e-14      0.00 7.499e-01 2.494e-01 1.174e-04 3.167e-05 2.872e-04 -1.000 6.527e-04 5.941 10.125 13.233 10.908 8.681 7.910 7.846 7.539 7.231 6.487 6.353 6.128 5.980 5.723 5.657 5.314 5.293 5.055
0.00061788 -1.40000 6.65000 0.6000000238 2.3211213258    0.600 -0.448  3.6531  4.228    0  0.000  0.545     0.00     0.00     0.00     0.00     0.00 -1  -4.5e-14      0.00 7.499e-01 2.494e-01 1.174e-04 3.167e-05 2.872e-04 -1.000 6.527e-04 5.890 10.059 13.071 10.735 8.555 7.794 7.748 7.452 7.147 6.416 6.284 6.064 5.918 5.664 5.599 5.261 5.241 5.006
0.00061788 -1.40000 6.65000 0.6082752347 2.3266423800    0.608 -0.437  3.6549  4.231    0  0.000  0.545     0.00     0.00     0.00     0.00     0.00 -1 -4.57e-14      0.00 7.499e-01 2.494e-01 1.174e-04 3.167e-05 2.872e-04 -1.000 6.527e-04 5.863 10.024 12.981 10.641 8.487 7.731 7.695 7.404 7.102 6.379 6.247 6.029 5.885 5.633 5.569 5.233 5.213 4.981
0.00061788 -1.40000 6.65000 0.6356597543 2.3437399928    0.636 -0.400  3.6607  4.236    0  0.000  0.545     0.00     0.00     0.00     0.00     0.00 -1 -4.84e-14      0.00 7.499e-01 2.494e-01 1.174e-04 3.167e-05 2.872e-04 -1.000 6.526e-04 5.769 9.902 12.669 10.323 8.259 7.520 7.518 7.245 6.950 6.250 6.122 5.911 5.771 5.526 5.464 5.137 5.117 4.892
0.00061788 -1.40000 6.65000 0.6499999762 2.3520353107    0.650 -0.380  3.6637  4.238    0  0.000  0.545     0.00     0.00     0.00     0.00     0.00 -1    -5e-14      0.00 7.499e-01 2.494e-01 1.174e-04 3.167e-05 2.872e-04 -1.000 6.527e-04 5.720 9.837 12.445 10.139 8.140 7.414 7.427 7.165 6.873 6.184 6.057 5.851 5.712 5.471 5.410 5.087 5.068 4.846
0.00061788 -1.40000 6.65000 0.6781442761 2.3671490472    0.678 -0.342  3.6695  4.241    0  0.000  0.545     0.00     0.00     0.00     0.00     0.00 -1 -5.32e-14      0.00 7.499e-01 2.494e-01 1.174e-04 3.167e-05 2.872e-04 -1.000 6.527e-04 5.625 9.712 12.015 9.786 7.912 7.208 7.253 7.010 6.723 6.057 5.933 5.734 5.600 5.364 5.305 4.990 4.972 4.757
0.00061788 -1.40000 6.65000 0.7000000477 2.3779267258    0.700 -0.313  3.6737  4.243    0  0.000  0.545     0.00     0.00     0.00     0.00     0.00 -1 -5.58e-14      0.00 7.499e-01 2.494e-01 1.174e-04 3.167e-05 2.872e-04 -1.000 6.527e-04 5.554 9.618 11.722 9.552 7.749 7.061 7.128 6.899 6.617 5.965 5.843 5.649 5.517 5.285 5.227 4.917 4.900 4.690
0.00061788 -1.40000 6.65000 0.7022216320 2.3789791347    0.702 -0.310  3.6745  4.245    0  0.000  0.545     0.00     0.00     0.00     0.00     0.00 -1 -5.61e-14      0.00 7.499e-01 2.494e-01 1.173e-04 3.166e-05 2.872e-04 -1.000 6.526e-04 5.545 9.605 11.670 9.511 7.723 7.038 7.109 6.883 6.601 5.952 5.830 5.637 5.506 5.275 5.217 4.908 4.891 4.682
0.00061788 -1.40000 6.65000 0.7437716722 2.3973378173    0.744 -0.239  3.6904  4.262    0  0.000  0.539     0.00     0.00     0.00     0.00     0.00 -1  -6.3e-14      0.00 7.499e-01 2.494e-01 1.160e-04 3.163e-05 2.872e-04 -1.000 6.527e-04 5.366 9.338 10.804 8.794 7.215 6.586 6.736 6.564 6.298 5.702 5.586 5.409 5.288 5.070 5.017 4.727 4.712 4.520
0.00061788 -1.40000 6.65000 0.7500000000 2.3998889087    0.750 -0.227  3.6928  4.264    0  0.000  0.538     0.00     0.00     0.00     0.00     0.00 -1 -6.43e-14      0.00 7.499e-01 2.494e-01 1.158e-04 3.163e-05 2.872e-04 -1.000 6.528e-04 5.338 9.295 10.656 8.689 7.142 6.521 6.682 6.518 6.255 5.665 5.550 5.376 5.255 5.040 4.987 4.700 4.685 4.496
0.00061788 -1.40000 6.65000 0.7958886027 2.4172780447    0.796 -0.161  3.7016  4.259    0  0.000  0.538     0.00     0.00     0.00     0.00     0.00 -1  -7.3e-14      0.00 7.499e-01 2.494e-01 1.158e-04 3.163e-05 2.872e-04 -1.000 6.526e-04 5.174 9.073 10.049 8.239 6.810 6.221 6.422 6.286 6.032 5.469 5.357 5.191 5.075 4.867 4.816 4.538 4.524 4.344
0.00061788 -1.40000 6.65000 0.8000000715 2.4187244613    0.800 -0.155  3.7024  4.258    0  0.000  0.538     0.00     0.00     0.00     0.00     0.00 -1 -7.38e-14      0.00 7.499e-01 2.494e-01 1.158e-04 3.163e-05 2.872e-04 -1.000 6.526e-04 5.159 9.052 9.995 8.200 6.781 6.195 6.399 6.265 6.012 5.451 5.339 5.174 5.059 4.851 4.801 4.524 4.510 4.330
0.00061788 -1.40000 6.65000 0.8262763023 2.4275788424    0.826 -0.122  3.7074  4.258    0  0.000  0.538     0.00     0.00     0.00     0.00     0.00 -1 -7.84e-14      0.00 7.499e-01 2.494e-01 1.158e-04 3.163e-05 2.872e-04 -1.000 6.526e-04 5.075 8.933 9.673 7.966 6.609 6.040 6.264 6.145 5.899 5.352 5.242 5.081 4.968 4.764 4.715 4.443 4.430 4.255
0.00061788 -1.40000 6.65000 0.8500000238 2.4350346840    0.850 -0.086  3.7124  4.255    0  0.000  0.538     0.00     0.00     0.00     0.00     0.00 -1 -8.44e-14      0.00 7.499e-01 2.494e-01 1.158e-04 3.163e-05 2.872e-04 -1.000 6.527e-04 4.984 8.803 9.346 7.726 6.430 5.878 6.123 6.019 5.778 5.246 5.138 4.981 4.871 4.670 4.623 4.356 4.343 4.174
0.00061788 -1.40000 6.65000 0.8999999762 2.4492786016    0.899 -0.008  3.7229  4.244    0  0.000  0.538     0.00     0.00     0.00     0.00     0.00 -1 -9.92e-14      0.00 7.499e-01 2.494e-01 1.158e-04 3.163e-05 2.872e-04 -1.000 6.527e-04 4.790 8.518 8.696 7.243 6.064 5.548 5.831 5.754 5.527 5.024 4.920 4.771 4.666 4.473 4.428 4.172 4.161 4.001
0.00061788 -1.40000 6.65000 0.9305151701 2.4571119761    0.930  0.035  3.7287  4.238    0  0.000  0.538     0.00     0.00     0.00     0.00     0.00 -1 -1.08e-13      0.00 7.499e-01 2.494e-01 1.158e-04 3.163e-05 2.872e-04 -1.000 6.527e-04 4.682 8.354 8.349 6.981 5.865 5.368 5.671 5.609 5.389 4.903 4.800 4.656 4.553 4.365 4.321 4.072 4.061 3.906
0.00061788 -1.40000 6.65000 0.9499999881 2.4618121868    0.950  0.064  3.7327  4.234    0  0.000  0.538     0.00     0.00     0.00     0.00     0.00 -1 -1.15e-13      0.00 7.499e-01 2.494e-01 1.158e-04 3.163e-05 2.872e-04 -1.000 6.526e-04 4.610 8.240 8.128 6.812 5.736 5.251 5.566 5.513 5.298 4.823 4.722 4.580 4.479 4.294 4.251 4.005 3.994 3.843
0.00061788 -1.40000 6.65000 0.9567328691 2.4633852271    0.956  0.073  3.7339  4.233    0  0.000  0.538     0.00     0.00     0.00     0.00     0.00 -1 -1.17e-13      0.00 7.499e-01 2.494e-01 1.158e-04 3.163e-05 2.872e-04 -1.000 6.527e-04 4.586 8.204 8.060 6.759 5.695 5.214 5.532 5.482 5.269 4.797 4.696 4.556 4.455 4.271 4.228 3.983 3.972 3.823
0.00061788 -1.40000 6.65000 1.0000000000 2.4729154477    1.000  0.151  3.7432  4.212    0  0.000  0.538     0.00     0.00     0.00     0.00     0.00 -1  -1.4e-13      0.00 7.499e-01 2.494e-01 1.158e-04 3.163e-05 2.872e-04 -1.000 6.527e-04 4.392 7.899 7.520 6.339 5.373 4.923 5.265 5.234 5.033 4.586 4.489 4.355 4.257 4.080 4.039 3.804 3.794 3.653
0.00061788 -1.40000 6.65000 1.0459853411 2.4820569998    1.045  0.233  3.7526  4.187    0  0.000  0.538     0.00     0.00     0.00     0.00     0.00 -1 -1.58e-13      0.00 7.499e-01 2.494e-01 1.158e-04 3.163e-05 2.872e-04 -1.000 6.527e-04 4.189 7.555 6.971 5.909 5.047 4.633 4.991 4.977 4.788 4.367 4.274 4.147 4.054 3.885 3.846 3.620 3.611 3.478
0.00061788 -1.40000 6.65000 1.0499999523 2.4828114860    1.050  0.241  3.7535  4.184    0  0.000  0.538     0.00     0.00     0.00     0.00     0.00 -1  -1.6e-13      0.00 7.499e-01 2.494e-01 1.158e-04 3.163e-05 2.872e-04 -1.000 6.527e-04 4.168 7.519 6.920 5.869 5.015 4.605 4.964 4.952 4.764 4.346 4.253 4.127 4.034 3.865 3.826 3.602 3.593 3.461
0.00061788 -1.40000 6.65000 1.1000000238 2.4916801480    1.099  0.344  3.7644  4.144    0  0.000  0.538     0.00     0.00     0.00     0.00     0.00 -1 -1.92e-13      0.00 7.499e-01 2.494e-01 1.158e-04 3.163e-05 2.872e-04 -1.000 6.527e-04 3.909 7.070 6.303 5.374 4.629 4.258 4.631 4.635 4.461 4.073 3.985 3.866 3.778 3.618 3.581 3.368 3.360 3.237
0.00061788 -1.40000 6.65000 1.1163200140 2.4943778483    1.116  0.381  3.7680  4.129    0  0.000  0.538     0.00     0.00     0.00     0.00     0.00 -1 -2.04e-13      0.00 7.499e-01 2.494e-01 1.158e-04 3.163e-05 2.872e-04 -1.000 6.526e-04 3.818 6.910 6.102 5.210 4.499 4.141 4.517 4.525 4.356 3.978 3.891 3.775 3.689 3.531 3.495 3.285 3.278 3.158
0.00061788 -1.40000 6.65000 1.1499999762 2.4996678137    1.149  0.464  3.7760  4.091    0  0.000  0.538     0.00     0.00     0.00     0.00     0.00 -1  -2.4e-13      0.00 7.499e-01 2.494e-01 1.158e-04 3.163e-05 2.872e-04 -1.000 6.527e-04 3.610 6.542 5.669 4.854 4.214 3.884 4.261 4.278 4.119 3.762 3.679 3.568 3.485 3.334 3.300 3.098 3.091 2.978
0.00061788 -1.40000 6.65000 1.1693876982 2.5025545373    1.169  0.514  3.7808  4.067    0  0.000  0.538     0.00     0.00     0.00     0.00     0.00 -1 -2.65e-13      0.00 7.499e-01 2.494e-01 1.158e-04 3.163e-05 2.872e-04 -1.000 6.526e-04 3.484 6.319 5.418 4.647 4.045 3.732 4.108 4.129 3.976 3.632 3.551 3.443 3.362 3.215 3.182 2.984 2.978 2.869
0.00061788 -1.40000 6.65000 1.2000000477 2.5068948796    1.200  0.594  3.7890  4.031    0  0.000  0.538     0.00     0.00     0.00     0.00     0.00 -1 -3.09e-13      0.00 7.499e-01 2.494e-01 1.158e-04 3.163e-05 2.872e-04 -1.000 6.526e-04 3.286 5.960 5.039 4.332 3.789 3.501 3.869 3.893 3.749 3.425 3.348 3.246 3.168 3.027 2.996 2.807 2.801 2.699
0.00061788 -1.40000 6.65000 1.2093900442 2.5081756938    1.209  0.618  3.7915  4.021    0  0.000  0.538     0.00     0.00     0.00     0.00     0.00 -1 -3.22e-13      0.00 7.499e-01 2.494e-01 1.158e-04 3.163e-05 2.872e-04 -1.000 6.527e-04 3.225 5.850 4.926 4.238 3.712 3.432 3.796 3.821 3.680 3.362 3.286 3.186 3.109 2.970 2.939 2.753 2.747 2.648
0.00061788 -1.40000 6.65000 1.2421125174 2.5124656052    1.242  0.696  3.8012  3.993    0  0.000  0.538     0.00     0.00     0.00     0.00     0.00 -1 -3.68e-13      0.00 7.499e-01 2.494e-01 1.158e-04 3.163e-05 2.872e-04 -1.000 6.527e-04 3.029 5.476 4.552 3.929 3.463 3.211 3.555 3.581 3.451 3.155 3.084 2.990 2.917 2.786 2.757 2.581 2.576 2.484
0.00061788 -1.40000 6.65000 1.2500000000 2.5134610955    1.250  0.714  3.8037  3.987    0  0.000  0.538     0.00     0.00     0.00     0.00     0.00 -1 -3.79e-13      0.00 7.499e-01 2.494e-01 1.158e-04 3.163e-05 2.872e-04 -1.000 6.527e-04 2.984 5.389 4.468 3.861 3.408 3.162 3.500 3.526 3.398 3.108 3.037 2.945 2.873 2.744 2.716 2.542 2.537 2.447
0.00061788 -1.40000 6.65000 1.2573764324 2.5143791002    1.257  0.731  3.8061  3.983    0  0.000  0.538     0.00     0.00     0.00     0.00     0.00 -1 -3.87e-13      0.00 7.499e-01 2.494e-01 1.158e-04 3.163e-05 2.872e-04 -1.000 6.526e-04 2.943 5.307 4.389 3.796 3.356 3.117 3.449 3.474 3.349 3.064 2.994 2.904 2.833 2.706 2.678 2.506 2.502 2.414
0.00061788 -1.40000 6.65000 1.2914888859 2.5184680544    1.291  0.802  3.8188  3.974    0  0.000  0.538     0.00     0.00     0.00     0.00     0.00 -1  -4.2e-13      0.00 7.499e-01 2.494e-01 1.158e-04 3.163e-05 2.872e-04 -1.000 6.526e-04 2.765 4.930 4.035 3.510 3.131 2.923 3.221 3.244 3.130 2.872 2.807 2.725 2.660 2.543 2.517 2.359 2.355 2.277
0.00061788 -1.40000 6.65000 1.2999999523 2.5194498592    1.300  0.819  3.8225  3.975    0  0.000  0.538     0.00     0.00     0.00     0.00     0.00 -1 -4.27e-13      0.00 7.499e-01 2.494e-01 1.158e-04 3.163e-05 2.872e-04 -1.000 6.527e-04 2.723 4.836 3.948 3.440 3.077 2.877 3.165 3.188 3.077 2.826 2.763 2.683 2.619 2.505 2.480 2.325 2.322 2.247
0.00061788 -1.40000 6.65000 1.3157979250 2.5212335949    1.316  0.850  3.8298  3.979    0  0.000  0.538     0.00     0.00     0.00     0.00     0.00 -1 -4.35e-13      0.00 7.499e-01 2.494e-01 1.158e-04 3.163e-05 2.872e-04 -1.000 6.527e-04 2.646 4.655 3.783 3.309 2.977 2.793 3.062 3.082 2.978 2.740 2.680 2.605 2.544 2.436 2.412 2.265 2.262 2.194
0.00061788 -1.40000 6.65000 1.3383539915 2.5236966406    1.338  0.892  3.8423  3.994    0  0.000  0.538     0.00     0.00     0.00     0.00     0.00 -1 -4.41e-13      0.00 7.499e-01 2.494e-01 1.158e-04 3.162e-05 2.872e-04 -1.000 6.526e-04 2.539 4.387 3.551 3.127 2.842 2.683 2.915 2.930 2.836 2.621 2.566 2.499 2.443 2.345 2.324 2.190 2.188 2.129
0.00061788 -1.40000 6.65000 1.3500000238 2.5249313598    1.350  0.914  3.8498  4.005    0  0.000  0.538     0.00     0.00     0.00     0.00     0.00 -1 -4.42e-13      0.00 7.499e-01 2.494e-01 1.158e-04 3.162e-05 2.872e-04 -1.000 6.527e-04 2.485 4.240 3.426 3.032 2.773 2.629 2.839 2.850 2.762 2.560 2.507 2.445 2.393 2.301 2.281 2.155 2.153 2.100
0.00061788 -1.40000 6.65000 1.3516449928 2.5251037893    1.352  0.917  3.8509  4.007    0  0.000  0.538     0.00     0.00     0.00     0.00     0.00 -1 -4.41e-13      0.00 7.499e-01 2.494e-01 1.158e-04 3.162e-05 2.872e-04 -1.000 6.527e-04 2.478 4.219 3.409 3.018 2.763 2.621 2.828 2.839 2.752 2.551 2.499 2.438 2.386 2.295 2.275 2.151 2.149 2.096
0.00061788 -1.40000 6.65000 1.3716398478 2.5271617285    1.372  0.953  3.8659  4.038    0  0.000  0.538     0.00     0.00     0.00     0.00     0.00 -1 -4.31e-13      0.00 7.499e-01 2.494e-01 1.158e-04 3.162e-05 2.872e-04 -1.000 6.523e-04 2.389 3.955 3.194 2.858 2.651 2.536 2.697 2.699 2.624 2.448 2.403 2.351 2.306 2.228 2.211 2.102 2.101 2.059
0.00061788 -1.40000 6.65000 1.3899978399 2.5289913648    1.390  0.984  3.8807  4.072    0  0.000  0.538     0.00     0.00     0.00     0.00     0.00 -1 -4.19e-13      0.00 7.500e-01 2.494e-01 1.158e-04 3.162e-05 2.872e-04 -1.000 6.444e-04 2.309 3.710 3.002 2.717 2.553 2.463 2.580 2.574 2.510 2.359 2.319 2.278 2.238 2.173 2.159 2.067 2.066 2.034
0.00061788 -1.40000 6.65000 1.4000000954 2.5299650415    1.400  1.001  3.8890  4.091    0  0.000  0.538     0.00     0.00     0.00     0.00     0.00 -1 -4.12e-13      0.00 7.500e-01 2.494e-01 1.158e-04 3.162e-05 2.872e-04 -1.000 6.316e-04 2.267 3.576 2.901 2.644 2.501 2.425 2.518 2.508 2.450 2.312 2.275 2.239 2.204 2.146 2.133 2.051 2.050 2.023
0.00061788 -1.40000 6.65000 1.4190808535 2.5317787695    1.419  1.032  3.9046  4.129    0  0.000  0.538     0.00     0.00     0.00     0.00     0.00 -1 -3.92e-13      0.00 7.500e-01 2.494e-01 1.158e-04 3.162e-05 2.872e-04 -1.000 6.195e-04 2.191 3.313 2.723 2.515 2.408 2.354 2.409 2.392 2.346 2.233 2.203 2.178 2.149 2.105 2.095 2.029 2.028 2.009
0.00061788 -1.40000 6.65000 1.4392619133 2.5336370325    1.439  1.062  3.9207  4.169    0  0.000  0.538     0.00     0.00     0.00     0.00     0.00 -1 -3.71e-13      0.00 7.500e-01 2.493e-01 1.158e-04 3.162e-05 2.872e-04 -1.000 6.526e-04 2.114 3.015 2.551 2.392 2.317 2.282 2.308 2.284 2.251 2.166 2.143 2.127 2.106 2.075 2.067 2.017 2.017 2.005
0.00061788 -1.40000 6.65000 1.4500000477 2.5346015836    1.450  1.077  3.9290  4.190    0  0.000  0.538     0.00     0.00     0.00     0.00     0.00 -1 -3.59e-13      0.00 7.500e-01 2.493e-01 1.158e-04 3.162e-05 2.872e-04 -1.000 6.526e-04 2.076 2.854 2.469 2.333 2.271 2.245 2.262 2.237 2.211 2.139 2.120 2.108 2.090 2.065 2.058 2.016 2.016 2.007
0.00061788 -1.40000 6.65000 1.4603768587 2.5355181973    1.461  1.092  3.9369  4.210    0  0.000  0.538     0.00     0.00     0.00     0.00     0.00 -1 -3.45e-13      0.00 7.500e-01 2.493e-01 1.158e-04 3.162e-05 2.872e-04 -1.000 6.527e-04 2.041 2.703 2.392 2.274 2.227 2.209 2.226 2.200 2.179 2.119 2.103 2.095 2.080 2.060 2.054 2.018 2.018 2.012
0.00061788 -1.40000 6.65000 1.4763802290 2.5369028155    1.477  1.112  3.9486  4.242    0  0.000  0.538     0.00     0.00     0.00     0.00     0.00 -1 -3.22e-13      0.00 7.500e-01 2.493e-01 1.158e-04 3.162e-05 2.872e-04 -1.000 6.526e-04 1.991 2.495 2.280 2.188 2.161 2.157 2.180 2.157 2.142 2.097 2.085 2.081 2.070 2.057 2.052 2.025 2.025 2.025
0.00061788 -1.40000 6.65000 1.4823220968 2.5374081641    1.482  1.119  3.9528  4.253    0  0.000  0.538     0.00     0.00     0.00     0.00     0.00 -1 -3.14e-13      0.00 7.500e-01 2.493e-01 1.158e-04 3.162e-05 2.872e-04 -1.000 6.526e-04 1.974 2.428 2.241 2.158 2.137 2.138 2.166 2.145 2.132 2.092 2.080 2.078 2.068 2.057 2.053 2.029 2.029 2.030
0.00061788 -1.40000 6.65000 1.5000000000 2.5388844597    1.500  1.137  3.9645  4.287    0  0.000  0.538     0.00     0.00     0.00     0.00     0.00 -1  -2.9e-13      0.00 7.500e-01 2.493e-01 1.158e-04 3.162e-05 2.872e-04 -1.000 6.526e-04 1.928 2.252 2.135 2.073 2.072 2.087 2.134 2.118 2.109 2.082 2.074 2.075 2.068 2.063 2.060 2.043 2.043 2.049
0.00061788 -1.40000 6.65000 1.5051879883 2.5393101507    1.505  1.142  3.9679  4.297    0  0.000  0.538     0.00     0.00     0.00     0.00     0.00 -1 -2.81e-13      0.00 7.500e-01 2.493e-01 1.158e-04 3.162e-05 2.872e-04 -1.000 6.526e-04 1.914 2.203 2.104 2.048 2.053 2.072 2.125 2.111 2.103 2.080 2.073 2.075 2.069 2.065 2.062 2.047 2.048 2.056
0.00061788 -1.40000 6.65000 1.5351063013 2.5417006196    1.535  1.168  3.9858  4.351    0  0.000  0.538     0.00     0.00     0.00     0.00     0.00 -1 -2.34e-13      0.00 7.500e-01 2.493e-01 1.158e-04 3.162e-05 2.872e-04 -1.000 6.526e-04 1.850 1.982 1.952 1.923 1.957 1.996 2.094 2.093 2.090 2.084 2.080 2.086 2.084 2.086 2.085 2.080 2.081 2.096
0.00061788 -1.40000 6.65000 1.5499999523 2.5428511323    1.550  1.178  3.9934  4.375    0  0.000  0.538     0.00     0.00     0.00     0.00     0.00 -1 -2.13e-13      0.00 7.500e-01 2.493e-01 1.158e-04 3.162e-05 2.872e-04 -1.000 6.526e-04 1.824 1.899 1.892 1.873 1.918 1.965 2.086 2.091 2.089 2.090 2.088 2.094 2.094 2.098 2.098 2.096 2.097 2.116
0.00061788 -1.40000 6.65000 1.5729416609 2.5445744179    1.573  1.194  4.0048  4.412    0  0.000  0.538     0.00     0.00     0.00     0.00     0.00 -1 -1.74e-13      0.00 7.500e-01 2.493e-01 1.158e-04 3.162e-05 2.872e-04 -1.000 6.526e-04 1.786 1.786 1.805 1.801 1.863 1.922 2.078 2.093 2.093 2.103 2.103 2.111 2.112 2.120 2.120 2.122 2.124 2.147
0.00061788 -1.40000 6.65000 1.6000001431 2.5465340713    1.600  1.210  4.0157  4.446    0  0.000  0.538     0.00     0.00     0.00     0.00     0.00 -1 -1.39e-13      0.00 7.500e-01 2.493e-01 1.158e-04 3.162e-05 2.872e-04 -1.000 6.527e-04 1.744 1.682 1.721 1.730 1.807 1.878 2.069 2.093 2.095 2.114 2.116 2.125 2.128 2.137 2.138 2.145 2.147 2.174
0.00061788 -1.40000 6.65000 1.6487441063 2.5498783121    1.648  1.240  4.0357  4.510    0  0.000  0.538     0.00     0.00     0.00     0.00     0.00 -1 -2.65e-30      0.00 7.500e-01 2.493e-01 1.158e-04 3.162e-05 2.872e-04 -1.000 6.526e-04 1.671 1.512 1.580 1.614 1.716 1.806 2.064 2.106 2.110 2.142 2.147 2.157 2.163 2.176 2.178 2.191 2.194 2.229
0.00061788 -1.40000 6.65000 1.6499999762 2.5499614773    1.649  1.241  4.0350  4.506    0  0.000  0.538     0.00     0.00     0.00     0.00     0.00 -1    -1e-30      0.00 7.500e-01 2.493e-01 1.158e-04 3.162e-05 2.872e-04 -1.000 6.526e-04 1.667 1.512 1.579 1.611 1.713 1.803 2.058 2.099 2.103 2.135 2.139 2.150 2.155 2.168 2.170 2.183 2.186 2.220
0.00061788 -1.40000 6.65000 1.7000000477 2.5531580802    1.699  1.272  4.0508  4.551    0  0.000  0.538     0.00     0.00     0.00     0.00     0.00 -1    -1e-30      0.00 7.500e-01 2.493e-01 1.158e-04 3.162e-05 2.872e-04 -1.000 6.526e-04 1.590 1.369 1.455 1.506 1.626 1.731 2.040 2.095 2.100 2.141 2.147 2.159 2.166 2.182 2.185 2.202 2.206 2.246
0.00061788 -1.40000 6.65000 1.7500000000 2.5561455243    1.749  1.303  4.0640  4.586    0  0.000  0.538     0.00     0.00     0.00     0.00     0.00 -1    -1e-30      0.00 7.500e-01 2.493e-01 1.158e-04 3.162e-05 2.872e-04 -1.000 6.526e-04 1.514 1.244 1.346 1.410 1.545 1.662 2.016 2.083 2.088 2.136 2.144 2.157 2.165 2.183 2.186 2.207 2.211 2.257
0.00061788 -1.40000 6.65000 1.7999999523 2.5589429085    1.799  1.331  4.0751  4.614    0  0.000  0.538     0.00     0.00     0.00     0.00     0.00 -1    -1e-30      0.00 7.500e-01 2.493e-01 1.158e-04 3.162e-05 2.872e-04 -1.000 6.526e-04 1.442 1.137 1.249 1.325 1.472 1.598 1.991 2.066 2.072 2.126 2.135 2.148 2.157 2.176 2.180 2.204 2.209 2.259
0.00061788 -1.40000 6.65000 1.8500001431 2.5615671263    1.849  1.357  4.0850  4.639    0  0.000  0.538     0.00     0.00     0.00     0.00     0.00 -1    -1e-30      0.00 7.500e-01 2.493e-01 1.158e-04 3.162e-05 2.872e-04 -1.000 6.526e-04 1.376 1.041 1.164 1.250 1.407 1.540 1.967 2.050 2.057 2.115 2.125 2.139 2.149 2.169 2.173 2.200 2.205 2.259
0.00061788 -1.40000 6.65000 1.8653577566 2.5623407511    1.864  1.365  4.0876  4.647    0  0.000  0.538     0.00     0.00     0.00     0.00     0.00 -1    -1e-30      0.00 7.500e-01 2.493e-01 1.158e-04 3.162e-05 2.872e-04 -1.000 6.526e-04 1.359 1.016 1.141 1.230 1.389 1.525 1.961 2.046 2.053 2.112 2.122 2.136 2.147 2.167 2.172 2.199 2.204 2.259
0.00061788 -1.40000 6.65000 1.8999999762 2.5640331260    1.899  1.391  4.0936  4.652    0  0.000  0.538     0.00     0.00     0.00     0.00     0.00 -1    -1e-30      0.00 7.500e-01 2.493e-01 1.158e-04 3.162e-05 2.872e-04 -1.000 6.526e-04 1.293 0.935 1.066 1.160 1.325 1.466 1.921 2.011 2.018 2.080 2.091 2.105 2.116 2.138 2.142 2.171 2.176 2.233
0.00061788 -1.40000 6.65000 1.9500000477 2.5663542714    1.950  1.427  4.1017  4.660    0  0.000  0.538     0.00     0.00     0.00     0.00     0.00 -1    -1e-30      0.00 7.500e-01 2.493e-01 1.158e-04 3.162e-05 2.872e-04 -1.000 6.526e-04 1.204 0.825 0.964 1.066 1.238 1.385 1.866 1.963 1.971 2.036 2.048 2.063 2.074 2.097 2.102 2.132 2.138 2.198
0.00061788 -1.40000 6.65000 2.0000000000 2.5685424513    2.000  1.463  4.1096  4.667    0  0.000  0.538     0.00     0.00     0.00     0.00     0.00 -1    -1e-30      0.00 7.500e-01 2.493e-01 1.158e-04 3.162e-05 2.872e-04 -1.000 6.526e-04 1.114 0.717 0.864 0.972 1.152 1.305 1.810 1.914 1.922 1.991 2.003 2.018 2.030 2.054 2.059 2.092 2.098 2.161
0.00061788 -1.40000 6.65000 2.0106108189 2.5689907498    2.011  1.470  4.1112  4.668    0  0.000  0.538     0.00     0.00     0.00     0.00     0.00 -1    -1e-30      0.00 7.500e-01 2.493e-01 1.158e-04 3.162e-05 2.872e-04 -1.000 6.526e-04 1.095 0.696 0.844 0.954 1.135 1.288 1.799 1.904 1.912 1.982 1.994 2.009 2.021 2.045 2.050 2.083 2.090 2.153
0.00061788 -1.40000 6.65000 2.0499999523 2.5706083333    2.050  1.502  4.1178  4.671    0  0.000  0.538     0.00     0.00     0.00     0.00     0.00 -1    -1e-30      0.00 7.500e-01 2.493e-01 1.158e-04 3.162e-05 2.872e-04 -1.000 6.526e-04 1.016 0.604 0.758 0.873 1.060 1.219 1.749 1.859 1.868 1.940 1.953 1.969 1.981 2.006 2.011 2.046 2.052 2.119
0.00061788 -1.40000 6.65000 2.0999999046 2.5725614918    2.099  1.541  4.1258  4.675    0  0.000  0.538     0.00     0.00     0.00     0.00     0.00 -1    -1e-30      0.00 7.501e-01 2.493e-01 1.158e-04 3.162e-05 2.872e-04 -1.000 6.525e-04 0.918 0.491 0.653 0.775 0.969 1.133 1.688 1.804 1.813 1.889 1.903 1.918 1.932 1.957 1.963 1.999 2.006 2.075
0.00061788 -1.40000 6.65000 2.1500000954 2.5744105556    2.149  1.579  4.1336  4.678    0  0.000  0.538     0.00     0.00     0.00     0.00     0.00 -1    -1e-30      0.00 7.501e-01 2.493e-01 1.158e-04 3.162e-05 2.872e-04 -1.000 6.527e-04 0.823 0.382 0.551 0.680 0.880 1.050 1.627 1.749 1.759 1.838 1.853 1.869 1.883 1.909 1.915 1.953 1.960 2.032
0.00061788 -1.40000 6.65000 2.2000000477 2.5761632879    2.199  1.616  4.1410  4.680    0  0.000  0.538     0.00     0.00     0.00     0.00     0.00 -1    -1e-30      0.00 7.501e-01 2.493e-01 1.158e-04 3.161e-05 2.872e-04 -1.000 6.526e-04 0.730 0.277 0.452 0.587 0.794 0.969 1.568 1.696 1.706 1.789 1.804 1.820 1.835 1.862 1.868 1.908 1.915 1.990
0.00061788 -1.40000 6.65000 2.2500000000 2.5778267375    2.249  1.652  4.1484  4.683    0  0.000  0.538     0.00     0.00     0.00     0.00     0.00 -1    -1e-30      0.00 7.501e-01 2.493e-01 1.158e-04 3.161e-05 2.872e-04 -1.000 6.526e-04 0.639 0.174 0.357 0.498 0.710 0.891 1.511 1.645 1.655 1.740 1.756 1.773 1.788 1.816 1.823 1.864 1.872 1.949
0.00061788 -1.40000 6.65000 2.2999999523 2.5794072884    2.299  1.687  4.1552  4.685    0  0.000  0.538     0.00     0.00     0.00     0.00     0.00 -1    -1e-30      0.00 7.501e-01 2.493e-01 1.158e-04 3.161e-05 2.872e-04 -1.000 6.526e-04 0.552 0.079 0.267 0.414 0.632 0.817 1.456 1.594 1.605 1.693 1.709 1.727 1.742 1.771 1.778 1.821 1.829 1.908
0.00061788 -1.40000 6.65000 2.3499999046 2.5809107422    2.349  1.721  4.1617  4.686    0  0.000  0.538     0.00     0.00     0.00     0.00     0.00 -1    -1e-30      0.00 7.499e-01 2.494e-01 1.158e-04 3.163e-05 2.872e-04 -1.000 6.527e-04 0.467 -0.014 0.180 0.332 0.555 0.745 1.401 1.544 1.555 1.646 1.663 1.680 1.696 1.726 1.733 1.777 1.785 1.867
0.00061788 -1.40000 6.65000 2.4000000954 2.5823423892    2.399  1.755  4.1681  4.688    0  0.000  0.538     0.00     0.00     0.00     0.00     0.00 -1    -1e-30      0.00 7.499e-01 2.494e-01 1.158e-04 3.163e-05 2.872e-04 -1.000 6.526e-04 0.383 -0.105 0.095 0.252 0.480 0.675 1.348 1.496 1.507 1.600 1.618 1.636 1.652 1.683 1.690 1.735 1.744 1.828
0.00061788 -1.40000 6.65000 2.5999999046 2.5874412955    2.600  1.880  4.1909  4.689    0  0.000  0.538     0.00     0.00     0.00     0.00     0.00 -1    -1e-30      0.00 7.500e-01 2.493e-01 1.160e-04 3.166e-05 2.876e-04 -1.000 6.526e-04 0.070 -0.438 -0.217 -0.043 0.203 0.414 1.142 1.307 1.319 1.422 1.441 1.460 1.478 1.511 1.519 1.570 1.579 1.670
0.00061788 -1.40000 6.65000 2.8000001907 2.5917117867    2.800  1.995  4.2103  4.683    0  0.000  0.538     0.00     0.00     0.00     0.00     0.00 -1    -1e-30      0.00 7.500e-01 2.493e-01 1.160e-04 3.166e-05 2.876e-04 -1.000 6.526e-04 -0.218 -0.737 -0.499 -0.311 -0.050 0.174 0.947 1.126 1.139 1.249 1.270 1.290 1.310 1.345 1.353 1.408 1.418 1.516
0.00061788 -1.40000 6.65000 3.0000000000 2.5953341962    3.000  2.101  4.2276  4.677    0  0.000  0.538     0.00     0.00     0.00     0.00     0.00 -1    -1e-30      0.00 7.500e-01 2.493e-01 1.160e-04 3.166e-05 2.876e-04 -1.000 6.526e-04 -0.482 -1.008 -0.754 -0.554 -0.280 -0.044 0.766 0.957 0.970 1.088 1.110 1.131 1.152 1.189 1.198 1.257 1.267 1.370
0.00061788 -1.40000 6.65000 3.1415312290 2.5975796624    3.141  2.171  4.2394  4.674    0  0.000  0.538     0.00     0.00     0.00     0.00     0.00 -1    -1e-30      0.00 7.500e-01 2.493e-01 1.160e-04 3.166e-05 2.876e-04 -1.000 6.526e-04 -0.658 -1.185 -0.921 -0.713 -0.430 -0.187 0.648 0.846 0.860 0.982 1.006 1.027 1.049 1.087 1.097 1.157 1.168 1.274
0.00061788 -1.40000 6.65000 3.2000002861 2.5984409040    3.199  2.199  4.2442  4.672    0  0.000  0.538     0.00     0.00     0.00     0.00     0.00 -1    -1e-30      0.00 7.500e-01 2.493e-01 1.160e-04 3.166e-05 2.876e-04 -1.000 6.526e-04 -0.728 -1.256 -0.987 -0.777 -0.490 -0.244 0.600 0.802 0.816 0.940 0.964 0.986 1.008 1.047 1.056 1.118 1.128 1.236
0.00061788 -1.40000 6.65000 3.4000000954 2.6011310876    3.398  2.291  4.2584  4.664    0  0.000  0.538     0.00     0.00     0.00     0.00     0.00 -1    -1e-30      0.00 7.500e-01 2.493e-01 1.160e-04 3.166e-05 2.876e-04 -1.000 6.526e-04 -0.957 -1.484 -1.203 -0.984 -0.687 -0.432 0.440 0.651 0.667 0.796 0.821 0.843 0.867 0.907 0.917 0.981 0.992 1.104
0.00061788 -1.40000 6.65000 3.5999999046 2.6034804580    3.598  2.377  4.2718  4.657    1  0.000  0.538     0.00     0.00     0.00     0.00     0.00 -1    -1e-30      0.00 7.500e-01 2.493e-01 1.160e-04 3.166e-05 2.876e-04 -1.000 6.526e-04 -1.171 -1.696 -1.403 -1.175 -0.870 -0.607 0.291 0.511 0.527 0.661 0.688 0.711 0.735 0.777 0.787 0.854 0.865 0.981
0.00061788 -1.40000 6.65000 3.8000001907 2.6055477311    3.798  2.457  4.2844  4.650    1  0.000  0.538     0.00     0.00     0.00     0.00     0.00 -1    -1e-30      0.00 7.500e-01 2.493e-01 1.160e-04 3.166e-05 2.876e-04 -1.000 6.526e-04 -1.374 -1.896 -1.591 -1.356 -1.042 -0.771 0.150 0.378 0.395 0.534 0.561 0.585 0.610 0.653 0.664 0.734 0.745 0.864
0.00061788 -1.40000 6.65000 4.0000000000 2.6073790840    4.001  2.534  4.2957  4.641    1  0.000  0.538     0.00     0.00     0.00     0.00     0.00 -1    -1e-30      0.00 7.500e-01 2.493e-01 1.160e-04 3.166e-05 2.876e-04 -1.000 6.526e-04 -1.565 -2.083 -1.769 -1.527 -1.207 -0.929 0.012 0.249 0.265 0.409 0.437 0.461 0.487 0.532 0.542 0.614 0.626 0.748
0.00061788 -1.40000 6.65000 4.1999998093 2.6090113217    4.198  2.606  4.3071  4.635    0  0.000  0.538     0.00     0.00     0.00     0.00     0.00 -1    -1e-30      0.00 7.500e-01 2.493e-01 1.160e-04 3.166e-05 2.876e-04 -1.000 6.526e-04 -1.745 -2.258 -1.934 -1.685 -1.358 -1.074 -0.113 0.131 0.148 0.296 0.325 0.350 0.377 0.422 0.433 0.507 0.519 0.644
0.00061788 -1.40000 6.65000 4.4000000954 2.6104741055    4.397  2.675  4.3173  4.628    1  0.000  0.538     0.00     0.00     0.00     0.00     0.00 -1    -1e-30      0.00 7.500e-01 2.493e-01 1.160e-04 3.166e-05 2.876e-04 -1.000 6.526e-04 -1.917 -2.425 -2.092 -1.837 -1.504 -1.214 -0.236 0.015 0.032 0.184 0.214 0.239 0.267 0.314 0.325 0.401 0.413 0.541
0.00061788 -1.40000 6.65000 4.5999999046 2.6117915791    4.597  2.740  4.3263  4.618    1  0.000  0.538     0.00     0.00     0.00     0.00     0.00 -1    -1e-30      0.00 7.500e-01 2.493e-01 1.160e-04 3.166e-05 2.876e-04 -1.000 6.527e-04 -2.080 -2.583 -2.242 -1.982 -1.644 -1.350 -0.356 -0.100 -0.082 0.073 0.104 0.129 0.158 0.205 0.217 0.294 0.307 0.437
0.00061788 -1.40000 6.65000 4.8000001907 2.6129836005    4.798  2.802  4.3361  4.614    0  0.000  0.538     0.00     0.00     0.00     0.00     0.00 -1    -1e-30      0.00 7.500e-01 2.493e-01 1.160e-04 3.166e-05 2.876e-04 -1.000 6.526e-04 -2.235 -2.732 -2.383 -2.117 -1.774 -1.474 -0.465 -0.202 -0.183 -0.024 0.007 0.033 0.062 0.110 0.122 0.201 0.214 0.346
0.00061788 -1.40000 6.65000 5.0000000000 2.6140666223    4.999  2.862  4.3451  4.608    1  0.000  0.538     0.00     0.00     0.00     0.00     0.00 -1    -1e-30      0.00 7.500e-01 2.493e-01 1.160e-04 3.166e-05 2.876e-04 -1.000 6.526e-04 -2.384 -2.876 -2.519 -2.247 -1.899 -1.595 -0.571 -0.302 -0.284 -0.121 -0.089 -0.063 -0.033 0.016 0.028 0.109 0.122 0.257
0.00061788 -1.40000 6.65000 5.1888942719 2.6150018431    5.189  2.916  4.3523  4.598    1  0.000  0.538     0.00     0.00     0.00     0.00     0.00 -1    -1e-30      0.00 7.500e-01 2.493e-01 1.160e-04 3.166e-05 2.876e-04 -1.000 6.527e-04 -2.519 -3.006 -2.643 -2.367 -2.016 -1.707 -0.672 -0.399 -0.380 -0.215 -0.183 -0.156 -0.126 -0.076 -0.064 0.019 0.032 0.168
0.00061788 -1.40000 6.65000 5.3777890205 2.6158619160    5.378  2.967  4.3599  4.593    1  0.000  0.538     0.00     0.00     0.00     0.00     0.00 -1    -1e-30      0.00 7.500e-01 2.493e-01 1.160e-04 3.166e-05 2.876e-04 -1.000 6.526e-04 -2.648 -3.131 -2.761 -2.480 -2.124 -1.812 -0.766 -0.488 -0.469 -0.301 -0.267 -0.240 -0.209 -0.159 -0.146 -0.062 -0.049 0.089
0.00061788 -1.40000 6.65000 5.5666832924 2.6166552080    5.566  3.017  4.3674  4.589    1  0.000  0.538     0.00     0.00     0.00     0.00     0.00 -1    -1e-30      0.00 7.500e-01 2.493e-01 1.160e-04 3.166e-05 2.876e-04 -1.000 6.526e-04 -2.772 -3.249 -2.872 -2.586 -2.227 -1.911 -0.853 -0.571 -0.551 -0.381 -0.347 -0.320 -0.288 -0.236 -0.224 -0.139 -0.125 0.015
0.00061788 -1.40000 6.65000 5.7555780411 2.6173889195    5.755  3.064  4.3745  4.584    1  0.000  0.538     0.00     0.00     0.00     0.00     0.00 -1    -1e-30      0.00 7.500e-01 2.493e-01 1.160e-04 3.166e-05 2.876e-04 -1.000 6.526e-04 -2.891 -3.363 -2.980 -2.690 -2.327 -2.007 -0.939 -0.652 -0.633 -0.459 -0.425 -0.398 -0.366 -0.313 -0.300 -0.214 -0.200 -0.059
0.00061788 -1.40000 6.65000 5.9444723129 2.6180692641    5.944  3.111  4.3810  4.577    1  0.000  0.538     0.00     0.00     0.00     0.00     0.00 -1    -1e-30      0.00 7.500e-01 2.493e-01 1.160e-04 3.166e-05 2.876e-04 -1.000 6.526e-04 -3.008 -3.475 -3.087 -2.793 -2.426 -2.103 -1.026 -0.735 -0.715 -0.540 -0.505 -0.477 -0.444 -0.391 -0.378 -0.291 -0.277 -0.134
0.00061788 -1.40000 6.65000 6.1333665848 2.6187016420    6.132  3.156  4.3874  4.571    1  0.000  0.538     0.00     0.00     0.00     0.00     0.00 -1    -1e-30      0.00 7.500e-01 2.493e-01 1.160e-04 3.166e-05 2.876e-04 -1.000 6.526e-04 -3.119 -3.582 -3.188 -2.891 -2.521 -2.195 -1.108 -0.814 -0.794 -0.615 -0.580 -0.552 -0.519 -0.465 -0.452 -0.363 -0.349 -0.205
0.00061788 -1.40000 6.65000 6.3222618103 2.6192907639    6.319  3.199  4.3936  4.566    1  0.000  0.538     0.00     0.00     0.00     0.00     0.00 -1    -1e-30      0.00 7.500e-01 2.493e-01 1.160e-04 3.166e-05 2.876e-04 -1.000 6.526e-04 -3.227 -3.686 -3.286 -2.984 -2.612 -2.282 -1.187 -0.889 -0.869 -0.688 -0.652 -0.624 -0.590 -0.536 -0.523 -0.433 -0.419 -0.273
0.00061788 -1.40000 6.65000 6.8889446259 2.6208373811    6.881  3.320  4.4110  4.552    1  0.000  0.538     0.00     0.00     0.00     0.00     0.00 -1    -1e-30      0.00 7.500e-01 2.493e-01 1.160e-04 3.166e-05 2.876e-04 -1.000 6.526e-04 -3.530 -3.883 -3.510 -3.236 -2.876 -2.554 -1.503 -1.142 -1.128 -0.925 -0.889 -0.865 -0.833 -0.782 -0.768 -0.689 -0.676 -0.554
0.00061788 -1.40000 6.65000 7.3752822876 2.6219491250    7.366  3.416  4.4245  4.540    1  0.000  0.538     0.00     0.00     0.00     0.00     0.00 -1    -1e-30      0.00 7.500e-01 2.493e-01 1.160e-04 3.166e-05 2.876e-04 -1.000 6.528e-04 -3.769 -4.132 -3.752 -3.465 -3.094 -2.763 -1.694 -1.328 -1.312 -1.103 -1.065 -1.040 -1.007 -0.955 -0.941 -0.859 -0.846 -0.721
0.00061788 -1.40000 6.65000 7.8334169388 2.6228525225    7.823  3.500  4.4363  4.528    1  0.000  0.538     0.00     0.00     0.00     0.00     0.00 -1    -1e-30      0.00 7.500e-01 2.493e-01 1.160e-04 3.166e-05 2.876e-04 -1.000 6.527e-04 -3.981 -4.315 -3.914 -3.618 -3.243 -2.906 -1.824 -1.457 -1.442 -1.231 -1.192 -1.165 -1.129 -1.071 -1.056 -0.966 -0.953 -0.824
0.00061788 -1.40000 6.65000 8.6202859879 2.6241495606    8.602  3.633  4.4547  4.510    1  0.000  0.538     0.00     0.00     0.00     0.00     0.00 -1    -1e-30      0.00 7.500e-01 2.493e-01 1.160e-04 3.166e-05 2.876e-04 -1.000 6.526e-04 -4.313 -4.609 -4.180 -3.868 -3.487 -3.142 -2.040 -1.670 -1.655 -1.441 -1.401 -1.371 -1.333 -1.270 -1.253 -1.156 -1.142 -1.008
0.00061788 -1.40000 6.65000 8.7778892517 2.6243774114    8.759  3.659  4.4582  4.507    1  0.000  0.538     0.00     0.00     0.00     0.00     0.00 -1    -1e-30      0.00 7.500e-01 2.493e-01 1.160e-04 3.166e-05 2.876e-04 -1.000 6.526e-04 -4.377 -4.670 -4.239 -3.924 -3.540 -3.195 -2.089 -1.717 -1.701 -1.486 -1.445 -1.416 -1.379 -1.317 -1.301 -1.205 -1.190 -1.056
0.00061788 -1.40000 6.65000 8.9374828339 2.6245987480    8.917  3.683  4.4616  4.503    1  0.000  0.538     0.00     0.00     0.00     0.00     0.00 -1    -1e-30      0.00 7.500e-01 2.493e-01 1.160e-04 3.166e-05 2.876e-04 -1.000 6.526e-04 -4.438 -4.729 -4.297 -3.977 -3.592 -3.246 -2.137 -1.763 -1.746 -1.529 -1.489 -1.461 -1.424 -1.363 -1.347 -1.252 -1.238 -1.103
0.00061788 -1.40000 6.65000 9.7223615646 2.6255667711    9.693  3.799  4.4771  4.486    1  0.000  0.538     0.00     0.00     0.00     0.00     0.00 -1    -1e-30      0.00 7.500e-01 2.493e-01 1.160e-04 3.166e-05 2.876e-04 -1.000 6.526e-04 -4.727 -5.009 -4.571 -4.233 -3.839 -3.488 -2.363 -1.980 -1.961 -1.738 -1.698 -1.672 -1.637 -1.581 -1.565 -1.474 -1.460 -1.322
0.00061788 -1.40000 6.65000 10.6444702148 2.6264969879   10.629  3.927  4.4941  4.466    1  0.000  0.538     0.00     0.00     0.00     0.00     0.00 -1    -1e-30      0.00 7.500e-01 2.493e-01 1.160e-04 3.166e-05 2.876e-04 -1.000 6.526e-04 -5.047 -5.321 -4.879 -4.525 -4.122 -3.759 -2.615 -2.227 -2.207 -1.977 -1.934 -1.906 -1.868 -1.809 -1.793 -1.698 -1.683 -1.541
0.00061788 -1.40000 6.65000 10.6668338776 2.6265172619   10.652  3.930  4.4945  4.465    1  0.000  0.538     0.00     0.00     0.00     0.00     0.00 -1    -1e-30      0.00 7.500e-01 2.493e-01 1.160e-04 3.166e-05 2.876e-04 -1.000 6.526e-04 -5.055 -5.329 -4.886 -4.532 -4.128 -3.765 -2.621 -2.233 -2.212 -1.982 -1.939 -1.911 -1.874 -1.814 -1.799 -1.703 -1.689 -1.546
0.00061788 -1.40000 6.65000 11.6113052368 2.6272921774   11.594  4.047  4.5095  4.446    1  0.000  0.538     0.00     0.00     0.00     0.00     0.00 -1    -1e-30      0.00 7.500e-01 2.493e-01 1.160e-04 3.166e-05 2.876e-04 -1.000 6.526e-04 -5.347 -5.599 -5.155 -4.791 -4.380 -4.009 -2.845 -2.453 -2.431 -2.196 -2.152 -2.123 -2.083 -2.022 -2.006 -1.909 -1.894 -1.748
0.00061788 -1.40000 6.65000 12.0492725372 2.6276044763   12.027  4.097  4.5159  4.437    1  0.000  0.539     0.00     0.00     0.00     0.00     0.00 -1 -6.24e-27      0.00 7.500e-01 2.493e-01 1.162e-04 3.166e-05 2.875e-04 -1.000 6.526e-04 -5.471 -5.712 -5.267 -4.900 -4.487 -4.113 -2.939 -2.546 -2.524 -2.288 -2.243 -2.214 -2.173 -2.112 -2.096 -1.999 -1.983 -1.836
0.00061788 -1.40000 6.65000 13.0522975922 2.6282297590   13.020  4.205  4.5295  4.417    1  0.000  0.542     0.00     0.00     0.00     0.00     0.00 -1 -1.01e-18      0.00 7.500e-01 2.494e-01 1.166e-04 3.166e-05 2.874e-04 -1.000 6.527e-04 -5.744 -5.955 -5.509 -5.136 -4.718 -4.339 -3.148 -2.751 -2.729 -2.490 -2.444 -2.414 -2.372 -2.309 -2.293 -2.193 -2.178 -2.027
0.00061788 -1.40000 6.65000 13.5002498627 2.6284747458   13.464  4.252  4.5352  4.408    1  0.000  0.543     0.00     0.00     0.00     0.00     0.00 -1 -2.99e-15      0.00 7.500e-01 2.494e-01 1.168e-04 3.166e-05 2.873e-04 -1.000 6.527e-04 -5.860 -6.058 -5.611 -5.236 -4.816 -4.435 -3.238 -2.840 -2.817 -2.577 -2.531 -2.501 -2.459 -2.395 -2.379 -2.277 -2.261 -2.109
0.00061788 -1.40000 6.65000 13.7997436523 2.6286283768   13.764  4.281  4.5388  4.403    1  0.000  0.543     0.00     0.00     0.00     0.00     0.00 -1 -2.46e-14      0.00 7.500e-01 2.494e-01 1.169e-04 3.166e-05 2.873e-04 -1.000 6.527e-04 -5.933 -6.123 -5.676 -5.299 -4.878 -4.496 -3.296 -2.897 -2.874 -2.633 -2.587 -2.556 -2.515 -2.450 -2.434 -2.330 -2.315 -2.161
0.00061788 -1.40000 6.65000 14.8181867599 2.6290977993   14.782  4.378  4.5504  4.383    1  0.000  0.544     0.00     0.00     0.00     0.00     0.00 -1 -2.29e-11      0.00 7.499e-01 2.494e-01 1.172e-04 3.166e-05 2.872e-04 -1.000 6.526e-04 -6.175 -6.336 -5.887 -5.507 -5.082 -4.696 -3.486 -3.083 -3.061 -2.818 -2.772 -2.741 -2.699 -2.633 -2.616 -2.509 -2.493 -2.337
0.00061788 -1.40000 6.65000 15.3891944885 2.6293299537   15.355  4.430  4.5564  4.372    1  0.000  0.545     0.00     0.00     0.00     0.00     0.00 -1 -8.76e-10      0.00 7.499e-01 2.494e-01 1.174e-04 3.167e-05 2.872e-04 -1.000 6.527e-04 -6.305 -6.442 -5.991 -5.611 -5.186 -4.799 -3.582 -3.179 -3.156 -2.915 -2.870 -2.838 -2.797 -2.732 -2.715 -2.608 -2.593 -2.436
0.00061788 -1.40000 6.65000 16.2202320099 2.6296344774   16.176  4.500  4.5643  4.356    1  0.000  0.545     0.00     0.00     0.00     0.00     0.00 -1  -1.2e-09      0.00 7.499e-01 2.494e-01 1.174e-04 3.167e-05 2.872e-04 -1.000 6.526e-04 -6.480 -6.585 -6.132 -5.752 -5.326 -4.939 -3.713 -3.309 -3.287 -3.048 -3.002 -2.971 -2.930 -2.865 -2.848 -2.742 -2.727 -2.569
0.00061788 -1.40000 6.65000 17.2781391144 2.6299738213   17.222  4.585  4.5736  4.335    1  0.000  0.545     0.00     0.00     0.00     0.00     0.00 -1 -1.76e-09      0.00 7.499e-01 2.494e-01 1.174e-04 3.167e-05 2.872e-04 -1.000 6.526e-04 -6.693 -6.758 -6.303 -5.923 -5.497 -5.110 -3.874 -3.468 -3.447 -3.210 -3.164 -3.133 -3.093 -3.028 -3.012 -2.906 -2.890 -2.731
0.00061788 -1.40000 6.65000 17.6919689178 2.6300939355   17.633  4.616  4.5769  4.327    1  0.000  0.545     0.00     0.00     0.00     0.00     0.00 -1 -2.01e-09      0.00 7.499e-01 2.494e-01 1.174e-04 3.167e-05 2.872e-04 -1.000 6.527e-04 -6.771 -6.815 -6.360 -5.982 -5.556 -5.169 -3.930 -3.525 -3.504 -3.267 -3.222 -3.192 -3.151 -3.087 -3.070 -2.965 -2.949 -2.790
0.00061788 -1.40000 6.65000 19.0122413635 2.6304372776   18.943  4.712  4.5866  4.301    1  0.000  0.545     0.00     0.00     0.00     0.00     0.00 -1 -3.06e-09      0.00 7.499e-01 2.494e-01 1.174e-04 3.167e-05 2.872e-04 -1.000 6.528e-04 -7.011 -6.978 -6.527 -6.154 -5.731 -5.346 -4.101 -3.696 -3.676 -3.443 -3.398 -3.368 -3.328 -3.265 -3.248 -3.144 -3.128 -2.969
0.00061788 -1.40000 6.65000 19.1670837402 2.6304739968   19.099  4.723  4.5876  4.298    1  0.000  0.545     0.00     0.00     0.00     0.00     0.00 -1 -3.22e-09      0.00 7.499e-01 2.494e-01 1.174e-04 3.167e-05 2.872e-04 -1.000 6.528e-04 -7.038 -6.997 -6.547 -6.174 -5.751 -5.366 -4.120 -3.715 -3.695 -3.463 -3.418 -3.388 -3.348 -3.285 -3.268 -3.164 -3.148 -2.989
0.00061788 -1.40000 6.65000 19.8421020508 2.6306264003   19.770  4.768  4.5919  4.286    1  0.000  0.545     0.00     0.00     0.00     0.00     0.00 -1 -3.89e-09      0.00 7.499e-01 2.494e-01 1.174e-04 3.167e-05 2.872e-04 -1.000 6.527e-04 -7.149 -7.075 -6.626 -6.255 -5.833 -5.450 -4.201 -3.796 -3.776 -3.545 -3.501 -3.471 -3.432 -3.368 -3.352 -3.248 -3.232 -3.073
0.00061788 -1.40000 6.65000 21.3154582977 2.6309208268   21.233  4.861  4.6003  4.257    1  0.000  0.545     0.00     0.00     0.00     0.00     0.00 -1 -5.78e-09      0.00 7.499e-01 2.494e-01 1.174e-04 3.167e-05 2.872e-04 -1.000 6.527e-04 -7.381 -7.245 -6.797 -6.430 -6.009 -5.627 -4.373 -3.968 -3.949 -3.721 -3.677 -3.647 -3.609 -3.546 -3.530 -3.426 -3.410 -3.251
0.00061788 -1.40000 6.65000 22.5886726379 2.6311400064   22.496  4.937  4.6064  4.230    1  0.000  0.545     0.00     0.00     0.00     0.00     0.00 -1 -8.01e-09      0.00 7.499e-01 2.494e-01 1.174e-04 3.167e-05 2.872e-04 -1.000 6.527e-04 -7.573 -7.398 -6.950 -6.581 -6.160 -5.778 -4.521 -4.116 -4.097 -3.869 -3.826 -3.796 -3.757 -3.694 -3.678 -3.573 -3.557 -3.396
0.00061788 -1.40000 6.65000 22.9449729919 2.6311963552   22.849  4.958  4.6080  4.223    1  0.000  0.545     0.00     0.00     0.00     0.00     0.00 -1 -8.75e-09      0.00 7.499e-01 2.494e-01 1.174e-04 3.167e-05 2.872e-04 -1.000 6.527e-04 -7.625 -7.441 -6.992 -6.623 -6.202 -5.819 -4.562 -4.157 -4.138 -3.910 -3.867 -3.837 -3.798 -3.735 -3.719 -3.614 -3.598 -3.437
0.00061788 -1.40000 6.65000 24.1633491516 2.6313746847   24.053  5.024  4.6124  4.197    1  0.000  0.545     0.00     0.00     0.00     0.00     0.00 -1 -1.15e-08      0.00 7.499e-01 2.494e-01 1.174e-04 3.167e-05 2.872e-04 -1.000 6.527e-04 -7.790 -7.577 -7.128 -6.758 -6.337 -5.954 -4.695 -4.289 -4.270 -4.042 -3.999 -3.969 -3.931 -3.868 -3.851 -3.746 -3.730 -3.568
0.00061788 -1.40000 6.65000 25.3943386078 2.6315350228   25.270  5.088  4.6162  4.170    1  0.000  0.545     0.00     0.00     0.00     0.00     0.00 -1  -1.5e-08      0.00 7.499e-01 2.494e-01 1.174e-04 3.167e-05 2.872e-04 -1.000 6.527e-04 -7.949 -7.713 -7.263 -6.892 -6.470 -6.086 -4.826 -4.420 -4.402 -4.174 -4.131 -4.101 -4.063 -3.999 -3.983 -3.877 -3.861 -3.698
0.00061788 -1.40000 6.65000 26.5803794861 2.6316734631   26.440  5.146  4.6190  4.142    1  0.000  0.545     0.00     0.00     0.00     0.00     0.00 -1  -1.9e-08      0.00 7.499e-01 2.494e-01 1.174e-04 3.167e-05 2.872e-04 -1.000 6.527e-04 -8.096 -7.841 -7.390 -7.020 -6.597 -6.213 -4.952 -4.545 -4.527 -4.299 -4.256 -4.226 -4.188 -4.125 -4.108 -4.001 -3.985 -3.822
0.00061788 -1.40000 6.65000 26.7228584290 2.6316891458   26.582  5.153  4.6193  4.138    1  0.000  0.545     0.00     0.00     0.00     0.00     0.00 -1 -1.95e-08      0.00 7.499e-01 2.494e-01 1.174e-04 3.167e-05 2.872e-04 -1.000 6.526e-04 -8.114 -7.857 -7.406 -7.035 -6.613 -6.228 -4.967 -4.561 -4.542 -4.315 -4.272 -4.242 -4.204 -4.140 -4.123 -4.017 -4.001 -3.838
0.00061788 -1.40000 6.65000 28.1985931396 2.6318409198   28.018  5.220  4.6212  4.102    1  0.000  0.545     0.00     0.00     0.00     0.00     0.00 -1 -2.58e-08      0.00 7.499e-01 2.494e-01 1.174e-04 3.167e-05 2.872e-04 -1.000 6.527e-04 -8.279 -8.010 -7.559 -7.188 -6.764 -6.380 -5.118 -4.712 -4.693 -4.466 -4.423 -4.393 -4.354 -4.291 -4.274 -4.167 -4.151 -3.988
0.00061788 -1.40000 6.65000 28.6118068695 2.6318802040   28.423  5.238  4.6214  4.092    1  0.000  0.545     0.00     0.00     0.00     0.00     0.00 -1 -2.77e-08      0.00 7.499e-01 2.494e-01 1.174e-04 3.167e-05 2.872e-04 -1.000 6.527e-04 -8.325 -8.053 -7.602 -7.230 -6.807 -6.422 -5.161 -4.755 -4.736 -4.508 -4.465 -4.435 -4.397 -4.333 -4.316 -4.210 -4.194 -4.031
0.00061788 -1.40000 6.65000 29.0637569427 2.6319217034   28.868  5.257  4.6217  4.080    1  0.000  0.545     0.00     0.00     0.00     0.00     0.00 -1 -2.99e-08      0.00 7.499e-01 2.494e-01 1.174e-04 3.167e-05 2.872e-04 -1.000 6.527e-04 -8.372 -8.098 -7.647 -7.276 -6.852 -6.468 -5.206 -4.800 -4.781 -4.554 -4.511 -4.481 -4.442 -4.379 -4.362 -4.255 -4.239 -4.076
0.00061788 -1.40000 6.65000 30.4019279480 2.6320363011   30.188  5.312  4.6217  4.044    1  0.000  0.545     0.00     0.00     0.00     0.00     0.00 -1 -3.72e-08      0.00 7.499e-01 2.494e-01 1.174e-04 3.167e-05 2.872e-04 -1.000 6.527e-04 -8.510 -8.234 -7.783 -7.412 -6.988 -6.603 -5.342 -4.936 -4.918 -4.690 -4.647 -4.617 -4.578 -4.515 -4.498 -4.391 -4.375 -4.212
0.00061788 -1.40000 6.65000 32.1294555664 2.6321681322   31.890  5.380  4.6200  3.994    1  0.000  0.545     0.00     0.00     0.00     0.00     0.00 -1 -4.86e-08      0.00 7.499e-01 2.494e-01 1.174e-04 3.167e-05 2.872e-04 -1.000 6.527e-04 -8.680 -8.410 -7.961 -7.590 -7.167 -6.783 -5.522 -5.117 -5.098 -4.871 -4.829 -4.798 -4.760 -4.696 -4.679 -4.572 -4.556 -4.393
0.00061788 -1.40000 6.65000 33.3341674805 2.6322508250   33.074  5.426  4.6174  3.953    1  0.000  0.545     0.00     0.00     0.00     0.00     0.00 -1 -5.83e-08      0.00 7.499e-01 2.494e-01 1.174e-04 3.167e-05 2.872e-04 -1.000 6.527e-04 -8.796 -8.537 -8.092 -7.724 -7.302 -6.918 -5.660 -5.255 -5.237 -5.012 -4.969 -4.939 -4.901 -4.838 -4.821 -4.716 -4.700 -4.540
0.00061788 -1.40000 6.65000 34.1543464661 2.6323033009   33.872  5.455  4.6153  3.926    1  0.000  0.545     0.00     0.00     0.00     0.00     0.00 -1 -6.51e-08      0.00 7.499e-01 2.494e-01 1.174e-04 3.167e-05 2.872e-04 -1.000 6.526e-04 -8.867 -8.617 -8.174 -7.808 -7.387 -7.004 -5.746 -5.343 -5.325 -5.101 -5.058 -5.029 -4.991 -4.928 -4.911 -4.806 -4.791 -4.632
0.00061788 -1.40000 6.65000 35.8126411438 2.6324010055   35.483  5.510  4.6094  3.867    1  0.000  0.545     0.00     0.00     0.00     0.00     0.00 -1 -8.09e-08      0.00 7.499e-01 2.494e-01 1.174e-04 3.167e-05 2.872e-04 -1.000 6.527e-04 -9.005 -8.776 -8.340 -7.977 -7.558 -7.178 -5.924 -5.522 -5.505 -5.283 -5.241 -5.211 -5.174 -5.112 -5.095 -4.992 -4.976 -4.819
0.00061788 -1.40000 6.65000 37.4643630981 2.6324885017   37.084  5.563  4.6016  3.803    1  0.000  0.545     0.00     0.00     0.00     0.00     0.00 -1 -9.82e-08      0.00 7.499e-01 2.494e-01 1.174e-04 3.167e-05 2.872e-04 -1.000 6.528e-04 -9.137 -8.929 -8.500 -8.141 -7.725 -7.347 -6.098 -5.699 -5.682 -5.462 -5.421 -5.391 -5.354 -5.292 -5.275 -5.172 -5.157 -5.001
0.00061788 -1.40000 6.65000 38.0565261841 2.6325177513   37.660  5.582  4.5976  3.775    1  0.000  0.545     0.00     0.00     0.00     0.00     0.00 -1 -1.04e-07      0.00 7.499e-01 2.494e-01 1.174e-04 3.167e-05 2.872e-04 -1.000 6.526e-04 -9.184 -8.989 -8.562 -8.197 -7.773 -7.385 -6.141 -5.738 -5.718 -5.489 -5.446 -5.418 -5.380 -5.321 -5.306 -5.210 -5.194 -5.042
0.00061788 -1.40000 6.65000 38.8954277039 2.6325574403   38.476  5.607  4.5919  3.736    1  0.000  0.545     0.00     0.00     0.00     0.00     0.00 -1 -1.13e-07      0.00 7.499e-01 2.494e-01 1.174e-04 3.167e-05 2.872e-04 -1.000 6.527e-04 -9.247 -9.072 -8.651 -8.291 -7.870 -7.485 -6.245 -5.844 -5.825 -5.597 -5.553 -5.524 -5.486 -5.425 -5.409 -5.310 -5.295 -5.142
0.00061788 -1.40000 6.65000 40.3130531311 2.6326202116   39.854  5.648  4.5801  3.663    1  0.000  0.545     0.00     0.00     0.00     0.00     0.00 -1 -1.29e-07      0.00 7.499e-01 2.494e-01 1.174e-04 3.167e-05 2.872e-04 -1.000 6.526e-04 -9.350 -9.221 -8.811 -8.459 -8.043 -7.662 -6.429 -6.032 -6.014 -5.789 -5.746 -5.716 -5.677 -5.614 -5.598 -5.496 -5.481 -5.328
0.00061788 -1.40000 6.65000 41.5764846802 2.6326720267   41.079  5.684  4.5679  3.592    1  0.000  0.545     0.00     0.00     0.00     0.00     0.00 -1 -1.42e-07      0.00 7.499e-01 2.494e-01 1.174e-04 3.167e-05 2.872e-04 -1.000 6.528e-04 -9.439 -9.358 -8.954 -8.606 -8.194 -7.819 -6.588 -6.194 -6.177 -5.959 -5.918 -5.890 -5.853 -5.793 -5.777 -5.678 -5.662 -5.511
0.00061788 -1.40000 6.65000 42.5490226746 2.6327095106   42.020  5.710  4.5570  3.531    1  0.000  0.545     0.00     0.00     0.00     0.00     0.00 -1 -1.51e-07      0.00 7.499e-01 2.494e-01 1.174e-04 3.167e-05 2.872e-04 -1.000 6.527e-04 -9.506 -9.464 -9.067 -8.722 -8.314 -7.944 -6.715 -6.322 -6.307 -6.095 -6.056 -6.029 -5.995 -5.937 -5.921 -5.825 -5.810 -5.660
0.00061788 -1.40000 6.65000 42.7788887024 2.6327180843   42.242  5.717  4.5540  3.515    1  0.000  0.545     0.00     0.00     0.00     0.00     0.00 -1 -1.53e-07      0.00 7.499e-01 2.494e-01 1.174e-04 3.167e-05 2.872e-04 -1.000 6.527e-04 -9.522 -9.491 -9.096 -8.752 -8.345 -7.976 -6.748 -6.356 -6.341 -6.131 -6.092 -6.066 -6.031 -5.975 -5.959 -5.862 -5.847 -5.698
0.00061788 -1.40000 6.65000 43.3714370728 2.6327397044   42.814  5.732  4.5461  3.474    1  0.000  0.545     0.00     0.00     0.00     0.00     0.00 -1 -1.57e-07      0.00 7.499e-01 2.494e-01 1.174e-04 3.167e-05 2.872e-04 -1.000 6.526e-04 -9.561 -9.573 -9.185 -8.843 -8.437 -8.069 -6.844 -6.452 -6.437 -6.226 -6.187 -6.160 -6.126 -6.069 -6.053 -5.956 -5.941 -5.793
0.00061788 -1.40000 6.65000 44.1135177612 2.6327658406   43.531  5.752  4.5347  3.416    1  0.000  0.545     0.00     0.00     0.00     0.00     0.00 -1  -1.6e-07      0.00 7.499e-01 2.494e-01 1.174e-04 3.167e-05 2.872e-04 -1.000 6.527e-04 -9.609 -9.698 -9.323 -8.984 -8.576 -8.206 -6.992 -6.601 -6.584 -6.367 -6.326 -6.298 -6.262 -6.203 -6.187 -6.091 -6.076 -5.929
0.00061788 -1.40000 6.65000 44.8193168640 2.6327897777   44.212  5.770  4.5230  3.358    1  0.000  0.545     0.00     0.00     0.00     0.00     0.00 -1 -1.59e-07      0.00 7.499e-01 2.494e-01 1.174e-04 3.167e-05 2.872e-04 -1.000 6.526e-04 -9.655 -9.807 -9.447 -9.113 -8.707 -8.338 -7.132 -6.743 -6.726 -6.507 -6.466 -6.438 -6.401 -6.342 -6.326 -6.230 -6.215 -6.070
0.00061788 -1.40000 6.65000 45.5064697266 2.6328122639   44.875  5.787  4.5109  3.298    1  0.000  0.545     0.00     0.00     0.00     0.00     0.00 -1 -1.59e-07      0.00 7.499e-01 2.494e-01 1.174e-04 3.167e-05 2.872e-04 -1.000 6.527e-04 -9.699 -9.868 -9.521 -9.196 -8.798 -8.437 -7.236 -6.851 -6.837 -6.629 -6.591 -6.564 -6.530 -6.473 -6.458 -6.365 -6.350 -6.210
0.00061788 -1.40000 6.65000 46.1997795105 2.6328341738   45.544  5.805  4.4984  3.237    1  0.000  0.545     0.00     0.00     0.00     0.00     0.00 -1 -1.57e-07      0.00 7.499e-01 2.494e-01 1.174e-04 3.167e-05 2.872e-04 -1.000 6.527e-04 -9.743 -9.918 -9.586 -9.274 -8.885 -8.533 -7.336 -6.956 -6.946 -6.752 -6.717 -6.693 -6.662 -6.610 -6.594 -6.506 -6.492 -6.358
0.00061788 -1.40000 6.65000 46.9543571472 2.6328571763   46.272  5.825  4.4867  3.178    1  0.000  0.545     0.00     0.00     0.00     0.00     0.00 -1 -1.55e-07      0.00 7.499e-01 2.494e-01 1.174e-04 3.167e-05 2.872e-04 -1.000 6.527e-04 -9.791 -9.993 -9.672 -9.369 -8.985 -8.639 -7.447 -7.070 -7.061 -6.873 -6.839 -6.817 -6.787 -6.737 -6.722 -6.637 -6.624 -6.491
0.00061788 -1.40000 6.65000 47.2490844727 2.6328659316   46.557  5.832  4.4829  3.157    1  0.000  0.545     0.00     0.00     0.00     0.00     0.00 -1 -1.54e-07      0.00 7.499e-01 2.494e-01 1.174e-04 3.167e-05 2.872e-04 -1.000 6.527e-04 -9.811 -10.022 -9.706 -9.405 -9.022 -8.677 -7.487 -7.110 -7.102 -6.915 -6.881 -6.859 -6.830 -6.781 -6.766 -6.682 -6.668 -6.537
0.00061788 -1.40000 6.65000 47.5012512207 2.6328733234   46.799  5.841  4.4886  3.173    1  0.000  0.545     0.00     0.00     0.00     0.00     0.00 -1 -1.67e-07      0.00 7.499e-01 2.494e-01 1.174e-04 3.167e-05 2.872e-04 -1.000 6.527e-04 -9.834 -10.030 -9.709 -9.405 -9.021 -8.674 -7.481 -7.104 -7.095 -6.907 -6.873 -6.851 -6.822 -6.772 -6.757 -6.672 -6.658 -6.526
0.00061788 -1.40000 6.65000 47.6433906555 2.6328774504   46.935  5.846  4.4915  3.181    1  0.000  0.545     0.00     0.00     0.00     0.00     0.00 -1 -1.75e-07      0.00 7.499e-01 2.494e-01 1.174e-04 3.167e-05 2.872e-04 -1.000 6.528e-04 -9.846 -10.035 -9.711 -9.406 -9.020 -8.673 -7.479 -7.101 -7.092 -6.903 -6.869 -6.846 -6.817 -6.767 -6.752 -6.667 -6.653 -6.521
0.00061788 -1.40000 6.65000 47.7166099548 2.6328795653   47.005  5.853  4.5022  3.218    1  0.000  0.545     0.00     0.00     0.00     0.00     0.00 -1 -1.96e-07      0.00 7.499e-01 2.494e-01 1.174e-04 3.167e-05 2.872e-04 -1.000 6.527e-04 -9.862 -10.033 -9.699 -9.385 -8.994 -8.641 -7.443 -7.062 -7.052 -6.857 -6.821 -6.797 -6.766 -6.714 -6.699 -6.611 -6.597 -6.463
0.00061788 -1.40000 6.65000 47.7393150330 2.6328802196   47.027  5.860  4.5147  3.261    1  0.000  0.545     0.00     0.00     0.00     0.00     0.00 -1  -2.2e-07      0.00 7.499e-01 2.494e-01 1.174e-04 3.167e-05 2.872e-04 -1.000 6.527e-04 -9.879 -10.041 -9.691 -9.365 -8.967 -8.605 -7.402 -7.016 -7.002 -6.794 -6.756 -6.730 -6.696 -6.639 -6.624 -6.531 -6.516 -6.375
0.00061788 -1.40000 6.65000 47.7494964600 2.6328805127   47.037  5.864  4.5232  3.291    1  0.000  0.545     0.00     0.00     0.00     0.00     0.00 -1 -2.38e-07      0.00 7.499e-01 2.494e-01 1.174e-04 3.167e-05 2.872e-04 -1.000 6.527e-04 -9.891 -10.039 -9.680 -9.347 -8.943 -8.576 -7.369 -6.981 -6.965 -6.750 -6.710 -6.683 -6.647 -6.589 -6.573 -6.477 -6.462 -6.318
0.00061788 -1.40000 6.65000 47.7633323669 2.6328809109   47.050  5.869  4.5305  3.316    1  0.000  0.545     0.00     0.00     0.00     0.00     0.00 -1 -2.53e-07      0.00 7.499e-01 2.494e-01 1.174e-04 3.167e-05 2.872e-04 -1.000 6.527e-04 -9.902 -10.015 -9.647 -9.311 -8.905 -8.537 -7.325 -6.935 -6.920 -6.704 -6.664 -6.637 -6.601 -6.543 -6.527 -6.430 -6.416 -6.270
0.00061788 -1.40000 6.65000 47.7673110962 2.6328810253   47.054  5.869  4.5316  3.320    1  0.000  0.545     0.00     0.00     0.00     0.00     0.00 -1 -2.55e-07      0.00 7.499e-01 2.494e-01 1.174e-04 3.167e-05 2.872e-04 -1.000 6.527e-04 -9.904 -10.011 -9.641 -9.304 -8.899 -8.531 -7.318 -6.928 -6.912 -6.697 -6.657 -6.630 -6.594 -6.536 -6.520 -6.424 -6.409 -6.263
0.00061788 -1.40000 6.65000 47.7901268005 2.6328816812   47.076  5.877  4.5206  3.268    2  0.000  0.545     0.00     0.00     0.00     0.00     0.00 -1 -2.51e-07      0.00 7.499e-01 2.494e-01 1.174e-04 3.167e-05 2.872e-04 -1.000 6.526e-04 -9.923 -10.076 -9.720 -9.389 -8.987 -8.622 -7.416 -7.029 -7.014 -6.802 -6.762 -6.735 -6.700 -6.643 -6.627 -6.532 -6.517 -6.374
0.00061788 -1.40000 6.65000 47.8004035950 2.6328819764   47.086  5.884  4.5114  3.224    2  0.000  0.545     0.00     0.00     0.00     0.00     0.00 -1 -2.46e-07      0.00 7.499e-01 2.494e-01 1.174e-04 3.167e-05 2.872e-04 -1.000 6.526e-04 -9.941 -10.105 -9.761 -9.439 -9.042 -8.684 -7.482 -7.098 -7.085 -6.881 -6.844 -6.819 -6.786 -6.731 -6.716 -6.624 -6.610 -6.471
0.00061788 -1.40000 6.65000 47.8090934753 2.6328822259   47.095  5.890  4.5013  3.178    2  0.000  0.545     0.00     0.00     0.00     0.00     0.00 -1 -2.37e-07      0.00 7.499e-01 2.494e-01 1.174e-04 3.167e-05 2.872e-04 -1.000 6.528e-04 -9.956 -10.125 -9.795 -9.484 -9.095 -8.744 -7.546 -7.167 -7.157 -6.965 -6.930 -6.907 -6.877 -6.827 -6.812 -6.726 -6.712 -6.579
0.00061788 -1.40000 6.65000 47.8161010742 2.6328824270   47.101  5.893  4.4919  3.138    2  0.000  0.545     0.00     0.00     0.00     0.00     0.00 -1 -2.25e-07      0.00 7.499e-01 2.494e-01 1.174e-04 3.167e-05 2.872e-04 -1.000 6.526e-04 -9.963 -10.149 -9.830 -9.527 -9.142 -8.795 -7.602 -7.225 -7.217 -7.030 -6.996 -6.975 -6.946 -6.897 -6.882 -6.799 -6.785 -6.655
0.00061788 -1.40000 6.65000 47.8220825195 2.6328825986   47.107  5.894  4.4829  3.100    2  0.000  0.545     0.00     0.00     0.00     0.00     0.00 -1  -2.1e-07      0.00 7.499e-01 2.494e-01 1.174e-04 3.167e-05 2.872e-04 -1.000 6.527e-04 -9.966 -10.175 -9.866 -9.569 -9.187 -8.842 -7.654 -7.279 -7.271 -7.086 -7.054 -7.032 -7.004 -6.956 -6.942 -6.861 -6.847 -6.717
0.00061788 -1.40000 6.65000 47.8235435486 2.6328826406   47.108  5.895  4.4806  3.091    2  0.000  0.545     0.00     0.00     0.00     0.00     0.00 -1 -2.06e-07      0.00 7.499e-01 2.494e-01 1.174e-04 3.167e-05 2.872e-04 -1.000 6.527e-04 -9.967 -10.183 -9.876 -9.580 -9.198 -8.854 -7.667 -7.293 -7.285 -7.100 -7.067 -7.046 -7.018 -6.971 -6.957 -6.876 -6.862 -6.732
0.00061788 -1.40000 6.65000 47.8285446167 2.6328827840   47.113  5.896  4.4722  3.056    3  0.000  0.545     0.23     0.91     0.77     0.50     0.41  3 -1.95e-07      0.00 7.499e-01 2.494e-01 1.174e-04 3.167e-05 2.872e-04 -1.000 6.526e-04 -9.969 -10.215 -9.918 -9.624 -9.243 -8.900 -7.719 -7.346 -7.337 -7.152 -7.119 -7.098 -7.069 -7.022 -7.008 -6.927 -6.913 -6.784
0.00061788 -1.40000 6.65000 47.8343963623 2.6328829518   47.119  5.897  4.4616  3.013    3  0.000  0.545     0.26     0.99     0.83     0.54     0.45  3  -1.8e-07      0.00 7.499e-01 2.494e-01 1.174e-04 3.167e-05 2.872e-04 -1.000 6.527e-04 -9.972 -10.270 -9.982 -9.694 -9.314 -8.970 -7.798 -7.426 -7.416 -7.226 -7.192 -7.169 -7.139 -7.088 -7.073 -6.988 -6.974 -6.844
0.00061788 -1.40000 6.65000 47.8396644592 2.6328831028   47.123  5.898  4.4517  2.973    3  0.000  0.545     0.29     1.06     0.89     0.58     0.48  3 -1.67e-07      0.00 7.499e-01 2.494e-01 1.174e-04 3.167e-05 2.872e-04 -1.000 6.527e-04 -9.974 -10.328 -10.048 -9.764 -9.384 -9.040 -7.876 -7.504 -7.494 -7.298 -7.262 -7.236 -7.204 -7.148 -7.132 -7.041 -7.027 -6.895
0.00061788 -1.40000 6.65000 47.8426170349 2.6328831874   47.126  5.898  4.4460  2.949    3  0.000  0.545     0.31     1.11     0.93     0.60     0.50  3 -1.59e-07      0.00 7.499e-01 2.494e-01 1.174e-04 3.167e-05 2.872e-04 -1.000 6.526e-04 -9.976 -10.354 -10.074 -9.792 -9.412 -9.068 -7.911 -7.540 -7.528 -7.330 -7.294 -7.268 -7.234 -7.178 -7.161 -7.070 -7.056 -6.924
0.00061788 -1.40000 6.65000 47.8468093872 2.6328833076   47.130  5.899  4.4377  2.915    3  0.000  0.545     0.34     1.18     0.98     0.64     0.53  3 -1.51e-07      0.00 7.499e-01 2.494e-01 1.174e-04 3.167e-05 2.872e-04 -1.000 6.526e-04 -9.978 -10.386 -10.104 -9.824 -9.445 -9.102 -7.955 -7.584 -7.571 -7.371 -7.334 -7.308 -7.274 -7.217 -7.201 -7.110 -7.096 -6.966
0.00061788 -1.40000 6.65000 47.8527336121 2.6328834773   47.136  5.901  4.4261  2.867    3  0.000  0.545     0.38     1.28     1.07     0.69     0.58  3 -1.42e-07      0.00 7.499e-01 2.494e-01 1.174e-04 3.167e-05 2.872e-04 -1.000 6.527e-04 -9.982 -10.431 -10.148 -9.871 -9.492 -9.150 -8.016 -7.646 -7.633 -7.429 -7.391 -7.365 -7.331 -7.274 -7.258 -7.169 -7.155 -7.026
0.00061788 -1.40000 6.65000 47.8603591919 2.6328836957   47.144  5.903  4.4119  2.808    3  0.000  0.545     0.45     1.43     1.18     0.77     0.64  3 -1.32e-07      0.00 7.499e-01 2.494e-01 1.174e-04 3.167e-05 2.872e-04 -1.000 6.527e-04 -9.987 -10.450 -10.167 -9.900 -9.527 -9.192 -8.078 -7.711 -7.699 -7.499 -7.462 -7.437 -7.404 -7.349 -7.334 -7.248 -7.235 -7.110
0.00061788 -1.40000 6.65000 47.8682518005 2.6328839216   47.151  5.905  4.3984  2.752    3  0.000  0.545     0.53     1.58     1.30     0.85     0.71  3 -1.24e-07      0.00 7.499e-01 2.494e-01 1.174e-04 3.167e-05 2.872e-04 -1.000 6.527e-04 -9.993 -10.465 -10.184 -9.929 -9.563 -9.235 -8.138 -7.776 -7.765 -7.569 -7.534 -7.510 -7.478 -7.427 -7.412 -7.331 -7.317 -7.197
0.00061788 -1.40000 6.65000 47.8794364929 2.6328842417   47.161  5.908  4.3818  2.683    3  0.000  0.545     0.64     1.79     1.47     0.96     0.80  3 -1.29e-07      0.00 7.499e-01 2.494e-01 1.174e-04 3.167e-05 2.872e-04 -1.000 6.527e-04 -10.000 -10.474 -10.227 -10.002 -9.651 -9.338 -8.243 -7.888 -7.882 -7.704 -7.673 -7.653 -7.626 -7.579 -7.565 -7.489 -7.477 -7.364
0.00061788 -1.40000 6.65000 47.8951644897 2.6328846915   47.176  5.912  4.3634  2.606    3  0.000  0.545     0.78     2.06     1.67     1.10     0.91  3 -2.07e-07      0.00 7.499e-01 2.494e-01 1.174e-04 3.167e-05 2.872e-04 -1.000 6.527e-04 -10.009 -10.496 -10.272 -10.069 -9.729 -9.426 -8.352 -8.003 -7.998 -7.828 -7.798 -7.780 -7.755 -7.712 -7.699 -7.629 -7.617 -7.511
0.00061788 -1.40000 6.65000 47.9132957458 2.6328852095   47.194  5.915  4.3486  2.543    3  0.000  0.545     0.93     2.30     1.87     1.23     1.02  3 -3.13e-07      0.00 7.499e-01 2.494e-01 1.174e-04 3.167e-05 2.872e-04 -1.000 6.528e-04 -10.017 -10.520 -10.318 -10.134 -9.803 -9.509 -8.453 -8.110 -8.106 -7.941 -7.913 -7.897 -7.874 -7.835 -7.822 -7.758 -7.746 -7.643
0.00061788 -1.40000 6.65000 47.9325599670 2.6328857595   47.211  5.917  4.3401  2.507    3  0.000  0.545     1.03     2.46     1.98     1.30     1.09  3 -4.61e-07      0.00 7.499e-01 2.494e-01 1.174e-04 3.167e-05 2.872e-04 -1.000 6.527e-04 -10.023 -10.531 -10.340 -10.168 -9.844 -9.557 -8.513 -8.174 -8.172 -8.013 -7.987 -7.971 -7.949 -7.911 -7.899 -7.837 -7.825 -7.725
0.00061788 -1.40000 6.65000 47.9830589294 2.6328871988   47.257  5.921  4.3300  2.464    3  0.000  0.545     1.16     2.66     2.14     1.41     1.17  3 -1.34e-06      0.00 7.499e-01 2.494e-01 1.174e-04 3.167e-05 2.872e-04 -1.000 6.526e-04 -10.033 -10.551 -10.366 -10.191 -9.863 -9.571 -8.502 -8.159 -8.158 -8.001 -7.976 -7.960 -7.939 -7.901 -7.889 -7.826 -7.814 -7.709
0.00061788 -1.40000 6.65000 48.0179100037 2.6328881900   47.288  5.922  4.3311  2.467    4  0.000  0.545     0.00     0.00     0.00     0.00     0.00 -1 -1.36e-06      0.00 7.499e-01 2.494e-01 1.174e-04 3.167e-05 2.872e-04 -1.000 6.527e-04 -10.035 -10.553 -10.367 -10.191 -9.863 -9.570 -8.500 -8.156 -8.155 -7.998 -7.972 -7.956 -7.935 -7.898 -7.885 -7.822 -7.810 -7.705
0.00061788 -1.40000 6.65000 48.0940284729 2.6328903492   47.359  5.923  4.3354  2.484    4  0.000  0.545     0.00     0.00     0.00     0.00     0.00 -1 -7.57e-07      0.00 7.499e-01 2.494e-01 1.174e-04 3.167e-05 2.872e-04 -1.000 6.526e-04 -10.038 -10.548 -10.362 -10.198 -9.880 -9.598 -8.565 -8.230 -8.228 -8.074 -8.048 -8.034 -8.013 -7.976 -7.963 -7.903 -7.892 -7.795
0.00061788 -1.40000 6.65000 48.3888206482 2.6328986379   47.632  5.927  4.3425  2.511    5  0.000  0.545     0.00     0.00     0.00     0.00     0.00 -1 -3.87e-07      0.00 7.499e-01 2.494e-01 1.174e-04 3.167e-05 2.872e-04 -1.000 6.527e-04 -10.049 -10.556 -10.362 -10.187 -9.861 -9.572 -8.522 -8.182 -8.179 -8.019 -7.992 -7.976 -7.954 -7.916 -7.903 -7.841 -7.829 -7.728
0.00061788 -1.40000 6.65000 48.5356407166 2.6329027229   47.767  5.930  4.3436  2.514    5  0.000  0.545     0.00     0.00     0.00     0.00     0.00 -1  -4.1e-07      0.00 7.499e-01 2.494e-01 1.174e-04 3.167e-05 2.872e-04 -1.000 6.526e-04 -10.054 -10.560 -10.365 -10.189 -9.862 -9.572 -8.523 -8.183 -8.180 -8.019 -7.992 -7.976 -7.953 -7.915 -7.902 -7.840 -7.828 -7.727
0.00061788 -1.40000 6.65000 49.1469345093 2.6329194296   48.325  5.939  4.3294  2.453    6  0.000  0.545     0.00     0.00     0.00     0.00     0.00 -1 -5.54e-07      0.00 7.499e-01 2.494e-01 1.174e-04 3.167e-05 2.872e-04 -1.000 6.526e-04 -10.078 -10.592 -10.412 -10.254 -9.939 -9.659 -8.625 -8.291 -8.290 -8.140 -8.115 -8.101 -8.081 -8.045 -8.033 -7.973 -7.962 -7.866
0.00061788 -1.40000 6.65000 49.6695251465 2.6329333377   48.792  5.947  4.3120  2.379    6  0.000  0.545     0.00     0.00     0.00     0.00     0.00 -1  -1.1e-06      0.00 7.499e-01 2.494e-01 1.174e-04 3.167e-05 2.872e-04 -1.000 6.526e-04 -10.098 -10.615 -10.439 -10.280 -9.963 -9.681 -8.643 -8.307 -8.307 -8.154 -8.129 -8.114 -8.093 -8.056 -8.044 -7.983 -7.971 -7.872
0.00061788 -1.40000 6.65000 50.1439628601 2.6329456760   49.208  5.955  4.2913  2.293    6  0.000  0.545     0.00     0.00     0.00     0.00     0.00 -1 -1.38e-06      0.00 7.499e-01 2.494e-01 1.174e-04 3.167e-05 2.872e-04 -1.000 6.526e-04 -10.116 -10.650 -10.440 -10.243 -9.929 -9.651 -8.660 -8.368 -8.361 -8.207 -8.181 -8.163 -8.140 -8.102 -8.090 -8.022 -8.011 -7.899
0.00061788 -1.40000 6.65000 50.5734100342 2.6329566150   49.585  5.961  4.2682  2.197    6  0.000  0.545     0.00     0.00     0.00     0.00     0.00 -1 -1.34e-06      0.00 7.499e-01 2.494e-01 1.174e-04 3.167e-05 2.872e-04 -1.000 6.526e-04 -10.133 -10.671 -10.507 -10.335 -10.037 -9.772 -8.794 -8.504 -8.502 -8.359 -8.335 -8.321 -8.301 -8.267 -8.257 -8.195 -8.184 -8.078
0.00061788 -1.40000 6.65000 50.9616165161 2.6329663213   49.927  5.967  4.2426  2.092    6  0.000  0.545     0.00     0.00     0.00     0.00     0.00 -1 -1.28e-06      0.00 7.499e-01 2.494e-01 1.174e-04 3.167e-05 2.872e-04 -1.000 6.526e-04 -10.148 -10.677 -10.529 -10.370 -10.089 -9.839 -8.925 -8.654 -8.652 -8.517 -8.494 -8.481 -8.463 -8.432 -8.422 -8.365 -8.355 -8.259
0.00061788 -1.40000 6.65000 51.2740974426 2.6329740116   50.203  5.972  4.2191  1.995    6  0.000  0.545     0.00     0.00     0.00     0.00     0.00 -1 -1.23e-06      0.00 7.499e-01 2.494e-01 1.174e-04 3.167e-05 2.872e-04 -1.000 6.526e-04 -10.160 -10.676 -10.542 -10.396 -10.131 -9.896 -9.044 -8.789 -8.788 -8.660 -8.639 -8.627 -8.610 -8.582 -8.572 -8.520 -8.511 -8.424
0.00061788 -1.40000 6.65000 51.5649337769 2.6329810729   50.461  5.976  4.1940  1.893    6  0.000  0.545     0.00     0.00     0.00     0.00     0.00 -1 -1.17e-06      0.00 7.499e-01 2.494e-01 1.174e-04 3.167e-05 2.872e-04 -1.000 6.526e-04 -10.171 -10.666 -10.547 -10.415 -10.171 -9.953 -9.169 -8.933 -8.932 -8.812 -8.793 -8.783 -8.767 -8.741 -8.733 -8.687 -8.678 -8.602
0.00061788 -1.40000 6.65000 51.8289375305 2.6329874040   50.695  5.980  4.1675  1.785    6  0.000  0.545     0.00     0.00     0.00     0.00     0.00 -1 -1.13e-06      0.00 7.499e-01 2.494e-01 1.174e-04 3.167e-05 2.872e-04 -1.000 6.527e-04 -10.181 -10.643 -10.561 -10.453 -10.232 -10.033 -9.296 -9.071 -9.074 -8.967 -8.951 -8.943 -8.931 -8.911 -8.903 -8.864 -8.857 -8.789
0.00061788 -1.40000 6.65000 52.0568313599 2.6329928097   50.893  5.984  4.1406  1.675    6  0.000  0.545     0.00     0.00     0.00     0.00     0.00 -1 -1.22e-06      0.00 7.499e-01 2.494e-01 1.174e-04 3.167e-05 2.872e-04 -1.000 6.526e-04 -10.189 -10.608 -10.577 -10.501 -10.307 -10.128 -9.421 -9.199 -9.209 -9.118 -9.107 -9.104 -9.096 -9.082 -9.075 -9.046 -9.039 -8.979
0.00061788 -1.40000 6.65000 52.2236137390 2.6329967315   51.036  5.986  4.1178  1.583    6  0.000  0.545     0.00     0.00     0.00     0.00     0.00 -1 -1.17e-06      0.00 7.499e-01 2.494e-01 1.174e-04 3.167e-05 2.872e-04 -1.000 6.526e-04 -10.195 -10.565 -10.506 -10.429 -10.260 -10.103 -9.537 -9.349 -9.354 -9.262 -9.249 -9.244 -9.235 -9.220 -9.214 -9.186 -9.181 -9.137
0.00061788 -1.40000 6.65000 52.2719306946 2.6329978623   51.077  5.987  4.1122  1.560    6  0.000  0.545     0.00     0.00     0.00     0.00     0.00 -1 -1.17e-06      0.00 7.499e-01 2.494e-01 1.174e-04 3.167e-05 2.872e-04 -1.000 6.526e-04 -10.197 -10.554 -10.492 -10.416 -10.254 -10.101 -9.565 -9.385 -9.388 -9.297 -9.284 -9.279 -9.270 -9.255 -9.249 -9.222 -9.217 -9.177
0.00061788 -1.40000 6.65000 52.3483505249 2.6329996458   51.140  5.988  4.1025  1.521    6  0.000  0.545     0.00     0.00     0.00     0.00     0.00 -1 -1.16e-06      0.00 7.499e-01 2.494e-01 1.174e-04 3.167e-05 2.872e-04 -1.000 6.526e-04 -10.201 -10.532 -10.473 -10.403 -10.253 -10.109 -9.612 -9.439 -9.443 -9.354 -9.342 -9.338 -9.329 -9.315 -9.309 -9.285 -9.280 -9.245
0.00061788 -1.40000 6.65000 52.4236030579 2.6330013963   51.204  5.989  4.0925  1.480    6  0.000  0.545     0.00     0.00     0.00     0.00     0.00 -1 -1.14e-06      0.00 7.499e-01 2.494e-01 1.174e-04 3.167e-05 2.872e-04 -1.000 6.526e-04 -10.204 -10.506 -10.454 -10.392 -10.253 -10.118 -9.658 -9.493 -9.498 -9.413 -9.402 -9.397 -9.390 -9.376 -9.371 -9.349 -9.345 -9.315
0.00061788 -1.40000 6.65000 52.4829940796 2.6330027737   51.253  5.990  4.0842  1.446    6  0.000  0.545     0.00     0.00     0.00     0.00     0.00 -1 -1.16e-06      0.00 7.499e-01 2.494e-01 1.174e-04 3.167e-05 2.872e-04 -1.000 6.526e-04 -10.206 -10.482 -10.436 -10.381 -10.252 -10.124 -9.696 -9.537 -9.542 -9.460 -9.449 -9.446 -9.439 -9.426 -9.421 -9.402 -9.398 -9.373
0.00061788 -1.40000 6.65000 52.5416069031 2.6330041296   51.300  5.991  4.0756  1.411    6  0.000  0.545     0.00     0.00     0.00     0.00     0.00 -1 -1.78e-06      0.00 7.499e-01 2.494e-01 1.174e-04 3.167e-05 2.872e-04 -1.000 6.526e-04 -10.209 -10.455 -10.439 -10.399 -10.280 -10.159 -9.730 -9.568 -9.576 -9.502 -9.494 -9.493 -9.488 -9.479 -9.474 -9.459 -9.456 -9.432
0.00061788 -1.40000 6.65000 52.5993919373 2.6330054630   51.340  5.992  4.0662  1.373    6  0.000  0.545     0.00     0.00     0.00     0.00     0.00 -1 -3.45e-06      0.00 7.499e-01 2.494e-01 1.174e-04 3.167e-05 2.872e-04 -1.000 6.528e-04 -10.211 -10.423 -10.442 -10.420 -10.313 -10.200 -9.764 -9.597 -9.610 -9.546 -9.540 -9.542 -9.540 -9.535 -9.531 -9.521 -9.518 -9.496
0.00061788 -1.40000 6.65000 52.6563529968 2.6330067740   51.375  5.993  4.0564  1.333    6  0.000  0.545     0.00     0.00     0.00     0.00     0.00 -1 -5.84e-06      0.00 7.499e-01 2.494e-01 1.174e-04 3.167e-05 2.872e-04 -1.000 6.527e-04 -10.213 -10.385 -10.410 -10.395 -10.301 -10.197 -9.807 -9.648 -9.662 -9.600 -9.595 -9.598 -9.596 -9.593 -9.589 -9.582 -9.579 -9.564
0.00061788 -1.40000 6.65000 52.6984977722 2.6330077419   51.397  5.994  4.0484  1.301    6  0.000  0.545     0.00     0.00     0.00     0.00     0.00 -1  -6.4e-06      0.00 7.499e-01 2.494e-01 1.174e-04 3.167e-05 2.872e-04 -1.000 6.527e-04 -10.215 -10.352 -10.381 -10.372 -10.289 -10.191 -9.841 -9.688 -9.703 -9.644 -9.640 -9.642 -9.641 -9.639 -9.635 -9.630 -9.627 -9.617
0.00061788 -1.40000 6.65000 52.7401313782 2.6330086963   51.418  5.995  4.0401  1.267    6  0.000  0.545     0.00     0.00     0.00     0.00     0.00 -1 -6.51e-06      0.00 7.499e-01 2.494e-01 1.174e-04 3.167e-05 2.872e-04 -1.000 6.527e-04 -10.216 -10.315 -10.347 -10.345 -10.273 -10.183 -9.876 -9.730 -9.745 -9.689 -9.685 -9.688 -9.688 -9.686 -9.683 -9.680 -9.678 -9.674
0.00061788 -1.40000 6.65000 52.7948226929 2.6330099475   51.445  5.995  4.0283  1.219    6  0.000  0.545     0.00     0.00     0.00     0.00     0.00 -1  -8.1e-06      0.00 7.499e-01 2.494e-01 1.174e-04 3.167e-05 2.872e-04 -1.000 6.526e-04 -10.219 -10.257 -10.295 -10.302 -10.246 -10.166 -9.924 -9.789 -9.804 -9.751 -9.749 -9.752 -9.753 -9.752 -9.749 -9.749 -9.748 -9.752
0.00061788 -1.40000 6.65000 52.8352203369 2.6330108697   51.465  5.996  4.0193  1.183    6  0.000  0.545     0.00     0.00     0.00     0.00     0.00 -1 -9.93e-06      0.00 7.499e-01 2.494e-01 1.174e-04 3.167e-05 2.872e-04 -1.000 6.526e-04 -10.220 -10.208 -10.250 -10.266 -10.222 -10.150 -9.960 -9.833 -9.848 -9.799 -9.796 -9.800 -9.801 -9.801 -9.799 -9.802 -9.801 -9.812
0.00061788 -1.40000 6.65000 52.8881950378 2.6330120766   51.488  5.997  4.0063  1.130    6  0.000  0.545     0.00     0.00     0.00     0.00     0.00 -1 -1.08e-05      0.00 7.499e-01 2.494e-01 1.174e-04 3.167e-05 2.872e-04 -1.000 6.527e-04 -10.222 -10.130 -10.178 -10.205 -10.181 -10.119 -10.011 -9.895 -9.910 -9.865 -9.864 -9.868 -9.870 -9.871 -9.869 -9.876 -9.876 -9.897
0.00061788 -1.40000 6.65000 52.9401550293 2.6330132577   51.507  5.998  3.9927  1.075    6  0.000  0.545     0.00     0.00     0.00     0.00     0.00 -1 -1.04e-05      0.00 7.499e-01 2.494e-01 1.174e-04 3.167e-05 2.872e-04 -1.000 6.526e-04 -10.224 -10.036 -10.090 -10.132 -10.129 -10.080 -10.063 -9.959 -9.975 -9.933 -9.933 -9.938 -9.940 -9.943 -9.941 -9.952 -9.954 -9.986
0.00061788 -1.40000 6.65000 52.9910469055 2.6330144119   51.526  5.998  3.9786  1.018    6  0.000  0.545     0.00     0.00     0.00     0.00     0.00 -1 -1.01e-05      0.00 7.499e-01 2.494e-01 1.174e-04 3.167e-05 2.872e-04 -1.000 6.526e-04 -10.226 -9.924 -9.984 -10.042 -10.065 -10.030 -10.114 -10.024 -10.039 -10.002 -10.002 -10.008 -10.011 -10.015 -10.014 -10.029 -10.032 -10.076
0.00061788 -1.40000 6.65000 53.0583381653 2.6330159342   51.553  6.000  3.9585  0.937    6  0.000  0.545     0.00     0.00     0.00     0.00     0.00 -1  -9.8e-06      0.00 7.499e-01 2.494e-01 1.174e-04 3.167e-05 2.872e-04 -1.000 6.527e-04 -10.229 -9.739 -9.846 -9.937 -10.000 -9.986 -10.158 -10.077 -10.099 -10.080 -10.084 -10.094 -10.101 -10.111 -10.111 -10.136 -10.141 -10.197
0.00061788 -1.40000 6.65000 53.1129226685 2.6330171657   51.575  6.000  3.9419  0.869    6  0.000  0.545     0.00     0.00     0.00     0.00     0.00 -1 -9.49e-06      0.00 7.499e-01 2.494e-01 1.174e-04 3.167e-05 2.872e-04 -1.000 6.528e-04 -10.231 -9.542 -9.681 -9.799 -9.907 -9.912 -10.199 -10.129 -10.154 -10.145 -10.152 -10.164 -10.173 -10.186 -10.187 -10.220 -10.226 -10.297
0.00061788 -1.40000 6.65000 53.1792907715 2.6330186592   51.604  6.001  3.9231  0.794    6  0.000  0.545     0.00     0.00     0.00     0.00     0.00 -1 -9.14e-06      0.00 7.499e-01 2.494e-01 1.174e-04 3.167e-05 2.872e-04 -1.000 6.526e-04 -10.234 -9.290 -9.484 -9.638 -9.799 -9.829 -10.220 -10.162 -10.195 -10.206 -10.218 -10.233 -10.246 -10.266 -10.268 -10.310 -10.317 -10.402
0.00061788 -1.40000 6.65000 53.2467460632 2.6330201728   51.635  6.002  3.9044  0.718    6  0.000  0.545     0.00     0.00     0.00     0.00     0.00 -1 -8.78e-06      0.00 7.499e-01 2.494e-01 1.174e-04 3.167e-05 2.872e-04 -1.000 6.526e-04 -10.236 -8.930 -9.195 -9.407 -9.649 -9.712 -10.246 -10.203 -10.238 -10.261 -10.275 -10.293 -10.308 -10.331 -10.335 -10.388 -10.397 -10.501
0.00061788 -1.40000 6.65000 53.3118057251 2.6330216285   51.666  6.003  3.8852  0.641    6  0.000  0.545     0.00     0.00     0.00     0.00     0.00 -1 -8.36e-06      0.00 7.499e-01 2.494e-01 1.174e-04 3.167e-05 2.872e-04 -1.000 6.526e-04 -10.239 -8.459 -8.817 -9.121 -9.469 -9.571 -10.267 -10.243 -10.277 -10.306 -10.321 -10.341 -10.357 -10.386 -10.392 -10.457 -10.468 -10.590
0.00061788 -1.40000 6.65000 53.3735809326 2.6330230069   51.696  6.004  3.8693  0.576    6  0.000  0.545     0.00     0.00     0.00     0.00     0.00 -1    -8e-06      0.00 7.499e-01 2.494e-01 1.174e-04 3.167e-05 2.872e-04 -1.000 6.527e-04 -10.241 -8.080 -8.520 -8.917 -9.352 -9.486 -10.241 -10.227 -10.270 -10.324 -10.344 -10.371 -10.393 -10.431 -10.438 -10.517 -10.529 -10.660
0.00061788 -1.40000 6.65000 53.4318847656 2.6330243044   51.725  6.005  3.8551  0.519    6  0.000  0.545     0.00     0.00     0.00     0.00     0.00 -1 -7.76e-06      0.00 7.499e-01 2.494e-01 1.174e-04 3.167e-05 2.872e-04 -1.000 6.527e-04 -10.243 -7.684 -8.167 -8.688 -9.224 -9.394 -10.227 -10.224 -10.266 -10.330 -10.352 -10.384 -10.410 -10.457 -10.467 -10.560 -10.572 -10.711
0.00061788 -1.40000 6.65000 53.4868049622 2.6330255237   51.752  6.006  3.8409  0.462    6  0.000  0.545     0.00     0.00     0.00     0.00     0.00 -1 -7.56e-06      0.00 7.499e-01 2.494e-01 1.174e-04 3.167e-05 2.872e-04 -1.000 6.526e-04 -10.245 -7.376 -7.851 -8.501 -9.126 -9.334 -10.178 -10.187 -10.236 -10.325 -10.353 -10.393 -10.426 -10.485 -10.499 -10.606 -10.619 -10.758
0.00061788 -1.40000 6.65000 53.5630950928 2.6330272127   51.794  6.007  3.8204  0.379    6  0.000  0.545     0.00     0.00     0.00     0.00     0.00 -1 -7.18e-06      0.00 7.499e-01 2.494e-01 1.174e-04 3.167e-05 2.872e-04 -1.000 6.527e-04 -10.247 -7.057 -7.436 -8.269 -9.016 -9.281 -10.070 -10.097 -10.162 -10.305 -10.345 -10.400 -10.444 -10.525 -10.543 -10.675 -10.686 -10.823
0.00061788 -1.40000 6.65000 53.6324691772 2.6330287437   51.831  6.007  3.8055  0.319    6  0.000  0.545     0.00     0.00     0.00     0.00     0.00 -1 -6.88e-06      0.00 7.499e-01 2.494e-01 1.174e-04 3.167e-05 2.872e-04 -1.000 6.526e-04 -10.248 -6.903 -7.163 -8.116 -8.948 -9.257 -9.963 -10.003 -10.090 -10.285 -10.336 -10.403 -10.457 -10.554 -10.576 -10.725 -10.736 -10.871
0.00061788 -1.40000 6.65000 53.8980216980 2.6330345625   51.982  6.010  3.7673  0.165    6  0.000  0.545     0.00     0.00     0.00     0.00     0.00 -1 -6.33e-06      0.00 7.499e-01 2.494e-01 1.174e-04 3.167e-05 2.872e-04 -1.000 6.527e-04 -10.255 -6.591 -6.219 -7.501 -8.651 -9.082 -9.648 -9.729 -9.876 -10.212 -10.290 -10.392 -10.470 -10.610 -10.641 -10.838 -10.849 -10.993
0.00061788 -1.40000 6.65000 54.0524482727 2.6330379160   52.073  6.011  3.7509  0.099    6  0.000  0.544     0.00     0.00     0.00     0.00     0.00 -1 -6.06e-06      0.00 7.497e-01 2.496e-01 1.170e-04 3.234e-05 2.868e-04 -1.000 6.527e-04 -10.257 -6.491 -5.775 -7.195 -8.503 -8.987 -9.491 -9.594 -9.768 -10.167 -10.255 -10.373 -10.461 -10.619 -10.655 -10.873 -10.884 -11.035
0.00061788 -1.40000 6.65000 54.2406311035 2.6330419730   52.187  6.010  3.7365  0.043    6  0.000  0.528     0.00     0.00     0.00     0.00     0.00 -1 -5.77e-06      0.00 7.440e-01 2.554e-01 1.118e-04 4.439e-05 2.796e-04 -1.000 6.527e-04 -10.256 -6.407 -5.288 -6.851 -8.331 -8.863 -9.340 -9.467 -9.667 -10.118 -10.215 -10.347 -10.443 -10.616 -10.656 -10.892 -10.904 -11.063
0.00061788 -1.40000 6.65000 54.2511405945 2.6330421986   52.192  6.010  3.7356  0.040    6  0.000  0.527     0.00     0.00     0.00     0.00     0.00 -1 -5.73e-06      0.00 7.434e-01 2.559e-01 1.113e-04 4.551e-05 2.789e-04 -1.000 6.526e-04 -10.255 -6.401 -5.250 -6.825 -8.317 -8.853 -9.329 -9.458 -9.659 -10.115 -10.212 -10.344 -10.441 -10.615 -10.656 -10.893 -10.905 -11.065
0.00061788 -1.40000 6.65000 54.2949600220 2.6330431382   52.220  5.998  3.7266  0.016    7  0.000  0.513   506.90   227.88   150.31   105.28    88.69  3  -5.3e-06      0.00 7.393e-01 2.601e-01 1.071e-04 5.477e-05 2.734e-04 -1.000 6.526e-04 -10.225 -6.323 -4.865 -6.545 -8.157 -8.723 -9.191 -9.339 -9.559 -10.051 -10.155 -10.295 -10.397 -10.582 -10.625 -10.874 -10.886 -11.053
0.00061788 -1.40000 6.65000 54.3223266602 2.6330437242   52.239  5.976  3.7216  0.018    7  0.000  0.475   505.56   227.19   149.88   104.97    88.42  3 -4.69e-06      0.00 7.004e-01 2.990e-01 8.546e-05 1.143e-04 2.340e-04 -1.000 6.527e-04 -10.171 -6.245 -4.621 -6.355 -8.034 -8.617 -9.077 -9.234 -9.465 -9.978 -10.085 -10.231 -10.335 -10.526 -10.570 -10.825 -10.838 -11.008
0.00061788 -1.40000 6.65000 54.3333625793 2.6330439603   52.250  5.957  3.7213  0.036    7  0.000  0.412   491.57   219.97   145.33   101.73    85.69  4 -4.26e-06      0.00 6.338e-01 3.655e-01 5.328e-05 2.074e-04 1.716e-04 -1.000 6.526e-04 -10.123 -6.197 -4.579 -6.314 -7.991 -8.574 -9.027 -9.184 -9.415 -9.929 -10.036 -10.182 -10.287 -10.477 -10.522 -10.777 -10.790 -10.960
