 Zini     MH   logAge Mini        int_IMF         Mass   logL    logTe  logg  label   McoreTP C_O  period0  period1  period2  period3  period4  pmode  Mloss  tau1m   X   Y   Xc  Xn  Xo  Cexcess  Z 	 mbolmag  F170Wmag  F218Wmag  F255Wmag  F300Wmag  F336Wmag  F380Wmag  F439Wmag  F450Wmag  F555Wmag  F569Wmag  F606Wmag  F622Wmag  F675Wmag  F702Wmag  F791Wmag  F814Wmag  F850LPmag
0.00077741 -1.30000 6.75000 0.0900000036 1.0816895926    0.090 -1.673  3.5159  4.080    0  0.000  0.545     0.00     0.00     0.00     0.00     0.00 -1 -8.22e-15      0.00 7.494e-01 2.497e-01 1.471e-04 3.970e-05 3.601e-04 -1.000 8.183e-04 8.951 13.620 18.469 17.971 14.329 13.516 13.116 12.489 11.950 10.607 10.395 10.024 9.830 9.391 9.167 8.456 8.411 7.966
0.00077741 -1.30000 6.75000 0.0953954384 1.1314495247    0.095 -1.640  3.5192  4.086    0  0.000  0.545     0.00     0.00     0.00     0.00     0.00 -1 -8.55e-15      0.00 7.494e-01 2.497e-01 1.471e-04 3.970e-05 3.601e-04 -1.000 8.183e-04 8.869 13.525 18.365 17.811 14.197 13.377 12.965 12.348 11.815 10.484 10.273 9.903 9.709 9.276 9.062 8.366 8.322 7.885
0.00077741 -1.30000 6.75000 0.1000000015 1.1711064122    0.100 -1.613  3.5218  4.090    0  0.000  0.545     0.00     0.00     0.00     0.00     0.00 -1 -8.85e-15      0.00 7.494e-01 2.497e-01 1.471e-04 3.970e-05 3.601e-04 -1.000 8.184e-04 8.802 13.446 18.277 17.677 14.085 13.261 12.842 12.233 11.705 10.385 10.175 9.806 9.612 9.184 8.977 8.293 8.250 7.818
0.00077741 -1.30000 6.75000 0.1281100214 1.3705324831    0.128 -1.463  3.5339  4.096    0  0.000  0.545     0.00     0.00     0.00     0.00     0.00 -1 -1.09e-14      0.00 7.494e-01 2.497e-01 1.471e-04 3.970e-05 3.601e-04 -1.000 8.184e-04 8.428 13.025 17.805 16.995 13.505 12.666 12.221 11.647 11.146 9.875 9.671 9.309 9.115 8.706 8.527 7.897 7.857 7.449
0.00077741 -1.30000 6.75000 0.1350326687 1.4110247476    0.135 -1.429  3.5364  4.095    0  0.000  0.545     0.00     0.00     0.00     0.00     0.00 -1 -1.15e-14      0.00 7.494e-01 2.497e-01 1.471e-04 3.970e-05 3.601e-04 -1.000 8.183e-04 8.343 12.931 17.699 16.848 13.379 12.537 12.088 11.522 11.025 9.765 9.561 9.201 9.008 8.601 8.428 7.808 7.768 7.365
0.00077741 -1.30000 6.75000 0.1399142295 1.4379898572    0.140 -1.406  3.5380  4.094    0  0.000  0.545     0.00     0.00     0.00     0.00     0.00 -1 -1.19e-14      0.00 7.494e-01 2.497e-01 1.471e-04 3.970e-05 3.601e-04 -1.000 8.184e-04 8.285 12.868 17.628 16.749 13.295 12.451 11.999 11.437 10.944 9.691 9.488 9.128 8.935 8.531 8.361 7.748 7.708 7.309
0.00077741 -1.30000 6.75000 0.1408863515 1.4432138752    0.141 -1.401  3.5383  4.093    0  0.000  0.545     0.00     0.00     0.00     0.00     0.00 -1  -1.2e-14      0.00 7.494e-01 2.497e-01 1.471e-04 3.970e-05 3.601e-04 -1.000 8.184e-04 8.273 12.855 17.614 16.729 13.278 12.434 11.981 11.420 10.928 9.676 9.473 9.113 8.921 8.517 8.348 7.736 7.696 7.297
0.00077741 -1.30000 6.75000 0.1431610286 1.4552565886    0.143 -1.390  3.5392  4.092    0  0.000  0.545     0.00     0.00     0.00     0.00     0.00 -1 -1.22e-14      0.00 7.494e-01 2.497e-01 1.471e-04 3.970e-05 3.601e-04 -1.000 8.184e-04 8.245 12.824 17.578 16.680 13.236 12.391 11.937 11.378 10.888 9.639 9.436 9.077 8.885 8.482 8.315 7.706 7.667 7.269
0.00077741 -1.30000 6.75000 0.1514812708 1.4972734600    0.151 -1.356  3.5420  4.094    0  0.000  0.545     0.00     0.00     0.00     0.00     0.00 -1 -1.29e-14      0.00 7.494e-01 2.497e-01 1.471e-04 3.970e-05 3.601e-04 -1.000 8.184e-04 8.159 12.728 17.468 16.523 13.103 12.256 11.800 11.249 10.763 9.526 9.325 8.968 8.775 8.376 8.215 7.617 7.578 7.185
0.00077741 -1.30000 6.75000 0.1666914672 1.5668346185    0.167 -1.300  3.5467  4.099    0  0.000  0.545     0.00     0.00     0.00     0.00     0.00 -1 -1.39e-14      0.00 7.494e-01 2.497e-01 1.471e-04 3.970e-05 3.601e-04 -1.000 8.183e-04 8.021 12.573 17.286 16.264 12.883 12.034 11.576 11.037 10.560 9.343 9.144 8.790 8.598 8.205 8.052 7.472 7.434 7.050
0.00077741 -1.30000 6.75000 0.1820144802 1.6290308413    0.182 -1.249  3.5512  4.103    0  0.000  0.545     0.00     0.00     0.00     0.00     0.00 -1 -1.49e-14      0.00 7.494e-01 2.497e-01 1.471e-04 3.970e-05 3.601e-04 -1.000 8.184e-04 7.892 12.429 17.114 16.017 12.676 11.824 11.365 10.838 10.370 9.172 8.974 8.624 8.433 8.045 7.901 7.337 7.300 6.924
0.00077741 -1.30000 6.75000 0.1985994279 1.6891058810    0.199 -1.203  3.5553  4.112    0  0.000  0.545     0.00     0.00     0.00     0.00     0.00 -1 -1.57e-14      0.00 7.494e-01 2.497e-01 1.471e-04 3.970e-05 3.601e-04 -1.000 8.184e-04 7.777 12.299 16.955 15.787 12.488 11.635 11.178 10.661 10.199 9.019 8.824 8.476 8.286 7.903 7.766 7.217 7.181 6.811
0.00077741 -1.30000 6.75000 0.2005095482 1.6956048647    0.200 -1.198  3.5558  4.113    0  0.000  0.545     0.00     0.00     0.00     0.00     0.00 -1 -1.58e-14      0.00 7.494e-01 2.497e-01 1.471e-04 3.970e-05 3.601e-04 -1.000 8.184e-04 7.765 12.287 16.939 15.763 12.469 11.615 11.159 10.643 10.182 9.004 8.809 8.461 8.272 7.889 7.752 7.205 7.169 6.800
0.00077741 -1.30000 6.75000 0.2195493579 1.7562789354    0.220 -1.144  3.5606  4.118    0  0.000  0.545     0.00     0.00     0.00     0.00     0.00 -1  -1.7e-14      0.00 7.494e-01 2.497e-01 1.471e-04 3.970e-05 3.601e-04 -1.000 8.184e-04 7.629 12.135 16.750 15.491 12.247 11.393 10.939 10.435 9.982 8.825 8.632 8.289 8.100 7.724 7.594 7.064 7.029 6.668
0.00077741 -1.30000 6.75000 0.2403330058 1.8151527490    0.240 -1.093  3.5654  4.126    0  0.000  0.545     0.00     0.00     0.00     0.00     0.00 -1 -1.81e-14      0.00 7.494e-01 2.497e-01 1.471e-04 3.970e-05 3.601e-04 -1.000 8.184e-04 7.503 11.993 16.565 15.225 12.038 11.184 10.735 10.243 9.797 8.660 8.470 8.130 7.943 7.572 7.449 6.933 6.898 6.545
0.00077741 -1.30000 6.75000 0.2621593475 1.8702487479    0.262 -1.045  3.5702  4.135    0  0.000  0.545     0.00     0.00     0.00     0.00     0.00 -1 -1.92e-14      0.00 7.494e-01 2.497e-01 1.471e-04 3.970e-05 3.601e-04 -1.000 8.184e-04 7.384 11.859 16.387 14.964 11.834 10.981 10.538 10.057 9.618 8.502 8.314 7.979 7.793 7.427 7.311 6.809 6.775 6.430
0.00077741 -1.30000 6.75000 0.2930778563 1.9388397570    0.293 -0.982  3.5773  4.147    0  0.000  0.545     0.00     0.00     0.00     0.00     0.00 -1 -2.07e-14      0.00 7.494e-01 2.497e-01 1.471e-04 3.970e-05 3.601e-04 -1.000 8.184e-04 7.224 11.676 16.133 14.605 11.539 10.686 10.260 9.795 9.368 8.285 8.101 7.775 7.591 7.235 7.125 6.642 6.610 6.275
0.00077741 -1.30000 6.75000 0.3000000417 1.9529140366    0.300 -0.968  3.5787  4.150    0  0.000  0.545     0.00     0.00     0.00     0.00     0.00 -1  -2.1e-14      0.00 7.494e-01 2.497e-01 1.471e-04 3.970e-05 3.601e-04 -1.000 8.184e-04 7.191 11.638 16.080 14.530 11.478 10.625 10.202 9.741 9.317 8.241 8.058 7.733 7.550 7.195 7.087 6.608 6.576 6.243
0.00077741 -1.30000 6.75000 0.3164983094 1.9848206432    0.316 -0.939  3.5822  4.158    0  0.000  0.545     0.00     0.00     0.00     0.00     0.00 -1 -2.17e-14      0.00 7.494e-01 2.497e-01 1.471e-04 3.970e-05 3.601e-04 -1.000 8.184e-04 7.117 11.553 15.952 14.350 11.338 10.487 10.074 9.619 9.201 8.141 7.959 7.639 7.457 7.106 7.002 6.530 6.499 6.171
0.00077741 -1.30000 6.75000 0.3499999940 2.0434174644    0.350 -0.881  3.5888  4.171    0  0.000  0.545     0.00     0.00     0.00     0.00     0.00 -1 -2.32e-14      0.00 7.494e-01 2.497e-01 1.471e-04 3.970e-05 3.601e-04 -1.000 8.183e-04 6.973 11.390 15.700 13.994 11.072 10.226 9.831 9.391 8.982 7.951 7.773 7.461 7.281 6.939 6.839 6.382 6.352 6.033
0.00077741 -1.30000 6.75000 0.3693478703 2.0740348424    0.369 -0.849  3.5931  4.179    0  0.000  0.545     0.00     0.00     0.00     0.00     0.00 -1 -2.41e-14      0.00 7.494e-01 2.497e-01 1.471e-04 3.970e-05 3.601e-04 -1.000 8.184e-04 6.892 11.295 15.546 13.783 10.907 10.063 9.683 9.251 8.849 7.838 7.664 7.357 7.179 6.843 6.746 6.299 6.269 5.956
0.00077741 -1.30000 6.75000 0.4000000060 2.1185024399    0.400 -0.801  3.5997  4.192    0  0.000  0.545     0.00     0.00     0.00     0.00     0.00 -1 -2.55e-14      0.00 7.494e-01 2.497e-01 1.471e-04 3.970e-05 3.601e-04 -1.000 8.184e-04 6.772 11.153 15.312 13.469 10.655 9.814 9.460 9.039 8.649 7.670 7.500 7.202 7.026 6.699 6.607 6.173 6.145 5.841
0.00077741 -1.30000 6.75000 0.4092505276 2.1310594237    0.409 -0.787  3.6017  4.196    0  0.000  0.545     0.00     0.00     0.00     0.00     0.00 -1 -2.59e-14      0.00 7.494e-01 2.497e-01 1.471e-04 3.970e-05 3.601e-04 -1.000 8.184e-04 6.738 11.113 15.252 13.386 10.581 9.741 9.396 8.978 8.592 7.621 7.453 7.158 6.983 6.659 6.568 6.138 6.110 5.808
0.00077741 -1.30000 6.75000 0.4499999881 2.1822809009    0.450 -0.729  3.6101  4.212    0  0.000  0.545     0.00     0.00     0.00     0.00     0.00 -1 -2.77e-14      0.00 7.494e-01 2.497e-01 1.471e-04 3.970e-05 3.601e-04 -1.000 8.184e-04 6.593 10.941 15.006 13.041 10.270 9.432 9.125 8.721 8.350 7.419 7.256 6.972 6.802 6.489 6.403 5.988 5.961 5.670
0.00077741 -1.30000 6.75000 0.4657409489 2.2004774695    0.466 -0.706  3.6136  4.218    0  0.000  0.545     0.00     0.00     0.00     0.00     0.00 -1 -2.86e-14      0.00 7.494e-01 2.497e-01 1.471e-04 3.970e-05 3.601e-04 -1.000 8.183e-04 6.534 10.869 14.884 12.881 10.135 9.298 9.010 8.612 8.248 7.333 7.173 6.895 6.726 6.418 6.334 5.926 5.900 5.614
0.00077741 -1.30000 6.75000 0.5000000000 2.2374541529    0.500 -0.654  3.6211  4.227    0  0.000  0.545     0.00     0.00     0.00     0.00     0.00 -1 -3.07e-14      0.00 7.494e-01 2.497e-01 1.471e-04 3.970e-05 3.601e-04 -1.000 8.183e-04 6.405 10.713 14.612 12.534 9.846 9.015 8.767 8.382 8.030 7.151 6.997 6.729 6.564 6.267 6.187 5.793 5.768 5.492
0.00077741 -1.30000 6.75000 0.5371438265 2.2727205245    0.537 -0.612  3.6293  4.249    0  0.000  0.545     0.00     0.00     0.00     0.00     0.00 -1 -3.18e-14      0.00 7.494e-01 2.497e-01 1.471e-04 3.970e-05 3.601e-04 -1.000 8.184e-04 6.300 10.577 14.261 12.117 9.562 8.743 8.541 8.171 7.832 6.990 6.841 6.585 6.424 6.138 6.062 5.684 5.660 5.394
0.00077741 -1.30000 6.75000 0.5500000715 2.2836583126    0.550 -0.598  3.6320  4.256    0  0.000  0.545     0.00     0.00     0.00     0.00     0.00 -1 -3.22e-14      0.00 7.494e-01 2.497e-01 1.471e-04 3.970e-05 3.601e-04 -1.000 8.184e-04 6.265 10.532 14.145 11.980 9.467 8.652 8.466 8.102 7.766 6.936 6.790 6.538 6.378 6.096 6.021 5.647 5.624 5.362
0.00077741 -1.30000 6.75000 0.5521267056 2.2854112280    0.552 -0.595  3.6326  4.257    0  0.000  0.545     0.00     0.00     0.00     0.00     0.00 -1 -3.23e-14      0.00 7.494e-01 2.497e-01 1.471e-04 3.970e-05 3.601e-04 -1.000 8.184e-04 6.258 10.523 14.122 11.953 9.447 8.633 8.451 8.088 7.753 6.926 6.780 6.528 6.368 6.088 6.013 5.640 5.617 5.356
0.00077741 -1.30000 6.75000 0.5754991174 2.3036989149    0.575 -0.560  3.6386  4.264    0  0.000  0.545     0.00     0.00     0.00     0.00     0.00 -1  -3.4e-14      0.00 7.494e-01 2.497e-01 1.471e-04 3.970e-05 3.601e-04 -1.000 8.184e-04 6.170 10.410 13.854 11.641 9.221 8.417 8.272 7.922 7.597 6.796 6.655 6.412 6.255 5.983 5.912 5.549 5.527 5.274
0.00077741 -1.30000 6.75000 0.6000000238 2.3211213258    0.600 -0.524  3.6447  4.271    0  0.000  0.545     0.00     0.00     0.00     0.00     0.00 -1  -3.6e-14      0.00 7.494e-01 2.497e-01 1.471e-04 3.970e-05 3.601e-04 -1.000 8.184e-04 6.080 10.293 13.619 11.344 8.989 8.195 8.087 7.753 7.437 6.664 6.527 6.293 6.140 5.876 5.807 5.455 5.434 5.189
0.00077741 -1.30000 6.75000 0.6336702108 2.3425549554    0.634 -0.476  3.6525  4.277    0  0.000  0.545     0.00     0.00     0.00     0.00     0.00 -1 -3.88e-14      0.00 7.494e-01 2.497e-01 1.471e-04 3.970e-05 3.601e-04 -1.000 8.184e-04 5.959 10.137 13.302 10.957 8.686 7.909 7.848 7.536 7.231 6.492 6.360 6.137 5.989 5.735 5.670 5.330 5.310 5.075
0.00077741 -1.30000 6.75000 0.6499999762 2.3520353107    0.650 -0.451  3.6564  4.279    0  0.000  0.545     0.00     0.00     0.00     0.00     0.00 -1 -4.05e-14      0.00 7.494e-01 2.497e-01 1.471e-04 3.970e-05 3.601e-04 -1.000 8.183e-04 5.897 10.057 13.112 10.746 8.533 7.766 7.728 7.428 7.128 6.406 6.276 6.058 5.913 5.663 5.599 5.266 5.246 5.016
0.00077741 -1.30000 6.75000 0.6760961413 2.3660979128    0.676 -0.412  3.6626  4.283    0  0.000  0.545     0.00     0.00     0.00     0.00     0.00 -1 -4.32e-14      0.00 7.494e-01 2.497e-01 1.471e-04 3.970e-05 3.601e-04 -1.000 8.184e-04 5.801 9.931 12.745 10.393 8.291 7.545 7.543 7.263 6.970 6.273 6.146 5.937 5.796 5.553 5.492 5.168 5.149 4.926
0.00077741 -1.30000 6.75000 0.6999999881 2.3779266974    0.700 -0.376  3.6682  4.284    0  0.000  0.545     0.00     0.00     0.00     0.00     0.00 -1  -4.6e-14      0.00 7.494e-01 2.497e-01 1.471e-04 3.970e-05 3.601e-04 -1.000 8.184e-04 5.711 9.812 12.320 10.038 8.068 7.344 7.374 7.113 6.826 6.151 6.027 5.825 5.688 5.452 5.392 5.076 5.058 4.842
0.00077741 -1.30000 6.75000 0.7019463778 2.3788491570    0.702 -0.373  3.6691  4.286    0  0.000  0.545     0.00     0.00     0.00     0.00     0.00 -1 -4.63e-14      0.00 7.494e-01 2.497e-01 1.471e-04 3.970e-05 3.601e-04 -1.000 8.184e-04 5.702 9.799 12.263 9.991 8.040 7.320 7.354 7.096 6.810 6.138 6.014 5.813 5.677 5.441 5.382 5.067 5.049 4.834
0.00077741 -1.30000 6.75000 0.7488163114 2.3994078310    0.749 -0.288  3.6887  4.307    0  0.000  0.538     0.00     0.00     0.00     0.00     0.00 -1 -5.32e-14      0.00 7.494e-01 2.497e-01 1.452e-04 3.965e-05 3.601e-04 -1.000 8.184e-04 5.490 9.481 11.142 9.065 7.410 6.761 6.894 6.704 6.436 5.831 5.715 5.536 5.413 5.194 5.141 4.850 4.835 4.641
0.00077741 -1.30000 6.75000 0.7500000000 2.3998889087    0.750 -0.286  3.6892  4.308    0  0.000  0.538     0.00     0.00     0.00     0.00     0.00 -1 -5.34e-14      0.00 7.494e-01 2.497e-01 1.452e-04 3.965e-05 3.601e-04 -1.000 8.183e-04 5.484 9.473 11.118 9.043 7.394 6.747 6.882 6.694 6.426 5.823 5.707 5.529 5.405 5.188 5.135 4.844 4.829 4.636
0.00077741 -1.30000 6.75000 0.8000000119 2.4187244405    0.800 -0.202  3.7009  4.299    0  0.000  0.538     0.00     0.00     0.00     0.00     0.00 -1 -6.33e-14      0.00 7.494e-01 2.497e-01 1.452e-04 3.965e-05 3.601e-04 -1.000 8.183e-04 5.275 9.191 10.308 8.443 6.957 6.353 6.543 6.393 6.138 5.570 5.458 5.291 5.174 4.966 4.916 4.638 4.624 4.444
0.00077741 -1.30000 6.75000 0.8461570740 2.4338595314    0.846 -0.133  3.7118  4.297    0  0.000  0.538     0.00     0.00     0.00     0.00     0.00 -1 -7.22e-14      0.00 7.494e-01 2.497e-01 1.452e-04 3.965e-05 3.601e-04 -1.000 8.183e-04 5.102 8.938 9.595 7.936 6.588 6.023 6.258 6.141 5.899 5.362 5.254 5.097 4.986 4.786 4.738 4.472 4.459 4.289
0.00077741 -1.30000 6.75000 0.8500000238 2.4350346840    0.850 -0.126  3.7128  4.297    0  0.000  0.538     0.00     0.00     0.00     0.00     0.00 -1 -7.31e-14      0.00 7.494e-01 2.497e-01 1.452e-04 3.965e-05 3.601e-04 -1.000 8.184e-04 5.085 8.913 9.531 7.890 6.554 5.992 6.231 6.118 5.877 5.343 5.235 5.079 4.968 4.769 4.721 4.456 4.443 4.275
0.00077741 -1.30000 6.75000 0.8904502988 2.4466999668    0.890 -0.056  3.7230  4.288    0  0.000  0.538     0.00     0.00     0.00     0.00     0.00 -1 -8.44e-14      0.00 7.494e-01 2.497e-01 1.452e-04 3.965e-05 3.601e-04 -1.000 8.184e-04 4.911 8.652 8.899 7.430 6.211 5.684 5.961 5.875 5.646 5.141 5.037 4.889 4.783 4.591 4.546 4.292 4.280 4.121
0.00077741 -1.30000 6.75000 0.8999999762 2.4492786016    0.899 -0.038  3.7256  4.285    0  0.000  0.538     0.00     0.00     0.00     0.00     0.00 -1 -8.79e-14      0.00 7.494e-01 2.497e-01 1.452e-04 3.965e-05 3.601e-04 -1.000 8.183e-04 4.865 8.581 8.743 7.314 6.124 5.605 5.891 5.812 5.587 5.089 4.986 4.840 4.735 4.545 4.501 4.249 4.237 4.081
0.00077741 -1.30000 6.75000 0.9414344430 2.4597735258    0.941  0.041  3.7365  4.268    0  0.000  0.538     0.00     0.00     0.00     0.00     0.00 -1 -1.05e-13      0.00 7.494e-01 2.497e-01 1.452e-04 3.965e-05 3.601e-04 -1.000 8.183e-04 4.668 8.275 8.122 6.843 5.766 5.282 5.602 5.549 5.337 4.869 4.770 4.631 4.530 4.348 4.306 4.065 4.054 3.908
0.00077741 -1.30000 6.75000 0.9499999881 2.4618121868    0.950  0.057  3.7387  4.265    0  0.000  0.538     0.00     0.00     0.00     0.00     0.00 -1 -1.09e-13      0.00 7.494e-01 2.497e-01 1.452e-04 3.965e-05 3.601e-04 -1.000 8.183e-04 4.627 8.210 7.998 6.748 5.693 5.217 5.543 5.495 5.286 4.824 4.725 4.588 4.488 4.308 4.266 4.027 4.017 3.872
0.00077741 -1.30000 6.75000 0.9636380076 2.4649722839    0.963  0.083  3.7421  4.259    0  0.000  0.538     0.00     0.00     0.00     0.00     0.00 -1 -1.15e-13      0.00 7.494e-01 2.497e-01 1.452e-04 3.965e-05 3.601e-04 -1.000 8.183e-04 4.563 8.106 7.808 6.602 5.584 5.119 5.453 5.412 5.208 4.754 4.657 4.522 4.424 4.246 4.205 3.969 3.959 3.818
0.00077741 -1.30000 6.75000 1.0000000000 2.4729154477    1.000  0.159  3.7516  4.238    0  0.000  0.538     0.00     0.00     0.00     0.00     0.00 -1 -1.38e-13      0.00 7.494e-01 2.497e-01 1.452e-04 3.965e-05 3.601e-04 -1.000 8.184e-04 4.373 7.781 7.261 6.178 5.269 4.839 5.191 5.169 4.976 4.549 4.455 4.327 4.233 4.063 4.024 3.798 3.789 3.656
0.00077741 -1.30000 6.75000 1.0226125717 2.4775288160    1.022  0.207  3.7574  4.222    0  0.000  0.538     0.00     0.00     0.00     0.00     0.00 -1  -1.5e-13      0.00 7.494e-01 2.497e-01 1.452e-04 3.965e-05 3.601e-04 -1.000 8.184e-04 4.251 7.569 6.939 5.924 5.075 4.667 5.028 5.015 4.830 4.419 4.328 4.204 4.112 3.947 3.909 3.689 3.680 3.552
0.00077741 -1.30000 6.75000 1.0499999523 2.4828114860    1.050  0.272  3.7647  4.198    0  0.000  0.538     0.00     0.00     0.00     0.00     0.00 -1 -1.69e-13      0.00 7.494e-01 2.497e-01 1.452e-04 3.965e-05 3.601e-04 -1.000 8.184e-04 4.089 7.279 6.540 5.604 4.829 4.447 4.817 4.815 4.639 4.248 4.160 4.041 3.953 3.793 3.757 3.544 3.536 3.415
0.00077741 -1.30000 6.75000 1.0884219408 2.4897097711    1.088  0.372  3.7752  4.155    0  0.000  0.538     0.00     0.00     0.00     0.00     0.00 -1 -2.06e-13      0.00 7.494e-01 2.497e-01 1.452e-04 3.965e-05 3.601e-04 -1.000 8.184e-04 3.840 6.828 5.980 5.150 4.471 4.127 4.502 4.513 4.350 3.987 3.904 3.793 3.709 3.557 3.523 3.321 3.314 3.201
0.00077741 -1.30000 6.75000 1.1000000238 2.4916801480    1.099  0.404  3.7786  4.142    0  0.000  0.538     0.00     0.00     0.00     0.00     0.00 -1  -2.2e-13      0.00 7.494e-01 2.497e-01 1.452e-04 3.965e-05 3.601e-04 -1.000 8.184e-04 3.761 6.683 5.810 5.011 4.361 4.028 4.403 4.417 4.259 3.905 3.823 3.714 3.632 3.483 3.449 3.250 3.243 3.134
0.00077741 -1.30000 6.75000 1.1277580261 2.4962151321    1.127  0.480  3.7866  4.108    0  0.000  0.538     0.00     0.00     0.00     0.00     0.00 -1 -2.56e-13      0.00 7.494e-01 2.497e-01 1.452e-04 3.965e-05 3.601e-04 -1.000 8.183e-04 3.569 6.333 5.427 4.694 4.105 3.799 4.169 4.188 4.040 3.706 3.628 3.524 3.445 3.302 3.270 3.079 3.073 2.970
0.00077741 -1.30000 6.75000 1.1499999762 2.4996678137    1.149  0.540  3.7935  4.084    0  0.000  0.538     0.00     0.00     0.00     0.00     0.00 -1 -2.88e-13      0.00 7.494e-01 2.497e-01 1.452e-04 3.965e-05 3.601e-04 -1.000 8.183e-04 3.419 6.050 5.131 4.450 3.909 3.624 3.985 4.007 3.866 3.550 3.474 3.375 3.299 3.162 3.131 2.947 2.942 2.844
0.00077741 -1.30000 6.75000 1.1749522686 2.5033628625    1.174  0.604  3.8017  4.062    0  0.000  0.538     0.00     0.00     0.00     0.00     0.00 -1 -3.24e-13      0.00 7.494e-01 2.497e-01 1.452e-04 3.965e-05 3.601e-04 -1.000 8.184e-04 3.259 5.737 4.815 4.190 3.701 3.440 3.786 3.810 3.678 3.381 3.309 3.215 3.142 3.011 2.982 2.807 2.802 2.711
0.00077741 -1.30000 6.75000 1.2000000477 2.5068948796    1.200  0.663  3.8109  4.049    0  0.000  0.538     0.00     0.00     0.00     0.00     0.00 -1 -3.56e-13      0.00 7.494e-01 2.497e-01 1.452e-04 3.965e-05 3.601e-04 -1.000 8.184e-04 3.112 5.429 4.517 3.950 3.512 3.276 3.601 3.624 3.502 3.224 3.156 3.069 3.000 2.876 2.849 2.683 2.678 2.595
0.00077741 -1.30000 6.75000 1.2035019398 2.5073752324    1.203  0.671  3.8122  4.048    0  0.000  0.538     0.00     0.00     0.00     0.00     0.00 -1  -3.6e-13      0.00 7.494e-01 2.497e-01 1.452e-04 3.965e-05 3.601e-04 -1.000 8.184e-04 3.092 5.387 4.478 3.918 3.488 3.255 3.576 3.599 3.478 3.203 3.135 3.049 2.980 2.858 2.831 2.666 2.662 2.580
0.00077741 -1.30000 6.75000 1.2301899195 2.5109329349    1.230  0.729  3.8238  4.046    0  0.000  0.538     0.00     0.00     0.00     0.00     0.00 -1 -3.85e-13      0.00 7.494e-01 2.497e-01 1.452e-04 3.965e-05 3.601e-04 -1.000 8.183e-04 2.947 5.068 4.181 3.677 3.300 3.094 3.388 3.409 3.298 3.046 2.983 2.904 2.840 2.727 2.702 2.549 2.546 2.473
0.00077741 -1.30000 6.75000 1.2500000000 2.5134610955    1.250  0.770  3.8340  4.053    0  0.000  0.538     0.00     0.00     0.00     0.00     0.00 -1    -4e-13      0.00 7.495e-01 2.497e-01 1.452e-04 3.965e-05 3.601e-04 -1.000 8.183e-04 2.845 4.824 3.961 3.501 3.167 2.983 3.251 3.269 3.167 2.934 2.875 2.802 2.743 2.638 2.615 2.472 2.469 2.405
0.00077741 -1.30000 6.75000 1.2639623880 2.5151883256    1.264  0.798  3.8423  4.063    0  0.000  0.538     0.00     0.00     0.00     0.00     0.00 -1 -4.06e-13      0.00 7.495e-01 2.497e-01 1.452e-04 3.965e-05 3.601e-04 -1.000 8.183e-04 2.775 4.645 3.805 3.379 3.077 2.910 3.155 3.169 3.074 2.856 2.800 2.733 2.677 2.578 2.557 2.423 2.421 2.362
0.00077741 -1.30000 6.75000 1.2868922949 2.5179315937    1.287  0.842  3.8586  4.092    0  0.000  0.538     0.00     0.00     0.00     0.00     0.00 -1 -4.09e-13      0.00 7.495e-01 2.497e-01 1.452e-04 3.965e-05 3.601e-04 -1.000 8.184e-04 2.665 4.332 3.540 3.177 2.934 2.799 2.997 3.004 2.922 2.731 2.682 2.625 2.576 2.491 2.473 2.356 2.355 2.309
0.00077741 -1.30000 6.75000 1.2999999523 2.5194498592    1.300  0.866  3.8691  4.115    0  0.000  0.538     0.00     0.00     0.00     0.00     0.00 -1 -4.06e-13      0.00 7.495e-01 2.496e-01 1.452e-04 3.965e-05 3.601e-04 -1.000 8.184e-04 2.605 4.148 3.392 3.067 2.857 2.742 2.909 2.910 2.836 2.663 2.618 2.568 2.523 2.448 2.431 2.326 2.325 2.286
0.00077741 -1.30000 6.75000 1.3128037453 2.5208993149    1.313  0.889  3.8801  4.140    0  0.000  0.538     0.00     0.00     0.00     0.00     0.00 -1    -4e-13      0.00 7.495e-01 2.496e-01 1.452e-04 3.965e-05 3.601e-04 -1.000 8.183e-04 2.549 3.966 3.249 2.962 2.785 2.689 2.825 2.820 2.754 2.599 2.558 2.516 2.476 2.410 2.395 2.303 2.302 2.270
0.00077741 -1.30000 6.75000 1.3299920559 2.5227947498    1.330  0.917  3.8949  4.176    0  0.000  0.538     0.00     0.00     0.00     0.00     0.00 -1 -3.88e-13      0.00 7.495e-01 2.496e-01 1.452e-04 3.965e-05 3.601e-04 -1.000 8.184e-04 2.478 3.727 3.071 2.832 2.695 2.623 2.721 2.708 2.654 2.522 2.487 2.455 2.421 2.368 2.356 2.279 2.279 2.256
0.00077741 -1.30000 6.75000 1.3484325409 2.5247666023    1.349  0.945  3.9102  4.216    0  0.000  0.538     0.00     0.00     0.00     0.00     0.00 -1 -3.75e-13      0.00 7.495e-01 2.496e-01 1.452e-04 3.965e-05 3.601e-04 -1.000 8.183e-04 2.408 3.468 2.900 2.709 2.608 2.558 2.622 2.603 2.560 2.453 2.425 2.402 2.375 2.335 2.325 2.265 2.265 2.250
0.00077741 -1.30000 6.75000 1.3500000238 2.5249313598    1.350  0.947  3.9115  4.219    0  0.000  0.538     0.00     0.00     0.00     0.00     0.00 -1 -3.73e-13      0.00 7.495e-01 2.496e-01 1.452e-04 3.965e-05 3.601e-04 -1.000 8.183e-04 2.402 3.444 2.887 2.699 2.601 2.553 2.615 2.595 2.553 2.448 2.420 2.398 2.372 2.333 2.324 2.264 2.264 2.251
0.00077741 -1.30000 6.75000 1.3536186218 2.5253100338    1.354  0.952  3.9144  4.227    0  0.000  0.538     0.00     0.00     0.00     0.00     0.00 -1 -3.69e-13      0.00 7.495e-01 2.496e-01 1.452e-04 3.965e-05 3.601e-04 -1.000 8.183e-04 2.390 3.392 2.857 2.678 2.586 2.541 2.598 2.577 2.538 2.438 2.411 2.391 2.366 2.329 2.320 2.263 2.263 2.251
0.00077741 -1.30000 6.75000 1.3587894440 2.5258471197    1.359  0.959  3.9183  4.238    0  0.000  0.538     0.00     0.00     0.00     0.00     0.00 -1 -3.64e-13      0.00 7.495e-01 2.496e-01 1.452e-04 3.965e-05 3.601e-04 -1.000 8.183e-04 2.373 3.321 2.817 2.649 2.565 2.525 2.576 2.554 2.517 2.424 2.399 2.381 2.358 2.324 2.316 2.263 2.263 2.252
0.00077741 -1.30000 6.75000 1.3816772699 2.5281690286    1.382  0.985  3.9348  4.285    0  0.000  0.538     0.00     0.00     0.00     0.00     0.00 -1 -3.39e-13      0.00 7.495e-01 2.496e-01 1.452e-04 3.965e-05 3.601e-04 -1.000 8.184e-04 2.307 3.013 2.658 2.536 2.482 2.461 2.498 2.473 2.449 2.381 2.363 2.353 2.337 2.315 2.309 2.271 2.271 2.268
0.00077741 -1.30000 6.75000 1.3999999762 2.5299650300    1.400  1.002  3.9465  4.320    0  0.000  0.538     0.00     0.00     0.00     0.00     0.00 -1 -3.18e-13      0.00 7.495e-01 2.496e-01 1.452e-04 3.965e-05 3.601e-04 -1.000 8.183e-04 2.265 2.805 2.554 2.460 2.426 2.417 2.460 2.435 2.418 2.366 2.352 2.347 2.335 2.320 2.315 2.286 2.286 2.288
0.00077741 -1.30000 6.75000 1.4131819010 2.5312240559    1.413  1.013  3.9548  4.346    0  0.000  0.538     0.00     0.00     0.00     0.00     0.00 -1 -3.01e-13      0.00 7.495e-01 2.496e-01 1.452e-04 3.965e-05 3.601e-04 -1.000 8.184e-04 2.237 2.671 2.482 2.405 2.386 2.387 2.438 2.415 2.402 2.360 2.349 2.347 2.337 2.327 2.323 2.299 2.300 2.305
0.00077741 -1.30000 6.75000 1.4500000477 2.5346015836    1.450  1.038  3.9739  4.409    0  0.000  0.538     0.00     0.00     0.00     0.00     0.00 -1 -2.56e-13      0.00 7.495e-01 2.496e-01 1.452e-04 3.965e-05 3.601e-04 -1.000 8.183e-04 2.176 2.408 2.325 2.280 2.294 2.318 2.403 2.390 2.383 2.362 2.355 2.359 2.354 2.352 2.350 2.338 2.339 2.352
0.00077741 -1.30000 6.75000 1.4541982412 2.5349742343    1.454  1.040  3.9759  4.416    0  0.000  0.538     0.00     0.00     0.00     0.00     0.00 -1  -2.5e-13      0.00 7.495e-01 2.496e-01 1.452e-04 3.965e-05 3.601e-04 -1.000 8.183e-04 2.170 2.383 2.308 2.267 2.284 2.310 2.400 2.389 2.382 2.363 2.357 2.361 2.357 2.355 2.353 2.342 2.344 2.358
0.00077741 -1.30000 6.75000 1.5000000000 2.5388844597    1.500  1.068  3.9935  4.472    0  0.000  0.538     0.00     0.00     0.00     0.00     0.00 -1 -2.01e-13      0.00 7.495e-01 2.496e-01 1.452e-04 3.965e-05 3.601e-04 -1.000 8.184e-04 2.101 2.170 2.158 2.141 2.186 2.232 2.368 2.370 2.368 2.365 2.362 2.369 2.368 2.373 2.372 2.370 2.372 2.394
0.00077741 -1.30000 6.75000 1.5499999523 2.5428511323    1.550  1.100  4.0107  4.524    0  0.000  0.538     0.00     0.00     0.00     0.00     0.00 -1 -1.51e-13      0.00 7.495e-01 2.496e-01 1.452e-04 3.965e-05 3.601e-04 -1.000 8.183e-04 2.021 1.980 2.008 2.013 2.082 2.146 2.334 2.351 2.352 2.364 2.364 2.373 2.375 2.384 2.384 2.389 2.392 2.420
0.00077741 -1.30000 6.75000 1.5598692894 2.5435996212    1.560  1.106  4.0140  4.533    0  0.000  0.538     0.00     0.00     0.00     0.00     0.00 -1 -1.39e-13      0.00 7.495e-01 2.496e-01 1.452e-04 3.965e-05 3.601e-04 -1.000 8.184e-04 2.006 1.947 1.980 1.989 2.063 2.130 2.329 2.349 2.350 2.364 2.365 2.375 2.377 2.387 2.387 2.393 2.396 2.425
0.00077741 -1.30000 6.75000 1.6000000238 2.5465340628    1.600  1.135  4.0247  4.557    0  0.000  0.538     0.00     0.00     0.00     0.00     0.00 -1 -1.03e-13      0.00 7.495e-01 2.496e-01 1.452e-04 3.965e-05 3.601e-04 -1.000 8.184e-04 1.932 1.818 1.869 1.891 1.978 2.056 2.289 2.319 2.321 2.343 2.346 2.356 2.360 2.372 2.373 2.383 2.386 2.418
0.00077741 -1.30000 6.75000 1.6499999762 2.5499614773    1.649  1.170  4.0372  4.586    0  0.000  0.538     0.00     0.00     0.00     0.00     0.00 -1    -1e-30      0.00 7.495e-01 2.496e-01 1.452e-04 3.964e-05 3.601e-04 -1.000 8.184e-04 1.844 1.672 1.741 1.777 1.881 1.971 2.244 2.285 2.289 2.320 2.324 2.335 2.341 2.354 2.356 2.370 2.373 2.411
0.00077741 -1.30000 6.75000 1.6740757227 2.5515280994    1.673  1.185  4.0430  4.600    0  0.000  0.538     0.00     0.00     0.00     0.00     0.00 -1    -1e-30      0.00 7.495e-01 2.496e-01 1.452e-04 3.964e-05 3.601e-04 -1.000 8.184e-04 1.806 1.610 1.686 1.729 1.839 1.935 2.228 2.274 2.279 2.313 2.318 2.329 2.335 2.350 2.352 2.368 2.371 2.411
0.00077741 -1.30000 6.75000 1.6980822086 2.5530394561    1.697  1.200  4.0484  4.613    0  0.000  0.538     0.00     0.00     0.00     0.00     0.00 -1    -1e-30      0.00 7.495e-01 2.496e-01 1.452e-04 3.964e-05 3.601e-04 -1.000 8.183e-04 1.770 1.552 1.634 1.684 1.800 1.901 2.212 2.263 2.268 2.305 2.311 2.323 2.329 2.345 2.347 2.364 2.368 2.410
0.00077741 -1.30000 6.75000 1.7000000477 2.5531580802    1.699  1.202  4.0488  4.614    0  0.000  0.538     0.00     0.00     0.00     0.00     0.00 -1    -1e-30      0.00 7.495e-01 2.496e-01 1.452e-04 3.964e-05 3.601e-04 -1.000 8.183e-04 1.766 1.546 1.629 1.679 1.796 1.897 2.209 2.260 2.265 2.303 2.308 2.320 2.327 2.343 2.345 2.362 2.366 2.408
0.00077741 -1.30000 6.75000 1.7500000000 2.5561455243    1.749  1.244  4.0587  4.624    0  0.000  0.538     0.00     0.00     0.00     0.00     0.00 -1    -1e-30      0.00 7.495e-01 2.496e-01 1.452e-04 3.964e-05 3.601e-04 -1.000 8.184e-04 1.660 1.404 1.498 1.559 1.687 1.797 2.141 2.201 2.207 2.250 2.257 2.270 2.278 2.295 2.298 2.318 2.322 2.367
0.00077741 -1.30000 6.75000 1.7884367704 2.5583119517    1.787  1.272  4.0656  4.632    0  0.000  0.538     0.00     0.00     0.00     0.00     0.00 -1    -1e-30      0.00 7.495e-01 2.496e-01 1.452e-04 3.964e-05 3.601e-04 -1.000 8.183e-04 1.589 1.309 1.412 1.479 1.615 1.731 2.097 2.164 2.170 2.218 2.226 2.238 2.247 2.265 2.268 2.290 2.294 2.342
0.00077741 -1.30000 6.75000 1.7999999523 2.5589429085    1.799  1.282  4.0678  4.634    0  0.000  0.538     0.00     0.00     0.00     0.00     0.00 -1    -1e-30      0.00 7.495e-01 2.496e-01 1.452e-04 3.964e-05 3.601e-04 -1.000 8.184e-04 1.565 1.278 1.383 1.453 1.590 1.708 2.082 2.150 2.157 2.205 2.213 2.226 2.235 2.253 2.257 2.279 2.284 2.332
0.00077741 -1.30000 6.75000 1.8444801569 2.5612854404    1.843  1.320  4.0762  4.640    0  0.000  0.538     0.00     0.00     0.00     0.00     0.00 -1    -1e-30      0.00 7.495e-01 2.496e-01 1.452e-04 3.964e-05 3.601e-04 -1.000 8.183e-04 1.469 1.156 1.269 1.348 1.494 1.619 2.019 2.095 2.102 2.155 2.164 2.178 2.187 2.206 2.210 2.235 2.240 2.291
0.00077741 -1.30000 6.75000 1.8500000238 2.5615671203    1.849  1.325  4.0772  4.640    0  0.000  0.538     0.00     0.00     0.00     0.00     0.00 -1    -1e-30      0.00 7.495e-01 2.496e-01 1.452e-04 3.964e-05 3.601e-04 -1.000 8.184e-04 1.456 1.140 1.255 1.334 1.481 1.607 2.011 2.088 2.095 2.149 2.158 2.171 2.181 2.200 2.204 2.229 2.234 2.285
0.00077741 -1.30000 6.75000 1.8999999762 2.5640331260    1.899  1.371  4.0870  4.645    0  0.000  0.538     0.00     0.00     0.00     0.00     0.00 -1    -1e-30      0.00 7.496e-01 2.496e-01 1.452e-04 3.964e-05 3.601e-04 -1.000 8.184e-04 1.343 0.999 1.123 1.212 1.368 1.502 1.938 2.023 2.030 2.089 2.099 2.113 2.123 2.144 2.149 2.176 2.181 2.236
0.00077741 -1.30000 6.75000 1.9500000477 2.5663542714    1.950  1.414  4.0962  4.650    0  0.000  0.538     0.00     0.00     0.00     0.00     0.00 -1    -1e-30      0.00 7.496e-01 2.496e-01 1.452e-04 3.964e-05 3.601e-04 -1.000 8.183e-04 1.234 0.866 0.999 1.097 1.262 1.403 1.868 1.961 1.969 2.032 2.043 2.057 2.068 2.090 2.095 2.125 2.130 2.188
0.00077741 -1.30000 6.75000 2.0000000000 2.5685424513    2.000  1.456  4.1049  4.654    0  0.000  0.538     0.00     0.00     0.00     0.00     0.00 -1    -1e-30      0.00 7.496e-01 2.496e-01 1.452e-04 3.964e-05 3.601e-04 -1.000 8.177e-04 1.129 0.741 0.882 0.987 1.160 1.308 1.801 1.901 1.909 1.977 1.989 2.004 2.015 2.038 2.043 2.075 2.081 2.142
0.00077741 -1.30000 6.75000 2.0499999523 2.5706083333    2.050  1.497  4.1132  4.658    0  0.000  0.538     0.00     0.00     0.00     0.00     0.00 -1    -1e-30      0.00 7.496e-01 2.496e-01 1.452e-04 3.964e-05 3.600e-04 -1.000 8.184e-04 1.028 0.622 0.771 0.884 1.064 1.218 1.736 1.844 1.852 1.923 1.936 1.951 1.964 1.988 1.993 2.027 2.033 2.097
0.00077741 -1.30000 6.75000 2.0999999046 2.5725614918    2.099  1.536  4.1212  4.661    0  0.000  0.538     0.00     0.00     0.00     0.00     0.00 -1    -1e-30      0.00 7.496e-01 2.496e-01 1.452e-04 3.964e-05 3.600e-04 -1.000 8.180e-04 0.931 0.509 0.666 0.785 0.972 1.132 1.674 1.788 1.797 1.871 1.885 1.900 1.913 1.938 1.944 1.979 1.986 2.053
0.00077741 -1.30000 6.75000 2.1500000954 2.5744105556    2.149  1.574  4.1290  4.664    0  0.000  0.538     0.00     0.00     0.00     0.00     0.00 -1    -1e-30      0.00 7.496e-01 2.496e-01 1.452e-04 3.964e-05 3.600e-04 -1.000 8.183e-04 0.834 0.400 0.563 0.689 0.882 1.048 1.613 1.733 1.742 1.820 1.834 1.850 1.864 1.889 1.895 1.933 1.939 2.010
0.00077741 -1.30000 6.75000 2.2000000477 2.5761632879    2.199  1.611  4.1363  4.666    0  0.000  0.538     0.00     0.00     0.00     0.00     0.00 -1    -1e-30      0.00 7.496e-01 2.496e-01 1.452e-04 3.964e-05 3.600e-04 -1.000 8.183e-04 0.742 0.295 0.465 0.596 0.796 0.967 1.554 1.679 1.689 1.770 1.785 1.801 1.815 1.842 1.848 1.887 1.894 1.967
0.00077741 -1.30000 6.75000 2.2500000000 2.5778267375    2.249  1.647  4.1435  4.668    0  0.000  0.538     0.00     0.00     0.00     0.00     0.00 -1    -1e-30      0.00 7.496e-01 2.496e-01 1.452e-04 3.964e-05 3.600e-04 -1.000 8.184e-04 0.651 0.192 0.369 0.506 0.712 0.888 1.496 1.627 1.637 1.721 1.736 1.753 1.768 1.795 1.801 1.842 1.849 1.925
0.00077741 -1.30000 6.75000 2.2999999523 2.5794072884    2.299  1.682  4.1502  4.670    0  0.000  0.538     0.00     0.00     0.00     0.00     0.00 -1    -1e-30      0.00 7.496e-01 2.496e-01 1.452e-04 3.963e-05 3.600e-04 -1.000 8.184e-04 0.564 0.095 0.278 0.420 0.632 0.813 1.440 1.576 1.586 1.673 1.689 1.706 1.721 1.749 1.756 1.798 1.805 1.883
0.00077741 -1.30000 6.75000 2.3499999046 2.5809107422    2.349  1.717  4.1567  4.671    0  0.000  0.538     0.00     0.00     0.00     0.00     0.00 -1    -1e-30      0.00 7.494e-01 2.497e-01 1.452e-04 3.965e-05 3.601e-04 -1.000 8.183e-04 0.478 0.002 0.190 0.338 0.555 0.740 1.384 1.525 1.536 1.625 1.642 1.659 1.674 1.703 1.710 1.754 1.762 1.842
0.00077741 -1.30000 6.75000 2.4000000954 2.5823423892    2.399  1.750  4.1630  4.672    0  0.000  0.538     0.00     0.00     0.00     0.00     0.00 -1    -1e-30      0.00 7.494e-01 2.497e-01 1.452e-04 3.965e-05 3.601e-04 -1.000 8.184e-04 0.395 -0.089 0.105 0.258 0.480 0.670 1.331 1.476 1.487 1.579 1.596 1.614 1.630 1.660 1.666 1.711 1.719 1.802
0.00077741 -1.30000 6.75000 2.5999999046 2.5874412955    2.600  1.875  4.1856  4.672    0  0.000  0.538     0.00     0.00     0.00     0.00     0.00 -1    -1e-30      0.00 7.495e-01 2.496e-01 1.454e-04 3.969e-05 3.605e-04 -1.000 8.183e-04 0.081 -0.425 -0.210 -0.040 0.200 0.405 1.123 1.285 1.297 1.398 1.417 1.436 1.454 1.486 1.494 1.543 1.552 1.643
0.00077741 -1.30000 6.75000 2.8000001907 2.5917117867    2.800  1.991  4.2049  4.666    0  0.000  0.538     0.00     0.00     0.00     0.00     0.00 -1    -1e-30      0.00 7.495e-01 2.496e-01 1.454e-04 3.969e-05 3.605e-04 -1.000 8.183e-04 -0.208 -0.726 -0.494 -0.311 -0.055 0.164 0.927 1.102 1.115 1.224 1.245 1.264 1.284 1.318 1.326 1.380 1.389 1.486
0.00077741 -1.30000 6.75000 3.0000000000 2.5953341962    3.000  2.097  4.2215  4.656    1  0.000  0.538     0.00     0.00     0.00     0.00     0.00 -1    -1e-30      0.00 7.495e-01 2.496e-01 1.454e-04 3.969e-05 3.605e-04 -1.000 8.183e-04 -0.473 -0.997 -0.751 -0.556 -0.288 -0.057 0.742 0.929 0.942 1.058 1.080 1.100 1.121 1.157 1.166 1.223 1.233 1.334
0.00077741 -1.30000 6.75000 3.2000000477 2.5984409005    3.199  2.196  4.2384  4.652    1  0.000  0.538     0.00     0.00     0.00     0.00     0.00 -1    -1e-30      0.00 7.495e-01 2.496e-01 1.454e-04 3.969e-05 3.605e-04 -1.000 8.183e-04 -0.720 -1.248 -0.987 -0.781 -0.500 -0.258 0.576 0.774 0.789 0.911 0.934 0.956 0.978 1.016 1.025 1.085 1.096 1.202
0.00077741 -1.30000 6.75000 3.4000000954 2.6011310876    3.398  2.288  4.2524  4.643    1  0.000  0.538     0.00     0.00     0.00     0.00     0.00 -1    -1e-30      0.00 7.495e-01 2.496e-01 1.454e-04 3.969e-05 3.605e-04 -1.000 8.183e-04 -0.949 -1.478 -1.204 -0.989 -0.698 -0.448 0.414 0.622 0.637 0.765 0.790 0.812 0.835 0.874 0.884 0.947 0.958 1.068
0.00077741 -1.30000 6.75000 3.5999999046 2.6034804580    3.598  2.374  4.2658  4.635    1  0.000  0.538     0.00     0.00     0.00     0.00     0.00 -1    -1e-30      0.00 7.495e-01 2.496e-01 1.454e-04 3.969e-05 3.605e-04 -1.000 8.183e-04 -1.165 -1.692 -1.406 -1.183 -0.883 -0.624 0.264 0.481 0.496 0.629 0.655 0.678 0.702 0.743 0.753 0.819 0.830 0.944
0.00077741 -1.30000 6.75000 3.8000001907 2.6055477311    3.798  2.455  4.2783  4.628    1  0.000  0.538     0.00     0.00     0.00     0.00     0.00 -1    -1e-30      0.00 7.495e-01 2.496e-01 1.454e-04 3.969e-05 3.605e-04 -1.000 8.184e-04 -1.368 -1.892 -1.596 -1.365 -1.057 -0.790 0.121 0.347 0.363 0.500 0.527 0.550 0.575 0.618 0.628 0.697 0.708 0.825
0.00077741 -1.30000 6.75000 4.0000000000 2.6073790840    4.001  2.532  4.2902  4.621    1  0.000  0.538     0.00     0.00     0.00     0.00     0.00 -1    -1e-30      0.00 7.495e-01 2.496e-01 1.454e-04 3.969e-05 3.605e-04 -1.000 8.183e-04 -1.560 -2.081 -1.774 -1.536 -1.221 -0.947 -0.014 0.220 0.236 0.378 0.406 0.430 0.456 0.499 0.510 0.581 0.592 0.713
0.00077741 -1.30000 6.75000 4.1999998093 2.6090113217    4.198  2.605  4.3011  4.613    1  0.000  0.538     0.00     0.00     0.00     0.00     0.00 -1    -1e-30      0.00 7.495e-01 2.496e-01 1.454e-04 3.969e-05 3.605e-04 -1.000 8.183e-04 -1.742 -2.258 -1.942 -1.697 -1.375 -1.095 -0.143 0.098 0.115 0.261 0.290 0.314 0.341 0.385 0.396 0.469 0.481 0.604
0.00077741 -1.30000 6.75000 4.4000000954 2.6104741055    4.397  2.674  4.3116  4.606    1  0.000  0.538     0.00     0.00     0.00     0.00     0.00 -1    -1e-30      0.00 7.495e-01 2.496e-01 1.454e-04 3.969e-05 3.605e-04 -1.000 8.183e-04 -1.914 -2.425 -2.100 -1.849 -1.521 -1.235 -0.265 -0.017 0.000 0.151 0.180 0.205 0.232 0.278 0.289 0.364 0.377 0.502
0.00077741 -1.30000 6.75000 4.5999999046 2.6117915791    4.597  2.739  4.3207  4.596    1  0.000  0.538     0.00     0.00     0.00     0.00     0.00 -1    -1e-30      0.00 7.495e-01 2.496e-01 1.454e-04 3.969e-05 3.605e-04 -1.000 8.183e-04 -2.078 -2.584 -2.251 -1.996 -1.662 -1.371 -0.386 -0.132 -0.114 0.040 0.070 0.095 0.123 0.170 0.181 0.258 0.270 0.399
0.00077741 -1.30000 6.75000 4.8000001907 2.6129836005    4.798  2.802  4.3302  4.590    1  0.000  0.538     0.00     0.00     0.00     0.00     0.00 -1    -1e-30      0.00 7.495e-01 2.496e-01 1.454e-04 3.969e-05 3.605e-04 -1.000 8.184e-04 -2.234 -2.735 -2.394 -2.133 -1.794 -1.498 -0.497 -0.237 -0.219 -0.061 -0.031 -0.005 0.024 0.072 0.083 0.162 0.174 0.305
0.00077741 -1.30000 6.75000 5.0000000000 2.6140666223    4.999  2.862  4.3392  4.584    1  0.000  0.538     0.00     0.00     0.00     0.00     0.00 -1    -1e-30      0.00 7.495e-01 2.496e-01 1.454e-04 3.969e-05 3.605e-04 -1.000 8.183e-04 -2.384 -2.880 -2.531 -2.264 -1.921 -1.619 -0.604 -0.338 -0.320 -0.159 -0.127 -0.101 -0.072 -0.023 -0.011 0.069 0.082 0.215
0.00077741 -1.30000 6.75000 5.1768455505 2.6149445292    5.176  2.913  4.3465  4.577    1  0.000  0.538     0.00     0.00     0.00     0.00     0.00 -1    -1e-30      0.00 7.495e-01 2.496e-01 1.454e-04 3.969e-05 3.605e-04 -1.000 8.183e-04 -2.511 -3.002 -2.647 -2.376 -2.028 -1.723 -0.697 -0.426 -0.407 -0.244 -0.212 -0.185 -0.155 -0.106 -0.094 -0.012 0.001 0.135
0.00077741 -1.30000 6.75000 5.2632904053 2.6153490599    5.263  2.937  4.3500  4.575    1  0.000  0.538     0.00     0.00     0.00     0.00     0.00 -1    -1e-30      0.00 7.495e-01 2.496e-01 1.454e-04 3.969e-05 3.605e-04 -1.000 8.184e-04 -2.571 -3.060 -2.702 -2.429 -2.079 -1.772 -0.740 -0.467 -0.448 -0.284 -0.251 -0.225 -0.194 -0.145 -0.132 -0.050 -0.037 0.098
0.00077741 -1.30000 6.75000 5.3536915779 2.6157560746    5.353  2.961  4.3537  4.572    1  0.000  0.538     0.00     0.00     0.00     0.00     0.00 -1    -1e-30      0.00 7.495e-01 2.496e-01 1.454e-04 3.969e-05 3.605e-04 -1.000 8.183e-04 -2.633 -3.119 -2.758 -2.483 -2.131 -1.822 -0.785 -0.509 -0.491 -0.324 -0.292 -0.265 -0.235 -0.184 -0.172 -0.089 -0.076 0.060
0.00077741 -1.30000 6.75000 5.5305371284 2.6165082227    5.529  3.008  4.3605  4.567    1  0.000  0.538     0.00     0.00     0.00     0.00     0.00 -1    -1e-30      0.00 7.495e-01 2.496e-01 1.454e-04 3.969e-05 3.605e-04 -1.000 8.183e-04 -2.750 -3.231 -2.865 -2.585 -2.230 -1.917 -0.869 -0.590 -0.571 -0.402 -0.369 -0.342 -0.311 -0.260 -0.247 -0.163 -0.150 -0.012
0.00077741 -1.30000 6.75000 5.7073831558 2.6172070220    5.706  3.053  4.3672  4.562    1  0.000  0.538     0.00     0.00     0.00     0.00     0.00 -1    -1e-30      0.00 7.495e-01 2.496e-01 1.454e-04 3.969e-05 3.605e-04 -1.000 8.183e-04 -2.863 -3.340 -2.968 -2.684 -2.325 -2.009 -0.951 -0.667 -0.648 -0.477 -0.443 -0.416 -0.384 -0.333 -0.320 -0.235 -0.221 -0.082
0.00077741 -1.30000 6.75000 5.8842287064 2.6178577357    5.884  3.098  4.3737  4.556    1  0.000  0.538     0.00     0.00     0.00     0.00     0.00 -1    -1e-30      0.00 7.495e-01 2.496e-01 1.454e-04 3.969e-05 3.605e-04 -1.000 8.183e-04 -2.975 -3.447 -3.069 -2.782 -2.419 -2.100 -1.033 -0.745 -0.726 -0.552 -0.518 -0.490 -0.458 -0.406 -0.393 -0.306 -0.293 -0.152
0.00077741 -1.30000 6.75000 6.0610742569 2.6184649749    6.060  3.141  4.3798  4.551    1  0.000  0.538     0.00     0.00     0.00     0.00     0.00 -1    -1e-30      0.00 7.495e-01 2.496e-01 1.454e-04 3.969e-05 3.605e-04 -1.000 8.183e-04 -3.082 -3.550 -3.167 -2.875 -2.510 -2.187 -1.111 -0.820 -0.800 -0.624 -0.589 -0.561 -0.529 -0.476 -0.463 -0.375 -0.362 -0.219
0.00077741 -1.30000 6.75000 6.2379202843 2.6190327908    6.234  3.182  4.3857  4.546    1  0.000  0.538     0.00     0.00     0.00     0.00     0.00 -1    -1e-30      0.00 7.495e-01 2.496e-01 1.454e-04 3.969e-05 3.605e-04 -1.000 8.184e-04 -3.184 -3.648 -3.260 -2.965 -2.596 -2.271 -1.186 -0.891 -0.871 -0.693 -0.658 -0.630 -0.597 -0.543 -0.530 -0.442 -0.428 -0.284
0.00077741 -1.30000 6.75000 6.5298018456 2.6198930548    6.523  3.247  4.3951  4.538    1  0.000  0.538     0.00     0.00     0.00     0.00     0.00 -1    -1e-30      0.00 7.495e-01 2.496e-01 1.454e-04 3.969e-05 3.605e-04 -1.000 8.184e-04 -3.347 -3.804 -3.408 -3.107 -2.734 -2.404 -1.306 -1.006 -0.986 -0.804 -0.768 -0.740 -0.706 -0.651 -0.638 -0.548 -0.534 -0.387
0.00077741 -1.30000 6.75000 6.7684574127 2.6205334075    6.759  3.298  4.4024  4.531    1  0.000  0.538     0.00     0.00     0.00     0.00     0.00 -1    -1e-30      0.00 7.495e-01 2.496e-01 1.454e-04 3.969e-05 3.605e-04 -1.000 8.183e-04 -3.475 -3.819 -3.453 -3.192 -2.838 -2.523 -1.480 -1.123 -1.110 -0.913 -0.877 -0.854 -0.823 -0.772 -0.758 -0.680 -0.667 -0.547
0.00077741 -1.30000 6.75000 7.6526861191 2.6225109846    7.635  3.472  4.4267  4.508    1  0.000  0.538     0.00     0.00     0.00     0.00     0.00 -1    -1e-30      0.00 7.495e-01 2.496e-01 1.454e-04 3.969e-05 3.605e-04 -1.000 8.184e-04 -3.910 -4.285 -3.918 -3.634 -3.262 -2.930 -1.846 -1.479 -1.464 -1.256 -1.218 -1.193 -1.160 -1.108 -1.095 -1.014 -1.001 -0.873
0.00077741 -1.30000 6.75000 8.5369148254 2.6240251089    8.510  3.626  4.4477  4.485    1  0.000  0.538     0.00     0.00     0.00     0.00     0.00 -1    -1e-30      0.00 7.495e-01 2.496e-01 1.454e-04 3.969e-05 3.605e-04 -1.000 8.183e-04 -4.296 -4.615 -4.231 -3.933 -3.554 -3.214 -2.105 -1.735 -1.720 -1.511 -1.473 -1.446 -1.410 -1.353 -1.338 -1.249 -1.235 -1.103
0.00077741 -1.30000 6.75000 8.9206428528 2.6245758225    8.884  3.687  4.4559  4.475    1  0.000  0.538     0.00     0.00     0.00     0.00     0.00 -1    -1e-30      0.00 7.495e-01 2.496e-01 1.454e-04 3.969e-05 3.605e-04 -1.000 8.183e-04 -4.447 -4.753 -4.357 -4.049 -3.667 -3.323 -2.208 -1.835 -1.820 -1.607 -1.568 -1.542 -1.506 -1.449 -1.434 -1.345 -1.330 -1.197
0.00077741 -1.30000 6.75000 9.4211435318 2.6252171752    9.371  3.762  4.4659  4.463    1  0.000  0.538     0.00     0.00     0.00     0.00     0.00 -1    -1e-30      0.00 7.495e-01 2.496e-01 1.454e-04 3.969e-05 3.605e-04 -1.000 8.184e-04 -4.635 -4.929 -4.515 -4.194 -3.806 -3.459 -2.339 -1.961 -1.943 -1.726 -1.686 -1.660 -1.625 -1.570 -1.554 -1.465 -1.451 -1.315
0.00077741 -1.30000 6.75000 10.3053722382 2.6261771336   10.285  3.895  4.4831  4.440    1  0.000  0.538     0.00     0.00     0.00     0.00     0.00 -1    -1e-30      0.00 7.495e-01 2.496e-01 1.454e-04 3.969e-05 3.605e-04 -1.000 8.183e-04 -4.967 -5.244 -4.813 -4.473 -4.075 -3.720 -2.585 -2.200 -2.181 -1.956 -1.914 -1.888 -1.852 -1.796 -1.780 -1.688 -1.674 -1.534
0.00077741 -1.30000 6.75000 10.9508028030 2.6267664375   10.929  3.980  4.4939  4.424    1  0.000  0.538     0.00     0.00     0.00     0.00     0.00 -1    -1e-30      0.00 7.495e-01 2.496e-01 1.454e-04 3.969e-05 3.605e-04 -1.000 8.183e-04 -5.181 -5.449 -5.017 -4.667 -4.263 -3.900 -2.754 -2.366 -2.345 -2.115 -2.073 -2.045 -2.008 -1.948 -1.932 -1.837 -1.822 -1.679
0.00077741 -1.30000 6.75000 11.1895999908 2.6269647569   11.168  4.011  4.4978  4.418    1  0.000  0.538     0.00     0.00     0.00     0.00     0.00 -1    -1e-30      0.00 7.495e-01 2.496e-01 1.454e-04 3.969e-05 3.605e-04 -1.000 8.183e-04 -5.257 -5.522 -5.090 -4.736 -4.330 -3.965 -2.814 -2.425 -2.404 -2.173 -2.130 -2.101 -2.063 -2.003 -1.986 -1.889 -1.875 -1.730
0.00077741 -1.30000 6.75000 12.0293579102 2.6275908425   11.998  4.111  4.5101  4.398    1  0.000  0.539     0.00     0.00     0.00     0.00     0.00 -1 -7.68e-26      0.00 7.495e-01 2.497e-01 1.457e-04 3.969e-05 3.604e-04 -1.000 8.184e-04 -5.508 -5.749 -5.316 -4.954 -4.542 -4.169 -3.003 -2.610 -2.589 -2.353 -2.309 -2.280 -2.241 -2.180 -2.165 -2.068 -2.053 -1.907
0.00077741 -1.30000 6.75000 12.7738981247 2.6280675063   12.734  4.196  4.5203  4.380    1  0.000  0.541     0.00     0.00     0.00     0.00     0.00 -1 -8.84e-22      0.00 7.495e-01 2.497e-01 1.459e-04 3.969e-05 3.603e-04 -1.000 8.183e-04 -5.719 -5.937 -5.504 -5.136 -4.719 -4.342 -3.162 -2.766 -2.744 -2.505 -2.460 -2.432 -2.392 -2.332 -2.317 -2.222 -2.207 -2.059
0.00077741 -1.30000 6.75000 12.9580574036 2.6281757327   12.916  4.216  4.5226  4.376    1  0.000  0.541     0.00     0.00     0.00     0.00     0.00 -1 -8.24e-21      0.00 7.495e-01 2.497e-01 1.460e-04 3.969e-05 3.603e-04 -1.000 8.183e-04 -5.770 -5.983 -5.549 -5.180 -4.762 -4.383 -3.201 -2.804 -2.781 -2.542 -2.497 -2.468 -2.428 -2.369 -2.354 -2.259 -2.244 -2.096
0.00077741 -1.30000 6.75000 13.3798160553 2.6284107328   13.338  4.261  4.5279  4.365    1  0.000  0.542     0.00     0.00     0.00     0.00     0.00 -1 -4.72e-18      0.00 7.495e-01 2.497e-01 1.463e-04 3.969e-05 3.602e-04 -1.000 8.184e-04 -5.883 -6.084 -5.650 -5.278 -4.859 -4.478 -3.290 -2.892 -2.869 -2.629 -2.584 -2.555 -2.514 -2.454 -2.439 -2.343 -2.328 -2.178
0.00077741 -1.30000 6.75000 14.1198835373 2.6287843388   14.078  4.338  4.5364  4.346    1  0.000  0.544     0.00     0.00     0.00     0.00     0.00 -1 -2.08e-13      0.00 7.495e-01 2.497e-01 1.468e-04 3.970e-05 3.602e-04 -1.000 8.184e-04 -6.075 -6.258 -5.822 -5.448 -5.027 -4.645 -3.447 -3.047 -3.025 -2.784 -2.739 -2.709 -2.668 -2.606 -2.589 -2.489 -2.474 -2.321
0.00077741 -1.30000 6.75000 14.7265157700 2.6290585950   14.686  4.399  4.5430  4.330    1  0.000  0.545     0.00     0.00     0.00     0.00     0.00 -1 -8.98e-10      0.00 7.494e-01 2.497e-01 1.471e-04 3.970e-05 3.601e-04 -1.000 8.183e-04 -6.227 -6.395 -5.959 -5.583 -5.161 -4.777 -3.572 -3.171 -3.148 -2.908 -2.862 -2.832 -2.791 -2.727 -2.710 -2.606 -2.591 -2.437
0.00077741 -1.30000 6.75000 15.7548274994 2.6294684883   15.701  4.492  4.5527  4.305    1  0.000  0.545     0.00     0.00     0.00     0.00     0.00 -1 -1.38e-09      0.00 7.494e-01 2.497e-01 1.471e-04 3.970e-05 3.601e-04 -1.000 8.184e-04 -6.460 -6.603 -6.164 -5.787 -5.362 -4.977 -3.761 -3.358 -3.336 -3.096 -3.050 -3.019 -2.978 -2.913 -2.896 -2.789 -2.774 -2.617
0.00077741 -1.30000 6.75000 16.4949722290 2.6297274244   16.431  4.556  4.5590  4.285    1  0.000  0.545     0.00     0.00     0.00     0.00     0.00 -1 -1.85e-09      0.00 7.494e-01 2.497e-01 1.471e-04 3.970e-05 3.601e-04 -1.000 8.184e-04 -6.621 -6.740 -6.298 -5.920 -5.495 -5.108 -3.886 -3.482 -3.461 -3.221 -3.176 -3.145 -3.104 -3.039 -3.021 -2.915 -2.899 -2.741
0.00077741 -1.30000 6.75000 16.7257461548 2.6298027897   16.659  4.576  4.5609  4.280    1  0.000  0.545     0.00     0.00     0.00     0.00     0.00 -1 -2.02e-09      0.00 7.494e-01 2.497e-01 1.471e-04 3.970e-05 3.601e-04 -1.000 8.184e-04 -6.669 -6.781 -6.338 -5.960 -5.534 -5.147 -3.924 -3.520 -3.498 -3.259 -3.213 -3.182 -3.141 -3.076 -3.059 -2.952 -2.937 -2.778
0.00077741 -1.30000 6.75000 17.6818256378 2.6300910686   17.603  4.653  4.5679  4.254    1  0.000  0.545     0.00     0.00     0.00     0.00     0.00 -1 -2.86e-09      0.00 7.494e-01 2.497e-01 1.471e-04 3.970e-05 3.601e-04 -1.000 8.184e-04 -6.862 -6.946 -6.501 -6.122 -5.695 -5.307 -4.077 -3.672 -3.651 -3.413 -3.367 -3.336 -3.295 -3.230 -3.213 -3.105 -3.089 -2.930
0.00077741 -1.30000 6.75000 18.2634315491 2.6302495564   18.178  4.699  4.5717  4.238    1  0.000  0.545     0.00     0.00     0.00     0.00     0.00 -1  -3.5e-09      0.00 7.494e-01 2.497e-01 1.471e-04 3.970e-05 3.601e-04 -1.000 8.184e-04 -6.977 -7.044 -6.597 -6.218 -5.792 -5.404 -4.169 -3.764 -3.743 -3.506 -3.461 -3.429 -3.389 -3.323 -3.305 -3.198 -3.182 -3.021
0.00077741 -1.30000 6.75000 18.3472023010 2.6302714339   18.261  4.705  4.5722  4.235    1  0.000  0.545     0.00     0.00     0.00     0.00     0.00 -1 -3.59e-09      0.00 7.494e-01 2.497e-01 1.471e-04 3.970e-05 3.601e-04 -1.000 8.183e-04 -6.992 -7.058 -6.610 -6.232 -5.805 -5.417 -4.182 -3.777 -3.756 -3.519 -3.473 -3.442 -3.401 -3.335 -3.318 -3.210 -3.194 -3.034
0.00077741 -1.30000 6.75000 19.3460540771 2.6305155966   19.250  4.778  4.5776  4.207    1  0.000  0.545     0.00     0.00     0.00     0.00     0.00 -1 -4.94e-09      0.00 7.494e-01 2.497e-01 1.471e-04 3.970e-05 3.601e-04 -1.000 8.183e-04 -7.174 -7.205 -6.758 -6.381 -5.955 -5.568 -4.329 -3.924 -3.903 -3.667 -3.622 -3.590 -3.550 -3.484 -3.466 -3.358 -3.342 -3.180
0.00077741 -1.30000 6.75000 20.3342533112 2.6307302123   20.228  4.847  4.5821  4.177    1  0.000  0.545     0.00     0.00     0.00     0.00     0.00 -1 -6.69e-09      0.00 7.494e-01 2.497e-01 1.471e-04 3.970e-05 3.601e-04 -1.000 8.184e-04 -7.347 -7.339 -6.894 -6.520 -6.096 -5.711 -4.468 -4.064 -4.044 -3.809 -3.764 -3.733 -3.692 -3.626 -3.608 -3.500 -3.484 -3.322
0.00077741 -1.30000 6.75000 21.2692089081 2.6309122954   21.152  4.910  4.5855  4.147    1  0.000  0.545     0.00     0.00     0.00     0.00     0.00 -1 -8.79e-09      0.00 7.494e-01 2.497e-01 1.471e-04 3.970e-05 3.601e-04 -1.000 8.184e-04 -7.505 -7.467 -7.024 -6.652 -6.230 -5.845 -4.601 -4.197 -4.177 -3.943 -3.899 -3.867 -3.827 -3.760 -3.743 -3.634 -3.618 -3.457
0.00077741 -1.30000 6.75000 21.8003463745 2.6310077721   21.676  4.945  4.5870  4.129    1  0.000  0.545     0.00     0.00     0.00     0.00     0.00 -1 -1.02e-08      0.00 7.494e-01 2.497e-01 1.471e-04 3.970e-05 3.601e-04 -1.000 8.184e-04 -7.593 -7.542 -7.099 -6.729 -6.307 -5.923 -4.678 -4.274 -4.254 -4.022 -3.977 -3.945 -3.905 -3.839 -3.821 -3.712 -3.696 -3.535
0.00077741 -1.30000 6.75000 22.2723388672 2.6310882371   22.143  4.974  4.5881  4.113    1  0.000  0.545     0.00     0.00     0.00     0.00     0.00 -1 -1.15e-08      0.00 7.494e-01 2.497e-01 1.471e-04 3.970e-05 3.601e-04 -1.000 8.184e-04 -7.666 -7.605 -7.163 -6.794 -6.372 -5.989 -4.742 -4.339 -4.319 -4.087 -4.043 -4.011 -3.971 -3.904 -3.887 -3.778 -3.762 -3.600
0.00077741 -1.30000 6.75000 23.3324279785 2.6312553902   23.192  5.039  4.5894  4.074    1  0.000  0.545     0.00     0.00     0.00     0.00     0.00 -1  -1.5e-08      0.00 7.494e-01 2.497e-01 1.471e-04 3.970e-05 3.601e-04 -1.000 8.184e-04 -7.827 -7.751 -7.311 -6.943 -6.523 -6.140 -4.893 -4.490 -4.470 -4.240 -4.195 -4.164 -4.124 -4.057 -4.040 -3.931 -3.915 -3.753
0.00077741 -1.30000 6.75000 24.3753681183 2.6314036302   24.222  5.100  4.5897  4.033    1  0.000  0.545     0.00     0.00     0.00     0.00     0.00 -1 -1.93e-08      0.00 7.494e-01 2.497e-01 1.471e-04 3.970e-05 3.601e-04 -1.000 8.184e-04 -7.980 -7.897 -7.458 -7.093 -6.673 -6.291 -5.043 -4.641 -4.622 -4.392 -4.348 -4.317 -4.277 -4.210 -4.192 -4.083 -4.067 -3.905
0.00077741 -1.30000 6.75000 25.3372573853 2.6315279831   25.171  5.155  4.5887  3.991    1  0.000  0.545     0.00     0.00     0.00     0.00     0.00 -1 -2.43e-08      0.00 7.494e-01 2.497e-01 1.471e-04 3.970e-05 3.601e-04 -1.000 8.184e-04 -8.117 -8.033 -7.597 -7.233 -6.815 -6.434 -5.186 -4.784 -4.766 -4.537 -4.493 -4.462 -4.422 -4.355 -4.338 -4.228 -4.212 -4.050
0.00077741 -1.30000 6.75000 25.3681335449 2.6315317955   25.200  5.156  4.5886  3.990    1  0.000  0.545     0.00     0.00     0.00     0.00     0.00 -1 -2.45e-08      0.00 7.494e-01 2.497e-01 1.471e-04 3.970e-05 3.601e-04 -1.000 8.184e-04 -8.121 -8.037 -7.601 -7.238 -6.819 -6.438 -5.190 -4.788 -4.770 -4.541 -4.498 -4.466 -4.426 -4.360 -4.342 -4.232 -4.216 -4.054
0.00077741 -1.30000 6.75000 26.4071235657 2.6316541304   26.193  5.210  4.5858  3.942    1  0.000  0.545     0.00     0.00     0.00     0.00     0.00 -1    -3e-08      0.00 7.494e-01 2.497e-01 1.471e-04 3.970e-05 3.601e-04 -1.000 8.184e-04 -8.254 -8.176 -7.746 -7.384 -6.966 -6.586 -5.341 -4.940 -4.921 -4.694 -4.651 -4.619 -4.580 -4.514 -4.496 -4.387 -4.371 -4.210
0.00077741 -1.30000 6.75000 27.1057167053 2.6317303494   26.861  5.245  4.5832  3.907    1  0.000  0.545     0.00     0.00     0.00     0.00     0.00 -1 -3.46e-08      0.00 7.494e-01 2.497e-01 1.471e-04 3.970e-05 3.601e-04 -1.000 8.184e-04 -8.341 -8.271 -7.845 -7.484 -7.067 -6.687 -5.444 -5.044 -5.026 -4.799 -4.756 -4.725 -4.686 -4.620 -4.603 -4.494 -4.478 -4.318
0.00077741 -1.30000 6.75000 28.1537609100 2.6318365777   27.890  5.296  4.5777  3.851    1  0.000  0.545     0.00     0.00     0.00     0.00     0.00 -1 -4.19e-08      0.00 7.494e-01 2.497e-01 1.471e-04 3.970e-05 3.601e-04 -1.000 8.183e-04 -8.469 -8.420 -8.000 -7.642 -7.225 -6.846 -5.607 -5.208 -5.190 -4.965 -4.922 -4.891 -4.852 -4.787 -4.770 -4.662 -4.647 -4.488
0.00077741 -1.30000 6.75000 29.0879020691 2.6319238788   28.806  5.341  4.5707  3.792    1  0.000  0.545     0.00     0.00     0.00     0.00     0.00 -1 -4.93e-08      0.00 7.494e-01 2.497e-01 1.471e-04 3.970e-05 3.601e-04 -1.000 8.184e-04 -8.581 -8.557 -8.144 -7.789 -7.374 -6.996 -5.762 -5.364 -5.346 -5.123 -5.080 -5.050 -5.012 -4.949 -4.932 -4.827 -4.811 -4.655
0.00077741 -1.30000 6.75000 29.9446468353 2.6319984645   29.644  5.381  4.5621  3.729    1  0.000  0.545     0.00     0.00     0.00     0.00     0.00 -1 -5.63e-08      0.00 7.494e-01 2.497e-01 1.471e-04 3.970e-05 3.601e-04 -1.000 8.184e-04 -8.683 -8.690 -8.287 -7.935 -7.521 -7.144 -5.916 -5.520 -5.502 -5.281 -5.239 -5.210 -5.173 -5.112 -5.096 -4.995 -4.980 -4.827
0.00077741 -1.30000 6.75000 30.7604236603 2.6320650611   30.441  5.419  4.5521  3.663    1  0.000  0.545     0.00     0.00     0.00     0.00     0.00 -1 -6.27e-08      0.00 7.494e-01 2.497e-01 1.471e-04 3.970e-05 3.601e-04 -1.000 8.184e-04 -8.778 -8.826 -8.434 -8.084 -7.672 -7.298 -6.075 -5.680 -5.663 -5.443 -5.402 -5.375 -5.338 -5.280 -5.265 -5.169 -5.153 -5.004
0.00077741 -1.30000 6.75000 31.5098438263 2.6321227587   31.172  5.453  4.5411  3.595    1  0.000  0.545     0.00     0.00     0.00     0.00     0.00 -1 -6.86e-08      0.00 7.494e-01 2.497e-01 1.471e-04 3.970e-05 3.601e-04 -1.000 8.183e-04 -8.863 -8.954 -8.571 -8.225 -7.815 -7.443 -6.225 -5.832 -5.816 -5.599 -5.559 -5.532 -5.496 -5.438 -5.423 -5.326 -5.311 -5.163
0.00077741 -1.30000 6.75000 31.5268611908 2.6321240323   31.190  5.454  4.5409  3.593    1  0.000  0.545     0.00     0.00     0.00     0.00     0.00 -1 -6.87e-08      0.00 7.494e-01 2.497e-01 1.471e-04 3.970e-05 3.601e-04 -1.000 8.183e-04 -8.865 -8.957 -8.574 -8.228 -7.818 -7.446 -6.228 -5.836 -5.819 -5.603 -5.563 -5.536 -5.500 -5.442 -5.426 -5.330 -5.315 -5.167
0.00077741 -1.30000 6.75000 31.8754196167 2.6321497747   31.523  5.468  4.5356  3.563    1  0.000  0.545     0.00     0.00     0.00     0.00     0.00 -1 -7.12e-08      0.00 7.494e-01 2.497e-01 1.471e-04 3.970e-05 3.601e-04 -1.000 8.184e-04 -8.901 -9.015 -8.636 -8.291 -7.883 -7.512 -6.296 -5.904 -5.888 -5.674 -5.634 -5.607 -5.572 -5.514 -5.498 -5.401 -5.386 -5.238
0.00077741 -1.30000 6.75000 32.3936233521 2.6321868710   32.020  5.490  4.5263  3.511    1  0.000  0.545     0.00     0.00     0.00     0.00     0.00 -1 -7.34e-08      0.00 7.494e-01 2.497e-01 1.471e-04 3.970e-05 3.601e-04 -1.000 8.183e-04 -8.955 -9.111 -8.741 -8.398 -7.992 -7.624 -6.410 -6.018 -6.004 -5.793 -5.755 -5.728 -5.693 -5.635 -5.619 -5.520 -5.505 -5.357
0.00077741 -1.30000 6.75000 32.8672485352 2.6322196022   32.472  5.509  4.5170  3.460    1  0.000  0.545     0.00     0.00     0.00     0.00     0.00 -1  -7.5e-08      0.00 7.494e-01 2.497e-01 1.471e-04 3.970e-05 3.601e-04 -1.000 8.184e-04 -9.003 -9.202 -8.841 -8.502 -8.096 -7.730 -6.523 -6.133 -6.118 -5.906 -5.867 -5.840 -5.805 -5.746 -5.730 -5.631 -5.616 -5.469
0.00077741 -1.30000 6.75000 33.3228721619 2.6322500816   32.906  5.528  4.5076  3.410    1  0.000  0.545     0.00     0.00     0.00     0.00     0.00 -1 -7.65e-08      0.00 7.494e-01 2.497e-01 1.471e-04 3.970e-05 3.601e-04 -1.000 8.184e-04 -9.050 -9.287 -8.939 -8.605 -8.202 -7.836 -6.639 -6.251 -6.235 -6.023 -5.984 -5.956 -5.921 -5.863 -5.846 -5.749 -5.734 -5.590
0.00077741 -1.30000 6.75000 33.8067550659 2.6322814191   33.367  5.548  4.4982  3.358    1  0.000  0.545     0.00     0.00     0.00     0.00     0.00 -1 -7.78e-08      0.00 7.494e-01 2.497e-01 1.471e-04 3.970e-05 3.601e-04 -1.000 8.183e-04 -9.100 -9.370 -9.035 -8.709 -8.309 -7.946 -6.759 -6.373 -6.359 -6.147 -6.108 -6.081 -6.046 -5.988 -5.972 -5.877 -5.863 -5.722
0.00077741 -1.30000 6.75000 34.3132896423 2.6323131371   33.849  5.569  4.4914  3.316    1  0.000  0.545     0.00     0.00     0.00     0.00     0.00 -1 -7.99e-08      0.00 7.494e-01 2.497e-01 1.471e-04 3.970e-05 3.601e-04 -1.000 8.184e-04 -9.153 -9.438 -9.110 -8.790 -8.394 -8.034 -6.854 -6.472 -6.458 -6.249 -6.210 -6.183 -6.149 -6.091 -6.075 -5.981 -5.966 -5.827
0.00077741 -1.30000 6.75000 34.5331802368 2.6323265735   34.058  5.581  4.4978  3.332    1  0.000  0.545     0.00     0.00     0.00     0.00     0.00 -1 -8.85e-08      0.00 7.494e-01 2.497e-01 1.471e-04 3.970e-05 3.601e-04 -1.000 8.184e-04 -9.182 -9.451 -9.119 -8.795 -8.396 -8.034 -6.847 -6.462 -6.448 -6.238 -6.199 -6.172 -6.138 -6.080 -6.064 -5.970 -5.956 -5.816
0.00077741 -1.30000 6.75000 34.6336402893 2.6323326469   34.153  5.589  4.5070  3.362    1  0.000  0.545     0.00     0.00     0.00     0.00     0.00 -1 -9.86e-08      0.00 7.494e-01 2.497e-01 1.471e-04 3.970e-05 3.601e-04 -1.000 8.184e-04 -9.203 -9.440 -9.095 -8.763 -8.361 -7.997 -6.800 -6.413 -6.398 -6.187 -6.148 -6.122 -6.087 -6.029 -6.013 -5.917 -5.902 -5.759
0.00077741 -1.30000 6.75000 34.6630363464 2.6323344164   34.182  5.597  4.5186  3.401    1  0.000  0.545     0.00     0.00     0.00     0.00     0.00 -1  -1.1e-07      0.00 7.494e-01 2.497e-01 1.471e-04 3.970e-05 3.601e-04 -1.000 8.183e-04 -9.223 -9.395 -9.040 -8.705 -8.299 -7.928 -6.726 -6.336 -6.319 -6.097 -6.055 -6.026 -5.989 -5.929 -5.913 -5.815 -5.800 -5.655
0.00077741 -1.30000 6.75000 34.6755790710 2.6323351704   34.193  5.607  4.5313  3.443    1  0.000  0.545     0.00     0.00     0.00     0.00     0.00 -1 -1.25e-07      0.00 7.494e-01 2.497e-01 1.471e-04 3.970e-05 3.601e-04 -1.000 8.183e-04 -9.247 -9.360 -8.993 -8.653 -8.245 -7.873 -6.661 -6.270 -6.252 -6.032 -5.990 -5.961 -5.924 -5.864 -5.848 -5.750 -5.735 -5.587
0.00077741 -1.30000 6.75000 34.6843528748 2.6323356974   34.202  5.614  4.5405  3.472    1  0.000  0.545     0.00     0.00     0.00     0.00     0.00 -1 -1.37e-07      0.00 7.494e-01 2.497e-01 1.471e-04 3.970e-05 3.601e-04 -1.000 8.183e-04 -9.264 -9.318 -8.941 -8.600 -8.193 -7.824 -6.603 -6.212 -6.196 -5.980 -5.939 -5.911 -5.875 -5.815 -5.799 -5.700 -5.685 -5.535
0.00077741 -1.30000 6.75000 34.6863555908 2.6323358176   34.204  5.615  4.5420  3.477    1  0.000  0.545     0.00     0.00     0.00     0.00     0.00 -1 -1.39e-07      0.00 7.494e-01 2.497e-01 1.471e-04 3.970e-05 3.601e-04 -1.000 8.183e-04 -9.267 -9.311 -8.933 -8.592 -8.185 -7.815 -6.594 -6.202 -6.187 -5.972 -5.931 -5.903 -5.867 -5.807 -5.791 -5.691 -5.676 -5.527
0.00077741 -1.30000 6.75000 34.6966781616 2.6323364372   34.213  5.620  4.5368  3.452    2  0.000  0.545     0.00     0.00     0.00     0.00     0.00 -1 -1.38e-07      0.00 7.494e-01 2.497e-01 1.471e-04 3.970e-05 3.601e-04 -1.000 8.183e-04 -9.279 -9.357 -8.984 -8.643 -8.236 -7.866 -6.649 -6.257 -6.241 -6.023 -5.982 -5.954 -5.917 -5.857 -5.841 -5.743 -5.728 -5.579
0.00077741 -1.30000 6.75000 34.7026405334 2.6323367949   34.219  5.626  4.5304  3.420    2  0.000  0.545     0.00     0.00     0.00     0.00     0.00 -1 -1.38e-07      0.00 7.494e-01 2.497e-01 1.471e-04 3.970e-05 3.601e-04 -1.000 8.183e-04 -9.295 -9.414 -9.048 -8.709 -8.301 -7.929 -6.718 -6.326 -6.309 -6.089 -6.047 -6.019 -5.982 -5.922 -5.906 -5.809 -5.794 -5.646
0.00077741 -1.30000 6.75000 34.7084770203 2.6323371449   34.225  5.631  4.5202  3.374    2  0.000  0.545     0.00     0.00     0.00     0.00     0.00 -1 -1.33e-07      0.00 7.494e-01 2.497e-01 1.471e-04 3.970e-05 3.601e-04 -1.000 8.184e-04 -9.308 -9.473 -9.118 -8.783 -8.377 -8.006 -6.802 -6.413 -6.396 -6.176 -6.134 -6.106 -6.069 -6.009 -5.994 -5.897 -5.882 -5.736
0.00077741 -1.30000 6.75000 34.7125968933 2.6323373919   34.229  5.633  4.5109  3.335    2  0.000  0.545     0.00     0.00     0.00     0.00     0.00 -1 -1.26e-07      0.00 7.494e-01 2.497e-01 1.471e-04 3.970e-05 3.601e-04 -1.000 8.184e-04 -9.313 -9.493 -9.148 -8.820 -8.419 -8.054 -6.855 -6.469 -6.454 -6.240 -6.200 -6.173 -6.137 -6.079 -6.063 -5.967 -5.952 -5.810
0.00077741 -1.30000 6.75000 34.7166900635 2.6323376372   34.232  5.635  4.5003  3.291    2  0.000  0.545     0.00     0.00     0.00     0.00     0.00 -1  -1.2e-07      0.00 7.494e-01 2.497e-01 1.471e-04 3.970e-05 3.601e-04 -1.000 8.184e-04 -9.317 -9.503 -9.171 -8.854 -8.460 -8.104 -6.910 -6.528 -6.516 -6.314 -6.277 -6.251 -6.218 -6.162 -6.146 -6.053 -6.039 -5.901
0.00077741 -1.30000 6.75000 34.7203979492 2.6323378594   34.236  5.636  4.4895  3.246    2  0.000  0.545     0.00     0.00     0.00     0.00     0.00 -1 -1.11e-07      0.00 7.494e-01 2.497e-01 1.471e-04 3.970e-05 3.601e-04 -1.000 8.184e-04 -9.321 -9.529 -9.207 -8.899 -8.511 -8.159 -6.970 -6.591 -6.581 -6.384 -6.348 -6.324 -6.292 -6.238 -6.223 -6.133 -6.119 -5.983
0.00077741 -1.30000 6.75000 34.7216224670 2.6323379327   34.237  5.637  4.4857  3.231    2  0.000  0.545     0.00     0.00     0.00     0.00     0.00 -1 -1.08e-07      0.00 7.494e-01 2.497e-01 1.471e-04 3.970e-05 3.601e-04 -1.000 8.184e-04 -9.322 -9.540 -9.221 -8.916 -8.529 -8.179 -6.991 -6.613 -6.603 -6.408 -6.373 -6.348 -6.317 -6.264 -6.249 -6.160 -6.146 -6.011
0.00077741 -1.30000 6.75000 34.7232437134 2.6323380298   34.239  5.637  4.4802  3.208    2  0.000  0.545     0.00     0.00     0.00     0.00     0.00 -1 -1.04e-07      0.00 7.494e-01 2.497e-01 1.471e-04 3.970e-05 3.601e-04 -1.000 8.184e-04 -9.324 -9.557 -9.243 -8.941 -8.556 -8.208 -7.022 -6.645 -6.635 -6.442 -6.407 -6.384 -6.353 -6.300 -6.285 -6.198 -6.184 -6.049
0.00077741 -1.30000 6.75000 34.7265510559 2.6323382279   34.242  5.639  4.4686  3.160    3  0.000  0.545     0.18     0.70     0.59     0.39     0.32  3 -9.53e-08      0.00 7.494e-01 2.497e-01 1.471e-04 3.970e-05 3.601e-04 -1.000 8.184e-04 -9.328 -9.654 -9.356 -9.063 -8.679 -8.333 -7.173 -6.800 -6.789 -6.593 -6.557 -6.533 -6.501 -6.447 -6.432 -6.344 -6.331 -6.199
0.00077741 -1.30000 6.75000 34.7286148071 2.6323383515   34.244  5.640  4.4609  3.128    3  0.000  0.545     0.19     0.74     0.62     0.41     0.34  3 -9.03e-08      0.00 7.494e-01 2.497e-01 1.471e-04 3.970e-05 3.601e-04 -1.000 8.184e-04 -9.330 -9.682 -9.387 -9.098 -8.716 -8.372 -7.217 -6.845 -6.834 -6.638 -6.603 -6.579 -6.548 -6.496 -6.481 -6.394 -6.381 -6.251
0.00077741 -1.30000 6.75000 34.7298622131 2.6323384262   34.245  5.641  4.4562  3.108    3  0.000  0.545     0.20     0.76     0.65     0.42     0.35  3 -8.72e-08      0.00 7.494e-01 2.497e-01 1.471e-04 3.970e-05 3.601e-04 -1.000 8.184e-04 -9.332 -9.701 -9.409 -9.122 -8.741 -8.398 -7.246 -6.874 -6.863 -6.667 -6.632 -6.609 -6.577 -6.525 -6.510 -6.425 -6.411 -6.282
0.00077741 -1.30000 6.75000 34.7330894470 2.6323386194   34.248  5.643  4.4439  3.057    3  0.000  0.545     0.23     0.84     0.70     0.46     0.38  3    -8e-08      0.00 7.494e-01 2.497e-01 1.471e-04 3.970e-05 3.601e-04 -1.000 8.184e-04 -9.338 -9.745 -9.459 -9.181 -8.803 -8.463 -7.319 -6.949 -6.938 -6.742 -6.707 -6.682 -6.651 -6.598 -6.582 -6.496 -6.483 -6.355
0.00077741 -1.30000 6.75000 34.7353897095 2.6323387570   34.250  5.645  4.4352  3.021    3  0.000  0.545     0.25     0.90     0.75     0.49     0.41  3  -7.5e-08      0.00 7.494e-01 2.497e-01 1.471e-04 3.970e-05 3.601e-04 -1.000 8.183e-04 -9.342 -9.771 -9.489 -9.219 -8.842 -8.505 -7.368 -7.000 -6.989 -6.792 -6.757 -6.732 -6.700 -6.645 -6.629 -6.542 -6.528 -6.402
0.00077741 -1.30000 6.75000 34.7380104065 2.6323389139   34.253  5.647  4.4259  2.981    3  0.000  0.545     0.28     0.96     0.80     0.53     0.44  3 -7.03e-08      0.00 7.494e-01 2.497e-01 1.471e-04 3.970e-05 3.601e-04 -1.000 8.184e-04 -9.348 -9.801 -9.519 -9.255 -8.881 -8.545 -7.417 -7.050 -7.038 -6.841 -6.805 -6.779 -6.746 -6.690 -6.674 -6.584 -6.571 -6.446
0.00077741 -1.30000 6.75000 34.7417106628 2.6323391353   34.256  5.650  4.4137  2.929    3  0.000  0.545     0.32     1.06     0.88     0.58     0.48  3 -6.39e-08      0.00 7.494e-01 2.497e-01 1.471e-04 3.970e-05 3.601e-04 -1.000 8.184e-04 -9.356 -9.813 -9.534 -9.280 -8.910 -8.579 -7.468 -7.104 -7.093 -6.897 -6.862 -6.837 -6.804 -6.749 -6.733 -6.647 -6.634 -6.512
0.00077741 -1.30000 6.75000 34.7469558716 2.6323394490   34.261  5.655  4.3991  2.867    3  0.000  0.545     0.38     1.18     0.98     0.64     0.53  3 -5.67e-08      0.00 7.494e-01 2.497e-01 1.471e-04 3.970e-05 3.601e-04 -1.000 8.184e-04 -9.366 -9.866 -9.578 -9.316 -8.947 -8.617 -7.469 -7.116 -7.104 -6.913 -6.878 -6.854 -6.823 -6.771 -6.757 -6.669 -6.655 -6.517
0.00077741 -1.30000 6.75000 34.7543640137 2.6323398919   34.268  5.660  4.3832  2.798    3  0.000  0.545     0.46     1.34     1.10     0.73     0.60  3 -5.03e-08      0.00 7.494e-01 2.497e-01 1.471e-04 3.970e-05 3.601e-04 -1.000 8.184e-04 -9.379 -9.879 -9.595 -9.343 -8.981 -8.657 -7.542 -7.197 -7.186 -6.998 -6.963 -6.940 -6.908 -6.858 -6.844 -6.759 -6.746 -6.614
0.00077741 -1.30000 6.75000 34.7639884949 2.6323404670   34.277  5.665  4.3699  2.740    3  0.000  0.545     0.54     1.49     1.22     0.80     0.67  3 -5.05e-08      0.00 7.494e-01 2.497e-01 1.471e-04 3.970e-05 3.601e-04 -1.000 8.184e-04 -9.392 -9.894 -9.617 -9.374 -9.018 -8.701 -7.608 -7.271 -7.260 -7.075 -7.042 -7.019 -6.988 -6.940 -6.926 -6.844 -6.831 -6.703
0.00077741 -1.30000 6.75000 34.7838745117 2.6323416541   34.295  5.670  4.3604  2.697    3  0.000  0.545     0.60     1.61     1.31     0.87     0.72  3 -1.56e-07      0.00 7.494e-01 2.497e-01 1.471e-04 3.970e-05 3.601e-04 -1.000 8.183e-04 -9.406 -9.886 -9.659 -9.460 -9.120 -8.818 -7.750 -7.402 -7.397 -7.224 -7.194 -7.175 -7.149 -7.106 -7.092 -7.021 -7.009 -6.902
0.00077741 -1.30000 6.75000 34.7950363159 2.6323423198   34.305  5.673  4.3564  2.678    3  0.000  0.545     0.63     1.67     1.36     0.90     0.75  3 -2.93e-07      0.00 7.494e-01 2.497e-01 1.471e-04 3.970e-05 3.601e-04 -1.000 8.183e-04 -9.413 -9.893 -9.663 -9.466 -9.128 -8.827 -7.777 -7.431 -7.425 -7.250 -7.219 -7.200 -7.174 -7.130 -7.117 -7.048 -7.035 -6.929
0.00077741 -1.30000 6.75000 34.8141899109 2.6323434608   34.322  5.675  4.3588  2.686    4  0.000  0.545     0.00     0.00     0.00     0.00     0.00 -1 -2.96e-07      0.00 7.494e-01 2.497e-01 1.471e-04 3.970e-05 3.601e-04 -1.000 8.184e-04 -9.417 -9.894 -9.661 -9.461 -9.121 -8.819 -7.766 -7.419 -7.412 -7.236 -7.206 -7.186 -7.160 -7.115 -7.102 -7.032 -7.020 -6.913
0.00077741 -1.30000 6.75000 34.8418998718 2.6323451091   34.348  5.675  4.3632  2.703    4  0.000  0.545     0.00     0.00     0.00     0.00     0.00 -1 -2.04e-07      0.00 7.494e-01 2.497e-01 1.471e-04 3.970e-05 3.601e-04 -1.000 8.184e-04 -9.418 -9.894 -9.660 -9.456 -9.115 -8.810 -7.744 -7.396 -7.389 -7.214 -7.184 -7.164 -7.138 -7.093 -7.079 -7.008 -6.996 -6.888
0.00077741 -1.30000 6.75000 35.0037574768 2.6323546770   34.501  5.679  4.3747  2.748    5  0.000  0.545     0.00     0.00     0.00     0.00     0.00 -1 -5.53e-08      0.00 7.494e-01 2.497e-01 1.471e-04 3.970e-05 3.601e-04 -1.000 8.184e-04 -9.428 -9.931 -9.650 -9.402 -9.043 -8.723 -7.620 -7.281 -7.269 -7.083 -7.049 -7.026 -6.995 -6.945 -6.932 -6.848 -6.835 -6.705
0.00077741 -1.30000 6.75000 35.0518379211 2.6323574996   34.546  5.680  4.3759  2.752    5  0.000  0.545     0.00     0.00     0.00     0.00     0.00 -1 -5.56e-08      0.00 7.494e-01 2.497e-01 1.471e-04 3.970e-05 3.601e-04 -1.000 8.183e-04 -9.431 -9.934 -9.652 -9.404 -9.044 -8.723 -7.618 -7.278 -7.266 -7.080 -7.046 -7.023 -6.992 -6.942 -6.928 -6.845 -6.831 -6.701
0.00077741 -1.30000 6.75000 35.4898567200 2.6323828093   34.962  5.693  4.3661  2.706    6  0.000  0.545     0.00     0.00     0.00     0.00     0.00 -1 -7.14e-08      0.00 7.494e-01 2.497e-01 1.471e-04 3.970e-05 3.601e-04 -1.000 8.184e-04 -9.462 -9.972 -9.696 -9.451 -9.096 -8.780 -7.683 -7.350 -7.339 -7.158 -7.125 -7.102 -7.072 -7.024 -7.011 -6.929 -6.916 -6.785
0.00077741 -1.30000 6.75000 35.8719215393 2.6324043064   35.304  5.703  4.3534  2.648    6  0.000  0.545     0.00     0.00     0.00     0.00     0.00 -1 -2.91e-07      0.00 7.494e-01 2.497e-01 1.471e-04 3.970e-05 3.601e-04 -1.000 8.184e-04 -9.488 -9.972 -9.749 -9.556 -9.220 -8.921 -7.873 -7.528 -7.522 -7.349 -7.319 -7.300 -7.274 -7.231 -7.218 -7.150 -7.138 -7.033
0.00077741 -1.30000 6.75000 35.9480056763 2.6324085246   35.375  5.705  4.3505  2.635    6  0.000  0.545     0.00     0.00     0.00     0.00     0.00 -1 -3.07e-07      0.00 7.494e-01 2.497e-01 1.471e-04 3.970e-05 3.601e-04 -1.000 8.183e-04 -9.493 -9.979 -9.761 -9.572 -9.237 -8.940 -7.897 -7.553 -7.547 -7.374 -7.344 -7.326 -7.300 -7.258 -7.245 -7.179 -7.167 -7.062
0.00077741 -1.30000 6.75000 36.1393928528 2.6324190452   35.546  5.710  4.3429  2.602    6  0.000  0.545     0.00     0.00     0.00     0.00     0.00 -1 -3.48e-07      0.00 7.494e-01 2.497e-01 1.471e-04 3.970e-05 3.601e-04 -1.000 8.184e-04 -9.506 -9.999 -9.791 -9.611 -9.282 -8.990 -7.953 -7.613 -7.608 -7.441 -7.412 -7.395 -7.370 -7.330 -7.317 -7.252 -7.240 -7.138
0.00077741 -1.30000 6.75000 36.4442138672 2.6324355391   35.817  5.718  4.3288  2.541    6  0.000  0.545     0.00     0.00     0.00     0.00     0.00 -1 -3.83e-07      0.00 7.494e-01 2.497e-01 1.471e-04 3.970e-05 3.601e-04 -1.000 8.184e-04 -9.526 -10.033 -9.852 -9.694 -9.377 -9.094 -8.063 -7.728 -7.727 -7.573 -7.548 -7.533 -7.512 -7.475 -7.462 -7.401 -7.389 -7.293
0.00077741 -1.30000 6.75000 36.6880378723 2.6324485059   36.030  5.725  4.3149  2.482    6  0.000  0.545     0.00     0.00     0.00     0.00     0.00 -1 -7.39e-07      0.00 7.494e-01 2.497e-01 1.471e-04 3.970e-05 3.601e-04 -1.000 8.184e-04 -9.541 -10.056 -9.893 -9.751 -9.446 -9.174 -8.162 -7.833 -7.834 -7.689 -7.666 -7.653 -7.634 -7.600 -7.588 -7.532 -7.521 -7.429
0.00077741 -1.30000 6.75000 36.8989143372 2.6324595617   36.212  5.730  4.3011  2.423    6  0.000  0.545     0.00     0.00     0.00     0.00     0.00 -1 -8.26e-07      0.00 7.494e-01 2.497e-01 1.471e-04 3.970e-05 3.601e-04 -1.000 8.184e-04 -9.555 -10.071 -9.913 -9.777 -9.478 -9.212 -8.215 -7.889 -7.891 -7.748 -7.726 -7.714 -7.695 -7.664 -7.652 -7.599 -7.588 -7.498
0.00077741 -1.30000 6.75000 37.0777015686 2.6324688219   36.366  5.735  4.2873  2.365    6  0.000  0.545     0.00     0.00     0.00     0.00     0.00 -1 -8.15e-07      0.00 7.494e-01 2.497e-01 1.471e-04 3.970e-05 3.601e-04 -1.000 8.184e-04 -9.567 -10.102 -9.909 -9.721 -9.411 -9.136 -8.138 -7.843 -7.838 -7.687 -7.661 -7.644 -7.621 -7.584 -7.573 -7.506 -7.495 -7.383
0.00077741 -1.30000 6.75000 37.2347221375 2.6324768704   36.501  5.739  4.2737  2.308    6  0.000  0.545     0.00     0.00     0.00     0.00     0.00 -1 -8.01e-07      0.00 7.494e-01 2.497e-01 1.471e-04 3.970e-05 3.601e-04 -1.000 8.184e-04 -9.577 -10.115 -9.951 -9.780 -9.478 -9.211 -8.219 -7.924 -7.922 -7.777 -7.753 -7.738 -7.718 -7.684 -7.673 -7.610 -7.599 -7.491
0.00077741 -1.30000 6.75000 37.3824386597 2.6324843711   36.629  5.743  4.2595  2.249    6  0.000  0.545     0.00     0.00     0.00     0.00     0.00 -1 -7.81e-07      0.00 7.494e-01 2.497e-01 1.471e-04 3.970e-05 3.601e-04 -1.000 8.184e-04 -9.586 -10.122 -9.968 -9.803 -9.511 -9.252 -8.293 -8.008 -8.006 -7.865 -7.842 -7.828 -7.808 -7.776 -7.765 -7.705 -7.694 -7.592
0.00077741 -1.30000 6.75000 37.5124931335 2.6324909188   36.742  5.746  4.2454  2.191    6  0.000  0.545     0.00     0.00     0.00     0.00     0.00 -1 -7.66e-07      0.00 7.494e-01 2.497e-01 1.471e-04 3.970e-05 3.601e-04 -1.000 8.183e-04 -9.595 -10.125 -9.979 -9.822 -9.539 -9.288 -8.365 -8.090 -8.089 -7.952 -7.930 -7.916 -7.898 -7.866 -7.856 -7.799 -7.789 -7.691
0.00077741 -1.30000 6.75000 37.6265716553 2.6324966192   36.841  5.749  4.2313  2.133    6  0.000  0.545     0.00     0.00     0.00     0.00     0.00 -1  -7.5e-07      0.00 7.494e-01 2.497e-01 1.471e-04 3.970e-05 3.601e-04 -1.000 8.184e-04 -9.602 -10.127 -9.989 -9.838 -9.566 -9.323 -8.436 -8.172 -8.170 -8.038 -8.017 -8.004 -7.986 -7.956 -7.946 -7.892 -7.882 -7.790
0.00077741 -1.30000 6.75000 37.7176132202 2.6325011401   36.920  5.751  4.2185  2.080    6  0.000  0.545     0.00     0.00     0.00     0.00     0.00 -1 -7.33e-07      0.00 7.494e-01 2.497e-01 1.471e-04 3.970e-05 3.601e-04 -1.000 8.184e-04 -9.608 -10.124 -9.994 -9.850 -9.587 -9.353 -8.500 -8.245 -8.244 -8.116 -8.095 -8.083 -8.066 -8.037 -8.028 -7.976 -7.967 -7.880
0.00077741 -1.30000 6.75000 37.8179435730 2.6325060933   37.008  5.754  4.2024  2.014    6  0.000  0.545     0.00     0.00     0.00     0.00     0.00 -1 -7.13e-07      0.00 7.494e-01 2.497e-01 1.471e-04 3.970e-05 3.601e-04 -1.000 8.184e-04 -9.615 -10.119 -9.998 -9.862 -9.613 -9.389 -8.580 -8.336 -8.336 -8.212 -8.193 -8.182 -8.166 -8.139 -8.130 -8.082 -8.073 -7.993
0.00077741 -1.30000 6.75000 37.8910980225 2.6325096859   37.072  5.756  4.1887  1.958    6  0.000  0.545     0.00     0.00     0.00     0.00     0.00 -1 -6.96e-07      0.00 7.494e-01 2.497e-01 1.471e-04 3.970e-05 3.601e-04 -1.000 8.184e-04 -9.620 -10.109 -9.997 -9.870 -9.632 -9.418 -8.647 -8.413 -8.413 -8.295 -8.276 -8.266 -8.251 -8.226 -8.217 -8.172 -8.164 -8.089
0.00077741 -1.30000 6.75000 37.9540252686 2.6325127634   37.127  5.758  4.1750  1.902    6  0.000  0.545     0.00     0.00     0.00     0.00     0.00 -1 -6.78e-07      0.00 7.494e-01 2.497e-01 1.471e-04 3.970e-05 3.601e-04 -1.000 8.184e-04 -9.624 -10.098 -10.001 -9.884 -9.658 -9.455 -8.712 -8.485 -8.487 -8.374 -8.357 -8.348 -8.334 -8.311 -8.303 -8.262 -8.254 -8.184
0.00077741 -1.30000 6.75000 38.0174446106 2.6325158532   37.181  5.759  4.1587  1.836    6  0.000  0.545     0.00     0.00     0.00     0.00     0.00 -1 -1.01e-06      0.00 7.494e-01 2.497e-01 1.471e-04 3.970e-05 3.601e-04 -1.000 8.184e-04 -9.628 -10.078 -10.023 -9.930 -9.719 -9.528 -8.785 -8.557 -8.563 -8.463 -8.449 -8.443 -8.433 -8.415 -8.408 -8.373 -8.365 -8.299
0.00077741 -1.30000 6.75000 38.0614204407 2.6325179887   37.213  5.760  4.1444  1.778    6  0.000  0.545     0.00     0.00     0.00     0.00     0.00 -1  -9.9e-07      0.00 7.494e-01 2.497e-01 1.471e-04 3.970e-05 3.601e-04 -1.000 8.184e-04 -9.631 -10.057 -10.027 -9.952 -9.755 -9.575 -8.850 -8.624 -8.634 -8.542 -8.530 -8.527 -8.519 -8.504 -8.498 -8.467 -8.460 -8.398
0.00077741 -1.30000 6.75000 38.1050148010 2.6325201001   37.245  5.762  4.1277  1.711    6  0.000  0.545     0.00     0.00     0.00     0.00     0.00 -1 -9.68e-07      0.00 7.494e-01 2.497e-01 1.471e-04 3.970e-05 3.601e-04 -1.000 8.184e-04 -9.634 -10.026 -9.980 -9.905 -9.728 -9.562 -8.932 -8.730 -8.736 -8.644 -8.632 -8.628 -8.620 -8.605 -8.598 -8.570 -8.564 -8.513
0.00077741 -1.30000 6.75000 38.1348228455 2.6325215406   37.267  5.762  4.1140  1.655    6  0.000  0.545     0.00     0.00     0.00     0.00     0.00 -1 -9.46e-07      0.00 7.494e-01 2.497e-01 1.471e-04 3.970e-05 3.601e-04 -1.000 8.184e-04 -9.636 -9.998 -9.938 -9.863 -9.702 -9.549 -9.000 -8.816 -8.820 -8.728 -8.716 -8.711 -8.702 -8.686 -8.680 -8.653 -8.648 -8.606
0.00077741 -1.30000 6.75000 38.1640434265 2.6325229502   37.289  5.763  4.0980  1.591    6  0.000  0.545     0.00     0.00     0.00     0.00     0.00 -1 -9.11e-07      0.00 7.494e-01 2.497e-01 1.471e-04 3.970e-05 3.601e-04 -1.000 8.183e-04 -9.638 -9.958 -9.904 -9.838 -9.696 -9.558 -9.073 -8.903 -8.907 -8.820 -8.809 -8.804 -8.796 -8.782 -8.776 -8.753 -8.749 -8.715
0.00077741 -1.30000 6.75000 38.1873741150 2.6325240739   37.306  5.764  4.0828  1.529    6  0.000  0.545     0.00     0.00     0.00     0.00     0.00 -1 -8.83e-07      0.00 7.494e-01 2.497e-01 1.471e-04 3.970e-05 3.601e-04 -1.000 8.184e-04 -9.639 -9.912 -9.868 -9.814 -9.690 -9.565 -9.141 -8.982 -8.987 -8.905 -8.895 -8.891 -8.884 -8.872 -8.867 -8.847 -8.844 -8.819
0.00077741 -1.30000 6.75000 38.2059478760 2.6325249673   37.320  5.764  4.0690  1.474    6  0.000  0.545     0.00     0.00     0.00     0.00     0.00 -1 -8.61e-07      0.00 7.494e-01 2.497e-01 1.471e-04 3.970e-05 3.601e-04 -1.000 8.183e-04 -9.640 -9.864 -9.882 -9.859 -9.752 -9.639 -9.187 -9.017 -9.030 -8.964 -8.959 -8.960 -8.958 -8.953 -8.949 -8.938 -8.934 -8.911
0.00077741 -1.30000 6.75000 38.2203445435 2.6325256592   37.331  5.764  4.0567  1.424    6  0.000  0.545     0.00     0.00     0.00     0.00     0.00 -1 -8.44e-07      0.00 7.494e-01 2.497e-01 1.471e-04 3.970e-05 3.601e-04 -1.000 8.184e-04 -9.641 -9.815 -9.840 -9.825 -9.735 -9.633 -9.239 -9.078 -9.092 -9.031 -9.026 -9.028 -9.027 -9.023 -9.019 -9.012 -9.008 -8.993
0.00077741 -1.30000 6.75000 38.2359619141 2.6325264090   37.343  5.765  4.0409  1.361    6  0.000  0.545     0.00     0.00     0.00     0.00     0.00 -1 -8.14e-07      0.00 7.494e-01 2.497e-01 1.471e-04 3.970e-05 3.601e-04 -1.000 8.184e-04 -9.642 -9.744 -9.777 -9.774 -9.706 -9.617 -9.303 -9.156 -9.170 -9.114 -9.110 -9.113 -9.113 -9.111 -9.107 -9.104 -9.102 -9.096
0.00077741 -1.30000 6.75000 38.2482376099 2.6325269979   37.353  5.765  4.0255  1.299    6  0.000  0.545     0.00     0.00     0.00     0.00     0.00 -1 -7.86e-07      0.00 7.494e-01 2.497e-01 1.471e-04 3.970e-05 3.601e-04 -1.000 8.184e-04 -9.642 -9.664 -9.705 -9.714 -9.667 -9.592 -9.363 -9.230 -9.245 -9.193 -9.190 -9.194 -9.195 -9.194 -9.191 -9.192 -9.191 -9.197
0.00077741 -1.30000 6.75000 38.2572593689 2.6325274304   37.360  5.765  4.0121  1.246    6  0.000  0.545     0.00     0.00     0.00     0.00     0.00 -1  -8.9e-07      0.00 7.494e-01 2.497e-01 1.471e-04 3.970e-05 3.601e-04 -1.000 8.184e-04 -9.642 -9.586 -9.633 -9.654 -9.625 -9.562 -9.414 -9.292 -9.307 -9.260 -9.258 -9.262 -9.264 -9.264 -9.262 -9.267 -9.267 -9.282
0.00077741 -1.30000 6.75000 38.2638092041 2.6325277442   37.364  5.765  4.0007  1.200    6  0.000  0.545     0.00     0.00     0.00     0.00     0.00 -1  -1.2e-06      0.00 7.494e-01 2.497e-01 1.471e-04 3.970e-05 3.601e-04 -1.000 8.183e-04 -9.642 -9.512 -9.563 -9.595 -9.583 -9.530 -9.455 -9.344 -9.360 -9.316 -9.315 -9.319 -9.321 -9.323 -9.321 -9.329 -9.330 -9.355
0.00077741 -1.30000 6.75000 38.2698860168 2.6325280353   37.368  5.765  3.9882  1.151    6  0.000  0.545     0.00     0.00     0.00     0.00     0.00 -1 -2.71e-06      0.00 7.494e-01 2.497e-01 1.471e-04 3.970e-05 3.601e-04 -1.000 8.183e-04 -9.642 -9.418 -9.475 -9.520 -9.529 -9.487 -9.499 -9.400 -9.415 -9.375 -9.375 -9.380 -9.382 -9.385 -9.384 -9.396 -9.398 -9.433
0.00077741 -1.30000 6.75000 38.2743110657 2.6325282472   37.370  5.764  3.9776  1.108    6  0.000  0.545     0.00     0.00     0.00     0.00     0.00 -1 -3.04e-06      0.00 7.494e-01 2.497e-01 1.471e-04 3.970e-05 3.601e-04 -1.000 8.184e-04 -9.641 -9.327 -9.389 -9.446 -9.476 -9.445 -9.535 -9.446 -9.462 -9.425 -9.425 -9.430 -9.433 -9.437 -9.436 -9.451 -9.454 -9.499
0.00077741 -1.30000 6.75000 38.2781333923 2.6325284302   37.372  5.764  3.9658  1.062    6  0.000  0.545     0.00     0.00     0.00     0.00     0.00 -1 -2.95e-06      0.00 7.494e-01 2.497e-01 1.471e-04 3.970e-05 3.601e-04 -1.000 8.184e-04 -9.640 -9.217 -9.298 -9.373 -9.427 -9.408 -9.563 -9.482 -9.500 -9.471 -9.473 -9.480 -9.485 -9.491 -9.490 -9.511 -9.515 -9.567
0.00077741 -1.30000 6.75000 38.2807731628 2.6325285566   37.373  5.763  3.9563  1.024    6  0.000  0.545     0.00     0.00     0.00     0.00     0.00 -1 -2.87e-06      0.00 7.494e-01 2.497e-01 1.471e-04 3.970e-05 3.601e-04 -1.000 8.183e-04 -9.639 -9.121 -9.237 -9.329 -9.402 -9.393 -9.574 -9.492 -9.516 -9.499 -9.504 -9.514 -9.522 -9.533 -9.533 -9.559 -9.563 -9.621
0.00077741 -1.30000 6.75000 38.2836456299 2.6325286940   37.374  5.763  3.9448  0.979    6  0.000  0.545     0.00     0.00     0.00     0.00     0.00 -1 -2.77e-06      0.00 7.494e-01 2.497e-01 1.471e-04 3.970e-05 3.601e-04 -1.000 8.183e-04 -9.637 -8.981 -9.120 -9.231 -9.336 -9.340 -9.598 -9.523 -9.549 -9.540 -9.547 -9.559 -9.568 -9.581 -9.582 -9.614 -9.619 -9.687
0.00077741 -1.30000 6.75000 38.2857360840 2.6325287941   37.375  5.762  3.9350  0.941    6  0.000  0.545     0.00     0.00     0.00     0.00     0.00 -1 -2.69e-06      0.00 7.494e-01 2.497e-01 1.471e-04 3.970e-05 3.601e-04 -1.000 8.184e-04 -9.635 -8.837 -8.985 -9.113 -9.250 -9.269 -9.626 -9.564 -9.589 -9.580 -9.587 -9.598 -9.606 -9.620 -9.621 -9.656 -9.662 -9.742
0.00077741 -1.30000 6.75000 38.2883529663 2.6325289192   37.376  5.760  3.9190  0.879    7  0.000  0.545    78.59    44.02    31.03    21.47    17.97  3 -2.59e-06      0.00 7.494e-01 2.497e-01 1.471e-04 3.970e-05 3.601e-04 -1.000 8.184e-04 -9.631 -8.625 -8.844 -9.003 -9.181 -9.220 -9.610 -9.553 -9.590 -9.612 -9.625 -9.643 -9.658 -9.681 -9.682 -9.728 -9.735 -9.821
0.00077741 -1.30000 6.75000 38.2909393311 2.6325290430   37.377  5.758  3.9015  0.811    7  0.000  0.545    94.29    49.77    34.89    24.19    20.25  3 -2.49e-06      0.00 7.494e-01 2.497e-01 1.471e-04 3.970e-05 3.601e-04 -1.000 8.183e-04 -9.626 -8.236 -8.513 -8.733 -9.001 -9.074 -9.644 -9.605 -9.639 -9.661 -9.674 -9.692 -9.707 -9.731 -9.734 -9.788 -9.798 -9.906
0.00077741 -1.30000 6.75000 38.2925148010 2.6325291183   37.379  5.757  3.8900  0.766    7  0.000  0.545   106.37    53.99    37.71    26.18    21.92  3 -2.72e-06      0.00 7.494e-01 2.497e-01 1.471e-04 3.970e-05 3.601e-04 -1.000 8.184e-04 -9.622 -7.929 -8.264 -8.542 -8.878 -8.977 -9.659 -9.634 -9.664 -9.684 -9.697 -9.716 -9.730 -9.758 -9.762 -9.823 -9.834 -9.954
0.00077741 -1.30000 6.75000 38.2941017151 2.6325291942   37.379  5.756  3.8772  0.716    7  0.000  0.545   121.53    59.07    41.10    28.56    23.92  3 -4.31e-06      0.00 7.494e-01 2.497e-01 1.471e-04 3.970e-05 3.601e-04 -1.000 8.184e-04 -9.619 -7.629 -8.036 -8.379 -8.779 -8.904 -9.630 -9.614 -9.652 -9.694 -9.711 -9.735 -9.754 -9.789 -9.795 -9.867 -9.879 -10.005
0.00077741 -1.30000 6.75000 38.2957077026 2.6325292710   37.380  5.754  3.8629  0.660    7  0.000  0.545   141.14    65.35    45.26    31.50    26.39  3 -4.16e-06      0.00 7.494e-01 2.497e-01 1.471e-04 3.970e-05 3.601e-04 -1.000 8.183e-04 -9.616 -7.248 -7.718 -8.165 -8.656 -8.813 -9.607 -9.603 -9.643 -9.700 -9.721 -9.750 -9.773 -9.816 -9.825 -9.910 -9.922 -10.056
0.00077741 -1.30000 6.75000 38.2967796326 2.6325293223   37.381  5.753  3.8524  0.619    7  0.000  0.545   157.51    70.37    48.57    33.85    28.36  3 -4.02e-06      0.00 7.494e-01 2.497e-01 1.471e-04 3.970e-05 3.601e-04 -1.000 8.183e-04 -9.614 -6.990 -7.477 -8.013 -8.573 -8.756 -9.579 -9.583 -9.626 -9.697 -9.721 -9.755 -9.783 -9.834 -9.845 -9.940 -9.952 -10.089
0.00077741 -1.30000 6.75000 38.2978668213 2.6325293742   37.381  5.752  3.8414  0.576    7  0.000  0.545   176.76    76.07    52.32    36.50    30.59  3 -3.89e-06      0.00 7.494e-01 2.497e-01 1.471e-04 3.970e-05 3.601e-04 -1.000 8.184e-04 -9.611 -6.754 -7.230 -7.863 -8.495 -8.707 -9.536 -9.549 -9.598 -9.690 -9.718 -9.759 -9.792 -9.852 -9.866 -9.973 -9.985 -10.123
0.00077741 -1.30000 6.75000 38.2989540100 2.6325294262   37.382  5.751  3.8304  0.533    7  0.000  0.545   198.31    82.21    56.35    39.36    32.99  3 -3.78e-06      0.00 7.494e-01 2.497e-01 1.471e-04 3.970e-05 3.601e-04 -1.000 8.184e-04 -9.609 -6.548 -6.983 -7.718 -8.421 -8.664 -9.484 -9.506 -9.563 -9.679 -9.713 -9.761 -9.799 -9.871 -9.886 -10.006 -10.018 -10.156
0.00077741 -1.30000 6.75000 38.3000373840 2.6325294780   37.382  5.750  3.8201  0.492    7  0.000  0.545   219.64    88.46    60.43    42.25    35.43  3 -3.66e-06      0.00 7.494e-01 2.497e-01 1.471e-04 3.970e-05 3.601e-04 -1.000 8.184e-04 -9.606 -6.396 -6.753 -7.586 -8.357 -8.631 -9.420 -9.451 -9.518 -9.665 -9.705 -9.761 -9.805 -9.887 -9.905 -10.037 -10.048 -10.186
0.00077741 -1.30000 6.75000 38.3011360168 2.6325295305   37.382  5.749  3.8099  0.453    7  0.000  0.545   233.63    95.00    64.69    45.28    37.97  3 -3.54e-06      0.00 7.494e-01 2.497e-01 1.471e-04 3.970e-05 3.601e-04 -1.000 8.184e-04 -9.603 -6.278 -6.555 -7.474 -8.305 -8.608 -9.346 -9.386 -9.467 -9.648 -9.695 -9.759 -9.810 -9.904 -9.924 -10.067 -10.078 -10.214
0.00077741 -1.30000 6.75000 38.3022308350 2.6325295829   37.383  5.748  3.7998  0.414    7  0.000  0.545   248.33   101.93    69.19    48.48    40.66  3 -3.44e-06      0.00 7.494e-01 2.497e-01 1.471e-04 3.970e-05 3.601e-04 -1.000 8.184e-04 -9.600 -6.197 -6.387 -7.374 -8.260 -8.593 -9.258 -9.308 -9.405 -9.627 -9.682 -9.756 -9.814 -9.919 -9.941 -10.096 -10.107 -10.242
0.00077741 -1.30000 6.75000 38.3033332825 2.6325296356   37.384  5.746  3.7900  0.377    7  0.000  0.545   263.33   109.07    73.82    51.77    43.43  3 -3.33e-06      0.00 7.494e-01 2.497e-01 1.471e-04 3.970e-05 3.601e-04 -1.000 8.183e-04 -9.595 -6.116 -6.185 -7.247 -8.201 -8.564 -9.174 -9.232 -9.346 -9.604 -9.666 -9.748 -9.813 -9.928 -9.954 -10.120 -10.131 -10.267
0.00077741 -1.30000 6.75000 38.3044395447 2.6325296884   37.385  5.744  3.7807  0.342    7  0.000  0.545   278.04   116.14    78.38    55.02    46.16  3 -3.22e-06      0.00 7.494e-01 2.497e-01 1.471e-04 3.970e-05 3.601e-04 -1.000 8.184e-04 -9.589 -6.036 -5.960 -7.098 -8.129 -8.522 -9.095 -9.162 -9.289 -9.579 -9.647 -9.737 -9.807 -9.932 -9.960 -10.137 -10.148 -10.287
0.00077741 -1.30000 6.75000 38.3049964905 2.6325297151   37.385  5.742  3.7761  0.325    7  0.000  0.545   285.65   119.81    80.74    56.71    47.58  3 -3.16e-06      0.00 7.494e-01 2.497e-01 1.471e-04 3.970e-05 3.601e-04 -1.000 8.184e-04 -9.586 -5.996 -5.834 -7.012 -8.084 -8.491 -9.049 -9.122 -9.256 -9.563 -9.635 -9.729 -9.803 -9.933 -9.962 -10.146 -10.157 -10.297
0.00077741 -1.30000 6.75000 38.3055458069 2.6325297413   37.385  5.741  3.7717  0.308    7  0.000  0.545   293.03   123.40    83.05    58.35    48.96  3 -3.11e-06      0.00 7.494e-01 2.497e-01 1.471e-04 3.971e-05 3.601e-04 -1.000 8.183e-04 -9.582 -5.957 -5.711 -6.926 -8.038 -8.459 -9.005 -9.083 -9.224 -9.548 -9.623 -9.722 -9.798 -9.934 -9.964 -10.154 -10.165 -10.306
0.00077741 -1.30000 6.75000 38.3066520691 2.6325297942   37.386  5.738  3.7633  0.278    7  0.000  0.545   307.47   130.44    87.57    61.58    51.68  3    -3e-06      0.00 7.494e-01 2.497e-01 1.471e-04 3.972e-05 3.601e-04 -1.000 8.184e-04 -9.576 -5.892 -5.490 -6.775 -7.961 -8.408 -8.920 -9.008 -9.163 -9.518 -9.599 -9.705 -9.787 -9.932 -9.965 -10.166 -10.177 -10.321
0.00077741 -1.30000 6.75000 38.3077697754 2.6325298476   37.387  5.736  3.7559  0.250    7  0.000  0.545   320.89   137.04    91.79    64.60    54.21  3  -2.9e-06      0.00 7.494e-01 2.497e-01 1.471e-04 3.974e-05 3.601e-04 -1.000 8.184e-04 -9.570 -5.840 -5.288 -6.634 -7.890 -8.360 -8.843 -8.941 -9.108 -9.491 -9.576 -9.690 -9.776 -9.930 -9.964 -10.175 -10.186 -10.333
0.00077741 -1.30000 6.75000 38.3088798523 2.6325299006   37.387  5.734  3.7493  0.226    7  0.000  0.545   333.43   143.24    95.76    67.43    56.60  3 -2.81e-06      0.00 7.494e-01 2.497e-01 1.471e-04 3.975e-05 3.601e-04 -1.000 8.183e-04 -9.566 -5.795 -5.099 -6.501 -7.823 -8.315 -8.775 -8.881 -9.060 -9.467 -9.556 -9.676 -9.765 -9.927 -9.963 -10.182 -10.193 -10.343
0.00077741 -1.30000 6.75000 38.3099937439 2.6325299538   37.388  5.733  3.7439  0.205    7  0.000  0.545   344.34   148.67    99.22    69.91    58.68  3 -2.76e-06      0.00 7.494e-01 2.497e-01 1.470e-04 3.977e-05 3.601e-04 -1.000 8.183e-04 -9.562 -5.761 -4.927 -6.378 -7.761 -8.270 -8.718 -8.833 -9.020 -9.446 -9.539 -9.663 -9.756 -9.923 -9.960 -10.186 -10.198 -10.352
0.00077741 -1.30000 6.75000 38.3111076355 2.6325300071   37.389  5.732  3.7389  0.187    7  0.000  0.545   354.61   153.79   102.49    72.24    60.65  3 -2.71e-06      0.00 7.494e-01 2.497e-01 1.470e-04 3.978e-05 3.601e-04 -1.000 8.183e-04 -9.559 -5.729 -4.755 -6.257 -7.700 -8.226 -8.665 -8.788 -8.984 -9.427 -9.523 -9.652 -9.747 -9.919 -9.958 -10.190 -10.202 -10.359
0.00077741 -1.30000 6.75000 38.3122253418 2.6325300604   37.390  5.731  3.7347  0.171    7  0.000  0.544   363.47   158.24   105.31    74.27    62.35  3 -2.67e-06      0.00 7.494e-01 2.497e-01 1.470e-04 3.981e-05 3.600e-04 -1.000 8.183e-04 -9.557 -5.703 -4.587 -6.142 -7.641 -8.181 -8.616 -8.747 -8.951 -9.411 -9.510 -9.642 -9.740 -9.916 -9.956 -10.194 -10.206 -10.366
0.00077741 -1.30000 6.75000 38.3133392334 2.6325301137   37.390  5.730  3.7311  0.157    7  0.000  0.544   371.42   162.24   107.85    76.09    63.88  3 -2.64e-06      0.00 7.494e-01 2.497e-01 1.470e-04 3.983e-05 3.600e-04 -1.000 8.184e-04 -9.555 -5.681 -4.439 -6.040 -7.588 -8.142 -8.572 -8.711 -8.922 -9.397 -9.498 -9.634 -9.734 -9.914 -9.955 -10.197 -10.209 -10.371
0.00077741 -1.30000 6.75000 38.3144683838 2.6325301676   37.391  5.730  3.7276  0.144    7  0.000  0.544   379.21   166.17   110.35    77.88    65.39  3  -2.6e-06      0.00 7.494e-01 2.497e-01 1.469e-04 3.986e-05 3.600e-04 -1.000 8.183e-04 -9.554 -5.662 -4.293 -5.937 -7.535 -8.100 -8.530 -8.675 -8.894 -9.384 -9.487 -9.626 -9.728 -9.911 -9.953 -10.200 -10.212 -10.377
0.00077741 -1.30000 6.75000 38.3155860901 2.6325302210   37.392  5.729  3.7243  0.131    7  0.000  0.544   387.01   170.13   112.86    79.67    66.90  3 -2.57e-06      0.00 7.494e-01 2.498e-01 1.469e-04 3.989e-05 3.600e-04 -1.000 8.183e-04 -9.553 -5.643 -4.148 -5.834 -7.480 -8.058 -8.487 -8.640 -8.867 -9.371 -9.476 -9.619 -9.722 -9.909 -9.952 -10.203 -10.215 -10.383
0.00077741 -1.30000 6.75000 38.3167076111 2.6325302745   37.393  5.729  3.7214  0.120    7  0.000  0.544   393.84   173.60   115.06    81.25    68.23  3 -2.54e-06      0.00 7.494e-01 2.498e-01 1.468e-04 3.993e-05 3.600e-04 -1.000 8.184e-04 -9.552 -5.628 -4.025 -5.745 -7.434 -8.022 -8.450 -8.610 -8.843 -9.359 -9.466 -9.612 -9.717 -9.907 -9.951 -10.205 -10.218 -10.388
0.00077741 -1.30000 6.75000 38.3178405762 2.6325303286   37.394  5.728  3.7195  0.113    7  0.000  0.543   398.20   175.82   116.46    82.26    69.08  3 -2.52e-06      0.00 7.494e-01 2.498e-01 1.466e-04 4.007e-05 3.599e-04 -1.000 8.183e-04 -9.550 -5.617 -3.940 -5.683 -7.401 -7.995 -8.424 -8.588 -8.826 -9.350 -9.459 -9.606 -9.712 -9.905 -9.949 -10.206 -10.219 -10.390
0.00077741 -1.30000 6.75000 38.3189735413 2.6325303827   37.395  5.727  3.7177  0.106    7  0.000  0.543   402.09   177.80   117.71    83.16    69.83  3 -2.49e-06      0.00 7.493e-01 2.498e-01 1.464e-04 4.025e-05 3.599e-04 -1.000 8.183e-04 -9.548 -5.606 -3.860 -5.623 -7.367 -7.968 -8.398 -8.567 -8.809 -9.341 -9.451 -9.600 -9.707 -9.901 -9.946 -10.205 -10.219 -10.391
0.00077741 -1.30000 6.75000 38.3206672668 2.6325304636   37.396  5.726  3.7154  0.098    7  0.000  0.542   407.24   180.44   119.38    84.35    70.84  3 -2.46e-06      0.00 7.493e-01 2.499e-01 1.461e-04 4.051e-05 3.598e-04 -1.000 8.184e-04 -9.545 -5.592 -3.755 -5.544 -7.323 -7.931 -8.364 -8.539 -8.787 -9.329 -9.440 -9.592 -9.700 -9.897 -9.942 -10.204 -10.218 -10.393
0.00077741 -1.30000 6.75000 38.3244667053 2.6325306450   37.398  5.723  3.7107  0.083    7  0.000  0.538   416.96   185.42   122.52    86.61    72.74  3 -2.39e-06      0.00 7.484e-01 2.508e-01 1.444e-04 4.307e-05 3.584e-04 -1.000 8.184e-04 -9.537 -5.561 -3.543 -5.382 -7.232 -7.855 -8.293 -8.479 -8.739 -9.302 -9.416 -9.572 -9.683 -9.885 -9.932 -10.200 -10.214 -10.392
0.00077741 -1.30000 6.75000 38.3326911926 2.6325310375   37.404  5.712  3.7031  0.063    7  0.000  0.491   430.22   192.24   126.82    89.69    75.34  3 -2.21e-06      0.00 7.132e-01 2.860e-01 1.120e-04 1.263e-04 3.065e-04 -1.000 8.184e-04 -9.511 -5.501 -3.192 -5.098 -7.062 -7.709 -8.158 -8.364 -8.645 -9.243 -9.362 -9.526 -9.641 -9.851 -9.900 -10.179 -10.193 -10.379
0.00077741 -1.30000 6.75000 38.3350296021 2.6325311491   37.407  5.709  3.7018  0.061    7  0.000  0.466   431.79   193.05   127.33    90.06    75.65  3 -2.18e-06      0.00 6.955e-01 3.037e-01 9.638e-05 1.664e-04 2.817e-04 -1.000 8.183e-04 -9.504 -5.488 -3.131 -5.048 -7.030 -7.682 -8.132 -8.342 -8.626 -9.230 -9.350 -9.516 -9.631 -9.843 -9.892 -10.173 -10.187 -10.374
