 Zini     MH   logAge Mini        int_IMF         Mass   logL    logTe  logg  label   McoreTP C_O  period0  period1  period2  period3  period4  pmode  Mloss  tau1m   X   Y   Xc  Xn  Xo  Cexcess  Z 	 mbolmag  F170Wmag  F218Wmag  F255Wmag  F300Wmag  F336Wmag  F380Wmag  F439Wmag  F450Wmag  F555Wmag  F569Wmag  F606Wmag  F622Wmag  F675Wmag  F702Wmag  F791Wmag  F814Wmag  F850LPmag
0.00031003 -1.70000 9.85000 0.0900000036 1.0816895926    0.090 -3.199  3.4804  5.465    1  0.000  0.545     0.00     0.00     0.00     0.00     0.00 -1 -4.91e-17      0.00 7.492e-01 2.504e-01 6.177e-05 1.667e-05 1.511e-04 -1.000 3.435e-04 12.767 17.461 22.432 22.953 18.870 18.217 19.120 17.781 16.802 15.208 14.993 14.414 14.238 13.541 13.158 12.176 12.116 11.599
0.00031003 -1.70000 9.85000 0.0900274143 1.0819521223    0.090 -3.198  3.4806  5.465    1  0.000  0.545     0.00     0.00     0.00     0.00     0.00 -1 -4.92e-17      0.00 7.492e-01 2.504e-01 6.177e-05 1.667e-05 1.511e-04 -1.000 3.435e-04 12.765 17.458 22.429 22.949 18.866 18.212 19.111 17.774 16.796 15.202 14.987 14.409 14.233 13.537 13.155 12.174 12.114 11.597
0.00031003 -1.70000 9.85000 0.0970581695 1.1460515484    0.097 -2.955  3.5160  5.396    1  0.000  0.545     0.00     0.00     0.00     0.00     0.00 -1 -8.98e-17      0.00 7.483e-01 2.513e-01 6.177e-05 1.667e-05 1.511e-04 -1.000 3.435e-04 12.157 16.770 21.704 21.605 17.774 16.976 17.108 16.139 15.407 13.902 13.688 13.267 13.064 12.585 12.322 11.550 11.503 11.074
0.00031003 -1.70000 9.85000 0.1000000015 1.1711064122    0.100 -2.859  3.5300  5.368    1  0.000  0.545     0.00     0.00     0.00     0.00     0.00 -1 -1.14e-16      0.00 7.479e-01 2.518e-01 6.177e-05 1.667e-05 1.511e-04 -1.000 3.435e-04 11.916 16.488 21.376 20.948 17.280 16.449 16.395 15.547 14.894 13.459 13.250 12.859 12.652 12.222 12.001 11.303 11.259 10.858
0.00031003 -1.70000 9.85000 0.1200000048 1.3193154741    0.120 -2.568  3.5610  5.281    1  0.000  0.545     0.00     0.00     0.00     0.00     0.00 -1 -2.24e-16      0.00 7.461e-01 2.535e-01 6.177e-05 1.667e-05 1.511e-04 -1.000 3.435e-04 11.190 15.661 20.299 19.046 15.888 15.035 14.755 14.129 13.621 12.381 12.187 11.830 11.630 11.255 11.113 10.564 10.528 10.178
0.00031003 -1.70000 9.85000 0.1400000006 1.4384526719    0.140 -2.388  3.5760  5.228    1  0.000  0.545     0.00     0.00     0.00     0.00     0.00 -1 -3.35e-16      0.00 7.449e-01 2.548e-01 6.177e-05 1.667e-05 1.511e-04 -1.000 3.436e-04 10.739 15.160 19.576 17.974 15.092 14.248 13.930 13.390 12.935 11.792 11.607 11.267 11.074 10.716 10.601 10.108 10.075 9.746
0.00031003 -1.70000 9.85000 0.1599999964 1.5372931554    0.160 -2.249  3.5859  5.186    1  0.000  0.545     0.00     0.00     0.00     0.00     0.00 -1 -4.52e-16      0.00 7.439e-01 2.558e-01 6.177e-05 1.667e-05 1.511e-04 -1.000 3.436e-04 10.392 14.780 18.999 17.219 14.514 13.680 13.359 12.869 12.442 11.363 11.183 10.858 10.671 10.325 10.221 9.757 9.726 9.409
0.00031003 -1.70000 9.85000 0.2000000179 1.6938791367    0.200 -2.032  3.5987  5.118    1  0.000  0.545     0.00     0.00     0.00     0.00     0.00 -1  -7.2e-16      0.00 7.427e-01 2.569e-01 6.177e-05 1.667e-05 1.511e-04 -1.000 3.435e-04 9.850 14.195 18.116 16.167 13.673 12.856 12.552 12.118 11.722 10.722 10.551 10.246 10.067 9.737 9.645 9.210 9.182 8.881
0.00031003 -1.70000 9.85000 0.2500000000 1.8403257998    0.250 -1.827  3.6098  5.054    1  0.000  0.545     0.00     0.00     0.00     0.00     0.00 -1 -1.11e-15      0.00 7.425e-01 2.572e-01 6.176e-05 1.667e-05 1.511e-04 -1.000 3.435e-04 9.337 13.644 17.349 15.275 12.908 12.105 11.833 11.439 11.066 10.129 9.965 9.678 9.506 9.191 9.105 8.692 8.665 8.378
0.00031003 -1.70000 9.85000 0.3000000417 1.9529140366    0.300 -1.668  3.6186  5.009    1  0.000  0.545     0.00     0.00     0.00     0.00     0.00 -1 -1.54e-15      0.00 7.426e-01 2.571e-01 6.176e-05 1.667e-05 1.511e-04 -1.000 3.435e-04 8.940 13.215 16.711 14.582 12.318 11.527 11.288 10.921 10.563 9.671 9.512 9.240 9.074 8.770 8.689 8.291 8.266 7.989
0.00031003 -1.70000 9.85000 0.3342364430 2.0167979814    0.334 -1.578  3.6240  4.988    1  0.000  0.545     0.00     0.00     0.00     0.00     0.00 -1 -1.84e-15      0.00 7.427e-01 2.570e-01 6.174e-05 1.667e-05 1.511e-04 -1.000 3.435e-04 8.714 12.969 16.289 14.161 11.973 11.192 10.976 10.624 10.275 9.409 9.254 8.989 8.827 8.530 8.452 8.062 8.038 7.769
0.00031003 -1.70000 9.85000 0.3499999940 2.0434174644    0.350 -1.539  3.6263  4.978    1  0.000  0.545     0.00     0.00     0.00     0.00     0.00 -1 -1.99e-15      0.00 7.427e-01 2.570e-01 6.174e-05 1.667e-05 1.511e-04 -1.000 3.435e-04 8.617 12.863 16.102 13.980 11.826 11.049 10.843 10.498 10.152 9.297 9.143 8.882 8.721 8.427 8.350 7.965 7.941 7.674
0.00031003 -1.70000 9.85000 0.3832955062 2.0948417549    0.383 -1.451  3.6329  4.956    1  0.000  0.545     0.00     0.00     0.00     0.00     0.00 -1 -2.39e-15      0.00 7.479e-01 2.518e-01 6.176e-05 1.667e-05 1.511e-04 -1.000 3.435e-04 8.397 12.618 15.631 13.525 11.461 10.697 10.523 10.195 9.858 9.034 8.885 8.634 8.477 8.192 8.118 7.743 7.720 7.462
0.00031003 -1.70000 9.85000 0.4000000060 2.1185024399    0.400 -1.410  3.6361  4.946    1  0.000  0.545     0.00     0.00     0.00     0.00     0.00 -1 -2.61e-15      0.00 7.504e-01 2.493e-01 6.177e-05 1.667e-05 1.511e-04 -1.000 3.435e-04 8.294 12.503 15.417 13.318 11.291 10.532 10.374 10.054 9.722 8.912 8.764 8.518 8.363 8.082 8.009 7.639 7.616 7.362
0.00031003 -1.70000 9.85000 0.4500000179 2.1822809362    0.450 -1.251  3.6521  4.902    1  0.000  0.545     0.00     0.00     0.00     0.00     0.00 -1 -3.72e-15      0.00 7.506e-01 2.491e-01 6.177e-05 1.667e-05 1.511e-04 -1.000 3.435e-04 7.898 12.044 14.579 12.447 10.554 9.823 9.753 9.475 9.164 8.421 8.283 8.059 7.913 7.651 7.585 7.239 7.219 6.984
0.00031003 -1.70000 9.85000 0.5000000000 2.2374541529    0.500 -1.075  3.6730  4.856    1  0.000  0.545     0.00     0.00     0.00     0.00     0.00 -1 -5.58e-15      0.00 7.506e-01 2.491e-01 6.177e-05 1.667e-05 1.511e-04 -1.000 3.435e-04 7.458 11.507 13.315 11.318 9.660 8.986 9.037 8.820 8.534 7.872 7.745 7.547 7.415 7.176 7.117 6.801 6.783 6.572
0.00031003 -1.70000 9.85000 0.5500000715 2.2836583126    0.550 -0.886  3.6942  4.793    1  0.000  0.545     0.00     0.00     0.00     0.00     0.00 -1 -8.83e-15      0.00 7.709e-01 2.288e-01 5.703e-05 1.539e-05 1.396e-04 -1.000 2.765e-04 6.985 10.917 12.002 10.175 8.747 8.142 8.310 8.162 7.899 7.309 7.192 7.017 6.897 6.678 6.625 6.335 6.320 6.132
0.00031003 -1.70000 9.85000 0.6000000238 2.3211213258    0.600 -0.699  3.7180  4.739    1  0.000  0.544     0.00     0.00     0.00     0.00     0.00 -1 -1.38e-14      0.00 7.779e-01 2.219e-01 5.550e-05 1.498e-05 1.360e-04 -1.000 2.958e-04 6.518 10.280 10.542 9.013 7.847 7.323 7.600 7.523 7.290 6.771 6.662 6.508 6.400 6.200 6.153 5.889 5.876 5.711
0.00031003 -1.70000 9.85000 0.6144121289 2.3306265303    0.614 -0.644  3.7258  4.726    1  0.000  0.544     0.00     0.00     0.00     0.00     0.00 -1 -1.57e-14      0.00 7.803e-01 2.194e-01 5.497e-05 1.484e-05 1.347e-04 -1.000 3.099e-04 6.381 10.072 10.103 8.670 7.583 7.085 7.392 7.334 7.112 6.615 6.510 6.362 6.257 6.063 6.018 5.762 5.750 5.592
0.00031003 -1.70000 9.85000 0.6334222555 2.3424066649    0.633 -0.573  3.7359  4.708    1  0.000  0.544     0.00     0.00     0.00     0.00     0.00 -1 -1.87e-14      0.00 7.838e-01 2.159e-01 5.424e-05 1.465e-05 1.329e-04 -1.000 3.324e-04 6.202 9.790 9.549 8.235 7.249 6.783 7.126 7.092 6.884 6.415 6.314 6.173 6.073 5.887 5.844 5.598 5.587 5.438
0.00031003 -1.70000 9.85000 0.6499999762 2.3520353107    0.650 -0.510  3.7446  4.692    1  0.000  0.544     0.00     0.00     0.00     0.00     0.00 -1 -2.17e-14      0.00 7.870e-01 2.127e-01 5.356e-05 1.447e-05 1.313e-04 -1.000 3.046e-04 6.046 9.524 9.071 7.868 6.972 6.536 6.905 6.888 6.690 6.245 6.147 6.013 5.916 5.737 5.696 5.458 5.448 5.307
0.00031003 -1.70000 9.85000 0.6525940895 2.3534912019    0.652 -0.501  3.7459  4.689    1  0.000  0.544     0.00     0.00     0.00     0.00     0.00 -1 -2.22e-14      0.00 7.876e-01 2.121e-01 5.343e-05 1.443e-05 1.310e-04 -1.000 3.134e-04 6.022 9.480 8.997 7.812 6.930 6.499 6.871 6.857 6.660 6.219 6.122 5.988 5.892 5.714 5.673 5.437 5.427 5.287
0.00031003 -1.70000 9.85000 0.6759899855 2.3660432323    0.676 -0.413  3.7576  4.663    1  0.000  0.543     0.00     0.00     0.00     0.00     0.00 -1 -2.75e-14      0.00 7.936e-01 2.061e-01 5.219e-05 1.410e-05 1.281e-04 -1.000 3.026e-04 5.802 9.065 8.353 7.317 6.556 6.168 6.569 6.576 6.394 5.984 5.891 5.766 5.675 5.506 5.468 5.244 5.235 5.105
0.00031003 -1.70000 9.85000 0.6965928674 2.3762976680    0.697 -0.336  3.7675  4.638    1  0.000  0.543     0.00     0.00     0.00     0.00     0.00 -1 -3.33e-14      0.00 7.994e-01 2.003e-01 5.098e-05 1.378e-05 1.252e-04 -1.000 3.413e-04 5.609 8.682 7.842 6.916 6.246 5.894 6.315 6.337 6.166 5.782 5.694 5.576 5.488 5.328 5.291 5.077 5.069 4.948
0.00031003 -1.70000 9.85000 0.6999999881 2.3779266974    0.700 -0.323  3.7691  4.634    1  0.000  0.543     0.00     0.00     0.00     0.00     0.00 -1 -3.44e-14      0.00 8.004e-01 1.992e-01 5.076e-05 1.372e-05 1.247e-04 -1.000 3.218e-04 5.577 8.618 7.761 6.852 6.195 5.849 6.274 6.298 6.128 5.749 5.662 5.544 5.458 5.298 5.262 5.049 5.042 4.921
0.00031003 -1.70000 9.85000 0.7108173370 2.3829799272    0.711 -0.282  3.7740  4.620    1  0.000  0.541     0.00     0.00     0.00     0.00     0.00 -1 -3.81e-14      0.00 8.048e-01 1.950e-01 4.974e-05 1.348e-05 1.225e-04 -1.000 2.595e-04 5.476 8.414 7.519 6.658 6.042 5.713 6.145 6.175 6.011 5.644 5.559 5.445 5.360 5.204 5.169 4.961 4.954 4.838
0.00031003 -1.70000 9.85000 0.7235759497 2.3887172418    0.723 -0.234  3.7797  4.602    1  0.000  0.539     0.00     0.00     0.00     0.00     0.00 -1  -4.3e-14      0.00 8.101e-01 1.896e-01 4.846e-05 1.318e-05 1.199e-04 -1.000 2.479e-04 5.355 8.174 7.241 6.434 5.863 5.553 5.994 6.029 5.872 5.520 5.437 5.327 5.244 5.093 5.059 4.856 4.850 4.738
0.00031003 -1.70000 9.85000 0.7413181067 2.3963193041    0.741 -0.166  3.7873  4.576    1  0.000  0.536     0.00     0.00     0.00     0.00     0.00 -1 -5.12e-14      0.00 8.182e-01 1.816e-01 4.659e-05 1.274e-05 1.159e-04 -1.000 2.173e-04 5.186 7.842 6.888 6.144 5.627 5.343 5.788 5.829 5.680 5.347 5.267 5.162 5.082 4.937 4.904 4.710 4.703 4.598
0.00031003 -1.70000 9.85000 0.7500000000 2.3998889087    0.750 -0.133  3.7909  4.561    1  0.000  0.534     0.00     0.00     0.00     0.00     0.00 -1 -5.59e-14      0.00 8.222e-01 1.775e-01 4.565e-05 1.251e-05 1.139e-04 -1.000 2.628e-04 5.102 7.683 6.722 6.006 5.514 5.241 5.688 5.731 5.586 5.261 5.183 5.080 5.002 4.859 4.827 4.636 4.630 4.528
0.00031003 -1.70000 9.85000 0.7533370852 2.4012358202    0.753 -0.120  3.7922  4.556    1  0.000  0.534     0.00     0.00     0.00     0.00     0.00 -1 -5.78e-14      0.00 8.232e-01 1.765e-01 4.546e-05 1.246e-05 1.135e-04 -1.000 2.786e-04 5.070 7.624 6.662 5.956 5.473 5.204 5.650 5.693 5.550 5.228 5.150 5.049 4.971 4.830 4.798 4.608 4.602 4.501
0.00031003 -1.70000 9.85000 0.7655087113 2.4060342719    0.765 -0.073  3.7969  4.534    1  0.000  0.533     0.00     0.00     0.00     0.00     0.00 -1 -6.55e-14      0.00 8.264e-01 1.733e-01 4.484e-05 1.230e-05 1.121e-04 -1.000 2.815e-04 4.951 7.408 6.445 5.773 5.320 5.066 5.511 5.556 5.418 5.107 5.031 4.932 4.857 4.719 4.688 4.503 4.498 4.401
0.00031003 -1.70000 9.85000 0.7771156430 2.4104494560    0.777 -0.027  3.8013  4.512    1  0.000  0.533     0.00     0.00     0.00     0.00     0.00 -1 -7.41e-14      0.00 8.293e-01 1.705e-01 4.436e-05 1.217e-05 1.110e-04 -1.000 2.350e-04 4.837 7.205 6.243 5.602 5.176 4.936 5.378 5.424 5.290 4.989 4.916 4.820 4.746 4.612 4.582 4.401 4.396 4.303
0.00031003 -1.70000 9.85000 0.7881154418 2.4144959613    0.788  0.018  3.8055  4.491    1  0.000  0.532     0.00     0.00     0.00     0.00     0.00 -1 -8.36e-14      0.00 8.316e-01 1.682e-01 4.400e-05 1.208e-05 1.102e-04 -1.000 2.331e-04 4.726 7.015 6.059 5.446 5.043 4.815 5.251 5.297 5.167 4.876 4.804 4.711 4.639 4.507 4.478 4.302 4.297 4.207
0.00031003 -1.70000 9.85000 0.7981243730 2.4180667154    0.798  0.059  3.8092  4.470    1  0.000  0.532     0.00     0.00     0.00     0.00     0.00 -1 -9.35e-14      0.00 8.334e-01 1.664e-01 4.376e-05 1.202e-05 1.097e-04 -1.000 2.658e-04 4.623 6.844 5.894 5.304 4.922 4.705 5.134 5.179 5.053 4.770 4.700 4.609 4.538 4.410 4.382 4.209 4.205 4.118
0.00031003 -1.70000 9.85000 0.8000000119 2.4187244405    0.799  0.067  3.8099  4.466    1  0.000  0.532     0.00     0.00     0.00     0.00     0.00 -1 -9.55e-14      0.00 8.337e-01 1.660e-01 4.372e-05 1.201e-05 1.097e-04 -1.000 2.756e-04 4.604 6.812 5.863 5.277 4.899 4.684 5.111 5.157 5.032 4.750 4.680 4.590 4.519 4.392 4.363 4.191 4.187 4.101
0.00031003 -1.70000 9.85000 0.8041303754 2.4201603907    0.804  0.084  3.8115  4.457    1  0.000  0.531     0.00     0.00     0.00     0.00     0.00 -1    -1e-13      0.00 8.337e-01 1.660e-01 4.379e-05 1.203e-05 1.098e-04 -1.000 2.891e-04 4.561 6.742 5.797 5.221 4.851 4.640 5.063 5.108 4.984 4.706 4.636 4.547 4.478 4.352 4.323 4.153 4.149 4.064
0.00031003 -1.70000 9.85000 0.8140438795 2.4235386141    0.813  0.126  3.8153  4.436    1  0.000  0.531     0.00     0.00     0.00     0.00     0.00 -1 -1.12e-13      0.00 8.336e-01 1.661e-01 4.396e-05 1.208e-05 1.103e-04 -1.000 2.839e-04 4.455 6.578 5.641 5.084 4.732 4.531 4.944 4.988 4.867 4.596 4.529 4.442 4.374 4.251 4.223 4.057 4.053 3.971
0.00031003 -1.70000 9.85000 0.8232236505 2.4265835113    0.822  0.166  3.8189  4.414    1  0.000  0.531     0.00     0.00     0.00     0.00     0.00 -1 -1.26e-13      0.00 8.335e-01 1.662e-01 4.412e-05 1.213e-05 1.108e-04 -1.000 2.835e-04 4.354 6.426 5.496 4.956 4.620 4.427 4.830 4.873 4.756 4.492 4.425 4.341 4.274 4.154 4.127 3.964 3.960 3.882
0.00031003 -1.70000 9.85000 0.8353949785 2.4305022764    0.834  0.222  3.8236  4.384    1  0.000  0.531     0.00     0.00     0.00     0.00     0.00 -1 -1.47e-13      0.00 8.332e-01 1.665e-01 4.436e-05 1.220e-05 1.114e-04 -1.000 2.620e-04 4.214 6.219 5.301 4.784 4.467 4.285 4.673 4.713 4.601 4.346 4.281 4.200 4.135 4.019 3.993 3.835 3.831 3.757
0.00031003 -1.70000 9.85000 0.8471017480 2.4341495442    0.846  0.280  3.8283  4.351    1  0.000  0.530     0.00     0.00     0.00     0.00     0.00 -1 -1.73e-13      0.00 8.328e-01 1.669e-01 4.460e-05 1.227e-05 1.121e-04 -1.000 2.859e-04 4.070 6.013 5.107 4.611 4.313 4.141 4.513 4.551 4.443 4.197 4.134 4.056 3.993 3.880 3.855 3.702 3.699 3.628
0.00031003 -1.70000 9.85000 0.8500000238 2.4350346840    0.849  0.295  3.8294  4.342    1  0.000  0.530     0.00     0.00     0.00     0.00     0.00 -1  -1.8e-13      0.00 8.326e-01 1.671e-01 4.467e-05 1.229e-05 1.123e-04 -1.000 2.928e-04 4.033 5.960 5.057 4.566 4.273 4.104 4.471 4.509 4.401 4.158 4.096 4.018 3.956 3.844 3.819 3.667 3.664 3.594
0.00031003 -1.70000 9.85000 0.8556213379 2.4367318038    0.855  0.324  3.8319  4.326    1  0.000  0.530     0.00     0.00     0.00     0.00     0.00 -1 -1.96e-13      0.00 8.326e-01 1.671e-01 4.468e-05 1.229e-05 1.123e-04 -1.000 2.904e-04 3.961 5.858 4.962 4.482 4.197 4.034 4.391 4.427 4.322 4.083 4.022 3.946 3.884 3.775 3.750 3.601 3.598 3.530
0.00031003 -1.70000 9.85000 0.8649111390 2.4394809417    0.864  0.374  3.8359  4.296    1  0.000  0.530     0.00     0.00     0.00     0.00     0.00 -1 -2.26e-13      0.00 8.324e-01 1.673e-01 4.473e-05 1.230e-05 1.124e-04 -1.000 2.524e-04 3.836 5.684 4.802 4.339 4.069 3.913 4.253 4.286 4.184 3.952 3.893 3.820 3.760 3.654 3.630 3.485 3.483 3.418
0.00031003 -1.70000 9.85000 0.8738634586 2.4420667082    0.873  0.424  3.8396  4.265    1  0.000  0.531     0.00     0.00     0.00     0.00     0.00 -1 -2.61e-13      0.00 8.322e-01 1.675e-01 4.478e-05 1.232e-05 1.125e-04 -1.000 2.414e-04 3.710 5.514 4.644 4.197 3.940 3.792 4.114 4.144 4.046 3.821 3.763 3.693 3.635 3.532 3.509 3.368 3.366 3.304
0.00031003 -1.70000 9.85000 0.8822152615 2.4444246887    0.881  0.473  3.8429  4.233    1  0.000  0.530     0.00     0.00     0.00     0.00     0.00 -1 -3.02e-13      0.00 8.319e-01 1.678e-01 4.484e-05 1.234e-05 1.127e-04 -1.000 2.732e-04 3.587 5.354 4.496 4.064 3.817 3.676 3.979 4.006 3.911 3.693 3.636 3.568 3.512 3.411 3.389 3.252 3.250 3.191
0.00031003 -1.70000 9.85000 0.8901184797 2.4466092235    0.889  0.523  3.8455  4.198    1  0.000  0.531     0.00     0.00     0.00     0.00     0.00 -1 -3.51e-13      0.00 8.310e-01 1.687e-01 4.503e-05 1.239e-05 1.132e-04 -1.000 2.639e-04 3.463 5.201 4.354 3.933 3.695 3.559 3.845 3.870 3.777 3.564 3.509 3.443 3.387 3.290 3.268 3.134 3.132 3.075
0.00031003 -1.70000 9.85000 0.8988010287 2.4489583156    0.897  0.582  3.8479  4.153    1  0.000  0.531     0.00     0.00     0.00     0.00     0.00 -1 -4.23e-13      0.00 8.291e-01 1.706e-01 4.542e-05 1.249e-05 1.141e-04 -1.000 2.448e-04 3.315 5.030 4.194 3.783 3.553 3.421 3.688 3.709 3.619 3.411 3.357 3.293 3.239 3.144 3.123 2.992 2.990 2.935
0.00031003 -1.70000 9.85000 0.8993736506 2.4491114079    0.898  0.586  3.8480  4.149    1  0.000  0.531     0.00     0.00     0.00     0.00     0.00 -1 -4.29e-13      0.00 8.290e-01 1.708e-01 4.545e-05 1.250e-05 1.142e-04 -1.000 2.442e-04 3.305 5.019 4.183 3.773 3.543 3.412 3.677 3.699 3.608 3.401 3.347 3.283 3.229 3.134 3.113 2.982 2.980 2.925
0.00031003 -1.70000 9.85000 0.8999999762 2.4492786016    0.898  0.591  3.8480  4.145    1  0.000  0.531     0.00     0.00     0.00     0.00     0.00 -1 -4.36e-13      0.00 8.288e-01 1.709e-01 4.548e-05 1.251e-05 1.143e-04 -1.000 2.436e-04 3.293 5.007 4.172 3.762 3.532 3.400 3.665 3.686 3.596 3.388 3.335 3.270 3.217 3.121 3.100 2.970 2.968 2.913
0.00031003 -1.70000 9.85000 0.9025666714 2.4499609781    0.901  0.611  3.8483  4.127    1  0.000  0.531     0.00     0.00     0.00     0.00     0.00 -1 -4.64e-13      0.00 8.283e-01 1.715e-01 4.560e-05 1.254e-05 1.145e-04 -1.000 2.463e-04 3.244 4.956 4.123 3.715 3.485 3.354 3.613 3.634 3.544 3.338 3.284 3.220 3.166 3.072 3.051 2.921 2.919 2.864
0.00031003 -1.70000 9.85000 0.9082245231 2.4514495108    0.906  0.658  3.8475  4.080    1  0.000  0.531     0.00     0.00     0.00     0.00     0.00 -1 -5.43e-13      0.00 8.270e-01 1.727e-01 4.585e-05 1.261e-05 1.151e-04 -1.000 2.523e-04 3.126 4.851 4.019 3.610 3.377 3.245 3.494 3.514 3.424 3.217 3.164 3.100 3.046 2.951 2.930 2.800 2.798 2.742
0.00031003 -1.70000 9.85000 0.9129564166 2.4526781526    0.911  0.702  3.8449  4.027    1  0.000  0.531     0.00     0.00     0.00     0.00     0.00 -1 -6.37e-13      0.00 8.260e-01 1.738e-01 4.606e-05 1.266e-05 1.156e-04 -1.000 2.573e-04 3.016 4.777 3.941 3.523 3.281 3.145 3.389 3.408 3.317 3.107 3.053 2.988 2.933 2.836 2.815 2.682 2.680 2.622
0.00031003 -1.70000 9.85000 0.9139617682 2.4529373095    0.912  0.712  3.8440  4.014    1  0.000  0.531     0.00     0.00     0.00     0.00     0.00 -1 -6.63e-13      0.00 8.257e-01 1.740e-01 4.610e-05 1.268e-05 1.157e-04 -1.000 2.584e-04 2.991 4.764 3.925 3.504 3.260 3.122 3.366 3.385 3.294 3.083 3.028 2.962 2.907 2.810 2.788 2.655 2.652 2.594
0.00031003 -1.70000 9.85000 0.9149101377 2.4531811776    0.913  0.722  3.8425  3.999    2  0.000  0.531     0.00     0.00     0.00     0.00     0.00 -1 -6.92e-13      0.00 8.255e-01 1.742e-01 4.614e-05 1.269e-05 1.158e-04 -1.000 2.594e-04 2.965 4.756 3.915 3.488 3.239 3.098 3.344 3.363 3.271 3.057 3.002 2.935 2.880 2.782 2.760 2.625 2.623 2.563
0.00031003 -1.70000 9.85000 0.9180846214 2.4539932648    0.916  0.759  3.8358  3.936    2  0.000  0.531     0.00     0.00     0.00     0.00     0.00 -1 -8.05e-13      0.00 8.248e-01 1.749e-01 4.628e-05 1.272e-05 1.162e-04 -1.000 2.628e-04 2.872 4.756 3.897 3.444 3.171 3.017 3.268 3.290 3.192 2.969 2.912 2.841 2.783 2.679 2.656 2.515 2.512 2.447
0.00031003 -1.70000 9.85000 0.9204882979 2.4546038829    0.919  0.791  3.8275  3.873    2  0.000  0.531     0.00     0.00     0.00     0.00     0.00 -1 -9.29e-13      0.00 8.243e-01 1.754e-01 4.639e-05 1.275e-05 1.164e-04 -1.000 2.653e-04 2.794 4.790 3.913 3.426 3.122 2.951 3.213 3.237 3.133 2.896 2.836 2.760 2.699 2.589 2.565 2.415 2.412 2.340
0.00031003 -1.70000 9.85000 0.9219033122 2.4549616343    0.920  0.812  3.8202  3.823    2  0.000  0.531     0.00     0.00     0.00     0.00     0.00 -1 -1.03e-12      0.00 8.240e-01 1.758e-01 4.645e-05 1.277e-05 1.166e-04 -1.000 2.668e-04 2.741 4.843 3.950 3.431 3.098 2.912 3.184 3.209 3.099 2.850 2.787 2.706 2.643 2.527 2.502 2.345 2.341 2.263
0.00031003 -1.70000 9.85000 0.9230165482 2.4552422022    0.921  0.830  3.8128  3.776    2  0.000  0.531     0.00     0.00     0.00     0.00     0.00 -1 -1.14e-12      0.00 8.237e-01 1.760e-01 4.650e-05 1.278e-05 1.167e-04 -1.000 2.679e-04 2.696 4.906 4.001 3.447 3.084 2.882 3.164 3.190 3.074 2.812 2.746 2.661 2.594 2.473 2.446 2.282 2.278 2.194
0.00031003 -1.70000 9.85000 0.9239474535 2.4554762205    0.922  0.846  3.8053  3.730    2  0.000  0.531     0.00     0.00     0.00     0.00     0.00 -1 -1.24e-12      0.00 8.235e-01 1.762e-01 4.654e-05 1.279e-05 1.168e-04 -1.000 2.688e-04 2.656 4.986 4.069 3.472 3.075 2.856 3.152 3.179 3.057 2.779 2.710 2.620 2.551 2.424 2.395 2.223 2.219 2.129
0.00031003 -1.70000 9.85000 0.9247377515 2.4556744667    0.923  0.860  3.7976  3.685    2  0.000  0.531     0.00     0.00     0.00     0.00     0.00 -1 -1.35e-12      0.00 8.234e-01 1.764e-01 4.658e-05 1.280e-05 1.169e-04 -1.000 2.697e-04 2.620 5.077 4.151 3.509 3.076 2.838 3.147 3.174 3.045 2.752 2.680 2.585 2.512 2.379 2.349 2.170 2.164 2.068
0.00031003 -1.70000 9.85000 0.9256354570 2.4558991839    0.923  0.876  3.7875  3.629    2  0.000  0.532     0.00     0.00     0.00     0.00     0.00 -1  -1.5e-12      0.00 8.218e-01 1.780e-01 4.699e-05 1.291e-05 1.178e-04 -1.000 2.706e-04 2.579 5.207 4.281 3.575 3.090 2.828 3.150 3.176 3.038 2.723 2.646 2.545 2.469 2.328 2.296 2.106 2.100 1.995
0.00031003 -1.70000 9.85000 0.9264377356 2.4560995897    0.924  0.890  3.7775  3.576    2  0.000  0.532     0.00     0.00     0.00     0.00     0.00 -1 -1.64e-12      0.00 8.158e-01 1.839e-01 4.844e-05 1.330e-05 1.213e-04 -1.000 2.712e-04 2.545 5.350 4.438 3.661 3.120 2.831 3.164 3.188 3.039 2.702 2.621 2.513 2.433 2.284 2.250 2.050 2.043 1.930
0.00031003 -1.70000 9.85000 0.9272016287 2.4562900364    0.925  0.902  3.7682  3.528    2  0.000  0.534     0.00     0.00     0.00     0.00     0.00 -1 -1.78e-12      0.00 7.986e-01 2.011e-01 5.168e-05 1.417e-05 1.291e-04 -1.000 2.821e-04 2.516 5.493 4.619 3.765 3.162 2.846 3.184 3.202 3.044 2.685 2.600 2.486 2.402 2.246 2.211 2.001 1.993 1.872
0.00031003 -1.70000 9.85000 0.9279578924 2.4564782258    0.926  0.916  3.7599  3.480    2  0.000  0.535     0.00     0.00     0.00     0.00     0.00 -1 -1.95e-12      0.00 7.811e-01 2.186e-01 5.500e-05 1.505e-05 1.369e-04 -1.000 3.163e-04 2.480 5.608 4.789 3.861 3.196 2.855 3.194 3.207 3.040 2.660 2.572 2.453 2.365 2.203 2.165 1.947 1.939 1.811
0.00031003 -1.70000 9.85000 0.9287464023 2.4566740641    0.926  0.941  3.7524  3.426    2  0.000  0.536     0.00     0.00     0.00     0.00     0.00 -1 -2.19e-12      0.00 7.703e-01 2.294e-01 5.699e-05 1.558e-05 1.417e-04 -1.000 3.356e-04 2.419 5.670 4.933 3.933 3.210 2.846 3.179 3.185 3.008 2.610 2.519 2.395 2.304 2.136 2.097 1.871 1.862 1.728
0.00031003 -1.70000 9.85000 0.9295207858 2.4568660221    0.927  0.977  3.7466  3.367    2  0.000  0.537     0.00     0.00     0.00     0.00     0.00 -1 -2.54e-12      0.00 7.649e-01 2.347e-01 5.800e-05 1.585e-05 1.441e-04 -1.000 3.291e-04 2.329 5.670 5.011 3.951 3.180 2.799 3.126 3.125 2.943 2.530 2.436 2.308 2.215 2.042 2.002 1.771 1.761 1.621
0.00031003 -1.70000 9.85000 0.9297468662 2.4569219946    0.927  0.989  3.7451  3.349    2  0.000  0.537     0.00     0.00     0.00     0.00     0.00 -1 -2.68e-12      0.00 7.638e-01 2.359e-01 5.821e-05 1.591e-05 1.446e-04 -1.000 3.244e-04 2.298 5.661 5.025 3.949 3.166 2.780 3.105 3.103 2.918 2.501 2.407 2.278 2.185 2.011 1.970 1.737 1.727 1.586
0.00031003 -1.70000 9.85000 0.9302543998 2.4570475349    0.928  1.024  3.7426  3.304    3  0.000  0.537     0.00     0.00     0.00     0.00     0.00 -1 -3.04e-12      0.00 7.619e-01 2.378e-01 5.851e-05 1.599e-05 1.453e-04 -1.000 3.110e-04 2.211 5.611 5.010 3.909 3.106 2.713 3.034 3.029 2.842 2.419 2.324 2.193 2.099 1.923 1.882 1.646 1.636 1.493
0.00031003 -1.70000 9.85000 0.9309222102 2.4572124804    0.928  1.073  3.7397  3.244    3  0.000  0.537     0.00     0.00     0.00     0.00     0.00 -1 -3.65e-12      0.00 7.596e-01 2.401e-01 5.883e-05 1.608e-05 1.461e-04 -1.000 3.320e-04 2.088 5.528 4.972 3.842 3.015 2.614 2.930 2.921 2.731 2.301 2.204 2.072 1.977 1.799 1.757 1.518 1.508 1.362
0.00031003 -1.70000 9.85000 0.9314103127 2.4573328670    0.929  1.112  3.7379  3.197    3  0.000  0.537     0.00     0.00     0.00     0.00     0.00 -1 -4.21e-12      0.00 7.580e-01 2.417e-01 5.900e-05 1.613e-05 1.465e-04 -1.000 3.346e-04 1.990 5.454 4.933 3.784 2.942 2.536 2.845 2.834 2.641 2.207 2.109 1.976 1.880 1.700 1.659 1.418 1.407 1.259
0.00031003 -1.70000 9.85000 0.9319506288 2.4574659626    0.929  1.158  3.7359  3.144    3  0.000  0.537     0.00     0.00     0.00     0.00     0.00 -1 -4.98e-12      0.00 7.562e-01 2.434e-01 5.913e-05 1.618e-05 1.469e-04 -1.000 3.322e-04 1.874 5.362 4.879 3.709 2.852 2.440 2.743 2.730 2.534 2.095 1.997 1.862 1.766 1.585 1.543 1.300 1.289 1.139
0.00031003 -1.70000 9.85000 0.9324454069 2.4575876853    0.930  1.204  3.7342  3.092    3  0.000  0.535     0.00     0.00     0.00     0.00     0.00 -1 -5.86e-12      0.00 7.545e-01 2.452e-01 5.911e-05 1.626e-05 1.473e-04 -1.000 3.396e-04 1.761 5.270 4.819 3.632 2.760 2.345 2.642 2.626 2.429 1.986 1.887 1.751 1.654 1.472 1.429 1.185 1.174 1.022
0.00031003 -1.70000 9.85000 0.9329141378 2.4577028630    0.930  1.249  3.7326  3.040    3  0.000  0.533     0.00     0.00     0.00     0.00     0.00 -1 -6.92e-12      0.00 7.527e-01 2.470e-01 5.886e-05 1.646e-05 1.475e-04 -1.000 3.289e-04 1.646 5.176 4.754 3.550 2.666 2.247 2.538 2.520 2.321 1.874 1.775 1.638 1.541 1.357 1.314 1.068 1.057 0.904
0.00031003 -1.70000 9.85000 0.9333470464 2.4578091202    0.931  1.295  3.7311  2.988    3  0.000  0.527     0.00     0.00     0.00     0.00     0.00 -1 -8.14e-12      0.00 7.510e-01 2.487e-01 5.832e-05 1.693e-05 1.477e-04 -1.000 3.260e-04 1.533 5.082 4.689 3.470 2.573 2.149 2.436 2.416 2.215 1.764 1.664 1.527 1.429 1.244 1.201 0.953 0.942 0.788
0.00031003 -1.70000 9.85000 0.9337725043 2.4579134382    0.931  1.342  3.7295  2.934    3  0.000  0.519     0.00     0.00     0.00     0.00     0.00 -1 -9.67e-12      0.00 7.493e-01 2.504e-01 5.745e-05 1.781e-05 1.479e-04 -1.000 3.329e-04 1.414 4.984 4.626 3.388 2.477 2.049 2.328 2.305 2.102 1.648 1.548 1.409 1.311 1.125 1.081 0.832 0.821 0.665
0.00031003 -1.70000 9.85000 0.9341347814 2.4580021788    0.931  1.386  3.7281  2.885    3  0.000  0.510     0.00     0.00     0.00     0.00     0.00 -1 -1.13e-11      0.00 7.478e-01 2.518e-01 5.650e-05 1.887e-05 1.480e-04 -1.000 3.382e-04 1.305 4.892 4.571 3.315 2.390 1.957 2.229 2.204 2.000 1.542 1.441 1.302 1.203 1.016 0.972 0.722 0.710 0.553
0.00031003 -1.70000 9.85000 0.9344940186 2.4580900967    0.931  1.433  3.7265  2.832    3  0.000  0.501     0.00     0.00     0.00     0.00     0.00 -1 -1.34e-11      0.00 7.465e-01 2.532e-01 5.549e-05 2.007e-05 1.482e-04 -1.000 3.337e-04 1.188 4.793 4.511 3.237 2.296 1.860 2.124 2.097 1.890 1.429 1.327 1.187 1.087 0.900 0.855 0.603 0.592 0.433
0.00031003 -1.70000 9.85000 0.9348236918 2.4581707108    0.932  1.479  3.7249  2.780    3  0.000  0.493     0.00     0.00     0.00     0.00     0.00 -1 -1.58e-11      0.00 7.453e-01 2.543e-01 5.462e-05 2.115e-05 1.482e-04 -1.000 3.313e-04 1.072 4.696 4.455 3.160 2.204 1.763 2.021 1.990 1.782 1.317 1.214 1.073 0.973 0.784 0.740 0.486 0.474 0.314
0.00031003 -1.70000 9.85000 0.9351226687 2.4582437623    0.932  1.524  3.7233  2.728    3  0.000  0.486     0.00     0.00     0.00     0.00     0.00 -1 -1.86e-11      0.00 7.444e-01 2.553e-01 5.394e-05 2.201e-05 1.483e-04 -1.000 3.344e-04 0.959 4.601 4.399 3.084 2.114 1.668 1.919 1.886 1.675 1.206 1.104 0.961 0.861 0.671 0.626 0.371 0.359 0.197
0.00031003 -1.70000 9.85000 0.9354063272 2.4583130214    0.932  1.571  3.7217  2.675    3  0.000  0.481     0.00     0.00     0.00     0.00     0.00 -1 -2.21e-11      0.00 7.436e-01 2.560e-01 5.341e-05 2.268e-05 1.484e-04 -1.000 3.302e-04 0.842 4.503 4.342 3.007 2.021 1.570 1.815 1.779 1.567 1.094 0.990 0.847 0.746 0.555 0.509 0.252 0.240 0.077
0.00031003 -1.70000 9.85000 0.9356566072 2.4583740904    0.932  1.616  3.7200  2.624    3  0.000  0.478     0.00     0.00     0.00     0.00     0.00 -1 -2.59e-11      0.00 7.431e-01 2.566e-01 5.303e-05 2.317e-05 1.484e-04 -1.000 3.299e-04 0.731 4.411 4.290 2.934 1.932 1.477 1.716 1.678 1.463 0.986 0.882 0.738 0.636 0.444 0.398 0.140 0.127 -0.038
0.00031003 -1.70000 9.85000 0.9358875155 2.4584303995    0.932  1.660  3.7184  2.573    3  0.000  0.475     0.00     0.00     0.00     0.00     0.00 -1 -3.04e-11      0.00 7.426e-01 2.570e-01 5.275e-05 2.353e-05 1.484e-04 -1.000 3.389e-04 0.620 4.317 4.243 2.865 1.847 1.386 1.618 1.578 1.361 0.879 0.775 0.629 0.527 0.334 0.288 0.028 0.015 -0.152
0.00031003 -1.70000 9.85000 0.9361116290 2.4584850210    0.932  1.706  3.7167  2.520    3  0.000  0.473     0.00     0.00     0.00     0.00     0.00 -1  -3.6e-11      0.00 7.423e-01 2.574e-01 5.256e-05 2.378e-05 1.484e-04 -1.000 3.435e-04 0.504 4.217 4.194 2.793 1.757 1.291 1.516 1.473 1.254 0.768 0.662 0.516 0.413 0.219 0.172 -0.090 -0.103 -0.271
0.00031003 -1.70000 9.85000 0.9363043308 2.4585319628    0.932  1.750  3.7150  2.470    3  0.000  0.472     0.00     0.00     0.00     0.00     0.00 -1 -4.22e-11      0.00 7.421e-01 2.575e-01 5.245e-05 2.391e-05 1.485e-04 -1.000 3.436e-04 0.395 4.127 4.159 2.734 1.678 1.207 1.423 1.376 1.154 0.663 0.557 0.410 0.307 0.110 0.064 -0.200 -0.213 -0.383
0.00031003 -1.70000 9.85000 0.9364892840 2.4585769961    0.932  1.795  3.7132  2.417    3  0.000  0.472     0.00     0.00     0.00     0.00     0.00 -1 -4.97e-11      0.00 7.421e-01 2.576e-01 5.240e-05 2.398e-05 1.485e-04 -1.000 3.435e-04 0.283 4.035 4.130 2.678 1.599 1.122 1.326 1.276 1.051 0.555 0.448 0.299 0.195 -0.002 -0.049 -0.315 -0.328 -0.500
0.00031003 -1.70000 9.85000 0.9366648197 2.4586197174    0.932  1.841  3.7114  2.364    3  0.000  0.472     0.00     0.00     0.00     0.00     0.00 -1 -5.88e-11      0.00 7.420e-01 2.576e-01 5.238e-05 2.401e-05 1.485e-04 -1.000 3.435e-04 0.167 3.939 4.101 2.621 1.518 1.034 1.228 1.173 0.945 0.443 0.336 0.186 0.081 -0.118 -0.166 -0.433 -0.446 -0.620
0.00031003 -1.70000 9.85000 0.9368174672 2.4586568533    0.932  1.885  3.7096  2.313    3  0.000  0.472     0.00     0.00     0.00     0.00     0.00 -1 -6.89e-11      0.00 7.420e-01 2.577e-01 5.237e-05 2.402e-05 1.485e-04 -1.000 3.436e-04 0.058 3.849 4.078 2.569 1.443 0.952 1.136 1.077 0.846 0.339 0.231 0.079 -0.026 -0.227 -0.275 -0.544 -0.558 -0.733
0.00031003 -1.70000 9.85000 0.9369610548 2.4586917725    0.932  1.929  3.7077  2.261    3  0.000  0.472     0.00     0.00     0.00     0.00     0.00 -1  -8.1e-11      0.00 7.420e-01 2.577e-01 5.236e-05 2.403e-05 1.485e-04 -1.000 3.436e-04 -0.052 3.756 4.060 2.521 1.369 0.872 1.044 0.981 0.747 0.233 0.124 -0.029 -0.135 -0.337 -0.385 -0.657 -0.670 -0.848
0.00031003 -1.70000 9.85000 0.9370945096 2.4587242164    0.932  1.973  3.7059  2.209    3  0.000  0.471     0.00     0.00     0.00     0.00     0.00 -1 -9.53e-11      0.00 7.420e-01 2.577e-01 5.236e-05 2.404e-05 1.485e-04 -1.000 3.435e-04 -0.164 3.663 4.043 2.473 1.295 0.791 0.952 0.885 0.647 0.128 0.018 -0.137 -0.244 -0.447 -0.496 -0.770 -0.784 -0.963
0.00031003 -1.70000 9.85000 0.9372136593 2.4587531737    0.931  2.016  3.7040  2.159    3  0.000  0.471     0.00     0.00     0.00     0.00     0.00 -1 -1.11e-10      0.00 7.420e-01 2.577e-01 5.235e-05 2.404e-05 1.485e-04 -1.000 3.435e-04 -0.271 3.573 4.029 2.428 1.225 0.714 0.864 0.793 0.551 0.026 -0.085 -0.241 -0.348 -0.553 -0.603 -0.879 -0.893 -1.074
0.00031003 -1.70000 9.85000 0.9373255372 2.4587803559    0.931  2.060  3.7021  2.108    3  0.000  0.471     0.00     0.00     0.00     0.00     0.00 -1 -1.31e-10      0.00 7.420e-01 2.577e-01 5.235e-05 2.405e-05 1.485e-04 -1.000 3.435e-04 -0.379 3.482 4.017 2.384 1.155 0.637 0.776 0.700 0.455 -0.077 -0.189 -0.346 -0.454 -0.661 -0.711 -0.989 -1.003 -1.186
0.00031003 -1.70000 9.85000 0.9374287128 2.4588054172    0.931  2.102  3.7002  2.057    3  0.000  0.471     0.00     0.00     0.00     0.00     0.00 -1 -1.53e-10      0.00 7.420e-01 2.577e-01 5.234e-05 2.405e-05 1.485e-04 -1.000 3.436e-04 -0.486 3.392 4.007 2.341 1.085 0.560 0.689 0.609 0.360 -0.178 -0.291 -0.450 -0.559 -0.767 -0.818 -1.098 -1.112 -1.297
0.00031003 -1.70000 9.85000 0.9375237823 2.4588285039    0.930  2.144  3.6983  2.007    3  0.000  0.471     0.00     0.00     0.00     0.00     0.00 -1 -1.78e-10      0.00 7.420e-01 2.577e-01 5.234e-05 2.406e-05 1.485e-04 -1.000 3.436e-04 -0.591 3.303 4.003 2.304 1.020 0.489 0.606 0.521 0.268 -0.277 -0.390 -0.551 -0.661 -0.870 -0.921 -1.204 -1.218 -1.405
0.00031003 -1.70000 9.85000 0.9376169443 2.4588511222    0.930  2.185  3.6964  1.959    3  0.000  0.471     0.00     0.00     0.00     0.00     0.00 -1 -2.07e-10      0.00 7.419e-01 2.577e-01 5.234e-05 2.407e-05 1.485e-04 -1.000 3.435e-04 -0.694 3.216 4.017 2.280 0.963 0.424 0.526 0.436 0.179 -0.373 -0.488 -0.650 -0.760 -0.972 -1.023 -1.308 -1.323 -1.512
0.00031003 -1.70000 9.85000 0.9377177358 2.4588755870    0.930  2.222  3.6947  1.915    3  0.000  0.471     0.00     0.00     0.00     0.00     0.00 -1 -2.38e-10      0.00 7.419e-01 2.577e-01 5.233e-05 2.407e-05 1.485e-04 -1.000 3.435e-04 -0.785 3.140 4.031 2.261 0.914 0.367 0.456 0.360 0.100 -0.459 -0.574 -0.737 -0.849 -1.062 -1.114 -1.400 -1.416 -1.606
0.00031003 -1.70000 9.85000 0.9377645850 2.4588869565    0.929  2.236  3.6941  1.898    3  0.000  0.471     0.00     0.00     0.00     0.00     0.00 -1 -2.52e-10      0.00 7.419e-01 2.577e-01 5.233e-05 2.407e-05 1.485e-04 -1.000 3.435e-04 -0.821 3.109 4.036 2.253 0.894 0.344 0.428 0.330 0.068 -0.493 -0.609 -0.772 -0.884 -1.098 -1.150 -1.437 -1.452 -1.644
0.00031003 -1.70000 9.85000 0.9378457665 2.4589066548    0.929  2.205  3.6960  1.937    3  0.000  0.471     0.00     0.00     0.00     0.00     0.00 -1 -2.25e-10      0.00 7.419e-01 2.577e-01 5.233e-05 2.408e-05 1.485e-04 -1.000 3.435e-04 -0.742 3.172 4.000 2.254 0.928 0.386 0.483 0.391 0.133 -0.421 -0.535 -0.698 -0.809 -1.020 -1.072 -1.357 -1.372 -1.561
0.00031003 -1.70000 9.85000 0.9378501177 2.4589077105    0.929  2.203  3.6961  1.939    3  0.000  0.471     0.00     0.00     0.00     0.00     0.00 -1 -2.24e-10      0.00 7.419e-01 2.577e-01 5.233e-05 2.408e-05 1.485e-04 -1.000 3.435e-04 -0.738 3.175 3.998 2.254 0.930 0.388 0.486 0.394 0.137 -0.417 -0.531 -0.693 -0.804 -1.016 -1.068 -1.352 -1.367 -1.556
0.00031003 -1.70000 9.85000 0.9378794432 2.4589148251    0.929  2.221  3.6952  1.918    3  0.000  0.471     0.00     0.00     0.00     0.00     0.00 -1 -2.38e-10      0.00 7.419e-01 2.577e-01 5.232e-05 2.408e-05 1.485e-04 -1.000 3.435e-04 -0.782 3.138 4.009 2.247 0.907 0.362 0.453 0.358 0.099 -0.458 -0.573 -0.736 -0.847 -1.060 -1.112 -1.398 -1.413 -1.603
0.00031003 -1.70000 9.85000 0.9379476309 2.4589313661    0.928  2.263  3.6932  1.868    3  0.000  0.471     0.00     0.00     0.00     0.00     0.00 -1 -2.76e-10      0.00 7.419e-01 2.577e-01 5.232e-05 2.408e-05 1.485e-04 -1.000 3.435e-04 -0.887 3.051 4.033 2.231 0.853 0.299 0.374 0.273 0.009 -0.556 -0.672 -0.837 -0.949 -1.163 -1.216 -1.504 -1.519 -1.712
0.00031003 -1.70000 9.85000 0.9380093813 2.4589463431    0.928  2.302  3.6913  1.820    3  0.000  0.471     0.00     0.00     0.00     0.00     0.00 -1 -3.19e-10      0.00 7.419e-01 2.577e-01 5.232e-05 2.409e-05 1.485e-04 -1.000 3.436e-04 -0.985 2.969 4.056 2.215 0.802 0.240 0.301 0.194 -0.075 -0.647 -0.765 -0.931 -1.044 -1.260 -1.313 -1.604 -1.619 -1.814
0.00031003 -1.70000 9.85000 0.9380697608 2.4589609855    0.928  2.343  3.6892  1.771    3  0.000  0.471     0.00     0.00     0.00     0.00     0.00 -1  -3.7e-10      0.00 7.419e-01 2.577e-01 5.232e-05 2.409e-05 1.485e-04 -1.000 3.436e-04 -1.087 2.883 4.084 2.203 0.751 0.181 0.226 0.113 -0.161 -0.741 -0.860 -1.028 -1.142 -1.360 -1.414 -1.707 -1.723 -1.919
0.00031003 -1.70000 9.85000 0.9381235838 2.4589740360    0.927  2.382  3.6872  1.724    3  0.000  0.471     0.00     0.00     0.00     0.00     0.00 -1 -4.27e-10      0.00 7.419e-01 2.577e-01 5.231e-05 2.409e-05 1.485e-04 -1.000 3.435e-04 -1.184 2.801 4.117 2.196 0.707 0.128 0.157 0.037 -0.241 -0.830 -0.949 -1.119 -1.234 -1.454 -1.508 -1.804 -1.820 -2.019
0.00031003 -1.70000 9.85000 0.9381745458 2.4589863912    0.926  2.421  3.6852  1.677    3  0.000  0.471     0.00     0.00     0.00     0.00     0.00 -1 -4.94e-10      0.00 7.419e-01 2.577e-01 5.231e-05 2.410e-05 1.485e-04 -1.000 3.435e-04 -1.281 2.718 4.141 2.196 0.667 0.080 0.090 -0.037 -0.322 -0.920 -1.040 -1.212 -1.328 -1.550 -1.604 -1.902 -1.918 -2.119
0.00031003 -1.70000 9.85000 0.9382216334 2.4589978058    0.926  2.459  3.6832  1.631    3  0.000  0.471     0.00     0.00     0.00     0.00     0.00 -1 -5.69e-10      0.00 7.419e-01 2.577e-01 5.231e-05 2.410e-05 1.485e-04 -1.000 3.435e-04 -1.377 2.638 4.147 2.219 0.650 0.051 0.035 -0.105 -0.397 -1.008 -1.131 -1.304 -1.422 -1.645 -1.700 -2.000 -2.017 -2.220
0.00031003 -1.70000 9.85000 0.9382655025 2.4590084389    0.925  2.497  3.6812  1.584    3  0.000  0.471     0.00     0.00     0.00     0.00     0.00 -1 -6.56e-10      0.00 7.419e-01 2.577e-01 5.231e-05 2.410e-05 1.485e-04 -1.000 3.436e-04 -1.472 2.558 4.156 2.247 0.636 0.025 -0.019 -0.170 -0.472 -1.096 -1.220 -1.396 -1.515 -1.740 -1.796 -2.098 -2.115 -2.320
0.00031003 -1.70000 9.85000 0.9383066297 2.4590184065    0.925  2.535  3.6791  1.538    3  0.000  0.471     6.52     5.18     3.70     2.84     2.30  4 -7.55e-10      0.00 7.419e-01 2.577e-01 5.231e-05 2.410e-05 1.485e-04 -1.000 3.436e-04 -1.567 2.478 4.171 2.281 0.625 0.002 -0.069 -0.233 -0.544 -1.183 -1.308 -1.487 -1.607 -1.835 -1.891 -2.195 -2.212 -2.420
0.00031003 -1.70000 9.85000 0.9383526444 2.4590295573    0.924  2.580  3.6766  1.482    3  0.000  0.471     7.33     5.73     4.07     3.13     2.54  3 -8.95e-10      0.00 7.419e-01 2.577e-01 5.231e-05 2.411e-05 1.485e-04 -1.000 3.434e-04 -1.681 2.384 4.199 2.336 0.622 -0.015 -0.123 -0.304 -0.628 -1.284 -1.413 -1.594 -1.716 -1.947 -2.004 -2.312 -2.329 -2.539
0.00031003 -1.70000 9.85000 0.9383869171 2.4590378619    0.923  2.617  3.6746  1.437    3  0.000  0.471     8.05     6.21     4.40     3.39     2.75  3 -1.02e-09      0.00 7.419e-01 2.578e-01 5.230e-05 2.411e-05 1.485e-04 -1.000 3.436e-04 -1.772 2.307 4.227 2.390 0.625 -0.022 -0.162 -0.357 -0.692 -1.365 -1.495 -1.680 -1.804 -2.037 -2.094 -2.405 -2.423 -2.635
0.00031003 -1.70000 9.85000 0.9384267330 2.4590475088    0.922  2.662  3.6720  1.381    3  0.000  0.471     9.05     6.87     4.85     3.74     3.03  3 -1.21e-09      0.00 7.419e-01 2.578e-01 5.230e-05 2.411e-05 1.485e-04 -1.000 3.436e-04 -1.885 2.213 4.269 2.466 0.636 -0.025 -0.204 -0.419 -0.769 -1.464 -1.597 -1.786 -1.912 -2.149 -2.207 -2.521 -2.539 -2.754
0.00031003 -1.70000 9.85000 0.9384624958 2.4590561729    0.921  2.706  3.6694  1.326    3  0.000  0.471    10.15     7.59     5.33     4.11     3.33  3 -1.43e-09      0.00 7.419e-01 2.578e-01 5.230e-05 2.411e-05 1.485e-04 -1.000 3.435e-04 -1.995 2.123 4.319 2.552 0.656 -0.018 -0.239 -0.474 -0.840 -1.559 -1.696 -1.888 -2.017 -2.257 -2.316 -2.634 -2.652 -2.870
0.00031003 -1.70000 9.85000 0.9384897947 2.4590627859    0.919  2.741  3.6673  1.282    3  0.000  0.471    11.13     8.21     5.75     4.44     3.60  3 -1.64e-09      0.00 7.419e-01 2.578e-01 5.230e-05 2.411e-05 1.485e-04 -1.000 3.435e-04 -2.083 2.050 4.363 2.628 0.676 -0.008 -0.263 -0.515 -0.895 -1.634 -1.773 -1.969 -2.100 -2.343 -2.403 -2.725 -2.743 -2.964
0.00031003 -1.70000 9.85000 0.9385198355 2.4590700626    0.918  2.783  3.6647  1.228    3  0.000  0.471    12.44     9.04     6.30     4.88     3.95  3 -1.92e-09      0.00 7.419e-01 2.578e-01 5.230e-05 2.412e-05 1.485e-04 -1.000 3.435e-04 -2.188 1.964 4.424 2.730 0.710 0.014 -0.285 -0.559 -0.956 -1.721 -1.864 -2.065 -2.198 -2.446 -2.506 -2.832 -2.851 -3.074
0.00031003 -1.70000 9.85000 0.9385479093 2.4590768624    0.917  2.825  3.6622  1.176    3  0.000  0.471    13.89     9.94     6.90     5.35     4.34  3 -2.24e-09      0.00 7.419e-01 2.578e-01 5.230e-05 2.412e-05 1.485e-04 -1.000 3.435e-04 -2.293 1.878 4.489 2.837 0.747 0.040 -0.302 -0.600 -1.015 -1.807 -1.954 -2.160 -2.296 -2.548 -2.609 -2.939 -2.958 -3.185
0.00031003 -1.70000 9.85000 0.9385738969 2.4590831565    0.915  2.867  3.6596  1.123    3  0.000  0.471    15.50    10.93     7.55     5.86     4.75  2 -2.63e-09      0.00 7.419e-01 2.578e-01 5.230e-05 2.412e-05 1.485e-04 -1.000 3.436e-04 -2.397 1.794 4.557 2.953 0.793 0.075 -0.312 -0.634 -1.069 -1.891 -2.042 -2.252 -2.392 -2.648 -2.710 -3.045 -3.064 -3.294
0.00031003 -1.70000 9.85000 0.9385971427 2.4590887862    0.913  2.907  3.6571  1.072    3  0.000  0.471    17.24    11.97     8.24     6.41     5.20  2 -3.05e-09      0.00 7.419e-01 2.578e-01 5.230e-05 2.412e-05 1.485e-04 -1.000 3.436e-04 -2.497 1.712 4.619 3.053 0.829 0.103 -0.322 -0.666 -1.120 -1.968 -2.123 -2.339 -2.481 -2.742 -2.805 -3.144 -3.164 -3.398
0.00031003 -1.70000 9.85000 0.9386195540 2.4590942135    0.912  2.948  3.6544  1.020    3  0.000  0.471    19.23    13.16     9.01     7.02     5.70  2 -3.57e-09      0.00 7.419e-01 2.578e-01 5.229e-05 2.412e-05 1.485e-04 -1.000 3.435e-04 -2.600 1.626 4.691 3.121 0.836 0.103 -0.350 -0.710 -1.179 -2.048 -2.206 -2.426 -2.570 -2.836 -2.900 -3.244 -3.264 -3.502
0.00031003 -1.70000 9.85000 0.9386394024 2.4590990199    0.910  2.986  3.6519  0.970    3  0.000  0.471    21.33    14.39     9.81     7.65     6.21  2 -4.13e-09      0.00 7.419e-01 2.578e-01 5.229e-05 2.412e-05 1.485e-04 -1.000 3.435e-04 -2.696 1.545 4.757 3.187 0.846 0.107 -0.371 -0.747 -1.230 -2.122 -2.283 -2.508 -2.654 -2.924 -2.990 -3.339 -3.359 -3.601
0.00031003 -1.70000 9.85000 0.9386577010 2.4591034508    0.908  3.024  3.6494  0.921    3  0.000  0.471    23.63    15.71    10.67     8.34     6.77  2 -4.78e-09      0.00 7.419e-01 2.578e-01 5.229e-05 2.412e-05 1.485e-04 -1.000 3.435e-04 -2.791 1.466 4.820 3.258 0.862 0.116 -0.384 -0.776 -1.276 -2.191 -2.356 -2.586 -2.735 -3.010 -3.077 -3.431 -3.452 -3.698
0.00031003 -1.70000 9.85000 0.9386756420 2.4591077949    0.905  3.064  3.6467  0.870    3  0.000  0.471    26.28    17.22    11.65     9.11     7.40  2 -5.56e-09      0.00 7.419e-01 2.578e-01 5.229e-05 2.412e-05 1.485e-04 -1.000 3.436e-04 -2.889 1.385 4.877 3.332 0.878 0.126 -0.397 -0.807 -1.323 -2.262 -2.430 -2.666 -2.817 -3.097 -3.165 -3.526 -3.547 -3.797
0.00031003 -1.70000 9.85000 0.9386909604 2.4591115038    0.903  3.099  3.6443  0.823    3  0.000  0.471    28.97    18.72    12.61     9.88     8.02  2 -6.37e-09      0.00 7.419e-01 2.578e-01 5.229e-05 2.413e-05 1.485e-04 -1.000 3.435e-04 -2.978 1.311 4.927 3.397 0.893 0.135 -0.410 -0.835 -1.365 -2.327 -2.498 -2.739 -2.892 -3.177 -3.247 -3.612 -3.634 -3.887
0.00031003 -1.70000 9.85000 0.9387061596 2.4591151837    0.900  3.137  3.6417  0.775    3  0.000  0.471    32.07    20.43    13.71    10.76     8.74  2 -7.36e-09      0.00 7.419e-01 2.578e-01 5.229e-05 2.413e-05 1.485e-04 -1.000 3.435e-04 -3.072 1.234 4.982 3.469 0.910 0.146 -0.421 -0.862 -1.409 -2.393 -2.568 -2.814 -2.970 -3.260 -3.331 -3.701 -3.724 -3.982
0.00031003 -1.70000 9.85000 0.9387206435 2.4591186904    0.897  3.174  3.6392  0.725    3  0.000  0.471    35.54    22.31    14.91    11.72     9.52  1  -8.5e-09      0.00 7.419e-01 2.578e-01 5.229e-05 2.413e-05 1.485e-04 -1.000 3.435e-04 -3.165 1.157 5.028 3.541 0.928 0.158 -0.430 -0.888 -1.450 -2.459 -2.637 -2.889 -3.047 -3.342 -3.414 -3.791 -3.813 -4.076
0.00031003 -1.70000 9.85000 0.9387334585 2.4591217928    0.894  3.209  3.6368  0.680    3  0.000  0.471    39.07    24.20    16.12    12.68    10.30  1 -9.71e-09      0.00 7.419e-01 2.578e-01 5.229e-05 2.413e-05 1.485e-04 -1.000 3.436e-04 -3.251 1.086 5.056 3.606 0.944 0.170 -0.434 -0.906 -1.484 -2.517 -2.698 -2.956 -3.115 -3.416 -3.490 -3.872 -3.895 -4.162
0.00031003 -1.70000 9.85000 0.9387459755 2.4591248231    0.891  3.243  3.6344  0.634    3  0.000  0.471    43.00    26.27    17.43    13.73    11.16  1 -1.11e-08      0.00 7.419e-01 2.578e-01 5.229e-05 2.413e-05 1.485e-04 -1.000 3.436e-04 -3.338 1.015 5.082 3.672 0.961 0.183 -0.435 -0.923 -1.517 -2.574 -2.759 -3.022 -3.184 -3.490 -3.565 -3.953 -3.977 -4.248
0.00031003 -1.70000 9.85000 0.9387570024 2.4591274925    0.887  3.273  3.6323  0.594    3  0.000  0.471    46.68    28.20    18.65    14.70    11.95  1 -1.25e-08      0.00 7.419e-01 2.578e-01 5.229e-05 2.413e-05 1.485e-04 -1.000 3.435e-04 -3.412 0.955 5.105 3.731 0.977 0.195 -0.435 -0.936 -1.544 -2.622 -2.810 -3.079 -3.243 -3.553 -3.630 -4.023 -4.047 -4.321
0.00031003 -1.70000 9.85000 0.9387570024 2.4591274925    0.887  1.798  3.7541  2.556    4  0.000  0.493     0.00     0.00     0.00     0.00     0.00 -1    -1e-30      0.00 7.416e-01 2.580e-01 5.544e-05 2.143e-05 1.502e-04 -1.000 3.434e-04 0.275 3.531 2.826 1.846 1.138 0.788 1.000 0.995 0.829 0.450 0.362 0.242 0.155 -0.009 -0.047 -0.268 -0.277 -0.411
0.00031003 -1.70000 9.85000 0.9388508201 2.4591502012    0.887  1.816  3.7515  2.528    4  0.000  0.493     0.00     0.00     0.00     0.00     0.00 -1    -1e-30      0.00 7.416e-01 2.581e-01 5.544e-05 2.144e-05 1.502e-04 -1.000 3.435e-04 0.230 3.523 2.842 1.839 1.113 0.756 0.971 0.965 0.797 0.411 0.322 0.200 0.112 -0.054 -0.093 -0.316 -0.326 -0.462
0.00031003 -1.70000 9.85000 0.9389444590 2.4591728614    0.888  1.819  3.7511  2.524    4  0.000  0.493     0.00     0.00     0.00     0.00     0.00 -1    -1e-30      0.00 7.416e-01 2.581e-01 5.543e-05 2.144e-05 1.502e-04 -1.000 3.435e-04 0.222 3.520 2.843 1.837 1.108 0.750 0.965 0.959 0.790 0.404 0.314 0.192 0.104 -0.062 -0.101 -0.325 -0.335 -0.471
0.00031003 -1.70000 9.85000 0.9390372634 2.4591953145    0.888  1.821  3.7511  2.521    4  0.000  0.493     0.00     0.00     0.00     0.00     0.00 -1    -1e-30      0.00 7.416e-01 2.581e-01 5.543e-05 2.145e-05 1.502e-04 -1.000 3.435e-04 0.216 3.516 2.839 1.832 1.103 0.745 0.960 0.954 0.785 0.399 0.309 0.187 0.098 -0.068 -0.107 -0.331 -0.340 -0.477
0.00031003 -1.70000 9.85000 0.9391338825 2.4592186852    0.888  1.823  3.7513  2.520    4  0.000  0.493     0.00     0.00     0.00     0.00     0.00 -1    -1e-30      0.00 7.416e-01 2.581e-01 5.542e-05 2.145e-05 1.502e-04 -1.000 3.435e-04 0.212 3.509 2.830 1.826 1.098 0.740 0.955 0.949 0.780 0.394 0.304 0.182 0.094 -0.072 -0.111 -0.335 -0.344 -0.481
0.00031003 -1.70000 9.85000 0.9392306805 2.4592420936    0.888  1.824  3.7517  2.521    4  0.000  0.493     0.00     0.00     0.00     0.00     0.00 -1    -1e-30      0.00 7.416e-01 2.581e-01 5.542e-05 2.146e-05 1.502e-04 -1.000 3.434e-04 0.209 3.500 2.818 1.817 1.092 0.736 0.949 0.943 0.775 0.390 0.300 0.179 0.090 -0.075 -0.114 -0.337 -0.347 -0.483
0.00031003 -1.70000 9.85000 0.9393270016 2.4592653811    0.888  1.825  3.7523  2.523    4  0.000  0.493     0.00     0.00     0.00     0.00     0.00 -1    -1e-30      0.00 7.416e-01 2.581e-01 5.541e-05 2.147e-05 1.502e-04 -1.000 3.434e-04 0.207 3.490 2.803 1.807 1.086 0.731 0.943 0.937 0.770 0.387 0.298 0.176 0.088 -0.077 -0.115 -0.338 -0.347 -0.483
0.00031003 -1.70000 9.85000 0.9394218922 2.4592883174    0.888  1.825  3.7531  2.525    4  0.000  0.493     0.00     0.00     0.00     0.00     0.00 -1    -1e-30      0.00 7.416e-01 2.581e-01 5.541e-05 2.147e-05 1.502e-04 -1.000 3.435e-04 0.206 3.478 2.785 1.796 1.080 0.728 0.937 0.932 0.765 0.384 0.295 0.175 0.087 -0.078 -0.116 -0.338 -0.347 -0.482
0.00031003 -1.70000 9.85000 0.9395172596 2.4593113637    0.888  1.826  3.7539  2.529    4  0.000  0.493     0.00     0.00     0.00     0.00     0.00 -1    -1e-30      0.00 7.416e-01 2.581e-01 5.541e-05 2.148e-05 1.502e-04 -1.000 3.434e-04 0.206 3.466 2.765 1.784 1.074 0.724 0.931 0.926 0.761 0.382 0.293 0.173 0.086 -0.078 -0.116 -0.337 -0.346 -0.481
0.00031003 -1.70000 9.85000 0.9396175742 2.4593355996    0.888  1.826  3.7549  2.532    4  0.000  0.493     0.00     0.00     0.00     0.00     0.00 -1    -1e-30      0.00 7.416e-01 2.581e-01 5.540e-05 2.148e-05 1.502e-04 -1.000 3.435e-04 0.206 3.453 2.743 1.771 1.067 0.719 0.925 0.920 0.756 0.379 0.291 0.172 0.085 -0.078 -0.116 -0.336 -0.345 -0.479
0.00031003 -1.70000 9.85000 0.9397141337 2.4593589227    0.888  1.826  3.7558  2.536    4  0.000  0.493     0.00     0.00     0.00     0.00     0.00 -1    -1e-30      0.00 7.415e-01 2.581e-01 5.540e-05 2.149e-05 1.502e-04 -1.000 3.435e-04 0.205 3.440 2.723 1.758 1.061 0.715 0.919 0.915 0.751 0.377 0.289 0.171 0.084 -0.078 -0.116 -0.335 -0.344 -0.477
0.00031003 -1.70000 9.85000 0.9398037791 2.4593805708    0.888  1.826  3.7566  2.539    4  0.000  0.493     0.00     0.00     0.00     0.00     0.00 -1    -1e-30      0.00 7.415e-01 2.581e-01 5.539e-05 2.150e-05 1.502e-04 -1.000 3.434e-04 0.205 3.428 2.704 1.747 1.055 0.712 0.913 0.909 0.747 0.375 0.288 0.169 0.083 -0.079 -0.116 -0.334 -0.343 -0.475
0.00031003 -1.70000 9.85000 0.9398935437 2.4594022429    0.889  1.826  3.7574  2.542    4  0.000  0.493     0.00     0.00     0.00     0.00     0.00 -1    -1e-30      0.00 7.415e-01 2.581e-01 5.539e-05 2.150e-05 1.502e-04 -1.000 3.435e-04 0.205 3.417 2.685 1.735 1.049 0.708 0.907 0.904 0.742 0.372 0.286 0.168 0.082 -0.079 -0.116 -0.333 -0.342 -0.473
0.00031003 -1.70000 9.85000 0.9399901032 2.4594255502    0.889  1.826  3.7582  2.545    4  0.000  0.493     0.00     0.00     0.00     0.00     0.00 -1    -1e-30      0.00 7.415e-01 2.581e-01 5.538e-05 2.151e-05 1.502e-04 -1.000 3.434e-04 0.204 3.405 2.667 1.724 1.042 0.704 0.902 0.899 0.738 0.370 0.284 0.167 0.081 -0.079 -0.116 -0.333 -0.342 -0.472
0.00031003 -1.70000 9.85000 0.9400862455 2.4594487514    0.889  1.827  3.7589  2.548    4  0.000  0.493     0.00     0.00     0.00     0.00     0.00 -1    -1e-30      0.00 7.415e-01 2.581e-01 5.538e-05 2.151e-05 1.502e-04 -1.000 3.434e-04 0.203 3.395 2.650 1.714 1.037 0.700 0.896 0.894 0.734 0.367 0.281 0.165 0.079 -0.080 -0.117 -0.333 -0.342 -0.471
0.00031003 -1.70000 9.85000 0.9401080012 2.4594540007    0.889  1.827  3.7590  2.548    4  0.000  0.493     0.00     0.00     0.00     0.00     0.00 -1    -1e-30      0.00 7.415e-01 2.581e-01 5.538e-05 2.152e-05 1.502e-04 -1.000 3.435e-04 0.203 3.393 2.647 1.711 1.035 0.699 0.895 0.892 0.733 0.367 0.281 0.165 0.079 -0.081 -0.117 -0.333 -0.342 -0.471
0.00031003 -1.70000 9.85000 0.9401189685 2.4594566469    0.889  1.827  3.7591  2.548    4  0.000  0.493     0.00     0.00     0.00     0.00     0.00 -1    -1e-30      0.00 7.415e-01 2.581e-01 5.538e-05 2.152e-05 1.502e-04 -1.000 3.435e-04 0.202 3.392 2.645 1.710 1.035 0.698 0.895 0.892 0.732 0.367 0.281 0.164 0.079 -0.081 -0.117 -0.333 -0.342 -0.471
0.00031003 -1.70000 9.85000 0.9402225614 2.4594816379    0.889  1.828  3.7596  2.550    4  0.000  0.493     0.00     0.00     0.00     0.00     0.00 -1    -1e-30      0.00 7.415e-01 2.581e-01 5.537e-05 2.152e-05 1.502e-04 -1.000 3.434e-04 0.201 3.383 2.632 1.702 1.030 0.695 0.890 0.887 0.728 0.364 0.278 0.162 0.077 -0.082 -0.119 -0.334 -0.343 -0.472
0.00031003 -1.70000 9.85000 0.9403206706 2.4595053002    0.889  1.828  3.7600  2.550    4  0.000  0.492     0.00     0.00     0.00     0.00     0.00 -1    -1e-30      0.00 7.415e-01 2.582e-01 5.537e-05 2.153e-05 1.502e-04 -1.000 3.435e-04 0.199 3.376 2.622 1.695 1.025 0.691 0.885 0.883 0.724 0.361 0.275 0.160 0.075 -0.084 -0.121 -0.335 -0.344 -0.473
0.00031003 -1.70000 9.85000 0.9404156208 2.4595281952    0.889  1.829  3.7601  2.550    4  0.000  0.492     0.00     0.00     0.00     0.00     0.00 -1    -1e-30      0.00 7.415e-01 2.582e-01 5.536e-05 2.153e-05 1.502e-04 -1.000 3.435e-04 0.196 3.371 2.616 1.691 1.022 0.688 0.882 0.880 0.721 0.358 0.273 0.157 0.072 -0.087 -0.123 -0.337 -0.346 -0.475
0.00031003 -1.70000 9.85000 0.9405112863 2.4595512573    0.889  1.831  3.7601  2.549    4  0.000  0.492     0.00     0.00     0.00     0.00     0.00 -1    -1e-30      0.00 7.415e-01 2.582e-01 5.536e-05 2.154e-05 1.502e-04 -1.000 3.435e-04 0.193 3.369 2.614 1.688 1.019 0.686 0.879 0.876 0.718 0.355 0.270 0.154 0.069 -0.090 -0.126 -0.340 -0.349 -0.478
0.00031003 -1.70000 9.85000 0.9406085610 2.4595747018    0.889  1.832  3.7599  2.547    4  0.000  0.492     0.00     0.00     0.00     0.00     0.00 -1    -1e-30      0.00 7.415e-01 2.582e-01 5.535e-05 2.155e-05 1.502e-04 -1.000 3.435e-04 0.190 3.368 2.615 1.687 1.017 0.683 0.876 0.874 0.715 0.352 0.266 0.150 0.065 -0.093 -0.130 -0.345 -0.353 -0.482
0.00031003 -1.70000 9.85000 0.9407062531 2.4595982412    0.889  1.834  3.7595  2.543    4  0.000  0.492     0.00     0.00     0.00     0.00     0.00 -1    -1e-30      0.00 7.415e-01 2.582e-01 5.535e-05 2.155e-05 1.502e-04 -1.000 3.435e-04 0.185 3.369 2.620 1.688 1.015 0.680 0.874 0.872 0.712 0.348 0.262 0.146 0.061 -0.098 -0.135 -0.350 -0.359 -0.488
0.00031003 -1.70000 9.85000 0.9407846332 2.4596171233    0.890  1.836  3.7590  2.539    4  0.000  0.492     0.00     0.00     0.00     0.00     0.00 -1    -1e-30      0.00 7.415e-01 2.582e-01 5.535e-05 2.156e-05 1.502e-04 -1.000 3.434e-04 0.181 3.371 2.627 1.691 1.015 0.678 0.873 0.870 0.710 0.345 0.259 0.142 0.057 -0.103 -0.139 -0.355 -0.364 -0.494
0.00031003 -1.70000 9.85000 0.9408020973 2.4596213300    0.890  1.836  3.7589  2.539    4  0.000  0.492     0.00     0.00     0.00     0.00     0.00 -1    -1e-30      0.00 7.415e-01 2.582e-01 5.535e-05 2.156e-05 1.502e-04 -1.000 3.435e-04 0.179 3.372 2.628 1.691 1.014 0.678 0.872 0.869 0.710 0.344 0.258 0.141 0.056 -0.104 -0.141 -0.356 -0.365 -0.495
0.00031003 -1.70000 9.85000 0.9408927560 2.4596431646    0.890  1.838  3.7583  2.534    4  0.000  0.492     0.00     0.00     0.00     0.00     0.00 -1    -1e-30      0.00 7.415e-01 2.582e-01 5.534e-05 2.156e-05 1.502e-04 -1.000 3.434e-04 0.174 3.376 2.638 1.695 1.014 0.675 0.871 0.868 0.707 0.340 0.253 0.136 0.051 -0.110 -0.146 -0.363 -0.372 -0.502
0.00031003 -1.70000 9.85000 0.9409798384 2.4596641333    0.890  1.841  3.7575  2.528    4  0.000  0.492     0.00     0.00     0.00     0.00     0.00 -1    -1e-30      0.00 7.415e-01 2.582e-01 5.534e-05 2.157e-05 1.502e-04 -1.000 3.435e-04 0.167 3.380 2.649 1.700 1.013 0.673 0.870 0.866 0.704 0.335 0.248 0.131 0.045 -0.116 -0.153 -0.370 -0.379 -0.510
0.00031003 -1.70000 9.85000 0.9410659075 2.4596848536    0.890  1.844  3.7566  2.522    4  0.000  0.492     0.00     0.00     0.00     0.00     0.00 -1    -1e-30      0.00 7.415e-01 2.582e-01 5.533e-05 2.158e-05 1.502e-04 -1.000 3.435e-04 0.160 3.385 2.663 1.705 1.013 0.670 0.868 0.864 0.702 0.330 0.243 0.125 0.038 -0.123 -0.161 -0.379 -0.388 -0.520
0.00031003 -1.70000 9.85000 0.9411527514 2.4597057561    0.890  1.847  3.7554  2.514    4  0.000  0.492     0.00     0.00     0.00     0.00     0.00 -1    -1e-30      0.00 7.414e-01 2.582e-01 5.533e-05 2.158e-05 1.502e-04 -1.000 3.434e-04 0.152 3.393 2.681 1.713 1.013 0.666 0.867 0.862 0.699 0.324 0.236 0.117 0.030 -0.132 -0.170 -0.389 -0.398 -0.531
0.00031003 -1.70000 9.85000 0.9412408471 2.4597269552    0.890  1.851  3.7540  2.504    4  0.000  0.492     0.00     0.00     0.00     0.00     0.00 -1    -1e-30      0.00 7.414e-01 2.582e-01 5.533e-05 2.159e-05 1.502e-04 -1.000 3.435e-04 0.142 3.402 2.703 1.722 1.013 0.662 0.866 0.860 0.695 0.317 0.228 0.109 0.021 -0.143 -0.180 -0.401 -0.411 -0.545
0.00031003 -1.70000 9.85000 0.9413276315 2.4597478344    0.890  1.856  3.7526  2.494    4  0.000  0.492     0.00     0.00     0.00     0.00     0.00 -1    -1e-30      0.00 7.414e-01 2.582e-01 5.532e-05 2.159e-05 1.502e-04 -1.000 3.435e-04 0.130 3.411 2.725 1.732 1.012 0.658 0.863 0.857 0.690 0.308 0.219 0.098 0.010 -0.154 -0.193 -0.415 -0.424 -0.560
0.00031003 -1.70000 9.85000 0.9414146543 2.4597687665    0.890  1.861  3.7512  2.483    4  0.000  0.492     0.00     0.00     0.00     0.00     0.00 -1    -1e-30      0.00 7.414e-01 2.582e-01 5.532e-05 2.160e-05 1.502e-04 -1.000 3.434e-04 0.118 3.420 2.748 1.741 1.011 0.652 0.860 0.853 0.685 0.299 0.209 0.087 -0.001 -0.167 -0.206 -0.430 -0.439 -0.576
0.00031003 -1.70000 9.85000 0.9415022731 2.4597898375    0.890  1.866  3.7497  2.472    4  0.000  0.492     0.00     0.00     0.00     0.00     0.00 -1    -1e-30      0.00 7.414e-01 2.582e-01 5.531e-05 2.160e-05 1.502e-04 -1.000 3.435e-04 0.104 3.428 2.771 1.750 1.009 0.646 0.856 0.848 0.678 0.289 0.198 0.075 -0.014 -0.181 -0.220 -0.445 -0.455 -0.593
0.00031003 -1.70000 9.85000 0.9415888190 2.4598106460    0.890  1.872  3.7482  2.460    4  0.000  0.492     0.00     0.00     0.00     0.00     0.00 -1    -1e-30      0.00 7.414e-01 2.582e-01 5.531e-05 2.161e-05 1.502e-04 -1.000 3.436e-04 0.089 3.433 2.796 1.761 1.008 0.641 0.851 0.842 0.670 0.277 0.186 0.062 -0.028 -0.196 -0.236 -0.463 -0.473 -0.612
0.00031003 -1.70000 9.85000 0.9416761994 2.4598316507    0.891  1.875  3.7475  2.455    4  0.000  0.492     0.00     0.00     0.00     0.00     0.00 -1    -1e-30      0.00 7.414e-01 2.582e-01 5.531e-05 2.161e-05 1.502e-04 -1.000 3.435e-04 0.083 3.436 2.809 1.767 1.008 0.639 0.850 0.841 0.667 0.272 0.181 0.057 -0.034 -0.203 -0.242 -0.470 -0.480 -0.620
0.00031003 -1.70000 9.85000 0.9417635798 2.4598526509    0.891  1.885  3.7449  2.434    4  0.000  0.492     0.00     0.00     0.00     0.00     0.00 -1    -1e-30      0.00 7.414e-01 2.582e-01 5.530e-05 2.162e-05 1.502e-04 -1.000 3.435e-04 0.057 3.445 2.851 1.784 1.005 0.628 0.841 0.830 0.653 0.251 0.159 0.032 -0.059 -0.230 -0.270 -0.501 -0.511 -0.653
0.00031003 -1.70000 9.85000 0.9418514371 2.4598737612    0.891  1.903  3.7412  2.402    4  0.000  0.492     0.00     0.00     0.00     0.00     0.00 -1    -1e-30      0.00 7.414e-01 2.583e-01 5.530e-05 2.162e-05 1.502e-04 -1.000 3.435e-04 0.014 3.451 2.906 1.803 0.995 0.607 0.822 0.808 0.628 0.216 0.122 -0.007 -0.100 -0.274 -0.315 -0.549 -0.560 -0.705
0.00031003 -1.70000 9.85000 0.9419354796 2.4598939507    0.891  1.935  3.7351  2.345    4  0.000  0.492     0.00     0.00     0.00     0.00     0.00 -1    -1e-30      0.00 7.414e-01 2.583e-01 5.529e-05 2.163e-05 1.502e-04 -1.000 3.435e-04 -0.068 3.451 3.027 1.854 0.987 0.580 0.786 0.765 0.576 0.147 0.050 -0.083 -0.178 -0.357 -0.399 -0.640 -0.651 -0.802
0.00031003 -1.70000 9.85000 0.9419734478 2.4599030704    0.891  1.967  3.7301  2.294    4  0.000  0.492     0.00     0.00     0.00     0.00     0.00 -1    -1e-30      0.00 7.414e-01 2.583e-01 5.529e-05 2.163e-05 1.502e-04 -1.000 3.434e-04 -0.147 3.438 3.121 1.887 0.971 0.547 0.745 0.717 0.521 0.078 -0.021 -0.157 -0.254 -0.437 -0.480 -0.727 -0.738 -0.894
0.00031003 -1.70000 9.85000 0.9419898987 2.4599070215    0.891  2.002  3.7253  2.239    4  0.000  0.492     0.00     0.00     0.00     0.00     0.00 -1    -1e-30      0.00 7.414e-01 2.583e-01 5.529e-05 2.163e-05 1.502e-04 -1.000 3.435e-04 -0.235 3.406 3.218 1.920 0.952 0.511 0.697 0.661 0.458 0.001 -0.100 -0.240 -0.339 -0.526 -0.570 -0.822 -0.834 -0.994
0.00031003 -1.70000 9.85000 0.9419962764 2.4599085533    0.891  2.037  3.7212  2.187    4  0.000  0.492     0.00     0.00     0.00     0.00     0.00 -1    -1e-30      0.00 7.414e-01 2.583e-01 5.529e-05 2.163e-05 1.502e-04 -1.000 3.435e-04 -0.324 3.365 3.289 1.936 0.923 0.468 0.644 0.602 0.392 -0.078 -0.181 -0.323 -0.424 -0.614 -0.659 -0.915 -0.927 -1.091
0.00031003 -1.70000 9.85000 0.9419991970 2.4599092547    0.891  2.069  3.7181  2.143    4  0.000  0.492     0.00     0.00     0.00     0.00     0.00 -1    -1e-30      0.00 7.414e-01 2.583e-01 5.529e-05 2.163e-05 1.502e-04 -1.000 3.435e-04 -0.404 3.319 3.340 1.942 0.892 0.426 0.593 0.545 0.329 -0.150 -0.254 -0.399 -0.501 -0.694 -0.740 -0.999 -1.012 -1.179
0.00031003 -1.70000 9.85000 0.9419996142 2.4599093549    0.891  2.075  3.7175  2.135    7  0.000  0.492     0.00     0.00     0.00     0.00     0.00 -1    -1e-30      0.00 7.414e-01 2.583e-01 5.529e-05 2.163e-05 1.502e-04 -1.000 3.434e-04 -0.418 3.310 3.349 1.943 0.887 0.419 0.584 0.535 0.318 -0.162 -0.267 -0.412 -0.514 -0.708 -0.754 -1.014 -1.027 -1.194
0.00031003 -1.70000 9.85000 0.9420004487 2.4599095553    0.891  2.091  3.7161  2.113    7  0.000  0.492     0.00     0.00     0.00     0.00     0.00 -1    -1e-30      0.00 7.414e-01 2.583e-01 5.529e-05 2.163e-05 1.502e-04 -1.000 3.435e-04 -0.459 3.283 3.367 1.941 0.869 0.396 0.556 0.504 0.286 -0.200 -0.305 -0.451 -0.554 -0.748 -0.795 -1.056 -1.069 -1.238
0.00031003 -1.70000 9.85000 0.9420021772 2.4599099704    0.891  2.130  3.7131  2.062    7  0.000  0.492     0.00     0.00     0.00     0.00     0.00 -1    -1e-30      0.00 7.414e-01 2.583e-01 5.529e-05 2.163e-05 1.502e-04 -1.000 3.435e-04 -0.555 3.217 3.402 1.932 0.822 0.340 0.488 0.431 0.207 -0.288 -0.394 -0.543 -0.647 -0.844 -0.891 -1.156 -1.169 -1.341
0.00031003 -1.70000 9.85000 0.9420037866 2.4599103570    0.891  2.166  3.7104  2.015    7  0.000  0.492     0.00     0.00     0.00     0.00     0.00 -1    -1e-30      0.00 7.414e-01 2.583e-01 5.529e-05 2.163e-05 1.502e-04 -1.000 3.435e-04 -0.646 3.153 3.427 1.917 0.775 0.283 0.422 0.360 0.132 -0.372 -0.480 -0.630 -0.735 -0.934 -0.982 -1.250 -1.264 -1.438
0.00031003 -1.70000 9.85000 0.9420053959 2.4599107435    0.891  2.201  3.7081  1.972    7  0.000  0.492     0.00     0.00     0.00     0.00     0.00 -1    -1e-30      0.00 7.414e-01 2.583e-01 5.529e-05 2.163e-05 1.502e-04 -1.000 3.435e-04 -0.731 3.090 3.465 1.913 0.737 0.236 0.362 0.295 0.061 -0.450 -0.559 -0.712 -0.818 -1.019 -1.067 -1.338 -1.352 -1.528
0.00031003 -1.70000 9.85000 0.9420076609 2.4599112874    0.891  2.231  3.7062  1.934    7  0.000  0.492     0.00     0.00     0.00     0.00     0.00 -1    -1e-30      0.00 7.414e-01 2.583e-01 5.529e-05 2.163e-05 1.502e-04 -1.000 3.435e-04 -0.807 3.033 3.498 1.910 0.703 0.194 0.309 0.236 -0.001 -0.520 -0.630 -0.784 -0.891 -1.093 -1.142 -1.415 -1.429 -1.608
0.00031003 -1.70000 9.85000 0.9420120120 2.4599123324    0.891  2.218  3.7072  1.950    7  0.000  0.492     0.00     0.00     0.00     0.00     0.00 -1    -1e-30      0.00 7.414e-01 2.583e-01 5.529e-05 2.163e-05 1.502e-04 -1.000 3.435e-04 -0.776 3.054 3.472 1.904 0.713 0.207 0.328 0.258 0.023 -0.492 -0.602 -0.755 -0.861 -1.063 -1.112 -1.384 -1.397 -1.575
0.00031003 -1.70000 9.85000 0.9420166016 2.4599134346    0.891  2.200  3.7084  1.973    7  0.000  0.492     0.00     0.00     0.00     0.00     0.00 -1    -1e-30      0.00 7.414e-01 2.583e-01 5.529e-05 2.163e-05 1.502e-04 -1.000 3.435e-04 -0.731 3.087 3.450 1.904 0.732 0.231 0.359 0.292 0.059 -0.451 -0.560 -0.712 -0.818 -1.019 -1.067 -1.338 -1.351 -1.528
0.00031003 -1.70000 9.85000 0.9420469403 2.4599207204    0.891  2.195  3.7085  1.979    7  0.000  0.492     0.00     0.00     0.00     0.00     0.00 -1    -1e-30      0.00 7.414e-01 2.583e-01 5.529e-05 2.164e-05 1.502e-04 -1.000 3.435e-04 -0.719 3.099 3.454 1.910 0.741 0.241 0.370 0.303 0.071 -0.439 -0.548 -0.700 -0.806 -1.006 -1.055 -1.325 -1.339 -1.515
0.00031003 -1.70000 9.85000 0.9420804381 2.4599287642    0.891  2.222  3.7065  1.944    7  0.000  0.492     0.00     0.00     0.00     0.00     0.00 -1    -1e-30      0.00 7.414e-01 2.583e-01 5.529e-05 2.164e-05 1.502e-04 -1.000 3.435e-04 -0.785 3.051 3.497 1.916 0.716 0.208 0.327 0.255 0.019 -0.499 -0.609 -0.762 -0.869 -1.072 -1.120 -1.393 -1.407 -1.585
0.00031003 -1.70000 9.85000 0.9421089292 2.4599356052    0.891  2.260  3.7039  1.896    7  0.000  0.492     0.00     0.00     0.00     0.00     0.00 -1    -1e-30      0.00 7.414e-01 2.583e-01 5.528e-05 2.164e-05 1.502e-04 -1.000 3.435e-04 -0.879 2.982 3.549 1.919 0.677 0.159 0.262 0.184 -0.058 -0.585 -0.696 -0.852 -0.960 -1.165 -1.215 -1.490 -1.504 -1.685
0.00031003 -1.70000 9.85000 0.9421405792 2.4599432042    0.891  2.306  3.7007  1.837    7  0.000  0.492     0.00     0.00     0.00     0.00     0.00 -1    -1e-30      0.00 7.414e-01 2.583e-01 5.528e-05 2.164e-05 1.502e-04 -1.000 3.435e-04 -0.995 2.895 3.610 1.921 0.629 0.097 0.182 0.096 -0.153 -0.691 -0.804 -0.963 -1.072 -1.280 -1.330 -1.609 -1.624 -1.808
0.00031003 -1.70000 9.85000 0.9421697259 2.4599502016    0.891  2.351  3.6977  1.780    7  0.000  0.492     0.00     0.00     0.00     0.00     0.00 -1    -1e-30      0.00 7.414e-01 2.583e-01 5.528e-05 2.164e-05 1.502e-04 -1.000 3.434e-04 -1.108 2.806 3.671 1.926 0.583 0.039 0.106 0.011 -0.244 -0.794 -0.908 -1.070 -1.180 -1.391 -1.442 -1.725 -1.739 -1.927
0.00031003 -1.70000 9.85000 0.9421957731 2.4599564545    0.891  2.394  3.6950  1.725    7  0.000  0.492     0.00     0.00     0.00     0.00     0.00 -1    -1e-30      0.00 7.414e-01 2.583e-01 5.528e-05 2.165e-05 1.502e-04 -1.000 3.434e-04 -1.216 2.721 3.728 1.930 0.539 -0.015 0.033 -0.069 -0.331 -0.892 -1.008 -1.171 -1.283 -1.496 -1.548 -1.834 -1.850 -2.040
0.00031003 -1.70000 9.85000 0.9422186017 2.4599619344    0.891  2.436  3.6922  1.672    7  0.000  0.491     0.00     0.00     0.00     0.00     0.00 -1    -1e-30      0.00 7.414e-01 2.583e-01 5.527e-05 2.165e-05 1.502e-04 -1.000 3.435e-04 -1.321 2.637 3.784 1.934 0.497 -0.069 -0.037 -0.148 -0.416 -0.987 -1.105 -1.271 -1.384 -1.599 -1.652 -1.941 -1.957 -2.150
0.00031003 -1.70000 9.85000 0.9422386289 2.4599667415    0.891  2.478  3.6896  1.621    7  0.000  0.491     0.00     0.00     0.00     0.00     0.00 -1    -1e-30      0.00 7.414e-01 2.583e-01 5.522e-05 2.167e-05 1.502e-04 -1.000 3.435e-04 -1.424 2.553 3.839 1.939 0.456 -0.121 -0.106 -0.224 -0.498 -1.081 -1.200 -1.368 -1.482 -1.700 -1.753 -2.046 -2.062 -2.258
0.00031003 -1.70000 9.85000 0.9422565699 2.4599710478    0.891  2.519  3.6870  1.569    7  0.000  0.489     6.02     4.85     3.47     2.67     2.16  4    -1e-30      0.00 7.414e-01 2.583e-01 5.503e-05 2.179e-05 1.502e-04 -1.000 3.435e-04 -1.527 2.469 3.899 1.951 0.418 -0.168 -0.172 -0.299 -0.580 -1.173 -1.293 -1.463 -1.579 -1.799 -1.853 -2.149 -2.165 -2.365
0.00031003 -1.70000 9.85000 0.9422726631 2.4599749103    0.891  2.560  3.6843  1.517    7  0.000  0.484     6.71     5.32     3.79     2.92     2.36  3    -1e-30      0.00 7.413e-01 2.583e-01 5.453e-05 2.224e-05 1.502e-04 -1.000 3.434e-04 -1.630 2.385 3.940 1.982 0.400 -0.199 -0.229 -0.368 -0.658 -1.265 -1.387 -1.560 -1.677 -1.900 -1.955 -2.254 -2.270 -2.472
0.00031003 -1.70000 9.85000 0.9422873855 2.4599784437    0.891  2.601  3.6817  1.466    7  0.000  0.476     7.48     5.84     4.15     3.19     2.59  3    -1e-30      0.00 7.413e-01 2.584e-01 5.370e-05 2.316e-05 1.502e-04 -1.000 3.435e-04 -1.733 2.301 3.971 2.039 0.403 -0.211 -0.276 -0.431 -0.733 -1.358 -1.482 -1.658 -1.777 -2.002 -2.058 -2.360 -2.377 -2.582
0.00031003 -1.70000 9.85000 0.9423006177 2.4599816194    0.891  2.642  3.6790  1.414    7  0.000  0.467     8.33     6.41     4.53     3.50     2.83  3    -1e-30      0.00 7.412e-01 2.584e-01 5.275e-05 2.431e-05 1.502e-04 -1.000 3.435e-04 -1.834 2.219 4.009 2.108 0.413 -0.216 -0.318 -0.489 -0.804 -1.448 -1.575 -1.754 -1.875 -2.103 -2.160 -2.465 -2.482 -2.690
0.00031003 -1.70000 9.85000 0.9423130155 2.4599845947    0.891  2.682  3.6763  1.363    7  0.000  0.459     9.29     7.03     4.95     3.83     3.10  3    -1e-30      0.00 7.411e-01 2.585e-01 5.185e-05 2.541e-05 1.502e-04 -1.000 3.435e-04 -1.936 2.136 4.057 2.190 0.432 -0.211 -0.352 -0.542 -0.871 -1.536 -1.666 -1.849 -1.972 -2.204 -2.261 -2.570 -2.587 -2.798
0.00031003 -1.70000 9.85000 0.9423246980 2.4599873983    0.891  2.723  3.6736  1.312    7  0.000  0.452    10.34     7.71     5.41     4.18     3.39  3    -1e-30      0.00 7.411e-01 2.586e-01 5.108e-05 2.636e-05 1.502e-04 -1.000 3.435e-04 -2.036 2.055 4.111 2.279 0.457 -0.199 -0.381 -0.590 -0.934 -1.622 -1.755 -1.942 -2.068 -2.303 -2.361 -2.674 -2.691 -2.905
0.00031003 -1.70000 9.85000 0.9423359036 2.4599900873    0.891  2.763  3.6709  1.261    7  0.000  0.446    11.51     8.46     5.91     4.58     3.71  3    -1e-30      0.00 7.410e-01 2.587e-01 5.040e-05 2.720e-05 1.502e-04 -1.000 3.435e-04 -2.137 1.974 4.172 2.379 0.489 -0.181 -0.403 -0.634 -0.995 -1.708 -1.844 -2.035 -2.163 -2.402 -2.461 -2.778 -2.796 -3.013
0.00031003 -1.70000 9.85000 0.9423466921 2.4599926762    0.891  2.804  3.6681  1.209    7  0.000  0.440    12.84     9.30     6.46     5.01     4.06  3    -1e-30      0.00 7.409e-01 2.588e-01 4.979e-05 2.795e-05 1.502e-04 -1.000 3.432e-04 -2.240 1.893 4.240 2.490 0.529 -0.154 -0.421 -0.674 -1.053 -1.792 -1.932 -2.128 -2.259 -2.502 -2.562 -2.883 -2.901 -3.121
0.00031003 -1.70000 9.85000 0.9423568845 2.4599951220    0.891  2.845  3.6653  1.156    7  0.000  0.435    14.34    10.22     7.07     5.49     4.46  3    -1e-30      0.00 7.408e-01 2.589e-01 4.925e-05 2.862e-05 1.502e-04 -1.000 3.386e-04 -2.342 1.811 4.314 2.611 0.577 -0.118 -0.432 -0.709 -1.108 -1.875 -2.019 -2.220 -2.354 -2.601 -2.662 -2.988 -3.006 -3.230
0.00031003 -1.70000 9.85000 0.9423663616 2.4599973960    0.891  2.885  3.6625  1.105    7  0.000  0.431    15.97    11.21     7.73     6.01     4.88  2    -1e-30      0.00 7.407e-01 2.590e-01 4.879e-05 2.919e-05 1.501e-04 -1.000 3.394e-04 -2.442 1.732 4.394 2.740 0.632 -0.075 -0.435 -0.738 -1.157 -1.954 -2.102 -2.309 -2.445 -2.698 -2.760 -3.090 -3.109 -3.336
0.00031003 -1.70000 9.85000 0.9423754811 2.4599995843    0.891  2.927  3.6595  1.051    7  0.000  0.428    17.89    12.36     8.48     6.61     5.36  2    -1e-30      0.00 7.405e-01 2.591e-01 4.838e-05 2.972e-05 1.500e-04 -1.000 3.434e-04 -2.547 1.649 4.481 2.887 0.701 -0.018 -0.429 -0.760 -1.203 -2.035 -2.188 -2.401 -2.541 -2.799 -2.862 -3.197 -3.217 -3.448
0.00031003 -1.70000 9.85000 0.9423832893 2.4600014578    0.891  2.970  3.6564  0.996    7  0.000  0.425    20.08    13.66     9.33     7.28     5.91  2    -1e-30      0.00 7.404e-01 2.592e-01 4.803e-05 3.020e-05 1.499e-04 -1.000 3.435e-04 -2.654 1.562 4.566 3.007 0.747 0.019 -0.433 -0.789 -1.253 -2.116 -2.273 -2.491 -2.635 -2.898 -2.962 -3.304 -3.323 -3.559
0.00031003 -1.70000 9.85000 0.9423893094 2.4600029023    0.891  3.010  3.6535  0.944    7  0.000  0.423    22.40    15.00    10.20     7.97     6.47  2    -1e-30      0.00 7.403e-01 2.594e-01 4.775e-05 3.065e-05 1.497e-04 -1.000 3.435e-04 -2.755 1.480 4.649 3.092 0.769 0.033 -0.444 -0.818 -1.300 -2.188 -2.349 -2.574 -2.719 -2.988 -3.054 -3.401 -3.421 -3.661
0.00031003 -1.70000 9.85000 0.9423943758 2.4600041179    0.891  3.046  3.6508  0.897    7  0.000  0.422    24.74    16.33    11.07     8.66     7.03  2    -1e-30      0.00 7.402e-01 2.595e-01 4.754e-05 3.104e-05 1.495e-04 -1.000 3.435e-04 -2.846 1.405 4.725 3.172 0.790 0.048 -0.452 -0.842 -1.341 -2.254 -2.418 -2.648 -2.796 -3.070 -3.137 -3.490 -3.511 -3.755
0.00031003 -1.70000 9.85000 0.9423995018 2.4600053478    0.891  3.089  3.6476  0.842    7  0.000  0.421    27.78    18.05    12.18     9.54     7.75  2    -1e-30      0.00 7.401e-01 2.595e-01 4.734e-05 3.146e-05 1.492e-04 -1.000 3.435e-04 -2.952 1.319 4.802 3.264 0.816 0.065 -0.461 -0.871 -1.388 -2.329 -2.497 -2.733 -2.884 -3.164 -3.232 -3.592 -3.613 -3.862
0.00031003 -1.70000 9.85000 0.9424034953 2.4600063059    0.891  3.142  3.6437  0.773    7  0.000  0.420    32.11    20.44    13.72    10.76     8.74  1    -1e-30      0.00 7.400e-01 2.596e-01 4.719e-05 3.182e-05 1.490e-04 -1.000 3.435e-04 -3.085 1.211 4.894 3.379 0.848 0.088 -0.471 -0.906 -1.446 -2.421 -2.595 -2.838 -2.993 -3.281 -3.351 -3.719 -3.741 -3.996
0.00031003 -1.70000 9.85000 0.9424079061 2.4600073642    0.891  3.270  3.6338  0.605    7  0.000  0.419    45.68    27.68    18.32    14.44    11.74  1    -1e-30      0.00 7.394e-01 2.602e-01 4.677e-05 3.326e-05 1.479e-04 -1.000 3.428e-04 -3.406 0.952 5.053 3.659 0.932 0.153 -0.472 -0.965 -1.566 -2.633 -2.818 -3.084 -3.247 -3.555 -3.631 -4.020 -4.044 -4.316
0.00031003 -1.70000 9.85000 0.9424089193 2.4600076073    0.891  3.282  3.6329  0.589    7  0.000  0.419    47.21    28.48    18.83    14.85    12.07  1    -1e-30      0.00 7.394e-01 2.603e-01 4.668e-05 3.351e-05 1.478e-04 -1.000 3.397e-04 -3.436 0.928 5.065 3.687 0.941 0.160 -0.470 -0.969 -1.576 -2.651 -2.838 -3.106 -3.270 -3.580 -3.656 -4.048 -4.072 -4.346
0.00031003 -1.70000 9.85000 0.9424089789 2.4600076216    0.891  3.279  3.6331  0.593    7  0.000  0.419    46.83    28.28    18.70    14.74    11.99  1    -1e-30      0.00 7.394e-01 2.603e-01 4.668e-05 3.351e-05 1.478e-04 -1.000 3.397e-04 -3.428 0.934 5.062 3.679 0.939 0.158 -0.471 -0.968 -1.574 -2.647 -2.834 -3.101 -3.264 -3.574 -3.650 -4.041 -4.065 -4.339
0.00031003 -1.70000 9.85000 0.9424090385 2.4600076359    0.891  3.284  3.6327  0.587    7  0.000  0.419    47.46    28.61    18.91    14.91    12.12  1    -1e-30      0.00 7.394e-01 2.603e-01 4.667e-05 3.353e-05 1.478e-04 -1.000 3.394e-04 -3.440 0.925 5.068 3.691 0.943 0.161 -0.469 -0.969 -1.577 -2.654 -2.841 -3.110 -3.274 -3.584 -3.660 -4.052 -4.076 -4.350
0.00031003 -1.70000 9.85000 0.9424092770 2.4600076931    0.891  3.292  3.6321  0.577    7  0.000  0.419    48.46    29.12    19.23    15.17    12.33  1    -1e-30      0.00 7.394e-01 2.603e-01 4.666e-05 3.357e-05 1.477e-04 -1.000 3.387e-04 -3.459 0.910 5.076 3.710 0.949 0.167 -0.467 -0.971 -1.582 -2.665 -2.853 -3.123 -3.287 -3.599 -3.676 -4.070 -4.094 -4.369
0.00031003 -1.70000 9.85000 0.9424095154 2.4600077503    0.891  3.299  3.6315  0.567    7  0.000  0.419    49.53    29.67    19.58    15.45    12.56  1    -1e-30      0.00 7.394e-01 2.603e-01 4.664e-05 3.362e-05 1.477e-04 -1.000 3.380e-04 -3.478 0.895 5.086 3.729 0.956 0.172 -0.465 -0.972 -1.588 -2.677 -2.866 -3.137 -3.302 -3.615 -3.692 -4.087 -4.112 -4.388
0.00031003 -1.70000 9.85000 0.9424097538 2.4600078075    0.891  3.306  3.6309  0.558    7  0.000  0.419    50.48    30.16    19.89    15.70    12.76  1    -1e-30      0.00 7.394e-01 2.603e-01 4.663e-05 3.365e-05 1.477e-04 -1.000 3.374e-04 -3.495 0.882 5.094 3.747 0.962 0.177 -0.463 -0.974 -1.593 -2.687 -2.877 -3.149 -3.315 -3.629 -3.706 -4.103 -4.127 -4.404
0.00031003 -1.70000 9.85000 0.9424099922 2.4600078647    0.891  3.314  3.6302  0.546    7  0.000  0.419    51.68    30.78    20.28    16.01    13.02  1    -1e-30      0.00 7.394e-01 2.603e-01 4.660e-05 3.373e-05 1.476e-04 -1.000 3.366e-04 -3.516 0.865 5.104 3.768 0.970 0.184 -0.460 -0.975 -1.599 -2.700 -2.890 -3.165 -3.331 -3.646 -3.724 -4.122 -4.147 -4.425
0.00031003 -1.70000 9.85000 0.9424104095 2.4600079648    0.891  3.325  3.6293  0.532    7  0.000  0.419    53.30    31.61    20.80    16.43    13.36  1    -1e-30      0.00 7.393e-01 2.603e-01 4.655e-05 3.389e-05 1.475e-04 -1.000 3.355e-04 -3.543 0.844 5.113 3.794 0.979 0.191 -0.457 -0.977 -1.607 -2.716 -2.908 -3.184 -3.351 -3.668 -3.747 -4.147 -4.172 -4.452
0.00031003 -1.70000 9.85000 0.9424110055 2.4600081078    0.891  3.342  3.6278  0.509    7  0.537  0.419    55.92    32.94    21.63    17.10    13.90  1    -1e-30      0.00 7.393e-01 2.604e-01 4.647e-05 3.414e-05 1.473e-04 -1.000 3.443e-04 -3.586 0.811 5.125 3.834 0.992 0.203 -0.452 -0.980 -1.618 -2.741 -2.934 -3.214 -3.382 -3.702 -3.782 -4.186 -4.210 -4.493
0.00031003 -1.70000 9.85000 0.9424120784 2.4600083653    0.891  3.371  3.6254  0.471    7  0.537  0.419    60.58    35.29    23.10    18.28    14.86  1    -1e-30      0.00 7.392e-01 2.604e-01 4.635e-05 3.456e-05 1.470e-04 -1.000 3.716e-04 -3.657 0.756 5.141 3.901 1.012 0.220 -0.439 -0.980 -1.633 -2.779 -2.976 -3.262 -3.432 -3.759 -3.840 -4.250 -4.275 -4.563
0.00031003 -1.70000 9.85000 0.9424121976 2.4600083939    0.891  3.374  3.6252  0.467    7  0.539  0.418    61.12    35.56    23.27    18.41    14.98  1    -1e-30      0.00 7.392e-01 2.605e-01 4.634e-05 3.460e-05 1.470e-04 -1.000 3.748e-04 -3.665 0.750 5.143 3.908 1.014 0.221 -0.438 -0.980 -1.634 -2.784 -2.981 -3.268 -3.438 -3.765 -3.846 -4.257 -4.283 -4.571
0.00031003 -1.70000 9.85000 0.9424123764 2.4600084368    0.890  3.411  3.6196  0.407    8  0.542  0.413    69.32    39.62    25.80    20.45    16.64  1 -6.64e-07      0.00 7.362e-01 2.635e-01 4.469e-05 3.977e-05 1.477e-04 -1.000 3.064e-04 -3.758 0.693 5.220 4.098 1.105 0.306 -0.352 -0.919 -1.604 -2.803 -3.006 -3.308 -3.482 -3.822 -3.907 -4.332 -4.358 -4.657
0.00031003 -1.70000 9.85000 0.9424124360 2.4600084511    0.888  3.250  3.6328  0.619    8  0.542  0.403    44.30    26.96    17.86    14.08    11.44  1 -3.25e-07      0.00 7.362e-01 2.635e-01 4.469e-05 3.977e-05 1.477e-04 -1.000 3.064e-04 -3.356 1.007 5.125 3.735 0.998 0.216 -0.408 -0.903 -1.506 -2.575 -2.761 -3.028 -3.191 -3.500 -3.576 -3.967 -3.991 -4.264
0.00031003 -1.70000 9.85000 0.9424124956 2.4600084654    0.887  3.117  3.6437  0.797    8  0.542  0.403    30.51    19.56    13.15    10.32     8.38  2 -1.82e-07      0.00 7.362e-01 2.635e-01 4.469e-05 3.977e-05 1.477e-04 -1.000 3.064e-04 -3.021 1.273 4.931 3.410 0.888 0.129 -0.425 -0.855 -1.392 -2.362 -2.534 -2.777 -2.931 -3.217 -3.288 -3.655 -3.676 -3.931
0.00031003 -1.70000 9.85000 0.9424126148 2.4600084940    0.885  2.899  3.6616  1.085    8  0.542  0.403    16.63    11.61     7.99     6.22     5.05  2 -7.36e-08      0.00 7.362e-01 2.635e-01 4.469e-05 3.977e-05 1.477e-04 -1.000 3.064e-04 -2.476 1.705 4.422 2.785 0.653 -0.058 -0.435 -0.747 -1.173 -1.981 -2.131 -2.339 -2.477 -2.731 -2.793 -3.125 -3.144 -3.372
0.00031003 -1.70000 9.85000 0.9424127936 2.4600085369    0.881  2.900  3.6614  1.081    8  0.542  0.403    16.75    11.68     8.04     6.26     5.08  2 -7.46e-08      0.00 7.362e-01 2.635e-01 4.469e-05 3.977e-05 1.477e-04 -1.000 3.065e-04 -2.480 1.703 4.434 2.801 0.662 -0.049 -0.430 -0.744 -1.172 -1.983 -2.133 -2.341 -2.479 -2.734 -2.796 -3.129 -3.148 -3.376
0.00031003 -1.70000 9.85000 0.9424130321 2.4600085941    0.876  2.978  3.6548  0.974    8  0.542  0.403    20.95    14.16     9.66     7.54     6.12  2 -1.04e-07      0.00 7.362e-01 2.635e-01 4.469e-05 3.977e-05 1.477e-04 -1.000 3.064e-04 -2.675 1.551 4.644 3.084 0.790 0.057 -0.407 -0.772 -1.246 -2.122 -2.281 -2.502 -2.647 -2.913 -2.978 -3.323 -3.343 -3.581
0.00031003 -1.70000 9.85000 0.9424133301 2.4600086656    0.871  3.132  3.6419  0.765    8  0.542  0.403    32.44    20.60    13.81    10.85     8.81  1 -2.03e-07      0.00 7.362e-01 2.635e-01 4.469e-05 3.977e-05 1.477e-04 -1.000 3.064e-04 -3.061 1.245 4.995 3.485 0.925 0.161 -0.408 -0.849 -1.396 -2.383 -2.557 -2.804 -2.959 -3.249 -3.321 -3.691 -3.714 -3.972
0.00031003 -1.70000 9.85000 0.9424136877 2.4600087514    0.864  3.269  3.6304  0.579    8  0.542  0.403    47.94    28.80    19.02    15.02    12.20  1 -3.77e-07      0.00 7.362e-01 2.635e-01 4.469e-05 3.977e-05 1.477e-04 -1.000 3.064e-04 -3.404 0.975 5.184 3.833 1.048 0.263 -0.375 -0.884 -1.502 -2.594 -2.783 -3.056 -3.221 -3.535 -3.612 -4.009 -4.033 -4.311
0.00031003 -1.70000 9.85000 0.9424140453 2.4600088372    0.857  3.358  3.6228  0.456    8  0.543  0.403    62.01    35.89    23.46    18.59    15.12  1 -5.73e-07      0.00 7.362e-01 2.635e-01 4.469e-05 3.977e-05 1.477e-04 -1.000 3.064e-04 -3.626 0.803 5.247 4.050 1.121 0.325 -0.336 -0.887 -1.552 -2.717 -2.916 -3.208 -3.380 -3.711 -3.794 -4.210 -4.236 -4.528
0.00031003 -1.70000 9.85000 0.9424145222 2.4600089516    0.849  3.403  3.6188  0.391    8  0.543  0.403    71.01    40.28    26.19    20.80    16.91  1 -7.18e-07      0.00 7.362e-01 2.635e-01 4.469e-05 3.977e-05 1.477e-04 -1.000 3.064e-04 -3.739 0.719 5.266 4.166 1.157 0.357 -0.300 -0.871 -1.562 -2.770 -2.975 -3.279 -3.453 -3.796 -3.882 -4.309 -4.336 -4.637
0.00031003 -1.70000 9.85000 0.9424149990 2.4600090660    0.840  3.421  3.6170  0.361    8  0.543  0.403    75.48    42.40    27.50    21.86    17.78  1    -8e-07      0.00 7.362e-01 2.635e-01 4.469e-05 3.977e-05 1.477e-04 -1.000 3.064e-04 -3.784 0.687 5.273 4.221 1.176 0.375 -0.277 -0.857 -1.559 -2.787 -2.994 -3.304 -3.480 -3.828 -3.915 -4.348 -4.375 -4.680
0.00031003 -1.70000 9.85000 0.9424155354 2.4600091947    0.830  3.428  3.6161  0.345    8  0.543  0.403    77.82    43.48    28.16    22.40    18.22  1 -8.49e-07      0.00 7.362e-01 2.635e-01 4.469e-05 3.977e-05 1.477e-04 -1.000 3.064e-04 -3.800 0.677 5.283 4.255 1.192 0.391 -0.259 -0.843 -1.552 -2.790 -2.998 -3.310 -3.487 -3.838 -3.925 -4.361 -4.388 -4.696
0.00031003 -1.70000 9.85000 0.9424155951 2.4600092090    0.829  3.318  3.6252  0.491    8  0.543  0.403    57.13    33.37    21.87    17.33    14.09  1 -5.17e-07      0.00 7.362e-01 2.635e-01 4.469e-05 3.977e-05 1.477e-04 -1.000 3.065e-04 -3.524 0.889 5.267 4.018 1.135 0.342 -0.319 -0.858 -1.507 -2.649 -2.845 -3.130 -3.300 -3.625 -3.706 -4.115 -4.141 -4.428
0.00031003 -1.70000 9.85000 0.9424157143 2.4600092376    0.827  3.139  3.6398  0.728    8  0.543  0.403    34.63    21.74    14.52    11.44     9.29  1 -2.35e-07      0.00 7.362e-01 2.635e-01 4.469e-05 3.977e-05 1.477e-04 -1.000 3.064e-04 -3.077 1.242 5.094 3.599 0.996 0.228 -0.358 -0.813 -1.372 -2.377 -2.554 -2.805 -2.963 -3.257 -3.329 -3.704 -3.727 -3.988
0.00031003 -1.70000 9.85000 0.9424158931 2.4600092805    0.823  2.921  3.6576  1.015    8  0.543  0.403    18.87    12.93     8.84     6.91     5.60  2 -9.34e-08      0.00 7.362e-01 2.635e-01 4.469e-05 3.977e-05 1.477e-04 -1.000 3.064e-04 -2.533 1.677 4.615 3.058 0.823 0.098 -0.343 -0.692 -1.150 -2.004 -2.160 -2.376 -2.519 -2.780 -2.844 -3.183 -3.203 -3.436
0.00031003 -1.70000 9.85000 0.9424161315 2.4600093377    0.818  2.923  3.6573  1.009    8  0.544  0.403    19.07    13.05     8.92     6.97     5.65  2 -9.53e-08      0.00 7.362e-01 2.635e-01 4.469e-05 3.977e-05 1.477e-04 -1.000 3.064e-04 -2.538 1.674 4.630 3.073 0.831 0.106 -0.339 -0.690 -1.150 -2.006 -2.162 -2.379 -2.522 -2.784 -2.848 -3.187 -3.207 -3.441
0.00031003 -1.70000 9.85000 0.9424164891 2.4600094235    0.812  3.002  3.6506  0.900    8  0.544  0.403    23.95    15.85    10.74     8.42     6.83  2 -1.35e-07      0.00 7.362e-01 2.635e-01 4.469e-05 3.977e-05 1.477e-04 -1.000 3.064e-04 -2.734 1.518 4.842 3.288 0.904 0.161 -0.338 -0.729 -1.228 -2.141 -2.306 -2.535 -2.684 -2.958 -3.025 -3.378 -3.399 -3.643
0.00031003 -1.70000 9.85000 0.9424169064 2.4600095236    0.805  3.155  3.6377  0.691    8  0.544  0.403    37.18    23.07    15.36    12.12     9.84  1 -2.69e-07      0.00 7.362e-01 2.635e-01 4.469e-05 3.977e-05 1.477e-04 -1.000 3.064e-04 -3.118 1.214 5.150 3.686 1.042 0.270 -0.329 -0.796 -1.369 -2.394 -2.574 -2.829 -2.989 -3.287 -3.360 -3.741 -3.763 -4.028
0.00031003 -1.70000 9.85000 0.9424173832 2.4600096380    0.796  3.291  3.6262  0.504    8  0.544  0.403    55.14    32.27    21.16    16.79    13.64  1 -5.08e-07      0.00 7.362e-01 2.635e-01 4.469e-05 3.977e-05 1.477e-04 -1.000 3.064e-04 -3.459 0.948 5.297 4.028 1.164 0.372 -0.286 -0.821 -1.464 -2.597 -2.791 -3.074 -3.243 -3.566 -3.646 -4.053 -4.078 -4.364
0.00031003 -1.70000 9.85000 0.9424179196 2.4600097667    0.786  3.380  3.6186  0.379    8  0.544  0.403    71.66    40.31    26.16    20.83    16.93  1 -7.82e-07      0.00 7.362e-01 2.635e-01 4.469e-05 3.977e-05 1.477e-04 -1.000 3.064e-04 -3.681 0.779 5.335 4.247 1.229 0.429 -0.226 -0.799 -1.493 -2.707 -2.912 -3.217 -3.392 -3.736 -3.822 -4.251 -4.277 -4.580
0.00031003 -1.70000 9.85000 0.9424185753 2.4600099240    0.775  3.426  3.6144  0.311    8  0.545  0.403    82.59    45.43    29.32    23.40    19.02  1 -9.96e-07      0.00 7.362e-01 2.635e-01 4.469e-05 3.977e-05 1.477e-04 -1.000 3.064e-04 -3.794 0.696 5.340 4.361 1.263 0.461 -0.183 -0.777 -1.497 -2.756 -2.966 -3.285 -3.463 -3.819 -3.908 -4.349 -4.377 -4.688
0.00031003 -1.70000 9.85000 0.9424192905 2.4600100956    0.763  3.445  3.6125  0.278    8  0.545  0.403    88.48    48.09    30.94    24.73    20.11  1 -1.13e-06      0.00 7.362e-01 2.635e-01 4.469e-05 3.977e-05 1.477e-04 -1.000 3.064e-04 -3.842 0.663 5.348 4.423 1.287 0.484 -0.154 -0.758 -1.491 -2.772 -2.985 -3.309 -3.490 -3.851 -3.942 -4.389 -4.418 -4.733
0.00031003 -1.70000 9.85000 0.9424200654 2.4600102815    0.749  3.453  3.6114  0.258    8  0.545  0.403    92.05    49.63    31.88    25.51    20.74  1 -1.23e-06      0.00 7.362e-01 2.635e-01 4.469e-05 3.977e-05 1.477e-04 -1.000 3.064e-04 -3.862 0.652 5.360 4.465 1.307 0.504 -0.130 -0.739 -1.480 -2.774 -2.988 -3.316 -3.498 -3.862 -3.955 -4.405 -4.434 -4.752
0.00031003 -1.70000 9.85000 0.9424272776 2.4600120119    0.549 -9.999  4.0000  1.737    9  0.549  0.000     0.00     0.00     0.00     0.00     0.00 -1    -1e-30      0.00 7.362e-01 2.635e-01 4.469e-05 3.977e-05 1.477e-04 -1.000 3.064e-04 29.767 29.896 29.850 29.815 29.840 29.902 29.963 30.072 30.057 30.100 30.102 30.097 30.095 30.093 30.095 30.085 30.084 30.057
