 Zini     MH   logAge Mini        int_IMF         Mass   logL    logTe  logg  label   McoreTP C_O  period0  period1  period2  period3  period4  pmode  Mloss  tau1m   X   Y   Xc  Xn  Xo  Cexcess  Z 	 mbolmag  F170Wmag  F218Wmag  F255Wmag  F300Wmag  F336Wmag  F380Wmag  F439Wmag  F450Wmag  F555Wmag  F569Wmag  F606Wmag  F622Wmag  F675Wmag  F702Wmag  F791Wmag  F814Wmag  F850LPmag
0.00024632 -1.80000 9.90000 0.0900000036 1.0816895926    0.090 -3.203  3.4838  5.483    1  0.000  0.545     0.00     0.00     0.00     0.00     0.00 -1 -4.76e-17      0.00 7.491e-01 2.506e-01 4.823e-05 1.301e-05 1.180e-04 -1.000 2.681e-04 12.779 17.433 22.405 22.879 18.806 18.123 18.976 17.633 16.678 15.085 14.871 14.312 14.132 13.465 13.103 12.153 12.095 11.595
0.00024632 -1.80000 9.90000 0.0911797807 1.0928959690    0.091 -3.158  3.4904  5.470    1  0.000  0.545     0.00     0.00     0.00     0.00     0.00 -1 -5.33e-17      0.00 7.490e-01 2.508e-01 4.823e-05 1.301e-05 1.180e-04 -1.000 2.681e-04 12.666 17.309 22.280 22.663 18.619 17.903 18.571 17.307 16.407 14.820 14.605 14.087 13.900 13.285 12.947 12.038 11.983 11.502
0.00024632 -1.80000 9.90000 0.0980135202 1.1542950974    0.098 -2.908  3.5271  5.398    1  0.000  0.545     0.00     0.00     0.00     0.00     0.00 -1 -9.93e-17      0.00 7.478e-01 2.519e-01 4.823e-05 1.301e-05 1.180e-04 -1.000 2.680e-04 12.040 16.604 21.505 21.159 17.446 16.618 16.628 15.730 15.058 13.603 13.393 12.995 12.788 12.350 12.121 11.411 11.366 10.962
0.00024632 -1.80000 9.90000 0.1000000015 1.1711064122    0.100 -2.839  3.5373  5.378    1  0.000  0.545     0.00     0.00     0.00     0.00     0.00 -1 -1.18e-16      0.00 7.475e-01 2.523e-01 4.823e-05 1.301e-05 1.180e-04 -1.000 2.681e-04 11.867 16.402 21.251 20.633 17.072 16.229 16.127 15.316 14.698 13.302 13.097 12.714 12.507 12.094 11.894 11.236 11.194 10.808
0.00024632 -1.80000 9.90000 0.1012121141 1.1811525512    0.101 -2.819  3.5393  5.372    1  0.000  0.545     0.00     0.00     0.00     0.00     0.00 -1 -1.24e-16      0.00 7.473e-01 2.524e-01 4.823e-05 1.301e-05 1.180e-04 -1.000 2.681e-04 11.818 16.348 21.184 20.510 16.981 16.137 16.012 15.219 14.612 13.229 13.024 12.644 12.437 12.029 11.835 11.187 11.146 10.764
0.00024632 -1.80000 9.90000 0.1200000048 1.3193154741    0.120 -2.546  3.5682  5.288    1  0.000  0.545     0.00     0.00     0.00     0.00     0.00 -1 -2.34e-16      0.00 7.454e-01 2.543e-01 4.823e-05 1.301e-05 1.180e-04 -1.000 2.682e-04 11.135 15.574 20.093 18.639 15.654 14.806 14.507 13.920 13.440 12.246 12.057 11.707 11.510 11.144 11.017 10.499 10.465 10.126
0.00024632 -1.80000 9.90000 0.1400000006 1.4384526719    0.140 -2.365  3.5830  5.233    1  0.000  0.545     0.00     0.00     0.00     0.00     0.00 -1 -3.51e-16      0.00 7.439e-01 2.558e-01 4.823e-05 1.301e-05 1.180e-04 -1.000 2.682e-04 10.682 15.073 19.320 17.576 14.856 14.021 13.703 13.197 12.763 11.667 11.487 11.157 10.968 10.619 10.513 10.043 10.012 9.692
0.00024632 -1.80000 9.90000 0.1599999964 1.5372931554    0.160 -2.225  3.5928  5.190    1  0.000  0.545     0.00     0.00     0.00     0.00     0.00 -1 -4.76e-16      0.00 7.428e-01 2.569e-01 4.823e-05 1.301e-05 1.180e-04 -1.000 2.681e-04 10.331 14.691 18.701 16.816 14.274 13.452 13.141 12.683 12.275 11.241 11.066 10.752 10.570 10.233 10.136 9.690 9.661 9.353
0.00024632 -1.80000 9.90000 0.2000000179 1.6938791367    0.200 -2.006  3.6053  5.118    1  0.000  0.545     0.00     0.00     0.00     0.00     0.00 -1 -7.64e-16      0.00 7.417e-01 2.580e-01 4.823e-05 1.301e-05 1.180e-04 -1.000 2.681e-04 9.786 14.103 17.824 15.810 13.439 12.634 12.352 11.944 11.564 10.604 10.437 10.144 9.970 9.649 9.561 9.139 9.112 8.820
0.00024632 -1.80000 9.90000 0.2500000000 1.8403257998    0.250 -1.802  3.6163  5.055    1  0.000  0.545     0.00     0.00     0.00     0.00     0.00 -1 -1.18e-15      0.00 7.416e-01 2.581e-01 4.822e-05 1.301e-05 1.180e-04 -1.000 2.681e-04 9.274 13.553 17.018 14.921 12.679 11.891 11.647 11.278 10.917 10.016 9.857 9.581 9.414 9.108 9.026 8.624 8.599 8.320
0.00024632 -1.80000 9.90000 0.3000000417 1.9529140366    0.300 -1.644  3.6252  5.012    1  0.000  0.545     0.00     0.00     0.00     0.00     0.00 -1 -1.63e-15      0.00 7.417e-01 2.580e-01 4.821e-05 1.301e-05 1.180e-04 -1.000 2.681e-04 8.879 13.125 16.311 14.208 12.086 11.313 11.107 10.765 10.418 9.562 9.408 9.146 8.985 8.690 8.613 8.225 8.201 7.933
0.00024632 -1.80000 9.90000 0.3500000238 2.0434175133    0.350 -1.515  3.6332  4.982    1  0.000  0.545     0.00     0.00     0.00     0.00     0.00 -1  -2.1e-15      0.00 7.418e-01 2.580e-01 4.820e-05 1.301e-05 1.180e-04 -1.000 2.682e-04 8.557 12.772 15.689 13.606 11.589 10.832 10.664 10.344 10.008 9.189 9.039 8.790 8.634 8.349 8.275 7.900 7.878 7.619
0.00024632 -1.80000 9.90000 0.4000000060 2.1185024399    0.400 -1.389  3.6426  4.952    1  0.000  0.545     0.00     0.00     0.00     0.00     0.00 -1 -2.71e-15      0.00 7.504e-01 2.494e-01 4.823e-05 1.301e-05 1.180e-04 -1.000 2.682e-04 8.243 12.422 15.070 12.994 11.074 10.335 10.216 9.922 9.598 8.819 8.675 8.439 8.289 8.015 7.945 7.585 7.563 7.316
0.00024632 -1.80000 9.90000 0.4500000179 2.1822809362    0.450 -1.234  3.6579  4.909    1  0.000  0.545     0.00     0.00     0.00     0.00     0.00 -1 -3.84e-15      0.00 7.506e-01 2.491e-01 4.823e-05 1.301e-05 1.180e-04 -1.000 2.682e-04 7.855 11.970 14.250 12.156 10.360 9.652 9.620 9.368 9.063 8.345 8.210 7.994 7.853 7.597 7.532 7.194 7.175 6.946
0.00024632 -1.80000 9.90000 0.4511324465 2.1836174845    0.451 -1.230  3.6584  4.908    1  0.000  0.545     0.00     0.00     0.00     0.00     0.00 -1 -3.87e-15      0.00 7.506e-01 2.491e-01 4.823e-05 1.301e-05 1.180e-04 -1.000 2.682e-04 7.845 11.958 14.225 12.132 10.339 9.633 9.604 9.353 9.048 8.332 8.197 7.982 7.841 7.586 7.521 7.184 7.165 6.936
0.00024632 -1.80000 9.90000 0.5000000000 2.2374541529    0.500 -1.062  3.6774  4.860    1  0.000  0.545     0.00     0.00     0.00     0.00     0.00 -1 -5.73e-15      0.00 7.506e-01 2.491e-01 4.823e-05 1.301e-05 1.180e-04 -1.000 2.682e-04 7.424 11.445 13.028 11.084 9.509 8.859 8.939 8.747 8.464 7.819 7.693 7.501 7.372 7.136 7.078 6.766 6.749 6.542
0.00024632 -1.80000 9.90000 0.5500000715 2.2836583126    0.550 -0.872  3.6976  4.792    1  0.000  0.545     0.00     0.00     0.00     0.00     0.00 -1 -9.14e-15      0.00 7.733e-01 2.265e-01 4.410e-05 1.190e-05 1.080e-04 -1.000 2.005e-04 6.950 10.855 11.764 9.985 8.626 8.041 8.230 8.101 7.843 7.264 7.148 6.976 6.858 6.641 6.589 6.301 6.287 6.101
0.00024632 -1.80000 9.90000 0.6000000238 2.3211213258    0.600 -0.682  3.7213  4.735    1  0.000  0.544     0.00     0.00     0.00     0.00     0.00 -1 -1.45e-14      0.00 7.813e-01 2.184e-01 4.272e-05 1.153e-05 1.047e-04 -1.000 2.535e-04 6.475 10.201 10.325 8.835 7.731 7.226 7.520 7.458 7.231 6.723 6.615 6.464 6.357 6.159 6.113 5.851 5.839 5.675
0.00024632 -1.80000 9.90000 0.6116539240 2.3288472428    0.611 -0.637  3.7275  4.723    1  0.000  0.544     0.00     0.00     0.00     0.00     0.00 -1 -1.61e-14      0.00 7.837e-01 2.161e-01 4.233e-05 1.143e-05 1.037e-04 -1.000 2.663e-04 6.361 10.028 9.970 8.557 7.517 7.032 7.350 7.304 7.085 6.595 6.490 6.343 6.239 6.047 6.002 5.746 5.735 5.577
0.00024632 -1.80000 9.90000 0.6281132698 2.3391992793    0.628 -0.573  3.7364  4.706    1  0.000  0.544     0.00     0.00     0.00     0.00     0.00 -1 -1.88e-14      0.00 7.871e-01 2.126e-01 4.175e-05 1.128e-05 1.023e-04 -1.000 2.455e-04 6.202 9.775 9.488 8.179 7.224 6.769 7.117 7.090 6.883 6.418 6.316 6.176 6.076 5.890 5.847 5.600 5.590 5.441
0.00024632 -1.80000 9.90000 0.6427836418 2.3479141169    0.643 -0.516  3.7442  4.690    1  0.000  0.544     0.00     0.00     0.00     0.00     0.00 -1 -2.16e-14      0.00 7.904e-01 2.093e-01 4.120e-05 1.113e-05 1.010e-04 -1.000 2.487e-04 6.060 9.532 9.059 7.849 6.974 6.545 6.916 6.905 6.707 6.263 6.165 6.030 5.933 5.753 5.712 5.473 5.463 5.321
0.00024632 -1.80000 9.90000 0.6499999762 2.3520353107    0.650 -0.488  3.7480  4.683    1  0.000  0.544     0.00     0.00     0.00     0.00     0.00 -1 -2.31e-14      0.00 7.921e-01 2.076e-01 4.092e-05 1.106e-05 1.004e-04 -1.000 2.398e-04 5.989 9.403 8.844 7.687 6.852 6.438 6.819 6.814 6.621 6.188 6.091 5.959 5.863 5.687 5.646 5.411 5.402 5.263
0.00024632 -1.80000 9.90000 0.6533231735 2.3538979921    0.653 -0.475  3.7497  4.679    1  0.000  0.544     0.00     0.00     0.00     0.00     0.00 -1 -2.38e-14      0.00 7.931e-01 2.067e-01 4.077e-05 1.101e-05 1.000e-04 -1.000 2.438e-04 5.957 9.344 8.749 7.614 6.797 6.389 6.775 6.773 6.582 6.153 6.057 5.926 5.831 5.656 5.616 5.383 5.373 5.236
0.00024632 -1.80000 9.90000 0.6732360125 2.3646177368    0.673 -0.397  3.7597  4.654    1  0.000  0.543     0.00     0.00     0.00     0.00     0.00 -1 -2.88e-14      0.00 7.991e-01 2.007e-01 3.978e-05 1.075e-05 9.764e-05 -1.000 2.676e-04 5.763 8.970 8.200 7.191 6.473 6.101 6.512 6.527 6.348 5.947 5.855 5.732 5.641 5.474 5.436 5.214 5.205 5.077
0.00024632 -1.80000 9.90000 0.6912385821 2.3737002974    0.691 -0.327  3.7685  4.631    1  0.000  0.543     0.00     0.00     0.00     0.00     0.00 -1 -3.44e-14      0.00 8.051e-01 1.947e-01 3.879e-05 1.049e-05 9.527e-05 -1.000 1.822e-04 5.588 8.619 7.752 6.838 6.197 5.856 6.285 6.312 6.143 5.764 5.676 5.559 5.472 5.311 5.275 5.061 5.054 4.933
0.00024632 -1.80000 9.90000 0.7000000477 2.3779267258    0.700 -0.293  3.7727  4.619    1  0.000  0.543     0.00     0.00     0.00     0.00     0.00 -1 -3.75e-14      0.00 8.083e-01 1.915e-01 3.827e-05 1.035e-05 9.403e-05 -1.000 1.682e-04 5.502 8.446 7.547 6.674 6.067 5.741 6.176 6.208 6.044 5.675 5.589 5.475 5.389 5.232 5.197 4.987 4.980 4.862
0.00024632 -1.80000 9.90000 0.7171605229 2.3858616858    0.717 -0.225  3.7806  4.592    1  0.000  0.539     0.00     0.00     0.00     0.00     0.00 -1 -4.46e-14      0.00 8.166e-01 1.833e-01 3.676e-05 9.988e-06 9.085e-05 -1.000 1.648e-04 5.332 8.110 7.165 6.364 5.818 5.518 5.965 6.004 5.849 5.500 5.417 5.308 5.226 5.075 5.041 4.839 4.832 4.721
0.00024632 -1.80000 9.90000 0.7329161763 2.3927720470    0.733 -0.161  3.7874  4.566    1  0.000  0.537     0.00     0.00     0.00     0.00     0.00 -1 -5.27e-14      0.00 8.244e-01 1.754e-01 3.535e-05 9.646e-06 8.781e-05 -1.000 2.428e-04 5.173 7.804 6.842 6.098 5.600 5.323 5.773 5.817 5.669 5.337 5.258 5.153 5.073 4.928 4.895 4.700 4.694 4.589
0.00024632 -1.80000 9.90000 0.7474549413 2.3988523726    0.747 -0.101  3.7936  4.539    1  0.000  0.534     0.00     0.00     0.00     0.00     0.00 -1 -6.17e-14      0.00 8.317e-01 1.681e-01 3.404e-05 9.327e-06 8.500e-05 -1.000 1.928e-04 5.023 7.526 6.558 5.862 5.404 5.146 5.597 5.643 5.502 5.184 5.107 5.006 4.930 4.789 4.757 4.569 4.563 4.463
0.00024632 -1.80000 9.90000 0.7500000596 2.3998889329    0.750 -0.091  3.7946  4.534    1  0.000  0.533     0.00     0.00     0.00     0.00     0.00 -1 -6.35e-14      0.00 8.330e-01 1.668e-01 3.381e-05 9.272e-06 8.451e-05 -1.000 1.698e-04 4.997 7.478 6.510 5.821 5.370 5.116 5.566 5.613 5.472 5.157 5.081 4.981 4.904 4.764 4.733 4.545 4.540 4.440
0.00024632 -1.80000 9.90000 0.7514787912 2.4004874746    0.751 -0.085  3.7952  4.531    1  0.000  0.533     0.00     0.00     0.00     0.00     0.00 -1 -6.45e-14      0.00 8.333e-01 1.665e-01 3.377e-05 9.262e-06 8.443e-05 -1.000 1.590e-04 4.982 7.451 6.483 5.798 5.351 5.098 5.548 5.595 5.455 5.142 5.065 4.966 4.890 4.750 4.719 4.532 4.526 4.427
0.00024632 -1.80000 9.90000 0.7621331811 2.4047211839    0.762 -0.040  3.7995  4.510    1  0.000  0.533     0.00     0.00     0.00     0.00     0.00 -1 -7.28e-14      0.00 8.354e-01 1.644e-01 3.353e-05 9.202e-06 8.392e-05 -1.000 1.585e-04 4.869 7.251 6.283 5.629 5.209 4.969 5.417 5.466 5.331 5.027 4.953 4.856 4.781 4.645 4.615 4.432 4.427 4.331
0.00024632 -1.80000 9.90000 0.7718279958 2.4084570141    0.771  0.002  3.8034  4.489    1  0.000  0.532     0.00     0.00     0.00     0.00     0.00 -1 -8.16e-14      0.00 8.371e-01 1.628e-01 3.337e-05 9.164e-06 8.361e-05 -1.000 1.841e-04 4.765 7.072 6.110 5.482 5.083 4.855 5.298 5.346 5.215 4.920 4.847 4.753 4.680 4.547 4.517 4.338 4.333 4.241
0.00024632 -1.80000 9.90000 0.7856322527 2.4135938521    0.785  0.063  3.8088  4.457    1  0.000  0.531     0.00     0.00     0.00     0.00     0.00 -1 -9.66e-14      0.00 8.391e-01 1.607e-01 3.323e-05 9.132e-06 8.337e-05 -1.000 2.171e-04 4.612 6.819 5.865 5.272 4.903 4.691 5.123 5.171 5.046 4.762 4.692 4.601 4.531 4.402 4.374 4.200 4.195 4.108
0.00024632 -1.80000 9.90000 0.7979238033 2.4179961717    0.797  0.120  3.8136  4.426    1  0.000  0.531     0.00     0.00     0.00     0.00     0.00 -1 -1.13e-13      0.00 8.406e-01 1.592e-01 3.316e-05 9.120e-06 8.330e-05 -1.000 2.386e-04 4.469 6.597 5.653 5.088 4.743 4.544 4.963 5.009 4.888 4.615 4.547 4.459 4.391 4.266 4.238 4.070 4.066 3.982
0.00024632 -1.80000 9.90000 0.8000000119 2.4187244405    0.799  0.130  3.8144  4.420    1  0.000  0.531     0.00     0.00     0.00     0.00     0.00 -1 -1.17e-13      0.00 8.408e-01 1.589e-01 3.315e-05 9.119e-06 8.330e-05 -1.000 2.390e-04 4.444 6.560 5.618 5.057 4.716 4.518 4.935 4.981 4.860 4.589 4.521 4.434 4.366 4.242 4.214 4.046 4.042 3.959
0.00024632 -1.80000 9.90000 0.8079792857 2.4214833062    0.807  0.169  3.8178  4.399    1  0.000  0.530     0.00     0.00     0.00     0.00     0.00 -1  -1.3e-13      0.00 8.408e-01 1.590e-01 3.324e-05 9.145e-06 8.355e-05 -1.000 2.265e-04 4.347 6.416 5.482 4.936 4.609 4.419 4.826 4.871 4.753 4.489 4.422 4.337 4.270 4.149 4.122 3.957 3.954 3.874
0.00024632 -1.80000 9.90000 0.8193640113 2.4253128413    0.818  0.228  3.8226  4.365    1  0.000  0.530     0.00     0.00     0.00     0.00     0.00 -1 -1.53e-13      0.00 8.405e-01 1.593e-01 3.338e-05 9.185e-06 8.395e-05 -1.000 1.841e-04 4.200 6.203 5.280 4.757 4.449 4.271 4.662 4.704 4.591 4.336 4.271 4.189 4.124 4.007 3.981 3.821 3.818 3.742
0.00024632 -1.80000 9.90000 0.8289498091 2.4284436302    0.828  0.281  3.8267  4.334    1  0.000  0.530     0.00     0.00     0.00     0.00     0.00 -1 -1.78e-13      0.00 8.402e-01 1.596e-01 3.352e-05 9.224e-06 8.432e-05 -1.000 2.319e-04 4.068 6.016 5.105 4.601 4.309 4.139 4.515 4.555 4.446 4.198 4.135 4.056 3.993 3.879 3.853 3.698 3.695 3.622
0.00024632 -1.80000 9.90000 0.8380426764 2.4313374304    0.837  0.334  3.8305  4.300    1  0.000  0.530     0.00     0.00     0.00     0.00     0.00 -1 -2.08e-13      0.00 8.398e-01 1.600e-01 3.366e-05 9.265e-06 8.470e-05 -1.000 1.840e-04 3.934 5.833 4.932 4.446 4.169 4.008 4.368 4.406 4.300 4.059 3.998 3.921 3.860 3.749 3.724 3.573 3.570 3.501
0.00024632 -1.80000 9.90000 0.8463127017 2.4339073600    0.845  0.386  3.8338  4.267    1  0.000  0.530     0.00     0.00     0.00     0.00     0.00 -1 -2.43e-13      0.00 8.394e-01 1.604e-01 3.380e-05 9.307e-06 8.507e-05 -1.000 1.949e-04 3.806 5.665 4.776 4.305 4.039 3.885 4.228 4.263 4.160 3.926 3.866 3.792 3.731 3.623 3.599 3.452 3.450 3.383
0.00024632 -1.80000 9.90000 0.8500000238 2.4350346840    0.849  0.410  3.8352  4.250    1  0.000  0.530     0.00     0.00     0.00     0.00     0.00 -1 -2.61e-13      0.00 8.391e-01 1.607e-01 3.387e-05 9.325e-06 8.525e-05 -1.000 2.196e-04 3.745 5.589 4.705 4.240 3.979 3.828 4.162 4.196 4.095 3.863 3.804 3.731 3.671 3.564 3.541 3.395 3.393 3.327
0.00024632 -1.80000 9.90000 0.8535381556 2.4361058722    0.852  0.433  3.8367  4.235    1  0.000  0.530     0.00     0.00     0.00     0.00     0.00 -1 -2.79e-13      0.00 8.390e-01 1.607e-01 3.388e-05 9.327e-06 8.528e-05 -1.000 2.383e-04 3.688 5.515 4.636 4.178 3.922 3.774 4.100 4.132 4.032 3.804 3.745 3.673 3.614 3.509 3.485 3.342 3.339 3.275
0.00024632 -1.80000 9.90000 0.8612189889 2.4383964869    0.860  0.485  3.8396  4.197    1  0.000  0.530     0.00     0.00     0.00     0.00     0.00 -1 -3.27e-13      0.00 8.382e-01 1.615e-01 3.401e-05 9.361e-06 8.558e-05 -1.000 2.320e-04 3.557 5.351 4.484 4.038 3.791 3.649 3.958 3.987 3.890 3.668 3.610 3.540 3.482 3.380 3.357 3.216 3.214 3.152
0.00024632 -1.80000 9.90000 0.8696575761 2.4408595157    0.868  0.549  3.8418  4.147    1  0.000  0.530     0.00     0.00     0.00     0.00     0.00 -1    -4e-13      0.00 8.364e-01 1.634e-01 3.430e-05 9.440e-06 8.628e-05 -1.000 2.145e-04 3.399 5.170 4.313 3.878 3.638 3.501 3.790 3.816 3.721 3.504 3.448 3.379 3.323 3.222 3.200 3.063 3.060 3.000
0.00024632 -1.80000 9.90000 0.8702141643 2.4410200409    0.869  0.553  3.8420  4.144    1  0.000  0.530     0.00     0.00     0.00     0.00     0.00 -1 -4.06e-13      0.00 8.362e-01 1.635e-01 3.432e-05 9.446e-06 8.633e-05 -1.000 2.137e-04 3.388 5.158 4.302 3.867 3.628 3.490 3.778 3.805 3.710 3.493 3.437 3.368 3.312 3.212 3.189 3.052 3.050 2.989
0.00024632 -1.80000 9.90000 0.8730869293 2.4418448317    0.871  0.578  3.8420  4.120    1  0.000  0.530     0.00     0.00     0.00     0.00     0.00 -1 -4.41e-13      0.00 8.355e-01 1.643e-01 3.444e-05 9.478e-06 8.661e-05 -1.000 2.092e-04 3.325 5.097 4.243 3.809 3.570 3.433 3.714 3.740 3.645 3.429 3.373 3.305 3.249 3.148 3.126 2.989 2.987 2.926
0.00024632 -1.80000 9.90000 0.8781512976 2.4432837447    0.876  0.625  3.8407  4.070    1  0.000  0.530     0.00     0.00     0.00     0.00     0.00 -1 -5.17e-13      0.00 8.342e-01 1.656e-01 3.464e-05 9.533e-06 8.711e-05 -1.000 2.013e-04 3.207 4.998 4.143 3.706 3.463 3.323 3.597 3.622 3.527 3.309 3.253 3.184 3.128 3.027 3.005 2.867 2.864 2.803
0.00024632 -1.80000 9.90000 0.8823633790 2.4444660440    0.881  0.669  3.8376  4.016    1  0.000  0.530     0.00     0.00     0.00     0.00     0.00 -1 -6.09e-13      0.00 8.332e-01 1.666e-01 3.481e-05 9.578e-06 8.752e-05 -1.000 1.949e-04 3.097 4.929 4.068 3.621 3.367 3.222 3.493 3.518 3.421 3.199 3.142 3.072 3.014 2.911 2.889 2.748 2.745 2.681
0.00024632 -1.80000 9.90000 0.8832556009 2.4447148201    0.881  0.679  3.8367  4.003    1  0.000  0.530     0.00     0.00     0.00     0.00     0.00 -1 -6.34e-13      0.00 8.329e-01 1.669e-01 3.485e-05 9.588e-06 8.760e-05 -1.000 1.936e-04 3.072 4.916 4.054 3.603 3.346 3.199 3.470 3.495 3.397 3.175 3.117 3.046 2.988 2.885 2.862 2.720 2.718 2.653
0.00024632 -1.80000 9.90000 0.8840820789 2.4449447499    0.882  0.689  3.8354  3.988    2  0.000  0.530     0.00     0.00     0.00     0.00     0.00 -1 -6.62e-13      0.00 8.327e-01 1.671e-01 3.488e-05 9.597e-06 8.768e-05 -1.000 1.922e-04 3.046 4.909 4.044 3.587 3.326 3.177 3.448 3.473 3.375 3.150 3.092 3.020 2.962 2.858 2.835 2.692 2.689 2.623
0.00024632 -1.80000 9.90000 0.8868564367 2.4457129856    0.885  0.726  3.8290  3.926    2  0.000  0.531     0.00     0.00     0.00     0.00     0.00 -1 -7.67e-13      0.00 8.320e-01 1.678e-01 3.499e-05 9.627e-06 8.795e-05 -1.000 1.880e-04 2.954 4.906 4.025 3.543 3.258 3.097 3.373 3.400 3.297 3.062 3.002 2.927 2.866 2.757 2.732 2.583 2.580 2.509
0.00024632 -1.80000 9.90000 0.8889636993 2.4462928154    0.887  0.758  3.8208  3.863    2  0.000  0.531     0.00     0.00     0.00     0.00     0.00 -1 -8.87e-13      0.00 8.315e-01 1.683e-01 3.508e-05 9.650e-06 8.815e-05 -1.000 1.849e-04 2.874 4.943 4.046 3.528 3.212 3.033 3.318 3.346 3.237 2.988 2.925 2.845 2.782 2.666 2.640 2.483 2.480 2.402
0.00024632 -1.80000 9.90000 0.8906002045 2.4467409364    0.889  0.787  3.8109  3.795    2  0.000  0.531     0.00     0.00     0.00     0.00     0.00 -1 -1.02e-12      0.00 8.311e-01 1.687e-01 3.514e-05 9.667e-06 8.831e-05 -1.000 1.823e-04 2.802 5.017 4.101 3.536 3.180 2.981 3.279 3.308 3.191 2.925 2.858 2.772 2.705 2.582 2.554 2.387 2.383 2.297
0.00024632 -1.80000 9.90000 0.8919059634 2.4470971337    0.890  0.813  3.8005  3.729    2  0.000  0.531     0.00     0.00     0.00     0.00     0.00 -1 -1.17e-12      0.00 8.307e-01 1.692e-01 3.523e-05 9.690e-06 8.851e-05 -1.000 1.798e-04 2.739 5.123 4.192 3.567 3.163 2.939 3.255 3.285 3.159 2.872 2.801 2.708 2.637 2.506 2.476 2.299 2.293 2.199
0.00024632 -1.80000 9.90000 0.8927291632 2.4473210782    0.891  0.830  3.7922  3.678    2  0.000  0.531     0.00     0.00     0.00     0.00     0.00 -1  -1.3e-12      0.00 8.302e-01 1.696e-01 3.532e-05 9.715e-06 8.874e-05 -1.000 1.776e-04 2.695 5.221 4.286 3.609 3.165 2.920 3.247 3.276 3.142 2.838 2.764 2.665 2.590 2.453 2.422 2.236 2.230 2.129
0.00024632 -1.80000 9.90000 0.8934526443 2.4475175033    0.891  0.845  3.7836  3.629    2  0.000  0.531     0.00     0.00     0.00     0.00     0.00 -1 -1.42e-12      0.00 8.277e-01 1.721e-01 3.582e-05 9.849e-06 8.994e-05 -1.000 1.713e-04 2.656 5.331 4.399 3.665 3.176 2.910 3.246 3.274 3.132 2.810 2.731 2.627 2.549 2.405 2.372 2.178 2.171 2.063
0.00024632 -1.80000 9.90000 0.8943096399 2.4477497048    0.892  0.863  3.7727  3.568    2  0.000  0.532     0.00     0.00     0.00     0.00     0.00 -1 -1.59e-12      0.00 8.170e-01 1.829e-01 3.770e-05 1.035e-05 9.444e-05 -1.000 1.836e-04 2.612 5.486 4.580 3.763 3.208 2.912 3.255 3.279 3.126 2.778 2.695 2.584 2.502 2.349 2.314 2.109 2.101 1.984
0.00024632 -1.80000 9.90000 0.8951122165 2.4479666979    0.893  0.881  3.7632  3.512    2  0.000  0.534     0.00     0.00     0.00     0.00     0.00 -1 -1.76e-12      0.00 7.918e-01 2.080e-01 4.129e-05 1.131e-05 1.030e-04 -1.000 2.469e-04 2.567 5.614 4.756 3.859 3.239 2.915 3.260 3.279 3.116 2.746 2.659 2.542 2.456 2.296 2.259 2.044 2.036 1.910
0.00024632 -1.80000 9.90000 0.8959258795 2.4481862322    0.894  0.908  3.7547  3.452    2  0.000  0.536     0.00     0.00     0.00     0.00     0.00 -1    -2e-12      0.00 7.757e-01 2.240e-01 4.366e-05 1.194e-05 1.086e-04 -1.000 2.674e-04 2.500 5.696 4.914 3.937 3.253 2.903 3.244 3.255 3.083 2.692 2.601 2.479 2.389 2.222 2.184 1.960 1.951 1.818
0.00024632 -1.80000 9.90000 0.8966980577 2.4483941497    0.894  0.946  3.7482  3.388    2  0.000  0.536     0.00     0.00     0.00     0.00     0.00 -1 -2.35e-12      0.00 7.683e-01 2.315e-01 4.477e-05 1.224e-05 1.113e-04 -1.000 2.567e-04 2.405 5.706 5.000 3.958 3.223 2.854 3.188 3.193 3.013 2.606 2.513 2.386 2.294 2.123 2.083 1.852 1.843 1.704
0.00024632 -1.80000 9.90000 0.8971232772 2.4485084691    0.895  0.972  3.7452  3.351    2  0.000  0.537     0.00     0.00     0.00     0.00     0.00 -1 -2.61e-12      0.00 7.656e-01 2.342e-01 4.517e-05 1.235e-05 1.122e-04 -1.000 2.455e-04 2.341 5.688 5.026 3.952 3.192 2.814 3.144 3.145 2.962 2.548 2.453 2.324 2.231 2.057 2.017 1.783 1.773 1.632
0.00024632 -1.80000 9.90000 0.8974081874 2.4485849969    0.895  0.993  3.7437  3.324    3  0.000  0.537     0.00     0.00     0.00     0.00     0.00 -1 -2.83e-12      0.00 7.644e-01 2.354e-01 4.533e-05 1.239e-05 1.126e-04 -1.000 2.148e-04 2.287 5.657 5.016 3.927 3.155 2.772 3.099 3.099 2.915 2.496 2.401 2.271 2.178 2.002 1.962 1.727 1.717 1.574
0.00024632 -1.80000 9.90000 0.8979834318 2.4487393392    0.895  1.039  3.7410  3.267    3  0.000  0.537     0.00     0.00     0.00     0.00     0.00 -1 -3.35e-12      0.00 7.621e-01 2.377e-01 4.560e-05 1.246e-05 1.133e-04 -1.000 2.335e-04 2.173 5.583 4.982 3.865 3.071 2.681 3.002 3.000 2.812 2.387 2.291 2.159 2.064 1.887 1.845 1.607 1.597 1.452
0.00024632 -1.80000 9.90000 0.8984652758 2.4488684466    0.896  1.080  3.7389  3.218    3  0.000  0.537     0.00     0.00     0.00     0.00     0.00 -1 -3.89e-12      0.00 7.603e-01 2.395e-01 4.579e-05 1.251e-05 1.137e-04 -1.000 2.443e-04 2.070 5.508 4.942 3.804 2.994 2.597 2.914 2.908 2.718 2.288 2.191 2.058 1.963 1.784 1.742 1.502 1.491 1.344
0.00024632 -1.80000 9.90000 0.8989386559 2.4489951312    0.896  1.124  3.7371  3.167    3  0.000  0.537     0.00     0.00     0.00     0.00     0.00 -1 -4.56e-12      0.00 7.586e-01 2.411e-01 4.593e-05 1.256e-05 1.141e-04 -1.000 2.284e-04 1.961 5.423 4.891 3.734 2.909 2.508 2.818 2.810 2.617 2.183 2.085 1.951 1.855 1.675 1.633 1.391 1.380 1.231
0.00024632 -1.80000 9.90000 0.8994364142 2.4491281744    0.897  1.172  3.7352  3.111    3  0.000  0.537     0.00     0.00     0.00     0.00     0.00 -1 -5.43e-12      0.00 7.568e-01 2.429e-01 4.604e-05 1.260e-05 1.144e-04 -1.000 2.492e-04 1.840 5.325 4.828 3.651 2.811 2.405 2.709 2.698 2.504 2.065 1.967 1.831 1.735 1.553 1.511 1.267 1.256 1.105
0.00024632 -1.80000 9.90000 0.8998550177 2.4492399297    0.897  1.216  3.7337  3.062    3  0.000  0.536     0.00     0.00     0.00     0.00     0.00 -1 -6.36e-12      0.00 7.552e-01 2.445e-01 4.605e-05 1.264e-05 1.146e-04 -1.000 2.580e-04 1.730 5.235 4.766 3.574 2.722 2.312 2.610 2.598 2.401 1.959 1.860 1.724 1.627 1.444 1.401 1.156 1.145 0.992
0.00024632 -1.80000 9.90000 0.9000000358 2.4492786175    0.897  1.231  3.7331  3.044    3  0.000  0.535     0.00     0.00     0.00     0.00     0.00 -1 -6.73e-12      0.00 7.547e-01 2.451e-01 4.605e-05 1.266e-05 1.147e-04 -1.000 2.554e-04 1.691 5.203 4.743 3.546 2.689 2.278 2.575 2.562 2.365 1.921 1.822 1.685 1.588 1.405 1.362 1.116 1.105 0.952
0.00024632 -1.80000 9.90000 0.9000144005 2.4492824489    0.897  1.233  3.7331  3.042    3  0.000  0.535     0.00     0.00     0.00     0.00     0.00 -1 -6.76e-12      0.00 7.546e-01 2.451e-01 4.605e-05 1.266e-05 1.147e-04 -1.000 2.551e-04 1.688 5.200 4.741 3.543 2.686 2.275 2.572 2.558 2.361 1.917 1.818 1.682 1.585 1.401 1.358 1.112 1.101 0.948
0.00024632 -1.80000 9.90000 0.9004134536 2.4493888302    0.898  1.278  3.7316  2.991    3  0.000  0.533     0.00     0.00     0.00     0.00     0.00 -1 -7.95e-12      0.00 7.531e-01 2.467e-01 4.590e-05 1.277e-05 1.149e-04 -1.000 2.634e-04 1.574 5.106 4.674 3.461 2.592 2.177 2.468 2.453 2.254 1.807 1.708 1.570 1.473 1.288 1.245 0.997 0.986 0.832
0.00024632 -1.80000 9.90000 0.9008055925 2.4494932627    0.898  1.326  3.7300  2.937    3  0.000  0.529     0.00     0.00     0.00     0.00     0.00 -1 -9.45e-12      0.00 7.515e-01 2.482e-01 4.557e-05 1.304e-05 1.150e-04 -1.000 2.680e-04 1.455 5.008 4.609 3.377 2.495 2.075 2.360 2.342 2.141 1.691 1.591 1.452 1.354 1.169 1.125 0.876 0.865 0.708
0.00024632 -1.80000 9.90000 0.9011395574 2.4495821202    0.898  1.370  3.7286  2.888    3  0.000  0.523     0.00     0.00     0.00     0.00     0.00 -1 -1.11e-11      0.00 7.501e-01 2.496e-01 4.511e-05 1.347e-05 1.152e-04 -1.000 2.643e-04 1.345 4.915 4.552 3.303 2.407 1.983 2.261 2.240 2.038 1.584 1.483 1.344 1.246 1.059 1.015 0.765 0.753 0.596
0.00024632 -1.80000 9.90000 0.9014707208 2.4496701575    0.898  1.417  3.7271  2.835    3  0.000  0.516     0.00     0.00     0.00     0.00     0.00 -1 -1.31e-11      0.00 7.489e-01 2.509e-01 4.452e-05 1.409e-05 1.153e-04 -1.000 2.533e-04 1.228 4.816 4.490 3.222 2.312 1.884 2.154 2.132 1.928 1.470 1.369 1.229 1.130 0.942 0.898 0.646 0.634 0.475
0.00024632 -1.80000 9.90000 0.9017746449 2.4497508880    0.898  1.463  3.7255  2.782    3  0.000  0.509     0.00     0.00     0.00     0.00     0.00 -1 -1.55e-11      0.00 7.478e-01 2.520e-01 4.393e-05 1.479e-05 1.154e-04 -1.000 2.492e-04 1.112 4.718 4.430 3.144 2.219 1.786 2.049 2.024 1.818 1.357 1.255 1.114 1.015 0.826 0.781 0.528 0.516 0.356
0.00024632 -1.80000 9.90000 0.9020502567 2.4498240440    0.899  1.509  3.7239  2.730    3  0.000  0.503     0.00     0.00     0.00     0.00     0.00 -1 -1.83e-11      0.00 7.469e-01 2.528e-01 4.342e-05 1.541e-05 1.154e-04 -1.000 2.601e-04 0.998 4.622 4.373 3.067 2.128 1.691 1.947 1.919 1.711 1.246 1.144 1.002 0.902 0.712 0.667 0.412 0.400 0.238
0.00024632 -1.80000 9.90000 0.9023117423 2.4498934028    0.899  1.556  3.7223  2.677    3  0.000  0.498     0.00     0.00     0.00     0.00     0.00 -1 -2.17e-11      0.00 7.462e-01 2.535e-01 4.301e-05 1.593e-05 1.155e-04 -1.000 2.678e-04 0.880 4.523 4.313 2.987 2.033 1.591 1.841 1.811 1.601 1.132 1.029 0.886 0.786 0.595 0.549 0.293 0.281 0.117
0.00024632 -1.80000 9.90000 0.9025424719 2.4499545653    0.899  1.601  3.7207  2.626    3  0.000  0.494     0.00     0.00     0.00     0.00     0.00 -1 -2.55e-11      0.00 7.456e-01 2.541e-01 4.269e-05 1.633e-05 1.155e-04 -1.000 2.677e-04 0.767 4.430 4.257 2.912 1.943 1.496 1.740 1.708 1.496 1.024 0.920 0.776 0.675 0.483 0.437 0.179 0.166 0.001
0.00024632 -1.80000 9.90000 0.9027554393 2.4500109874    0.899  1.646  3.7191  2.574    3  0.000  0.491     0.00     0.00     0.00     0.00     0.00 -1 -2.99e-11      0.00 7.452e-01 2.545e-01 4.245e-05 1.664e-05 1.155e-04 -1.000 2.680e-04 0.656 4.335 4.206 2.840 1.855 1.404 1.641 1.606 1.392 0.916 0.811 0.666 0.565 0.371 0.325 0.065 0.053 -0.114
0.00024632 -1.80000 9.90000 0.9029620290 2.4500656907    0.899  1.693  3.7174  2.520    3  0.000  0.489     0.00     0.00     0.00     0.00     0.00 -1 -3.55e-11      0.00 7.449e-01 2.549e-01 4.226e-05 1.688e-05 1.155e-04 -1.000 2.681e-04 0.537 4.234 4.153 2.764 1.763 1.306 1.537 1.499 1.283 0.802 0.697 0.551 0.449 0.254 0.208 -0.054 -0.067 -0.235
0.00024632 -1.80000 9.90000 0.9031397700 2.4501127320    0.899  1.737  3.7158  2.470    3  0.000  0.488     0.00     0.00     0.00     0.00     0.00 -1 -4.17e-11      0.00 7.447e-01 2.550e-01 4.217e-05 1.699e-05 1.155e-04 -1.000 2.681e-04 0.427 4.142 4.114 2.702 1.681 1.219 1.440 1.400 1.181 0.696 0.590 0.443 0.340 0.144 0.098 -0.166 -0.179 -0.349
0.00024632 -1.80000 9.90000 0.9033102393 2.4501578287    0.899  1.783  3.7140  2.417    3  0.000  0.487     0.00     0.00     0.00     0.00     0.00 -1 -4.92e-11      0.00 7.446e-01 2.551e-01 4.212e-05 1.706e-05 1.156e-04 -1.000 2.681e-04 0.313 4.048 4.083 2.644 1.600 1.132 1.342 1.297 1.076 0.585 0.478 0.330 0.227 0.030 -0.018 -0.283 -0.296 -0.467
0.00024632 -1.80000 9.90000 0.9034721255 2.4502006367    0.899  1.831  3.7122  2.362    3  0.000  0.487     0.00     0.00     0.00     0.00     0.00 -1 -5.85e-11      0.00 7.446e-01 2.551e-01 4.211e-05 1.707e-05 1.156e-04 -1.000 2.682e-04 0.194 3.949 4.050 2.583 1.515 1.040 1.239 1.191 0.967 0.470 0.363 0.213 0.109 -0.089 -0.137 -0.404 -0.417 -0.591
0.00024632 -1.80000 9.90000 0.9036129117 2.4502378509    0.899  1.875  3.7104  2.310    3  0.000  0.487     0.00     0.00     0.00     0.00     0.00 -1 -6.89e-11      0.00 7.446e-01 2.552e-01 4.211e-05 1.708e-05 1.156e-04 -1.000 2.683e-04 0.082 3.857 4.022 2.527 1.436 0.955 1.144 1.091 0.864 0.362 0.254 0.103 -0.001 -0.201 -0.249 -0.519 -0.532 -0.707
0.00024632 -1.80000 9.90000 0.9037452936 2.4502728313    0.898  1.921  3.7086  2.257    3  0.000  0.487     0.00     0.00     0.00     0.00     0.00 -1 -8.14e-11      0.00 7.446e-01 2.552e-01 4.210e-05 1.708e-05 1.156e-04 -1.000 2.681e-04 -0.032 3.762 4.000 2.475 1.359 0.871 1.048 0.992 0.761 0.253 0.144 -0.008 -0.113 -0.315 -0.363 -0.635 -0.648 -0.825
0.00024632 -1.80000 9.90000 0.9038683772 2.4503053443    0.898  1.967  3.7067  2.203    3  0.000  0.487     0.00     0.00     0.00     0.00     0.00 -1 -9.62e-11      0.00 7.446e-01 2.552e-01 4.210e-05 1.709e-05 1.156e-04 -1.000 2.682e-04 -0.147 3.665 3.979 2.422 1.281 0.786 0.952 0.891 0.657 0.144 0.034 -0.120 -0.226 -0.429 -0.478 -0.751 -0.765 -0.944
0.00024632 -1.80000 9.90000 0.9039782286 2.4503343532    0.898  2.011  3.7049  2.152    3  0.000  0.487     0.00     0.00     0.00     0.00     0.00 -1 -1.13e-10      0.00 7.446e-01 2.552e-01 4.209e-05 1.710e-05 1.156e-04 -1.000 2.682e-04 -0.258 3.572 3.962 2.374 1.207 0.705 0.860 0.795 0.558 0.038 -0.072 -0.228 -0.335 -0.539 -0.589 -0.864 -0.878 -1.058
0.00024632 -1.80000 9.90000 0.9040814042 2.4503615920    0.898  2.056  3.7030  2.099    3  0.000  0.487     0.00     0.00     0.00     0.00     0.00 -1 -1.33e-10      0.00 7.445e-01 2.552e-01 4.209e-05 1.710e-05 1.156e-04 -1.000 2.682e-04 -0.370 3.478 3.946 2.326 1.133 0.624 0.768 0.699 0.458 -0.068 -0.180 -0.337 -0.444 -0.650 -0.700 -0.978 -0.992 -1.174
0.00024632 -1.80000 9.90000 0.9041765332 2.4503867000    0.897  2.101  3.7011  2.046    3  0.000  0.487     0.00     0.00     0.00     0.00     0.00 -1 -1.57e-10      0.00 7.445e-01 2.552e-01 4.209e-05 1.710e-05 1.156e-04 -1.000 2.681e-04 -0.482 3.384 3.932 2.279 1.059 0.543 0.676 0.602 0.358 -0.175 -0.287 -0.445 -0.554 -0.762 -0.812 -1.092 -1.106 -1.290
0.00024632 -1.80000 9.90000 0.9042642117 2.4504098362    0.897  2.145  3.6991  1.994    3  0.000  0.487     0.00     0.00     0.00     0.00     0.00 -1 -1.85e-10      0.00 7.445e-01 2.552e-01 4.208e-05 1.711e-05 1.156e-04 -1.000 2.682e-04 -0.593 3.290 3.925 2.238 0.989 0.465 0.587 0.508 0.260 -0.280 -0.393 -0.553 -0.662 -0.872 -0.923 -1.204 -1.219 -1.405
0.00024632 -1.80000 9.90000 0.9043501019 2.4504324955    0.897  2.191  3.6971  1.941    3  0.000  0.487     0.00     0.00     0.00     0.00     0.00 -1 -2.18e-10      0.00 7.445e-01 2.552e-01 4.208e-05 1.711e-05 1.156e-04 -1.000 2.681e-04 -0.706 3.195 3.937 2.210 0.925 0.393 0.498 0.413 0.161 -0.386 -0.501 -0.662 -0.772 -0.984 -1.035 -1.319 -1.334 -1.523
0.00024632 -1.80000 9.90000 0.9044430256 2.4504570048    0.896  2.229  3.6955  1.895    3  0.000  0.487     0.00     0.00     0.00     0.00     0.00 -1 -2.52e-10      0.00 7.445e-01 2.552e-01 4.208e-05 1.712e-05 1.156e-04 -1.000 2.681e-04 -0.803 3.113 3.948 2.186 0.871 0.331 0.422 0.332 0.076 -0.478 -0.593 -0.756 -0.867 -1.080 -1.132 -1.418 -1.433 -1.623
0.00024632 -1.80000 9.90000 0.9044862986 2.4504684164    0.896  2.245  3.6948  1.876    3  0.000  0.487     0.00     0.00     0.00     0.00     0.00 -1 -2.67e-10      0.00 7.445e-01 2.552e-01 4.208e-05 1.712e-05 1.156e-04 -1.000 2.681e-04 -0.843 3.079 3.953 2.178 0.849 0.306 0.391 0.299 0.041 -0.515 -0.631 -0.794 -0.906 -1.119 -1.171 -1.458 -1.473 -1.664
0.00024632 -1.80000 9.90000 0.9045498967 2.4504851856    0.895  2.221  3.6963  1.906    3  0.000  0.487     0.00     0.00     0.00     0.00     0.00 -1 -2.47e-10      0.00 7.445e-01 2.552e-01 4.208e-05 1.712e-05 1.156e-04 -1.000 2.682e-04 -0.782 3.128 3.924 2.178 0.875 0.338 0.434 0.346 0.091 -0.459 -0.574 -0.736 -0.847 -1.059 -1.111 -1.396 -1.411 -1.600
0.00024632 -1.80000 9.90000 0.9045532942 2.4504860814    0.895  2.219  3.6964  1.908    3  0.000  0.487     0.00     0.00     0.00     0.00     0.00 -1 -2.46e-10      0.00 7.445e-01 2.552e-01 4.207e-05 1.712e-05 1.156e-04 -1.000 2.681e-04 -0.778 3.131 3.923 2.178 0.876 0.340 0.436 0.349 0.094 -0.456 -0.571 -0.733 -0.843 -1.055 -1.107 -1.392 -1.407 -1.596
0.00024632 -1.80000 9.90000 0.9045780301 2.4504926029    0.895  2.236  3.6955  1.888    3  0.000  0.487     0.00     0.00     0.00     0.00     0.00 -1 -2.59e-10      0.00 7.445e-01 2.552e-01 4.207e-05 1.712e-05 1.156e-04 -1.000 2.681e-04 -0.820 3.096 3.933 2.172 0.855 0.315 0.405 0.315 0.059 -0.495 -0.610 -0.773 -0.884 -1.097 -1.149 -1.435 -1.450 -1.640
0.00024632 -1.80000 9.90000 0.9046354294 2.4505077343    0.895  2.277  3.6936  1.839    3  0.000  0.487     0.00     0.00     0.00     0.00     0.00 -1    -3e-10      0.00 7.445e-01 2.552e-01 4.207e-05 1.713e-05 1.156e-04 -1.000 2.682e-04 -0.923 3.010 3.952 2.152 0.800 0.252 0.326 0.231 -0.030 -0.591 -0.707 -0.872 -0.984 -1.198 -1.251 -1.539 -1.555 -1.747
0.00024632 -1.80000 9.90000 0.9046874046 2.4505214339    0.894  2.316  3.6918  1.792    3  0.000  0.487     0.00     0.00     0.00     0.00     0.00 -1 -3.46e-10      0.00 7.445e-01 2.552e-01 4.207e-05 1.713e-05 1.156e-04 -1.000 2.681e-04 -1.021 2.927 3.966 2.132 0.747 0.191 0.252 0.150 -0.114 -0.682 -0.800 -0.966 -1.079 -1.295 -1.348 -1.638 -1.654 -1.848
0.00024632 -1.80000 9.90000 0.9047382474 2.4505348332    0.894  2.357  3.6898  1.744    3  0.000  0.487     0.00     0.00     0.00     0.00     0.00 -1 -4.02e-10      0.00 7.445e-01 2.552e-01 4.207e-05 1.713e-05 1.156e-04 -1.000 2.681e-04 -1.121 2.843 3.990 2.116 0.695 0.130 0.177 0.070 -0.200 -0.776 -0.894 -1.062 -1.176 -1.394 -1.447 -1.740 -1.756 -1.952
0.00024632 -1.80000 9.90000 0.9047835469 2.4505467702    0.893  2.395  3.6879  1.698    3  0.000  0.487     0.00     0.00     0.00     0.00     0.00 -1 -4.63e-10      0.00 7.445e-01 2.552e-01 4.207e-05 1.713e-05 1.156e-04 -1.000 2.681e-04 -1.217 2.761 4.018 2.107 0.650 0.077 0.108 -0.006 -0.280 -0.864 -0.983 -1.153 -1.267 -1.487 -1.541 -1.836 -1.852 -2.051
0.00024632 -1.80000 9.90000 0.9048264623 2.4505580777    0.893  2.433  3.6861  1.652    3  0.000  0.487     0.00     0.00     0.00     0.00     0.00 -1 -5.34e-10      0.00 7.445e-01 2.552e-01 4.207e-05 1.713e-05 1.156e-04 -1.000 2.681e-04 -1.313 2.679 4.043 2.096 0.603 0.022 0.037 -0.082 -0.361 -0.953 -1.073 -1.244 -1.360 -1.581 -1.636 -1.933 -1.950 -2.150
0.00024632 -1.80000 9.90000 0.9048660994 2.4505685203    0.892  2.471  3.6841  1.606    3  0.000  0.487     0.00     0.00     0.00     0.00     0.00 -1 -6.14e-10      0.00 7.445e-01 2.552e-01 4.206e-05 1.714e-05 1.156e-04 -1.000 2.681e-04 -1.408 2.598 4.047 2.109 0.579 -0.012 -0.021 -0.151 -0.437 -1.041 -1.162 -1.335 -1.452 -1.675 -1.730 -2.030 -2.047 -2.249
0.00024632 -1.80000 9.90000 0.9049029946 2.4505782397    0.891  2.509  3.6822  1.560    3  0.000  0.487     6.14     4.93     3.52     2.71     2.19  4 -7.06e-10      0.00 7.445e-01 2.552e-01 4.206e-05 1.714e-05 1.156e-04 -1.000 2.682e-04 -1.502 2.519 4.049 2.129 0.560 -0.041 -0.076 -0.217 -0.512 -1.128 -1.251 -1.426 -1.544 -1.769 -1.825 -2.127 -2.144 -2.348
0.00024632 -1.80000 9.90000 0.9049376249 2.4505873615    0.890  2.546  3.6804  1.515    3  0.000  0.487     6.75     5.34     3.81     2.93     2.37  4 -8.11e-10      0.00 7.445e-01 2.552e-01 4.206e-05 1.714e-05 1.156e-04 -1.000 2.681e-04 -1.596 2.440 4.053 2.151 0.543 -0.069 -0.130 -0.282 -0.586 -1.214 -1.340 -1.517 -1.636 -1.863 -1.919 -2.223 -2.240 -2.446
0.00024632 -1.80000 9.90000 0.9049763680 2.4505975657    0.889  2.591  3.6779  1.459    3  0.000  0.487     7.58     5.91     4.19     3.23     2.61  3 -9.59e-10      0.00 7.445e-01 2.552e-01 4.206e-05 1.714e-05 1.156e-04 -1.000 2.681e-04 -1.709 2.346 4.077 2.203 0.539 -0.086 -0.184 -0.353 -0.669 -1.316 -1.443 -1.624 -1.745 -1.975 -2.032 -2.339 -2.356 -2.565
0.00024632 -1.80000 9.90000 0.9050052762 2.4506051789    0.889  2.627  3.6760  1.416    3  0.000  0.487     8.30     6.39     4.52     3.49     2.82  3  -1.1e-09      0.00 7.445e-01 2.552e-01 4.206e-05 1.714e-05 1.156e-04 -1.000 2.682e-04 -1.798 2.270 4.097 2.248 0.538 -0.097 -0.225 -0.408 -0.734 -1.396 -1.525 -1.709 -1.831 -2.064 -2.121 -2.431 -2.448 -2.660
0.00024632 -1.80000 9.90000 0.9050387740 2.4506140002    0.887  2.672  3.6736  1.361    3  0.000  0.487     9.32     7.06     4.97     3.84     3.11  3  -1.3e-09      0.00 7.445e-01 2.552e-01 4.206e-05 1.714e-05 1.156e-04 -1.000 2.682e-04 -1.910 2.177 4.132 2.315 0.545 -0.102 -0.269 -0.470 -0.810 -1.494 -1.627 -1.813 -1.939 -2.174 -2.232 -2.546 -2.564 -2.777
0.00024632 -1.80000 9.90000 0.9050688744 2.4506219261    0.886  2.715  3.6712  1.307    3  0.000  0.487    10.42     7.77     5.45     4.21     3.41  3 -1.52e-09      0.00 7.445e-01 2.552e-01 4.206e-05 1.715e-05 1.156e-04 -1.000 2.681e-04 -2.018 2.088 4.174 2.390 0.559 -0.100 -0.306 -0.527 -0.882 -1.588 -1.724 -1.914 -2.042 -2.281 -2.340 -2.657 -2.675 -2.892
0.00024632 -1.80000 9.90000 0.9050918221 2.4506279683    0.885  2.750  3.6693  1.264    3  0.000  0.486    11.41     8.40     5.86     4.54     3.68  3 -1.74e-09      0.00 7.445e-01 2.552e-01 4.206e-05 1.715e-05 1.156e-04 -1.000 2.683e-04 -2.105 2.014 4.206 2.450 0.570 -0.098 -0.336 -0.572 -0.940 -1.664 -1.802 -1.996 -2.125 -2.368 -2.427 -2.747 -2.765 -2.984
0.00024632 -1.80000 9.90000 0.9051170945 2.4506346220    0.884  2.791  3.6668  1.212    3  0.000  0.486    12.72     9.22     6.41     4.97     4.03  3 -2.03e-09      0.00 7.445e-01 2.552e-01 4.206e-05 1.715e-05 1.156e-04 -1.000 2.681e-04 -2.208 1.931 4.266 2.550 0.604 -0.075 -0.356 -0.615 -1.000 -1.749 -1.891 -2.090 -2.222 -2.468 -2.528 -2.852 -2.871 -3.093
0.00024632 -1.80000 9.90000 0.9051407576 2.4506408517    0.882  2.833  3.6645  1.161    3  0.000  0.486    14.15    10.11     7.00     5.44     4.41  3 -2.37e-09      0.00 7.445e-01 2.552e-01 4.206e-05 1.715e-05 1.156e-04 -1.000 2.681e-04 -2.312 1.845 4.314 2.635 0.629 -0.060 -0.382 -0.660 -1.062 -1.836 -1.982 -2.184 -2.319 -2.569 -2.630 -2.958 -2.977 -3.202
0.00024632 -1.80000 9.90000 0.9051625729 2.4506465946    0.881  2.874  3.6620  1.109    3  0.000  0.486    15.77    11.09     7.65     5.95     4.83  2 -2.76e-09      0.00 7.445e-01 2.553e-01 4.205e-05 1.715e-05 1.156e-04 -1.000 2.682e-04 -2.414 1.763 4.383 2.748 0.673 -0.025 -0.391 -0.694 -1.116 -1.919 -2.068 -2.276 -2.413 -2.668 -2.730 -3.063 -3.082 -3.310
0.00024632 -1.80000 9.90000 0.9051822424 2.4506517724    0.879  2.913  3.6597  1.060    3  0.000  0.486    17.47    12.11     8.32     6.48     5.26  2  -3.2e-09      0.00 7.445e-01 2.553e-01 4.205e-05 1.715e-05 1.156e-04 -1.000 2.681e-04 -2.512 1.683 4.442 2.851 0.715 0.009 -0.399 -0.725 -1.166 -1.997 -2.151 -2.363 -2.504 -2.763 -2.826 -3.163 -3.182 -3.413
0.00024632 -1.80000 9.90000 0.9052010775 2.4506567302    0.877  2.953  3.6573  1.009    3  0.000  0.486    19.44    13.27     9.08     7.08     5.75  2 -3.73e-09      0.00 7.445e-01 2.553e-01 4.205e-05 1.715e-05 1.156e-04 -1.000 2.681e-04 -2.612 1.601 4.504 2.956 0.757 0.043 -0.405 -0.754 -1.215 -2.075 -2.232 -2.450 -2.593 -2.857 -2.921 -3.263 -3.283 -3.518
0.00024632 -1.80000 9.90000 0.9052178264 2.4506611388    0.875  2.991  3.6549  0.961    3  0.000  0.486    21.51    14.48     9.86     7.71     6.25  2  -4.3e-09      0.00 7.445e-01 2.553e-01 4.205e-05 1.715e-05 1.156e-04 -1.000 2.681e-04 -2.706 1.521 4.570 3.022 0.768 0.047 -0.423 -0.788 -1.264 -2.146 -2.306 -2.530 -2.675 -2.944 -3.009 -3.356 -3.376 -3.615
0.00024632 -1.80000 9.90000 0.9052332044 2.4506651863    0.873  3.027  3.6526  0.914    3  0.000  0.486    23.74    15.76    10.69     8.37     6.79  2 -4.95e-09      0.00 7.445e-01 2.553e-01 4.205e-05 1.715e-05 1.156e-04 -1.000 2.682e-04 -2.799 1.444 4.631 3.086 0.780 0.053 -0.438 -0.818 -1.310 -2.215 -2.379 -2.607 -2.754 -3.028 -3.094 -3.446 -3.467 -3.709
0.00024632 -1.80000 9.90000 0.9052482247 2.4506691395    0.871  3.066  3.6501  0.865    3  0.000  0.486    26.31    17.21    11.63     9.12     7.40  2 -5.73e-09      0.00 7.445e-01 2.553e-01 4.205e-05 1.715e-05 1.156e-04 -1.000 2.681e-04 -2.894 1.365 4.699 3.159 0.796 0.062 -0.450 -0.847 -1.355 -2.285 -2.452 -2.686 -2.836 -3.114 -3.182 -3.540 -3.561 -3.807
0.00024632 -1.80000 9.90000 0.9052612185 2.4506725593    0.868  3.100  3.6479  0.820    3  0.000  0.486    28.88    18.64    12.55     9.85     8.00  2 -6.54e-09      0.00 7.445e-01 2.553e-01 4.205e-05 1.715e-05 1.156e-04 -1.000 2.682e-04 -2.981 1.291 4.742 3.215 0.805 0.066 -0.466 -0.876 -1.399 -2.349 -2.519 -2.758 -2.910 -3.193 -3.262 -3.624 -3.645 -3.895
0.00024632 -1.80000 9.90000 0.9052739739 2.4506759162    0.865  3.136  3.6455  0.773    3  0.000  0.486    31.88    20.29    13.61    10.69     8.68  1 -7.52e-09      0.00 7.445e-01 2.553e-01 4.205e-05 1.716e-05 1.156e-04 -1.000 2.682e-04 -3.071 1.217 4.799 3.285 0.823 0.077 -0.476 -0.903 -1.440 -2.414 -2.587 -2.831 -2.985 -3.273 -3.343 -3.711 -3.733 -3.987
0.00024632 -1.80000 9.90000 0.9052861929 2.4506791318    0.863  3.173  3.6431  0.725    3  0.000  0.486    35.20    22.09    14.76    11.61     9.43  1 -8.64e-09      0.00 7.445e-01 2.553e-01 4.205e-05 1.716e-05 1.156e-04 -1.000 2.682e-04 -3.162 1.141 4.850 3.351 0.838 0.086 -0.488 -0.930 -1.483 -2.479 -2.656 -2.905 -3.061 -3.354 -3.426 -3.799 -3.821 -4.079
0.00024632 -1.80000 9.90000 0.9052969813 2.4506819708    0.860  3.206  3.6409  0.682    3  0.000  0.486    38.54    23.88    15.90    12.52    10.17  1 -9.83e-09      0.00 7.445e-01 2.553e-01 4.205e-05 1.716e-05 1.156e-04 -1.000 2.682e-04 -3.245 1.072 4.894 3.413 0.852 0.094 -0.497 -0.953 -1.521 -2.539 -2.718 -2.972 -3.131 -3.429 -3.501 -3.879 -3.902 -4.164
0.00024632 -1.80000 9.90000 0.9053074718 2.4506847314    0.856  3.240  3.6386  0.637    3  0.000  0.486    42.32    25.86    17.16    13.53    10.99  1 -1.12e-08      0.00 7.445e-01 2.553e-01 4.205e-05 1.716e-05 1.156e-04 -1.000 2.681e-04 -3.330 1.002 4.928 3.478 0.868 0.106 -0.501 -0.971 -1.555 -2.596 -2.779 -3.039 -3.199 -3.502 -3.576 -3.960 -3.983 -4.249
0.00024632 -1.80000 9.90000 0.9053167701 2.4506871782    0.853  3.268  3.6369  0.600    3  0.000  0.486    45.67    27.60    18.26    14.41    11.71  1 -1.26e-08      0.00 7.445e-01 2.553e-01 4.205e-05 1.716e-05 1.156e-04 -1.000 2.681e-04 -3.400 0.944 4.945 3.524 0.877 0.112 -0.505 -0.987 -1.583 -2.643 -2.829 -3.093 -3.256 -3.563 -3.638 -4.026 -4.049 -4.318
0.00024632 -1.80000 9.90000 0.9053167701 2.4506871782    0.853  1.774  3.7637  2.602    4  0.000  0.510     0.00     0.00     0.00     0.00     0.00 -1    -1e-30      0.00 7.463e-01 2.534e-01 4.431e-05 1.484e-05 1.161e-04 -1.000 2.682e-04 0.334 3.434 2.641 1.745 1.119 0.802 0.997 1.000 0.846 0.493 0.409 0.296 0.212 0.056 0.020 -0.191 -0.199 -0.325
0.00024632 -1.80000 9.90000 0.9053967595 2.4507082245    0.853  1.794  3.7603  2.568    4  0.000  0.510     0.00     0.00     0.00     0.00     0.00 -1    -1e-30      0.00 7.463e-01 2.534e-01 4.431e-05 1.484e-05 1.161e-04 -1.000 2.681e-04 0.286 3.438 2.663 1.739 1.092 0.766 0.968 0.969 0.811 0.450 0.365 0.249 0.165 0.006 -0.031 -0.245 -0.254 -0.383
0.00024632 -1.80000 9.90000 0.9054765701 2.4507292196    0.853  1.797  3.7600  2.564    4  0.000  0.510     0.00     0.00     0.00     0.00     0.00 -1    -1e-30      0.00 7.463e-01 2.534e-01 4.431e-05 1.485e-05 1.161e-04 -1.000 2.681e-04 0.279 3.436 2.663 1.737 1.088 0.761 0.963 0.964 0.806 0.444 0.359 0.243 0.158 -0.001 -0.038 -0.253 -0.261 -0.391
0.00024632 -1.80000 9.90000 0.9055556655 2.4507500223    0.853  1.798  3.7600  2.563    4  0.000  0.510     0.00     0.00     0.00     0.00     0.00 -1    -1e-30      0.00 7.463e-01 2.534e-01 4.431e-05 1.485e-05 1.161e-04 -1.000 2.681e-04 0.274 3.432 2.659 1.733 1.084 0.757 0.958 0.959 0.801 0.440 0.354 0.238 0.153 -0.006 -0.042 -0.257 -0.266 -0.395
0.00024632 -1.80000 9.90000 0.9056380391 2.4507716827    0.853  1.800  3.7602  2.562    4  0.000  0.510     0.00     0.00     0.00     0.00     0.00 -1    -1e-30      0.00 7.463e-01 2.534e-01 4.430e-05 1.485e-05 1.161e-04 -1.000 2.681e-04 0.271 3.425 2.650 1.726 1.079 0.753 0.953 0.954 0.797 0.436 0.350 0.235 0.150 -0.009 -0.046 -0.260 -0.269 -0.398
0.00024632 -1.80000 9.90000 0.9057205319 2.4507933700    0.853  1.801  3.7607  2.564    4  0.000  0.510     0.00     0.00     0.00     0.00     0.00 -1    -1e-30      0.00 7.463e-01 2.534e-01 4.430e-05 1.486e-05 1.161e-04 -1.000 2.682e-04 0.269 3.415 2.639 1.719 1.074 0.749 0.948 0.949 0.792 0.432 0.347 0.232 0.147 -0.011 -0.048 -0.262 -0.270 -0.399
0.00024632 -1.80000 9.90000 0.9058026671 2.4508149587    0.853  1.801  3.7614  2.566    4  0.000  0.510     0.00     0.00     0.00     0.00     0.00 -1    -1e-30      0.00 7.463e-01 2.534e-01 4.430e-05 1.486e-05 1.161e-04 -1.000 2.682e-04 0.267 3.404 2.624 1.709 1.069 0.746 0.943 0.944 0.788 0.430 0.345 0.230 0.146 -0.012 -0.048 -0.262 -0.270 -0.398
0.00024632 -1.80000 9.90000 0.9058836102 2.4508362297    0.854  1.801  3.7623  2.569    4  0.000  0.510     0.00     0.00     0.00     0.00     0.00 -1    -1e-30      0.00 7.463e-01 2.535e-01 4.429e-05 1.487e-05 1.161e-04 -1.000 2.682e-04 0.267 3.391 2.607 1.699 1.064 0.743 0.937 0.939 0.784 0.427 0.343 0.229 0.145 -0.012 -0.048 -0.261 -0.269 -0.397
0.00024632 -1.80000 9.90000 0.9059649110 2.4508575903    0.854  1.801  3.7633  2.573    4  0.000  0.510     0.00     0.00     0.00     0.00     0.00 -1    -1e-30      0.00 7.463e-01 2.535e-01 4.429e-05 1.487e-05 1.161e-04 -1.000 2.682e-04 0.267 3.376 2.588 1.688 1.058 0.740 0.932 0.933 0.779 0.426 0.342 0.228 0.144 -0.012 -0.048 -0.259 -0.267 -0.394
0.00024632 -1.80000 9.90000 0.9060504436 2.4508800580    0.854  1.801  3.7645  2.578    4  0.000  0.510     0.00     0.00     0.00     0.00     0.00 -1    -1e-30      0.00 7.463e-01 2.535e-01 4.429e-05 1.488e-05 1.161e-04 -1.000 2.681e-04 0.267 3.360 2.566 1.675 1.052 0.737 0.925 0.927 0.774 0.424 0.340 0.227 0.144 -0.011 -0.047 -0.257 -0.265 -0.390
0.00024632 -1.80000 9.90000 0.9061327577 2.4509016756    0.854  1.801  3.7656  2.583    4  0.000  0.510     0.00     0.00     0.00     0.00     0.00 -1    -1e-30      0.00 7.463e-01 2.535e-01 4.428e-05 1.488e-05 1.161e-04 -1.000 2.681e-04 0.268 3.344 2.545 1.662 1.046 0.734 0.919 0.921 0.770 0.422 0.339 0.227 0.144 -0.010 -0.046 -0.254 -0.263 -0.387
0.00024632 -1.80000 9.90000 0.9062092304 2.4509217551    0.854  1.801  3.7666  2.587    4  0.000  0.510     0.00     0.00     0.00     0.00     0.00 -1    -1e-30      0.00 7.463e-01 2.535e-01 4.428e-05 1.488e-05 1.161e-04 -1.000 2.681e-04 0.268 3.330 2.525 1.651 1.041 0.731 0.913 0.916 0.765 0.420 0.337 0.226 0.144 -0.010 -0.045 -0.252 -0.261 -0.384
0.00024632 -1.80000 9.90000 0.9062858224 2.4509418620    0.854  1.801  3.7675  2.591    4  0.000  0.510     0.00     0.00     0.00     0.00     0.00 -1    -1e-30      0.00 7.463e-01 2.535e-01 4.428e-05 1.489e-05 1.161e-04 -1.000 2.682e-04 0.268 3.316 2.507 1.640 1.036 0.728 0.908 0.910 0.761 0.418 0.336 0.225 0.143 -0.009 -0.044 -0.251 -0.259 -0.382
0.00024632 -1.80000 9.90000 0.9063681364 2.4509634667    0.854  1.801  3.7684  2.594    4  0.000  0.510     0.00     0.00     0.00     0.00     0.00 -1    -1e-30      0.00 7.462e-01 2.535e-01 4.427e-05 1.489e-05 1.161e-04 -1.000 2.682e-04 0.268 3.302 2.489 1.629 1.030 0.725 0.902 0.905 0.756 0.416 0.334 0.224 0.143 -0.009 -0.044 -0.249 -0.258 -0.380
0.00024632 -1.80000 9.90000 0.9064501524 2.4509849887    0.854  1.801  3.7692  2.597    4  0.000  0.510     0.00     0.00     0.00     0.00     0.00 -1    -1e-30      0.00 7.462e-01 2.535e-01 4.427e-05 1.490e-05 1.161e-04 -1.000 2.682e-04 0.267 3.290 2.473 1.619 1.025 0.722 0.897 0.900 0.752 0.413 0.332 0.223 0.142 -0.009 -0.044 -0.249 -0.257 -0.378
0.00024632 -1.80000 9.90000 0.9064686894 2.4509898524    0.854  1.801  3.7694  2.598    4  0.000  0.510     0.00     0.00     0.00     0.00     0.00 -1    -1e-30      0.00 7.462e-01 2.535e-01 4.427e-05 1.490e-05 1.161e-04 -1.000 2.682e-04 0.267 3.287 2.469 1.617 1.024 0.722 0.896 0.899 0.751 0.413 0.332 0.223 0.142 -0.010 -0.044 -0.249 -0.257 -0.378
0.00024632 -1.80000 9.90000 0.9064781666 2.4509923389    0.854  1.801  3.7695  2.598    4  0.000  0.510     0.00     0.00     0.00     0.00     0.00 -1    -1e-30      0.00 7.462e-01 2.535e-01 4.427e-05 1.490e-05 1.161e-04 -1.000 2.681e-04 0.267 3.286 2.468 1.616 1.023 0.721 0.895 0.898 0.751 0.413 0.332 0.222 0.141 -0.010 -0.044 -0.249 -0.257 -0.378
0.00024632 -1.80000 9.90000 0.9065684080 2.4510160125    0.854  1.802  3.7700  2.600    4  0.000  0.510     0.00     0.00     0.00     0.00     0.00 -1    -1e-30      0.00 7.462e-01 2.535e-01 4.427e-05 1.490e-05 1.161e-04 -1.000 2.682e-04 0.266 3.278 2.457 1.609 1.019 0.718 0.891 0.894 0.747 0.410 0.329 0.220 0.140 -0.011 -0.045 -0.249 -0.257 -0.378
0.00024632 -1.80000 9.90000 0.9066538215 2.4510384146    0.854  1.803  3.7703  2.600    4  0.000  0.510     0.00     0.00     0.00     0.00     0.00 -1    -1e-30      0.00 7.462e-01 2.535e-01 4.426e-05 1.491e-05 1.161e-04 -1.000 2.682e-04 0.264 3.271 2.450 1.604 1.016 0.716 0.887 0.891 0.744 0.408 0.327 0.218 0.138 -0.013 -0.047 -0.251 -0.259 -0.379
0.00024632 -1.80000 9.90000 0.9067363739 2.4510600616    0.854  1.804  3.7703  2.599    4  0.000  0.510     0.00     0.00     0.00     0.00     0.00 -1    -1e-30      0.00 7.462e-01 2.535e-01 4.426e-05 1.491e-05 1.161e-04 -1.000 2.681e-04 0.261 3.269 2.448 1.602 1.014 0.713 0.885 0.888 0.741 0.405 0.324 0.216 0.135 -0.015 -0.050 -0.253 -0.261 -0.382
0.00024632 -1.80000 9.90000 0.9068196416 2.4510818916    0.855  1.805  3.7699  2.597    4  0.000  0.509     0.00     0.00     0.00     0.00     0.00 -1    -1e-30      0.00 7.462e-01 2.535e-01 4.426e-05 1.492e-05 1.161e-04 -1.000 2.682e-04 0.258 3.271 2.451 1.602 1.012 0.711 0.883 0.886 0.740 0.402 0.322 0.213 0.132 -0.019 -0.053 -0.257 -0.265 -0.386
0.00024632 -1.80000 9.90000 0.9069042802 2.4511040763    0.855  1.806  3.7693  2.593    4  0.000  0.509     0.00     0.00     0.00     0.00     0.00 -1    -1e-30      0.00 7.462e-01 2.535e-01 4.425e-05 1.492e-05 1.161e-04 -1.000 2.682e-04 0.254 3.275 2.459 1.606 1.012 0.709 0.883 0.886 0.738 0.400 0.318 0.209 0.128 -0.023 -0.058 -0.262 -0.270 -0.392
0.00024632 -1.80000 9.90000 0.9069893360 2.4511263656    0.855  1.809  3.7684  2.587    4  0.000  0.509     0.00     0.00     0.00     0.00     0.00 -1    -1e-30      0.00 7.462e-01 2.535e-01 4.425e-05 1.492e-05 1.161e-04 -1.000 2.682e-04 0.249 3.284 2.472 1.612 1.012 0.707 0.883 0.886 0.737 0.396 0.315 0.205 0.123 -0.029 -0.063 -0.269 -0.277 -0.399
0.00024632 -1.80000 9.90000 0.9070575237 2.4511442310    0.855  1.810  3.7675  2.581    4  0.000  0.509     0.00     0.00     0.00     0.00     0.00 -1    -1e-30      0.00 7.462e-01 2.535e-01 4.425e-05 1.493e-05 1.161e-04 -1.000 2.682e-04 0.244 3.293 2.485 1.618 1.013 0.706 0.883 0.886 0.736 0.393 0.311 0.201 0.119 -0.034 -0.069 -0.275 -0.283 -0.406
0.00024632 -1.80000 9.90000 0.9070714712 2.4511478849    0.855  1.811  3.7673  2.580    4  0.000  0.509     0.00     0.00     0.00     0.00     0.00 -1    -1e-30      0.00 7.462e-01 2.535e-01 4.425e-05 1.493e-05 1.161e-04 -1.000 2.682e-04 0.243 3.295 2.488 1.619 1.013 0.705 0.883 0.886 0.736 0.393 0.310 0.200 0.118 -0.035 -0.070 -0.277 -0.285 -0.408
0.00024632 -1.80000 9.90000 0.9071435332 2.4511667614    0.855  1.813  3.7661  2.573    4  0.000  0.509     0.00     0.00     0.00     0.00     0.00 -1    -1e-30      0.00 7.462e-01 2.535e-01 4.425e-05 1.493e-05 1.161e-04 -1.000 2.682e-04 0.237 3.306 2.505 1.627 1.014 0.703 0.884 0.886 0.735 0.389 0.306 0.195 0.112 -0.041 -0.077 -0.285 -0.293 -0.417
0.00024632 -1.80000 9.90000 0.9072128534 2.4511849164    0.855  1.816  3.7650  2.566    4  0.000  0.509     0.00     0.00     0.00     0.00     0.00 -1    -1e-30      0.00 7.462e-01 2.535e-01 4.424e-05 1.494e-05 1.161e-04 -1.000 2.682e-04 0.230 3.317 2.522 1.635 1.015 0.701 0.884 0.886 0.734 0.385 0.301 0.189 0.106 -0.048 -0.084 -0.293 -0.302 -0.427
0.00024632 -1.80000 9.90000 0.9072812796 2.4512028341    0.855  1.819  3.7637  2.558    4  0.000  0.509     0.00     0.00     0.00     0.00     0.00 -1    -1e-30      0.00 7.462e-01 2.536e-01 4.424e-05 1.494e-05 1.161e-04 -1.000 2.682e-04 0.223 3.328 2.539 1.642 1.015 0.698 0.884 0.886 0.732 0.380 0.296 0.183 0.100 -0.056 -0.092 -0.302 -0.311 -0.437
0.00024632 -1.80000 9.90000 0.9073503613 2.4512209204    0.855  1.822  3.7626  2.551    4  0.000  0.509     0.00     0.00     0.00     0.00     0.00 -1    -1e-30      0.00 7.462e-01 2.536e-01 4.424e-05 1.494e-05 1.161e-04 -1.000 2.682e-04 0.216 3.338 2.555 1.649 1.015 0.694 0.884 0.885 0.730 0.375 0.291 0.177 0.093 -0.063 -0.099 -0.311 -0.320 -0.447
0.00024632 -1.80000 9.90000 0.9074203968 2.4512392531    0.855  1.826  3.7605  2.538    4  0.000  0.509     0.00     0.00     0.00     0.00     0.00 -1    -1e-30      0.00 7.462e-01 2.536e-01 4.423e-05 1.495e-05 1.161e-04 -1.000 2.682e-04 0.204 3.356 2.584 1.661 1.015 0.689 0.884 0.885 0.728 0.368 0.282 0.167 0.083 -0.076 -0.112 -0.327 -0.335 -0.464
0.00024632 -1.80000 9.90000 0.9074893594 2.4512573018    0.855  1.832  3.7585  2.525    4  0.000  0.509     0.00     0.00     0.00     0.00     0.00 -1    -1e-30      0.00 7.462e-01 2.536e-01 4.423e-05 1.495e-05 1.161e-04 -1.000 2.683e-04 0.191 3.373 2.616 1.676 1.016 0.685 0.884 0.884 0.724 0.359 0.273 0.156 0.071 -0.089 -0.126 -0.343 -0.352 -0.482
0.00024632 -1.80000 9.90000 0.9075585604 2.4512754097    0.855  1.837  3.7565  2.511    4  0.000  0.509     0.00     0.00     0.00     0.00     0.00 -1    -1e-30      0.00 7.462e-01 2.536e-01 4.423e-05 1.495e-05 1.161e-04 -1.000 2.682e-04 0.178 3.386 2.647 1.690 1.017 0.680 0.883 0.882 0.720 0.350 0.263 0.145 0.058 -0.103 -0.141 -0.359 -0.368 -0.501
0.00024632 -1.80000 9.90000 0.9076282382 2.4512936392    0.855  1.843  3.7546  2.498    4  0.000  0.509     0.00     0.00     0.00     0.00     0.00 -1    -1e-30      0.00 7.462e-01 2.536e-01 4.423e-05 1.496e-05 1.161e-04 -1.000 2.681e-04 0.163 3.399 2.677 1.702 1.016 0.675 0.880 0.878 0.714 0.339 0.251 0.132 0.045 -0.119 -0.156 -0.377 -0.386 -0.520
0.00024632 -1.80000 9.90000 0.9076969624 2.4513116160    0.855  1.850  3.7525  2.483    4  0.000  0.509     0.00     0.00     0.00     0.00     0.00 -1    -1e-30      0.00 7.461e-01 2.536e-01 4.422e-05 1.496e-05 1.161e-04 -1.000 2.682e-04 0.146 3.412 2.709 1.715 1.015 0.668 0.876 0.873 0.707 0.326 0.238 0.117 0.029 -0.136 -0.174 -0.397 -0.407 -0.543
0.00024632 -1.80000 9.90000 0.9077664614 2.4513297923    0.856  1.858  3.7504  2.466    4  0.000  0.509     0.00     0.00     0.00     0.00     0.00 -1    -1e-30      0.00 7.461e-01 2.536e-01 4.422e-05 1.496e-05 1.161e-04 -1.000 2.682e-04 0.126 3.425 2.742 1.728 1.012 0.658 0.870 0.866 0.697 0.311 0.221 0.099 0.010 -0.157 -0.195 -0.421 -0.430 -0.568
0.00024632 -1.80000 9.90000 0.9078358412 2.4513479343    0.856  1.868  3.7477  2.445    4  0.000  0.509     0.00     0.00     0.00     0.00     0.00 -1    -1e-30      0.00 7.461e-01 2.536e-01 4.422e-05 1.497e-05 1.161e-04 -1.000 2.682e-04 0.099 3.435 2.785 1.745 1.009 0.648 0.861 0.855 0.683 0.290 0.199 0.075 -0.015 -0.184 -0.223 -0.451 -0.461 -0.601
0.00024632 -1.80000 9.90000 0.9079056978 2.4513661977    0.856  1.886  3.7437  2.411    4  0.000  0.509     0.00     0.00     0.00     0.00     0.00 -1    -1e-30      0.00 7.461e-01 2.536e-01 4.422e-05 1.497e-05 1.161e-04 -1.000 2.682e-04 0.054 3.445 2.845 1.767 1.000 0.627 0.842 0.833 0.657 0.254 0.161 0.034 -0.058 -0.230 -0.270 -0.502 -0.513 -0.656
0.00024632 -1.80000 9.90000 0.9079723954 2.4513836322    0.856  1.919  3.7374  2.353    4  0.000  0.509     0.00     0.00     0.00     0.00     0.00 -1    -1e-30      0.00 7.461e-01 2.536e-01 4.421e-05 1.497e-05 1.161e-04 -1.000 2.682e-04 -0.028 3.449 2.953 1.807 0.985 0.592 0.805 0.789 0.605 0.185 0.089 -0.042 -0.136 -0.313 -0.355 -0.594 -0.605 -0.754
0.00024632 -1.80000 9.90000 0.9080025554 2.4513915149    0.856  1.951  3.7321  2.300    4  0.000  0.509     0.00     0.00     0.00     0.00     0.00 -1    -1e-30      0.00 7.461e-01 2.536e-01 4.421e-05 1.498e-05 1.161e-04 -1.000 2.682e-04 -0.106 3.441 3.054 1.845 0.973 0.562 0.766 0.743 0.552 0.117 0.019 -0.116 -0.212 -0.393 -0.436 -0.681 -0.692 -0.846
0.00024632 -1.80000 9.90000 0.9080156684 2.4513949420    0.856  1.986  3.7272  2.245    4  0.000  0.509     0.00     0.00     0.00     0.00     0.00 -1    -1e-30      0.00 7.461e-01 2.536e-01 4.421e-05 1.498e-05 1.161e-04 -1.000 2.682e-04 -0.194 3.416 3.150 1.877 0.952 0.525 0.718 0.688 0.490 0.041 -0.060 -0.198 -0.296 -0.482 -0.525 -0.776 -0.787 -0.946
0.00024632 -1.80000 9.90000 0.9080207348 2.4513962661    0.856  2.020  3.7230  2.194    4  0.000  0.509     0.00     0.00     0.00     0.00     0.00 -1    -1e-30      0.00 7.461e-01 2.536e-01 4.421e-05 1.498e-05 1.161e-04 -1.000 2.681e-04 -0.280 3.379 3.223 1.894 0.925 0.483 0.666 0.630 0.425 -0.036 -0.138 -0.279 -0.379 -0.568 -0.613 -0.867 -0.879 -1.042
0.00024632 -1.80000 9.90000 0.9080230594 2.4513968736    0.856  2.048  3.7201  2.155    4  0.000  0.509     0.00     0.00     0.00     0.00     0.00 -1    -1e-30      0.00 7.461e-01 2.536e-01 4.421e-05 1.498e-05 1.161e-04 -1.000 2.682e-04 -0.349 3.344 3.266 1.898 0.897 0.445 0.621 0.581 0.371 -0.098 -0.202 -0.345 -0.446 -0.637 -0.683 -0.940 -0.953 -1.118
0.00024632 -1.80000 9.90000 0.9080233574 2.4513969515    0.856  2.053  3.7197  2.148    7  0.000  0.509     0.00     0.00     0.00     0.00     0.00 -1    -1e-30      0.00 7.461e-01 2.536e-01 4.421e-05 1.498e-05 1.161e-04 -1.000 2.682e-04 -0.361 3.337 3.273 1.899 0.893 0.439 0.613 0.572 0.362 -0.109 -0.213 -0.357 -0.457 -0.649 -0.695 -0.953 -0.965 -1.131
0.00024632 -1.80000 9.90000 0.9080241323 2.4513971540    0.856  2.070  3.7182  2.126    7  0.000  0.509     0.00     0.00     0.00     0.00     0.00 -1    -1e-30      0.00 7.461e-01 2.536e-01 4.421e-05 1.498e-05 1.161e-04 -1.000 2.681e-04 -0.404 3.309 3.293 1.897 0.874 0.415 0.584 0.541 0.328 -0.148 -0.252 -0.397 -0.498 -0.691 -0.737 -0.997 -1.010 -1.177
0.00024632 -1.80000 9.90000 0.9080256820 2.4513975590    0.856  2.110  3.7150  2.073    7  0.000  0.509     0.00     0.00     0.00     0.00     0.00 -1    -1e-30      0.00 7.461e-01 2.536e-01 4.421e-05 1.498e-05 1.161e-04 -1.000 2.681e-04 -0.504 3.242 3.331 1.887 0.826 0.356 0.513 0.464 0.246 -0.240 -0.346 -0.493 -0.596 -0.791 -0.838 -1.101 -1.114 -1.285
0.00024632 -1.80000 9.90000 0.9080271125 2.4513979328    0.856  2.149  3.7121  2.021    7  0.000  0.509     0.00     0.00     0.00     0.00     0.00 -1    -1e-30      0.00 7.461e-01 2.536e-01 4.421e-05 1.498e-05 1.161e-04 -1.000 2.682e-04 -0.604 3.172 3.359 1.872 0.775 0.295 0.442 0.387 0.164 -0.332 -0.439 -0.588 -0.692 -0.890 -0.938 -1.204 -1.217 -1.390
0.00024632 -1.80000 9.90000 0.9080285430 2.4513983067    0.856  2.189  3.7094  1.971    7  0.000  0.509     0.00     0.00     0.00     0.00     0.00 -1    -1e-30      0.00 7.461e-01 2.536e-01 4.421e-05 1.498e-05 1.161e-04 -1.000 2.682e-04 -0.703 3.101 3.394 1.861 0.727 0.236 0.370 0.309 0.081 -0.423 -0.532 -0.683 -0.788 -0.989 -1.037 -1.307 -1.320 -1.496
0.00024632 -1.80000 9.90000 0.9080305099 2.4513988207    0.856  2.235  3.7064  1.913    7  0.000  0.509     0.00     0.00     0.00     0.00     0.00 -1    -1e-30      0.00 7.461e-01 2.536e-01 4.421e-05 1.498e-05 1.161e-04 -1.000 2.682e-04 -0.818 3.016 3.446 1.858 0.676 0.172 0.288 0.220 -0.014 -0.530 -0.639 -0.793 -0.900 -1.103 -1.152 -1.425 -1.439 -1.618
0.00024632 -1.80000 9.90000 0.9080344439 2.4513998488    0.856  2.227  3.7071  1.924    7  0.000  0.509     0.00     0.00     0.00     0.00     0.00 -1    -1e-30      0.00 7.461e-01 2.536e-01 4.421e-05 1.498e-05 1.161e-04 -1.000 2.682e-04 -0.797 3.030 3.427 1.852 0.682 0.182 0.301 0.235 0.002 -0.510 -0.620 -0.773 -0.879 -1.082 -1.131 -1.403 -1.417 -1.595
0.00024632 -1.80000 9.90000 0.9080385566 2.4514009236    0.856  2.202  3.7088  1.956    7  0.000  0.509     0.00     0.00     0.00     0.00     0.00 -1    -1e-30      0.00 7.461e-01 2.536e-01 4.421e-05 1.498e-05 1.161e-04 -1.000 2.682e-04 -0.734 3.076 3.395 1.852 0.708 0.215 0.345 0.283 0.054 -0.453 -0.561 -0.713 -0.819 -1.020 -1.068 -1.338 -1.352 -1.528
0.00024632 -1.80000 9.90000 0.9080656171 2.4514079951    0.856  2.189  3.7094  1.971    7  0.000  0.509     0.00     0.00     0.00     0.00     0.00 -1    -1e-30      0.00 7.461e-01 2.536e-01 4.421e-05 1.498e-05 1.161e-04 -1.000 2.682e-04 -0.704 3.100 3.390 1.859 0.725 0.234 0.368 0.308 0.080 -0.424 -0.533 -0.684 -0.789 -0.990 -1.038 -1.307 -1.321 -1.497
0.00024632 -1.80000 9.90000 0.9080954194 2.4514157825    0.856  2.218  3.7073  1.934    7  0.000  0.509     0.00     0.00     0.00     0.00     0.00 -1    -1e-30      0.00 7.461e-01 2.536e-01 4.421e-05 1.498e-05 1.161e-04 -1.000 2.682e-04 -0.774 3.050 3.435 1.865 0.699 0.199 0.322 0.256 0.023 -0.488 -0.598 -0.751 -0.857 -1.059 -1.108 -1.380 -1.394 -1.572
0.00024632 -1.80000 9.90000 0.9081208706 2.4514224325    0.856  2.254  3.7049  1.888    7  0.000  0.509     0.00     0.00     0.00     0.00     0.00 -1    -1e-30      0.00 7.461e-01 2.536e-01 4.421e-05 1.498e-05 1.161e-04 -1.000 2.682e-04 -0.864 2.983 3.479 1.864 0.660 0.150 0.259 0.187 -0.051 -0.571 -0.682 -0.837 -0.944 -1.149 -1.198 -1.473 -1.487 -1.668
0.00024632 -1.80000 9.90000 0.9081491232 2.4514298139    0.856  2.295  3.7022  1.836    7  0.000  0.509     0.00     0.00     0.00     0.00     0.00 -1    -1e-30      0.00 7.461e-01 2.536e-01 4.421e-05 1.498e-05 1.161e-04 -1.000 2.681e-04 -0.967 2.905 3.526 1.861 0.614 0.093 0.186 0.107 -0.135 -0.666 -0.778 -0.935 -1.044 -1.251 -1.301 -1.579 -1.593 -1.776
0.00024632 -1.80000 9.90000 0.9081751108 2.4514366032    0.856  2.336  3.6996  1.785    7  0.000  0.509     0.00     0.00     0.00     0.00     0.00 -1    -1e-30      0.00 7.461e-01 2.536e-01 4.421e-05 1.498e-05 1.161e-04 -1.000 2.681e-04 -1.070 2.827 3.570 1.857 0.567 0.036 0.114 0.028 -0.220 -0.760 -0.874 -1.033 -1.143 -1.352 -1.402 -1.684 -1.698 -1.884
0.00024632 -1.80000 9.90000 0.9081983566 2.4514426757    0.856  2.377  3.6971  1.734    7  0.000  0.509     0.00     0.00     0.00     0.00     0.00 -1    -1e-30      0.00 7.461e-01 2.536e-01 4.420e-05 1.499e-05 1.161e-04 -1.000 2.681e-04 -1.172 2.745 3.617 1.856 0.524 -0.018 0.043 -0.050 -0.303 -0.853 -0.968 -1.130 -1.240 -1.452 -1.503 -1.788 -1.802 -1.991
0.00024632 -1.80000 9.90000 0.9082186818 2.4514479850    0.856  2.417  3.6946  1.684    7  0.000  0.509     0.00     0.00     0.00     0.00     0.00 -1    -1e-30      0.00 7.461e-01 2.536e-01 4.420e-05 1.499e-05 1.161e-04 -1.000 2.681e-04 -1.273 2.664 3.663 1.856 0.481 -0.071 -0.027 -0.126 -0.386 -0.946 -1.062 -1.226 -1.338 -1.551 -1.603 -1.891 -1.906 -2.097
0.00024632 -1.80000 9.90000 0.9082365632 2.4514526557    0.856  2.457  3.6922  1.634    7  0.000  0.508     0.00     0.00     0.00     0.00     0.00 -1    -1e-30      0.00 7.461e-01 2.536e-01 4.415e-05 1.501e-05 1.161e-04 -1.000 2.681e-04 -1.373 2.583 3.708 1.854 0.437 -0.125 -0.096 -0.203 -0.468 -1.037 -1.155 -1.321 -1.434 -1.650 -1.703 -1.993 -2.008 -2.202
0.00024632 -1.80000 9.90000 0.9082525969 2.4514568436    0.856  2.497  3.6897  1.584    7  0.000  0.506     0.00     0.00     0.00     0.00     0.00 -1    -1e-30      0.00 7.461e-01 2.537e-01 4.398e-05 1.512e-05 1.161e-04 -1.000 2.681e-04 -1.474 2.501 3.754 1.855 0.394 -0.178 -0.165 -0.278 -0.550 -1.129 -1.248 -1.416 -1.530 -1.748 -1.802 -2.095 -2.111 -2.307
0.00024632 -1.80000 9.90000 0.9082669616 2.4514605955    0.856  2.537  3.6873  1.534    7  0.000  0.500     6.38     5.11     3.64     2.81     2.27  3    -1e-30      0.00 7.460e-01 2.537e-01 4.357e-05 1.548e-05 1.161e-04 -1.000 2.682e-04 -1.573 2.418 3.806 1.861 0.356 -0.226 -0.231 -0.352 -0.629 -1.218 -1.339 -1.509 -1.624 -1.844 -1.899 -2.195 -2.211 -2.410
0.00024632 -1.80000 9.90000 0.9082800150 2.4514640047    0.856  2.577  3.6849  1.485    7  0.000  0.492     7.08     5.58     3.97     3.06     2.48  3    -1e-30      0.00 7.459e-01 2.539e-01 4.285e-05 1.628e-05 1.161e-04 -1.000 2.682e-04 -1.673 2.336 3.846 1.881 0.330 -0.263 -0.290 -0.421 -0.707 -1.308 -1.430 -1.603 -1.719 -1.942 -1.997 -2.296 -2.312 -2.514
0.00024632 -1.80000 9.90000 0.9082919359 2.4514671180    0.856  2.616  3.6824  1.436    7  0.000  0.481     7.85     6.10     4.32     3.33     2.70  3    -1e-30      0.00 7.458e-01 2.539e-01 4.200e-05 1.731e-05 1.161e-04 -1.000 2.682e-04 -1.771 2.256 3.869 1.931 0.330 -0.276 -0.337 -0.483 -0.779 -1.397 -1.521 -1.696 -1.815 -2.040 -2.096 -2.398 -2.414 -2.619
0.00024632 -1.80000 9.90000 0.9083029032 2.4514699822    0.856  2.655  3.6800  1.387    7  0.000  0.472     8.71     6.66     4.70     3.63     2.94  3    -1e-30      0.00 7.457e-01 2.540e-01 4.121e-05 1.828e-05 1.161e-04 -1.000 2.681e-04 -1.869 2.177 3.899 1.988 0.335 -0.284 -0.379 -0.540 -0.848 -1.485 -1.611 -1.789 -1.910 -2.138 -2.194 -2.499 -2.516 -2.723
0.00024632 -1.80000 9.90000 0.9083133340 2.4514727063    0.856  2.695  3.6775  1.338    7  0.000  0.464     9.65     7.28     5.11     3.96     3.21  3    -1e-30      0.00 7.456e-01 2.541e-01 4.052e-05 1.914e-05 1.162e-04 -1.000 2.682e-04 -1.966 2.097 3.936 2.058 0.349 -0.283 -0.415 -0.593 -0.914 -1.570 -1.699 -1.881 -2.003 -2.234 -2.291 -2.600 -2.617 -2.827
0.00024632 -1.80000 9.90000 0.9083233476 2.4514753213    0.856  2.734  3.6750  1.289    7  0.000  0.457    10.71     7.96     5.57     4.31     3.50  3    -1e-30      0.00 7.455e-01 2.542e-01 3.990e-05 1.990e-05 1.162e-04 -1.000 2.682e-04 -2.064 2.017 3.981 2.137 0.370 -0.275 -0.445 -0.642 -0.977 -1.654 -1.786 -1.972 -2.096 -2.331 -2.389 -2.701 -2.719 -2.931
0.00024632 -1.80000 9.90000 0.9083330035 2.4514778428    0.856  2.773  3.6725  1.240    7  0.000  0.451    11.88     8.70     6.06     4.70     3.81  3    -1e-30      0.00 7.454e-01 2.543e-01 3.937e-05 2.056e-05 1.162e-04 -1.000 2.655e-04 -2.163 1.938 4.032 2.224 0.395 -0.261 -0.471 -0.687 -1.038 -1.738 -1.873 -2.063 -2.190 -2.428 -2.487 -2.803 -2.821 -3.036
0.00024632 -1.80000 9.90000 0.9083420634 2.4514802086    0.856  2.812  3.6700  1.190    7  0.000  0.445    13.19     9.52     6.60     5.13     4.16  3    -1e-30      0.00 7.453e-01 2.545e-01 3.890e-05 2.114e-05 1.161e-04 -1.000 2.311e-04 -2.261 1.859 4.091 2.320 0.428 -0.240 -0.490 -0.728 -1.096 -1.821 -1.959 -2.153 -2.283 -2.525 -2.585 -2.905 -2.923 -3.141
0.00024632 -1.80000 9.90000 0.9083505273 2.4514824188    0.856  2.852  3.6674  1.140    7  0.000  0.441    14.64    10.41     7.19     5.60     4.54  2    -1e-30      0.00 7.451e-01 2.546e-01 3.849e-05 2.165e-05 1.161e-04 -1.000 2.369e-04 -2.359 1.781 4.155 2.426 0.469 -0.210 -0.504 -0.765 -1.150 -1.901 -2.044 -2.242 -2.374 -2.621 -2.681 -3.005 -3.024 -3.245
0.00024632 -1.80000 9.90000 0.9083586931 2.4514845511    0.856  2.893  3.6646  1.088    7  0.000  0.437    16.36    11.44     7.88     6.14     4.98  2    -1e-30      0.00 7.450e-01 2.548e-01 3.812e-05 2.213e-05 1.160e-04 -1.000 2.671e-04 -2.463 1.698 4.230 2.550 0.521 -0.169 -0.511 -0.797 -1.203 -1.984 -2.131 -2.335 -2.470 -2.721 -2.782 -3.111 -3.130 -3.355
0.00024632 -1.80000 9.90000 0.9083656669 2.4514863720    0.856  2.935  3.6618  1.035    7  0.000  0.433    18.28    12.59     8.63     6.73     5.46  2    -1e-30      0.00 7.448e-01 2.549e-01 3.780e-05 2.256e-05 1.159e-04 -1.000 2.682e-04 -2.567 1.616 4.312 2.686 0.583 -0.118 -0.509 -0.822 -1.251 -2.065 -2.216 -2.426 -2.565 -2.821 -2.884 -3.218 -3.237 -3.466
0.00024632 -1.80000 9.90000 0.9083709717 2.4514877572    0.856  2.974  3.6591  0.985    7  0.000  0.431    20.30    13.77     9.40     7.35     5.96  2    -1e-30      0.00 7.447e-01 2.550e-01 3.754e-05 2.294e-05 1.158e-04 -1.000 2.681e-04 -2.664 1.539 4.391 2.824 0.651 -0.058 -0.496 -0.836 -1.290 -2.138 -2.294 -2.510 -2.652 -2.915 -2.978 -3.317 -3.337 -3.570
0.00024632 -1.80000 9.90000 0.9083755016 2.4514889400    0.856  3.010  3.6566  0.939    7  0.000  0.429    22.37    14.97    10.18     7.96     6.46  2    -1e-30      0.00 7.446e-01 2.552e-01 3.734e-05 2.330e-05 1.156e-04 -1.000 2.682e-04 -2.754 1.467 4.462 2.925 0.694 -0.023 -0.491 -0.853 -1.326 -2.203 -2.363 -2.585 -2.730 -2.997 -3.062 -3.407 -3.427 -3.663
0.00024632 -1.80000 9.90000 0.9083801508 2.4514901539    0.856  3.049  3.6538  0.889    7  0.000  0.428    24.86    16.39    11.10     8.69     7.05  2    -1e-30      0.00 7.445e-01 2.553e-01 3.717e-05 2.364e-05 1.154e-04 -1.000 2.682e-04 -2.851 1.386 4.541 3.007 0.714 -0.010 -0.502 -0.880 -1.371 -2.274 -2.437 -2.665 -2.812 -3.085 -3.151 -3.502 -3.523 -3.764
0.00024632 -1.80000 9.90000 0.9083836079 2.4514910565    0.856  3.085  3.6512  0.842    7  0.000  0.427    27.49    17.86    12.05     9.45     7.67  2    -1e-30      0.00 7.444e-01 2.554e-01 3.704e-05 2.394e-05 1.152e-04 -1.000 2.681e-04 -2.944 1.310 4.620 3.088 0.736 0.004 -0.509 -0.904 -1.412 -2.340 -2.507 -2.740 -2.890 -3.168 -3.236 -3.592 -3.613 -3.858
0.00024632 -1.80000 9.90000 0.9083875418 2.4514920837    0.856  3.148  3.6465  0.761    7  0.000  0.427    32.61    20.68    13.86    10.89     8.85  1    -1e-30      0.00 7.441e-01 2.556e-01 3.686e-05 2.449e-05 1.148e-04 -1.000 2.626e-04 -3.100 1.183 4.737 3.225 0.775 0.032 -0.520 -0.944 -1.480 -2.450 -2.623 -2.866 -3.020 -3.307 -3.377 -3.743 -3.765 -4.017
0.00024632 -1.80000 9.90000 0.9083885550 2.4514923483    0.856  3.141  3.6475  0.772    7  0.000  0.426    31.86    20.28    13.60    10.69     8.68  1    -1e-30      0.00 7.441e-01 2.557e-01 3.677e-05 2.472e-05 1.147e-04 -1.000 2.386e-04 -3.082 1.196 4.707 3.191 0.759 0.018 -0.527 -0.946 -1.477 -2.440 -2.612 -2.853 -3.007 -3.292 -3.362 -3.726 -3.748 -3.999
0.00024632 -1.80000 9.90000 0.9083886147 2.4514923638    0.856  3.150  3.6467  0.760    7  0.000  0.426    32.66    20.71    13.87    10.91     8.86  1    -1e-30      0.00 7.441e-01 2.557e-01 3.677e-05 2.473e-05 1.147e-04 -1.000 2.364e-04 -3.104 1.178 4.726 3.213 0.767 0.024 -0.527 -0.950 -1.486 -2.455 -2.628 -2.870 -3.024 -3.311 -3.381 -3.747 -3.769 -4.021
0.00024632 -1.80000 9.90000 0.9083888531 2.4514924261    0.856  3.162  3.6457  0.744    7  0.000  0.426    33.77    21.31    14.26    11.21     9.11  1    -1e-30      0.00 7.441e-01 2.557e-01 3.676e-05 2.474e-05 1.147e-04 -1.000 2.313e-04 -3.134 1.154 4.751 3.244 0.777 0.032 -0.527 -0.956 -1.497 -2.475 -2.649 -2.894 -3.048 -3.337 -3.408 -3.776 -3.797 -4.051
0.00024632 -1.80000 9.90000 0.9083890319 2.4514924728    0.856  3.173  3.6448  0.728    7  0.000  0.426    34.92    21.93    14.66    11.53     9.36  1    -1e-30      0.00 7.441e-01 2.557e-01 3.676e-05 2.476e-05 1.147e-04 -1.000 2.261e-04 -3.164 1.131 4.776 3.274 0.788 0.040 -0.527 -0.962 -1.509 -2.495 -2.670 -2.917 -3.072 -3.363 -3.434 -3.804 -3.826 -4.082
0.00024632 -1.80000 9.90000 0.9083892107 2.4514925195    0.856  3.185  3.6438  0.713    7  0.000  0.426    36.08    22.56    15.06    11.85     9.62  1    -1e-30      0.00 7.441e-01 2.557e-01 3.675e-05 2.477e-05 1.146e-04 -1.000 2.215e-04 -3.193 1.107 4.801 3.305 0.798 0.048 -0.526 -0.967 -1.519 -2.514 -2.691 -2.940 -3.096 -3.388 -3.460 -3.832 -3.854 -4.111
0.00024632 -1.80000 9.90000 0.9083894491 2.4514925817    0.856  3.197  3.6428  0.697    7  0.000  0.426    37.33    23.22    15.48    12.19     9.90  1    -1e-30      0.00 7.441e-01 2.557e-01 3.671e-05 2.488e-05 1.146e-04 -1.000 2.159e-04 -3.223 1.083 4.826 3.336 0.809 0.056 -0.525 -0.972 -1.530 -2.534 -2.712 -2.963 -3.120 -3.415 -3.486 -3.861 -3.883 -4.142
0.00024632 -1.80000 9.90000 0.9083898067 2.4514926751    0.856  3.213  3.6415  0.675    7  0.000  0.426    39.05    24.14    16.06    12.65    10.28  1    -1e-30      0.00 7.440e-01 2.557e-01 3.663e-05 2.512e-05 1.144e-04 -1.000 2.073e-04 -3.264 1.051 4.858 3.378 0.823 0.067 -0.524 -0.978 -1.545 -2.561 -2.740 -2.994 -3.152 -3.449 -3.522 -3.899 -3.922 -4.183
0.00024632 -1.80000 9.90000 0.9083903432 2.4514928151    0.856  3.244  3.6391  0.635    7  0.537  0.426    42.51    25.96    17.22    13.58    11.03  1    -1e-30      0.00 7.439e-01 2.559e-01 3.649e-05 2.560e-05 1.140e-04 -1.000 2.172e-04 -3.340 0.990 4.905 3.451 0.848 0.086 -0.520 -0.989 -1.571 -2.610 -2.793 -3.052 -3.212 -3.515 -3.589 -3.971 -3.994 -4.259
0.00024632 -1.80000 9.90000 0.9083912969 2.4514930641    0.856  3.301  3.6347  0.560    7  0.537  0.425    49.77    29.72    19.59    15.48    12.58  1    -1e-30      0.00 7.435e-01 2.563e-01 3.623e-05 2.653e-05 1.134e-04 -1.000 2.620e-04 -3.484 0.874 4.963 3.578 0.887 0.117 -0.511 -1.007 -1.618 -2.700 -2.889 -3.159 -3.323 -3.635 -3.712 -4.105 -4.129 -4.402
0.00024632 -1.80000 9.90000 0.9083914161 2.4514930953    0.856  3.308  3.6342  0.551    7  0.548  0.425    50.70    30.20    19.89    15.72    12.78  1    -1e-30      0.00 7.434e-01 2.563e-01 3.621e-05 2.664e-05 1.133e-04 -1.000 2.677e-04 -3.500 0.861 4.969 3.592 0.891 0.120 -0.510 -1.009 -1.623 -2.711 -2.900 -3.171 -3.336 -3.649 -3.726 -4.121 -4.145 -4.418
0.00024632 -1.80000 9.90000 0.9083915949 2.4514931420    0.856  3.321  3.6305  0.523    8  0.533  0.431    53.83    31.79    20.89    16.53    13.43  1 -4.65e-07      0.00 7.416e-01 2.581e-01 3.597e-05 2.934e-05 1.142e-04 -1.000 2.795e-04 -3.534 0.850 5.078 3.748 0.982 0.204 -0.438 -0.954 -1.587 -2.704 -2.897 -3.176 -3.343 -3.663 -3.742 -4.144 -4.169 -4.449
0.00024632 -1.80000 9.90000 0.9083916545 2.4514931575    0.855  3.137  3.6449  0.764    8  0.533  0.420    32.34    20.54    13.76    10.82     8.78  1 -2.14e-07      0.00 7.416e-01 2.581e-01 3.597e-05 2.934e-05 1.142e-04 -1.000 2.794e-04 -3.074 1.218 4.825 3.314 0.841 0.094 -0.463 -0.893 -1.433 -2.411 -2.585 -2.830 -2.985 -3.274 -3.344 -3.713 -3.735 -3.990
0.00024632 -1.80000 9.90000 0.9083917141 2.4514931731    0.854  2.997  3.6557  0.947    8  0.533  0.420    22.00    14.76    10.04     7.85     6.37  2 -1.23e-07      0.00 7.416e-01 2.581e-01 3.597e-05 2.934e-05 1.142e-04 -1.000 2.795e-04 -2.723 1.502 4.530 2.988 0.743 0.024 -0.446 -0.810 -1.285 -2.166 -2.327 -2.549 -2.695 -2.963 -3.028 -3.374 -3.394 -3.632
0.00024632 -1.80000 9.90000 0.9083918333 2.4514932042    0.853  2.778  3.6723  1.232    8  0.533  0.420    12.07     8.82     6.14     4.77     3.86  3 -5.54e-08      0.00 7.416e-01 2.581e-01 3.597e-05 2.934e-05 1.142e-04 -1.000 2.795e-04 -2.176 1.926 4.035 2.230 0.395 -0.263 -0.477 -0.696 -1.048 -1.750 -1.886 -2.076 -2.203 -2.442 -2.500 -2.817 -2.835 -3.050
0.00024632 -1.80000 9.90000 0.9083920121 2.4514932509    0.850  2.780  3.6721  1.228    8  0.534  0.420    12.15     8.87     6.18     4.79     3.89  3 -5.59e-08      0.00 7.416e-01 2.581e-01 3.597e-05 2.934e-05 1.142e-04 -1.000 2.795e-04 -2.180 1.924 4.045 2.242 0.402 -0.257 -0.474 -0.695 -1.049 -1.753 -1.889 -2.079 -2.206 -2.446 -2.504 -2.821 -2.839 -3.055
0.00024632 -1.80000 9.90000 0.9083921909 2.4514932976    0.847  2.858  3.6660  1.124    8  0.534  0.420    15.13    10.70     7.39     5.75     4.66  2  -7.4e-08      0.00 7.416e-01 2.581e-01 3.597e-05 2.934e-05 1.142e-04 -1.000 2.795e-04 -2.376 1.774 4.220 2.516 0.525 -0.159 -0.475 -0.747 -1.142 -1.908 -2.052 -2.253 -2.387 -2.635 -2.696 -3.023 -3.041 -3.265
0.00024632 -1.80000 9.90000 0.9083924890 2.4514933754    0.843  3.023  3.6532  0.906    8  0.534  0.420    23.90    15.84    10.74     8.41     6.82  2 -1.38e-07      0.00 7.416e-01 2.581e-01 3.597e-05 2.934e-05 1.142e-04 -1.000 2.795e-04 -2.787 1.453 4.619 3.079 0.781 0.055 -0.434 -0.813 -1.304 -2.207 -2.370 -2.598 -2.745 -3.018 -3.085 -3.436 -3.456 -3.698
0.00024632 -1.80000 9.90000 0.9083927870 2.4514934532    0.839  3.170  3.6418  0.711    8  0.534  0.420    36.05    22.52    15.02    11.83     9.61  1 -2.53e-07      0.00 7.416e-01 2.581e-01 3.597e-05 2.934e-05 1.142e-04 -1.000 2.795e-04 -3.155 1.156 4.924 3.432 0.893 0.138 -0.444 -0.893 -1.453 -2.459 -2.638 -2.889 -3.046 -3.342 -3.414 -3.790 -3.812 -4.072
0.00024632 -1.80000 9.90000 0.9083931446 2.4514935466    0.833  3.266  3.6342  0.582    8  0.534  0.420    47.27    28.39    18.74    14.81    12.04  1 -3.85e-07      0.00 7.416e-01 2.581e-01 3.597e-05 2.934e-05 1.142e-04 -1.000 2.795e-04 -3.395 0.965 5.050 3.662 0.970 0.199 -0.426 -0.920 -1.530 -2.610 -2.798 -3.068 -3.232 -3.544 -3.621 -4.014 -4.038 -4.311
0.00024632 -1.80000 9.90000 0.9083935618 2.4514936555    0.828  3.315  3.6302  0.513    8  0.534  0.420    54.52    32.06    21.05    16.67    13.55  1 -4.83e-07      0.00 7.416e-01 2.581e-01 3.597e-05 2.934e-05 1.142e-04 -1.000 2.795e-04 -3.518 0.868 5.111 3.787 1.014 0.236 -0.409 -0.927 -1.563 -2.684 -2.878 -3.157 -3.325 -3.646 -3.725 -4.128 -4.153 -4.433
0.00024632 -1.80000 9.90000 0.9083940387 2.4514937800    0.821  3.335  3.6284  0.483    8  0.534  0.420    58.09    33.82    22.15    17.56    14.27  1 -5.35e-07      0.00 7.416e-01 2.581e-01 3.597e-05 2.934e-05 1.142e-04 -1.000 2.795e-04 -3.568 0.830 5.133 3.845 1.036 0.254 -0.394 -0.922 -1.570 -2.710 -2.906 -3.190 -3.360 -3.685 -3.766 -4.174 -4.199 -4.483
0.00024632 -1.80000 9.90000 0.9083945155 2.4514939045    0.814  3.343  3.6275  0.467    8  0.535  0.420    59.88    34.69    22.69    18.00    14.63  1 -5.63e-07      0.00 7.416e-01 2.581e-01 3.597e-05 2.934e-05 1.142e-04 -1.000 2.795e-04 -3.588 0.816 5.147 3.879 1.051 0.268 -0.380 -0.913 -1.567 -2.716 -2.914 -3.201 -3.371 -3.699 -3.780 -4.191 -4.216 -4.502
0.00024632 -1.80000 9.90000 0.9083945751 2.4514939201    0.814  3.209  3.6377  0.642    8  0.535  0.420    41.38    25.29    16.78    13.25    10.76  1 -3.15e-07      0.00 7.416e-01 2.581e-01 3.597e-05 2.934e-05 1.142e-04 -1.000 2.795e-04 -3.253 1.084 5.030 3.586 0.965 0.201 -0.406 -0.880 -1.466 -2.511 -2.695 -2.956 -3.116 -3.421 -3.495 -3.880 -3.903 -4.170
0.00024632 -1.80000 9.90000 0.9083946347 2.4514939356    0.812  3.024  3.6518  0.883    8  0.535  0.420    24.85    16.36    11.06     8.68     7.04  2 -1.48e-07      0.00 7.416e-01 2.581e-01 3.597e-05 2.934e-05 1.142e-04 -1.000 2.795e-04 -2.790 1.458 4.704 3.164 0.836 0.107 -0.394 -0.782 -1.281 -2.196 -2.362 -2.592 -2.741 -3.017 -3.084 -3.438 -3.459 -3.702
0.00024632 -1.80000 9.90000 0.9083948135 2.4514939823    0.810  2.806  3.6684  1.166    8  0.535  0.420    13.64     9.80     6.78     5.28     4.28  2 -6.51e-08      0.00 7.416e-01 2.581e-01 3.597e-05 2.934e-05 1.142e-04 -1.000 2.795e-04 -2.245 1.887 4.200 2.455 0.525 -0.150 -0.425 -0.676 -1.054 -1.794 -1.935 -2.131 -2.262 -2.507 -2.567 -2.889 -2.908 -3.128
0.00024632 -1.80000 9.90000 0.9083951116 2.4514940601    0.806  2.808  3.6681  1.161    8  0.535  0.420    13.78     9.88     6.84     5.33     4.32  2  -6.6e-08      0.00 7.416e-01 2.581e-01 3.597e-05 2.934e-05 1.142e-04 -1.000 2.795e-04 -2.250 1.884 4.214 2.474 0.536 -0.140 -0.420 -0.674 -1.054 -1.798 -1.939 -2.136 -2.267 -2.513 -2.573 -2.896 -2.914 -3.135
0.00024632 -1.80000 9.90000 0.9083954096 2.4514941380    0.802  2.887  3.6619  1.055    8  0.535  0.420    17.23    11.96     8.20     6.41     5.19  2 -8.88e-08      0.00 7.416e-01 2.581e-01 3.597e-05 2.934e-05 1.142e-04 -1.000 2.795e-04 -2.447 1.733 4.409 2.780 0.685 -0.015 -0.399 -0.710 -1.137 -1.948 -2.099 -2.308 -2.446 -2.702 -2.764 -3.098 -3.117 -3.346
0.00024632 -1.80000 9.90000 0.9083957672 2.4514942313    0.797  3.051  3.6491  0.837    8  0.535  0.420    27.28    17.70    11.92     9.38     7.61  1  -1.7e-07      0.00 7.416e-01 2.581e-01 3.597e-05 2.934e-05 1.142e-04 -1.000 2.795e-04 -2.858 1.408 4.803 3.270 0.883 0.146 -0.376 -0.780 -1.297 -2.237 -2.406 -2.642 -2.793 -3.074 -3.143 -3.502 -3.524 -3.772
0.00024632 -1.80000 9.90000 0.9083962440 2.4514943558    0.790  3.198  3.6376  0.640    8  0.535  0.420    41.29    25.20    16.70    13.21    10.72  1 -3.17e-07      0.00 7.416e-01 2.581e-01 3.597e-05 2.934e-05 1.142e-04 -1.000 2.795e-04 -3.225 1.113 5.064 3.622 0.998 0.234 -0.374 -0.848 -1.435 -2.481 -2.665 -2.926 -3.087 -3.392 -3.466 -3.852 -3.875 -4.142
0.00024632 -1.80000 9.90000 0.9083967805 2.4514944959    0.783  3.294  3.6299  0.509    8  0.536  0.420    54.40    31.86    20.89    16.58    13.47  1  -4.9e-07      0.00 7.416e-01 2.581e-01 3.597e-05 2.934e-05 1.142e-04 -1.000 2.794e-04 -3.466 0.921 5.175 3.856 1.077 0.298 -0.348 -0.867 -1.505 -2.629 -2.823 -3.103 -3.271 -3.592 -3.672 -4.075 -4.100 -4.381
0.00024632 -1.80000 9.90000 0.9083973765 2.4514946515    0.775  3.345  3.6257  0.438    8  0.536  0.420    63.15    36.14    23.56    18.74    15.23  1 -6.24e-07      0.00 7.416e-01 2.581e-01 3.597e-05 2.934e-05 1.142e-04 -1.000 2.794e-04 -3.591 0.825 5.209 3.981 1.116 0.330 -0.317 -0.859 -1.525 -2.694 -2.893 -3.186 -3.358 -3.691 -3.773 -4.189 -4.214 -4.504
0.00024632 -1.80000 9.90000 0.9083980322 2.4514948227    0.766  3.366  3.6237  0.403    8  0.536  0.420    67.81    38.36    24.94    19.86    16.14  1 -7.03e-07      0.00 7.416e-01 2.581e-01 3.597e-05 2.934e-05 1.142e-04 -1.000 2.795e-04 -3.645 0.785 5.228 4.048 1.139 0.351 -0.293 -0.846 -1.525 -2.717 -2.919 -3.218 -3.392 -3.731 -3.815 -4.236 -4.262 -4.557
0.00024632 -1.80000 9.90000 0.9083987474 2.4514950094    0.757  3.376  3.6226  0.383    8  0.537  0.420    70.55    39.63    25.72    20.50    16.66  1 -7.53e-07      0.00 7.416e-01 2.581e-01 3.597e-05 2.934e-05 1.142e-04 -1.000 2.794e-04 -3.670 0.769 5.244 4.092 1.159 0.369 -0.273 -0.831 -1.519 -2.723 -2.928 -3.230 -3.405 -3.747 -3.832 -4.257 -4.283 -4.580
0.00024632 -1.80000 9.90000 0.9084077477 2.4514973593    0.541 -9.999  4.0000  1.785    9  0.541  0.000     0.00     0.00     0.00     0.00     0.00 -1    -1e-30      0.00 7.416e-01 2.581e-01 3.597e-05 2.934e-05 1.142e-04 -1.000 2.795e-04 29.767 29.894 29.849 29.814 29.843 29.906 29.965 30.074 30.059 30.102 30.104 30.099 30.097 30.095 30.097 30.087 30.086 30.059
