 Zini     MH   logAge Mini        int_IMF         Mass   logL    logTe  logg  label   McoreTP C_O  period0  period1  period2  period3  period4  pmode  Mloss  tau1m   X   Y   Xc  Xn  Xo  Cexcess  Z 	 mbolmag  F170Wmag  F218Wmag  F255Wmag  F300Wmag  F336Wmag  F380Wmag  F439Wmag  F450Wmag  F555Wmag  F569Wmag  F606Wmag  F622Wmag  F675Wmag  F702Wmag  F791Wmag  F814Wmag  F850LPmag
0.0015467 -1.00000 9.55000 0.0900000036 1.0816895926    0.090 -3.243  3.4431  5.359    1  0.000  0.545     0.00     0.00     0.00     0.00     0.00 -1 -5.01e-17      0.00 7.465e-01 2.519e-01 2.929e-04 7.903e-05 7.168e-04 -1.000 1.629e-03 12.877 17.897 22.832 23.532 19.514 19.247 20.280 19.118 18.070 16.523 16.307 15.691 15.530 14.623 13.950 12.658 12.560 11.820
0.0015467 -1.00000 9.55000 0.0926571041 1.1066657126    0.093 -3.177  3.4524  5.343    1  0.000  0.545     0.00     0.00     0.00     0.00     0.00 -1 -5.86e-17      0.00 7.464e-01 2.520e-01 2.929e-04 7.903e-05 7.168e-04 -1.000 1.629e-03 12.712 17.691 22.629 23.282 19.252 18.897 19.728 18.604 17.626 16.092 15.877 15.295 15.131 14.286 13.672 12.441 12.353 11.652
0.0015467 -1.00000 9.55000 0.1000000015 1.1711064122    0.100 -3.004  3.4768  5.301    1  0.000  0.545     0.00     0.00     0.00     0.00     0.00 -1 -8.81e-17      0.00 7.461e-01 2.523e-01 2.929e-04 7.903e-05 7.168e-04 -1.000 1.629e-03 12.280 17.150 22.090 22.525 18.518 17.954 18.303 17.308 16.492 14.985 14.770 14.280 14.102 13.425 12.957 11.893 11.824 11.223
0.0015467 -1.00000 9.55000 0.1200000048 1.3193154741    0.120 -2.723  3.5101  5.232    1  0.000  0.545     0.00     0.00     0.00     0.00     0.00 -1 -1.66e-16      0.00 7.455e-01 2.528e-01 2.929e-04 7.903e-05 7.168e-04 -1.000 1.629e-03 11.577 16.294 21.200 21.092 17.279 16.521 16.412 15.611 14.960 13.532 13.320 12.925 12.730 12.233 11.921 11.076 11.025 10.539
0.0015467 -1.00000 9.55000 0.1400000006 1.4384526719    0.140 -2.539  3.5279  5.187    1  0.000  0.545     0.00     0.00     0.00     0.00     0.00 -1 -2.48e-16      0.00 7.451e-01 2.533e-01 2.929e-04 7.903e-05 7.168e-04 -1.000 1.629e-03 11.118 15.757 20.608 20.122 16.488 15.675 15.418 14.713 14.131 12.775 12.568 12.199 12.002 11.563 11.315 10.574 10.530 10.093
0.0015467 -1.00000 9.55000 0.1599999964 1.5372931554    0.160 -2.401  3.5391  5.152    1  0.000  0.545     0.00     0.00     0.00     0.00     0.00 -1 -3.31e-16      0.00 7.447e-01 2.537e-01 2.929e-04 7.903e-05 7.168e-04 -1.000 1.629e-03 10.774 15.364 20.164 19.438 15.925 15.092 14.771 14.121 13.578 12.274 12.071 11.714 11.518 11.104 10.890 10.208 10.167 9.757
0.0015467 -1.00000 9.55000 0.2000000179 1.6938791367    0.200 -2.192  3.5539  5.099    1  0.000  0.545     0.00     0.00     0.00     0.00     0.00 -1  -5.1e-16      0.00 7.440e-01 2.544e-01 2.929e-04 7.903e-05 7.168e-04 -1.000 1.629e-03 10.251 14.781 19.490 18.458 15.114 14.265 13.891 13.303 12.806 11.573 11.376 11.030 10.836 10.448 10.273 9.662 9.624 9.245
0.0015467 -1.00000 9.55000 0.2500000000 1.8403257998    0.250 -1.995  3.5657  5.046    1  0.000  0.545     0.00     0.00     0.00     0.00     0.00 -1 -7.62e-16      0.00 7.435e-01 2.549e-01 2.929e-04 7.903e-05 7.168e-04 -1.000 1.629e-03 9.757 14.243 18.852 17.581 14.392 13.539 13.139 12.596 12.129 10.953 10.762 10.424 10.232 9.860 9.712 9.154 9.120 8.763
0.0015467 -1.00000 9.55000 0.3000000417 1.9529140366    0.300 -1.836  3.5746  5.002    1  0.000  0.545     0.00     0.00     0.00     0.00     0.00 -1 -1.05e-15      0.00 7.433e-01 2.551e-01 2.929e-04 7.904e-05 7.168e-04 -1.000 1.629e-03 9.361 13.814 18.341 16.915 13.827 12.973 12.566 12.053 11.606 10.472 10.285 9.954 9.764 9.403 9.272 8.750 8.717 8.375
0.0015467 -1.00000 9.55000 0.3499999940 2.0434174644    0.350 -1.689  3.5816  4.950    1  0.000  0.545     0.00     0.00     0.00     0.00     0.00 -1 -1.46e-15      0.00 7.469e-01 2.515e-01 2.929e-04 7.903e-05 7.168e-04 -1.000 1.629e-03 8.993 13.423 17.881 16.354 13.329 12.475 12.069 11.576 11.144 10.044 9.860 9.535 9.348 8.994 8.875 8.376 8.345 8.014
0.0015467 -1.00000 9.55000 0.4000000060 2.1185024399    0.400 -1.544  3.5924  4.905    1  0.000  0.545     0.00     0.00     0.00     0.00     0.00 -1    -2e-15      0.00 7.470e-01 2.514e-01 2.929e-04 7.903e-05 7.168e-04 -1.000 1.629e-03 8.629 13.023 17.345 15.658 12.759 11.910 11.519 11.055 10.641 9.592 9.414 9.100 8.917 8.577 8.471 8.004 7.975 7.660
0.0015467 -1.00000 9.55000 0.4268208444 2.1539237051    0.427 -1.450  3.6009  4.874    1  0.000  0.545     0.00     0.00     0.00     0.00     0.00 -1 -2.49e-15      0.00 7.470e-01 2.514e-01 2.929e-04 7.903e-05 7.168e-04 -1.000 1.629e-03 8.396 12.762 16.984 15.200 12.369 11.523 11.151 10.705 10.305 9.295 9.122 8.818 8.639 8.308 8.210 7.765 7.737 7.434
0.0015467 -1.00000 9.55000 0.4499999881 2.1822809009    0.450 -1.374  3.6077  4.848    1  0.000  0.545     0.00     0.00     0.00     0.00     0.00 -1 -2.98e-15      0.00 7.470e-01 2.514e-01 2.929e-04 7.903e-05 7.168e-04 -1.000 1.629e-03 8.206 12.550 16.722 14.864 12.049 11.203 10.852 10.420 10.034 9.056 8.888 8.593 8.415 8.094 8.002 7.571 7.544 7.250
0.0015467 -1.00000 9.55000 0.5000000000 2.2374541529    0.500 -1.188  3.6309  4.800    1  0.000  0.545     0.00     0.00     0.00     0.00     0.00 -1 -4.59e-15      0.00 7.470e-01 2.514e-01 2.929e-04 7.903e-05 7.168e-04 -1.000 1.629e-03 7.739 12.010 15.794 13.742 11.138 10.307 10.049 9.652 9.304 8.431 8.279 8.015 7.848 7.558 7.480 7.097 7.074 6.810
0.0015467 -1.00000 9.55000 0.5500000715 2.2836583126    0.550 -0.992  3.6610  4.766    1  0.000  0.545     0.00     0.00     0.00     0.00     0.00 -1 -7.13e-15      0.00 7.576e-01 2.408e-01 2.815e-04 7.595e-05 6.890e-04 -1.000 1.564e-03 7.251 11.406 14.670 12.381 10.000 9.199 9.118 8.779 8.479 7.742 7.613 7.391 7.240 6.993 6.930 6.601 6.582 6.358
0.0015467 -1.00000 9.55000 0.6000000238 2.3211213258    0.600 -0.812  3.6884  4.734    1  0.000  0.545     0.00     0.00     0.00     0.00     0.00 -1 -1.07e-14      0.00 7.600e-01 2.384e-01 2.792e-04 7.534e-05 6.835e-04 -1.000 1.554e-03 6.801 10.826 13.050 10.816 8.917 8.207 8.286 8.038 7.769 7.143 7.027 6.841 6.710 6.493 6.439 6.150 6.134 5.943
0.0015467 -1.00000 9.55000 0.6466842294 2.3501548470    0.647 -0.651  3.7138  4.707    1  0.000  0.545     0.00     0.00     0.00     0.00     0.00 -1 -1.54e-14      0.00 7.627e-01 2.358e-01 2.764e-04 7.461e-05 6.769e-04 -1.000 1.564e-03 6.398 10.271 11.342 9.517 8.001 7.389 7.593 7.433 7.190 6.643 6.537 6.377 6.262 6.065 6.018 5.757 5.744 5.579
0.0015467 -1.00000 9.55000 0.6499999762 2.3520353107    0.650 -0.640  3.7156  4.705    1  0.000  0.545     0.00     0.00     0.00     0.00     0.00 -1 -1.58e-14      0.00 7.629e-01 2.356e-01 2.762e-04 7.456e-05 6.764e-04 -1.000 1.566e-03 6.370 10.230 11.223 9.434 7.941 7.335 7.547 7.393 7.151 6.610 6.504 6.346 6.232 6.036 5.990 5.730 5.718 5.554
0.0015467 -1.00000 9.55000 0.6783862710 2.3672727606    0.678 -0.546  3.7303  4.689    1  0.000  0.544     0.00     0.00     0.00     0.00     0.00 -1 -1.96e-14      0.00 7.648e-01 2.336e-01 2.743e-04 7.405e-05 6.719e-04 -1.000 1.545e-03 6.135 9.880 10.277 8.761 7.451 6.897 7.168 7.059 6.834 6.334 6.234 6.088 5.981 5.797 5.754 5.509 5.498 5.348
0.0015467 -1.00000 9.55000 0.6999999881 2.3779266974    0.700 -0.476  3.7412  4.676    1  0.000  0.544     0.00     0.00     0.00     0.00     0.00 -1  -2.3e-14      0.00 7.664e-01 2.321e-01 2.728e-04 7.364e-05 6.682e-04 -1.000 1.529e-03 5.961 9.604 9.647 8.301 7.111 6.594 6.901 6.821 6.609 6.137 6.040 5.902 5.801 5.623 5.582 5.348 5.338 5.198
0.0015467 -1.00000 9.55000 0.7108264565 2.3829841127    0.711 -0.442  3.7464  4.669    1  0.000  0.543     0.00     0.00     0.00     0.00     0.00 -1 -2.49e-14      0.00 7.673e-01 2.311e-01 2.711e-04 7.338e-05 6.661e-04 -1.000 1.525e-03 5.875 9.457 9.332 8.072 6.949 6.452 6.773 6.707 6.500 6.042 5.947 5.813 5.714 5.540 5.501 5.271 5.262 5.127
0.0015467 -1.00000 9.55000 0.7453183532 2.3979759072    0.745 -0.335  3.7626  4.647    1  0.000  0.537     0.00     0.00     0.00     0.00     0.00 -1 -3.19e-14      0.00 7.706e-01 2.279e-01 2.655e-04 7.249e-05 6.588e-04 -1.000 1.483e-03 5.607 8.968 8.421 7.393 6.459 6.023 6.383 6.353 6.164 5.750 5.661 5.539 5.447 5.286 5.249 5.036 5.028 4.907
0.0015467 -1.00000 9.55000 0.7500000000 2.3998889087    0.750 -0.320  3.7647  4.644    1  0.000  0.537     0.00     0.00     0.00     0.00     0.00 -1  -3.3e-14      0.00 7.711e-01 2.275e-01 2.647e-04 7.236e-05 6.577e-04 -1.000 1.473e-03 5.571 8.898 8.310 7.308 6.397 5.968 6.333 6.306 6.121 5.712 5.623 5.503 5.412 5.253 5.217 5.005 4.998 4.879
0.0015467 -1.00000 9.55000 0.7661598325 2.4062860289    0.766 -0.272  3.7706  4.628    1  0.000  0.537     0.00     0.00     0.00     0.00     0.00 -1 -3.72e-14      0.00 7.736e-01 2.249e-01 2.623e-04 7.171e-05 6.519e-04 -1.000 1.466e-03 5.449 8.674 7.982 7.050 6.201 5.795 6.170 6.155 5.977 5.584 5.498 5.381 5.293 5.138 5.103 4.897 4.890 4.776
0.0015467 -1.00000 9.55000 0.7993791103 2.4185071037    0.799 -0.172  3.7822  4.594    1  0.000  0.536     0.00     0.00     0.00     0.00     0.00 -1 -4.76e-14      0.00 7.797e-01 2.189e-01 2.567e-04 7.020e-05 6.383e-04 -1.000 1.436e-03 5.201 8.206 7.371 6.559 5.822 5.457 5.849 5.853 5.689 5.327 5.245 5.137 5.054 4.907 4.874 4.680 4.674 4.569
0.0015467 -1.00000 9.55000 0.8000000119 2.4187244405    0.800 -0.171  3.7824  4.593    1  0.000  0.536     0.00     0.00     0.00     0.00     0.00 -1 -4.78e-14      0.00 7.798e-01 2.188e-01 2.566e-04 7.017e-05 6.381e-04 -1.000 1.435e-03 5.196 8.197 7.361 6.550 5.816 5.451 5.844 5.847 5.683 5.322 5.241 5.132 5.049 4.903 4.870 4.676 4.670 4.566
0.0015467 -1.00000 9.55000 0.8321632147 2.4294746054    0.832 -0.076  3.7924  4.555    1  0.000  0.536     0.00     0.00     0.00     0.00     0.00 -1 -6.08e-14      0.00 7.871e-01 2.115e-01 2.495e-04 6.827e-05 6.210e-04 -1.000 1.437e-03 4.959 7.758 6.861 6.138 5.488 5.158 5.553 5.566 5.415 5.079 5.001 4.899 4.821 4.682 4.651 4.466 4.461 4.365
0.0015467 -1.00000 9.55000 0.8500000238 2.4350346840    0.849 -0.023  3.7977  4.533    1  0.000  0.535     0.00     0.00     0.00     0.00     0.00 -1 -6.96e-14      0.00 7.914e-01 2.072e-01 2.452e-04 6.711e-05 6.107e-04 -1.000 1.402e-03 4.829 7.518 6.601 5.921 5.313 5.001 5.396 5.413 5.268 4.945 4.870 4.771 4.695 4.560 4.530 4.350 4.345 4.254
0.0015467 -1.00000 9.55000 0.8653536439 2.4396101999    0.865  0.021  3.8021  4.514    1  0.000  0.535     0.00     0.00     0.00     0.00     0.00 -1 -7.81e-14      0.00 7.929e-01 2.057e-01 2.442e-04 6.686e-05 6.086e-04 -1.000 1.392e-03 4.718 7.315 6.389 5.743 5.169 4.871 5.264 5.284 5.144 4.831 4.758 4.663 4.588 4.456 4.427 4.252 4.247 4.159
0.0015467 -1.00000 9.55000 0.8960535526 2.4482206380    0.895  0.110  3.8108  4.475    1  0.000  0.534     0.00     0.00     0.00     0.00     0.00 -1 -9.84e-14      0.00 7.952e-01 2.034e-01 2.432e-04 6.666e-05 6.072e-04 -1.000 1.360e-03 4.496 6.919 5.992 5.406 4.894 4.623 5.003 5.026 4.896 4.604 4.534 4.445 4.374 4.249 4.221 4.054 4.050 3.969
0.0015467 -1.00000 9.55000 0.8999999762 2.4492786016    0.899  0.121  3.8118  4.470    1  0.000  0.534     0.00     0.00     0.00     0.00     0.00 -1 -1.01e-13      0.00 7.954e-01 2.032e-01 2.433e-04 6.667e-05 6.073e-04 -1.000 1.364e-03 4.467 6.871 5.945 5.366 4.860 4.592 4.970 4.993 4.864 4.574 4.505 4.416 4.346 4.222 4.195 4.029 4.025 3.945
0.0015467 -1.00000 9.55000 0.9234806299 2.4553589345    0.923  0.189  3.8185  4.440    1  0.000  0.534     0.00     0.00     0.00     0.00     0.00 -1 -1.21e-13      0.00 7.955e-01 2.031e-01 2.438e-04 6.683e-05 6.089e-04 -1.000 1.399e-03 4.298 6.587 5.671 5.129 4.660 4.410 4.775 4.798 4.675 4.400 4.333 4.249 4.181 4.062 4.036 3.877 3.873 3.798
0.0015467 -1.00000 9.55000 0.9466823936 2.4610276089    0.946  0.256  3.8249  4.409    1  0.000  0.534     0.00     0.00     0.00     0.00     0.00 -1 -1.45e-13      0.00 7.954e-01 2.032e-01 2.445e-04 6.703e-05 6.108e-04 -1.000 1.413e-03 4.130 6.315 5.411 4.900 4.466 4.232 4.582 4.604 4.488 4.226 4.162 4.081 4.016 3.902 3.877 3.724 3.721 3.652
0.0015467 -1.00000 9.55000 0.9499999881 2.4618121868    0.949  0.266  3.8258  4.405    1  0.000  0.534     0.00     0.00     0.00     0.00     0.00 -1 -1.49e-13      0.00 7.954e-01 2.032e-01 2.446e-04 6.706e-05 6.112e-04 -1.000 1.409e-03 4.105 6.276 5.374 4.868 4.438 4.207 4.554 4.576 4.461 4.201 4.137 4.057 3.992 3.879 3.854 3.702 3.699 3.631
0.0015467 -1.00000 9.55000 0.9589567780 2.4638992336    0.958  0.292  3.8285  4.394    1  0.000  0.534     0.00     0.00     0.00     0.00     0.00 -1 -1.59e-13      0.00 7.954e-01 2.032e-01 2.446e-04 6.704e-05 6.110e-04 -1.000 1.391e-03 4.041 6.169 5.272 4.779 4.363 4.139 4.479 4.501 4.388 4.133 4.071 3.993 3.929 3.818 3.793 3.644 3.641 3.575
0.0015467 -1.00000 9.55000 0.9819602370 2.4690592729    0.981  0.360  3.8352  4.363    1  0.000  0.534     0.00     0.00     0.00     0.00     0.00 -1  -1.9e-13      0.00 7.953e-01 2.032e-01 2.446e-04 6.707e-05 6.112e-04 -1.000 1.414e-03 3.871 5.900 5.021 4.559 4.175 3.967 4.286 4.305 4.199 3.957 3.897 3.823 3.762 3.657 3.634 3.491 3.489 3.428
0.0015467 -1.00000 9.55000 1.0000000000 2.4729154477    1.000  0.414  3.8405  4.337    1  0.000  0.534     0.00     0.00     0.00     0.00     0.00 -1  -2.2e-13      0.00 7.950e-01 2.036e-01 2.449e-04 6.714e-05 6.118e-04 -1.000 1.399e-03 3.734 5.689 4.825 4.386 4.027 3.831 4.131 4.148 4.047 3.815 3.757 3.687 3.628 3.527 3.505 3.368 3.366 3.309
0.0015467 -1.00000 9.55000 1.0031800270 2.4735786941    1.003  0.424  3.8416  4.334    1  0.000  0.534     0.00     0.00     0.00     0.00     0.00 -1 -2.25e-13      0.00 7.951e-01 2.035e-01 2.449e-04 6.714e-05 6.118e-04 -1.000 1.396e-03 3.710 5.651 4.790 4.356 4.001 3.807 4.104 4.120 4.020 3.790 3.733 3.663 3.605 3.505 3.483 3.348 3.346 3.289
0.0015467 -1.00000 9.55000 1.0231527090 2.4776361493    1.022  0.485  3.8481  4.307    1  0.000  0.534     0.00     0.00     0.00     0.00     0.00 -1 -2.56e-13      0.00 7.950e-01 2.036e-01 2.449e-04 6.715e-05 6.119e-04 -1.000 1.398e-03 3.558 5.411 4.571 4.164 3.837 3.658 3.931 3.943 3.849 3.631 3.577 3.512 3.456 3.362 3.341 3.213 3.211 3.160
0.0015467 -1.00000 9.55000 1.0416740179 2.4812392989    1.041  0.542  3.8540  4.281    1  0.000  0.534     0.00     0.00     0.00     0.00     0.00 -1 -2.91e-13      0.00 7.949e-01 2.037e-01 2.451e-04 6.719e-05 6.123e-04 -1.000 1.421e-03 3.415 5.192 4.371 3.988 3.685 3.519 3.769 3.778 3.689 3.482 3.430 3.369 3.316 3.227 3.207 3.085 3.084 3.037
0.0015467 -1.00000 9.55000 1.0499999523 2.4828114860    1.049  0.568  3.8565  4.269    1  0.000  0.534     0.00     0.00     0.00     0.00     0.00 -1 -3.08e-13      0.00 7.948e-01 2.038e-01 2.452e-04 6.722e-05 6.125e-04 -1.000 1.422e-03 3.350 5.096 4.284 3.911 3.618 3.457 3.696 3.703 3.616 3.415 3.364 3.304 3.253 3.166 3.146 3.027 3.026 2.981
0.0015467 -1.00000 9.55000 1.0617275238 2.4849779758    1.060  0.604  3.8601  4.252    1  0.000  0.534     0.00     0.00     0.00     0.00     0.00 -1 -3.33e-13      0.00 7.951e-01 2.036e-01 2.449e-04 6.716e-05 6.119e-04 -1.000 1.393e-03 3.261 4.961 4.161 3.803 3.524 3.371 3.595 3.600 3.516 3.321 3.272 3.215 3.165 3.081 3.062 2.947 2.946 2.904
0.0015467 -1.00000 9.55000 1.0735584497 2.4871084948    1.072  0.642  3.8636  4.233    1  0.000  0.534     0.00     0.00     0.00     0.00     0.00 -1 -3.62e-13      0.00 7.952e-01 2.034e-01 2.448e-04 6.712e-05 6.116e-04 -1.000 1.403e-03 3.166 4.826 4.040 3.694 3.428 3.282 3.488 3.491 3.410 3.222 3.174 3.120 3.071 2.991 2.973 2.862 2.861 2.820
0.0015467 -1.00000 9.55000 1.0845065117 2.4890324799    1.083  0.678  3.8664  4.212    1  0.000  0.534     0.00     0.00     0.00     0.00     0.00 -1 -3.95e-13      0.00 7.944e-01 2.042e-01 2.455e-04 6.732e-05 6.134e-04 -1.000 1.447e-03 3.074 4.702 3.927 3.593 3.336 3.196 3.387 3.388 3.310 3.127 3.080 3.028 2.981 2.903 2.886 2.778 2.777 2.739
0.0015467 -1.00000 9.55000 1.0934720039 2.4905750998    1.092  0.709  3.8683  4.193    1  0.000  0.534     0.00     0.00     0.00     0.00     0.00 -1 -4.25e-13      0.00 7.936e-01 2.049e-01 2.464e-04 6.754e-05 6.154e-04 -1.000 1.458e-03 2.998 4.604 3.839 3.512 3.261 3.125 3.304 3.304 3.227 3.048 3.002 2.951 2.905 2.829 2.812 2.707 2.706 2.669
0.0015467 -1.00000 9.55000 1.0958535671 2.4909799997    1.094  0.717  3.8687  4.187    1  0.000  0.534     0.00     0.00     0.00     0.00     0.00 -1 -4.35e-13      0.00 7.934e-01 2.051e-01 2.466e-04 6.760e-05 6.159e-04 -1.000 1.461e-03 2.977 4.580 3.816 3.490 3.241 3.105 3.282 3.281 3.205 3.027 2.981 2.931 2.885 2.809 2.792 2.688 2.687 2.650
0.0015467 -1.00000 9.55000 1.0999444723 2.4916708079    1.098  0.734  3.8693  4.174    1  0.000  0.534     0.00     0.00     0.00     0.00     0.00 -1 -4.55e-13      0.00 7.931e-01 2.055e-01 2.470e-04 6.770e-05 6.168e-04 -1.000 1.466e-03 2.935 4.532 3.771 3.448 3.201 3.066 3.237 3.235 3.160 2.983 2.938 2.888 2.842 2.767 2.751 2.647 2.646 2.609
0.0015467 -1.00000 9.55000 1.1000000238 2.4916801480    1.099  0.734  3.8693  4.174    1  0.000  0.534     0.00     0.00     0.00     0.00     0.00 -1 -4.55e-13      0.00 7.931e-01 2.055e-01 2.470e-04 6.771e-05 6.168e-04 -1.000 1.466e-03 2.934 4.531 3.770 3.448 3.201 3.066 3.237 3.235 3.159 2.982 2.937 2.887 2.842 2.767 2.750 2.646 2.646 2.609
0.0015467 -1.00000 9.55000 1.1089838743 2.4931764782    1.107  0.766  3.8702  4.149    1  0.000  0.534     0.00     0.00     0.00     0.00     0.00 -1 -4.93e-13      0.00 7.928e-01 2.057e-01 2.473e-04 6.778e-05 6.175e-04 -1.000 1.451e-03 2.855 4.445 3.689 3.370 3.125 2.992 3.153 3.150 3.076 2.901 2.856 2.807 2.762 2.688 2.672 2.569 2.568 2.532
0.0015467 -1.00000 9.55000 1.1156575680 2.4942701119    1.114  0.795  3.8725  4.132    1  0.000  0.534     0.00     0.00     0.00     0.00     0.00 -1  -5.3e-13      0.00 7.927e-01 2.058e-01 2.474e-04 6.782e-05 6.178e-04 -1.000 1.445e-03 2.781 4.345 3.600 3.290 3.052 2.923 3.072 3.067 2.994 2.824 2.781 2.733 2.690 2.618 2.602 2.502 2.502 2.466
0.0015467 -1.00000 9.55000 1.1180268526 2.4946547625    1.116  0.813  3.8747  4.124    1  0.000  0.534     0.00     0.00     0.00     0.00     0.00 -1 -5.55e-13      0.00 7.927e-01 2.059e-01 2.475e-04 6.784e-05 6.180e-04 -1.000 1.443e-03 2.737 4.275 3.539 3.237 3.007 2.882 3.021 3.014 2.944 2.778 2.735 2.689 2.647 2.577 2.562 2.465 2.464 2.430
0.0015467 -1.00000 9.55000 1.1181596518 2.4946762668    1.117  0.814  3.8749  4.123    1  0.000  0.534     0.00     0.00     0.00     0.00     0.00 -1 -5.57e-13      0.00 7.927e-01 2.059e-01 2.475e-04 6.784e-05 6.180e-04 -1.000 1.443e-03 2.734 4.270 3.535 3.233 3.004 2.879 3.017 3.011 2.941 2.775 2.732 2.687 2.644 2.574 2.559 2.462 2.461 2.428
0.0015467 -1.00000 9.55000 1.1233778000 2.4955166209    1.122  0.841  3.8728  4.090    1  0.000  0.534     0.00     0.00     0.00     0.00     0.00 -1 -6.07e-13      0.00 7.924e-01 2.061e-01 2.477e-04 6.790e-05 6.185e-04 -1.000 1.437e-03 2.668 4.232 3.492 3.184 2.947 2.819 2.954 2.948 2.876 2.708 2.664 2.618 2.574 2.503 2.488 2.389 2.388 2.353
0.0015467 -1.00000 9.55000 1.1321468353 2.4969087817    1.130  0.880  3.8697  4.042    2  0.000  0.534     0.00     0.00     0.00     0.00     0.00 -1 -6.89e-13      0.00 7.921e-01 2.065e-01 2.480e-04 6.799e-05 6.193e-04 -1.000 1.425e-03 2.569 4.176 3.428 3.111 2.863 2.728 2.860 2.854 2.781 2.608 2.564 2.516 2.471 2.398 2.382 2.280 2.279 2.242
0.0015467 -1.00000 9.55000 1.1414934397 2.4983655881    1.140  0.925  3.8630  3.974    2  0.000  0.534     0.00     0.00     0.00     0.00     0.00 -1 -8.09e-13      0.00 7.917e-01 2.069e-01 2.484e-04 6.809e-05 6.201e-04 -1.000 1.414e-03 2.457 4.152 3.387 3.048 2.774 2.626 2.761 2.757 2.679 2.497 2.451 2.398 2.351 2.273 2.256 2.147 2.146 2.103
0.0015467 -1.00000 9.55000 1.1476479769 2.4993099774    1.146  0.959  3.8531  3.902    2  0.000  0.534     0.00     0.00     0.00     0.00     0.00 -1 -9.38e-13      0.00 7.914e-01 2.072e-01 2.487e-04 6.816e-05 6.207e-04 -1.000 1.406e-03 2.372 4.204 3.412 3.036 2.722 2.554 2.702 2.700 2.615 2.417 2.367 2.309 2.257 2.171 2.152 2.034 2.032 1.982
0.0015467 -1.00000 9.55000 1.1499999762 2.4996678137    1.148  0.973  3.8466  3.863    2  0.000  0.534     0.00     0.00     0.00     0.00     0.00 -1 -1.01e-12      0.00 7.913e-01 2.073e-01 2.487e-04 6.818e-05 6.209e-04 -1.000 1.403e-03 2.337 4.261 3.452 3.050 2.709 2.526 2.685 2.685 2.595 2.387 2.334 2.271 2.217 2.126 2.106 1.981 1.978 1.924
0.0015467 -1.00000 9.55000 1.1523562670 2.5000246191    1.151  0.986  3.8383  3.818    2  0.000  0.534     0.00     0.00     0.00     0.00     0.00 -1 -1.09e-12      0.00 7.912e-01 2.074e-01 2.488e-04 6.820e-05 6.211e-04 -1.000 1.403e-03 2.304 4.346 3.518 3.081 2.704 2.504 2.678 2.680 2.583 2.360 2.304 2.236 2.178 2.080 2.059 1.925 1.922 1.862
0.0015467 -1.00000 9.55000 1.1550714970 2.5004337021    1.153  1.001  3.8264  3.756    2  0.000  0.534     0.00     0.00     0.00     0.00     0.00 -1  -1.2e-12      0.00 7.911e-01 2.075e-01 2.490e-04 6.823e-05 6.215e-04 -1.000 1.404e-03 2.267 4.489 3.637 3.147 2.714 2.486 2.681 2.685 2.578 2.333 2.272 2.197 2.134 2.027 2.003 1.857 1.854 1.784
0.0015467 -1.00000 9.55000 1.1576963663 2.5008270741    1.156  1.013  3.8122  3.689    2  0.000  0.534     0.00     0.00     0.00     0.00     0.00 -1 -1.33e-12      0.00 7.904e-01 2.082e-01 2.496e-04 6.838e-05 6.229e-04 -1.000 1.408e-03 2.237 4.688 3.817 3.255 2.749 2.488 2.706 2.709 2.589 2.316 2.250 2.165 2.097 1.979 1.952 1.792 1.788 1.707
0.0015467 -1.00000 9.55000 1.1602212191 2.5012035265    1.158  1.018  3.7959  3.619    2  0.000  0.534     0.00     0.00     0.00     0.00     0.00 -1 -1.45e-12      0.00 7.883e-01 2.103e-01 2.515e-04 6.889e-05 6.274e-04 -1.000 1.421e-03 2.224 4.958 4.091 3.423 2.821 2.518 2.767 2.768 2.631 2.321 2.248 2.152 2.078 1.946 1.916 1.740 1.734 1.641
0.0015467 -1.00000 9.55000 1.1626594067 2.5015652732    1.161  1.012  3.7783  3.556    2  0.000  0.535     0.00     0.00     0.00     0.00     0.00 -1 -1.54e-12      0.00 7.828e-01 2.157e-01 2.567e-04 7.028e-05 6.399e-04 -1.000 1.461e-03 2.240 5.280 4.479 3.677 2.952 2.600 2.876 2.868 2.712 2.359 2.279 2.171 2.089 1.944 1.911 1.716 1.710 1.602
0.0015467 -1.00000 9.55000 1.1655508280 2.5019920098    1.164  0.992  3.7582  3.497    2  0.000  0.537     0.00     0.00     0.00     0.00     0.00 -1 -1.56e-12      0.00 7.632e-01 2.353e-01 2.735e-04 7.474e-05 6.797e-04 -1.000 1.541e-03 2.291 5.650 5.072 4.080 3.182 2.770 3.054 3.027 2.845 2.441 2.352 2.231 2.141 1.980 1.943 1.728 1.720 1.594
0.0015467 -1.00000 9.55000 1.1689954996 2.5024972315    1.167  1.008  3.7409  3.413    2  0.000  0.537     0.00     0.00     0.00     0.00     0.00 -1 -1.75e-12      0.00 7.524e-01 2.459e-01 2.833e-04 7.733e-05 7.028e-04 -1.000 1.629e-03 2.251 5.825 5.591 4.395 3.325 2.859 3.136 3.085 2.882 2.434 2.339 2.206 2.109 1.935 1.894 1.662 1.652 1.511
0.0015467 -1.00000 9.55000 1.1692252159 2.5025308017    1.167  1.013  3.7402  3.406    2  0.000  0.537     0.00     0.00     0.00     0.00     0.00 -1 -1.79e-12      0.00 7.521e-01 2.463e-01 2.834e-04 7.738e-05 7.032e-04 -1.000 1.615e-03 2.239 5.820 5.599 4.396 3.319 2.852 3.128 3.076 2.872 2.423 2.327 2.194 2.097 1.922 1.881 1.648 1.638 1.496
0.0015467 -1.00000 9.55000 1.1708726883 2.5027711156    1.169  1.054  3.7363  3.349    3  0.000  0.537     0.00     0.00     0.00     0.00     0.00 -1 -2.09e-12      0.00 7.498e-01 2.486e-01 2.838e-04 7.772e-05 7.055e-04 -1.000 1.588e-03 2.135 5.757 5.640 4.381 3.267 2.789 3.054 2.995 2.787 2.328 2.230 2.095 1.996 1.819 1.777 1.540 1.530 1.384
0.0015467 -1.00000 9.55000 1.1722452641 2.5029707377    1.170  1.094  3.7337  3.300    3  0.000  0.531     0.00     0.00     0.00     0.00     0.00 -1 -2.41e-12      0.00 7.475e-01 2.509e-01 2.815e-04 7.917e-05 7.070e-04 -1.000 1.618e-03 2.036 5.685 5.638 4.342 3.204 2.719 2.976 2.912 2.700 2.234 2.136 1.999 1.900 1.720 1.678 1.438 1.428 1.280
0.0015467 -1.00000 9.55000 1.1736398935 2.5031730174    1.172  1.138  3.7314  3.247    3  0.000  0.514     0.00     0.00     0.00     0.00     0.00 -1 -2.83e-12      0.00 7.448e-01 2.536e-01 2.723e-04 8.774e-05 7.082e-04 -1.000 1.629e-03 1.925 5.599 5.613 4.285 3.124 2.634 2.883 2.816 2.601 2.129 2.030 1.892 1.792 1.610 1.568 1.326 1.315 1.165
0.0015467 -1.00000 9.55000 1.1749271154 2.5033592285    1.173  1.182  3.7295  3.195    3  0.000  0.486     0.00     0.00     0.00     0.00     0.00 -1 -3.31e-12      0.00 7.420e-01 2.563e-01 2.582e-04 1.040e-04 7.091e-04 -1.000 1.629e-03 1.815 5.508 5.575 4.219 3.040 2.545 2.788 2.717 2.500 2.023 1.924 1.784 1.683 1.500 1.458 1.214 1.203 1.050
0.0015467 -1.00000 9.55000 1.1761215925 2.5035316037    1.174  1.226  3.7277  3.144    3  0.000  0.460     0.00     0.00     0.00     0.00     0.00 -1 -3.88e-12      0.00 7.393e-01 2.591e-01 2.451e-04 1.203e-04 7.098e-04 -1.000 1.610e-03 1.704 5.413 5.536 4.151 2.955 2.455 2.692 2.617 2.398 1.917 1.817 1.676 1.574 1.391 1.347 1.101 1.090 0.936
0.0015467 -1.00000 9.55000 1.1772820950 2.5036986909    1.175  1.272  3.7259  3.091    3  0.000  0.441     0.00     0.00     0.00     0.00     0.00 -1 -4.57e-12      0.00 7.366e-01 2.618e-01 2.353e-04 1.327e-04 7.104e-04 -1.000 1.629e-03 1.589 5.314 5.493 4.080 2.866 2.361 2.591 2.514 2.292 1.807 1.706 1.564 1.462 1.277 1.233 0.985 0.974 0.818
0.0015467 -1.00000 9.55000 1.1783440113 2.5038512523    1.176  1.318  3.7241  3.039    3  0.000  0.429     0.00     0.00     0.00     0.00     0.00 -1 -5.38e-12      0.00 7.345e-01 2.639e-01 2.289e-04 1.408e-04 7.107e-04 -1.000 1.629e-03 1.476 5.216 5.446 4.006 2.776 2.268 2.491 2.411 2.187 1.698 1.596 1.453 1.350 1.164 1.120 0.871 0.859 0.702
0.0015467 -1.00000 9.55000 1.1792814732 2.5039856712    1.177  1.361  3.7224  2.990    3  0.000  0.421     0.00     0.00     0.00     0.00     0.00 -1 -6.28e-12      0.00 7.328e-01 2.655e-01 2.245e-04 1.463e-04 7.110e-04 -1.000 1.629e-03 1.368 5.123 5.404 3.939 2.692 2.180 2.397 2.314 2.088 1.594 1.491 1.347 1.244 1.057 1.013 0.761 0.750 0.590
0.0015467 -1.00000 9.55000 1.1801863909 2.5041151908    1.178  1.406  3.7206  2.937    3  0.000  0.415     0.00     0.00     0.00     0.00     0.00 -1 -7.38e-12      0.00 7.315e-01 2.669e-01 2.214e-04 1.503e-04 7.113e-04 -1.000 1.629e-03 1.255 5.027 5.370 3.875 2.608 2.090 2.299 2.213 1.984 1.485 1.382 1.237 1.133 0.945 0.900 0.647 0.635 0.474
0.0015467 -1.00000 9.55000 1.1810135841 2.5042333861    1.179  1.451  3.7188  2.886    3  0.000  0.410     0.00     0.00     0.00     0.00     0.00 -1 -8.67e-12      0.00 7.304e-01 2.680e-01 2.192e-04 1.531e-04 7.114e-04 -1.000 1.629e-03 1.143 4.931 5.345 3.815 2.526 2.003 2.204 2.114 1.882 1.379 1.275 1.128 1.024 0.834 0.789 0.534 0.521 0.358
0.0015467 -1.00000 9.55000 1.1817636490 2.5043403963    1.179  1.495  3.7169  2.834    3  0.000  0.408     0.00     0.00     0.00     0.00     0.00 -1 -1.02e-11      0.00 7.297e-01 2.687e-01 2.177e-04 1.549e-04 7.115e-04 -1.000 1.629e-03 1.033 4.838 5.329 3.762 2.449 1.920 2.112 2.018 1.783 1.274 1.170 1.022 0.917 0.725 0.680 0.422 0.410 0.245
0.0015467 -1.00000 9.55000 1.1824504137 2.5044382387    1.180  1.539  3.7150  2.783    3  0.000  0.406     0.00     0.00     0.00     0.00     0.00 -1 -1.19e-11      0.00 7.292e-01 2.691e-01 2.168e-04 1.561e-04 7.115e-04 -1.000 1.629e-03 0.924 4.744 5.313 3.708 2.372 1.837 2.021 1.922 1.685 1.171 1.065 0.916 0.811 0.618 0.571 0.312 0.300 0.132
0.0015467 -1.00000 9.55000 1.1831014156 2.5045308655    1.181  1.583  3.7131  2.731    3  0.000  0.405     0.00     0.00     0.00     0.00     0.00 -1  -1.4e-11      0.00 7.289e-01 2.695e-01 2.162e-04 1.569e-04 7.116e-04 -1.000 1.629e-03 0.812 4.649 5.297 3.653 2.292 1.752 1.927 1.825 1.585 1.065 0.959 0.808 0.702 0.507 0.461 0.199 0.186 0.017
0.0015467 -1.00000 9.55000 1.1836905479 2.5046145882    1.181  1.627  3.7110  2.679    3  0.000  0.404     0.00     0.00     0.00     0.00     0.00 -1 -1.64e-11      0.00 7.288e-01 2.696e-01 2.158e-04 1.573e-04 7.116e-04 -1.000 1.629e-03 0.702 4.556 5.286 3.602 2.216 1.670 1.837 1.731 1.487 0.962 0.855 0.703 0.596 0.399 0.352 0.088 0.075 -0.096
0.0015467 -1.00000 9.55000 1.1842418909 2.5046928538    1.182  1.671  3.7089  2.627    3  0.000  0.404     0.00     0.00     0.00     0.00     0.00 -1 -1.93e-11      0.00 7.287e-01 2.697e-01 2.157e-04 1.575e-04 7.116e-04 -1.000 1.629e-03 0.591 4.461 5.278 3.552 2.140 1.588 1.747 1.636 1.389 0.858 0.750 0.596 0.488 0.290 0.243 -0.023 -0.037 -0.210
0.0015467 -1.00000 9.55000 1.1847342253 2.5047626722    1.182  1.714  3.7068  2.576    3  0.000  0.404     0.00     0.00     0.00     0.00     0.00 -1 -2.26e-11      0.00 7.287e-01 2.697e-01 2.156e-04 1.576e-04 7.116e-04 -1.000 1.629e-03 0.484 4.368 5.279 3.507 2.069 1.511 1.660 1.545 1.295 0.758 0.649 0.494 0.385 0.186 0.137 -0.131 -0.145 -0.321
0.0015467 -1.00000 9.55000 1.1851960421 2.5048281021    1.182  1.758  3.7047  2.524    3  0.000  0.404     0.00     0.00     0.00     0.00     0.00 -1 -2.64e-11      0.00 7.287e-01 2.697e-01 2.156e-04 1.576e-04 7.116e-04 -1.000 1.629e-03 0.376 4.275 5.282 3.464 1.998 1.433 1.574 1.454 1.201 0.657 0.547 0.391 0.281 0.080 0.031 -0.240 -0.254 -0.432
0.0015467 -1.00000 9.55000 1.1856242418 2.5048887169    1.183  1.801  3.7025  2.472    3  0.000  0.403     0.00     0.00     0.00     0.00     0.00 -1  -3.1e-11      0.00 7.287e-01 2.697e-01 2.156e-04 1.576e-04 7.116e-04 -1.000 1.629e-03 0.268 4.183 5.294 3.428 1.932 1.360 1.489 1.363 1.107 0.556 0.445 0.287 0.177 -0.027 -0.076 -0.349 -0.363 -0.544
0.0015467 -1.00000 9.55000 1.1860314608 2.5049463149    1.183  1.845  3.7002  2.419    3  0.000  0.403     0.00     0.00     0.00     0.00     0.00 -1 -3.64e-11      0.00 7.287e-01 2.697e-01 2.155e-04 1.577e-04 7.116e-04 -1.000 1.629e-03 0.157 4.090 5.320 3.403 1.870 1.290 1.405 1.273 1.012 0.453 0.341 0.181 0.070 -0.135 -0.185 -0.461 -0.476 -0.658
0.0015467 -1.00000 9.55000 1.1863991022 2.5049982760    1.183  1.887  3.6980  2.367    3  0.000  0.403     0.00     0.00     0.00     0.00     0.00 -1 -4.26e-11      0.00 7.287e-01 2.697e-01 2.155e-04 1.577e-04 7.116e-04 -1.000 1.629e-03 0.051 3.999 5.347 3.382 1.813 1.225 1.326 1.187 0.922 0.355 0.242 0.080 -0.032 -0.239 -0.290 -0.568 -0.583 -0.768
0.0015467 -1.00000 9.55000 1.1867544651 2.5050484665    1.183  1.931  3.6956  2.315    3  0.000  0.403     0.00     0.00     0.00     0.00     0.00 -1    -5e-11      0.00 7.287e-01 2.697e-01 2.155e-04 1.577e-04 7.116e-04 -1.000 1.629e-03 -0.057 3.906 5.380 3.364 1.756 1.160 1.246 1.100 0.830 0.255 0.141 -0.022 -0.136 -0.345 -0.396 -0.677 -0.692 -0.880
0.0015467 -1.00000 9.55000 1.1871006489 2.5050973273    1.184  1.973  3.6933  2.263    3  0.000  0.403     0.00     0.00     0.00     0.00     0.00 -1 -5.85e-11      0.00 7.287e-01 2.697e-01 2.154e-04 1.578e-04 7.117e-04 -1.000 1.629e-03 -0.163 3.815 5.411 3.346 1.700 1.097 1.168 1.015 0.741 0.158 0.043 -0.123 -0.238 -0.448 -0.500 -0.784 -0.799 -0.990
0.0015467 -1.00000 9.55000 1.1875030994 2.5051540885    1.184  2.014  3.6910  2.213    3  0.000  0.403     0.00     0.00     0.00     0.00     0.00 -1 -6.81e-11      0.00 7.287e-01 2.697e-01 2.154e-04 1.578e-04 7.117e-04 -1.000 1.629e-03 -0.265 3.728 5.441 3.330 1.648 1.036 1.094 0.935 0.656 0.064 -0.052 -0.219 -0.335 -0.548 -0.600 -0.887 -0.902 -1.095
0.0015467 -1.00000 9.55000 1.1876536608 2.5051753122    1.184  2.023  3.6906  2.203    3  0.000  0.403     0.00     0.00     0.00     0.00     0.00 -1 -7.06e-11      0.00 7.287e-01 2.697e-01 2.154e-04 1.578e-04 7.117e-04 -1.000 1.629e-03 -0.287 3.708 5.445 3.325 1.635 1.023 1.078 0.917 0.637 0.044 -0.072 -0.240 -0.356 -0.569 -0.622 -0.909 -0.924 -1.118
0.0015467 -1.00000 9.55000 1.1877630949 2.5051907345    1.184  2.013  3.6913  2.216    3  0.000  0.403     0.00     0.00     0.00     0.00     0.00 -1 -6.84e-11      0.00 7.287e-01 2.697e-01 2.154e-04 1.578e-04 7.117e-04 -1.000 1.629e-03 -0.262 3.729 5.430 3.324 1.646 1.036 1.094 0.935 0.657 0.066 -0.050 -0.217 -0.333 -0.545 -0.597 -0.884 -0.899 -1.092
0.0015467 -1.00000 9.55000 1.1879793406 2.5052211999    1.184  1.981  3.6933  2.255    3  0.000  0.403     0.00     0.00     0.00     0.00     0.00 -1 -6.11e-11      0.00 7.287e-01 2.697e-01 2.154e-04 1.578e-04 7.117e-04 -1.000 1.629e-03 -0.183 3.794 5.388 3.326 1.680 1.077 1.147 0.994 0.720 0.137 0.022 -0.144 -0.259 -0.469 -0.521 -0.805 -0.820 -1.010
0.0015467 -1.00000 9.55000 1.1880712509 2.5052341447    1.184  1.964  3.6945  2.278    3  0.000  0.403     0.00     0.00     0.00     0.00     0.00 -1 -5.72e-11      0.00 7.287e-01 2.697e-01 2.154e-04 1.579e-04 7.117e-04 -1.000 1.629e-03 -0.139 3.831 5.364 3.327 1.700 1.100 1.177 1.028 0.756 0.177 0.062 -0.103 -0.217 -0.426 -0.478 -0.761 -0.775 -0.964
0.0015467 -1.00000 9.55000 1.1881145239 2.5052402386    1.184  1.970  3.6942  2.270    3  0.000  0.403     0.00     0.00     0.00     0.00     0.00 -1 -5.82e-11      0.00 7.287e-01 2.697e-01 2.154e-04 1.579e-04 7.117e-04 -1.000 1.629e-03 -0.155 3.817 5.369 3.324 1.691 1.091 1.166 1.015 0.742 0.162 0.047 -0.118 -0.232 -0.442 -0.494 -0.777 -0.792 -0.981
0.0015467 -1.00000 9.55000 1.1883790493 2.5052774788    1.184  2.012  3.6917  2.218    3  0.000  0.403     0.00     0.00     0.00     0.00     0.00 -1 -6.74e-11      0.00 7.287e-01 2.697e-01 2.154e-04 1.579e-04 7.117e-04 -1.000 1.629e-03 -0.261 3.727 5.406 3.310 1.638 1.029 1.090 0.932 0.654 0.065 -0.051 -0.218 -0.333 -0.545 -0.597 -0.883 -0.899 -1.090
0.0015467 -1.00000 9.55000 1.1886459589 2.5053150353    1.184  2.055  3.6893  2.165    3  0.000  0.403     0.00     0.00     0.00     0.00     0.00 -1 -7.89e-11      0.00 7.287e-01 2.697e-01 2.153e-04 1.579e-04 7.117e-04 -1.000 1.629e-03 -0.368 3.635 5.436 3.295 1.585 0.968 1.013 0.848 0.566 -0.032 -0.149 -0.318 -0.435 -0.649 -0.702 -0.990 -1.006 -1.201
0.0015467 -1.00000 9.55000 1.1888911724 2.5053495219    1.184  2.096  3.6868  2.115    3  0.000  0.403     0.00     0.00     0.00     0.00     0.00 -1  -9.2e-11      0.00 7.287e-01 2.697e-01 2.153e-04 1.579e-04 7.117e-04 -1.000 1.629e-03 -0.471 3.547 5.459 3.286 1.538 0.913 0.943 0.770 0.482 -0.124 -0.243 -0.414 -0.531 -0.748 -0.801 -1.093 -1.109 -1.306
0.0015467 -1.00000 9.55000 1.1891212463 2.5053818644    1.184  2.138  3.6844  2.063    3  0.000  0.403     0.00     0.00     0.00     0.00     0.00 -1 -1.07e-10      0.00 7.287e-01 2.697e-01 2.153e-04 1.579e-04 7.117e-04 -1.000 1.629e-03 -0.574 3.458 5.483 3.278 1.491 0.858 0.872 0.691 0.398 -0.217 -0.337 -0.510 -0.628 -0.847 -0.901 -1.196 -1.212 -1.412
0.0015467 -1.00000 9.55000 1.1893348694 2.5054118814    1.184  2.179  3.6819  2.012    3  0.000  0.403     0.00     0.00     0.00     0.00     0.00 -1 -1.25e-10      0.00 7.287e-01 2.697e-01 2.153e-04 1.580e-04 7.117e-04 -1.000 1.629e-03 -0.677 3.370 5.513 3.272 1.446 0.805 0.802 0.614 0.316 -0.309 -0.430 -0.605 -0.725 -0.945 -1.000 -1.298 -1.314 -1.517
0.0015467 -1.00000 9.55000 1.1895353794 2.5054400446    1.184  2.220  3.6793  1.960    3  0.000  0.403     0.00     0.00     0.00     0.00     0.00 -1 -1.46e-10      0.00 7.287e-01 2.697e-01 2.153e-04 1.580e-04 7.117e-04 -1.000 1.629e-03 -0.781 3.281 5.512 3.303 1.428 0.772 0.743 0.543 0.235 -0.403 -0.526 -0.703 -0.825 -1.047 -1.103 -1.403 -1.419 -1.625
0.0015467 -1.00000 9.55000 1.1897169352 2.5054655361    1.184  2.261  3.6767  1.910    3  0.000  0.403     0.00     0.00     0.00     0.00     0.00 -1  -1.7e-10      0.00 7.287e-01 2.697e-01 2.153e-04 1.580e-04 7.117e-04 -1.000 1.629e-03 -0.881 3.195 5.516 3.358 1.424 0.750 0.692 0.479 0.161 -0.494 -0.618 -0.799 -0.922 -1.146 -1.202 -1.505 -1.522 -1.730
0.0015467 -1.00000 9.55000 1.1898872852 2.5054894462    1.184  2.301  3.6741  1.859    3  0.000  0.403     0.00     0.00     0.00     0.00     0.00 -1 -1.98e-10      0.00 7.287e-01 2.697e-01 2.152e-04 1.580e-04 7.117e-04 -1.000 1.629e-03 -0.983 3.108 5.523 3.413 1.420 0.730 0.642 0.415 0.086 -0.585 -0.712 -0.895 -1.020 -1.247 -1.303 -1.608 -1.625 -1.836
0.0015467 -1.00000 9.55000 1.1900413036 2.5055110571    1.184  2.341  3.6715  1.809    3  0.000  0.403     0.00     0.00     0.00     0.00     0.00 -1  -2.3e-10      0.00 7.287e-01 2.697e-01 2.152e-04 1.580e-04 7.117e-04 -1.000 1.629e-03 -1.082 3.025 5.536 3.471 1.419 0.712 0.596 0.356 0.015 -0.673 -0.802 -0.988 -1.114 -1.344 -1.401 -1.708 -1.725 -1.938
0.0015467 -1.00000 9.55000 1.1901853085 2.5055312572    1.184  2.380  3.6689  1.759    3  0.000  0.403     0.00     0.00     0.00     0.00     0.00 -1 -2.67e-10      0.00 7.287e-01 2.697e-01 2.152e-04 1.580e-04 7.117e-04 -1.000 1.629e-03 -1.181 2.941 5.551 3.533 1.420 0.696 0.552 0.298 -0.055 -0.760 -0.891 -1.080 -1.209 -1.440 -1.498 -1.808 -1.825 -2.041
0.0015467 -1.00000 9.55000 1.1903185844 2.5055499474    1.183  2.420  3.6663  1.709    3  0.000  0.403     0.00     0.00     0.00     0.00     0.00 -1  -3.1e-10      0.00 7.287e-01 2.697e-01 2.152e-04 1.580e-04 7.117e-04 -1.000 1.629e-03 -1.279 2.859 5.568 3.603 1.425 0.685 0.513 0.244 -0.122 -0.845 -0.978 -1.170 -1.301 -1.535 -1.593 -1.906 -1.924 -2.142
0.0015467 -1.00000 9.55000 1.1904420853 2.5055672624    1.183  2.459  3.6636  1.659    3  0.000  0.403     0.00     0.00     0.00     0.00     0.00 -1 -3.59e-10      0.00 7.287e-01 2.697e-01 2.152e-04 1.581e-04 7.117e-04 -1.000 1.629e-03 -1.376 2.777 5.588 3.671 1.432 0.676 0.475 0.191 -0.187 -0.928 -1.065 -1.260 -1.392 -1.629 -1.687 -2.003 -2.021 -2.242
0.0015467 -1.00000 9.55000 1.1905586720 2.5055836042    1.183  2.498  3.6609  1.609    3  0.000  0.403     0.00     0.00     0.00     0.00     0.00 -1 -4.17e-10      0.00 7.287e-01 2.697e-01 2.152e-04 1.581e-04 7.117e-04 -1.000 1.629e-03 -1.475 2.694 5.610 3.742 1.439 0.668 0.439 0.140 -0.252 -1.012 -1.151 -1.349 -1.484 -1.723 -1.782 -2.101 -2.119 -2.342
0.0015467 -1.00000 9.55000 1.1906642914 2.5055984056    1.182  2.536  3.6582  1.560    3  0.000  0.403     6.84     5.30     3.80     2.89     2.35  4 -4.82e-10      0.00 7.287e-01 2.697e-01 2.152e-04 1.581e-04 7.117e-04 -1.000 1.629e-03 -1.570 2.615 5.626 3.811 1.449 0.664 0.408 0.093 -0.313 -1.092 -1.234 -1.435 -1.571 -1.813 -1.872 -2.194 -2.212 -2.439
0.0015467 -1.00000 9.55000 1.1907653809 2.5056125693    1.182  2.575  3.6555  1.510    3  0.000  0.403     7.58     5.80     4.14     3.16     2.56  4 -5.58e-10      0.00 7.287e-01 2.697e-01 2.152e-04 1.581e-04 7.117e-04 -1.000 1.629e-03 -1.667 2.534 5.640 3.881 1.460 0.661 0.377 0.046 -0.374 -1.173 -1.317 -1.521 -1.659 -1.904 -1.964 -2.289 -2.307 -2.537
0.0015467 -1.00000 9.55000 1.1908571720 2.5056254279    1.182  2.612  3.6528  1.461    3  0.000  0.403     8.38     6.33     4.51     3.44     2.79  4 -6.45e-10      0.00 7.287e-01 2.697e-01 2.152e-04 1.581e-04 7.117e-04 -1.000 1.629e-03 -1.761 2.456 5.689 3.940 1.461 0.654 0.345 -0.001 -0.432 -1.247 -1.394 -1.602 -1.741 -1.989 -2.051 -2.379 -2.398 -2.631
0.0015467 -1.00000 9.55000 1.1909451485 2.5056377499    1.181  2.651  3.6500  1.412    3  0.000  0.403     9.28     6.92     4.91     3.75     3.05  4 -7.47e-10      0.00 7.287e-01 2.697e-01 2.152e-04 1.581e-04 7.117e-04 -1.000 1.629e-03 -1.857 2.375 5.741 3.996 1.458 0.645 0.311 -0.050 -0.491 -1.323 -1.472 -1.683 -1.825 -2.076 -2.139 -2.472 -2.490 -2.727
0.0015467 -1.00000 9.55000 1.1910247803 2.5056489013    1.181  2.688  3.6473  1.363    3  0.000  0.403    10.24     7.55     5.33     4.08     3.32  4  -8.6e-10      0.00 7.287e-01 2.697e-01 2.152e-04 1.581e-04 7.117e-04 -1.000 1.629e-03 -1.949 2.299 5.779 4.052 1.459 0.640 0.282 -0.093 -0.545 -1.393 -1.545 -1.760 -1.903 -2.158 -2.222 -2.559 -2.578 -2.819
0.0015467 -1.00000 9.55000 1.1911001205 2.5056594503    1.180  2.725  3.6445  1.315    3  0.000  0.403    11.32     8.24     5.80     4.44     3.61  3 -9.92e-10      0.00 7.287e-01 2.697e-01 2.152e-04 1.581e-04 7.117e-04 -1.000 1.629e-03 -2.042 2.222 5.815 4.109 1.460 0.636 0.253 -0.138 -0.599 -1.464 -1.618 -1.837 -1.982 -2.241 -2.305 -2.647 -2.667 -2.912
0.0015467 -1.00000 9.55000 1.1911711693 2.5056693969    1.179  2.763  3.6417  1.266    3  0.000  0.403    12.52     9.01     6.31     4.84     3.93  3 -1.15e-09      0.00 7.287e-01 2.697e-01 2.151e-04 1.581e-04 7.117e-04 -1.000 1.629e-03 -2.136 2.145 5.853 4.168 1.462 0.633 0.224 -0.181 -0.654 -1.535 -1.691 -1.914 -2.061 -2.324 -2.389 -2.736 -2.756 -3.005
0.0015467 -1.00000 9.55000 1.1912522316 2.5056807437    1.178  2.808  3.6382  1.206    3  0.000  0.403    14.18    10.04     7.00     5.38     4.37  3 -1.37e-09      0.00 7.287e-01 2.697e-01 2.151e-04 1.581e-04 7.117e-04 -1.000 1.629e-03 -2.251 2.051 5.892 4.241 1.467 0.633 0.192 -0.233 -0.718 -1.620 -1.780 -2.008 -2.157 -2.424 -2.491 -2.843 -2.864 -3.118
0.0015467 -1.00000 9.55000 1.1913137436 2.5056893527    1.178  2.845  3.6354  1.157    3  0.000  0.403    15.66    10.96     7.61     5.86     4.76  3 -1.58e-09      0.00 7.287e-01 2.697e-01 2.151e-04 1.581e-04 7.117e-04 -1.000 1.629e-03 -2.343 1.975 5.913 4.298 1.472 0.633 0.166 -0.273 -0.769 -1.688 -1.849 -2.082 -2.233 -2.504 -2.572 -2.929 -2.950 -3.208
0.0015467 -1.00000 9.55000 1.1913845539 2.5056992619    1.177  2.891  3.6318  1.097    3  0.000  0.403    17.72    12.21     8.44     6.50     5.29  3 -1.88e-09      0.00 7.287e-01 2.697e-01 2.151e-04 1.581e-04 7.117e-04 -1.000 1.629e-03 -2.457 1.883 5.939 4.373 1.480 0.636 0.137 -0.321 -0.830 -1.770 -1.935 -2.172 -2.326 -2.602 -2.672 -3.035 -3.057 -3.320
0.0015467 -1.00000 9.55000 1.1914491653 2.5057083024    1.175  2.936  3.6283  1.038    3  0.000  0.403    20.03    13.60     9.35     7.22     5.87  3 -2.24e-09      0.00 7.287e-01 2.697e-01 2.151e-04 1.581e-04 7.117e-04 -1.000 1.629e-03 -2.569 1.792 5.953 4.449 1.493 0.645 0.114 -0.364 -0.887 -1.849 -2.017 -2.260 -2.415 -2.697 -2.768 -3.138 -3.160 -3.429
0.0015467 -1.00000 9.55000 1.1915093660 2.5057167247    1.174  2.980  3.6248  0.979    3  0.000  0.403    22.61    15.12    10.35     8.00     6.51  3 -2.66e-09      0.00 7.287e-01 2.697e-01 2.151e-04 1.581e-04 7.117e-04 -1.000 1.629e-03 -2.680 1.702 5.954 4.519 1.507 0.656 0.094 -0.402 -0.940 -1.925 -2.096 -2.345 -2.503 -2.790 -2.863 -3.240 -3.263 -3.537
0.0015467 -1.00000 9.55000 1.1915552616 2.5057231450    1.173  3.016  3.6221  0.931    3  0.000  0.403    24.93    16.47    11.23     8.69     7.07  2 -3.07e-09      0.00 7.287e-01 2.697e-01 2.151e-04 1.581e-04 7.117e-04 -1.000 1.629e-03 -2.770 1.630 5.950 4.575 1.520 0.668 0.083 -0.429 -0.980 -1.985 -2.159 -2.413 -2.573 -2.865 -2.940 -3.322 -3.345 -3.625
0.0015467 -1.00000 9.55000 1.1916069984 2.5057303818    1.171  3.059  3.6185  0.873    3  0.000  0.403    28.09    18.28    12.41     9.62     7.83  2 -3.63e-09      0.00 7.287e-01 2.697e-01 2.151e-04 1.582e-04 7.117e-04 -1.000 1.629e-03 -2.878 1.544 5.946 4.649 1.542 0.689 0.077 -0.455 -1.023 -2.054 -2.232 -2.493 -2.655 -2.952 -3.030 -3.420 -3.444 -3.729
0.0015467 -1.00000 9.55000 1.1916551590 2.5057371177    1.170  3.102  3.6149  0.815    3  0.000  0.403    31.64    20.29    13.71    10.65     8.67  2  -4.3e-09      0.00 7.287e-01 2.697e-01 2.151e-04 1.582e-04 7.117e-04 -1.000 1.629e-03 -2.986 1.459 5.936 4.720 1.564 0.710 0.070 -0.481 -1.065 -2.122 -2.303 -2.571 -2.735 -3.039 -3.119 -3.517 -3.541 -3.833
0.0015467 -1.00000 9.55000 1.1916930676 2.5057424193    1.168  3.138  3.6121  0.768    3  0.000  0.403    34.88    22.10    14.87    11.56     9.41  2 -4.95e-09      0.00 7.287e-01 2.697e-01 2.151e-04 1.582e-04 7.117e-04 -1.000 1.629e-03 -3.075 1.389 5.925 4.775 1.579 0.725 0.063 -0.504 -1.101 -2.178 -2.362 -2.635 -2.802 -3.111 -3.193 -3.597 -3.622 -3.918
0.0015467 -1.00000 9.55000 1.1917365789 2.5057485039    1.166  3.181  3.6086  0.710    3  0.000  0.403    39.32    24.54    16.43    12.80    10.43  2 -5.88e-09      0.00 7.287e-01 2.697e-01 2.151e-04 1.582e-04 7.117e-04 -1.000 1.629e-03 -3.184 1.303 5.906 4.839 1.598 0.744 0.057 -0.528 -1.142 -2.245 -2.433 -2.713 -2.882 -3.198 -3.282 -3.694 -3.720 -4.022
0.0015467 -1.00000 9.55000 1.1917765141 2.5057540880    1.163  3.224  3.6051  0.652    3  0.000  0.403    44.25    27.21    18.14    14.15    11.53  2 -6.96e-09      0.00 7.287e-01 2.697e-01 2.151e-04 1.582e-04 7.117e-04 -1.000 1.629e-03 -3.290 1.221 5.878 4.897 1.616 0.764 0.057 -0.547 -1.177 -2.308 -2.499 -2.786 -2.958 -3.281 -3.367 -3.788 -3.814 -4.123
0.0015467 -1.00000 9.55000 1.1918145418 2.5057594050    1.161  3.267  3.6016  0.595    3  0.000  0.403    49.81    30.19    20.02    15.65    12.75  2 -8.25e-09      0.00 7.287e-01 2.697e-01 2.151e-04 1.582e-04 7.117e-04 -1.000 1.629e-03 -3.396 1.138 5.847 4.954 1.632 0.783 0.057 -0.565 -1.212 -2.370 -2.564 -2.860 -3.034 -3.363 -3.452 -3.881 -3.909 -4.224
0.0015467 -1.00000 9.55000 1.1918503046 2.5057644050    1.158  3.307  3.5982  0.539    3  0.000  0.403    55.83    33.35    22.02    17.24    14.05  2 -9.74e-09      0.00 7.287e-01 2.697e-01 2.151e-04 1.582e-04 7.117e-04 -1.000 1.629e-03 -3.498 1.059 5.810 5.001 1.644 0.798 0.061 -0.578 -1.242 -2.427 -2.624 -2.927 -3.104 -3.440 -3.531 -3.970 -3.998 -4.320
0.0015467 -1.00000 9.55000 1.1918693781 2.5057670715    1.156  3.328  3.5965  0.511    3  0.000  0.403    59.15    35.08    23.11    18.11    14.75  2 -1.06e-08      0.00 7.287e-01 2.697e-01 2.151e-04 1.582e-04 7.117e-04 -1.000 1.629e-03 -3.550 1.020 5.790 5.022 1.649 0.805 0.063 -0.584 -1.257 -2.455 -2.654 -2.961 -3.138 -3.479 -3.571 -4.015 -4.043 -4.369
0.0015467 -1.00000 9.55000 1.1918693781 2.5057670715    1.156  1.849  3.7232  2.497    4  0.000  0.406     0.00     0.00     0.00     0.00     0.00 -1    -1e-30      0.00 7.250e-01 2.733e-01 2.192e-04 1.567e-04 7.171e-04 -1.000 1.629e-03 0.148 3.908 4.182 2.745 1.502 0.994 1.166 1.084 0.860 0.372 0.270 0.127 0.025 -0.161 -0.205 -0.456 -0.468 -0.628
0.0015467 -1.00000 9.55000 1.1921505928 2.5058063744    1.156  1.860  3.7220  2.481    4  0.000  0.406     0.00     0.00     0.00     0.00     0.00 -1    -1e-30      0.00 7.250e-01 2.733e-01 2.192e-04 1.567e-04 7.171e-04 -1.000 1.629e-03 0.120 3.891 4.209 2.752 1.494 0.982 1.149 1.064 0.839 0.347 0.244 0.101 -0.001 -0.189 -0.233 -0.485 -0.497 -0.658
0.0015467 -1.00000 9.55000 1.1924453974 2.5058475536    1.157  1.865  3.7216  2.474    4  0.000  0.406     0.00     0.00     0.00     0.00     0.00 -1    -1e-30      0.00 7.250e-01 2.733e-01 2.191e-04 1.568e-04 7.171e-04 -1.000 1.629e-03 0.107 3.882 4.215 2.751 1.488 0.974 1.140 1.054 0.828 0.334 0.232 0.088 -0.014 -0.202 -0.247 -0.499 -0.511 -0.672
0.0015467 -1.00000 9.55000 1.1927399635 2.5058886763    1.157  1.869  3.7215  2.471    4  0.000  0.406     0.00     0.00     0.00     0.00     0.00 -1    -1e-30      0.00 7.250e-01 2.733e-01 2.191e-04 1.568e-04 7.171e-04 -1.000 1.629e-03 0.098 3.874 4.210 2.745 1.480 0.966 1.132 1.046 0.819 0.326 0.223 0.079 -0.023 -0.211 -0.256 -0.508 -0.520 -0.681
0.0015467 -1.00000 9.55000 1.1930415630 2.5059307566    1.157  1.871  3.7217  2.469    4  0.000  0.406     0.00     0.00     0.00     0.00     0.00 -1    -1e-30      0.00 7.250e-01 2.734e-01 2.191e-04 1.568e-04 7.171e-04 -1.000 1.629e-03 0.092 3.866 4.196 2.734 1.472 0.959 1.124 1.038 0.812 0.319 0.216 0.073 -0.029 -0.217 -0.262 -0.514 -0.526 -0.687
0.0015467 -1.00000 9.55000 1.1933441162 2.5059729453    1.158  1.873  3.7221  2.469    4  0.000  0.406     0.00     0.00     0.00     0.00     0.00 -1    -1e-30      0.00 7.250e-01 2.734e-01 2.190e-04 1.569e-04 7.171e-04 -1.000 1.629e-03 0.087 3.859 4.178 2.722 1.463 0.951 1.116 1.031 0.806 0.314 0.211 0.068 -0.034 -0.222 -0.266 -0.518 -0.530 -0.691
0.0015467 -1.00000 9.55000 1.1936360598 2.5060136314    1.158  1.875  3.7224  2.469    4  0.000  0.406     0.00     0.00     0.00     0.00     0.00 -1    -1e-30      0.00 7.250e-01 2.734e-01 2.190e-04 1.569e-04 7.171e-04 -1.000 1.629e-03 0.083 3.852 4.158 2.709 1.454 0.943 1.109 1.024 0.799 0.309 0.206 0.063 -0.039 -0.226 -0.270 -0.522 -0.534 -0.694
0.0015467 -1.00000 9.55000 1.1939373016 2.5060555893    1.158  1.876  3.7228  2.469    4  0.000  0.405     0.00     0.00     0.00     0.00     0.00 -1    -1e-30      0.00 7.250e-01 2.734e-01 2.190e-04 1.570e-04 7.171e-04 -1.000 1.629e-03 0.079 3.844 4.138 2.695 1.445 0.935 1.101 1.017 0.793 0.303 0.201 0.058 -0.043 -0.230 -0.275 -0.526 -0.537 -0.697
0.0015467 -1.00000 9.55000 1.1942346096 2.5060969753    1.159  1.878  3.7232  2.469    4  0.000  0.405     0.00     0.00     0.00     0.00     0.00 -1    -1e-30      0.00 7.250e-01 2.734e-01 2.189e-04 1.570e-04 7.171e-04 -1.000 1.629e-03 0.075 3.837 4.118 2.681 1.436 0.927 1.093 1.010 0.787 0.298 0.196 0.054 -0.048 -0.235 -0.279 -0.529 -0.541 -0.701
0.0015467 -1.00000 9.55000 1.1945450306 2.5061401615    1.159  1.880  3.7236  2.469    4  0.000  0.405     0.00     0.00     0.00     0.00     0.00 -1    -1e-30      0.00 7.250e-01 2.734e-01 2.189e-04 1.571e-04 7.171e-04 -1.000 1.629e-03 0.070 3.829 4.098 2.668 1.426 0.918 1.085 1.003 0.780 0.292 0.190 0.048 -0.053 -0.239 -0.284 -0.534 -0.546 -0.705
0.0015467 -1.00000 9.55000 1.1948287487 2.5061796102    1.159  1.882  3.7239  2.468    4  0.000  0.405     0.00     0.00     0.00     0.00     0.00 -1    -1e-30      0.00 7.250e-01 2.734e-01 2.189e-04 1.571e-04 7.171e-04 -1.000 1.629e-03 0.066 3.821 4.081 2.656 1.418 0.911 1.078 0.996 0.773 0.287 0.185 0.043 -0.058 -0.244 -0.288 -0.538 -0.550 -0.709
0.0015467 -1.00000 9.55000 1.1951395273 2.5062227967    1.160  1.884  3.7242  2.467    4  0.000  0.405     0.00     0.00     0.00     0.00     0.00 -1    -1e-30      0.00 7.250e-01 2.734e-01 2.188e-04 1.571e-04 7.171e-04 -1.000 1.629e-03 0.061 3.814 4.063 2.644 1.408 0.903 1.070 0.989 0.767 0.281 0.179 0.038 -0.064 -0.249 -0.293 -0.543 -0.555 -0.713
0.0015467 -1.00000 9.55000 1.1954413652 2.5062647160    1.160  1.886  3.7245  2.467    4  0.000  0.405     0.00     0.00     0.00     0.00     0.00 -1    -1e-30      0.00 7.250e-01 2.734e-01 2.188e-04 1.572e-04 7.171e-04 -1.000 1.629e-03 0.055 3.806 4.046 2.632 1.400 0.895 1.062 0.981 0.760 0.275 0.174 0.032 -0.069 -0.255 -0.299 -0.548 -0.559 -0.718
0.0015467 -1.00000 9.55000 1.1957364082 2.5063056682    1.160  1.888  3.7248  2.466    4  0.000  0.405     0.00     0.00     0.00     0.00     0.00 -1    -1e-30      0.00 7.250e-01 2.734e-01 2.187e-04 1.572e-04 7.171e-04 -1.000 1.629e-03 0.051 3.799 4.030 2.620 1.391 0.887 1.055 0.975 0.753 0.269 0.168 0.027 -0.074 -0.260 -0.304 -0.552 -0.564 -0.722
0.0015467 -1.00000 9.55000 1.1960374117 2.5063474237    1.161  1.890  3.7250  2.465    4  0.000  0.405     0.00     0.00     0.00     0.00     0.00 -1    -1e-30      0.00 7.250e-01 2.734e-01 2.187e-04 1.573e-04 7.171e-04 -1.000 1.629e-03 0.045 3.791 4.014 2.609 1.383 0.880 1.047 0.967 0.747 0.263 0.162 0.021 -0.080 -0.265 -0.309 -0.557 -0.569 -0.727
0.0015467 -1.00000 9.55000 1.1960961819 2.5063555736    1.161  1.890  3.7251  2.465    4  0.000  0.405     0.00     0.00     0.00     0.00     0.00 -1    -1e-30      0.00 7.250e-01 2.734e-01 2.187e-04 1.573e-04 7.171e-04 -1.000 1.629e-03 0.044 3.790 4.012 2.607 1.382 0.878 1.046 0.966 0.745 0.262 0.161 0.020 -0.081 -0.266 -0.310 -0.558 -0.570 -0.728
0.0015467 -1.00000 9.55000 1.1963434219 2.5063898490    1.161  1.892  3.7253  2.464    4  0.000  0.405     0.00     0.00     0.00     0.00     0.00 -1    -1e-30      0.00 7.250e-01 2.734e-01 2.187e-04 1.573e-04 7.171e-04 -1.000 1.629e-03 0.040 3.784 4.000 2.599 1.375 0.872 1.040 0.960 0.740 0.257 0.156 0.015 -0.086 -0.271 -0.314 -0.563 -0.574 -0.732
0.0015467 -1.00000 9.55000 1.1966251135 2.5064288807    1.161  1.894  3.7255  2.463    4  0.000  0.405     0.00     0.00     0.00     0.00     0.00 -1    -1e-30      0.00 7.250e-01 2.734e-01 2.186e-04 1.574e-04 7.171e-04 -1.000 1.629e-03 0.035 3.778 3.988 2.590 1.368 0.865 1.033 0.954 0.734 0.252 0.151 0.010 -0.091 -0.276 -0.319 -0.567 -0.579 -0.737
0.0015467 -1.00000 9.55000 1.1969323158 2.5064714232    1.162  1.896  3.7256  2.461    4  0.000  0.405     0.00     0.00     0.00     0.00     0.00 -1    -1e-30      0.00 7.250e-01 2.734e-01 2.186e-04 1.574e-04 7.171e-04 -1.000 1.629e-03 0.029 3.771 3.975 2.580 1.360 0.859 1.026 0.947 0.727 0.246 0.145 0.004 -0.097 -0.281 -0.325 -0.573 -0.584 -0.742
0.0015467 -1.00000 9.55000 1.1972328424 2.5065130168    1.162  1.899  3.7258  2.460    4  0.000  0.405     0.00     0.00     0.00     0.00     0.00 -1    -1e-30      0.00 7.250e-01 2.734e-01 2.186e-04 1.574e-04 7.171e-04 -1.000 1.629e-03 0.024 3.764 3.965 2.572 1.353 0.852 1.019 0.940 0.721 0.240 0.139 -0.002 -0.103 -0.287 -0.331 -0.578 -0.590 -0.747
0.0015467 -1.00000 9.55000 1.1975249052 2.5065534161    1.162  1.901  3.7259  2.458    4  0.000  0.405     0.00     0.00     0.00     0.00     0.00 -1    -1e-30      0.00 7.250e-01 2.734e-01 2.185e-04 1.575e-04 7.171e-04 -1.000 1.629e-03 0.018 3.758 3.956 2.565 1.347 0.846 1.013 0.934 0.715 0.234 0.133 -0.008 -0.108 -0.293 -0.336 -0.584 -0.596 -0.753
0.0015467 -1.00000 9.55000 1.1978268623 2.5065951601    1.163  1.903  3.7259  2.456    4  0.000  0.405     0.00     0.00     0.00     0.00     0.00 -1    -1e-30      0.00 7.250e-01 2.734e-01 2.185e-04 1.575e-04 7.171e-04 -1.000 1.629e-03 0.012 3.751 3.950 2.559 1.341 0.840 1.006 0.928 0.708 0.228 0.127 -0.014 -0.114 -0.299 -0.342 -0.590 -0.602 -0.759
0.0015467 -1.00000 9.55000 1.1981343031 2.5066376374    1.163  1.906  3.7259  2.453    4  0.000  0.405     0.00     0.00     0.00     0.00     0.00 -1    -1e-30      0.00 7.250e-01 2.734e-01 2.185e-04 1.576e-04 7.171e-04 -1.000 1.629e-03 0.006 3.745 3.945 2.554 1.335 0.834 1.000 0.921 0.702 0.221 0.120 -0.020 -0.121 -0.305 -0.349 -0.597 -0.608 -0.765
0.0015467 -1.00000 9.55000 1.1981915236 2.5066455405    1.163  1.906  3.7259  2.453    4  0.000  0.405     0.00     0.00     0.00     0.00     0.00 -1    -1e-30      0.00 7.250e-01 2.734e-01 2.184e-04 1.576e-04 7.171e-04 -1.000 1.629e-03 0.004 3.744 3.944 2.553 1.334 0.833 0.999 0.920 0.701 0.220 0.119 -0.022 -0.122 -0.307 -0.350 -0.598 -0.609 -0.767
0.0015467 -1.00000 9.55000 1.1984672546 2.5066836111    1.163  1.909  3.7258  2.450    4  0.000  0.404     0.00     0.00     0.00     0.00     0.00 -1    -1e-30      0.00 7.250e-01 2.734e-01 2.184e-04 1.576e-04 7.171e-04 -1.000 1.629e-03 -0.002 3.739 3.943 2.550 1.330 0.828 0.993 0.915 0.695 0.214 0.113 -0.028 -0.128 -0.313 -0.357 -0.604 -0.616 -0.773
0.0015467 -1.00000 9.55000 1.1987520456 2.5067229115    1.164  1.912  3.7256  2.447    4  0.000  0.404     0.00     0.00     0.00     0.00     0.00 -1    -1e-30      0.00 7.250e-01 2.734e-01 2.184e-04 1.577e-04 7.171e-04 -1.000 1.629e-03 -0.009 3.733 3.943 2.548 1.325 0.823 0.988 0.909 0.689 0.207 0.106 -0.035 -0.135 -0.320 -0.364 -0.612 -0.623 -0.781
0.0015467 -1.00000 9.55000 1.1990476847 2.5067636862    1.164  1.915  3.7254  2.443    4  0.000  0.404     0.00     0.00     0.00     0.00     0.00 -1    -1e-30      0.00 7.250e-01 2.734e-01 2.183e-04 1.577e-04 7.171e-04 -1.000 1.629e-03 -0.017 3.728 3.947 2.547 1.322 0.819 0.982 0.903 0.682 0.200 0.099 -0.042 -0.143 -0.328 -0.372 -0.620 -0.631 -0.789
0.0015467 -1.00000 9.55000 1.1993257999 2.5068020229    1.164  1.918  3.7251  2.438    4  0.000  0.404     0.00     0.00     0.00     0.00     0.00 -1    -1e-30      0.00 7.250e-01 2.734e-01 2.183e-04 1.577e-04 7.171e-04 -1.000 1.629e-03 -0.025 3.723 3.953 2.548 1.319 0.815 0.977 0.897 0.676 0.192 0.091 -0.050 -0.151 -0.336 -0.380 -0.628 -0.640 -0.798
0.0015467 -1.00000 9.55000 1.1996084452 2.5068409631    1.165  1.922  3.7247  2.433    4  0.000  0.404     0.00     0.00     0.00     0.00     0.00 -1    -1e-30      0.00 7.250e-01 2.734e-01 2.183e-04 1.578e-04 7.171e-04 -1.000 1.629e-03 -0.034 3.717 3.961 2.550 1.316 0.811 0.972 0.890 0.669 0.184 0.083 -0.058 -0.160 -0.345 -0.389 -0.638 -0.649 -0.808
0.0015467 -1.00000 9.55000 1.1998865604 2.5068792587    1.165  1.926  3.7242  2.428    4  0.000  0.404     0.00     0.00     0.00     0.00     0.00 -1    -1e-30      0.00 7.250e-01 2.734e-01 2.182e-04 1.578e-04 7.171e-04 -1.000 1.629e-03 -0.044 3.712 3.973 2.553 1.313 0.807 0.966 0.884 0.662 0.176 0.074 -0.068 -0.169 -0.355 -0.399 -0.648 -0.660 -0.818
0.0015467 -1.00000 9.55000 1.2001688480 2.5069181078    1.165  1.930  3.7237  2.421    4  0.000  0.404     0.00     0.00     0.00     0.00     0.00 -1    -1e-30      0.00 7.250e-01 2.734e-01 2.182e-04 1.579e-04 7.171e-04 -1.000 1.629e-03 -0.055 3.706 3.988 2.558 1.311 0.803 0.960 0.877 0.654 0.166 0.064 -0.078 -0.180 -0.366 -0.410 -0.660 -0.672 -0.831
0.0015467 -1.00000 9.55000 1.2004520893 2.5069570671    1.165  1.935  3.7230  2.413    4  0.000  0.404     0.00     0.00     0.00     0.00     0.00 -1    -1e-30      0.00 7.250e-01 2.734e-01 2.182e-04 1.579e-04 7.171e-04 -1.000 1.629e-03 -0.067 3.700 4.006 2.565 1.309 0.798 0.954 0.869 0.645 0.155 0.053 -0.090 -0.191 -0.378 -0.422 -0.673 -0.685 -0.845
0.0015467 -1.00000 9.55000 1.2007325888 2.5069956284    1.166  1.941  3.7224  2.405    4  0.000  0.404     0.00     0.00     0.00     0.00     0.00 -1    -1e-30      0.00 7.250e-01 2.734e-01 2.181e-04 1.579e-04 7.171e-04 -1.000 1.629e-03 -0.082 3.692 4.021 2.569 1.305 0.792 0.946 0.860 0.634 0.143 0.040 -0.103 -0.205 -0.392 -0.437 -0.688 -0.700 -0.860
0.0015467 -1.00000 9.55000 1.2010087967 2.5070335795    1.166  1.942  3.7224  2.404    4  0.000  0.404     0.00     0.00     0.00     0.00     0.00 -1    -1e-30      0.00 7.250e-01 2.734e-01 2.181e-04 1.580e-04 7.171e-04 -1.000 1.629e-03 -0.085 3.688 4.017 2.565 1.302 0.789 0.942 0.856 0.631 0.139 0.037 -0.106 -0.208 -0.396 -0.440 -0.691 -0.703 -0.864
0.0015467 -1.00000 9.55000 1.2012879848 2.5070719197    1.166  1.952  3.7207  2.387    4  0.000  0.404     0.00     0.00     0.00     0.00     0.00 -1    -1e-30      0.00 7.250e-01 2.734e-01 2.181e-04 1.580e-04 7.171e-04 -1.000 1.629e-03 -0.110 3.678 4.068 2.587 1.303 0.785 0.933 0.844 0.615 0.118 0.015 -0.129 -0.232 -0.420 -0.465 -0.718 -0.730 -0.892
0.0015467 -1.00000 9.55000 1.2015655041 2.5071100105    1.167  1.974  3.7174  2.352    4  0.000  0.404     0.00     0.00     0.00     0.00     0.00 -1    -1e-30      0.00 7.250e-01 2.734e-01 2.180e-04 1.581e-04 7.171e-04 -1.000 1.629e-03 -0.166 3.650 4.173 2.629 1.301 0.772 0.910 0.813 0.579 0.072 -0.033 -0.180 -0.284 -0.475 -0.521 -0.777 -0.790 -0.955
0.0015467 -1.00000 9.55000 1.2017767429 2.5071389903    1.167  2.009  3.7128  2.299    4  0.000  0.404     0.00     0.00     0.00     0.00     0.00 -1    -1e-30      0.00 7.250e-01 2.734e-01 2.180e-04 1.581e-04 7.171e-04 -1.000 1.629e-03 -0.253 3.599 4.315 2.680 1.292 0.748 0.869 0.762 0.520 -0.002 -0.109 -0.259 -0.365 -0.560 -0.607 -0.868 -0.881 -1.051
0.0015467 -1.00000 9.55000 1.2018663883 2.5071512853    1.167  2.046  3.7087  2.246    4  0.000  0.404     0.00     0.00     0.00     0.00     0.00 -1    -1e-30      0.00 7.250e-01 2.734e-01 2.180e-04 1.581e-04 7.171e-04 -1.000 1.629e-03 -0.344 3.540 4.440 2.720 1.275 0.718 0.823 0.705 0.456 -0.080 -0.188 -0.342 -0.450 -0.648 -0.696 -0.962 -0.975 -1.150
0.0015467 -1.00000 9.55000 1.2018995285 2.5071558299    1.167  2.079  3.7051  2.198    4  0.000  0.404     0.00     0.00     0.00     0.00     0.00 -1    -1e-30      0.00 7.250e-01 2.734e-01 2.180e-04 1.581e-04 7.171e-04 -1.000 1.629e-03 -0.428 3.481 4.550 2.753 1.257 0.689 0.779 0.652 0.396 -0.152 -0.262 -0.418 -0.528 -0.729 -0.777 -1.048 -1.062 -1.239
0.0015467 -1.00000 9.55000 1.2019141912 2.5071578406    1.167  2.114  3.7016  2.149    4  0.000  0.404     0.00     0.00     0.00     0.00     0.00 -1    -1e-30      0.00 7.250e-01 2.734e-01 2.180e-04 1.581e-04 7.171e-04 -1.000 1.629e-03 -0.516 3.417 4.652 2.780 1.234 0.655 0.730 0.594 0.331 -0.228 -0.340 -0.499 -0.610 -0.814 -0.864 -1.138 -1.152 -1.333
0.0015467 -1.00000 9.55000 1.2019217014 2.5071588704    1.167  2.148  3.6985  2.103    4  0.000  0.404     0.00     0.00     0.00     0.00     0.00 -1    -1e-30      0.00 7.250e-01 2.734e-01 2.180e-04 1.581e-04 7.171e-04 -1.000 1.629e-03 -0.600 3.352 4.739 2.801 1.210 0.620 0.681 0.537 0.268 -0.302 -0.415 -0.577 -0.689 -0.896 -0.946 -1.224 -1.239 -1.423
0.0015467 -1.00000 9.55000 1.2019225359 2.5071589849    1.167  2.153  3.6981  2.097    7  0.000  0.404     0.00     0.00     0.00     0.00     0.00 -1  -4.5e-10      0.00 7.250e-01 2.726e-01 2.180e-04 1.581e-04 7.171e-04 -1.000 2.392e-03 -0.612 3.343 4.751 2.804 1.207 0.616 0.674 0.529 0.260 -0.312 -0.426 -0.587 -0.700 -0.907 -0.957 -1.236 -1.250 -1.436
0.0015467 -1.00000 9.55000 1.2019263506 2.5071595079    1.167  2.181  3.6956  2.058    7  0.000  0.404     0.00     0.00     0.00     0.00     0.00 -1 -5.27e-10      0.00 7.250e-01 2.726e-01 2.180e-04 1.581e-04 7.171e-04 -1.000 2.392e-03 -0.684 3.286 4.817 2.819 1.184 0.586 0.632 0.480 0.206 -0.374 -0.489 -0.653 -0.767 -0.976 -1.027 -1.308 -1.323 -1.511
0.0015467 -1.00000 9.55000 1.2019326687 2.5071603743    1.167  2.228  3.6918  1.996    7  0.000  0.404     0.00     0.00     0.00     0.00     0.00 -1 -6.83e-10      0.00 7.250e-01 2.726e-01 2.180e-04 1.581e-04 7.171e-04 -1.000 2.392e-03 -0.801 3.193 4.920 2.840 1.147 0.535 0.562 0.399 0.117 -0.477 -0.594 -0.761 -0.876 -1.088 -1.141 -1.427 -1.442 -1.634
0.0015467 -1.00000 9.55000 1.2019406557 2.5071614695    1.167  2.251  3.6899  1.966    7  0.000  0.404     0.00     0.00     0.00     0.00     0.00 -1 -7.73e-10      0.00 7.250e-01 2.726e-01 2.180e-04 1.581e-04 7.171e-04 -1.000 2.392e-03 -0.857 3.148 4.975 2.858 1.132 0.514 0.529 0.361 0.075 -0.526 -0.644 -0.812 -0.929 -1.143 -1.196 -1.484 -1.499 -1.693
0.0015467 -1.00000 9.55000 1.2019562721 2.5071636108    1.167  2.250  3.6901  1.968    7  0.000  0.404     0.00     0.00     0.00     0.00     0.00 -1 -7.68e-10      0.00 7.250e-01 2.726e-01 2.180e-04 1.581e-04 7.171e-04 -1.000 2.392e-03 -0.855 3.150 4.969 2.854 1.131 0.514 0.530 0.362 0.076 -0.524 -0.642 -0.810 -0.926 -1.140 -1.193 -1.481 -1.496 -1.690
0.0015467 -1.00000 9.55000 1.2020854950 2.5071813270    1.166  2.238  3.6910  1.982    7  0.000  0.404     0.00     0.00     0.00     0.00     0.00 -1 -7.22e-10      0.00 7.250e-01 2.726e-01 2.180e-04 1.581e-04 7.171e-04 -1.000 2.392e-03 -0.826 3.173 4.943 2.847 1.139 0.525 0.547 0.382 0.098 -0.499 -0.616 -0.784 -0.900 -1.113 -1.165 -1.452 -1.467 -1.660
0.0015467 -1.00000 9.55000 1.2021994591 2.5071969476    1.166  2.266  3.6887  1.945    7  0.000  0.404     0.00     0.00     0.00     0.00     0.00 -1 -8.41e-10      0.00 7.250e-01 2.726e-01 2.180e-04 1.582e-04 7.171e-04 -1.000 2.392e-03 -0.895 3.118 5.009 2.874 1.126 0.504 0.510 0.336 0.048 -0.558 -0.676 -0.846 -0.963 -1.178 -1.231 -1.521 -1.537 -1.732
0.0015467 -1.00000 9.55000 1.2022703886 2.5072066680    1.165  2.303  3.6856  1.896    7  0.000  0.404     0.00     0.00     0.00     0.00     0.00 -1 -1.03e-09      0.00 7.250e-01 2.726e-01 2.180e-04 1.582e-04 7.171e-04 -1.000 2.392e-03 -0.987 3.045 5.085 2.911 1.110 0.477 0.461 0.277 -0.019 -0.636 -0.756 -0.929 -1.047 -1.265 -1.319 -1.612 -1.628 -1.827
0.0015467 -1.00000 9.55000 1.2023231983 2.5072139043    1.165  2.338  3.6827  1.850    7  0.000  0.404     0.00     0.00     0.00     0.00     0.00 -1 -1.25e-09      0.00 7.250e-01 2.726e-01 2.180e-04 1.582e-04 7.171e-04 -1.000 2.392e-03 -1.074 2.974 5.102 2.975 1.121 0.469 0.424 0.227 -0.080 -0.713 -0.835 -1.011 -1.131 -1.351 -1.405 -1.701 -1.718 -1.919
0.0015467 -1.00000 9.55000 1.2023857832 2.5072224791    1.164  2.378  3.6794  1.795    7  0.000  0.404     0.00     0.00     0.00     0.00     0.00 -1 -1.56e-09      0.00 7.250e-01 2.726e-01 2.179e-04 1.582e-04 7.171e-04 -1.000 2.392e-03 -1.176 2.891 5.128 3.052 1.133 0.461 0.383 0.170 -0.150 -0.803 -0.928 -1.106 -1.229 -1.451 -1.506 -1.805 -1.822 -2.027
0.0015467 -1.00000 9.55000 1.2024483681 2.5072310529    1.163  2.419  3.6762  1.741    7  0.000  0.404     0.00     0.00     0.00     0.00     0.00 -1 -1.95e-09      0.00 7.250e-01 2.726e-01 2.179e-04 1.582e-04 7.171e-04 -1.000 2.392e-03 -1.278 2.808 5.166 3.141 1.150 0.457 0.345 0.115 -0.218 -0.891 -1.018 -1.200 -1.325 -1.550 -1.606 -1.908 -1.925 -2.133
0.0015467 -1.00000 9.55000 1.2025051117 2.5072388255    1.162  2.459  3.6730  1.688    7  0.000  0.404     0.00     0.00     0.00     0.00     0.00 -1 -2.43e-09      0.00 7.250e-01 2.726e-01 2.179e-04 1.582e-04 7.171e-04 -1.000 2.392e-03 -1.378 2.726 5.208 3.230 1.166 0.454 0.309 0.063 -0.284 -0.978 -1.107 -1.293 -1.420 -1.648 -1.705 -2.010 -2.027 -2.238
0.0015467 -1.00000 9.55000 1.2025576830 2.5072460259    1.161  2.500  3.6696  1.633    7  0.000  0.404     0.00     0.00     0.00     0.00     0.00 -1 -3.02e-09      0.00 7.250e-01 2.726e-01 2.179e-04 1.582e-04 7.171e-04 -1.000 2.392e-03 -1.480 2.644 5.257 3.325 1.186 0.454 0.276 0.013 -0.350 -1.065 -1.197 -1.386 -1.516 -1.747 -1.804 -2.113 -2.130 -2.344
0.0015467 -1.00000 9.55000 1.2026054859 2.5072525726    1.160  2.541  3.6663  1.579    7  0.000  0.404     6.52     5.09     3.66     2.79     2.26  4 -3.78e-09      0.00 7.250e-01 2.726e-01 2.179e-04 1.582e-04 7.171e-04 -1.000 2.392e-03 -1.582 2.561 5.302 3.430 1.211 0.460 0.248 -0.034 -0.412 -1.149 -1.285 -1.478 -1.609 -1.844 -1.902 -2.214 -2.232 -2.449
0.0015467 -1.00000 9.55000 1.2026489973 2.5072585310    1.158  2.582  3.6616  1.518    7  0.000  0.403     7.39     5.68     4.06     3.10     2.51  4 -4.73e-09      0.00 7.250e-01 2.726e-01 2.178e-04 1.582e-04 7.171e-04 -1.000 2.392e-03 -1.684 2.485 5.399 3.605 1.282 0.504 0.250 -0.057 -0.458 -1.227 -1.367 -1.565 -1.700 -1.939 -1.998 -2.315 -2.333 -2.555
0.0015467 -1.00000 9.55000 1.2026780844 2.5072625139    1.157  2.612  3.6569  1.469    7  0.000  0.403     8.18     6.21     4.42     3.38     2.74  4 -5.61e-09      0.00 7.250e-01 2.726e-01 2.177e-04 1.583e-04 7.171e-04 -1.000 2.392e-03 -1.760 2.435 5.514 3.783 1.367 0.570 0.277 -0.054 -0.475 -1.274 -1.419 -1.622 -1.760 -2.004 -2.064 -2.386 -2.404 -2.632
0.0015467 -1.00000 9.55000 1.2027137280 2.5072673943    1.155  2.653  3.6533  1.413    7  0.000  0.402     9.17     6.87     4.87     3.72     3.02  4 -6.98e-09      0.00 7.250e-01 2.726e-01 2.172e-04 1.586e-04 7.171e-04 -1.000 2.406e-03 -1.862 2.354 5.604 3.871 1.381 0.575 0.254 -0.096 -0.530 -1.349 -1.497 -1.705 -1.845 -2.093 -2.154 -2.483 -2.501 -2.734
0.0015467 -1.00000 9.55000 1.2027465105 2.5072718826    1.153  2.693  3.6500  1.359    7  0.000  0.400    10.26     7.57     5.34     4.09     3.32  3 -8.66e-09      0.00 7.250e-01 2.726e-01 2.162e-04 1.596e-04 7.171e-04 -1.000 2.403e-03 -1.963 2.272 5.675 3.945 1.388 0.574 0.225 -0.142 -0.588 -1.426 -1.577 -1.789 -1.931 -2.183 -2.246 -2.579 -2.598 -2.835
0.0015467 -1.00000 9.55000 1.2027773857 2.5072761096    1.150  2.734  3.6467  1.304    7  0.000  0.397    11.47     8.35     5.87     4.50     3.66  3 -1.07e-08      0.00 7.249e-01 2.726e-01 2.147e-04 1.614e-04 7.171e-04 -1.000 2.424e-03 -2.064 2.190 5.726 4.019 1.397 0.577 0.199 -0.186 -0.644 -1.501 -1.654 -1.871 -2.015 -2.271 -2.335 -2.674 -2.693 -2.935
0.0015467 -1.00000 9.55000 1.2028067112 2.5072801241    1.147  2.774  3.6434  1.249    7  0.000  0.394    12.84     9.22     6.45     4.96     4.03  3 -1.32e-08      0.00 7.249e-01 2.727e-01 2.131e-04 1.634e-04 7.171e-04 -1.000 2.371e-03 -2.166 2.107 5.777 4.093 1.405 0.579 0.172 -0.229 -0.700 -1.576 -1.732 -1.954 -2.100 -2.360 -2.426 -2.770 -2.789 -3.036
0.0015467 -1.00000 9.55000 1.2028338909 2.5072838447    1.144  2.815  3.6400  1.193    7  0.000  0.391    14.39    10.19     7.10     5.46     4.44  3 -1.64e-08      0.00 7.249e-01 2.727e-01 2.116e-04 1.652e-04 7.171e-04 -1.000 2.355e-03 -2.268 2.024 5.828 4.170 1.416 0.583 0.147 -0.273 -0.756 -1.652 -1.811 -2.037 -2.185 -2.450 -2.517 -2.866 -2.886 -3.138
0.0015467 -1.00000 9.55000 1.2028589249 2.5072872714    1.140  2.855  3.6367  1.139    7  0.000  0.389    16.09    11.23     7.79     6.00     4.88  3 -2.03e-08      0.00 7.249e-01 2.727e-01 2.103e-04 1.667e-04 7.170e-04 -1.000 2.354e-03 -2.367 1.944 5.863 4.246 1.429 0.592 0.126 -0.311 -0.806 -1.722 -1.883 -2.114 -2.265 -2.534 -2.602 -2.958 -2.978 -3.235
0.0015467 -1.00000 9.55000 1.2028845549 2.5072907795    1.135  2.895  3.6333  1.083    7  0.000  0.386    18.04    12.42     8.57     6.62     5.38  3 -2.51e-08      0.00 7.249e-01 2.727e-01 2.092e-04 1.681e-04 7.170e-04 -1.000 2.340e-03 -2.468 1.864 5.896 4.326 1.446 0.604 0.107 -0.348 -0.856 -1.793 -1.957 -2.193 -2.346 -2.620 -2.690 -3.051 -3.072 -3.334
0.0015467 -1.00000 9.55000 1.2029100657 2.5072942712    1.129  2.936  3.6297  1.026    7  0.000  0.385    20.26    13.74     9.44     7.30     5.93  3  -3.1e-08      0.00 7.249e-01 2.727e-01 2.083e-04 1.693e-04 7.170e-04 -1.000 2.374e-03 -2.569 1.784 5.928 4.412 1.468 0.621 0.093 -0.381 -0.903 -1.861 -2.028 -2.270 -2.425 -2.704 -2.775 -3.143 -3.165 -3.432
0.0015467 -1.00000 9.55000 1.2029355764 2.5072977626    1.121  2.976  3.6260  0.968    7  0.000  0.383    22.81    15.25    10.42     8.07     6.56  2  -3.9e-08      0.00 7.249e-01 2.727e-01 2.074e-04 1.703e-04 7.169e-04 -1.000 2.383e-03 -2.670 1.706 5.944 4.502 1.499 0.650 0.090 -0.404 -0.942 -1.924 -2.095 -2.343 -2.500 -2.786 -2.859 -3.234 -3.256 -3.529
0.0015467 -1.00000 9.55000 1.2029591799 2.5073009929    1.113  3.018  3.6220  0.906    7  0.000  0.382    25.83    17.00    11.56     8.97     7.30  2 -4.85e-08      0.00 7.249e-01 2.728e-01 2.067e-04 1.712e-04 7.169e-04 -1.000 2.377e-03 -2.775 1.626 5.958 4.597 1.535 0.684 0.094 -0.422 -0.978 -1.988 -2.162 -2.417 -2.577 -2.869 -2.945 -3.328 -3.351 -3.630
0.0015467 -1.00000 9.55000 1.2029774189 2.5073034889    1.104  3.062  3.6180  0.843    7  0.000  0.381    29.40    19.02    12.87    10.01     8.14  2 -6.14e-08      0.00 7.249e-01 2.728e-01 2.060e-04 1.720e-04 7.167e-04 -1.000 2.318e-03 -2.885 1.541 5.965 4.691 1.571 0.718 0.097 -0.441 -1.015 -2.053 -2.232 -2.494 -2.657 -2.956 -3.034 -3.426 -3.450 -3.736
0.0015467 -1.00000 9.55000 1.2029901743 2.5073052344    1.097  3.102  3.6144  0.786    7  0.000  0.380    33.02    21.05    14.18    11.04     8.99  2 -7.55e-08      0.00 7.248e-01 2.728e-01 2.055e-04 1.728e-04 7.165e-04 -1.000 2.338e-03 -2.984 1.466 5.965 4.773 1.604 0.750 0.101 -0.456 -1.046 -2.111 -2.293 -2.563 -2.728 -3.034 -3.114 -3.513 -3.538 -3.831
0.0015467 -1.00000 9.55000 1.2030029297 2.5073069799    1.088  3.146  3.6102  0.722    7  0.000  0.379    37.65    23.60    15.81    12.34    10.04  2 -9.52e-08      0.00 7.248e-01 2.728e-01 2.050e-04 1.734e-04 7.163e-04 -1.000 2.362e-03 -3.094 1.383 5.966 4.870 1.644 0.789 0.109 -0.470 -1.079 -2.173 -2.359 -2.637 -2.805 -3.119 -3.201 -3.610 -3.635 -3.935
0.0015467 -1.00000 9.55000 1.2030125856 2.5073083012    1.079  3.184  3.6065  0.665    7  0.000  0.379    42.28    26.10    17.40    13.61    11.07  2 -1.17e-07      0.00 7.248e-01 2.729e-01 2.047e-04 1.739e-04 7.161e-04 -1.000 2.351e-03 -3.190 1.311 5.952 4.944 1.675 0.823 0.121 -0.477 -1.102 -2.224 -2.414 -2.699 -2.870 -3.190 -3.275 -3.693 -3.720 -4.026
0.0015467 -1.00000 9.55000 1.2030227184 2.5073096878    1.067  3.228  3.6021  0.599    7  0.000  0.378    48.36    29.33    19.44    15.24    12.40  2 -1.49e-07      0.00 7.248e-01 2.729e-01 2.044e-04 1.744e-04 7.159e-04 -1.000 2.354e-03 -3.300 1.231 5.934 5.031 1.714 0.864 0.140 -0.480 -1.126 -2.280 -2.474 -2.768 -2.942 -3.271 -3.359 -3.787 -3.815 -4.129
0.0015467 -1.00000 9.55000 1.2030301094 2.5073106991    1.057  3.269  3.5979  0.537    7  0.000  0.378    54.88    32.73    21.59    16.95    13.80  1 -1.85e-07      0.00 7.248e-01 2.729e-01 2.043e-04 1.747e-04 7.157e-04 -1.000 2.343e-03 -3.403 1.157 5.910 5.107 1.748 0.902 0.164 -0.475 -1.141 -2.327 -2.525 -2.829 -3.005 -3.342 -3.434 -3.873 -3.901 -4.224
0.0015467 -1.00000 9.55000 1.2030318975 2.5073109438    1.054  3.280  3.5968  0.521    7  0.000  0.378    56.71    33.67    22.18    17.42    14.19  1 -1.96e-07      0.00 7.248e-01 2.729e-01 2.042e-04 1.748e-04 7.157e-04 -1.000 2.340e-03 -3.429 1.138 5.903 5.125 1.756 0.911 0.170 -0.474 -1.145 -2.339 -2.538 -2.844 -3.021 -3.360 -3.453 -3.895 -3.924 -4.248
0.0015467 -1.00000 9.55000 1.2030330896 2.5073111069    1.052  3.290  3.5957  0.505    7  0.000  0.378    58.58    34.64    22.78    17.91    14.58  1 -2.06e-07      0.00 7.248e-01 2.729e-01 2.041e-04 1.750e-04 7.156e-04 -1.000 2.344e-03 -3.456 1.119 5.896 5.143 1.764 0.921 0.177 -0.472 -1.148 -2.351 -2.551 -2.859 -3.037 -3.379 -3.472 -3.918 -3.946 -4.273
0.0015467 -1.00000 9.55000 1.2030332088 2.5073111232    1.052  3.292  3.5955  0.502    7  0.000  0.378    58.91    34.80    22.89    17.99    14.65  1 -2.08e-07      0.00 7.248e-01 2.729e-01 2.041e-04 1.750e-04 7.156e-04 -1.000 2.345e-03 -3.460 1.116 5.895 5.146 1.765 0.922 0.178 -0.472 -1.149 -2.353 -2.553 -2.862 -3.040 -3.382 -3.476 -3.921 -3.950 -4.277
0.0015467 -1.00000 9.55000 1.2030334473 2.5073111558    1.052  3.295  3.5953  0.499    7  0.000  0.378    59.33    35.02    23.02    18.10    14.74  1  -2.1e-07      0.00 7.247e-01 2.729e-01 2.041e-04 1.751e-04 7.156e-04 -1.000 2.347e-03 -3.466 1.112 5.893 5.150 1.767 0.924 0.180 -0.471 -1.149 -2.355 -2.556 -2.865 -3.043 -3.386 -3.480 -3.926 -3.955 -4.283
0.0015467 -1.00000 9.55000 1.2030342817 2.5073112700    1.050  3.304  3.5943  0.485    7  0.000  0.378    61.01    35.87    23.56    18.53    15.09  1 -2.19e-07      0.00 7.247e-01 2.729e-01 2.040e-04 1.752e-04 7.155e-04 -1.000 2.353e-03 -3.489 1.095 5.886 5.165 1.773 0.931 0.188 -0.467 -1.150 -2.364 -2.566 -2.877 -3.056 -3.401 -3.496 -3.945 -3.974 -4.304
0.0015467 -1.00000 9.55000 1.2030348778 2.5073113516    1.049  3.311  3.5936  0.475    7  0.000  0.378    62.33    36.55    23.98    18.87    15.36  1 -2.27e-07      0.00 7.247e-01 2.729e-01 2.039e-04 1.754e-04 7.154e-04 -1.000 2.355e-03 -3.506 1.084 5.881 5.179 1.779 0.938 0.196 -0.463 -1.149 -2.370 -2.573 -2.886 -3.066 -3.412 -3.508 -3.959 -3.988 -4.320
0.0015467 -1.00000 9.55000 1.2030354738 2.5073114331    1.048  3.322  3.5924  0.458    7  0.000  0.377    64.49    37.64    24.66    19.41    15.81  1  -2.4e-07      0.00 7.247e-01 2.729e-01 2.038e-04 1.756e-04 7.153e-04 -1.000 2.355e-03 -3.534 1.064 5.873 5.198 1.786 0.948 0.206 -0.457 -1.150 -2.381 -2.585 -2.901 -3.081 -3.431 -3.527 -3.982 -4.011 -4.346
0.0015467 -1.00000 9.55000 1.2030360699 2.5073115147    1.046  3.341  3.5905  0.431    7  0.000  0.377    68.26    39.55    25.85    20.37    16.59  1 -2.62e-07      0.00 7.247e-01 2.729e-01 2.038e-04 1.757e-04 7.152e-04 -1.000 2.355e-03 -3.582 1.030 5.857 5.227 1.797 0.960 0.221 -0.451 -1.153 -2.401 -2.607 -2.928 -3.109 -3.463 -3.561 -4.022 -4.052 -4.390
0.0015467 -1.00000 9.55000 1.2030369043 2.5073116289    1.044  3.361  3.5884  0.402    7  0.000  0.377    72.48    41.65    27.17    21.42    17.45  1 -2.89e-07      0.00 7.247e-01 2.729e-01 2.037e-04 1.759e-04 7.151e-04 -1.000 2.355e-03 -3.633 0.995 5.838 5.254 1.805 0.972 0.239 -0.441 -1.154 -2.419 -2.627 -2.954 -3.136 -3.496 -3.596 -4.064 -4.094 -4.437
0.0015467 -1.00000 9.55000 1.2030382156 2.5073118083    1.040  3.398  3.5847  0.348    7  0.000  0.377    80.96    45.85    29.77    23.51    19.15  1 -3.45e-07      0.00 7.247e-01 2.730e-01 2.034e-04 1.766e-04 7.147e-04 -1.000 2.343e-03 -3.725 0.930 5.800 5.297 1.816 0.989 0.271 -0.424 -1.155 -2.453 -2.665 -3.001 -3.186 -3.554 -3.659 -4.140 -4.171 -4.522
0.0015467 -1.00000 9.55000 1.2030400038 2.5073120530    1.034  3.440  3.5804  0.286    7  0.546  0.377    91.98    51.20    33.07    26.17    21.32  1 -4.29e-07      0.00 7.247e-01 2.730e-01 2.032e-04 1.772e-04 7.143e-04 -1.000 2.347e-03 -3.830 0.858 5.757 5.346 1.827 1.009 0.312 -0.398 -1.153 -2.488 -2.705 -3.052 -3.239 -3.619 -3.729 -4.225 -4.257 -4.618
0.0015467 -1.00000 9.55000 1.2030428648 2.5073124445    1.020  3.475  3.5764  0.229    7  0.547  0.377   103.33    56.58    36.38    28.83    23.50  1 -5.19e-07      0.00 7.247e-01 2.730e-01 2.031e-04 1.775e-04 7.140e-04 -1.000 2.338e-03 -3.918 0.801 5.721 5.388 1.836 1.027 0.359 -0.362 -1.135 -2.505 -2.726 -3.083 -3.273 -3.664 -3.781 -4.293 -4.327 -4.698
0.0015467 -1.00000 9.55000 1.2030439377 2.5073125913    1.015  3.484  3.5752  0.213    7  0.547  0.377   106.69    58.14    37.33    29.61    24.13  1 -5.47e-07      0.00 7.247e-01 2.730e-01 2.031e-04 1.776e-04 7.140e-04 -1.000 2.331e-03 -3.941 0.787 5.713 5.400 1.839 1.034 0.374 -0.350 -1.128 -2.508 -2.730 -3.090 -3.281 -3.675 -3.794 -4.311 -4.344 -4.718
0.0015467 -1.00000 9.55000 1.2030440569 2.5073126076    1.015  3.484  3.5752  0.213    8  0.547  0.396   106.69    58.14    37.33    29.61    24.14  1 -5.46e-07      0.00 7.247e-01 2.738e-01 2.143e-04 1.778e-04 7.166e-04 -1.000 1.571e-03 -3.941 0.787 5.713 5.400 1.839 1.033 0.374 -0.350 -1.128 -2.508 -2.730 -3.090 -3.281 -3.675 -3.794 -4.311 -4.344 -4.718
0.0015467 -1.00000 9.55000 1.2030441761 2.5073126239    1.015  3.316  3.5916  0.446    8  0.547  0.399    65.62    38.14    24.96    19.67    16.02  1 -2.59e-07      0.00 7.247e-01 2.738e-01 2.143e-04 1.778e-04 7.166e-04 -1.000 1.571e-03 -3.521 1.084 5.900 5.245 1.825 0.987 0.247 -0.420 -1.117 -2.355 -2.560 -2.878 -3.059 -3.411 -3.508 -3.965 -3.995 -4.331
0.0015467 -1.00000 9.55000 1.2030442953 2.5073126402    1.014  3.209  3.6018  0.594    8  0.547  0.399    48.21    29.19    19.33    15.18    12.35  2 -1.59e-07      0.00 7.247e-01 2.738e-01 2.143e-04 1.778e-04 7.166e-04 -1.000 1.571e-03 -3.253 1.279 5.987 5.091 1.771 0.921 0.195 -0.426 -1.073 -2.229 -2.424 -2.719 -2.893 -3.222 -3.310 -3.739 -3.767 -4.082
0.0015467 -1.00000 9.55000 1.2030445337 2.5073126728    1.013  2.996  3.6223  0.889    8  0.547  0.399    26.05    17.11    11.61     9.04     7.35  2 -5.85e-08      0.00 7.247e-01 2.738e-01 2.143e-04 1.778e-04 7.166e-04 -1.000 1.571e-03 -2.719 1.681 6.018 4.663 1.599 0.748 0.155 -0.363 -0.920 -1.932 -2.107 -2.362 -2.522 -2.815 -2.890 -3.273 -3.296 -3.575
0.0015467 -1.00000 9.55000 1.2030448914 2.5073127217    1.011  2.998  3.6220  0.885    8  0.547  0.399    26.28    17.24    11.69     9.11     7.40  2 -5.95e-08      0.00 7.247e-01 2.738e-01 2.143e-04 1.778e-04 7.166e-04 -1.000 1.571e-03 -2.725 1.677 6.021 4.673 1.605 0.753 0.158 -0.361 -0.920 -1.935 -2.110 -2.366 -2.526 -2.819 -2.894 -3.278 -3.301 -3.581
0.0015467 -1.00000 9.55000 1.2030454874 2.5073128033    1.009  3.086  3.6134  0.762    8  0.547  0.399    33.95    21.53    14.46    11.30     9.19  2 -9.11e-08      0.00 7.247e-01 2.738e-01 2.143e-04 1.778e-04 7.166e-04 -1.000 1.571e-03 -2.944 1.512 6.035 4.870 1.685 0.832 0.173 -0.391 -0.986 -2.060 -2.243 -2.515 -2.681 -2.989 -3.069 -3.471 -3.496 -3.790
0.0015467 -1.00000 9.55000 1.2030460835 2.5073128849    1.006  3.230  3.5994  0.560    8  0.548  0.399    51.60    30.95    20.44    16.07    13.08  1 -1.79e-07      0.00 7.247e-01 2.738e-01 2.143e-04 1.778e-04 7.166e-04 -1.000 1.571e-03 -3.304 1.245 5.982 5.142 1.797 0.950 0.215 -0.417 -1.075 -2.249 -2.446 -2.746 -2.922 -3.255 -3.346 -3.781 -3.809 -4.128
0.0015467 -1.00000 9.55000 1.2030467987 2.5073129827    1.002  3.356  3.5871  0.383    8  0.548  0.399    74.65    42.62    27.74    21.91    17.84  1 -3.21e-07      0.00 7.247e-01 2.738e-01 2.143e-04 1.778e-04 7.166e-04 -1.000 1.571e-03 -3.620 1.017 5.870 5.315 1.855 1.024 0.296 -0.389 -1.109 -2.386 -2.595 -2.925 -3.108 -3.471 -3.573 -4.045 -4.076 -4.422
0.0015467 -1.00000 9.55000 1.2030476332 2.5073130969    0.998  3.438  3.5790  0.267    8  0.548  0.399    95.04    52.52    33.87    26.84    21.87  1 -4.68e-07      0.00 7.247e-01 2.738e-01 2.143e-04 1.778e-04 7.166e-04 -1.000 1.571e-03 -3.826 0.874 5.781 5.397 1.867 1.052 0.364 -0.351 -1.111 -2.459 -2.677 -3.027 -3.216 -3.599 -3.712 -4.213 -4.246 -4.610
0.0015467 -1.00000 9.55000 1.2030485868 2.5073132274    0.994  3.479  3.5748  0.207    8  0.548  0.399   107.63    58.47    37.52    29.78    24.27  1  -5.7e-07      0.00 7.247e-01 2.738e-01 2.143e-04 1.778e-04 7.166e-04 -1.000 1.571e-03 -3.929 0.804 5.731 5.427 1.863 1.058 0.403 -0.323 -1.103 -2.487 -2.709 -3.070 -3.262 -3.657 -3.776 -4.295 -4.329 -4.704
0.0015467 -1.00000 9.55000 1.2030497789 2.5073133905    0.989  3.496  3.5729  0.181    8  0.548  0.399   113.51    61.20    39.18    31.13    25.37  1 -6.22e-07      0.00 7.247e-01 2.738e-01 2.143e-04 1.778e-04 7.166e-04 -1.000 1.571e-03 -3.969 0.778 5.713 5.444 1.864 1.065 0.425 -0.306 -1.095 -2.494 -2.718 -3.085 -3.277 -3.677 -3.800 -4.327 -4.361 -4.741
0.0015467 -1.00000 9.55000 1.2030509710 2.5073135536    0.983  3.502  3.5720  0.169    8  0.549  0.399   116.38    62.50    39.97    31.77    25.90  1 -6.51e-07      0.00 7.247e-01 2.738e-01 2.143e-04 1.778e-04 7.166e-04 -1.000 1.571e-03 -3.985 0.769 5.709 5.456 1.869 1.072 0.440 -0.293 -1.086 -2.494 -2.719 -3.087 -3.280 -3.683 -3.807 -4.338 -4.373 -4.755
0.0015467 -1.00000 9.55000 1.2030510902 2.5073135699    0.983  3.392  3.5826  0.321    8  0.549  0.399    84.63    47.44    30.72    24.32    19.81  1    -4e-07      0.00 7.247e-01 2.738e-01 2.143e-04 1.778e-04 7.166e-04 -1.000 1.571e-03 -3.709 0.962 5.846 5.387 1.888 1.066 0.357 -0.345 -1.087 -2.403 -2.617 -2.958 -3.144 -3.518 -3.626 -4.114 -4.145 -4.502
0.0015467 -1.00000 9.55000 1.2030512094 2.5073135862    0.981  3.231  3.5979  0.542    8  0.549  0.399    53.27    31.78    20.95    16.49    13.42  1 -1.95e-07      0.00 7.247e-01 2.738e-01 2.143e-04 1.778e-04 7.166e-04 -1.000 1.571e-03 -3.308 1.251 6.003 5.195 1.838 0.992 0.254 -0.384 -1.049 -2.233 -2.431 -2.734 -2.911 -3.248 -3.339 -3.778 -3.807 -4.129
0.0015467 -1.00000 9.55000 1.2030515671 2.5073136352    0.979  3.018  3.6183  0.837    8  0.549  0.399    28.80    18.66    12.60     9.84     8.00  2 -7.25e-08      0.00 7.247e-01 2.738e-01 2.143e-04 1.778e-04 7.166e-04 -1.000 1.571e-03 -2.774 1.650 6.072 4.797 1.679 0.826 0.205 -0.333 -0.907 -1.945 -2.124 -2.386 -2.549 -2.848 -2.925 -3.316 -3.340 -3.626
0.0015467 -1.00000 9.55000 1.2030521631 2.5073137167    0.977  3.020  3.6179  0.831    8  0.549  0.399    29.12    18.84    12.71     9.93     8.07  2 -7.42e-08      0.00 7.247e-01 2.738e-01 2.143e-04 1.778e-04 7.166e-04 -1.000 1.571e-03 -2.781 1.646 6.076 4.810 1.686 0.833 0.209 -0.331 -0.907 -1.948 -2.127 -2.390 -2.553 -2.852 -2.930 -3.322 -3.346 -3.633
0.0015467 -1.00000 9.55000 1.2030527592 2.5073137983    0.973  3.108  3.6093  0.707    8  0.549  0.399    37.69    23.55    15.73    12.33    10.03  2 -1.14e-07      0.00 7.247e-01 2.738e-01 2.143e-04 1.778e-04 7.166e-04 -1.000 1.571e-03 -3.001 1.482 6.080 5.004 1.768 0.914 0.228 -0.356 -0.969 -2.070 -2.257 -2.536 -2.705 -3.020 -3.103 -3.514 -3.540 -3.841
0.0015467 -1.00000 9.55000 1.2030535936 2.5073139125    0.968  3.251  3.5953  0.506    8  0.549  0.399    57.34    33.84    22.24    17.53    14.26  1 -2.23e-07      0.00 7.247e-01 2.738e-01 2.143e-04 1.778e-04 7.166e-04 -1.000 1.571e-03 -3.359 1.219 5.998 5.251 1.869 1.026 0.282 -0.367 -1.044 -2.249 -2.449 -2.758 -2.936 -3.278 -3.372 -3.818 -3.847 -4.175
0.0015467 -1.00000 9.55000 1.2030545473 2.5073140430    0.963  3.377  3.5829  0.328    8  0.549  0.399    83.05    46.59    30.18    23.91    19.47  1    -4e-07      0.00 7.247e-01 2.738e-01 2.143e-04 1.778e-04 7.166e-04 -1.000 1.571e-03 -3.673 0.996 5.877 5.409 1.914 1.091 0.379 -0.321 -1.061 -2.373 -2.586 -2.926 -3.113 -3.485 -3.592 -4.079 -4.110 -4.466
0.0015467 -1.00000 9.55000 1.2030557394 2.5073142061    0.956  3.459  3.5747  0.211    8  0.550  0.399   106.04    57.51    36.90    29.32    23.89  1 -5.86e-07      0.00 7.247e-01 2.738e-01 2.143e-04 1.778e-04 7.166e-04 -1.000 1.571e-03 -3.877 0.855 5.782 5.477 1.913 1.109 0.452 -0.273 -1.053 -2.436 -2.658 -3.019 -3.210 -3.605 -3.725 -4.244 -4.278 -4.653
0.0015467 -1.00000 9.55000 1.2030570507 2.5073143855    0.949  3.500  3.5704  0.149    8  0.550  0.399   120.59    64.22    40.99    32.64    26.60  1 -7.19e-07      0.00 7.247e-01 2.738e-01 2.143e-04 1.778e-04 7.166e-04 -1.000 1.571e-03 -3.981 0.786 5.733 5.508 1.909 1.116 0.498 -0.240 -1.039 -2.460 -2.687 -3.060 -3.252 -3.660 -3.787 -4.325 -4.360 -4.747
0.0015467 -1.00000 9.55000 1.2030584812 2.5073145812    0.941  3.517  3.5683  0.120    8  0.550  0.399   127.88    67.50    42.98    34.25    27.92  1 -7.95e-07      0.00 7.247e-01 2.738e-01 2.143e-04 1.778e-04 7.166e-04 -1.000 1.571e-03 -4.023 0.761 5.715 5.525 1.911 1.124 0.523 -0.218 -1.026 -2.462 -2.691 -3.068 -3.262 -3.676 -3.807 -4.356 -4.392 -4.785
0.0015467 -1.00000 9.55000 1.2030601501 2.5073148096    0.933  3.524  3.5672  0.104    8  0.551  0.399   131.95    69.27    44.05    35.13    28.63  1 -8.44e-07      0.00 7.247e-01 2.738e-01 2.143e-04 1.778e-04 7.166e-04 -1.000 1.571e-03 -4.041 0.753 5.711 5.540 1.918 1.134 0.543 -0.200 -1.012 -2.457 -2.686 -3.067 -3.260 -3.678 -3.812 -4.368 -4.404 -4.800
0.0015467 -1.00000 9.55000 1.2030602694 2.5073148259    0.932  3.419  3.5773  0.250    8  0.551  0.399    97.25    53.24    34.26    27.22    22.17  1 -5.32e-07      0.00 7.247e-01 2.738e-01 2.143e-04 1.778e-04 7.166e-04 -1.000 1.571e-03 -3.777 0.935 5.849 5.494 1.951 1.140 0.463 -0.255 -1.022 -2.382 -2.602 -2.956 -3.146 -3.533 -3.649 -4.157 -4.190 -4.558
0.0015467 -1.00000 9.55000 1.2030605078 2.5073148585    0.930  3.259  3.5926  0.470    8  0.551  0.399    61.26    35.73    23.41    18.49    15.04  1 -2.62e-07      0.00 7.247e-01 2.738e-01 2.143e-04 1.778e-04 7.166e-04 -1.000 1.571e-03 -3.378 1.218 6.022 5.337 1.930 1.090 0.348 -0.314 -1.003 -2.230 -2.433 -2.748 -2.928 -3.277 -3.373 -3.827 -3.856 -4.190
0.0015467 -1.00000 9.55000 1.2030608654 2.5073149074    0.928  3.046  3.6131  0.764    8  0.551  0.399    33.07    21.00    14.09    11.04     8.97  2 -9.88e-08      0.00 7.247e-01 2.738e-01 2.143e-04 1.778e-04 7.166e-04 -1.000 1.571e-03 -2.846 1.613 6.138 4.976 1.789 0.935 0.276 -0.288 -0.884 -1.958 -2.142 -2.414 -2.580 -2.888 -2.969 -3.371 -3.396 -3.691
0.0015467 -1.00000 9.55000 1.2030614614 2.5073149890    0.924  3.049  3.6127  0.757    8  0.551  0.399    33.49    21.22    14.23    11.16     9.07  2 -1.02e-07      0.00 7.247e-01 2.738e-01 2.143e-04 1.778e-04 7.166e-04 -1.000 1.571e-03 -2.853 1.608 6.143 4.991 1.797 0.944 0.281 -0.286 -0.883 -1.961 -2.144 -2.417 -2.584 -2.893 -2.974 -3.377 -3.402 -3.698
0.0015467 -1.00000 9.55000 1.2030622959 2.5073151032    0.919  3.137  3.6040  0.633    8  0.551  0.399    43.40    26.53    17.61    13.86    11.26  1 -1.55e-07      0.00 7.247e-01 2.738e-01 2.143e-04 1.778e-04 7.166e-04 -1.000 1.571e-03 -3.071 1.447 6.121 5.169 1.874 1.023 0.309 -0.300 -0.936 -2.075 -2.267 -2.557 -2.730 -3.055 -3.142 -3.565 -3.592 -3.903
0.0015467 -1.00000 9.55000 1.2030632496 2.5073152337    0.913  3.278  3.5900  0.433    8  0.551  0.399    65.96    38.04    24.83    19.65    15.99  1 -3.02e-07      0.00 7.247e-01 2.738e-01 2.143e-04 1.778e-04 7.166e-04 -1.000 1.571e-03 -3.425 1.190 6.019 5.394 1.962 1.126 0.386 -0.287 -0.990 -2.239 -2.444 -2.766 -2.948 -3.303 -3.401 -3.863 -3.893 -4.232
0.0015467 -1.00000 9.55000 1.2030643225 2.5073153805    0.907  3.402  3.5777  0.256    8  0.552  0.399    95.50    52.28    33.64    26.75    21.78  1 -5.39e-07      0.00 7.247e-01 2.738e-01 2.143e-04 1.778e-04 7.166e-04 -1.000 1.571e-03 -3.736 0.973 5.886 5.523 1.984 1.172 0.492 -0.226 -0.991 -2.348 -2.566 -2.920 -3.109 -3.496 -3.611 -4.117 -4.150 -4.517
0.0015467 -1.00000 9.55000 1.2030656338 2.5073155599    0.899  3.483  3.5695  0.138    8  0.552  0.399   122.05    64.50    41.11    32.80    26.72  1  -7.9e-07      0.00 7.247e-01 2.738e-01 2.143e-04 1.778e-04 7.166e-04 -1.000 1.571e-03 -3.938 0.837 5.786 5.576 1.971 1.181 0.570 -0.170 -0.973 -2.400 -2.628 -3.002 -3.195 -3.606 -3.735 -4.277 -4.312 -4.702
0.0015467 -1.00000 9.55000 1.2030671835 2.5073157719    0.890  3.524  3.5650  0.075    8  0.552  0.399   139.12    72.11    45.72    36.55    29.78  1 -9.75e-07      0.00 7.247e-01 2.738e-01 2.143e-04 1.778e-04 7.166e-04 -1.000 1.571e-03 -4.040 0.772 5.738 5.604 1.966 1.189 0.615 -0.132 -0.952 -2.413 -2.644 -3.029 -3.224 -3.648 -3.788 -4.356 -4.392 -4.795
0.0015467 -1.00000 9.55000 1.2030688524 2.5073160003    0.880  3.541  3.5629  0.045    8  0.553  0.399   148.04    75.96    48.03    38.45    31.33  1 -1.09e-06      0.00 7.247e-01 2.738e-01 2.143e-04 1.778e-04 7.166e-04 -1.000 1.571e-03 -4.082 0.749 5.721 5.623 1.970 1.200 0.644 -0.106 -0.934 -2.411 -2.644 -3.035 -3.230 -3.661 -3.806 -4.386 -4.423 -4.833
0.0015467 -1.00000 9.55000 1.2030707598 2.5073162612    0.868  3.548  3.5617  0.027    8  0.553  0.399   152.72    78.19    49.36    39.55    32.22  1 -1.17e-06      0.00 7.247e-01 2.738e-01 2.143e-04 1.778e-04 7.166e-04 -1.000 1.571e-03 -4.101 0.742 5.718 5.640 1.978 1.212 0.669 -0.083 -0.917 -2.403 -2.637 -3.031 -3.226 -3.663 -3.810 -4.397 -4.434 -4.848
0.0015467 -1.00000 9.55000 1.2030911446 2.5073190503    0.559 -9.999  4.0000  1.675    9  0.559  0.000     0.00     0.00     0.00     0.00     0.00 -1    -1e-30      0.00 7.247e-01 2.738e-01 2.143e-04 1.778e-04 7.166e-04 -1.000 1.571e-03 29.767 29.907 29.852 29.823 29.820 29.865 29.940 30.052 30.036 30.080 30.082 30.077 30.075 30.074 30.076 30.068 30.067 30.043
