 Zini     MH   logAge Mini        int_IMF         Mass   logL    logTe  logg  label   McoreTP C_O  period0  period1  period2  period3  period4  pmode  Mloss  tau1m   X   Y   Xc  Xn  Xo  Cexcess  Z 	 mbolmag  F170Wmag  F218Wmag  F255Wmag  F300Wmag  F336Wmag  F380Wmag  F439Wmag  F450Wmag  F555Wmag  F569Wmag  F606Wmag  F622Wmag  F675Wmag  F702Wmag  F791Wmag  F814Wmag  F850LPmag
0.00097797 -1.20000 6.80000 0.0900000036 1.0816895926    0.090 -1.726  3.5094  4.107    0  0.000  0.545     0.00     0.00     0.00     0.00     0.00 -1 -7.05e-15      0.00 7.489e-01 2.501e-01 1.769e-04 4.773e-05 4.329e-04 -1.000 9.840e-04 9.084 13.785 18.648 18.267 14.565 13.767 13.377 12.742 12.199 10.844 10.631 10.262 10.070 9.616 9.365 8.607 8.560 8.094
0.00097797 -1.20000 6.80000 0.0920720771 1.1012471926    0.092 -1.713  3.5108  4.110    0  0.000  0.545     0.00     0.00     0.00     0.00     0.00 -1 -7.16e-15      0.00 7.489e-01 2.501e-01 1.769e-04 4.773e-05 4.329e-04 -1.000 9.840e-04 9.052 13.747 18.607 18.203 14.511 13.710 13.316 12.684 12.144 10.793 10.581 10.212 10.020 9.569 9.322 8.571 8.525 8.062
0.00097797 -1.20000 6.80000 0.1000000015 1.1711064122    0.100 -1.666  3.5158  4.119    0  0.000  0.545     0.00     0.00     0.00     0.00     0.00 -1 -7.58e-15      0.00 7.489e-01 2.501e-01 1.769e-04 4.773e-05 4.329e-04 -1.000 9.840e-04 8.934 13.608 18.454 17.967 14.316 13.505 13.095 12.476 11.944 10.610 10.399 10.032 9.840 9.398 9.167 8.441 8.396 7.946
0.00097797 -1.20000 6.80000 0.1127550378 1.2696017736    0.113 -1.598  3.5219  4.128    0  0.000  0.545     0.00     0.00     0.00     0.00     0.00 -1 -8.25e-15      0.00 7.489e-01 2.501e-01 1.769e-04 4.773e-05 4.329e-04 -1.000 9.840e-04 8.765 13.414 18.242 17.652 14.051 13.229 12.801 12.198 11.677 10.365 10.156 9.791 9.598 9.168 8.954 8.259 8.215 7.779
0.00097797 -1.20000 6.80000 0.1217775121 1.3309187641    0.122 -1.555  3.5258  4.133    0  0.000  0.545     0.00     0.00     0.00     0.00     0.00 -1 -8.71e-15      0.00 7.489e-01 2.501e-01 1.769e-04 4.773e-05 4.329e-04 -1.000 9.841e-04 8.656 13.289 18.102 17.446 13.876 13.048 12.611 12.019 11.506 10.209 10.001 9.639 9.446 9.022 8.818 8.142 8.099 7.671
0.00097797 -1.20000 6.80000 0.1274514794 1.3665326715    0.127 -1.528  3.5280  4.135    0  0.000  0.545     0.00     0.00     0.00     0.00     0.00 -1 -9.01e-15      0.00 7.489e-01 2.501e-01 1.769e-04 4.773e-05 4.329e-04 -1.000 9.840e-04 8.590 13.214 18.019 17.325 13.773 12.941 12.499 11.913 11.405 10.116 9.909 9.548 9.355 8.935 8.737 8.071 8.029 7.606
0.00097797 -1.20000 6.80000 0.1316128969 1.3913677684    0.132 -1.509  3.5295  4.136    0  0.000  0.545     0.00     0.00     0.00     0.00     0.00 -1 -9.24e-15      0.00 7.489e-01 2.501e-01 1.769e-04 4.773e-05 4.329e-04 -1.000 9.841e-04 8.542 13.160 17.959 17.239 13.699 12.865 12.419 11.837 11.332 10.049 9.843 9.483 9.290 8.873 8.679 8.019 7.978 7.558
0.00097797 -1.20000 6.80000 0.1347500831 1.4094250769    0.135 -1.495  3.5307  4.137    0  0.000  0.545     0.00     0.00     0.00     0.00     0.00 -1 -9.39e-15      0.00 7.489e-01 2.501e-01 1.769e-04 4.773e-05 4.329e-04 -1.000 9.840e-04 8.508 13.122 17.916 17.178 13.647 12.811 12.363 11.784 11.282 10.004 9.798 9.438 9.245 8.830 8.638 7.984 7.943 7.525
0.00097797 -1.20000 6.80000 0.1397866756 1.4373009026    0.140 -1.474  3.5324  4.139    0  0.000  0.545     0.00     0.00     0.00     0.00     0.00 -1  -9.7e-15      0.00 7.489e-01 2.501e-01 1.769e-04 4.773e-05 4.329e-04 -1.000 9.841e-04 8.456 13.063 17.850 17.085 13.567 12.730 12.280 11.705 11.205 9.933 9.728 9.369 9.176 8.764 8.576 7.929 7.888 7.474
0.00097797 -1.20000 6.80000 0.1425711811 1.4521577962    0.142 -1.463  3.5334  4.140    0  0.000  0.545     0.00     0.00     0.00     0.00     0.00 -1 -9.88e-15      0.00 7.489e-01 2.501e-01 1.769e-04 4.773e-05 4.329e-04 -1.000 9.840e-04 8.427 13.030 17.813 17.032 13.522 12.684 12.233 11.660 11.162 9.894 9.690 9.331 9.138 8.727 8.541 7.898 7.857 7.445
0.00097797 -1.20000 6.80000 0.1560883075 1.5192694023    0.156 -1.410  3.5379  4.145    0  0.000  0.545     0.00     0.00     0.00     0.00     0.00 -1 -1.06e-14      0.00 7.489e-01 2.501e-01 1.769e-04 4.773e-05 4.329e-04 -1.000 9.840e-04 8.294 12.881 17.644 16.790 13.317 12.474 12.016 11.455 10.965 9.714 9.512 9.155 8.962 8.557 8.382 7.758 7.718 7.315
0.00097797 -1.20000 6.80000 0.1717546731 1.5881815928    0.172 -1.354  3.5425  4.148    0  0.000  0.545     0.00     0.00     0.00     0.00     0.00 -1 -1.15e-14      0.00 7.489e-01 2.501e-01 1.769e-04 4.773e-05 4.329e-04 -1.000 9.840e-04 8.154 12.724 17.465 16.538 13.101 12.255 11.793 11.243 10.761 9.528 9.327 8.973 8.781 8.382 8.216 7.611 7.572 7.177
0.00097797 -1.20000 6.80000 0.1874760091 1.6495744156    0.187 -1.303  3.5467  4.153    0  0.000  0.545     0.00     0.00     0.00     0.00     0.00 -1 -1.23e-14      0.00 7.489e-01 2.501e-01 1.769e-04 4.773e-05 4.329e-04 -1.000 9.840e-04 8.027 12.582 17.300 16.305 12.903 12.053 11.589 11.049 10.575 9.359 9.160 8.808 8.617 8.223 8.066 7.477 7.439 7.053
0.00097797 -1.20000 6.80000 0.2073591799 1.7182643717    0.207 -1.245  3.5518  4.159    0  0.000  0.545     0.00     0.00     0.00     0.00     0.00 -1 -1.32e-14      0.00 7.489e-01 2.501e-01 1.769e-04 4.773e-05 4.329e-04 -1.000 9.841e-04 7.882 12.419 17.108 16.030 12.671 11.818 11.354 10.826 10.360 9.165 8.968 8.620 8.429 8.042 7.894 7.325 7.288 6.911
0.00097797 -1.20000 6.80000 0.2271794677 1.7787040921    0.227 -1.190  3.5565  4.163    0  0.000  0.545     0.00     0.00     0.00     0.00     0.00 -1 -1.43e-14      0.00 7.489e-01 2.501e-01 1.769e-04 4.773e-05 4.329e-04 -1.000 9.841e-04 7.745 12.267 16.924 15.769 12.454 11.599 11.137 10.620 10.162 8.986 8.791 8.446 8.256 7.875 7.735 7.183 7.147 6.778
0.00097797 -1.20000 6.80000 0.2488108724 1.8372981076    0.249 -1.138  3.5612  4.169    0  0.000  0.545     0.00     0.00     0.00     0.00     0.00 -1 -1.53e-14      0.00 7.489e-01 2.501e-01 1.769e-04 4.773e-05 4.329e-04 -1.000 9.841e-04 7.616 12.122 16.746 15.515 12.245 11.389 10.929 10.424 9.972 8.815 8.622 8.280 8.092 7.716 7.584 7.048 7.013 6.652
0.00097797 -1.20000 6.80000 0.2500000000 1.8403257998    0.250 -1.136  3.5614  4.169    0  0.000  0.545     0.00     0.00     0.00     0.00     0.00 -1 -1.53e-14      0.00 7.489e-01 2.501e-01 1.769e-04 4.773e-05 4.329e-04 -1.000 9.841e-04 7.609 12.114 16.736 15.501 12.234 11.378 10.918 10.413 9.962 8.806 8.614 8.272 8.083 7.707 7.576 7.041 7.006 6.646
0.00097797 -1.20000 6.80000 0.2753468454 1.9007272011    0.275 -1.078  3.5670  4.176    0  0.000  0.545     0.00     0.00     0.00     0.00     0.00 -1 -1.65e-14      0.00 7.489e-01 2.501e-01 1.769e-04 4.773e-05 4.329e-04 -1.000 9.840e-04 7.466 11.953 16.529 15.201 11.997 11.140 10.687 10.194 9.750 8.617 8.428 8.090 7.903 7.533 7.410 6.893 6.859 6.507
0.00097797 -1.20000 6.80000 0.3000000417 1.9529140366    0.300 -1.028  3.5722  4.183    0  0.000  0.545     0.00     0.00     0.00     0.00     0.00 -1 -1.76e-14      0.00 7.489e-01 2.501e-01 1.769e-04 4.773e-05 4.329e-04 -1.000 9.840e-04 7.340 11.810 16.341 14.930 11.778 10.922 10.477 9.995 9.559 8.449 8.261 7.929 7.743 7.379 7.263 6.762 6.728 6.385
0.00097797 -1.20000 6.80000 0.3457881212 2.0364598270    0.346 -0.945  3.5807  4.197    0  0.000  0.545     0.00     0.00     0.00     0.00     0.00 -1 -1.96e-14      0.00 7.489e-01 2.501e-01 1.769e-04 4.773e-05 4.329e-04 -1.000 9.840e-04 7.133 11.576 16.026 14.490 11.412 10.556 10.130 9.667 9.245 8.173 7.991 7.668 7.485 7.132 7.024 6.547 6.515 6.185
0.00097797 -1.20000 6.80000 0.3499999940 2.0434174644    0.350 -0.938  3.5815  4.198    0  0.000  0.545     0.00     0.00     0.00     0.00     0.00 -1 -1.97e-14      0.00 7.489e-01 2.501e-01 1.769e-04 4.773e-05 4.329e-04 -1.000 9.840e-04 7.115 11.556 15.996 14.449 11.381 10.525 10.101 9.639 9.219 8.150 7.968 7.646 7.463 7.111 7.004 6.528 6.496 6.167
0.00097797 -1.20000 6.80000 0.4000000060 2.1185024399    0.400 -0.856  3.5918  4.215    0  0.000  0.545     0.00     0.00     0.00     0.00     0.00 -1 -2.19e-14      0.00 7.489e-01 2.501e-01 1.769e-04 4.773e-05 4.329e-04 -1.000 9.840e-04 6.909 11.319 15.632 13.928 10.984 10.134 9.741 9.299 8.894 7.871 7.695 7.385 7.205 6.866 6.768 6.315 6.285 5.970
0.00097797 -1.20000 6.80000 0.4551581144 2.1883336957    0.455 -0.777  3.6025  4.234    0  0.000  0.545     0.00     0.00     0.00     0.00     0.00 -1  -2.4e-14      0.00 7.489e-01 2.501e-01 1.769e-04 4.773e-05 4.329e-04 -1.000 9.840e-04 6.712 11.087 15.277 13.441 10.577 9.730 9.379 8.955 8.569 7.595 7.427 7.131 6.956 6.632 6.541 6.110 6.082 5.781
0.00097797 -1.20000 6.80000 0.4980003238 2.2353873761    0.498 -0.718  3.6112  4.250    0  0.000  0.545     0.00     0.00     0.00     0.00     0.00 -1 -2.59e-14      0.00 7.489e-01 2.501e-01 1.769e-04 4.773e-05 4.329e-04 -1.000 9.840e-04 6.564 10.911 15.028 13.089 10.256 9.411 9.099 8.689 8.319 7.387 7.224 6.941 6.769 6.458 6.371 5.958 5.931 5.641
0.00097797 -1.20000 6.80000 0.5000000000 2.2374541529    0.500 -0.715  3.6116  4.251    0  0.000  0.545     0.00     0.00     0.00     0.00     0.00 -1  -2.6e-14      0.00 7.489e-01 2.501e-01 1.769e-04 4.773e-05 4.329e-04 -1.000 9.840e-04 6.558 10.903 15.015 13.071 10.241 9.396 9.086 8.676 8.307 7.377 7.215 6.932 6.760 6.449 6.364 5.950 5.924 5.635
0.00097797 -1.20000 6.80000 0.5009398460 2.2384209105    0.501 -0.714  3.6119  4.251    0  0.000  0.545     0.00     0.00     0.00     0.00     0.00 -1  -2.6e-14      0.00 7.489e-01 2.501e-01 1.769e-04 4.773e-05 4.329e-04 -1.000 9.840e-04 6.555 10.899 15.008 13.062 10.233 9.388 9.080 8.670 8.301 7.372 7.210 6.928 6.756 6.446 6.360 5.947 5.921 5.632
0.00097797 -1.20000 6.80000 0.5225083828 2.2595126265    0.522 -0.682  3.6171  4.259    0  0.000  0.545     0.00     0.00     0.00     0.00     0.00 -1 -2.71e-14      0.00 7.489e-01 2.501e-01 1.769e-04 4.773e-05 4.329e-04 -1.000 9.840e-04 6.476 10.803 14.847 12.842 10.045 9.202 8.921 8.520 8.161 7.256 7.098 6.823 6.654 6.351 6.269 5.866 5.840 5.559
0.00097797 -1.20000 6.80000 0.5457464457 2.2801050031    0.545 -0.650  3.6222  4.265    0  0.000  0.545     0.00     0.00     0.00     0.00     0.00 -1 -2.84e-14      0.00 7.489e-01 2.501e-01 1.769e-04 4.773e-05 4.329e-04 -1.000 9.840e-04 6.395 10.703 14.658 12.601 9.856 9.016 8.763 8.370 8.019 7.138 6.985 6.717 6.550 6.255 6.175 5.782 5.757 5.482
0.00097797 -1.20000 6.80000 0.5500000715 2.2836583126    0.550 -0.644  3.6231  4.267    0  0.000  0.545     0.00     0.00     0.00     0.00     0.00 -1 -2.86e-14      0.00 7.489e-01 2.501e-01 1.769e-04 4.773e-05 4.329e-04 -1.000 9.840e-04 6.381 10.686 14.620 12.555 9.823 8.985 8.737 8.345 7.996 7.119 6.966 6.699 6.533 6.239 6.159 5.768 5.743 5.469
0.00097797 -1.20000 6.80000 0.5538703799 2.2868369383    0.554 -0.639  3.6241  4.269    0  0.000  0.545     0.00     0.00     0.00     0.00     0.00 -1 -2.88e-14      0.00 7.489e-01 2.501e-01 1.769e-04 4.773e-05 4.329e-04 -1.000 9.840e-04 6.368 10.669 14.578 12.503 9.788 8.951 8.708 8.318 7.971 7.098 6.946 6.681 6.515 6.222 6.143 5.754 5.729 5.457
0.00097797 -1.20000 6.80000 0.5814197659 2.3080639293    0.581 -0.596  3.6316  4.277    0  0.000  0.545     0.00     0.00     0.00     0.00     0.00 -1 -3.07e-14      0.00 7.489e-01 2.501e-01 1.769e-04 4.773e-05 4.329e-04 -1.000 9.840e-04 6.260 10.534 14.260 12.115 9.516 8.689 8.490 8.114 7.777 6.940 6.793 6.538 6.376 6.094 6.019 5.644 5.620 5.358
0.00097797 -1.20000 6.80000 0.6000000238 2.3211213258    0.600 -0.567  3.6366  4.281    0  0.000  0.545     0.00     0.00     0.00     0.00     0.00 -1 -3.22e-14      0.00 7.489e-01 2.501e-01 1.769e-04 4.773e-05 4.329e-04 -1.000 9.840e-04 6.187 10.441 14.046 11.856 9.328 8.508 8.341 7.975 7.647 6.832 6.689 6.441 6.282 6.007 5.934 5.568 5.546 5.290
0.00097797 -1.20000 6.80000 0.6123708487 2.3293114960    0.612 -0.551  3.6396  4.286    0  0.000  0.545     0.00     0.00     0.00     0.00     0.00 -1 -3.29e-14      0.00 7.489e-01 2.501e-01 1.769e-04 4.773e-05 4.329e-04 -1.000 9.840e-04 6.146 10.388 13.922 11.706 9.220 8.405 8.256 7.896 7.572 6.770 6.629 6.386 6.229 5.958 5.887 5.526 5.504 5.252
0.00097797 -1.20000 6.80000 0.6487951875 2.3513545938    0.649 -0.494  3.6488  4.291    0  0.000  0.545     0.00     0.00     0.00     0.00     0.00 -1 -3.62e-14      0.00 7.489e-01 2.501e-01 1.769e-04 4.773e-05 4.329e-04 -1.000 9.840e-04 6.006 10.207 13.593 11.264 8.863 8.062 7.971 7.635 7.326 6.566 6.432 6.202 6.050 5.792 5.725 5.380 5.359 5.119
0.00097797 -1.20000 6.80000 0.6499999762 2.3520353107    0.650 -0.494  3.6490  4.293    0  0.000  0.545     0.00     0.00     0.00     0.00     0.00 -1 -3.61e-14      0.00 7.489e-01 2.501e-01 1.769e-04 4.773e-05 4.329e-04 -1.000 9.840e-04 6.004 10.205 13.586 11.255 8.856 8.056 7.966 7.631 7.322 6.563 6.429 6.199 6.047 5.789 5.723 5.378 5.358 5.118
0.00097797 -1.20000 6.80000 0.6999999881 2.3779266974    0.700 -0.411  3.6629  4.298    0  0.000  0.545     0.00     0.00     0.00     0.00     0.00 -1 -4.18e-14      0.00 7.489e-01 2.501e-01 1.769e-04 4.773e-05 4.329e-04 -1.000 9.841e-04 5.799 9.934 12.870 10.489 8.320 7.560 7.553 7.261 6.969 6.270 6.144 5.934 5.791 5.550 5.489 5.166 5.147 4.926
0.00097797 -1.20000 6.80000 0.7303921580 2.3916880692    0.730 -0.354  3.6766  4.314    0  0.000  0.540     0.00     0.00     0.00     0.00     0.00 -1 -4.58e-14      0.00 7.489e-01 2.501e-01 1.755e-04 4.769e-05 4.330e-04 -1.000 9.840e-04 5.655 9.720 11.944 9.736 7.864 7.160 7.225 6.980 6.701 6.053 5.933 5.740 5.607 5.380 5.323 5.019 5.002 4.796
0.00097797 -1.20000 6.80000 0.7500000000 2.3998889087    0.750 -0.315  3.6852  4.321    0  0.000  0.537     0.00     0.00     0.00     0.00     0.00 -1 -4.92e-14      0.00 7.489e-01 2.501e-01 1.745e-04 4.767e-05 4.330e-04 -1.000 9.840e-04 5.557 9.576 11.473 9.332 7.583 6.910 7.018 6.803 6.533 5.914 5.797 5.614 5.487 5.267 5.212 4.918 4.902 4.706
0.00097797 -1.20000 6.80000 0.7958424091 2.4172616961    0.796 -0.237  3.6968  4.315    0  0.000  0.537     0.00     0.00     0.00     0.00     0.00 -1 -5.74e-14      0.00 7.489e-01 2.501e-01 1.745e-04 4.767e-05 4.330e-04 -1.000 9.840e-04 5.363 9.314 10.731 8.745 7.152 6.522 6.686 6.513 6.253 5.671 5.558 5.387 5.267 5.057 5.006 4.725 4.710 4.526
0.00097797 -1.20000 6.80000 0.8000000119 2.4187244405    0.800 -0.230  3.6980  4.315    0  0.000  0.537     0.00     0.00     0.00     0.00     0.00 -1 -5.82e-14      0.00 7.489e-01 2.501e-01 1.745e-04 4.767e-05 4.330e-04 -1.000 9.840e-04 5.345 9.289 10.652 8.688 7.112 6.486 6.655 6.485 6.227 5.648 5.536 5.366 5.247 5.037 4.986 4.707 4.692 4.509
0.00097797 -1.20000 6.80000 0.8203334212 2.4256332836    0.820 -0.199  3.7030  4.315    0  0.000  0.537     0.00     0.00     0.00     0.00     0.00 -1 -6.16e-14      0.00 7.489e-01 2.501e-01 1.745e-04 4.767e-05 4.330e-04 -1.000 9.841e-04 5.268 9.179 10.305 8.444 6.939 6.332 6.524 6.371 6.118 5.554 5.444 5.278 5.162 4.956 4.907 4.632 4.619 4.441
0.00097797 -1.20000 6.80000 0.8500000238 2.4350346840    0.850 -0.147  3.7115  4.312    0  0.000  0.537     0.00     0.00     0.00     0.00     0.00 -1 -6.82e-14      0.00 7.489e-01 2.501e-01 1.745e-04 4.767e-05 4.330e-04 -1.000 9.840e-04 5.136 8.986 9.739 8.047 6.654 6.077 6.305 6.178 5.934 5.395 5.287 5.129 5.017 4.818 4.771 4.505 4.492 4.323
0.00097797 -1.20000 6.80000 0.8570885658 2.4371705606    0.857 -0.134  3.7134  4.311    0  0.000  0.537     0.00     0.00     0.00     0.00     0.00 -1    -7e-14      0.00 7.489e-01 2.501e-01 1.745e-04 4.767e-05 4.330e-04 -1.000 9.840e-04 5.105 8.940 9.616 7.961 6.590 6.020 6.255 6.134 5.892 5.358 5.251 5.095 4.984 4.786 4.739 4.476 4.463 4.295
0.00097797 -1.20000 6.80000 0.8999999762 2.4492786016    0.899 -0.051  3.7261  4.299    0  0.000  0.537     0.00     0.00     0.00     0.00     0.00 -1  -8.4e-14      0.00 7.489e-01 2.501e-01 1.745e-04 4.767e-05 4.330e-04 -1.000 9.840e-04 4.896 8.622 8.833 7.397 6.173 5.645 5.927 5.841 5.615 5.116 5.013 4.867 4.762 4.573 4.529 4.279 4.267 4.112
0.00097797 -1.20000 6.80000 0.9117324352 2.4523617504    0.911 -0.028  3.7294  4.295    0  0.000  0.537     0.00     0.00     0.00     0.00     0.00 -1 -8.82e-14      0.00 7.489e-01 2.501e-01 1.745e-04 4.767e-05 4.330e-04 -1.000 9.840e-04 4.840 8.535 8.634 7.250 6.063 5.547 5.840 5.762 5.541 5.051 4.950 4.806 4.702 4.516 4.473 4.226 4.215 4.062
0.00097797 -1.20000 6.80000 0.9499999881 2.4618121868    0.950  0.050  3.7405  4.279    0  0.000  0.537     0.00     0.00     0.00     0.00     0.00 -1 -1.05e-13      0.00 7.489e-01 2.501e-01 1.745e-04 4.767e-05 4.330e-04 -1.000 9.840e-04 4.645 8.225 8.017 6.782 5.710 5.230 5.554 5.503 5.295 4.835 4.737 4.601 4.501 4.323 4.282 4.045 4.035 3.892
0.00097797 -1.20000 6.80000 0.9841087461 2.4695270721    0.984  0.123  3.7502  4.261    0  0.000  0.537     0.00     0.00     0.00     0.00     0.00 -1 -1.24e-13      0.00 7.489e-01 2.501e-01 1.745e-04 4.767e-05 4.330e-04 -1.000 9.841e-04 4.463 7.916 7.466 6.359 5.400 4.955 5.299 5.267 5.071 4.636 4.543 4.413 4.319 4.148 4.108 3.882 3.872 3.739
0.00097797 -1.20000 6.80000 1.0000000000 2.4729154477    1.000  0.159  3.7548  4.251    0  0.000  0.537     0.00     0.00     0.00     0.00     0.00 -1 -1.35e-13      0.00 7.489e-01 2.501e-01 1.745e-04 4.767e-05 4.330e-04 -1.000 9.840e-04 4.373 7.758 7.216 6.162 5.253 4.825 5.176 5.152 4.961 4.540 4.448 4.322 4.229 4.062 4.024 3.801 3.793 3.663
0.00097797 -1.20000 6.80000 1.0280692577 2.4786071803    1.028  0.226  3.7628  4.227    0  0.000  0.537     0.00     0.00     0.00     0.00     0.00 -1 -1.54e-13      0.00 7.489e-01 2.501e-01 1.745e-04 4.767e-05 4.330e-04 -1.000 9.841e-04 4.204 7.461 6.778 5.814 4.988 4.589 4.950 4.940 4.760 4.360 4.272 4.151 4.062 3.901 3.864 3.650 3.642 3.520
0.00097797 -1.20000 6.80000 1.0499999523 2.4828114860    1.050  0.283  3.7692  4.205    0  0.000  0.537     0.00     0.00     0.00     0.00     0.00 -1 -1.72e-13      0.00 7.489e-01 2.501e-01 1.745e-04 4.767e-05 4.330e-04 -1.000 9.840e-04 4.063 7.204 6.435 5.539 4.775 4.399 4.766 4.765 4.593 4.211 4.125 4.009 3.923 3.767 3.731 3.524 3.516 3.399
0.00097797 -1.20000 6.80000 1.0883803368 2.4897026038    1.088  0.390  3.7806  4.159    0  0.000  0.537     0.00     0.00     0.00     0.00     0.00 -1 -2.14e-13      0.00 7.489e-01 2.501e-01 1.745e-04 4.767e-05 4.330e-04 -1.000 9.841e-04 3.795 6.716 5.845 5.058 4.396 4.060 4.429 4.440 4.283 3.932 3.850 3.742 3.661 3.513 3.480 3.284 3.278 3.170
0.00097797 -1.20000 6.80000 1.1000000238 2.4916801480    1.099  0.423  3.7842  4.145    0  0.000  0.537     0.00     0.00     0.00     0.00     0.00 -1 -2.29e-13      0.00 7.489e-01 2.501e-01 1.745e-04 4.767e-05 4.330e-04 -1.000 9.841e-04 3.712 6.562 5.677 4.919 4.284 3.960 4.327 4.341 4.188 3.845 3.766 3.660 3.580 3.436 3.403 3.211 3.204 3.100
0.00097797 -1.20000 6.80000 1.1221891642 2.4953259880    1.121  0.486  3.7913  4.118    0  0.000  0.537     0.00     0.00     0.00     0.00     0.00 -1  -2.6e-13      0.00 7.489e-01 2.501e-01 1.745e-04 4.767e-05 4.330e-04 -1.000 9.841e-04 3.554 6.268 5.359 4.657 4.075 3.773 4.133 4.150 4.006 3.681 3.604 3.503 3.426 3.287 3.256 3.071 3.065 2.967
0.00097797 -1.20000 6.80000 1.1499999762 2.4996678137    1.149  0.561  3.8008  4.092    0  0.000  0.537     0.00     0.00     0.00     0.00     0.00 -1    -3e-13      0.00 7.489e-01 2.501e-01 1.745e-04 4.767e-05 4.330e-04 -1.000 9.840e-04 3.367 5.902 4.983 4.349 3.829 3.556 3.901 3.921 3.787 3.485 3.412 3.318 3.244 3.113 3.084 2.908 2.903 2.813
0.00097797 -1.20000 6.80000 1.1670411825 2.5022110175    1.166  0.604  3.8070  4.081    0  0.000  0.537     0.00     0.00     0.00     0.00     0.00 -1 -3.23e-13      0.00 7.489e-01 2.501e-01 1.745e-04 4.767e-05 4.330e-04 -1.000 9.840e-04 3.260 5.683 4.769 4.175 3.692 3.436 3.767 3.787 3.660 3.371 3.301 3.211 3.140 3.014 2.986 2.816 2.812 2.726
0.00097797 -1.20000 6.80000 1.1945146322 2.5061359336    1.194  0.668  3.8183  4.072    0  0.000  0.538     0.00     0.00     0.00     0.00     0.00 -1 -3.55e-13      0.00 7.490e-01 2.500e-01 1.745e-04 4.767e-05 4.329e-04 -1.000 9.841e-04 3.100 5.337 4.440 3.909 3.485 3.257 3.562 3.582 3.465 3.200 3.135 3.052 2.986 2.869 2.843 2.684 2.681 2.604
0.00097797 -1.20000 6.80000 1.2000000477 2.5068948796    1.200  0.680  3.8209  4.072    0  0.000  0.538     0.00     0.00     0.00     0.00     0.00 -1  -3.6e-13      0.00 7.490e-01 2.500e-01 1.745e-04 4.767e-05 4.329e-04 -1.000 9.840e-04 3.070 5.268 4.375 3.856 3.445 3.223 3.522 3.542 3.427 3.167 3.103 3.022 2.957 2.841 2.816 2.660 2.657 2.582
0.00097797 -1.20000 6.80000 1.2121316195 2.5085453486    1.212  0.706  3.8268  4.074    0  0.000  0.538     0.00     0.00     0.00     0.00     0.00 -1 -3.71e-13      0.00 7.490e-01 2.500e-01 1.745e-04 4.767e-05 4.329e-04 -1.000 9.840e-04 3.004 5.113 4.232 3.741 3.357 3.149 3.435 3.453 3.344 3.095 3.034 2.956 2.893 2.783 2.758 2.608 2.605 2.536
0.00097797 -1.20000 6.80000 1.2394795418 2.5121300482    1.239  0.763  3.8425  4.090    0  0.000  0.538     0.00     0.00     0.00     0.00     0.00 -1 -3.88e-13      0.00 7.490e-01 2.500e-01 1.745e-04 4.767e-05 4.329e-04 -1.000 9.839e-04 2.862 4.754 3.914 3.489 3.171 2.997 3.241 3.254 3.159 2.939 2.883 2.816 2.759 2.662 2.640 2.507 2.504 2.447
0.00097797 -1.20000 6.80000 1.2500000000 2.5134610955    1.250  0.784  3.8496  4.101    0  0.000  0.538     0.00     0.00     0.00     0.00     0.00 -1 -3.92e-13      0.00 7.490e-01 2.500e-01 1.745e-04 4.767e-05 4.329e-04 -1.000 9.840e-04 2.810 4.610 3.789 3.393 3.102 2.942 3.168 3.178 3.088 2.880 2.827 2.765 2.711 2.619 2.599 2.473 2.471 2.419
0.00097797 -1.20000 6.80000 1.2621784210 2.5149700860    1.262  0.807  3.8591  4.120    0  0.000  0.538     0.00     0.00     0.00     0.00     0.00 -1 -3.91e-13      0.00 7.490e-01 2.500e-01 1.745e-04 4.767e-05 4.329e-04 -1.000 9.840e-04 2.752 4.432 3.640 3.279 3.024 2.883 3.082 3.088 3.005 2.814 2.765 2.708 2.659 2.575 2.556 2.441 2.439 2.394
0.00097797 -1.20000 6.80000 1.2810636759 2.5172449747    1.281  0.841  3.8752  4.157    0  0.000  0.538     0.00     0.00     0.00     0.00     0.00 -1 -3.85e-13      0.00 7.490e-01 2.500e-01 1.745e-04 4.767e-05 4.329e-04 -1.000 9.840e-04 2.668 4.158 3.421 3.116 2.913 2.802 2.957 2.954 2.884 2.719 2.676 2.630 2.588 2.518 2.502 2.404 2.403 2.369
0.00097797 -1.20000 6.80000 1.2999999523 2.5194498592    1.300  0.871  3.8914  4.198    0  0.000  0.538     0.00     0.00     0.00     0.00     0.00 -1 -3.74e-13      0.00 7.490e-01 2.500e-01 1.745e-04 4.767e-05 4.329e-04 -1.000 9.840e-04 2.591 3.894 3.218 2.968 2.813 2.731 2.843 2.832 2.774 2.635 2.598 2.563 2.528 2.472 2.459 2.379 2.378 2.355
0.00097797 -1.20000 6.80000 1.3058623075 2.5201175652    1.306  0.881  3.8965  4.211    0  0.000  0.538     0.00     0.00     0.00     0.00     0.00 -1  -3.7e-13      0.00 7.490e-01 2.500e-01 1.745e-04 4.767e-05 4.329e-04 -1.000 9.840e-04 2.569 3.812 3.160 2.925 2.784 2.709 2.810 2.797 2.742 2.611 2.577 2.545 2.512 2.460 2.448 2.373 2.373 2.352
0.00097797 -1.20000 6.80000 1.3104693890 2.5206374808    1.311  0.887  3.9003  4.221    0  0.000  0.538     0.00     0.00     0.00     0.00     0.00 -1 -3.65e-13      0.00 7.490e-01 2.500e-01 1.745e-04 4.767e-05 4.329e-04 -1.000 9.840e-04 2.552 3.751 3.116 2.894 2.763 2.694 2.786 2.771 2.719 2.594 2.561 2.532 2.500 2.452 2.441 2.370 2.370 2.351
0.00097797 -1.20000 6.80000 1.3147400618 2.5211156916    1.315  0.892  3.9036  4.231    0  0.000  0.538     0.00     0.00     0.00     0.00     0.00 -1 -3.61e-13      0.00 7.490e-01 2.500e-01 1.745e-04 4.767e-05 4.329e-04 -1.000 9.839e-04 2.539 3.696 3.081 2.869 2.745 2.681 2.767 2.750 2.701 2.581 2.550 2.523 2.493 2.447 2.436 2.369 2.368 2.352
0.00097797 -1.20000 6.80000 1.3347719908 2.5233118888    1.335  0.916  3.9184  4.273    0  0.000  0.538     0.00     0.00     0.00     0.00     0.00 -1 -3.42e-13      0.00 7.490e-01 2.500e-01 1.745e-04 4.767e-05 4.329e-04 -1.000 9.840e-04 2.481 3.440 2.926 2.759 2.669 2.625 2.685 2.663 2.626 2.530 2.505 2.487 2.463 2.430 2.421 2.368 2.369 2.359
0.00097797 -1.20000 6.80000 1.3500000238 2.5249313598    1.350  0.930  3.9286  4.305    0  0.000  0.538     0.00     0.00     0.00     0.00     0.00 -1 -3.26e-13      0.00 7.490e-01 2.500e-01 1.745e-04 4.767e-05 4.329e-04 -1.000 9.840e-04 2.445 3.256 2.829 2.691 2.622 2.590 2.639 2.614 2.585 2.506 2.485 2.472 2.453 2.427 2.420 2.376 2.377 2.372
0.00097797 -1.20000 6.80000 1.3575345278 2.5257172057    1.358  0.937  3.9336  4.320    0  0.000  0.538     0.00     0.00     0.00     0.00     0.00 -1 -3.17e-13      0.00 7.490e-01 2.500e-01 1.745e-04 4.767e-05 4.329e-04 -1.000 9.840e-04 2.427 3.163 2.784 2.659 2.599 2.573 2.621 2.594 2.569 2.497 2.478 2.468 2.451 2.428 2.422 2.382 2.383 2.380
0.00097797 -1.20000 6.80000 1.3940769434 2.5293903883    1.394  0.962  3.9534  4.386    0  0.000  0.538     0.00     0.00     0.00     0.00     0.00 -1 -2.75e-13      0.00 7.490e-01 2.500e-01 1.745e-04 4.767e-05 4.329e-04 -1.000 9.840e-04 2.365 2.825 2.616 2.536 2.511 2.508 2.567 2.543 2.528 2.483 2.471 2.468 2.458 2.447 2.442 2.418 2.419 2.425
0.00097797 -1.20000 6.80000 1.3999999762 2.5299650300    1.400  0.966  3.9565  4.397    0  0.000  0.538     0.00     0.00     0.00     0.00     0.00 -1 -2.69e-13      0.00 7.490e-01 2.500e-01 1.745e-04 4.767e-05 4.329e-04 -1.000 9.840e-04 2.356 2.777 2.590 2.517 2.497 2.497 2.561 2.538 2.525 2.483 2.471 2.470 2.461 2.451 2.447 2.424 2.425 2.433
0.00097797 -1.20000 6.80000 1.4000438452 2.5299692652    1.400  0.966  3.9565  4.397    0  0.000  0.538     0.00     0.00     0.00     0.00     0.00 -1 -2.69e-13      0.00 7.490e-01 2.500e-01 1.745e-04 4.767e-05 4.329e-04 -1.000 9.840e-04 2.356 2.777 2.590 2.517 2.497 2.497 2.561 2.538 2.525 2.483 2.471 2.470 2.461 2.451 2.447 2.424 2.425 2.433
0.00097797 -1.20000 6.80000 1.4500000477 2.5346015836    1.450  0.994  3.9774  4.468    0  0.000  0.538     0.00     0.00     0.00     0.00     0.00 -1 -2.17e-13      0.00 7.490e-01 2.500e-01 1.745e-04 4.767e-05 4.329e-04 -1.000 9.840e-04 2.286 2.487 2.414 2.376 2.393 2.419 2.521 2.509 2.503 2.483 2.477 2.481 2.477 2.477 2.474 2.465 2.466 2.483
0.00097797 -1.20000 6.80000 1.4561331272 2.5351451518    1.456  0.997  3.9798  4.475    0  0.000  0.538     0.00     0.00     0.00     0.00     0.00 -1  -2.1e-13      0.00 7.490e-01 2.500e-01 1.745e-04 4.767e-05 4.329e-04 -1.000 9.840e-04 2.277 2.456 2.393 2.359 2.380 2.409 2.516 2.506 2.500 2.483 2.477 2.482 2.478 2.479 2.477 2.468 2.470 2.488
0.00097797 -1.20000 6.80000 1.5000000000 2.5388844597    1.500  1.029  3.9935  4.512    0  0.000  0.538     0.00     0.00     0.00     0.00     0.00 -1 -1.76e-13      0.00 7.490e-01 2.500e-01 1.745e-04 4.767e-05 4.329e-04 -1.000 9.840e-04 2.198 2.268 2.252 2.237 2.280 2.324 2.467 2.467 2.465 2.460 2.457 2.464 2.464 2.468 2.467 2.466 2.468 2.491
0.00097797 -1.20000 6.80000 1.5499999523 2.5428511323    1.550  1.067  4.0077  4.544    0  0.000  0.538     0.00     0.00     0.00     0.00     0.00 -1 -1.37e-13      0.00 7.490e-01 2.500e-01 1.745e-04 4.766e-05 4.329e-04 -1.000 9.839e-04 2.102 2.078 2.097 2.100 2.163 2.222 2.406 2.419 2.419 2.427 2.427 2.436 2.438 2.446 2.446 2.450 2.452 2.480
0.00097797 -1.20000 6.80000 1.5913945436 2.5459191371    1.591  1.097  4.0189  4.571    0  0.000  0.538     0.00     0.00     0.00     0.00     0.00 -1 -9.93e-14      0.00 7.490e-01 2.500e-01 1.745e-04 4.766e-05 4.329e-04 -1.000 9.840e-04 2.029 1.941 1.982 1.998 2.076 2.147 2.366 2.389 2.391 2.408 2.410 2.420 2.423 2.434 2.434 2.442 2.445 2.477
0.00097797 -1.20000 6.80000 1.6000000238 2.5465340628    1.600  1.102  4.0212  4.577    0  0.000  0.538     0.00     0.00     0.00     0.00     0.00 -1 -9.29e-14      0.00 7.490e-01 2.500e-01 1.745e-04 4.766e-05 4.329e-04 -1.000 9.840e-04 2.015 1.915 1.959 1.978 2.060 2.133 2.359 2.385 2.387 2.406 2.408 2.418 2.421 2.432 2.433 2.442 2.445 2.478
0.00097797 -1.20000 6.80000 1.6237496138 2.5481923267    1.623  1.119  4.0269  4.589    0  0.000  0.538     0.00     0.00     0.00     0.00     0.00 -1 -6.89e-22      0.00 7.490e-01 2.500e-01 1.745e-04 4.766e-05 4.329e-04 -1.000 9.839e-04 1.973 1.845 1.898 1.924 2.012 2.091 2.336 2.367 2.370 2.392 2.395 2.406 2.410 2.422 2.423 2.434 2.437 2.472
0.00097797 -1.20000 6.80000 1.6499999762 2.5499614773    1.649  1.142  4.0327  4.596    0  0.000  0.538     0.00     0.00     0.00     0.00     0.00 -1    -1e-30      0.00 7.490e-01 2.500e-01 1.745e-04 4.766e-05 4.329e-04 -1.000 9.840e-04 1.915 1.761 1.822 1.855 1.950 2.035 2.297 2.334 2.338 2.365 2.368 2.379 2.384 2.397 2.399 2.411 2.415 2.451
0.00097797 -1.20000 6.80000 1.7000000477 2.5531580802    1.699  1.188  4.0433  4.606    0  0.000  0.538     0.00     0.00     0.00     0.00     0.00 -1    -1e-30      0.00 7.490e-01 2.500e-01 1.745e-04 4.766e-05 4.329e-04 -1.000 9.839e-04 1.801 1.601 1.677 1.721 1.829 1.924 2.220 2.267 2.271 2.306 2.311 2.322 2.328 2.343 2.346 2.361 2.365 2.405
0.00097797 -1.20000 6.80000 1.7500000000 2.5561455243    1.749  1.228  4.0530  4.617    0  0.000  0.538     0.00     0.00     0.00     0.00     0.00 -1    -1e-30      0.00 7.490e-01 2.500e-01 1.745e-04 4.766e-05 4.329e-04 -1.000 9.840e-04 1.700 1.463 1.550 1.605 1.725 1.828 2.155 2.211 2.216 2.257 2.263 2.275 2.282 2.299 2.302 2.320 2.324 2.367
0.00097797 -1.20000 6.80000 1.7666156292 2.5570953426    1.766  1.242  4.0561  4.619    0  0.000  0.538     0.00     0.00     0.00     0.00     0.00 -1    -1e-30      0.00 7.490e-01 2.500e-01 1.745e-04 4.766e-05 4.329e-04 -1.000 9.840e-04 1.664 1.415 1.507 1.565 1.688 1.794 2.131 2.190 2.195 2.238 2.245 2.257 2.265 2.282 2.285 2.304 2.308 2.352
0.00097797 -1.20000 6.80000 1.7999999523 2.5589429085    1.799  1.275  4.0632  4.623    0  0.000  0.538     0.00     0.00     0.00     0.00     0.00 -1    -1e-30      0.00 7.491e-01 2.500e-01 1.745e-04 4.766e-05 4.329e-04 -1.000 9.839e-04 1.583 1.309 1.408 1.474 1.604 1.717 2.077 2.142 2.148 2.195 2.202 2.215 2.223 2.241 2.244 2.266 2.270 2.317
0.00097797 -1.20000 6.80000 1.8500000238 2.5615671203    1.849  1.320  4.0729  4.628    0  0.000  0.538     0.00     0.00     0.00     0.00     0.00 -1    -1e-30      0.00 7.491e-01 2.500e-01 1.745e-04 4.766e-05 4.329e-04 -1.000 9.840e-04 1.469 1.164 1.274 1.349 1.489 1.610 2.001 2.076 2.082 2.134 2.143 2.156 2.165 2.185 2.188 2.212 2.217 2.267
0.00097797 -1.20000 6.80000 1.8999999762 2.5640331260    1.899  1.366  4.0826  4.633    0  0.000  0.538     0.00     0.00     0.00     0.00     0.00 -1    -1e-30      0.00 7.491e-01 2.499e-01 1.745e-04 4.766e-05 4.329e-04 -1.000 9.840e-04 1.355 1.022 1.141 1.226 1.376 1.505 1.928 2.010 2.017 2.075 2.084 2.098 2.108 2.128 2.133 2.159 2.164 2.217
0.00097797 -1.20000 6.80000 1.9500000477 2.5663542714    1.950  1.410  4.0918  4.638    0  0.000  0.538     0.00     0.00     0.00     0.00     0.00 -1    -1e-30      0.00 7.491e-01 2.499e-01 1.745e-04 4.766e-05 4.329e-04 -1.000 9.840e-04 1.246 0.887 1.016 1.109 1.268 1.404 1.857 1.947 1.955 2.017 2.027 2.042 2.052 2.074 2.078 2.107 2.112 2.169
0.00097797 -1.20000 6.80000 2.0000000000 2.5685424513    2.000  1.451  4.1005  4.642    0  0.000  0.538     0.00     0.00     0.00     0.00     0.00 -1    -1e-30      0.00 7.491e-01 2.499e-01 1.745e-04 4.766e-05 4.329e-04 -1.000 9.839e-04 1.142 0.762 0.898 1.000 1.166 1.309 1.789 1.887 1.895 1.961 1.973 1.987 1.999 2.021 2.026 2.057 2.063 2.123
0.00097797 -1.20000 6.80000 2.0499999523 2.5706083333    2.050  1.492  4.1087  4.645    0  0.000  0.538     0.00     0.00     0.00     0.00     0.00 -1    -1e-30      0.00 7.491e-01 2.499e-01 1.745e-04 4.765e-05 4.329e-04 -1.000 9.839e-04 1.041 0.642 0.786 0.895 1.069 1.218 1.724 1.829 1.837 1.907 1.920 1.934 1.946 1.970 1.975 2.008 2.014 2.077
0.00097797 -1.20000 6.80000 2.0999999046 2.5725614918    2.099  1.531  4.1166  4.648    0  0.000  0.538     0.00     0.00     0.00     0.00     0.00 -1    -1e-30      0.00 7.491e-01 2.499e-01 1.745e-04 4.765e-05 4.329e-04 -1.000 9.839e-04 0.943 0.529 0.680 0.796 0.976 1.131 1.662 1.773 1.781 1.855 1.868 1.883 1.896 1.920 1.926 1.960 1.966 2.032
0.00097797 -1.20000 6.80000 2.1500000954 2.5744105556    2.149  1.569  4.1244  4.650    0  0.000  0.538     0.00     0.00     0.00     0.00     0.00 -1    -1e-30      0.00 7.491e-01 2.499e-01 1.745e-04 4.765e-05 4.328e-04 -1.000 9.840e-04 0.846 0.418 0.576 0.698 0.885 1.046 1.600 1.717 1.726 1.803 1.816 1.832 1.845 1.871 1.876 1.913 1.919 1.988
0.00097797 -1.20000 6.80000 2.2000000477 2.5761632879    2.199  1.606  4.1316  4.652    0  0.000  0.538     0.00     0.00     0.00     0.00     0.00 -1    -1e-30      0.00 7.491e-01 2.499e-01 1.745e-04 4.765e-05 4.328e-04 -1.000 9.839e-04 0.755 0.313 0.478 0.606 0.799 0.965 1.541 1.663 1.673 1.752 1.767 1.782 1.796 1.822 1.828 1.866 1.873 1.945
0.00097797 -1.20000 6.80000 2.2500000000 2.5778267375    2.249  1.642  4.1386  4.654    0  0.000  0.538     0.00     0.00     0.00     0.00     0.00 -1    -1e-30      0.00 7.491e-01 2.499e-01 1.745e-04 4.765e-05 4.328e-04 -1.000 9.840e-04 0.664 0.211 0.382 0.516 0.715 0.886 1.482 1.610 1.620 1.702 1.717 1.734 1.748 1.775 1.781 1.821 1.828 1.902
0.00097797 -1.20000 6.80000 2.2999999523 2.5794072884    2.299  1.677  4.1453  4.655    0  0.000  0.538     0.00     0.00     0.00     0.00     0.00 -1    -1e-30      0.00 7.491e-01 2.499e-01 1.745e-04 4.765e-05 4.328e-04 -1.000 9.840e-04 0.577 0.113 0.290 0.429 0.634 0.810 1.425 1.558 1.568 1.653 1.669 1.686 1.700 1.728 1.735 1.776 1.783 1.860
0.00097797 -1.20000 6.80000 2.3499999046 2.5809107422    2.349  1.712  4.1519  4.657    0  0.000  0.537     0.00     0.00     0.00     0.00     0.00 -1    -1e-30      0.00 7.489e-01 2.501e-01 1.745e-04 4.767e-05 4.330e-04 -1.000 9.840e-04 0.491 0.018 0.201 0.345 0.555 0.736 1.369 1.507 1.518 1.606 1.622 1.639 1.654 1.683 1.689 1.732 1.740 1.819
0.00097797 -1.20000 6.80000 2.4000000954 2.5823423892    2.399  1.745  4.1580  4.657    0  0.000  0.537     0.00     0.00     0.00     0.00     0.00 -1    -1e-30      0.00 7.489e-01 2.501e-01 1.745e-04 4.767e-05 4.330e-04 -1.000 9.840e-04 0.407 -0.073 0.116 0.264 0.480 0.665 1.315 1.457 1.468 1.559 1.575 1.593 1.608 1.638 1.644 1.688 1.696 1.777
0.00097797 -1.20000 6.80000 2.5999999046 2.5874412955    2.600  1.871  4.1804  4.656    0  0.000  0.538     0.00     0.00     0.00     0.00     0.00 -1    -1e-30      0.00 7.490e-01 2.500e-01 1.747e-04 4.771e-05 4.333e-04 -1.000 9.840e-04 0.093 -0.411 -0.202 -0.037 0.197 0.398 1.106 1.265 1.277 1.376 1.395 1.413 1.431 1.462 1.470 1.519 1.527 1.616
0.00097797 -1.20000 6.80000 2.8000001907 2.5917117867    2.800  1.987  4.1997  4.649    0  0.000  0.538     0.00     0.00     0.00     0.00     0.00 -1    -1e-30      0.00 7.490e-01 2.500e-01 1.747e-04 4.771e-05 4.333e-04 -1.000 9.840e-04 -0.197 -0.714 -0.488 -0.309 -0.060 0.155 0.908 1.081 1.093 1.201 1.221 1.240 1.259 1.293 1.301 1.354 1.363 1.458
0.00097797 -1.20000 6.80000 3.0000000000 2.5953341962    3.000  2.093  4.2157  4.637    1  0.000  0.538     0.00     0.00     0.00     0.00     0.00 -1    -1e-30      0.00 7.490e-01 2.500e-01 1.747e-04 4.771e-05 4.333e-04 -1.000 9.840e-04 -0.462 -0.986 -0.746 -0.556 -0.294 -0.069 0.719 0.904 0.917 1.031 1.052 1.072 1.093 1.128 1.137 1.193 1.203 1.302
0.00097797 -1.20000 6.80000 3.2000000477 2.5984409005    3.199  2.192  4.2327  4.634    1  0.000  0.538     0.00     0.00     0.00     0.00     0.00 -1    -1e-30      0.00 7.490e-01 2.500e-01 1.747e-04 4.771e-05 4.333e-04 -1.000 9.839e-04 -0.710 -1.239 -0.984 -0.783 -0.508 -0.271 0.553 0.749 0.763 0.884 0.907 0.928 0.949 0.987 0.996 1.055 1.065 1.170
0.00097797 -1.20000 6.80000 3.4000000954 2.6011310876    3.398  2.284  4.2466  4.623    1  0.000  0.538     0.00     0.00     0.00     0.00     0.00 -1    -1e-30      0.00 7.490e-01 2.500e-01 1.747e-04 4.771e-05 4.333e-04 -1.000 9.840e-04 -0.940 -1.469 -1.203 -0.992 -0.707 -0.461 0.390 0.596 0.610 0.736 0.761 0.782 0.805 0.844 0.853 0.916 0.926 1.035
0.00097797 -1.20000 6.80000 3.5999999046 2.6034804580    3.598  2.371  4.2601  4.616    1  0.000  0.538     0.00     0.00     0.00     0.00     0.00 -1    -1e-30      0.00 7.490e-01 2.500e-01 1.747e-04 4.771e-05 4.333e-04 -1.000 9.840e-04 -1.156 -1.685 -1.407 -1.187 -0.893 -0.638 0.240 0.455 0.470 0.601 0.626 0.649 0.672 0.713 0.723 0.788 0.799 0.911
0.00097797 -1.20000 6.80000 3.8000001907 2.6055477311    3.798  2.452  4.2723  4.607    1  0.000  0.538     0.00     0.00     0.00     0.00     0.00 -1    -1e-30      0.00 7.490e-01 2.500e-01 1.747e-04 4.771e-05 4.333e-04 -1.000 9.840e-04 -1.360 -1.886 -1.598 -1.371 -1.068 -0.806 0.095 0.318 0.333 0.469 0.496 0.519 0.543 0.585 0.595 0.663 0.674 0.789
0.00097797 -1.20000 6.80000 4.0000000000 2.6073790840    4.001  2.529  4.2848  4.602    1  0.000  0.538     0.00     0.00     0.00     0.00     0.00 -1    -1e-30      0.00 7.490e-01 2.500e-01 1.747e-04 4.771e-05 4.333e-04 -1.000 9.839e-04 -1.553 -2.076 -1.777 -1.543 -1.232 -0.962 -0.038 0.193 0.209 0.350 0.377 0.401 0.426 0.469 0.480 0.550 0.561 0.680
0.00097797 -1.20000 6.80000 4.1999998093 2.6090113217    4.198  2.602  4.2954  4.592    1  0.000  0.538     0.00     0.00     0.00     0.00     0.00 -1    -1e-30      0.00 7.490e-01 2.500e-01 1.747e-04 4.771e-05 4.333e-04 -1.000 9.840e-04 -1.735 -2.254 -1.946 -1.706 -1.388 -1.112 -0.169 0.069 0.086 0.230 0.259 0.283 0.309 0.353 0.364 0.436 0.448 0.569
0.00097797 -1.20000 6.80000 4.4000000954 2.6104741055    4.397  2.671  4.3060  4.586    1  0.000  0.538     0.00     0.00     0.00     0.00     0.00 -1    -1e-30      0.00 7.490e-01 2.500e-01 1.747e-04 4.771e-05 4.333e-04 -1.000 9.840e-04 -1.908 -2.422 -2.105 -1.859 -1.535 -1.252 -0.291 -0.046 -0.029 0.120 0.149 0.174 0.201 0.246 0.257 0.331 0.343 0.467
0.00097797 -1.20000 6.80000 4.5999999046 2.6117915791    4.597  2.737  4.3152  4.576    1  0.000  0.538     0.00     0.00     0.00     0.00     0.00 -1    -1e-30      0.00 7.490e-01 2.500e-01 1.747e-04 4.771e-05 4.333e-04 -1.000 9.840e-04 -2.073 -2.582 -2.257 -2.005 -1.676 -1.388 -0.411 -0.160 -0.143 0.010 0.040 0.064 0.092 0.138 0.150 0.225 0.238 0.364
0.00097797 -1.20000 6.80000 4.8000001907 2.6129836005    4.798  2.800  4.3247  4.570    1  0.000  0.538     0.00     0.00     0.00     0.00     0.00 -1    -1e-30      0.00 7.490e-01 2.500e-01 1.747e-04 4.771e-05 4.333e-04 -1.000 9.840e-04 -2.230 -2.734 -2.401 -2.144 -1.809 -1.516 -0.524 -0.266 -0.248 -0.092 -0.062 -0.037 -0.008 0.039 0.051 0.128 0.141 0.270
0.00097797 -1.20000 6.80000 4.9807825089 2.6139668939    4.980  2.855  4.3329  4.564    1  0.000  0.538     0.00     0.00     0.00     0.00     0.00 -1    -1e-30      0.00 7.490e-01 2.500e-01 1.747e-04 4.771e-05 4.333e-04 -1.000 9.840e-04 -2.367 -2.865 -2.526 -2.264 -1.925 -1.627 -0.621 -0.358 -0.340 -0.181 -0.150 -0.124 -0.095 -0.047 -0.035 0.043 0.056 0.187
0.00097797 -1.20000 6.80000 5.0000000000 2.6140666223    4.999  2.860  4.3337  4.563    1  0.000  0.538     0.00     0.00     0.00     0.00     0.00 -1    -1e-30      0.00 7.490e-01 2.500e-01 1.747e-04 4.771e-05 4.333e-04 -1.000 9.839e-04 -2.381 -2.879 -2.539 -2.277 -1.937 -1.639 -0.631 -0.368 -0.350 -0.190 -0.159 -0.134 -0.104 -0.056 -0.045 0.035 0.047 0.179
0.00097797 -1.20000 6.80000 5.1648049355 2.6148869466    5.164  2.908  4.3408  4.558    1  0.000  0.538     0.00     0.00     0.00     0.00     0.00 -1    -1e-30      0.00 7.490e-01 2.500e-01 1.747e-04 4.771e-05 4.333e-04 -1.000 9.840e-04 -2.500 -2.994 -2.647 -2.381 -2.037 -1.735 -0.717 -0.449 -0.430 -0.268 -0.237 -0.211 -0.181 -0.132 -0.120 -0.040 -0.027 0.106
0.00097797 -1.20000 6.80000 5.3296103477 2.6156492042    5.329  2.954  4.3475  4.553    1  0.000  0.538     0.00     0.00     0.00     0.00     0.00 -1    -1e-30      0.00 7.490e-01 2.500e-01 1.747e-04 4.771e-05 4.333e-04 -1.000 9.840e-04 -2.614 -3.104 -2.752 -2.482 -2.134 -1.828 -0.799 -0.527 -0.508 -0.344 -0.312 -0.285 -0.255 -0.206 -0.193 -0.112 -0.099 0.036
0.00097797 -1.20000 6.80000 5.3689827919 2.6158233637    5.368  2.964  4.3491  4.552    1  0.000  0.538     0.00     0.00     0.00     0.00     0.00 -1    -1e-30      0.00 7.490e-01 2.500e-01 1.747e-04 4.771e-05 4.333e-04 -1.000 9.840e-04 -2.641 -3.129 -2.776 -2.505 -2.156 -1.850 -0.818 -0.545 -0.527 -0.361 -0.329 -0.303 -0.272 -0.223 -0.211 -0.129 -0.115 0.020
0.00097797 -1.20000 6.80000 5.4944152832 2.6163591122    5.493  2.998  4.3540  4.548    1  0.000  0.538     0.00     0.00     0.00     0.00     0.00 -1    -1e-30      0.00 7.490e-01 2.500e-01 1.747e-04 4.771e-05 4.333e-04 -1.000 9.840e-04 -2.724 -3.209 -2.852 -2.578 -2.227 -1.918 -0.879 -0.602 -0.584 -0.417 -0.384 -0.357 -0.327 -0.276 -0.264 -0.181 -0.168 -0.032
0.00097797 -1.20000 6.80000 5.6592206955 2.6170216830    5.657  3.040  4.3603  4.543    1  0.000  0.538     0.00     0.00     0.00     0.00     0.00 -1    -1e-30      0.00 7.490e-01 2.500e-01 1.747e-04 4.771e-05 4.333e-04 -1.000 9.840e-04 -2.831 -3.312 -2.949 -2.672 -2.317 -2.005 -0.956 -0.676 -0.657 -0.488 -0.454 -0.428 -0.396 -0.346 -0.333 -0.249 -0.236 -0.098
0.00097797 -1.20000 6.80000 5.8240256310 2.6176413144    5.824  3.083  4.3665  4.538    1  0.000  0.538     0.00     0.00     0.00     0.00     0.00 -1    -1e-30      0.00 7.490e-01 2.500e-01 1.747e-04 4.771e-05 4.333e-04 -1.000 9.839e-04 -2.938 -3.414 -3.047 -2.765 -2.407 -2.092 -1.034 -0.750 -0.731 -0.559 -0.525 -0.498 -0.467 -0.415 -0.402 -0.317 -0.304 -0.164
0.00097797 -1.20000 6.80000 5.9888305664 2.6182218911    5.989  3.124  4.3723  4.533    1  0.000  0.538     0.00     0.00     0.00     0.00     0.00 -1    -1e-30      0.00 7.490e-01 2.500e-01 1.747e-04 4.771e-05 4.333e-04 -1.000 9.840e-04 -3.039 -3.511 -3.139 -2.854 -2.493 -2.174 -1.108 -0.820 -0.801 -0.627 -0.593 -0.566 -0.533 -0.481 -0.469 -0.382 -0.369 -0.228
0.00097797 -1.20000 6.80000 6.1536355019 2.6187668507    6.151  3.162  4.3779  4.528    1  0.000  0.538     0.00     0.00     0.00     0.00     0.00 -1    -1e-30      0.00 7.490e-01 2.500e-01 1.747e-04 4.771e-05 4.333e-04 -1.000 9.840e-04 -3.136 -3.604 -3.227 -2.939 -2.575 -2.253 -1.179 -0.888 -0.868 -0.692 -0.658 -0.630 -0.597 -0.545 -0.532 -0.444 -0.431 -0.288
0.00097797 -1.20000 6.80000 6.1587958336 2.6187833736    6.156  3.164  4.3781  4.528    1  0.000  0.538     0.00     0.00     0.00     0.00     0.00 -1    -1e-30      0.00 7.490e-01 2.500e-01 1.747e-04 4.771e-05 4.333e-04 -1.000 9.841e-04 -3.139 -3.607 -3.230 -2.941 -2.577 -2.256 -1.181 -0.890 -0.870 -0.694 -0.660 -0.632 -0.599 -0.547 -0.534 -0.446 -0.433 -0.290
0.00097797 -1.20000 6.80000 6.6480503082 2.6202169436    6.639  3.273  4.3938  4.514    1  0.000  0.538     0.00     0.00     0.00     0.00     0.00 -1    -1e-30      0.00 7.490e-01 2.500e-01 1.747e-04 4.771e-05 4.333e-04 -1.000 9.840e-04 -3.414 -3.871 -3.481 -3.183 -2.810 -2.481 -1.384 -1.083 -1.063 -0.881 -0.846 -0.817 -0.784 -0.729 -0.716 -0.625 -0.611 -0.465
0.00097797 -1.20000 6.80000 7.2633352280 2.6217083599    7.246  3.399  4.4114  4.497    1  0.000  0.538     0.00     0.00     0.00     0.00     0.00 -1    -1e-30      0.00 7.490e-01 2.500e-01 1.747e-04 4.771e-05 4.333e-04 -1.000 9.840e-04 -3.728 -4.091 -3.732 -3.467 -3.106 -2.784 -1.719 -1.358 -1.345 -1.145 -1.108 -1.085 -1.052 -1.001 -0.988 -0.910 -0.896 -0.772
0.00097797 -1.20000 6.80000 7.4720759392 2.6221506253    7.452  3.440  4.4171  4.491    1  0.000  0.538     0.00     0.00     0.00     0.00     0.00 -1    -1e-30      0.00 7.490e-01 2.500e-01 1.747e-04 4.771e-05 4.333e-04 -1.000 9.840e-04 -3.830 -4.206 -3.850 -3.580 -3.215 -2.888 -1.812 -1.448 -1.435 -1.231 -1.195 -1.171 -1.138 -1.087 -1.074 -0.996 -0.983 -0.856
0.00097797 -1.20000 6.80000 8.1179389954 2.6233549287    8.092  3.558  4.4332  4.473    1  0.000  0.538     0.00     0.00     0.00     0.00     0.00 -1    -1e-30      0.00 7.490e-01 2.500e-01 1.747e-04 4.771e-05 4.333e-04 -1.000 9.839e-04 -4.125 -4.498 -4.148 -3.865 -3.490 -3.156 -2.053 -1.683 -1.668 -1.462 -1.424 -1.401 -1.367 -1.317 -1.304 -1.225 -1.211 -1.081
0.00097797 -1.20000 6.80000 8.2961015701 2.6236494280    8.269  3.589  4.4374  4.468    1  0.000  0.538     0.00     0.00     0.00     0.00     0.00 -1    -1e-30      0.00 7.490e-01 2.500e-01 1.747e-04 4.771e-05 4.333e-04 -1.000 9.839e-04 -4.202 -4.564 -4.215 -3.929 -3.553 -3.218 -2.109 -1.738 -1.724 -1.517 -1.480 -1.456 -1.423 -1.373 -1.359 -1.280 -1.266 -1.135
0.00097797 -1.20000 6.80000 8.3317356110 2.6237065948    8.303  3.595  4.4382  4.467    1  0.000  0.538     0.00     0.00     0.00     0.00     0.00 -1    -1e-30      0.00 7.490e-01 2.500e-01 1.747e-04 4.771e-05 4.333e-04 -1.000 9.840e-04 -4.217 -4.577 -4.227 -3.941 -3.565 -3.229 -2.119 -1.749 -1.734 -1.528 -1.490 -1.467 -1.433 -1.383 -1.370 -1.290 -1.276 -1.145
0.00097797 -1.20000 6.80000 9.1201267242 2.6248411529    9.061  3.719  4.4549  4.447    1  0.000  0.538     0.00     0.00     0.00     0.00     0.00 -1    -1e-30      0.00 7.490e-01 2.500e-01 1.747e-04 4.771e-05 4.333e-04 -1.000 9.840e-04 -4.528 -4.847 -4.484 -4.183 -3.801 -3.460 -2.335 -1.959 -1.944 -1.734 -1.697 -1.673 -1.640 -1.589 -1.575 -1.492 -1.478 -1.344
0.00097797 -1.20000 6.80000 9.6682853699 2.6255058529    9.639  3.809  4.4665  4.431    1  0.000  0.538     0.00     0.00     0.00     0.00     0.00 -1    -1e-30      0.00 7.490e-01 2.500e-01 1.747e-04 4.771e-05 4.333e-04 -1.000 9.839e-04 -4.753 -5.050 -4.653 -4.335 -3.947 -3.600 -2.473 -2.093 -2.076 -1.860 -1.820 -1.796 -1.762 -1.710 -1.695 -1.609 -1.595 -1.459
0.00097797 -1.20000 6.80000 9.9441518784 2.6258086724    9.931  3.853  4.4720  4.422    1  0.000  0.538     0.00     0.00     0.00     0.00     0.00 -1    -1e-30      0.00 7.490e-01 2.500e-01 1.747e-04 4.771e-05 4.333e-04 -1.000 9.840e-04 -4.862 -5.149 -4.736 -4.410 -4.019 -3.670 -2.542 -2.160 -2.142 -1.922 -1.882 -1.858 -1.823 -1.770 -1.755 -1.668 -1.654 -1.517
0.00097797 -1.20000 6.80000 10.1687717438 2.6260413329   10.156  3.885  4.4761  4.416    1  0.000  0.538     0.00     0.00     0.00     0.00     0.00 -1    -1e-30      0.00 7.490e-01 2.500e-01 1.747e-04 4.771e-05 4.333e-04 -1.000 9.839e-04 -4.942 -5.222 -4.800 -4.469 -4.076 -3.726 -2.596 -2.212 -2.194 -1.972 -1.932 -1.907 -1.872 -1.818 -1.803 -1.714 -1.700 -1.562
0.00097797 -1.20000 6.80000 10.7681760788 2.6266079221   10.757  3.967  4.4864  4.400    1  0.000  0.538     0.00     0.00     0.00     0.00     0.00 -1    -1e-30      0.00 7.490e-01 2.500e-01 1.747e-04 4.771e-05 4.333e-04 -1.000 9.839e-04 -5.148 -5.418 -4.996 -4.656 -4.257 -3.899 -2.758 -2.372 -2.352 -2.126 -2.085 -2.058 -2.022 -1.965 -1.949 -1.855 -1.841 -1.700
0.00097797 -1.20000 6.80000 11.1165065765 2.6269050935   11.103  4.012  4.4919  4.391    1  0.000  0.538     0.00     0.00     0.00     0.00     0.00 -1 -9.29e-30      0.00 7.490e-01 2.500e-01 1.748e-04 4.771e-05 4.333e-04 -1.000 9.840e-04 -5.260 -5.524 -5.102 -4.757 -4.355 -3.993 -2.846 -2.459 -2.439 -2.210 -2.168 -2.140 -2.102 -2.043 -2.027 -1.931 -1.916 -1.773
0.00097797 -1.20000 6.80000 11.7914867401 2.6274238896   11.771  4.095  4.5020  4.373    1  0.000  0.539     0.00     0.00     0.00     0.00     0.00 -1  -5.8e-28      0.00 7.490e-01 2.500e-01 1.750e-04 4.771e-05 4.333e-04 -1.000 9.839e-04 -5.469 -5.719 -5.298 -4.944 -4.535 -4.166 -3.010 -2.619 -2.598 -2.364 -2.320 -2.291 -2.252 -2.190 -2.173 -2.074 -2.059 -1.913
0.00097797 -1.20000 6.80000 12.4162273407 2.6278467245   12.390  4.170  4.5107  4.356    1  0.000  0.539     0.00     0.00     0.00     0.00     0.00 -1 -2.18e-26      0.00 7.490e-01 2.500e-01 1.752e-04 4.771e-05 4.332e-04 -1.000 9.839e-04 -5.654 -5.884 -5.462 -5.102 -4.688 -4.315 -3.148 -2.754 -2.732 -2.495 -2.450 -2.421 -2.382 -2.322 -2.306 -2.210 -2.195 -2.049
0.00097797 -1.20000 6.80000 12.9817028046 2.6281893730   12.959  4.235  4.5179  4.340    1  0.000  0.541     0.00     0.00     0.00     0.00     0.00 -1 -1.82e-20      0.00 7.490e-01 2.500e-01 1.758e-04 4.772e-05 4.331e-04 -1.000 9.839e-04 -5.817 -6.029 -5.606 -5.241 -4.824 -4.446 -3.271 -2.874 -2.851 -2.612 -2.567 -2.539 -2.499 -2.441 -2.426 -2.333 -2.318 -2.171
0.00097797 -1.20000 6.80000 13.5946702957 2.6285240211   13.575  4.303  4.5253  4.321    1  0.000  0.543     0.00     0.00     0.00     0.00     0.00 -1 -2.55e-14      0.00 7.490e-01 2.500e-01 1.764e-04 4.773e-05 4.330e-04 -1.000 9.840e-04 -5.987 -6.182 -5.758 -5.388 -4.968 -4.586 -3.402 -3.003 -2.980 -2.738 -2.693 -2.666 -2.626 -2.569 -2.555 -2.464 -2.449 -2.301
0.00097797 -1.20000 6.80000 14.0642776489 2.6287578349   14.048  4.354  4.5306  4.306    1  0.000  0.545     0.00     0.00     0.00     0.00     0.00 -1  -8.7e-10      0.00 7.489e-01 2.501e-01 1.769e-04 4.773e-05 4.329e-04 -1.000 9.840e-04 -6.114 -6.299 -5.875 -5.503 -5.082 -4.700 -3.509 -3.109 -3.086 -2.845 -2.800 -2.771 -2.731 -2.672 -2.657 -2.562 -2.547 -2.398
0.00097797 -1.20000 6.80000 14.3471393585 2.6288902061   14.328  4.382  4.5335  4.298    1  0.000  0.545     0.00     0.00     0.00     0.00     0.00 -1 -9.91e-10      0.00 7.489e-01 2.501e-01 1.769e-04 4.773e-05 4.329e-04 -1.000 9.840e-04 -6.184 -6.363 -5.939 -5.567 -5.145 -4.763 -3.568 -3.168 -3.145 -2.904 -2.859 -2.830 -2.789 -2.729 -2.714 -2.617 -2.602 -2.451
0.00097797 -1.20000 6.80000 15.2690858841 2.6292827777   15.239  4.470  4.5423  4.272    1  0.000  0.545     0.00     0.00     0.00     0.00     0.00 -1 -1.49e-09      0.00 7.489e-01 2.501e-01 1.769e-04 4.773e-05 4.329e-04 -1.000 9.841e-04 -6.405 -6.566 -6.141 -5.768 -5.346 -4.962 -3.756 -3.355 -3.333 -3.092 -3.046 -3.016 -2.975 -2.911 -2.895 -2.793 -2.777 -2.624
0.00097797 -1.20000 6.80000 15.7123289108 2.6294527665   15.677  4.511  4.5461  4.259    1  0.000  0.545     0.00     0.00     0.00     0.00     0.00 -1 -1.81e-09      0.00 7.489e-01 2.501e-01 1.769e-04 4.773e-05 4.329e-04 -1.000 9.841e-04 -6.508 -6.660 -6.235 -5.862 -5.439 -5.055 -3.845 -3.443 -3.421 -3.180 -3.134 -3.103 -3.062 -2.998 -2.981 -2.877 -2.861 -2.706
0.00097797 -1.20000 6.80000 16.0332736969 2.6295691290   15.995  4.540  4.5487  4.249    1  0.000  0.545     0.00     0.00     0.00     0.00     0.00 -1 -2.07e-09      0.00 7.489e-01 2.501e-01 1.769e-04 4.773e-05 4.329e-04 -1.000 9.840e-04 -6.580 -6.726 -6.301 -5.928 -5.505 -5.120 -3.907 -3.505 -3.483 -3.242 -3.196 -3.165 -3.124 -3.058 -3.041 -2.936 -2.920 -2.764
0.00097797 -1.20000 6.80000 16.7937870026 2.6298245560   16.744  4.607  4.5543  4.224    1  0.000  0.545     0.00     0.00     0.00     0.00     0.00 -1 -2.79e-09      0.00 7.489e-01 2.501e-01 1.769e-04 4.773e-05 4.329e-04 -1.000 9.840e-04 -6.747 -6.876 -6.449 -6.075 -5.651 -5.265 -4.046 -3.643 -3.621 -3.381 -3.335 -3.304 -3.263 -3.197 -3.180 -3.073 -3.057 -2.900
0.00097797 -1.20000 6.80000 17.3603801727 2.6299982165   17.304  4.656  4.5579  4.204    1  0.000  0.545     0.00     0.00     0.00     0.00     0.00 -1 -3.49e-09      0.00 7.489e-01 2.501e-01 1.769e-04 4.773e-05 4.329e-04 -1.000 9.840e-04 -6.869 -6.985 -6.556 -6.181 -5.756 -5.369 -4.147 -3.744 -3.722 -3.483 -3.437 -3.405 -3.364 -3.298 -3.281 -3.173 -3.158 -2.999
0.00097797 -1.20000 6.80000 17.4273452759 2.6300178849   17.371  4.661  4.5583  4.202    1  0.000  0.545     0.00     0.00     0.00     0.00     0.00 -1 -3.57e-09      0.00 7.489e-01 2.501e-01 1.769e-04 4.773e-05 4.329e-04 -1.000 9.840e-04 -6.883 -6.997 -6.567 -6.193 -5.768 -5.381 -4.159 -3.755 -3.734 -3.494 -3.448 -3.417 -3.375 -3.309 -3.292 -3.185 -3.169 -3.011
0.00097797 -1.20000 6.80000 18.2878322601 2.6302559526   18.224  4.730  4.5629  4.173    1  0.000  0.545     0.00     0.00     0.00     0.00     0.00 -1 -4.84e-09      0.00 7.489e-01 2.501e-01 1.769e-04 4.773e-05 4.329e-04 -1.000 9.841e-04 -7.054 -7.149 -6.718 -6.343 -5.918 -5.531 -4.304 -3.900 -3.878 -3.640 -3.594 -3.562 -3.521 -3.454 -3.437 -3.328 -3.312 -3.153
0.00097797 -1.20000 6.80000 19.1007518768 2.6304583507   19.029  4.792  4.5665  4.143    1  0.000  0.545     0.00     0.00     0.00     0.00     0.00 -1 -6.34e-09      0.00 7.489e-01 2.501e-01 1.769e-04 4.773e-05 4.329e-04 -1.000 9.840e-04 -7.210 -7.287 -6.856 -6.482 -6.057 -5.670 -4.439 -4.036 -4.014 -3.776 -3.731 -3.699 -3.657 -3.590 -3.573 -3.463 -3.447 -3.286
0.00097797 -1.20000 6.80000 19.8737812042 2.6306332608   19.793  4.850  4.5690  4.112    1  0.000  0.545     0.00     0.00     0.00     0.00     0.00 -1 -8.16e-09      0.00 7.489e-01 2.501e-01 1.769e-04 4.773e-05 4.329e-04 -1.000 9.841e-04 -7.356 -7.417 -6.986 -6.614 -6.190 -5.803 -4.570 -4.167 -4.145 -3.908 -3.863 -3.831 -3.789 -3.722 -3.704 -3.593 -3.577 -3.415
0.00097797 -1.20000 6.80000 20.5741920471 2.6307787577   20.485  4.902  4.5704  4.081    1  0.000  0.545     0.00     0.00     0.00     0.00     0.00 -1 -1.02e-08      0.00 7.489e-01 2.501e-01 1.769e-04 4.773e-05 4.329e-04 -1.000 9.839e-04 -7.485 -7.535 -7.106 -6.736 -6.312 -5.926 -4.692 -4.289 -4.268 -4.031 -3.986 -3.954 -3.912 -3.844 -3.826 -3.714 -3.698 -3.535
0.00097797 -1.20000 6.80000 20.6564807892 2.6307951084   20.567  4.908  4.5705  4.077    1  0.000  0.545     0.00     0.00     0.00     0.00     0.00 -1 -1.05e-08      0.00 7.489e-01 2.501e-01 1.769e-04 4.773e-05 4.329e-04 -1.000 9.839e-04 -7.500 -7.549 -7.120 -6.750 -6.327 -5.941 -4.706 -4.303 -4.282 -4.046 -4.000 -3.968 -3.927 -3.858 -3.840 -3.728 -3.712 -3.549
0.00097797 -1.20000 6.80000 20.7875747681 2.6308208493   20.698  4.917  4.5707  4.072    1  0.000  0.545     0.00     0.00     0.00     0.00     0.00 -1 -1.09e-08      0.00 7.489e-01 2.501e-01 1.769e-04 4.773e-05 4.329e-04 -1.000 9.839e-04 -7.523 -7.569 -7.141 -6.771 -6.348 -5.962 -4.727 -4.324 -4.304 -4.068 -4.022 -3.990 -3.948 -3.880 -3.862 -3.750 -3.733 -3.571
0.00097797 -1.20000 6.80000 21.6814422607 2.6309868650   21.587  4.978  4.5712  4.031    1  0.000  0.545     0.00     0.00     0.00     0.00     0.00 -1  -1.4e-08      0.00 7.489e-01 2.501e-01 1.769e-04 4.773e-05 4.329e-04 -1.000 9.840e-04 -7.675 -7.710 -7.285 -6.919 -6.498 -6.113 -4.877 -4.475 -4.454 -4.219 -4.174 -4.141 -4.100 -4.031 -4.013 -3.899 -3.883 -3.720
0.00097797 -1.20000 6.80000 22.5275573730 2.6311301349   22.429  5.034  4.5706  3.989    1  0.000  0.545     0.00     0.00     0.00     0.00     0.00 -1 -1.77e-08      0.00 7.489e-01 2.501e-01 1.769e-04 4.773e-05 4.329e-04 -1.000 9.841e-04 -7.816 -7.844 -7.423 -7.060 -6.640 -6.257 -5.021 -4.620 -4.600 -4.366 -4.321 -4.288 -4.247 -4.178 -4.160 -4.046 -4.030 -3.867
0.00097797 -1.20000 6.80000 23.3005294800 2.6312506152   23.196  5.085  4.5684  3.944    1  0.000  0.545     0.00     0.00     0.00     0.00     0.00 -1 -2.15e-08      0.00 7.489e-01 2.501e-01 1.769e-04 4.773e-05 4.329e-04 -1.000 9.840e-04 -7.943 -7.970 -7.554 -7.193 -6.774 -6.392 -5.158 -4.758 -4.738 -4.505 -4.461 -4.429 -4.388 -4.321 -4.303 -4.192 -4.176 -4.015
0.00097797 -1.20000 6.80000 23.9525794983 2.6313453249   23.843  5.127  4.5654  3.902    1  0.000  0.545     0.00     0.00     0.00     0.00     0.00 -1 -2.56e-08      0.00 7.489e-01 2.501e-01 1.769e-04 4.773e-05 4.329e-04 -1.000 9.840e-04 -8.048 -8.081 -7.670 -7.310 -6.892 -6.511 -5.280 -4.880 -4.861 -4.630 -4.586 -4.554 -4.514 -4.448 -4.431 -4.323 -4.307 -4.148
0.00097797 -1.20000 6.80000 24.2644233704 2.6313885562   24.137  5.145  4.5640  3.884    1  0.000  0.545     0.00     0.00     0.00     0.00     0.00 -1 -2.75e-08      0.00 7.489e-01 2.501e-01 1.769e-04 4.773e-05 4.329e-04 -1.000 9.840e-04 -8.092 -8.128 -7.719 -7.360 -6.943 -6.562 -5.331 -4.932 -4.913 -4.683 -4.639 -4.608 -4.568 -4.503 -4.485 -4.378 -4.363 -4.205
0.00097797 -1.20000 6.80000 25.3067188263 2.6315242019   25.120  5.203  4.5573  3.816    1  0.000  0.545     0.00     0.00     0.00     0.00     0.00 -1 -3.38e-08      0.00 7.489e-01 2.501e-01 1.769e-04 4.773e-05 4.329e-04 -1.000 9.840e-04 -8.238 -8.291 -7.891 -7.536 -7.120 -6.742 -5.515 -5.118 -5.099 -4.872 -4.828 -4.798 -4.760 -4.697 -4.680 -4.578 -4.562 -4.408
0.00097797 -1.20000 6.80000 25.6006317139 2.6315601636   25.397  5.219  4.5550  3.795    1  0.000  0.545     0.00     0.00     0.00     0.00     0.00 -1 -3.59e-08      0.00 7.489e-01 2.501e-01 1.769e-04 4.773e-05 4.329e-04 -1.000 9.840e-04 -8.278 -8.339 -7.943 -7.588 -7.173 -6.795 -5.570 -5.173 -5.154 -4.928 -4.885 -4.855 -4.817 -4.755 -4.739 -4.637 -4.622 -4.469
0.00097797 -1.20000 6.80000 26.2554988861 2.6316369704   26.042  5.256  4.5479  3.741    1  0.000  0.545     0.00     0.00     0.00     0.00     0.00 -1 -4.07e-08      0.00 7.489e-01 2.501e-01 1.769e-04 4.773e-05 4.329e-04 -1.000 9.840e-04 -8.371 -8.455 -8.066 -7.714 -7.300 -6.924 -5.703 -5.308 -5.289 -5.065 -5.023 -4.994 -4.957 -4.897 -4.881 -4.783 -4.767 -4.617
0.00097797 -1.20000 6.80000 26.9373703003 2.6317123977   26.711  5.294  4.5387  3.677    1  0.000  0.545     0.00     0.00     0.00     0.00     0.00 -1 -4.54e-08      0.00 7.489e-01 2.501e-01 1.769e-04 4.773e-05 4.329e-04 -1.000 9.840e-04 -8.466 -8.580 -8.195 -7.845 -7.433 -7.060 -5.843 -5.449 -5.432 -5.212 -5.171 -5.143 -5.107 -5.048 -5.032 -4.934 -4.919 -4.770
0.00097797 -1.20000 6.80000 27.5630207062 2.6317778438   27.324  5.329  4.5288  3.613    1  0.000  0.545     0.00     0.00     0.00     0.00     0.00 -1 -4.97e-08      0.00 7.489e-01 2.501e-01 1.769e-04 4.773e-05 4.329e-04 -1.000 9.840e-04 -8.552 -8.704 -8.326 -7.977 -7.567 -7.197 -5.982 -5.589 -5.573 -5.359 -5.320 -5.293 -5.258 -5.199 -5.183 -5.085 -5.070 -4.921
0.00097797 -1.20000 6.80000 28.1344985962 2.6318347073   27.884  5.360  4.5173  3.544    1  0.000  0.545     0.00     0.00     0.00     0.00     0.00 -1 -5.28e-08      0.00 7.489e-01 2.501e-01 1.769e-04 4.773e-05 4.329e-04 -1.000 9.840e-04 -8.631 -8.831 -8.467 -8.124 -7.717 -7.348 -6.141 -5.750 -5.734 -5.520 -5.481 -5.453 -5.418 -5.358 -5.342 -5.242 -5.227 -5.079
0.00097797 -1.20000 6.80000 28.6189327240 2.6318808700   28.357  5.387  4.5057  3.478    1  0.000  0.545     0.00     0.00     0.00     0.00     0.00 -1 -5.48e-08      0.00 7.489e-01 2.501e-01 1.769e-04 4.773e-05 4.329e-04 -1.000 9.840e-04 -8.699 -8.949 -8.605 -8.269 -7.864 -7.496 -6.302 -5.913 -5.896 -5.679 -5.638 -5.609 -5.572 -5.511 -5.494 -5.393 -5.378 -5.232
0.00097797 -1.20000 6.80000 29.1175594330 2.6319265451   28.845  5.415  4.4938  3.410    1  0.000  0.545     0.00     0.00     0.00     0.00     0.00 -1 -5.65e-08      0.00 7.489e-01 2.501e-01 1.769e-04 4.773e-05 4.329e-04 -1.000 9.841e-04 -8.768 -9.057 -8.726 -8.401 -7.999 -7.634 -6.454 -6.069 -6.053 -5.835 -5.794 -5.765 -5.727 -5.665 -5.648 -5.549 -5.534 -5.391
0.00097797 -1.20000 6.80000 29.5639171600 2.6319659329   29.281  5.441  4.4859  3.360    1  0.000  0.545     0.00     0.00     0.00     0.00     0.00 -1 -5.89e-08      0.00 7.489e-01 2.501e-01 1.769e-04 4.773e-05 4.329e-04 -1.000 9.840e-04 -8.832 -9.139 -8.815 -8.497 -8.099 -7.737 -6.566 -6.184 -6.168 -5.953 -5.913 -5.884 -5.847 -5.785 -5.768 -5.670 -5.655 -5.514
0.00097797 -1.20000 6.80000 29.7207584381 2.6319794504   29.437  5.452  4.4919  3.375    1  0.000  0.545     0.00     0.00     0.00     0.00     0.00 -1 -6.48e-08      0.00 7.489e-01 2.501e-01 1.769e-04 4.773e-05 4.329e-04 -1.000 9.840e-04 -8.860 -9.151 -8.823 -8.501 -8.102 -7.738 -6.560 -6.176 -6.160 -5.945 -5.905 -5.876 -5.839 -5.777 -5.760 -5.662 -5.647 -5.506
0.00097797 -1.20000 6.80000 29.7391567230 2.6319810253   29.455  5.453  4.4924  3.376    1  0.000  0.545     0.00     0.00     0.00     0.00     0.00 -1 -6.54e-08      0.00 7.489e-01 2.501e-01 1.769e-04 4.773e-05 4.329e-04 -1.000 9.840e-04 -8.862 -9.152 -8.824 -8.502 -8.102 -7.738 -6.559 -6.176 -6.160 -5.944 -5.904 -5.875 -5.838 -5.776 -5.760 -5.661 -5.647 -5.505
0.00097797 -1.20000 6.80000 29.8326492310 2.6319889939   29.543  5.462  4.5018  3.406    1  0.000  0.545     0.00     0.00     0.00     0.00     0.00 -1 -7.34e-08      0.00 7.489e-01 2.501e-01 1.769e-04 4.773e-05 4.329e-04 -1.000 9.840e-04 -8.885 -9.146 -8.812 -8.482 -8.080 -7.714 -6.523 -6.137 -6.121 -5.905 -5.865 -5.836 -5.800 -5.739 -5.722 -5.624 -5.609 -5.465
0.00097797 -1.20000 6.80000 29.8600101471 2.6319913151   29.570  5.470  4.5128  3.442    1  0.000  0.545     0.00     0.00     0.00     0.00     0.00 -1 -8.23e-08      0.00 7.489e-01 2.501e-01 1.769e-04 4.773e-05 4.329e-04 -1.000 9.840e-04 -8.905 -9.122 -8.770 -8.431 -8.026 -7.659 -6.456 -6.066 -6.051 -5.837 -5.798 -5.771 -5.736 -5.677 -5.660 -5.561 -5.546 -5.399
0.00097797 -1.20000 6.80000 29.8716850281 2.6319923041   29.580  5.480  4.5248  3.480    1  0.000  0.545     0.00     0.00     0.00     0.00     0.00 -1 -9.39e-08      0.00 7.489e-01 2.501e-01 1.769e-04 4.773e-05 4.329e-04 -1.000 9.840e-04 -8.931 -9.094 -8.726 -8.380 -7.972 -7.604 -6.388 -5.995 -5.981 -5.773 -5.736 -5.710 -5.677 -5.621 -5.604 -5.506 -5.491 -5.343
0.00097797 -1.20000 6.80000 29.8798522949 2.6319929954   29.588  5.490  4.5356  3.514    1  0.000  0.545     0.00     0.00     0.00     0.00     0.00 -1 -1.05e-07      0.00 7.489e-01 2.501e-01 1.769e-04 4.773e-05 4.329e-04 -1.000 9.840e-04 -8.954 -9.043 -8.674 -8.334 -7.927 -7.556 -6.339 -5.948 -5.931 -5.711 -5.669 -5.640 -5.602 -5.541 -5.524 -5.423 -5.408 -5.258
0.00097797 -1.20000 6.80000 29.8817176819 2.6319931532   29.590  5.491  4.5370  3.519    1  0.000  0.545     0.00     0.00     0.00     0.00     0.00 -1 -1.06e-07      0.00 7.489e-01 2.501e-01 1.769e-04 4.773e-05 4.329e-04 -1.000 9.840e-04 -8.957 -9.037 -8.667 -8.326 -7.919 -7.549 -6.331 -5.939 -5.923 -5.703 -5.661 -5.632 -5.594 -5.532 -5.516 -5.414 -5.399 -5.249
0.00097797 -1.20000 6.80000 29.8907089233 2.6319939137   29.599  5.495  4.5320  3.494    2  0.000  0.545     0.00     0.00     0.00     0.00     0.00 -1 -1.05e-07      0.00 7.489e-01 2.501e-01 1.769e-04 4.773e-05 4.329e-04 -1.000 9.840e-04 -8.967 -9.077 -8.713 -8.374 -7.967 -7.595 -6.382 -5.990 -5.973 -5.752 -5.710 -5.681 -5.644 -5.583 -5.567 -5.467 -5.452 -5.303
0.00097797 -1.20000 6.80000 29.8959007263 2.6319943525   29.603  5.500  4.5230  3.453    2  0.000  0.545     0.00     0.00     0.00     0.00     0.00 -1 -1.03e-07      0.00 7.489e-01 2.501e-01 1.769e-04 4.773e-05 4.329e-04 -1.000 9.840e-04 -8.981 -9.143 -8.788 -8.450 -8.041 -7.668 -6.463 -6.071 -6.052 -5.828 -5.786 -5.757 -5.719 -5.659 -5.643 -5.546 -5.531 -5.384
0.00097797 -1.20000 6.80000 29.9009799957 2.6319947817   29.608  5.503  4.5105  3.400    2  0.000  0.545     0.00     0.00     0.00     0.00     0.00 -1 -9.65e-08      0.00 7.489e-01 2.501e-01 1.769e-04 4.773e-05 4.329e-04 -1.000 9.840e-04 -8.989 -9.213 -8.866 -8.530 -8.126 -7.760 -6.559 -6.170 -6.155 -5.943 -5.904 -5.876 -5.841 -5.782 -5.765 -5.667 -5.652 -5.507
0.00097797 -1.20000 6.80000 29.9045715332 2.6319950851   29.611  5.505  4.4998  3.355    2  0.000  0.545     0.00     0.00     0.00     0.00     0.00 -1 -9.04e-08      0.00 7.489e-01 2.501e-01 1.769e-04 4.773e-05 4.329e-04 -1.000 9.840e-04 -8.993 -9.258 -8.931 -8.606 -8.205 -7.841 -6.653 -6.268 -6.253 -6.039 -6.000 -5.972 -5.935 -5.875 -5.859 -5.762 -5.748 -5.606
0.00097797 -1.20000 6.80000 29.9081363678 2.6319953861   29.615  5.507  4.4873  3.303    2  0.000  0.545     0.00     0.00     0.00     0.00     0.00 -1 -8.42e-08      0.00 7.489e-01 2.501e-01 1.769e-04 4.773e-05 4.329e-04 -1.000 9.840e-04 -8.998 -9.295 -8.977 -8.662 -8.266 -7.906 -6.733 -6.352 -6.337 -6.126 -6.087 -6.059 -6.023 -5.963 -5.947 -5.851 -5.837 -5.698
0.00097797 -1.20000 6.80000 29.9113616943 2.6319956584   29.618  5.509  4.4745  3.250    2  0.000  0.545     0.00     0.00     0.00     0.00     0.00 -1 -7.67e-08      0.00 7.489e-01 2.501e-01 1.769e-04 4.773e-05 4.329e-04 -1.000 9.840e-04 -9.003 -9.330 -9.025 -8.723 -8.333 -7.978 -6.818 -6.442 -6.429 -6.222 -6.184 -6.156 -6.121 -6.062 -6.046 -5.952 -5.937 -5.801
0.00097797 -1.20000 6.80000 29.9124317169 2.6319957487   29.619  5.510  4.4700  3.231    2  0.000  0.545     0.00     0.00     0.00     0.00     0.00 -1 -7.34e-08      0.00 7.489e-01 2.501e-01 1.769e-04 4.773e-05 4.329e-04 -1.000 9.840e-04 -9.005 -9.342 -9.039 -8.740 -8.351 -7.999 -6.842 -6.467 -6.454 -6.249 -6.211 -6.185 -6.151 -6.094 -6.078 -5.986 -5.972 -5.838
0.00097797 -1.20000 6.80000 29.9136581421 2.6319958522   29.620  5.511  4.4645  3.209    3  0.000  0.545     0.16     0.61     0.52     0.34     0.28  3 -7.15e-08      0.00 7.489e-01 2.501e-01 1.769e-04 4.773e-05 4.329e-04 -1.000 9.840e-04 -9.007 -9.358 -9.056 -8.761 -8.375 -8.026 -6.872 -6.498 -6.485 -6.282 -6.245 -6.220 -6.187 -6.132 -6.116 -6.027 -6.013 -5.881
0.00097797 -1.20000 6.80000 29.9161548615 2.6319960629   29.623  5.513  4.4530  3.161    3  0.000  0.545     0.18     0.67     0.57     0.37     0.31  3 -6.43e-08      0.00 7.489e-01 2.501e-01 1.769e-04 4.773e-05 4.329e-04 -1.000 9.841e-04 -9.012 -9.397 -9.100 -8.812 -8.428 -8.085 -6.938 -6.565 -6.552 -6.353 -6.317 -6.293 -6.262 -6.210 -6.195 -6.109 -6.096 -5.966
0.00097797 -1.20000 6.80000 29.9177150726 2.6319961946   29.624  5.514  4.4455  3.129    3  0.000  0.545     0.19     0.71     0.60     0.39     0.33  3 -6.12e-08      0.00 7.489e-01 2.501e-01 1.769e-04 4.773e-05 4.329e-04 -1.000 9.840e-04 -9.016 -9.418 -9.126 -8.844 -8.464 -8.123 -6.981 -6.610 -6.597 -6.400 -6.364 -6.340 -6.309 -6.257 -6.242 -6.156 -6.143 -6.015
0.00097797 -1.20000 6.80000 29.9186191559 2.6319962708   29.625  5.515  4.4410  3.111    3  0.000  0.545     0.20     0.73     0.62     0.41     0.34  3 -5.87e-08      0.00 7.489e-01 2.501e-01 1.769e-04 4.773e-05 4.329e-04 -1.000 9.841e-04 -9.018 -9.428 -9.139 -8.863 -8.484 -8.145 -7.007 -6.636 -6.624 -6.427 -6.392 -6.368 -6.336 -6.283 -6.268 -6.182 -6.168 -6.041
0.00097797 -1.20000 6.80000 29.9209480286 2.6319964673   29.627  5.517  4.4294  3.062    3  0.000  0.545     0.23     0.80     0.67     0.44     0.37  3 -5.37e-08      0.00 7.489e-01 2.501e-01 1.769e-04 4.773e-05 4.329e-04 -1.000 9.840e-04 -9.023 -9.459 -9.176 -8.911 -8.537 -8.201 -7.071 -6.703 -6.692 -6.496 -6.461 -6.436 -6.403 -6.348 -6.333 -6.244 -6.231 -6.106
0.00097797 -1.20000 6.80000 29.9226131439 2.6319966077   29.629  5.519  4.4212  3.028    3  0.000  0.545     0.25     0.85     0.71     0.47     0.39  3 -5.01e-08      0.00 7.489e-01 2.501e-01 1.769e-04 4.773e-05 4.329e-04 -1.000 9.840e-04 -9.028 -9.478 -9.199 -8.942 -8.570 -8.236 -7.115 -6.749 -6.738 -6.542 -6.507 -6.482 -6.450 -6.395 -6.379 -6.291 -6.278 -6.154
0.00097797 -1.20000 6.80000 29.9247074127 2.6319967844   29.631  5.522  4.4113  2.985    3  0.000  0.545     0.28     0.92     0.77     0.51     0.42  3 -4.68e-08      0.00 7.489e-01 2.501e-01 1.769e-04 4.773e-05 4.329e-04 -1.000 9.840e-04 -9.034 -9.491 -9.219 -8.969 -8.600 -8.270 -7.162 -6.798 -6.787 -6.593 -6.559 -6.534 -6.503 -6.449 -6.434 -6.349 -6.336 -6.214
0.00097797 -1.20000 6.80000 29.9276657104 2.6319970338   29.633  5.525  4.3982  2.930    3  0.000  0.545     0.33     1.02     0.85     0.56     0.46  3 -4.18e-08      0.00 7.489e-01 2.501e-01 1.769e-04 4.773e-05 4.329e-04 -1.000 9.840e-04 -9.043 -9.535 -9.255 -8.999 -8.632 -8.303 -7.165 -6.810 -6.799 -6.608 -6.573 -6.549 -6.518 -6.467 -6.453 -6.366 -6.353 -6.218
0.00097797 -1.20000 6.80000 29.9318523407 2.6319973867   29.637  5.530  4.3822  2.860    3  0.000  0.545     0.39     1.15     0.95     0.63     0.52  3 -3.67e-08      0.00 7.489e-01 2.501e-01 1.769e-04 4.773e-05 4.329e-04 -1.000 9.840e-04 -9.055 -9.546 -9.269 -9.026 -8.665 -8.343 -7.237 -6.891 -6.880 -6.692 -6.658 -6.634 -6.603 -6.553 -6.539 -6.456 -6.442 -6.314
0.00097797 -1.20000 6.80000 29.9377727509 2.6319978855   29.643  5.536  4.3647  2.784    3  0.000  0.545     0.48     1.32     1.09     0.72     0.60  3 -3.07e-08      0.00 7.489e-01 2.501e-01 1.769e-04 4.773e-05 4.329e-04 -1.000 9.840e-04 -9.071 -9.557 -9.289 -9.061 -8.711 -8.398 -7.328 -6.989 -6.979 -6.795 -6.762 -6.740 -6.710 -6.662 -6.649 -6.571 -6.558 -6.436
0.00097797 -1.20000 6.80000 29.9454631805 2.6319985332   29.650  5.543  4.3502  2.720    3  0.000  0.545     0.57     1.49     1.21     0.81     0.67  3 -3.23e-08      0.00 7.489e-01 2.501e-01 1.769e-04 4.773e-05 4.329e-04 -1.000 9.840e-04 -9.087 -9.575 -9.316 -9.097 -8.755 -8.451 -7.406 -7.074 -7.064 -6.884 -6.852 -6.832 -6.804 -6.760 -6.748 -6.675 -6.662 -6.544
0.00097797 -1.20000 6.80000 29.9613513947 2.6319998700   29.665  5.550  4.3413  2.678    3  0.000  0.545     0.63     1.60     1.31     0.87     0.72  3  -2.4e-07      0.00 7.489e-01 2.501e-01 1.769e-04 4.773e-05 4.329e-04 -1.000 9.840e-04 -9.104 -9.593 -9.384 -9.206 -8.876 -8.582 -7.551 -7.211 -7.206 -7.036 -7.006 -6.988 -6.962 -6.919 -6.906 -6.838 -6.827 -6.724
0.00097797 -1.20000 6.80000 29.9702720642 2.6320006199   29.672  5.553  4.3377  2.660    3  0.000  0.545     0.66     1.66     1.35     0.89     0.74  3 -5.26e-07      0.00 7.489e-01 2.501e-01 1.769e-04 4.773e-05 4.329e-04 -1.000 9.840e-04 -9.112 -9.597 -9.385 -9.209 -8.883 -8.593 -7.579 -7.241 -7.236 -7.067 -7.038 -7.020 -6.995 -6.954 -6.941 -6.877 -6.865 -6.765
0.00097797 -1.20000 6.80000 29.9874305725 2.6320020608   29.687  5.555  4.3419  2.675    4  0.000  0.545     0.00     0.00     0.00     0.00     0.00 -1 -5.39e-07      0.00 7.489e-01 2.501e-01 1.769e-04 4.773e-05 4.329e-04 -1.000 9.840e-04 -9.117 -9.595 -9.373 -9.190 -8.861 -8.568 -7.553 -7.213 -7.207 -7.033 -7.003 -6.985 -6.960 -6.918 -6.905 -6.840 -6.828 -6.726
0.00097797 -1.20000 6.80000 30.0087203979 2.6320038460   29.706  5.556  4.3484  2.701    5  0.000  0.545     0.00     0.00     0.00     0.00     0.00 -1 -2.93e-07      0.00 7.489e-01 2.501e-01 1.769e-04 4.773e-05 4.329e-04 -1.000 9.840e-04 -9.119 -9.598 -9.376 -9.188 -8.853 -8.555 -7.523 -7.180 -7.173 -6.997 -6.966 -6.946 -6.919 -6.875 -6.862 -6.794 -6.782 -6.677
0.00097797 -1.20000 6.80000 30.1328506470 2.6320141969   29.824  5.559  4.3626  2.756    5  0.000  0.545     0.00     0.00     0.00     0.00     0.00 -1 -3.68e-08      0.00 7.489e-01 2.501e-01 1.769e-04 4.773e-05 4.329e-04 -1.000 9.840e-04 -9.127 -9.618 -9.350 -9.121 -8.771 -8.459 -7.387 -7.051 -7.040 -6.858 -6.825 -6.803 -6.773 -6.726 -6.713 -6.635 -6.622 -6.499
0.00097797 -1.20000 6.80000 30.1696586609 2.6320172474   29.859  5.560  4.3635  2.759    5  0.000  0.545     0.00     0.00     0.00     0.00     0.00 -1  -3.7e-08      0.00 7.489e-01 2.501e-01 1.769e-04 4.773e-05 4.329e-04 -1.000 9.840e-04 -9.129 -9.621 -9.353 -9.122 -8.772 -8.460 -7.386 -7.049 -7.039 -6.856 -6.823 -6.801 -6.771 -6.724 -6.711 -6.632 -6.620 -6.496
0.00097797 -1.20000 6.80000 30.5320987701 2.6320468338   30.204  5.572  4.3535  2.712    6  0.000  0.545     0.00     0.00     0.00     0.00     0.00 -1 -4.24e-08      0.00 7.489e-01 2.501e-01 1.769e-04 4.773e-05 4.329e-04 -1.000 9.841e-04 -9.161 -9.656 -9.394 -9.168 -8.823 -8.517 -7.456 -7.126 -7.115 -6.936 -6.903 -6.883 -6.854 -6.809 -6.796 -6.720 -6.708 -6.586
0.00097797 -1.20000 6.80000 30.8482189178 2.6320719873   30.488  5.583  4.3422  2.660    6  0.000  0.545     0.00     0.00     0.00     0.00     0.00 -1 -3.05e-07      0.00 7.489e-01 2.501e-01 1.769e-04 4.773e-05 4.329e-04 -1.000 9.840e-04 -9.187 -9.673 -9.462 -9.282 -8.952 -8.658 -7.630 -7.290 -7.284 -7.113 -7.083 -7.065 -7.039 -6.997 -6.983 -6.917 -6.905 -6.802
0.00097797 -1.20000 6.80000 31.1067752838 2.6320921240   30.710  5.592  4.3316  2.612    6  0.000  0.545     0.00     0.00     0.00     0.00     0.00 -1 -5.53e-07      0.00 7.489e-01 2.501e-01 1.769e-04 4.773e-05 4.329e-04 -1.000 9.841e-04 -9.209 -9.703 -9.510 -9.347 -9.027 -8.742 -7.728 -7.393 -7.390 -7.229 -7.202 -7.185 -7.162 -7.123 -7.110 -7.048 -7.036 -6.939
0.00097797 -1.20000 6.80000 31.3346805573 2.6321095570   30.902  5.599  4.3206  2.563    6  0.000  0.545     0.00     0.00     0.00     0.00     0.00 -1 -6.21e-07      0.00 7.489e-01 2.501e-01 1.769e-04 4.773e-05 4.329e-04 -1.000 9.840e-04 -9.227 -9.736 -9.566 -9.421 -9.111 -8.835 -7.825 -7.495 -7.495 -7.345 -7.320 -7.305 -7.285 -7.249 -7.236 -7.177 -7.166 -7.073
0.00097797 -1.20000 6.80000 31.5232200623 2.6321237599   31.061  5.605  4.3093  2.514    6  0.000  0.545     0.00     0.00     0.00     0.00     0.00 -1 -6.35e-07      0.00 7.489e-01 2.501e-01 1.769e-04 4.773e-05 4.329e-04 -1.000 9.840e-04 -9.243 -9.758 -9.597 -9.460 -9.157 -8.888 -7.885 -7.557 -7.558 -7.412 -7.389 -7.376 -7.357 -7.324 -7.312 -7.257 -7.246 -7.154
0.00097797 -1.20000 6.80000 31.6922225952 2.6321363261   31.204  5.611  4.2973  2.463    6  0.000  0.545     0.00     0.00     0.00     0.00     0.00 -1 -6.39e-07      0.00 7.489e-01 2.501e-01 1.769e-04 4.773e-05 4.329e-04 -1.000 9.840e-04 -9.256 -9.786 -9.567 -9.365 -9.048 -8.767 -7.776 -7.486 -7.478 -7.319 -7.291 -7.273 -7.248 -7.208 -7.197 -7.126 -7.115 -7.001
0.00097797 -1.20000 6.80000 31.8271102905 2.6321462456   31.317  5.615  4.2863  2.416    6  0.000  0.545     0.00     0.00     0.00     0.00     0.00 -1 -6.55e-07      0.00 7.489e-01 2.501e-01 1.769e-04 4.773e-05 4.329e-04 -1.000 9.841e-04 -9.267 -9.802 -9.618 -9.435 -9.126 -8.851 -7.850 -7.554 -7.549 -7.398 -7.372 -7.356 -7.334 -7.297 -7.286 -7.219 -7.208 -7.096
0.00097797 -1.20000 6.80000 31.9565467834 2.6321556737   31.426  5.619  4.2743  2.365    6  0.000  0.545     0.00     0.00     0.00     0.00     0.00 -1 -6.48e-07      0.00 7.489e-01 2.501e-01 1.769e-04 4.773e-05 4.329e-04 -1.000 9.840e-04 -9.278 -9.815 -9.656 -9.487 -9.186 -8.919 -7.922 -7.627 -7.624 -7.479 -7.455 -7.440 -7.420 -7.386 -7.375 -7.311 -7.300 -7.192
0.00097797 -1.20000 6.80000 32.0785102844 2.6321644775   31.529  5.623  4.2616  2.312    6  0.000  0.545     0.00     0.00     0.00     0.00     0.00 -1 -6.36e-07      0.00 7.489e-01 2.501e-01 1.769e-04 4.773e-05 4.329e-04 -1.000 9.840e-04 -9.288 -9.823 -9.672 -9.509 -9.217 -8.957 -7.990 -7.703 -7.701 -7.560 -7.536 -7.522 -7.502 -7.469 -7.459 -7.398 -7.387 -7.283
0.00097797 -1.20000 6.80000 32.1804389954 2.6321717763   31.615  5.626  4.2495  2.262    6  0.000  0.545     0.00     0.00     0.00     0.00     0.00 -1 -6.27e-07      0.00 7.489e-01 2.501e-01 1.769e-04 4.773e-05 4.329e-04 -1.000 9.840e-04 -9.296 -9.828 -9.684 -9.527 -9.242 -8.989 -8.052 -7.774 -7.772 -7.635 -7.612 -7.598 -7.579 -7.547 -7.537 -7.479 -7.468 -7.369
0.00097797 -1.20000 6.80000 32.2685623169 2.6321780438   31.689  5.629  4.2375  2.212    6  0.000  0.545     0.00     0.00     0.00     0.00     0.00 -1 -6.16e-07      0.00 7.489e-01 2.501e-01 1.769e-04 4.773e-05 4.329e-04 -1.000 9.840e-04 -9.303 -9.830 -9.693 -9.541 -9.265 -9.019 -8.114 -7.844 -7.843 -7.708 -7.686 -7.673 -7.655 -7.624 -7.614 -7.558 -7.548 -7.454
0.00097797 -1.20000 6.80000 32.3514976501 2.6321839064   31.760  5.632  4.2245  2.158    6  0.000  0.545     0.00     0.00     0.00     0.00     0.00 -1 -6.02e-07      0.00 7.489e-01 2.501e-01 1.769e-04 4.773e-05 4.329e-04 -1.000 9.840e-04 -9.310 -9.830 -9.700 -9.555 -9.289 -9.051 -8.180 -7.920 -7.918 -7.788 -7.767 -7.754 -7.737 -7.708 -7.698 -7.645 -7.635 -7.546
0.00097797 -1.20000 6.80000 32.4132881165 2.6321882519   31.812  5.634  4.2134  2.112    6  0.000  0.545     0.00     0.00     0.00     0.00     0.00 -1 -5.91e-07      0.00 7.489e-01 2.501e-01 1.769e-04 4.773e-05 4.329e-04 -1.000 9.840e-04 -9.315 -9.827 -9.704 -9.564 -9.307 -9.077 -8.235 -7.983 -7.982 -7.855 -7.835 -7.823 -7.806 -7.778 -7.769 -7.718 -7.709 -7.624
0.00097797 -1.20000 6.80000 32.4761581421 2.6321926539   31.866  5.636  4.2002  2.058    6  0.000  0.545     0.00     0.00     0.00     0.00     0.00 -1 -5.79e-07      0.00 7.489e-01 2.501e-01 1.769e-04 4.773e-05 4.329e-04 -1.000 9.840e-04 -9.320 -9.822 -9.706 -9.574 -9.327 -9.106 -8.300 -8.058 -8.057 -7.934 -7.915 -7.904 -7.888 -7.861 -7.853 -7.805 -7.796 -7.716
0.00097797 -1.20000 6.80000 32.5280570984 2.6321962729   31.910  5.638  4.1872  2.005    6  0.000  0.545     0.00     0.00     0.00     0.00     0.00 -1 -5.63e-07      0.00 7.489e-01 2.501e-01 1.769e-04 4.773e-05 4.329e-04 -1.000 9.840e-04 -9.325 -9.813 -9.705 -9.580 -9.345 -9.134 -8.364 -8.130 -8.130 -8.012 -7.993 -7.983 -7.968 -7.943 -7.935 -7.890 -7.882 -7.807
0.00097797 -1.20000 6.80000 32.5704765320 2.6321992210   31.946  5.639  4.1745  1.953    6  0.000  0.545     0.00     0.00     0.00     0.00     0.00 -1 -5.49e-07      0.00 7.489e-01 2.501e-01 1.769e-04 4.773e-05 4.329e-04 -1.000 9.841e-04 -9.328 -9.802 -9.709 -9.594 -9.371 -9.169 -8.424 -8.196 -8.198 -8.085 -8.068 -8.059 -8.046 -8.023 -8.015 -7.973 -7.966 -7.896
0.00097797 -1.20000 6.80000 32.6048316956 2.6322016023   31.976  5.640  4.1620  1.903    6  0.000  0.545     0.00     0.00     0.00     0.00     0.00 -1 -5.39e-07      0.00 7.489e-01 2.501e-01 1.769e-04 4.773e-05 4.329e-04 -1.000 9.840e-04 -9.331 -9.787 -9.724 -9.628 -9.416 -9.224 -8.479 -8.250 -8.256 -8.153 -8.138 -8.132 -8.121 -8.102 -8.094 -8.057 -8.050 -7.982
0.00097797 -1.20000 6.80000 32.6364936829 2.6322037917   32.003  5.642  4.1477  1.844    6  0.000  0.545     0.00     0.00     0.00     0.00     0.00 -1 -5.22e-07      0.00 7.489e-01 2.501e-01 1.769e-04 4.773e-05 4.329e-04 -1.000 9.840e-04 -9.334 -9.766 -9.738 -9.662 -9.465 -9.283 -8.542 -8.313 -8.323 -8.230 -8.218 -8.215 -8.206 -8.192 -8.185 -8.154 -8.146 -8.082
0.00097797 -1.20000 6.80000 32.6608772278 2.6322054745   32.024  5.642  4.1340  1.789    6  0.000  0.545     0.00     0.00     0.00     0.00     0.00 -1 -5.03e-07      0.00 7.489e-01 2.501e-01 1.769e-04 4.773e-05 4.329e-04 -1.000 9.840e-04 -9.336 -9.742 -9.707 -9.634 -9.452 -9.282 -8.608 -8.395 -8.403 -8.312 -8.300 -8.296 -8.288 -8.274 -8.267 -8.238 -8.231 -8.176
0.00097797 -1.20000 6.80000 32.6795539856 2.6322067615   32.040  5.643  4.1211  1.737    6  0.000  0.545     0.00     0.00     0.00     0.00     0.00 -1 -4.91e-07      0.00 7.489e-01 2.501e-01 1.769e-04 4.773e-05 4.329e-04 -1.000 9.841e-04 -9.337 -9.716 -9.664 -9.588 -9.421 -9.264 -8.673 -8.480 -8.485 -8.393 -8.380 -8.375 -8.366 -8.351 -8.344 -8.316 -8.311 -8.264
0.00097797 -1.20000 6.80000 32.6935272217 2.6322077233   32.052  5.643  4.1089  1.688    6  0.000  0.545     0.00     0.00     0.00     0.00     0.00 -1  -4.8e-07      0.00 7.489e-01 2.501e-01 1.769e-04 4.773e-05 4.329e-04 -1.000 9.840e-04 -9.338 -9.690 -9.630 -9.556 -9.405 -9.259 -8.731 -8.552 -8.556 -8.465 -8.452 -8.447 -8.438 -8.422 -8.416 -8.390 -8.385 -8.346
0.00097797 -1.20000 6.80000 32.7061920166 2.6322085942   32.063  5.644  4.0952  1.633    6  0.000  0.545     0.00     0.00     0.00     0.00     0.00 -1 -4.63e-07      0.00 7.489e-01 2.501e-01 1.769e-04 4.773e-05 4.329e-04 -1.000 9.840e-04 -9.339 -9.652 -9.601 -9.538 -9.403 -9.269 -8.792 -8.623 -8.628 -8.541 -8.530 -8.526 -8.518 -8.504 -8.498 -8.476 -8.471 -8.439
0.00097797 -1.20000 6.80000 32.7188072205 2.6322094610   32.074  5.644  4.0772  1.561    6  0.000  0.545     0.00     0.00     0.00     0.00     0.00 -1  -4.4e-07      0.00 7.489e-01 2.501e-01 1.769e-04 4.773e-05 4.329e-04 -1.000 9.841e-04 -9.340 -9.594 -9.570 -9.526 -9.413 -9.295 -8.866 -8.705 -8.712 -8.635 -8.626 -8.624 -8.619 -8.609 -8.604 -8.587 -8.584 -8.559
0.00097797 -1.20000 6.80000 32.7253417969 2.6322099096   32.080  5.644  4.0653  1.513    6  0.000  0.545     0.00     0.00     0.00     0.00     0.00 -1  -4.3e-07      0.00 7.489e-01 2.501e-01 1.769e-04 4.773e-05 4.329e-04 -1.000 9.840e-04 -9.340 -9.548 -9.570 -9.550 -9.453 -9.345 -8.907 -8.739 -8.752 -8.688 -8.682 -8.684 -8.682 -8.677 -8.673 -8.663 -8.659 -8.638
0.00097797 -1.20000 6.80000 32.7324905396 2.6322104002   32.085  5.644  4.0488  1.448    6  0.000  0.545     0.00     0.00     0.00     0.00     0.00 -1 -1.13e-06      0.00 7.489e-01 2.501e-01 1.769e-04 4.773e-05 4.329e-04 -1.000 9.840e-04 -9.339 -9.478 -9.509 -9.500 -9.425 -9.332 -8.973 -8.819 -8.833 -8.774 -8.770 -8.772 -8.771 -8.769 -8.765 -8.759 -8.756 -8.745
0.00097797 -1.20000 6.80000 32.7370414734 2.6322107124   32.086  5.643  4.0355  1.395    6  0.000  0.545     0.00     0.00     0.00     0.00     0.00 -1 -1.56e-06      0.00 7.489e-01 2.501e-01 1.769e-04 4.773e-05 4.329e-04 -1.000 9.840e-04 -9.338 -9.413 -9.450 -9.451 -9.394 -9.313 -9.025 -8.882 -8.896 -8.842 -8.838 -8.841 -8.841 -8.840 -8.837 -8.834 -8.833 -8.830
0.00097797 -1.20000 6.80000 32.7408714294 2.6322109750   32.089  5.643  4.0210  1.338    6  0.000  0.545     0.00     0.00     0.00     0.00     0.00 -1  -1.5e-06      0.00 7.489e-01 2.501e-01 1.769e-04 4.773e-05 4.329e-04 -1.000 9.840e-04 -9.337 -9.333 -9.377 -9.389 -9.352 -9.284 -9.079 -8.949 -8.964 -8.914 -8.911 -8.915 -8.916 -8.916 -8.913 -8.915 -8.914 -8.923
0.00097797 -1.20000 6.80000 32.7444305420 2.6322112190   32.091  5.641  4.0031  1.267    6  0.000  0.545     0.00     0.00     0.00     0.00     0.00 -1 -1.42e-06      0.00 7.489e-01 2.501e-01 1.769e-04 4.773e-05 4.329e-04 -1.000 9.840e-04 -9.334 -9.218 -9.269 -9.298 -9.287 -9.234 -9.142 -9.028 -9.044 -8.999 -8.997 -9.002 -9.004 -9.005 -9.003 -9.010 -9.011 -9.033
0.00097797 -1.20000 6.80000 32.7461738586 2.6322113385   32.091  5.641  3.9918  1.223    6  0.000  0.545     0.00     0.00     0.00     0.00     0.00 -1 -1.37e-06      0.00 7.489e-01 2.501e-01 1.769e-04 4.773e-05 4.329e-04 -1.000 9.840e-04 -9.332 -9.134 -9.190 -9.230 -9.237 -9.194 -9.180 -9.077 -9.093 -9.051 -9.051 -9.056 -9.058 -9.060 -9.059 -9.069 -9.071 -9.103
0.00097797 -1.20000 6.80000 32.7472915649 2.6322114151   32.092  5.640  3.9825  1.187    7  0.000  0.545    32.24    24.25    17.50    12.07    10.08  3 -1.34e-06      0.00 7.489e-01 2.501e-01 1.769e-04 4.773e-05 4.329e-04 -1.000 9.840e-04 -9.329 -9.055 -9.116 -9.166 -9.190 -9.156 -9.210 -9.116 -9.131 -9.093 -9.093 -9.098 -9.101 -9.104 -9.102 -9.116 -9.119 -9.158
0.00097797 -1.20000 6.80000 32.7491188049 2.6322115404   32.093  5.638  3.9659  1.122    7  0.000  0.545    38.25    27.26    19.57    13.53    11.29  3  -1.3e-06      0.00 7.489e-01 2.501e-01 1.769e-04 4.773e-05 4.329e-04 -1.000 9.840e-04 -9.325 -8.899 -8.981 -9.053 -9.112 -9.095 -9.252 -9.170 -9.188 -9.159 -9.161 -9.168 -9.172 -9.179 -9.178 -9.198 -9.202 -9.254
0.00097797 -1.20000 6.80000 32.7502365112 2.6322116170   32.093  5.637  3.9545  1.078    7  0.000  0.545    42.99    29.54    21.13    14.62    12.21  3  -1.3e-06      0.00 7.489e-01 2.501e-01 1.769e-04 4.773e-05 4.329e-04 -1.000 9.840e-04 -9.322 -8.780 -8.903 -8.996 -9.079 -9.075 -9.263 -9.181 -9.206 -9.191 -9.197 -9.207 -9.215 -9.227 -9.227 -9.254 -9.258 -9.317
0.00097797 -1.20000 6.80000 32.7513656616 2.6322116943   32.094  5.636  3.9418  1.028    7  0.000  0.545    48.98    32.31    23.01    15.94    13.32  3 -1.55e-06      0.00 7.489e-01 2.501e-01 1.769e-04 4.773e-05 4.329e-04 -1.000 9.840e-04 -9.320 -8.617 -8.760 -8.872 -8.992 -9.004 -9.292 -9.221 -9.247 -9.238 -9.245 -9.256 -9.265 -9.279 -9.279 -9.312 -9.317 -9.389
0.00097797 -1.20000 6.80000 32.7524948120 2.6322117717   32.095  5.635  3.9277  0.972    7  0.000  0.545    56.70    35.72    25.33    17.57    14.68  3 -2.95e-06      0.00 7.489e-01 2.501e-01 1.769e-04 4.773e-05 4.329e-04 -1.000 9.840e-04 -9.317 -8.405 -8.576 -8.714 -8.880 -8.912 -9.315 -9.260 -9.287 -9.285 -9.294 -9.306 -9.316 -9.332 -9.334 -9.372 -9.379 -9.465
0.00097797 -1.20000 6.80000 32.7532577515 2.6322118240   32.095  5.634  3.9173  0.932    7  0.000  0.545    63.10    38.43    27.17    18.87    15.77  3 -3.27e-06      0.00 7.489e-01 2.501e-01 1.769e-04 4.773e-05 4.329e-04 -1.000 9.841e-04 -9.315 -8.265 -8.494 -8.654 -8.846 -8.891 -9.296 -9.240 -9.278 -9.301 -9.315 -9.333 -9.349 -9.372 -9.374 -9.420 -9.427 -9.515
0.00097797 -1.20000 6.80000 32.7540245056 2.6322118765   32.095  5.633  3.9059  0.887    7  0.000  0.545    71.02    41.68    29.35    20.41    17.06  3 -3.19e-06      0.00 7.489e-01 2.501e-01 1.769e-04 4.773e-05 4.329e-04 -1.000 9.840e-04 -9.312 -8.019 -8.286 -8.485 -8.734 -8.802 -9.316 -9.272 -9.309 -9.334 -9.348 -9.367 -9.382 -9.407 -9.410 -9.462 -9.471 -9.572
0.00097797 -1.20000 6.80000 32.7547912598 2.6322119290   32.096  5.632  3.8940  0.840    7  0.000  0.545    80.32    45.35    31.82    22.15    18.52  3 -3.11e-06      0.00 7.489e-01 2.501e-01 1.769e-04 4.773e-05 4.329e-04 -1.000 9.840e-04 -9.310 -7.710 -8.027 -8.280 -8.601 -8.695 -9.340 -9.311 -9.343 -9.365 -9.378 -9.396 -9.411 -9.437 -9.441 -9.500 -9.510 -9.626
0.00097797 -1.20000 6.80000 32.7555618286 2.6322119818   32.096  5.631  3.8815  0.791    7  0.000  0.545    91.41    49.55    34.63    24.14    20.19  3 -3.41e-06      0.00 7.489e-01 2.501e-01 1.769e-04 4.773e-05 4.329e-04 -1.000 9.840e-04 -9.308 -7.401 -7.787 -8.104 -8.494 -8.615 -9.328 -9.311 -9.346 -9.381 -9.397 -9.418 -9.436 -9.468 -9.474 -9.542 -9.553 -9.677
0.00097797 -1.20000 6.80000 32.7563400269 2.6322120351   32.097  5.630  3.8689  0.742    7  0.000  0.545   104.22    54.21    37.73    26.34    22.03  3 -3.28e-06      0.00 7.489e-01 2.501e-01 1.769e-04 4.773e-05 4.329e-04 -1.000 9.840e-04 -9.306 -7.087 -7.534 -7.930 -8.394 -8.543 -9.303 -9.296 -9.336 -9.389 -9.408 -9.435 -9.457 -9.497 -9.504 -9.584 -9.595 -9.725
0.00097797 -1.20000 6.80000 32.7571220398 2.6322120887   32.097  5.629  3.8563  0.692    7  0.000  0.545   118.68    59.27    41.08    28.72    24.02  3 -3.16e-06      0.00 7.489e-01 2.501e-01 1.769e-04 4.773e-05 4.329e-04 -1.000 9.841e-04 -9.303 -6.759 -7.242 -7.739 -8.287 -8.468 -9.277 -9.280 -9.322 -9.389 -9.411 -9.444 -9.470 -9.518 -9.528 -9.620 -9.632 -9.766
0.00097797 -1.20000 6.80000 32.7579116821 2.6322121427   32.097  5.628  3.8437  0.643    7  0.000  0.545   135.20    64.80    44.74    31.32    26.20  3 -3.05e-06      0.00 7.489e-01 2.501e-01 1.769e-04 4.773e-05 4.329e-04 -1.000 9.841e-04 -9.300 -6.487 -6.963 -7.568 -8.198 -8.412 -9.228 -9.242 -9.290 -9.381 -9.409 -9.449 -9.481 -9.540 -9.553 -9.658 -9.670 -9.806
0.00097797 -1.20000 6.80000 32.7586975098 2.6322121966   32.097  5.627  3.8309  0.593    7  0.000  0.545   154.11    70.89    48.75    34.16    28.59  3 -2.93e-06      0.00 7.489e-01 2.501e-01 1.769e-04 4.773e-05 4.329e-04 -1.000 9.841e-04 -9.297 -6.246 -6.679 -7.399 -8.112 -8.361 -9.166 -9.191 -9.249 -9.368 -9.403 -9.451 -9.490 -9.561 -9.577 -9.695 -9.707 -9.843
0.00097797 -1.20000 6.80000 32.7590942383 2.6322122237   32.097  5.626  3.8244  0.568    7  0.000  0.545   164.75    74.21    50.93    35.71    29.89  3 -2.87e-06      0.00 7.489e-01 2.501e-01 1.769e-04 4.773e-05 4.329e-04 -1.000 9.841e-04 -9.295 -6.147 -6.533 -7.315 -8.071 -8.339 -9.126 -9.157 -9.221 -9.360 -9.398 -9.451 -9.494 -9.572 -9.589 -9.715 -9.726 -9.862
0.00097797 -1.20000 6.80000 32.7594947815 2.6322122512   32.098  5.625  3.8179  0.543    7  0.000  0.545   176.11    77.68    53.20    37.33    31.25  3 -2.82e-06      0.00 7.489e-01 2.501e-01 1.769e-04 4.773e-05 4.329e-04 -1.000 9.841e-04 -9.293 -6.054 -6.383 -7.228 -8.029 -8.317 -9.084 -9.120 -9.192 -9.350 -9.392 -9.450 -9.497 -9.582 -9.600 -9.734 -9.745 -9.881
0.00097797 -1.20000 6.80000 32.7598915100 2.6322122783   32.098  5.624  3.8113  0.517    7  0.000  0.545   188.21    81.30    55.56    39.02    32.67  3 -2.77e-06      0.00 7.489e-01 2.501e-01 1.769e-04 4.773e-05 4.329e-04 -1.000 9.841e-04 -9.291 -5.970 -6.238 -7.143 -7.988 -8.296 -9.038 -9.080 -9.160 -9.339 -9.386 -9.449 -9.500 -9.591 -9.612 -9.752 -9.764 -9.899
0.00097797 -1.20000 6.80000 32.7602958679 2.6322123060   32.099  5.623  3.8048  0.493    7  0.000  0.545   201.00    85.05    58.01    40.76    34.13  3 -2.72e-06      0.00 7.489e-01 2.501e-01 1.769e-04 4.773e-05 4.329e-04 -1.000 9.840e-04 -9.288 -5.913 -6.120 -7.072 -7.955 -8.281 -8.982 -9.031 -9.122 -9.326 -9.378 -9.447 -9.502 -9.601 -9.623 -9.771 -9.782 -9.917
0.00097797 -1.20000 6.80000 32.7607002258 2.6322123337   32.099  5.622  3.7986  0.469    7  0.000  0.545   214.06    88.80    60.45    42.51    35.60  3 -2.67e-06      0.00 7.489e-01 2.501e-01 1.769e-04 4.773e-05 4.329e-04 -1.000 9.840e-04 -9.285 -5.863 -6.013 -7.007 -7.926 -8.271 -8.927 -8.981 -9.082 -9.312 -9.369 -9.443 -9.503 -9.609 -9.632 -9.788 -9.798 -9.934
0.00097797 -1.20000 6.80000 32.7611083984 2.6322123617   32.099  5.621  3.7924  0.445    7  0.000  0.545   227.28    92.66    62.95    44.29    37.10  3 -2.62e-06      0.00 7.489e-01 2.501e-01 1.769e-04 4.773e-05 4.329e-04 -1.000 9.840e-04 -9.282 -5.813 -5.893 -6.931 -7.891 -8.255 -8.872 -8.932 -9.043 -9.297 -9.358 -9.438 -9.502 -9.614 -9.639 -9.802 -9.813 -9.948
0.00097797 -1.20000 6.80000 32.7615203857 2.6322123899   32.099  5.619  3.7864  0.423    7  0.000  0.545   235.24    96.42    65.39    46.04    38.56  3 -2.56e-06      0.00 7.489e-01 2.501e-01 1.769e-04 4.773e-05 4.329e-04 -1.000 9.840e-04 -9.278 -5.764 -5.765 -6.848 -7.852 -8.234 -8.819 -8.885 -9.005 -9.280 -9.345 -9.430 -9.498 -9.617 -9.643 -9.814 -9.824 -9.961
0.00097797 -1.20000 6.80000 32.7619361877 2.6322124183   32.100  5.617  3.7805  0.401    7  0.000  0.545   243.44   100.32    67.92    47.84    40.07  3 -2.51e-06      0.00 7.489e-01 2.501e-01 1.769e-04 4.773e-05 4.329e-04 -1.000 9.841e-04 -9.273 -5.714 -5.629 -6.758 -7.809 -8.209 -8.768 -8.839 -8.968 -9.263 -9.332 -9.422 -9.493 -9.619 -9.647 -9.824 -9.835 -9.972
0.00097797 -1.20000 6.80000 32.7623481750 2.6322124465   32.099  5.615  3.7748  0.380    7  0.000  0.545   251.47   104.16    70.39    49.61    41.56  3 -2.48e-06      0.00 7.489e-01 2.501e-01 1.769e-04 4.773e-05 4.329e-04 -1.000 9.840e-04 -9.268 -5.665 -5.475 -6.652 -7.753 -8.171 -8.710 -8.788 -8.927 -9.243 -9.316 -9.412 -9.486 -9.619 -9.648 -9.833 -9.844 -9.983
0.00097797 -1.20000 6.80000 32.7627677917 2.6322124753   32.099  5.613  3.7690  0.359    7  0.000  0.545   259.86   108.19    73.00    51.48    43.13  3 -2.42e-06      0.00 7.489e-01 2.501e-01 1.769e-04 4.773e-05 4.329e-04 -1.000 9.840e-04 -9.263 -5.614 -5.315 -6.540 -7.693 -8.129 -8.651 -8.736 -8.884 -9.222 -9.299 -9.400 -9.479 -9.618 -9.649 -9.843 -9.853 -9.994
0.00097797 -1.20000 6.80000 32.7631912231 2.6322125043   32.100  5.611  3.7635  0.340    7  0.000  0.545   267.95   112.09    75.51    53.28    44.64  3 -2.36e-06      0.00 7.489e-01 2.501e-01 1.769e-04 4.773e-05 4.329e-04 -1.000 9.840e-04 -9.257 -5.572 -5.172 -6.442 -7.644 -8.097 -8.595 -8.686 -8.843 -9.201 -9.281 -9.388 -9.470 -9.615 -9.648 -9.848 -9.859 -10.002
0.00097797 -1.20000 6.80000 32.7636222839 2.6322125338   32.100  5.608  3.7581  0.320    7  0.000  0.545   276.23   116.11    78.09    55.13    46.19  3 -2.31e-06      0.00 7.489e-01 2.501e-01 1.769e-04 4.773e-05 4.329e-04 -1.000 9.841e-04 -9.251 -5.531 -5.023 -6.338 -7.591 -8.061 -8.537 -8.635 -8.801 -9.179 -9.263 -9.375 -9.460 -9.612 -9.646 -9.853 -9.864 -10.009
0.00097797 -1.20000 6.80000 32.7640533447 2.6322125633   32.101  5.606  3.7529  0.302    7  0.000  0.545   284.28   120.03    80.61    56.93    47.71  3 -2.25e-06      0.00 7.489e-01 2.501e-01 1.769e-04 4.773e-05 4.329e-04 -1.000 9.841e-04 -9.245 -5.494 -4.873 -6.232 -7.537 -8.024 -8.480 -8.586 -8.760 -9.158 -9.245 -9.362 -9.450 -9.607 -9.642 -9.857 -9.868 -10.015
0.00097797 -1.20000 6.80000 32.7644958496 2.6322125936   32.101  5.604  3.7478  0.284    7  0.000  0.545   292.37   123.99    83.15    58.75    49.24  3 -2.19e-06      0.00 7.489e-01 2.501e-01 1.769e-04 4.773e-05 4.329e-04 -1.000 9.840e-04 -9.239 -5.458 -4.721 -6.124 -7.482 -7.985 -8.425 -8.538 -8.720 -9.136 -9.227 -9.348 -9.439 -9.602 -9.638 -9.859 -9.870 -10.021
0.00097797 -1.20000 6.80000 32.7653961182 2.6322126552   32.101  5.600  3.7385  0.251    7  0.000  0.545   308.02   131.71    88.08    62.30    52.22  3 -2.08e-06      0.00 7.489e-01 2.501e-01 1.769e-04 4.773e-05 4.329e-04 -1.000 9.840e-04 -9.230 -5.395 -4.408 -5.902 -7.368 -7.902 -8.323 -8.451 -8.649 -9.097 -9.193 -9.323 -9.419 -9.591 -9.630 -9.862 -9.874 -10.030
0.00097797 -1.20000 6.80000 32.7663345337 2.6322127194   32.101  5.598  3.7312  0.224    7  0.000  0.545   321.20   138.25    92.25    65.29    54.74  3    -2e-06      0.00 7.489e-01 2.501e-01 1.769e-04 4.773e-05 4.329e-04 -1.000 9.840e-04 -9.224 -5.349 -4.109 -5.697 -7.262 -7.821 -8.234 -8.376 -8.590 -9.067 -9.168 -9.304 -9.404 -9.584 -9.625 -9.866 -9.878 -10.040
0.00097797 -1.20000 6.80000 32.7673187256 2.6322127868   32.102  5.596  3.7253  0.202    7  0.000  0.545   332.48   143.88    95.84    67.87    56.90  3 -1.96e-06      0.00 7.489e-01 2.501e-01 1.769e-04 4.773e-05 4.329e-04 -1.000 9.840e-04 -9.220 -5.315 -3.854 -5.517 -7.167 -7.747 -8.158 -8.313 -8.540 -9.042 -9.147 -9.289 -9.392 -9.578 -9.620 -9.869 -9.882 -10.048
0.00097797 -1.20000 6.80000 32.7688751221 2.6322128933   32.104  5.595  3.7179  0.173    7  0.000  0.545   347.88   151.62   100.76    71.41    59.88  3  -1.9e-06      0.00 7.489e-01 2.501e-01 1.769e-04 4.773e-05 4.329e-04 -1.000 9.840e-04 -9.218 -5.276 -3.529 -5.282 -7.043 -7.648 -8.061 -8.233 -8.478 -9.013 -9.122 -9.272 -9.379 -9.572 -9.617 -9.875 -9.889 -10.061
0.00097797 -1.20000 6.80000 32.7721862793 2.6322131199   32.105  5.596  3.7068  0.127    7  0.000  0.544   373.60   164.66   109.02    77.36    64.88  3 -1.85e-06      0.00 7.489e-01 2.501e-01 1.767e-04 4.779e-05 4.329e-04 -1.000 9.841e-04 -9.221 -5.226 -3.035 -4.907 -6.838 -7.479 -7.909 -8.111 -8.385 -8.970 -9.087 -9.248 -9.361 -9.567 -9.615 -9.888 -9.902 -10.084
0.00097797 -1.20000 6.80000 32.7785987854 2.6322135585   32.110  5.588  3.6957  0.092    7  0.000  0.528   394.95   175.60   115.92    82.33    69.06  3 -1.74e-06      0.00 7.460e-01 2.530e-01 1.699e-04 5.706e-05 4.287e-04 -1.000 9.840e-04 -9.200 -5.156 -2.544 -4.499 -6.595 -7.269 -7.719 -7.954 -8.261 -8.899 -9.024 -9.196 -9.315 -9.533 -9.584 -9.872 -9.888 -10.080
0.00097797 -1.20000 6.80000 32.7815093994 2.6322137575   32.112  5.587  3.6914  0.075    7  0.000  0.501   405.35   180.96   119.30    84.77    71.11  3 -1.69e-06      0.00 7.233e-01 2.757e-01 1.489e-04 1.132e-04 3.922e-04 -1.000 9.839e-04 -9.198 -5.135 -2.357 -4.337 -6.498 -7.185 -7.646 -7.894 -8.216 -8.876 -9.003 -9.180 -9.302 -9.525 -9.578 -9.872 -9.888 -10.085
0.00097797 -1.20000 6.80000 32.7821083069 2.6322137985   32.112  5.590  3.6903  0.068    7  0.000  0.495   409.67   183.19   120.70    85.78    71.96  3 -1.71e-06      0.00 7.165e-01 2.825e-01 1.432e-04 1.299e-04 3.810e-04 -1.000 9.840e-04 -9.204 -5.136 -2.316 -4.301 -6.479 -7.169 -7.634 -7.886 -8.212 -8.877 -9.005 -9.183 -9.305 -9.529 -9.583 -9.878 -9.894 -10.093
0.00097797 -1.20000 6.80000 32.7829170227 2.6322138538   32.113  5.592  3.6888  0.059    7  0.000  0.486   415.31   186.11   122.54    87.11    73.08  3 -1.72e-06      0.00 7.069e-01 2.922e-01 1.350e-04 1.533e-04 3.653e-04 -1.000 9.839e-04 -9.211 -5.137 -2.264 -4.252 -6.451 -7.145 -7.616 -7.873 -8.204 -8.876 -9.006 -9.185 -9.308 -9.534 -9.588 -9.886 -9.902 -10.102
0.00097797 -1.20000 6.80000 32.7876930237 2.6322141802   32.118  5.626  3.6823 -0.000    7  0.000  0.433   455.87   207.29   135.83    96.71    81.15  3 -2.03e-06      0.00 6.554e-01 3.436e-01 9.158e-05 2.763e-04 2.840e-04 -1.000 9.839e-04 -9.295 -5.186 -2.069 -3.978 -6.284 -7.000 -7.519 -7.817 -8.188 -8.919 -9.056 -9.247 -9.376 -9.612 -9.668 -9.976 -9.993 -10.201
