 Zini     MH   logAge Mini        int_IMF         Mass   logL    logTe  logg  label   McoreTP C_O  period0  period1  period2  period3  period4  pmode  Mloss  tau1m   X   Y   Xc  Xn  Xo  Cexcess  Z 	 mbolmag  F170Wmag  F218Wmag  F255Wmag  F300Wmag  F336Wmag  F380Wmag  F439Wmag  F450Wmag  F555Wmag  F569Wmag  F606Wmag  F622Wmag  F675Wmag  F702Wmag  F791Wmag  F814Wmag  F850LPmag
0.00061788 -1.40000 7.90000 0.0900000036 1.0816895926    0.090 -2.526  3.5251  4.971    0  0.000  0.545     0.00     0.00     0.00     0.00     0.00 -1 -4.12e-16      0.00 7.499e-01 2.494e-01 1.174e-04 3.167e-05 2.872e-04 -1.000 6.527e-04 11.086 15.707 20.581 20.122 16.475 15.653 15.443 14.696 14.086 12.685 12.474 12.093 11.891 11.459 11.235 10.530 10.487 10.067
0.00061788 -1.40000 7.90000 0.0948760584 1.1268203915    0.095 -2.489  3.5293  4.973    0  0.000  0.545     0.00     0.00     0.00     0.00     0.00 -1 -4.37e-16      0.00 7.499e-01 2.494e-01 1.174e-04 3.167e-05 2.872e-04 -1.000 6.527e-04 10.991 15.597 20.454 19.907 16.303 15.473 15.234 14.509 13.917 12.536 12.327 11.951 11.749 11.326 11.114 10.429 10.386 9.975
0.00061788 -1.40000 7.90000 0.1000000089 1.1711064744    0.100 -2.449  3.5342  4.975    0  0.000  0.545     0.00     0.00     0.00     0.00     0.00 -1 -4.65e-16      0.00 7.499e-01 2.494e-01 1.174e-04 3.167e-05 2.872e-04 -1.000 6.526e-04 10.892 15.480 20.312 19.656 16.111 15.275 15.010 14.310 13.735 12.380 12.173 11.801 11.600 11.185 10.985 10.323 10.281 9.879
0.00061788 -1.40000 7.90000 0.1070603058 1.2275153599    0.107 -2.402  3.5388  4.976    0  0.000  0.545     0.00     0.00     0.00     0.00     0.00 -1    -5e-16      0.00 7.499e-01 2.494e-01 1.174e-04 3.167e-05 2.872e-04 -1.000 6.527e-04 10.775 15.345 20.152 19.392 15.903 15.061 14.773 14.097 13.539 12.208 12.003 11.635 11.434 11.028 10.840 10.199 10.158 9.765
0.00061788 -1.40000 7.90000 0.1175764576 1.3031298928    0.118 -2.334  3.5458  4.978    0  0.000  0.545     0.00     0.00     0.00     0.00     0.00 -1 -5.58e-16      0.00 7.499e-01 2.494e-01 1.174e-04 3.167e-05 2.872e-04 -1.000 6.527e-04 10.605 15.149 19.911 18.994 15.594 14.746 14.429 13.788 13.254 11.961 11.760 11.397 11.198 10.802 10.630 10.020 9.982 9.601
0.00061788 -1.40000 7.90000 0.1199999973 1.3193154249    0.120 -2.319  3.5475  4.978    0  0.000  0.545     0.00     0.00     0.00     0.00     0.00 -1 -5.71e-16      0.00 7.499e-01 2.494e-01 1.174e-04 3.167e-05 2.872e-04 -1.000 6.527e-04 10.568 15.106 19.856 18.902 15.523 14.674 14.352 13.718 13.190 11.906 11.705 11.344 11.145 10.752 10.584 9.981 9.943 9.565
0.00061788 -1.40000 7.90000 0.1239020824 1.3445020927    0.124 -2.298  3.5495  4.979    0  0.000  0.545     0.00     0.00     0.00     0.00     0.00 -1 -5.89e-16      0.00 7.499e-01 2.494e-01 1.174e-04 3.167e-05 2.872e-04 -1.000 6.527e-04 10.515 15.045 19.782 18.783 15.430 14.579 14.249 13.625 13.104 11.831 11.631 11.272 11.073 10.683 10.519 9.925 9.887 9.513
0.00061788 -1.40000 7.90000 0.1400000006 1.4384526719    0.140 -2.213  3.5576  4.979    0  0.000  0.545     0.00     0.00     0.00     0.00     0.00 -1 -6.74e-16      0.00 7.499e-01 2.494e-01 1.174e-04 3.167e-05 2.872e-04 -1.000 6.527e-04 10.302 14.803 19.469 18.292 15.053 14.200 13.851 13.263 12.766 11.537 11.341 10.989 10.792 10.412 10.265 9.703 9.667 9.307
0.00061788 -1.40000 7.90000 0.1599999964 1.5372931554    0.160 -2.121  3.5655  4.977    0  0.000  0.545     0.00     0.00     0.00     0.00     0.00 -1  -7.8e-16      0.00 7.499e-01 2.494e-01 1.174e-04 3.167e-05 2.872e-04 -1.000 6.527e-04 10.073 14.546 19.127 17.778 14.662 13.810 13.447 12.894 12.419 11.234 11.042 10.696 10.503 10.132 9.999 9.467 9.433 9.084
0.00061788 -1.40000 7.90000 0.1650143564 1.5595771195    0.165 -2.101  3.5671  4.977    0  0.000  0.545     0.00     0.00     0.00     0.00     0.00 -1 -8.05e-16      0.00 7.499e-01 2.494e-01 1.174e-04 3.167e-05 2.872e-04 -1.000 6.527e-04 10.023 14.490 19.052 17.667 14.577 13.726 13.362 12.815 12.345 11.169 10.978 10.633 10.440 10.071 9.941 9.416 9.381 9.035
0.00061788 -1.40000 7.90000 0.2000000179 1.6938791367    0.200 -1.969  3.5775  4.970    0  0.000  0.545     0.00     0.00     0.00     0.00     0.00 -1    -1e-15      0.00 7.499e-01 2.494e-01 1.174e-04 3.167e-05 2.872e-04 -1.000 6.527e-04 9.692 14.123 18.559 16.982 14.032 13.184 12.818 12.311 11.868 10.748 10.563 10.229 10.040 9.683 9.568 9.076 9.043 8.712
0.00061788 -1.40000 7.90000 0.2270798087 1.7784175291    0.227 -1.885  3.5839  4.966    0  0.000  0.545     0.00     0.00     0.00     0.00     0.00 -1 -1.14e-15      0.00 7.499e-01 2.494e-01 1.174e-04 3.167e-05 2.872e-04 -1.000 6.527e-04 9.481 13.890 18.226 16.543 13.686 12.843 12.483 12.000 11.570 10.485 10.304 9.978 9.792 9.442 9.334 8.860 8.829 8.506
0.00061788 -1.40000 7.90000 0.2500000000 1.8403257998    0.250 -1.818  3.5887  4.961    0  0.000  0.545     0.00     0.00     0.00     0.00     0.00 -1 -1.28e-15      0.00 7.499e-01 2.494e-01 1.174e-04 3.167e-05 2.872e-04 -1.000 6.527e-04 9.315 13.708 17.957 16.194 13.416 12.578 12.224 11.758 11.339 10.281 10.102 9.783 9.599 9.255 9.152 8.691 8.660 8.345
0.00061788 -1.40000 7.90000 0.2899962366 1.9324344058    0.290 -1.718  3.5962  4.955    0  0.000  0.545     0.00     0.00     0.00     0.00     0.00 -1  -1.5e-15      0.00 7.499e-01 2.494e-01 1.174e-04 3.167e-05 2.872e-04 -1.000 6.527e-04 9.066 13.433 17.547 15.688 13.009 12.178 11.841 11.398 10.994 9.975 9.800 9.492 9.311 8.977 8.880 8.435 8.407 8.101
0.00061788 -1.40000 7.90000 0.3000000715 1.9529140962    0.300 -1.695  3.5979  4.954    0  0.000  0.545     0.00     0.00     0.00     0.00     0.00 -1 -1.55e-15      0.00 7.499e-01 2.494e-01 1.174e-04 3.167e-05 2.872e-04 -1.000 6.527e-04 9.008 13.369 17.453 15.573 12.915 12.085 11.752 11.314 10.914 9.903 9.730 9.424 9.244 8.912 8.817 8.376 8.347 8.043
0.00061788 -1.40000 7.90000 0.3152529895 1.9824884180    0.315 -1.656  3.6010  4.948    0  0.000  0.545     0.00     0.00     0.00     0.00     0.00 -1 -1.67e-15      0.00 7.499e-01 2.494e-01 1.174e-04 3.167e-05 2.872e-04 -1.000 6.527e-04 8.910 13.260 17.293 15.377 12.753 11.926 11.601 11.172 10.777 9.783 9.612 9.309 9.132 8.803 8.710 8.276 8.247 7.948
0.00061788 -1.40000 7.90000 0.3500000238 2.0434175133    0.350 -1.570  3.6073  4.934    0  0.000  0.545     0.00     0.00     0.00     0.00     0.00 -1 -1.97e-15      0.00 7.499e-01 2.494e-01 1.174e-04 3.167e-05 2.872e-04 -1.000 6.527e-04 8.696 13.025 16.974 14.981 12.406 11.584 11.279 10.867 10.485 9.523 9.356 9.063 8.889 8.568 8.480 8.057 8.030 7.739
0.00061788 -1.40000 7.90000 0.3547937572 2.0512050826    0.355 -1.556  3.6086  4.931    0  0.000  0.545     0.00     0.00     0.00     0.00     0.00 -1 -2.03e-15      0.00 7.499e-01 2.494e-01 1.174e-04 3.167e-05 2.872e-04 -1.000 6.527e-04 8.660 12.984 16.917 14.908 12.344 11.522 11.222 10.813 10.434 9.478 9.312 9.021 8.847 8.529 8.441 8.021 7.994 7.704
0.00061788 -1.40000 7.90000 0.4000000358 2.1185024810    0.400 -1.429  3.6204  4.903    0  0.000  0.545     0.00     0.00     0.00     0.00     0.00 -1 -2.64e-15      0.00 7.499e-01 2.494e-01 1.174e-04 3.167e-05 2.872e-04 -1.000 6.527e-04 8.342 12.626 16.346 14.235 11.782 10.972 10.717 10.336 9.977 9.078 8.920 8.646 8.479 8.176 8.095 7.696 7.671 7.396
0.00061788 -1.40000 7.90000 0.4254314303 2.1521605424    0.425 -1.343  3.6309  4.885    0  0.000  0.545     0.00     0.00     0.00     0.00     0.00 -1 -3.18e-15      0.00 7.499e-01 2.494e-01 1.174e-04 3.167e-05 2.872e-04 -1.000 6.526e-04 8.128 12.374 15.770 13.641 11.347 10.553 10.345 9.987 9.644 8.795 8.643 8.385 8.223 7.934 7.859 7.479 7.455 7.194
0.00061788 -1.40000 7.90000 0.4500000477 2.1822809714    0.450 -1.265  3.6405  4.869    0  0.000  0.545     0.00     0.00     0.00     0.00     0.00 -1 -3.78e-15      0.00 7.499e-01 2.494e-01 1.174e-04 3.167e-05 2.872e-04 -1.000 6.526e-04 7.931 12.143 15.276 13.132 10.950 10.170 10.011 9.673 9.344 8.537 8.393 8.148 7.992 7.715 7.644 7.280 7.258 7.008
0.00061788 -1.40000 7.90000 0.4698423445 2.2050877499    0.470 -1.197  3.6520  4.867    0  0.000  0.545     0.00     0.00     0.00     0.00     0.00 -1 -4.34e-15      0.00 7.499e-01 2.494e-01 1.174e-04 3.167e-05 2.872e-04 -1.000 6.526e-04 7.761 11.928 14.874 12.657 10.539 9.773 9.679 9.366 9.054 8.296 8.159 7.930 7.780 7.519 7.452 7.107 7.087 6.851
0.00061788 -1.40000 7.90000 0.5000000000 2.2374541529    0.500 -1.110  3.6656  4.861    0  0.000  0.545     0.00     0.00     0.00     0.00     0.00 -1 -5.17e-15      0.00 7.499e-01 2.494e-01 1.174e-04 3.167e-05 2.872e-04 -1.000 6.527e-04 7.545 11.653 14.168 11.983 10.027 9.291 9.276 8.998 8.704 8.002 7.873 7.662 7.520 7.275 7.214 6.890 6.871 6.652
0.00061788 -1.40000 7.90000 0.5030458570 2.2405721483    0.503 -1.102  3.6667  4.860    0  0.000  0.545     0.00     0.00     0.00     0.00     0.00 -1 -5.26e-15      0.00 7.500e-01 2.494e-01 1.174e-04 3.166e-05 2.872e-04 -1.000 6.528e-04 7.525 11.628 14.093 11.919 9.982 9.250 9.242 8.967 8.674 7.976 7.848 7.638 7.497 7.254 7.193 6.870 6.852 6.634
0.00061788 -1.40000 7.90000 0.5234431028 2.2603815953    0.523 -1.047  3.6737  4.850    0  0.000  0.545     0.00     0.00     0.00     0.00     0.00 -1 -5.91e-15      0.00 7.500e-01 2.493e-01 1.173e-04 3.166e-05 2.871e-04 -1.000 6.527e-04 7.386 11.455 13.624 11.516 9.686 8.976 9.009 8.755 8.470 7.800 7.676 7.475 7.339 7.103 7.045 6.732 6.715 6.505
0.00061788 -1.40000 7.90000 0.5500000715 2.2836583126    0.550 -0.975  3.6825  4.835    0  0.000  0.545     0.00     0.00     0.00     0.00     0.00 -1  -6.9e-15      0.00 7.501e-01 2.492e-01 1.173e-04 3.164e-05 2.870e-04 -1.000 6.527e-04 7.208 11.233 13.074 11.030 9.315 8.633 8.716 8.491 8.216 7.579 7.459 7.269 7.138 6.912 6.856 6.555 6.539 6.339
0.00061788 -1.40000 7.90000 0.5593583584 2.2912575290    0.559 -0.952  3.6852  4.830    0  0.000  0.545     0.00     0.00     0.00     0.00     0.00 -1 -7.27e-15      0.00 7.501e-01 2.492e-01 1.173e-04 3.164e-05 2.870e-04 -1.000 6.527e-04 7.149 11.159 12.921 10.885 9.198 8.524 8.622 8.407 8.135 7.507 7.388 7.202 7.073 6.849 6.794 6.496 6.480 6.284
0.00061788 -1.40000 7.90000 0.5698418617 2.2994304877    0.570 -0.916  3.6899  4.820    0  0.000  0.545     0.00     0.00     0.00     0.00     0.00 -1 -7.89e-15      0.00 7.501e-01 2.492e-01 1.173e-04 3.164e-05 2.870e-04 -1.000 6.527e-04 7.059 11.045 12.672 10.649 9.009 8.350 8.473 8.274 8.007 7.396 7.279 7.097 6.972 6.752 6.698 6.407 6.391 6.200
0.00061788 -1.40000 7.90000 0.6000000238 2.3211213258    0.600 -0.815  3.7031  4.796    0  0.000  0.545     0.00     0.00     0.00     0.00     0.00 -1 -9.95e-15      0.00 7.502e-01 2.491e-01 1.173e-04 3.164e-05 2.869e-04 -1.000 6.526e-04 6.808 10.713 11.780 9.958 8.493 7.884 8.073 7.918 7.665 7.096 6.984 6.816 6.698 6.490 6.440 6.163 6.149 5.971
0.00061788 -1.40000 7.90000 0.6499999762 2.3520353107    0.650 -0.655  3.7262  4.763    0  0.000  0.545     0.00     0.00     0.00     0.00     0.00 -1 -1.44e-14      0.00 7.503e-01 2.491e-01 1.172e-04 3.163e-05 2.869e-04 -1.000 6.527e-04 6.407 10.132 10.344 8.880 7.682 7.153 7.442 7.357 7.132 6.629 6.526 6.377 6.271 6.080 6.036 5.783 5.771 5.616
0.00061788 -1.40000 7.90000 0.7000000477 2.3779267258    0.700 -0.501  3.7495  4.734    0  0.000  0.545     0.00     0.00     0.00     0.00     0.00 -1 -2.04e-14      0.00 7.504e-01 2.489e-01 1.172e-04 3.161e-05 2.867e-04 -1.000 6.527e-04 6.023 9.487 9.054 7.900 6.954 6.506 6.869 6.840 6.642 6.202 6.107 5.976 5.880 5.706 5.666 5.436 5.427 5.291
0.00061788 -1.40000 7.90000 0.7124412656 2.3837233118    0.713 -0.465  3.7550  4.727    0  0.000  0.543     0.00     0.00     0.00     0.00     0.00 -1 -2.21e-14      0.00 7.504e-01 2.489e-01 1.168e-04 3.160e-05 2.867e-04 -1.000 6.527e-04 5.932 9.308 8.755 7.672 6.788 6.360 6.737 6.720 6.528 6.103 6.010 5.883 5.790 5.620 5.582 5.357 5.348 5.218
0.00061788 -1.40000 7.90000 0.7500000000 2.3998889087    0.750 -0.360  3.7712  4.710    0  0.000  0.538     0.00     0.00     0.00     0.00     0.00 -1 -2.79e-14      0.00 7.506e-01 2.488e-01 1.156e-04 3.156e-05 2.867e-04 -1.000 6.527e-04 5.671 8.754 7.945 7.047 6.325 5.957 6.369 6.380 6.208 5.827 5.740 5.624 5.538 5.381 5.345 5.137 5.129 5.013
0.00061788 -1.40000 7.90000 0.8000000715 2.4187244613    0.800 -0.231  3.7879  4.676    0  0.000  0.538     0.00     0.00     0.00     0.00     0.00 -1 -3.79e-14      0.00 7.508e-01 2.485e-01 1.155e-04 3.153e-05 2.864e-04 -1.000 6.513e-04 5.348 8.085 7.160 6.413 5.831 5.520 5.955 5.985 5.833 5.494 5.414 5.309 5.229 5.085 5.053 4.860 4.854 4.751
0.00061788 -1.40000 7.90000 0.8500000238 2.4350346840    0.850 -0.109  3.8028  4.639    0  0.000  0.538     0.00     0.00     0.00     0.00     0.00 -1 -5.08e-14      0.00 7.511e-01 2.483e-01 1.154e-04 3.151e-05 2.862e-04 -1.000 6.443e-04 5.042 7.468 6.518 5.882 5.407 5.145 5.583 5.622 5.486 5.182 5.108 5.013 4.939 4.806 4.777 4.599 4.594 4.503
0.00061788 -1.40000 7.90000 0.8999999762 2.4492786016    0.899  0.006  3.8169  4.605    0  0.000  0.538     0.00     0.00     0.00     0.00     0.00 -1  -6.7e-14      0.00 7.511e-01 2.483e-01 1.154e-04 3.152e-05 2.863e-04 -1.000 6.411e-04 4.754 6.922 5.987 5.435 5.040 4.819 5.242 5.282 5.160 4.886 4.818 4.732 4.663 4.541 4.514 4.349 4.346 4.267
0.00061788 -1.40000 7.90000 0.9499999881 2.4618121868    0.950  0.116  3.8307  4.575    0  0.000  0.538     0.00     0.00     0.00     0.00     0.00 -1  -8.7e-14      0.00 7.511e-01 2.483e-01 1.154e-04 3.151e-05 2.862e-04 -1.000 6.527e-04 4.480 6.438 5.530 5.041 4.710 4.523 4.923 4.961 4.851 4.602 4.540 4.462 4.399 4.287 4.262 4.111 4.108 4.041
0.00061788 -1.40000 7.90000 1.0000000000 2.4729154477    1.000  0.218  3.8446  4.550    0  0.000  0.538     0.00     0.00     0.00     0.00     0.00 -1 -1.11e-13      0.00 7.511e-01 2.482e-01 1.154e-04 3.151e-05 2.862e-04 -1.000 6.509e-04 4.225 5.998 5.127 4.694 4.420 4.263 4.627 4.659 4.560 4.335 4.278 4.209 4.151 4.050 4.028 3.891 3.889 3.833
0.00061788 -1.40000 7.90000 1.0499999523 2.4828114860    1.050  0.315  3.8591  4.533    0  0.000  0.538     0.00     0.00     0.00     0.00     0.00 -1 -1.28e-13      0.00 7.512e-01 2.482e-01 1.154e-04 3.150e-05 2.862e-04 -1.000 6.446e-04 3.983 5.575 4.749 4.372 4.150 4.024 4.346 4.369 4.282 4.081 4.029 3.970 3.918 3.829 3.809 3.687 3.686 3.642
0.00061788 -1.40000 7.90000 1.1000000238 2.4916801480    1.099  0.405  3.8750  4.526    0  0.000  0.538     0.00     0.00     0.00     0.00     0.00 -1 -1.43e-13      0.00 7.512e-01 2.481e-01 1.154e-04 3.150e-05 2.861e-04 -1.000 6.527e-04 3.756 5.171 4.398 4.078 3.906 3.810 4.081 4.093 4.018 3.842 3.796 3.747 3.702 3.627 3.610 3.505 3.505 3.473
0.00061788 -1.40000 7.90000 1.1499999762 2.4996678137    1.149  0.490  3.8928  4.532    1  0.000  0.538     0.00     0.00     0.00     0.00     0.00 -1 -1.55e-13      0.00 7.513e-01 2.481e-01 1.153e-04 3.149e-05 2.861e-04 -1.000 6.526e-04 3.545 4.769 4.062 3.802 3.680 3.614 3.830 3.829 3.767 3.619 3.580 3.543 3.506 3.445 3.432 3.346 3.347 3.328
0.00061788 -1.40000 7.90000 1.2000000477 2.5068948796    1.200  0.570  3.9110  4.543    0  0.000  0.538     0.00     0.00     0.00     0.00     0.00 -1 -1.63e-13      0.00 7.513e-01 2.480e-01 1.153e-04 3.149e-05 2.860e-04 -1.000 6.527e-04 3.345 4.371 3.749 3.548 3.469 3.430 3.596 3.583 3.535 3.413 3.382 3.357 3.327 3.283 3.272 3.207 3.208 3.201
0.00061788 -1.40000 7.90000 1.2500000000 2.5134610955    1.250  0.646  3.9280  4.553    1  0.000  0.538     0.00     0.00     0.00     0.00     0.00 -1 -1.69e-13      0.00 7.514e-01 2.480e-01 1.153e-04 3.149e-05 2.860e-04 -1.000 6.527e-04 3.154 3.964 3.467 3.319 3.274 3.255 3.382 3.360 3.325 3.231 3.206 3.192 3.170 3.140 3.132 3.084 3.086 3.087
0.00061788 -1.40000 7.90000 1.2999999523 2.5194498592    1.300  0.718  3.9443  4.563    1  0.000  0.538     0.00     0.00     0.00     0.00     0.00 -1 -1.72e-13      0.00 7.515e-01 2.479e-01 1.153e-04 3.148e-05 2.859e-04 -1.000 6.292e-04 2.975 3.542 3.217 3.114 3.092 3.089 3.196 3.171 3.148 3.080 3.062 3.055 3.040 3.022 3.016 2.982 2.983 2.991
0.00061788 -1.40000 7.90000 1.3500000238 2.5249313598    1.350  0.788  3.9602  4.573    1  0.000  0.538     0.00     0.00     0.00     0.00     0.00 -1 -1.72e-13      0.00 7.515e-01 2.479e-01 1.153e-04 3.148e-05 2.859e-04 -1.000 6.527e-04 2.800 3.161 2.976 2.908 2.910 2.923 3.030 3.006 2.992 2.946 2.934 2.934 2.924 2.915 2.911 2.888 2.890 2.904
0.00061788 -1.40000 7.90000 1.4000000954 2.5299650415    1.400  0.855  3.9751  4.581    1  0.000  0.538     0.00     0.00     0.00     0.00     0.00 -1 -1.67e-13      0.00 7.515e-01 2.478e-01 1.153e-04 3.147e-05 2.858e-04 -1.000 6.527e-04 2.632 2.841 2.747 2.704 2.728 2.757 2.880 2.864 2.856 2.827 2.819 2.823 2.818 2.815 2.812 2.800 2.802 2.821
0.00061788 -1.40000 7.90000 1.4500000477 2.5346015836    1.450  0.919  3.9893  4.589    1  0.000  0.538     0.00     0.00     0.00     0.00     0.00 -1 -1.57e-13      0.00 7.516e-01 2.478e-01 1.152e-04 3.147e-05 2.858e-04 -1.000 6.275e-04 2.472 2.560 2.528 2.506 2.551 2.596 2.744 2.738 2.734 2.721 2.717 2.723 2.721 2.724 2.722 2.718 2.720 2.744
0.00061788 -1.40000 7.90000 1.5000000000 2.5388844597    1.500  0.981  4.0031  4.597    1  0.000  0.537     0.00     0.00     0.00     0.00     0.00 -1 -1.41e-13      0.00 7.516e-01 2.477e-01 1.152e-04 3.146e-05 2.858e-04 -1.000 6.527e-04 2.317 2.313 2.322 2.317 2.381 2.440 2.621 2.627 2.626 2.627 2.625 2.633 2.634 2.641 2.640 2.642 2.644 2.672
0.00061788 -1.40000 7.90000 1.5499999523 2.5428511323    1.550  1.040  4.0161  4.604    1  0.000  0.538     0.00     0.00     0.00     0.00     0.00 -1 -1.18e-13      0.00 7.517e-01 2.477e-01 1.152e-04 3.146e-05 2.858e-04 -1.000 6.527e-04 2.170 2.094 2.130 2.141 2.222 2.293 2.508 2.527 2.528 2.541 2.541 2.551 2.554 2.563 2.564 2.570 2.573 2.605
0.00061788 -1.40000 7.90000 1.6000001431 2.5465340713    1.600  1.097  4.0284  4.611    1  0.000  0.537     0.00     0.00     0.00     0.00     0.00 -1 -8.77e-14      0.00 7.517e-01 2.477e-01 1.152e-04 3.146e-05 2.858e-04 -1.000 6.419e-04 2.028 1.893 1.950 1.975 2.071 2.155 2.405 2.436 2.438 2.461 2.464 2.474 2.479 2.491 2.492 2.503 2.506 2.541
0.00061788 -1.40000 7.90000 1.6499999762 2.5499614773    1.649  1.151  4.0401  4.617    1  0.000  0.537     0.00     0.00     0.00     0.00     0.00 -1    -1e-30      0.00 7.517e-01 2.476e-01 1.152e-04 3.145e-05 2.857e-04 -1.000 6.526e-04 1.892 1.707 1.780 1.819 1.929 2.024 2.308 2.350 2.354 2.385 2.390 2.402 2.407 2.421 2.423 2.438 2.441 2.480
0.00061788 -1.40000 7.90000 1.7000000477 2.5531580802    1.699  1.204  4.0513  4.622    1  0.000  0.538     0.00     0.00     0.00     0.00     0.00 -1    -1e-30      0.00 7.518e-01 2.476e-01 1.151e-04 3.145e-05 2.856e-04 -1.000 6.435e-04 1.760 1.532 1.619 1.671 1.793 1.898 2.217 2.270 2.275 2.314 2.320 2.332 2.339 2.355 2.357 2.375 2.379 2.421
0.00061788 -1.40000 7.90000 1.7500000000 2.5561455243    1.749  1.255  4.0620  4.626    1  0.000  0.538     0.00     0.00     0.00     0.00     0.00 -1    -1e-30      0.00 7.518e-01 2.476e-01 1.151e-04 3.144e-05 2.856e-04 -1.000 6.106e-04 1.633 1.368 1.467 1.530 1.664 1.778 2.131 2.194 2.199 2.245 2.252 2.265 2.272 2.290 2.293 2.314 2.318 2.364
0.00061788 -1.40000 7.90000 1.7999999523 2.5589429085    1.799  1.304  4.0721  4.630    1  0.000  0.538     0.00     0.00     0.00     0.00     0.00 -1    -1e-30      0.00 7.518e-01 2.475e-01 1.151e-04 3.144e-05 2.856e-04 -1.000 6.326e-04 1.510 1.212 1.322 1.396 1.540 1.663 2.048 2.120 2.126 2.177 2.186 2.199 2.208 2.227 2.230 2.254 2.258 2.307
0.00061788 -1.40000 7.90000 1.8500001431 2.5615671263    1.849  1.351  4.0817  4.632    1  0.000  0.538     0.00     0.00     0.00     0.00     0.00 -1    -1e-30      0.00 7.519e-01 2.475e-01 1.151e-04 3.144e-05 2.856e-04 -1.000 6.527e-04 1.391 1.065 1.185 1.268 1.421 1.552 1.968 2.049 2.055 2.112 2.121 2.135 2.145 2.165 2.169 2.195 2.200 2.252
0.00061788 -1.40000 7.90000 1.8999999762 2.5640331260    1.899  1.398  4.0909  4.634    1  0.000  0.537     0.00     0.00     0.00     0.00     0.00 -1    -1e-30      0.00 7.519e-01 2.474e-01 1.151e-04 3.144e-05 2.856e-04 -1.000 6.526e-04 1.276 0.925 1.054 1.145 1.308 1.446 1.891 1.979 1.987 2.048 2.058 2.072 2.083 2.104 2.109 2.137 2.142 2.198
0.00061788 -1.40000 7.90000 1.9500000477 2.5663542714    1.950  1.442  4.0996  4.636    1  0.000  0.537     0.00     0.00     0.00     0.00     0.00 -1    -1e-30      0.00 7.519e-01 2.474e-01 1.151e-04 3.143e-05 2.855e-04 -1.000 6.322e-04 1.164 0.792 0.929 1.028 1.199 1.344 1.816 1.912 1.920 1.985 1.997 2.011 2.022 2.045 2.049 2.079 2.085 2.144
0.00061788 -1.40000 7.90000 2.0000000000 2.5685424513    2.000  1.485  4.1078  4.637    1  0.000  0.538     0.00     0.00     0.00     0.00     0.00 -1    -1e-30      0.00 7.520e-01 2.474e-01 1.151e-04 3.143e-05 2.855e-04 -1.000 6.172e-04 1.056 0.665 0.810 0.917 1.094 1.245 1.744 1.847 1.855 1.924 1.936 1.951 1.963 1.986 1.991 2.023 2.029 2.091
0.00061788 -1.40000 7.90000 2.0499999523 2.5706083333    2.050  1.527  4.1157  4.637    1  0.000  0.537     0.00     0.00     0.00     0.00     0.00 -1    -1e-30      0.00 7.520e-01 2.474e-01 1.151e-04 3.143e-05 2.855e-04 -1.000 6.527e-04 0.952 0.545 0.696 0.810 0.994 1.151 1.674 1.783 1.792 1.864 1.877 1.892 1.905 1.929 1.934 1.968 1.975 2.040
0.00061788 -1.40000 7.90000 2.0999999046 2.5725614918    2.099  1.568  4.1234  4.637    1  0.000  0.537     0.00     0.00     0.00     0.00     0.00 -1    -1e-30      0.00 7.520e-01 2.474e-01 1.151e-04 3.143e-05 2.855e-04 -1.000 6.198e-04 0.849 0.428 0.587 0.707 0.898 1.060 1.605 1.721 1.730 1.806 1.819 1.835 1.848 1.873 1.879 1.914 1.921 1.989
0.00061788 -1.40000 7.90000 2.1364696026 2.5739199999    2.135  1.598  4.1287  4.636    1  0.000  0.537     0.00     0.00     0.00     0.00     0.00 -1    -1e-30      0.00 7.520e-01 2.473e-01 1.151e-04 3.143e-05 2.855e-04 -1.000 6.449e-04 0.776 0.346 0.509 0.634 0.829 0.996 1.556 1.676 1.685 1.763 1.777 1.793 1.807 1.832 1.838 1.875 1.882 1.952
0.00061788 -1.40000 7.90000 2.1500000954 2.5744105556    2.149  1.608  4.1306  4.636    1  0.000  0.537     0.00     0.00     0.00     0.00     0.00 -1    -1e-30      0.00 7.520e-01 2.473e-01 1.151e-04 3.143e-05 2.855e-04 -1.000 6.527e-04 0.749 0.316 0.481 0.607 0.804 0.972 1.538 1.659 1.669 1.748 1.762 1.778 1.792 1.817 1.823 1.861 1.868 1.938
0.00061788 -1.40000 7.90000 2.2000000477 2.5761632879    2.199  1.648  4.1377  4.635    1  0.000  0.537     0.00     0.00     0.00     0.00     0.00 -1    -1e-30      0.00 7.520e-01 2.473e-01 1.151e-04 3.142e-05 2.855e-04 -1.000 6.527e-04 0.651 0.205 0.377 0.509 0.712 0.885 1.472 1.599 1.609 1.691 1.706 1.722 1.736 1.763 1.769 1.808 1.815 1.888
0.00061788 -1.40000 7.90000 2.2500000000 2.5778267375    2.249  1.686  4.1445  4.634    1  0.000  0.537     0.00     0.00     0.00     0.00     0.00 -1    -1e-30      0.00 7.520e-01 2.473e-01 1.151e-04 3.142e-05 2.855e-04 -1.000 6.527e-04 0.555 0.099 0.277 0.414 0.623 0.801 1.407 1.539 1.549 1.634 1.650 1.666 1.681 1.709 1.715 1.756 1.763 1.838
0.00061788 -1.40000 7.90000 2.2999999523 2.5794072884    2.299  1.723  4.1511  4.632    1  0.000  0.537     0.00     0.00     0.00     0.00     0.00 -1    -1e-30      0.00 7.521e-01 2.473e-01 1.151e-04 3.142e-05 2.855e-04 -1.000 6.377e-04 0.461 -0.005 0.179 0.322 0.536 0.719 1.344 1.481 1.491 1.579 1.595 1.612 1.627 1.655 1.662 1.704 1.712 1.789
0.00061788 -1.40000 7.90000 2.3499999046 2.5809107422    2.349  1.760  4.1576  4.631    1  0.000  0.538     0.00     0.00     0.00     0.00     0.00 -1    -1e-30      0.00 7.499e-01 2.494e-01 1.158e-04 3.163e-05 2.872e-04 -1.000 6.527e-04 0.370 -0.103 0.086 0.234 0.453 0.640 1.283 1.425 1.435 1.526 1.542 1.559 1.575 1.604 1.611 1.654 1.662 1.742
0.00061788 -1.40000 7.90000 2.4000000954 2.5823423892    2.399  1.796  4.1637  4.629    1  0.000  0.538     0.00     0.00     0.00     0.00     0.00 -1    -1e-30      0.00 7.499e-01 2.494e-01 1.158e-04 3.163e-05 2.872e-04 -1.000 6.527e-04 0.280 -0.200 -0.005 0.147 0.372 0.563 1.221 1.368 1.379 1.472 1.489 1.506 1.523 1.552 1.559 1.604 1.612 1.694
0.00061788 -1.40000 7.90000 2.4399361610 2.5834375307    2.439  1.824  4.1683  4.627    1  0.000  0.538     0.00     0.00     0.00     0.00     0.00 -1    -1e-30      0.00 7.500e-01 2.494e-01 1.158e-04 3.163e-05 2.873e-04 -1.000 6.527e-04 0.210 -0.275 -0.076 0.080 0.308 0.503 1.173 1.323 1.334 1.429 1.447 1.464 1.481 1.511 1.518 1.564 1.572 1.656
0.00061788 -1.40000 7.90000 2.5996589661 2.5874333681    2.600  1.932  4.1858  4.616    1  0.000  0.538     0.00     0.00     0.00     0.00     0.00 -1    -1e-30      0.00 7.500e-01 2.493e-01 1.160e-04 3.166e-05 2.876e-04 -1.000 6.526e-04 -0.060 -0.561 -0.347 -0.177 0.065 0.271 0.985 1.148 1.160 1.262 1.281 1.300 1.317 1.350 1.357 1.407 1.416 1.505
0.00061788 -1.40000 7.90000 2.5999999046 2.5874412955    2.600  1.932  4.1859  4.616    1  0.000  0.538     0.00     0.00     0.00     0.00     0.00 -1    -1e-30      0.00 7.500e-01 2.493e-01 1.160e-04 3.166e-05 2.876e-04 -1.000 6.526e-04 -0.060 -0.562 -0.347 -0.178 0.064 0.271 0.985 1.147 1.159 1.262 1.281 1.299 1.317 1.349 1.357 1.407 1.415 1.504
0.00061788 -1.40000 7.90000 2.7315895557 2.5903318744    2.732  2.017  4.1989  4.605    1  0.000  0.538     0.00     0.00     0.00     0.00     0.00 -1    -1e-30      0.00 7.500e-01 2.493e-01 1.160e-04 3.166e-05 2.876e-04 -1.000 6.526e-04 -0.271 -0.782 -0.556 -0.377 -0.125 0.091 0.835 1.008 1.020 1.128 1.148 1.167 1.186 1.219 1.227 1.280 1.289 1.382
0.00061788 -1.40000 7.90000 2.8000001907 2.5917117867    2.800  2.059  4.2053  4.599    1  0.000  0.538     0.00     0.00     0.00     0.00     0.00 -1    -1e-30      0.00 7.500e-01 2.493e-01 1.160e-04 3.166e-05 2.876e-04 -1.000 6.526e-04 -0.378 -0.892 -0.660 -0.477 -0.220 0.000 0.759 0.936 0.949 1.059 1.080 1.099 1.119 1.153 1.161 1.215 1.224 1.320
0.00061788 -1.40000 7.90000 2.8190586567 2.5920825244    2.819  2.071  4.2070  4.597    1  0.000  0.538     0.00     0.00     0.00     0.00     0.00 -1    -1e-30      0.00 7.500e-01 2.493e-01 1.160e-04 3.166e-05 2.876e-04 -1.000 6.526e-04 -0.407 -0.922 -0.688 -0.504 -0.246 -0.024 0.738 0.916 0.929 1.040 1.061 1.081 1.100 1.135 1.143 1.197 1.207 1.302
0.00061788 -1.40000 7.90000 2.9707851410 2.5948399500    2.971  2.162  4.2201  4.582    1  0.000  0.538     0.00     0.00     0.00     0.00     0.00 -1    -1e-30      0.00 7.500e-01 2.493e-01 1.160e-04 3.166e-05 2.876e-04 -1.000 6.526e-04 -0.634 -1.154 -0.908 -0.715 -0.447 -0.217 0.574 0.761 0.775 0.891 0.913 0.933 0.954 0.990 0.999 1.055 1.065 1.165
0.00061788 -1.40000 7.90000 3.0000000000 2.5953341962    3.000  2.179  4.2225  4.578    1  0.000  0.538     0.00     0.00     0.00     0.00     0.00 -1    -1e-30      0.00 7.500e-01 2.493e-01 1.160e-04 3.166e-05 2.876e-04 -1.000 6.526e-04 -0.677 -1.197 -0.950 -0.755 -0.485 -0.253 0.543 0.732 0.745 0.863 0.885 0.905 0.926 0.962 0.971 1.028 1.038 1.138
0.00061788 -1.40000 7.90000 3.1023635864 2.5969818018    3.102  2.237  4.2304  4.566    1  0.000  0.538     0.00     0.00     0.00     0.00     0.00 -1    -1e-30      0.00 7.500e-01 2.493e-01 1.160e-04 3.166e-05 2.876e-04 -1.000 6.526e-04 -0.822 -1.345 -1.091 -0.891 -0.615 -0.378 0.435 0.630 0.644 0.764 0.787 0.808 0.829 0.866 0.875 0.934 0.944 1.047
0.00061788 -1.40000 7.90000 3.2000002861 2.5984409040    3.199  2.291  4.2376  4.554    1  0.000  0.538     0.00     0.00     0.00     0.00     0.00 -1    -1e-30      0.00 7.500e-01 2.493e-01 1.160e-04 3.166e-05 2.876e-04 -1.000 6.526e-04 -0.958 -1.481 -1.221 -1.016 -0.735 -0.493 0.334 0.533 0.548 0.671 0.695 0.716 0.738 0.776 0.785 0.845 0.855 0.960
0.00061788 -1.40000 7.90000 3.3146052361 2.6000280960    3.313  2.354  4.2455  4.539    1  0.000  0.538     0.00     0.00     0.00     0.00     0.00 -1    -1e-30      0.00 7.500e-01 2.493e-01 1.160e-04 3.166e-05 2.876e-04 -1.000 6.526e-04 -1.114 -1.637 -1.371 -1.161 -0.874 -0.627 0.216 0.421 0.435 0.562 0.587 0.608 0.630 0.669 0.679 0.741 0.751 0.858
0.00061788 -1.40000 7.90000 3.4000000954 2.6011310876    3.398  2.400  4.2511  4.526    1  0.000  0.538     0.00     0.00     0.00     0.00     0.00 -1    -1e-30      0.00 7.500e-01 2.493e-01 1.160e-04 3.166e-05 2.876e-04 -1.000 6.526e-04 -1.229 -1.752 -1.481 -1.267 -0.977 -0.726 0.127 0.337 0.351 0.481 0.505 0.527 0.550 0.589 0.599 0.662 0.672 0.780
0.00061788 -1.40000 7.90000 3.4880928993 2.6022040916    3.486  2.446  4.2566  4.513    1  0.000  0.538     0.00     0.00     0.00     0.00     0.00 -1    -1e-30      0.00 7.500e-01 2.493e-01 1.160e-04 3.166e-05 2.876e-04 -1.000 6.526e-04 -1.345 -1.868 -1.592 -1.375 -1.081 -0.827 0.037 0.251 0.265 0.397 0.422 0.444 0.467 0.507 0.517 0.581 0.592 0.701
0.00061788 -1.40000 7.90000 3.5895490646 2.6033651294    3.587  2.499  4.2625  4.496    1  0.000  0.538     0.00     0.00     0.00     0.00     0.00 -1    -1e-30      0.00 7.500e-01 2.493e-01 1.160e-04 3.166e-05 2.876e-04 -1.000 6.526e-04 -1.478 -1.999 -1.718 -1.498 -1.200 -0.942 -0.067 0.151 0.166 0.300 0.326 0.348 0.371 0.412 0.422 0.487 0.498 0.609
0.00061788 -1.40000 7.90000 3.5999999046 2.6034804580    3.598  2.504  4.2631  4.494    1  0.000  0.538     0.00     0.00     0.00     0.00     0.00 -1    -1e-30      0.00 7.500e-01 2.493e-01 1.160e-04 3.166e-05 2.876e-04 -1.000 6.526e-04 -1.491 -2.013 -1.731 -1.511 -1.212 -0.954 -0.078 0.140 0.155 0.290 0.316 0.338 0.362 0.402 0.412 0.478 0.488 0.600
0.00061788 -1.40000 7.90000 3.6882479191 2.6044244125    3.686  2.549  4.2679  4.479    1  0.000  0.538     0.00     0.00     0.00     0.00     0.00 -1    -1e-30      0.00 7.500e-01 2.493e-01 1.160e-04 3.166e-05 2.876e-04 -1.000 6.526e-04 -1.603 -2.124 -1.839 -1.616 -1.314 -1.053 -0.167 0.054 0.069 0.206 0.232 0.254 0.278 0.319 0.329 0.396 0.407 0.519
0.00061788 -1.40000 7.90000 3.8000001907 2.6055477311    3.798  2.606  4.2735  4.458    1  0.000  0.538     0.00     0.00     0.00     0.00     0.00 -1    -1e-30      0.00 7.500e-01 2.493e-01 1.160e-04 3.166e-05 2.876e-04 -1.000 6.527e-04 -1.744 -2.264 -1.975 -1.748 -1.443 -1.178 -0.282 -0.057 -0.041 0.097 0.124 0.147 0.171 0.213 0.223 0.291 0.302 0.416
0.00061788 -1.40000 7.90000 3.8522171974 2.6060469896    3.851  2.632  4.2760  4.448    1  0.000  0.538     0.00     0.00     0.00     0.00     0.00 -1    -1e-30      0.00 7.500e-01 2.493e-01 1.160e-04 3.166e-05 2.876e-04 -1.000 6.527e-04 -1.809 -2.328 -2.037 -1.809 -1.502 -1.236 -0.335 -0.108 -0.092 0.047 0.074 0.097 0.122 0.164 0.174 0.242 0.253 0.368
0.00061788 -1.40000 7.90000 3.9836013317 2.6072368667    3.984  2.697  4.2816  4.420    1  0.000  0.538     0.00     0.00     0.00     0.00     0.00 -1    -1e-30      0.00 7.500e-01 2.493e-01 1.160e-04 3.166e-05 2.876e-04 -1.000 6.526e-04 -1.972 -2.490 -2.194 -1.963 -1.653 -1.384 -0.472 -0.241 -0.225 -0.083 -0.055 -0.033 -0.007 0.035 0.046 0.115 0.126 0.242
0.00061788 -1.40000 7.90000 4.0000000000 2.6073790840    4.001  2.705  4.2823  4.416    1  0.000  0.538     0.00     0.00     0.00     0.00     0.00 -1    -1e-30      0.00 7.500e-01 2.493e-01 1.160e-04 3.166e-05 2.876e-04 -1.000 6.526e-04 -1.992 -2.510 -2.214 -1.983 -1.672 -1.402 -0.490 -0.257 -0.241 -0.099 -0.071 -0.049 -0.023 0.019 0.030 0.099 0.110 0.226
0.00061788 -1.40000 7.90000 4.1192655563 2.6083743606    4.118  2.764  4.2867  4.387    1  0.000  0.538     0.00     0.00     0.00     0.00     0.00 -1    -1e-30      0.00 7.500e-01 2.493e-01 1.160e-04 3.166e-05 2.876e-04 -1.000 6.526e-04 -2.140 -2.656 -2.357 -2.124 -1.810 -1.538 -0.618 -0.382 -0.366 -0.221 -0.193 -0.171 -0.145 -0.102 -0.091 -0.021 -0.010 0.107
0.00061788 -1.40000 7.90000 4.1999998093 2.6090113217    4.198  2.804  4.2893  4.366    1  0.000  0.538     0.00     0.00     0.00     0.00     0.00 -1    -1e-30      0.00 7.500e-01 2.493e-01 1.160e-04 3.166e-05 2.876e-04 -1.000 6.526e-04 -2.240 -2.755 -2.454 -2.220 -1.905 -1.631 -0.706 -0.468 -0.452 -0.306 -0.278 -0.255 -0.229 -0.186 -0.175 -0.105 -0.093 0.024
0.00061788 -1.40000 7.90000 4.2382898331 2.6093036767    4.236  2.823  4.2904  4.356    1  0.000  0.538     0.00     0.00     0.00     0.00     0.00 -1    -1e-30      0.00 7.500e-01 2.493e-01 1.160e-04 3.166e-05 2.876e-04 -1.000 6.526e-04 -2.287 -2.801 -2.500 -2.265 -1.949 -1.675 -0.748 -0.509 -0.493 -0.346 -0.318 -0.295 -0.269 -0.226 -0.215 -0.145 -0.133 -0.015
0.00061788 -1.40000 7.90000 4.3370075226 2.6100301061    4.334  2.871  4.2928  4.327    1  0.000  0.538     0.00     0.00     0.00     0.00     0.00 -1    -1e-30      0.00 7.500e-01 2.493e-01 1.160e-04 3.166e-05 2.876e-04 -1.000 6.526e-04 -2.408 -2.921 -2.619 -2.382 -2.065 -1.789 -0.858 -0.617 -0.601 -0.453 -0.425 -0.402 -0.376 -0.333 -0.322 -0.250 -0.239 -0.121
0.00061788 -1.40000 7.90000 4.4000000954 2.6104741055    4.397  2.902  4.2939  4.306    1  0.000  0.538     0.00     0.00     0.00     0.00     0.00 -1    -1e-30      0.00 7.500e-01 2.493e-01 1.160e-04 3.166e-05 2.876e-04 -1.000 6.526e-04 -2.486 -2.999 -2.696 -2.460 -2.142 -1.866 -0.933 -0.690 -0.674 -0.526 -0.498 -0.475 -0.448 -0.405 -0.394 -0.323 -0.311 -0.193
0.00061788 -1.40000 7.90000 4.4463253021 2.6107914102    4.444  2.925  4.2945  4.290    1  0.000  0.538     0.00     0.00     0.00     0.00     0.00 -1    -1e-30      0.00 7.500e-01 2.493e-01 1.160e-04 3.166e-05 2.876e-04 -1.000 6.527e-04 -2.543 -3.056 -2.753 -2.517 -2.199 -1.922 -0.988 -0.744 -0.729 -0.580 -0.551 -0.528 -0.502 -0.459 -0.448 -0.376 -0.365 -0.246
0.00061788 -1.40000 7.90000 4.5607514381 2.6115435001    4.558  2.983  4.2954  4.248    1  0.000  0.538     0.00     0.00     0.00     0.00     0.00 -1    -1e-30      0.00 7.500e-01 2.493e-01 1.160e-04 3.166e-05 2.876e-04 -1.000 6.526e-04 -2.687 -3.199 -2.897 -2.660 -2.342 -2.064 -1.129 -0.884 -0.868 -0.719 -0.690 -0.667 -0.641 -0.597 -0.586 -0.515 -0.503 -0.385
0.00061788 -1.40000 7.90000 4.5999999046 2.6117915791    4.597  3.003  4.2953  4.231    1  0.000  0.538     0.00     0.00     0.00     0.00     0.00 -1    -1e-30      0.00 7.500e-01 2.493e-01 1.160e-04 3.166e-05 2.876e-04 -1.000 6.526e-04 -2.737 -3.249 -2.947 -2.711 -2.392 -2.115 -1.180 -0.935 -0.919 -0.769 -0.740 -0.718 -0.691 -0.648 -0.637 -0.565 -0.554 -0.436
0.00061788 -1.40000 7.90000 4.6634230614 2.6121823281    4.661  3.035  4.2951  4.204    1  0.000  0.538     0.00     0.00     0.00     0.00     0.00 -1    -1e-30      0.00 7.500e-01 2.493e-01 1.160e-04 3.166e-05 2.876e-04 -1.000 6.526e-04 -2.817 -3.329 -3.028 -2.792 -2.474 -2.197 -1.263 -1.017 -1.001 -0.851 -0.822 -0.799 -0.773 -0.730 -0.719 -0.647 -0.635 -0.518
0.00061788 -1.40000 7.90000 4.7551875114 2.6127265245    4.753  3.083  4.2935  4.158    1  0.000  0.538     0.00     0.00     0.00     0.00     0.00 -1    -1e-30      0.00 7.500e-01 2.493e-01 1.160e-04 3.166e-05 2.876e-04 -1.000 6.527e-04 -2.937 -3.448 -3.151 -2.916 -2.599 -2.323 -1.392 -1.146 -1.131 -0.980 -0.952 -0.929 -0.903 -0.860 -0.849 -0.778 -0.766 -0.649
0.00061788 -1.40000 7.90000 4.8000001907 2.6129836005    4.798  3.107  4.2921  4.133    1  0.000  0.538     0.00     0.00     0.00     0.00     0.00 -1    -1e-30      0.00 7.500e-01 2.493e-01 1.160e-04 3.166e-05 2.876e-04 -1.000 6.527e-04 -2.996 -3.508 -3.212 -2.979 -2.663 -2.388 -1.460 -1.214 -1.199 -1.049 -1.020 -0.998 -0.972 -0.929 -0.918 -0.847 -0.835 -0.719
0.00061788 -1.40000 7.90000 4.8317127228 2.6131622153    4.830  3.123  4.2911  4.115    1  0.000  0.538     0.00     0.00     0.00     0.00     0.00 -1    -1e-30      0.00 7.500e-01 2.493e-01 1.160e-04 3.166e-05 2.876e-04 -1.000 6.527e-04 -3.038 -3.550 -3.256 -3.024 -2.708 -2.433 -1.508 -1.262 -1.247 -1.097 -1.068 -1.046 -1.020 -0.977 -0.966 -0.895 -0.884 -0.768
0.00061788 -1.40000 7.90000 4.9070062637 2.6135756768    4.906  3.164  4.2875  4.067    1  0.000  0.538     0.00     0.00     0.00     0.00     0.00 -1    -1e-30      0.00 7.500e-01 2.493e-01 1.160e-04 3.166e-05 2.876e-04 -1.000 6.526e-04 -3.140 -3.652 -3.362 -3.133 -2.820 -2.547 -1.628 -1.384 -1.369 -1.220 -1.191 -1.169 -1.144 -1.101 -1.090 -1.020 -1.009 -0.895
0.00061788 -1.40000 7.90000 4.9841504097 2.6139844354    4.983  3.207  4.2821  4.009    1  0.000  0.538     0.00     0.00     0.00     0.00     0.00 -1    -1e-30      0.00 7.500e-01 2.493e-01 1.160e-04 3.166e-05 2.876e-04 -1.000 6.526e-04 -3.248 -3.761 -3.478 -3.253 -2.943 -2.673 -1.766 -1.523 -1.509 -1.360 -1.332 -1.311 -1.286 -1.244 -1.233 -1.164 -1.153 -1.041
0.00061788 -1.40000 7.90000 5.0000000000 2.6140666223    4.999  3.217  4.2806  3.995    1  0.000  0.538     0.00     0.00     0.00     0.00     0.00 -1    -1e-30      0.00 7.500e-01 2.493e-01 1.160e-04 3.166e-05 2.876e-04 -1.000 6.526e-04 -3.271 -3.785 -3.503 -3.279 -2.971 -2.701 -1.797 -1.555 -1.540 -1.392 -1.364 -1.343 -1.318 -1.276 -1.266 -1.197 -1.186 -1.074
0.00061788 -1.40000 7.90000 5.0274767876 2.6142076901    5.027  3.232  4.2784  3.973    1  0.000  0.538     0.00     0.00     0.00     0.00     0.00 -1    -1e-30      0.00 7.500e-01 2.493e-01 1.160e-04 3.166e-05 2.876e-04 -1.000 6.526e-04 -3.310 -3.824 -3.546 -3.323 -3.016 -2.748 -1.848 -1.607 -1.592 -1.445 -1.417 -1.396 -1.371 -1.330 -1.319 -1.251 -1.240 -1.130
0.00061788 -1.40000 7.90000 5.0921506882 2.6145328312    5.091  3.270  4.2721  3.915    1  0.000  0.538     0.00     0.00     0.00     0.00     0.00 -1    -1e-30      0.00 7.500e-01 2.493e-01 1.160e-04 3.166e-05 2.876e-04 -1.000 6.527e-04 -3.406 -3.920 -3.650 -3.432 -3.129 -2.865 -1.976 -1.738 -1.724 -1.578 -1.551 -1.530 -1.506 -1.465 -1.455 -1.388 -1.377 -1.269
0.00061788 -1.40000 7.90000 5.1489858627 2.6148108231    5.148  3.307  4.2662  3.859    1  0.000  0.538     0.00     0.00     0.00     0.00     0.00 -1    -1e-30      0.00 7.500e-01 2.493e-01 1.160e-04 3.166e-05 2.876e-04 -1.000 6.526e-04 -3.497 -4.012 -3.749 -3.536 -3.237 -2.977 -2.099 -1.863 -1.849 -1.705 -1.679 -1.658 -1.634 -1.595 -1.584 -1.518 -1.508 -1.402
0.00061788 -1.40000 7.90000 5.1739172935 2.6149305536    5.173  3.324  4.2651  3.840    1  0.000  0.538     0.00     0.00     0.00     0.00     0.00 -1    -1e-30      0.00 7.500e-01 2.493e-01 1.160e-04 3.166e-05 2.876e-04 -1.000 6.526e-04 -3.540 -4.055 -3.793 -3.582 -3.284 -3.023 -2.148 -1.912 -1.899 -1.755 -1.728 -1.708 -1.684 -1.645 -1.634 -1.569 -1.558 -1.453
0.00061788 -1.40000 7.90000 5.1888942719 2.6150018431    5.189  3.337  4.2699  3.848    1  0.000  0.538     0.00     0.00     0.00     0.00     0.00 -1    -1e-30      0.00 7.500e-01 2.493e-01 1.160e-04 3.166e-05 2.876e-04 -1.000 6.526e-04 -3.572 -4.087 -3.821 -3.606 -3.305 -3.042 -2.157 -1.918 -1.904 -1.759 -1.732 -1.711 -1.687 -1.647 -1.637 -1.570 -1.560 -1.452
0.00061788 -1.40000 7.90000 5.1959719658 2.6150353681    5.196  3.343  4.2722  3.851    1  0.000  0.538     0.00     0.00     0.00     0.00     0.00 -1    -1e-30      0.00 7.500e-01 2.493e-01 1.160e-04 3.166e-05 2.876e-04 -1.000 6.526e-04 -3.588 -4.102 -3.834 -3.618 -3.315 -3.051 -2.161 -1.921 -1.907 -1.761 -1.734 -1.713 -1.689 -1.648 -1.638 -1.571 -1.560 -1.452
0.00061788 -1.40000 7.90000 5.2071218491 2.6150879693    5.207  3.357  4.2827  3.880    1  0.000  0.538     0.00     0.00     0.00     0.00     0.00 -1    -1e-30      0.00 7.500e-01 2.493e-01 1.160e-04 3.166e-05 2.876e-04 -1.000 6.526e-04 -3.623 -4.137 -3.859 -3.636 -3.326 -3.055 -2.145 -1.898 -1.884 -1.734 -1.706 -1.685 -1.660 -1.618 -1.608 -1.538 -1.528 -1.416
0.00061788 -1.40000 7.90000 5.2106285095 2.6151044590    5.210  3.369  4.2934  3.911    1  0.000  0.538     0.00     0.00     0.00     0.00     0.00 -1    -1e-30      0.00 7.500e-01 2.493e-01 1.160e-04 3.166e-05 2.876e-04 -1.000 6.527e-04 -3.653 -4.165 -3.876 -3.646 -3.330 -3.053 -2.122 -1.870 -1.855 -1.702 -1.673 -1.651 -1.625 -1.582 -1.571 -1.500 -1.489 -1.374
0.00061788 -1.40000 7.90000 5.2122187614 2.6151119286    5.212  3.384  4.3037  3.938    1  0.000  0.538     0.00     0.00     0.00     0.00     0.00 -1    -1e-30      0.00 7.500e-01 2.493e-01 1.160e-04 3.166e-05 2.876e-04 -1.000 6.526e-04 -3.689 -4.197 -3.899 -3.662 -3.339 -3.057 -2.107 -1.849 -1.834 -1.677 -1.647 -1.625 -1.598 -1.554 -1.543 -1.470 -1.458 -1.340
0.00061788 -1.40000 7.90000 5.2130708694 2.6151159289    5.213  3.398  4.3121  3.958    1  0.000  0.538     0.00     0.00     0.00     0.00     0.00 -1    -1e-30      0.00 7.500e-01 2.493e-01 1.160e-04 3.166e-05 2.876e-04 -1.000 6.526e-04 -3.725 -4.230 -3.923 -3.681 -3.354 -3.067 -2.102 -1.839 -1.823 -1.664 -1.634 -1.611 -1.583 -1.539 -1.527 -1.452 -1.440 -1.320
0.00061788 -1.40000 7.90000 5.2131857872 2.6151164683    5.213  3.400  4.3131  3.960    1  0.000  0.538     0.00     0.00     0.00     0.00     0.00 -1    -1e-30      0.00 7.500e-01 2.493e-01 1.160e-04 3.166e-05 2.876e-04 -1.000 6.526e-04 -3.729 -4.234 -3.926 -3.684 -3.355 -3.068 -2.101 -1.838 -1.822 -1.662 -1.632 -1.609 -1.581 -1.537 -1.525 -1.450 -1.438 -1.317
0.00061788 -1.40000 7.90000 5.2135181427 2.6151180280    5.213  3.384  4.3070  3.952    2  0.000  0.538     0.00     0.00     0.00     0.00     0.00 -1    -1e-30      0.00 7.500e-01 2.493e-01 1.160e-04 3.166e-05 2.876e-04 -1.000 6.526e-04 -3.689 -4.197 -3.895 -3.656 -3.331 -3.047 -2.091 -1.831 -1.816 -1.658 -1.628 -1.606 -1.579 -1.534 -1.523 -1.449 -1.437 -1.318
0.00061788 -1.40000 7.90000 5.2138447762 2.6151195608    5.214  3.369  4.2958  3.922    2  0.000  0.538     0.00     0.00     0.00     0.00     0.00 -1    -1e-30      0.00 7.500e-01 2.493e-01 1.160e-04 3.166e-05 2.876e-04 -1.000 6.527e-04 -3.652 -4.162 -3.871 -3.640 -3.322 -3.044 -2.109 -1.855 -1.840 -1.686 -1.657 -1.635 -1.609 -1.566 -1.555 -1.483 -1.472 -1.356
0.00061788 -1.40000 7.90000 5.2141613960 2.6151210463    5.214  3.371  4.2839  3.872    2  0.000  0.538     0.00     0.00     0.00     0.00     0.00 -1    -1e-30      0.00 7.500e-01 2.493e-01 1.160e-04 3.166e-05 2.876e-04 -1.000 6.527e-04 -3.658 -4.171 -3.892 -3.669 -3.358 -3.087 -2.174 -1.927 -1.913 -1.762 -1.734 -1.713 -1.688 -1.646 -1.635 -1.566 -1.555 -1.443
0.00061788 -1.40000 7.90000 5.2145013809 2.6151226412    5.214  3.387  4.2721  3.809    2  0.000  0.538     0.00     0.00     0.00     0.00     0.00 -1    -1e-30      0.00 7.500e-01 2.493e-01 1.160e-04 3.166e-05 2.876e-04 -1.000 6.526e-04 -3.697 -4.212 -3.946 -3.731 -3.428 -3.163 -2.273 -2.032 -2.018 -1.871 -1.844 -1.824 -1.799 -1.759 -1.749 -1.682 -1.671 -1.563
0.00061788 -1.40000 7.90000 5.2148718834 2.6151243789    5.215  3.406  4.2603  3.743    2  0.000  0.538     0.00     0.00     0.00     0.00     0.00 -1    -1e-30      0.00 7.500e-01 2.493e-01 1.160e-04 3.166e-05 2.876e-04 -1.000 6.526e-04 -3.744 -4.259 -4.006 -3.798 -3.504 -3.246 -2.379 -2.144 -2.131 -1.988 -1.961 -1.942 -1.918 -1.880 -1.869 -1.805 -1.794 -1.691
0.00061788 -1.40000 7.90000 5.2152619362 2.6151262081    5.215  3.421  4.2485  3.680    2  0.000  0.538     0.00     0.00     0.00     0.00     0.00 -1    -1e-30      0.00 7.500e-01 2.493e-01 1.160e-04 3.166e-05 2.876e-04 -1.000 6.526e-04 -3.783 -4.297 -4.055 -3.856 -3.570 -3.320 -2.478 -2.248 -2.236 -2.096 -2.071 -2.052 -2.030 -1.992 -1.982 -1.920 -1.910 -1.812
0.00061788 -1.40000 7.90000 5.2156620026 2.6151280839    5.215  3.433  4.2366  3.621    2  0.000  0.538     0.00     0.00     0.00     0.00     0.00 -1    -1e-30      0.00 7.500e-01 2.493e-01 1.160e-04 3.166e-05 2.876e-04 -1.000 6.526e-04 -3.813 -4.324 -4.095 -3.904 -3.626 -3.384 -2.568 -2.344 -2.332 -2.196 -2.172 -2.154 -2.132 -2.097 -2.087 -2.027 -2.018 -1.923
0.00061788 -1.40000 7.90000 5.2160663605 2.6151299795    5.216  3.443  4.2247  3.563    2  0.000  0.538     0.00     0.00     0.00     0.00     0.00 -1    -1e-30      0.00 7.500e-01 2.493e-01 1.160e-04 3.166e-05 2.876e-04 -1.000 6.525e-04 -3.837 -4.343 -4.126 -3.944 -3.675 -3.441 -2.651 -2.433 -2.423 -2.290 -2.267 -2.250 -2.229 -2.195 -2.185 -2.128 -2.119 -2.030
0.00061788 -1.40000 7.90000 5.2164692879 2.6151318681    5.216  3.451  4.2128  3.508    2  0.000  0.538     0.00     0.00     0.00     0.00     0.00 -1    -1e-30      0.00 7.500e-01 2.493e-01 1.160e-04 3.166e-05 2.876e-04 -1.000 6.526e-04 -3.856 -4.356 -4.151 -3.977 -3.718 -3.492 -2.730 -2.518 -2.508 -2.380 -2.357 -2.341 -2.321 -2.288 -2.279 -2.225 -2.216 -2.131
0.00061788 -1.40000 7.90000 5.2168660164 2.6151337272    5.217  3.457  4.2009  3.454    2  0.000  0.538     0.00     0.00     0.00     0.00     0.00 -1    -1e-30      0.00 7.500e-01 2.493e-01 1.160e-04 3.166e-05 2.876e-04 -1.000 6.527e-04 -3.873 -4.364 -4.172 -4.007 -3.758 -3.540 -2.805 -2.600 -2.591 -2.466 -2.444 -2.429 -2.410 -2.379 -2.370 -2.319 -2.311 -2.230
0.00061788 -1.40000 7.90000 5.2172513008 2.6151355325    5.217  3.462  4.1889  3.401    2  0.000  0.538     0.00     0.00     0.00     0.00     0.00 -1    -1e-30      0.00 7.500e-01 2.493e-01 1.160e-04 3.166e-05 2.876e-04 -1.000 6.526e-04 -3.886 -4.367 -4.187 -4.033 -3.794 -3.584 -2.877 -2.678 -2.670 -2.549 -2.529 -2.514 -2.496 -2.467 -2.459 -2.410 -2.402 -2.327
0.00061788 -1.40000 7.90000 5.2176232338 2.6151372748    5.217  3.467  4.1769  3.348    2  0.000  0.538     0.00     0.00     0.00     0.00     0.00 -1    -1e-30      0.00 7.500e-01 2.493e-01 1.160e-04 3.166e-05 2.876e-04 -1.000 6.526e-04 -3.897 -4.367 -4.199 -4.054 -3.826 -3.625 -2.947 -2.754 -2.747 -2.630 -2.611 -2.597 -2.581 -2.553 -2.545 -2.499 -2.492 -2.421
0.00061788 -1.40000 7.90000 5.2179789543 2.6151389410    5.218  3.471  4.1650  3.297    2  0.000  0.538     0.00     0.00     0.00     0.00     0.00 -1    -1e-30      0.00 7.500e-01 2.493e-01 1.160e-04 3.166e-05 2.876e-04 -1.000 6.526e-04 -3.907 -4.361 -4.206 -4.070 -3.853 -3.661 -3.015 -2.828 -2.822 -2.709 -2.691 -2.678 -2.662 -2.636 -2.628 -2.586 -2.579 -2.513
0.00061788 -1.40000 7.90000 5.2183170319 2.6151405243    5.218  3.474  4.1530  3.245    2  0.000  0.538     0.00     0.00     0.00     0.00     0.00 -1    -1e-30      0.00 7.500e-01 2.493e-01 1.160e-04 3.166e-05 2.876e-04 -1.000 6.526e-04 -3.915 -4.352 -4.209 -4.083 -3.878 -3.695 -3.081 -2.900 -2.895 -2.787 -2.769 -2.757 -2.743 -2.718 -2.711 -2.671 -2.664 -2.604
0.00061788 -1.40000 7.90000 5.2186365128 2.6151420203    5.218  3.477  4.1410  3.195    2  0.000  0.538     0.00     0.00     0.00     0.00     0.00 -1    -1e-30      0.00 7.500e-01 2.493e-01 1.160e-04 3.166e-05 2.876e-04 -1.000 6.526e-04 -3.922 -4.339 -4.207 -4.091 -3.898 -3.724 -3.144 -2.970 -2.966 -2.862 -2.845 -2.835 -2.821 -2.798 -2.791 -2.754 -2.748 -2.693
0.00061788 -1.40000 7.90000 5.2189373970 2.6151434290    5.219  3.479  4.1290  3.145    2  0.000  0.538     0.00     0.00     0.00     0.00     0.00 -1    -1e-30      0.00 7.500e-01 2.493e-01 1.160e-04 3.166e-05 2.876e-04 -1.000 6.526e-04 -3.927 -4.320 -4.200 -4.095 -3.914 -3.750 -3.206 -3.039 -3.035 -2.936 -2.920 -2.910 -2.898 -2.876 -2.870 -2.836 -2.831 -2.781
0.00061788 -1.40000 7.90000 5.2192206383 2.6151447549    5.219  3.481  4.1169  3.095    2  0.000  0.538     0.00     0.00     0.00     0.00     0.00 -1    -1e-30      0.00 7.500e-01 2.493e-01 1.160e-04 3.166e-05 2.876e-04 -1.000 6.526e-04 -3.931 -4.299 -4.191 -4.096 -3.928 -3.773 -3.267 -3.106 -3.104 -3.008 -2.993 -2.985 -2.973 -2.953 -2.947 -2.916 -2.912 -2.868
0.00061788 -1.40000 7.90000 5.2194852829 2.6151459936    5.219  3.482  4.1049  3.046    2  0.000  0.538     0.00     0.00     0.00     0.00     0.00 -1    -1e-30      0.00 7.500e-01 2.493e-01 1.160e-04 3.166e-05 2.876e-04 -1.000 6.526e-04 -3.935 -4.273 -4.176 -4.092 -3.937 -3.792 -3.326 -3.172 -3.170 -3.079 -3.065 -3.057 -3.047 -3.029 -3.023 -2.995 -2.991 -2.953
0.00061788 -1.40000 7.90000 5.2197332382 2.6151471541    5.219  3.483  4.0929  2.997    2  0.000  0.538     0.00     0.00     0.00     0.00     0.00 -1    -1e-30      0.00 7.500e-01 2.493e-01 1.160e-04 3.166e-05 2.876e-04 -1.000 6.526e-04 -3.937 -4.242 -4.156 -4.083 -3.941 -3.807 -3.382 -3.236 -3.235 -3.148 -3.135 -3.128 -3.119 -3.102 -3.097 -3.072 -3.069 -3.038
0.00061788 -1.40000 7.90000 5.2199649811 2.6151482386    5.220  3.484  4.0809  2.948    2  0.000  0.538     0.00     0.00     0.00     0.00     0.00 -1    -1e-30      0.00 7.500e-01 2.493e-01 1.160e-04 3.166e-05 2.876e-04 -1.000 6.526e-04 -3.939 -4.206 -4.133 -4.071 -3.943 -3.818 -3.437 -3.297 -3.297 -3.215 -3.203 -3.197 -3.189 -3.174 -3.169 -3.148 -3.145 -3.120
0.00061788 -1.40000 7.90000 5.2201814651 2.6151492516    5.220  3.484  4.0689  2.899    2  0.000  0.538     0.00     0.00     0.00     0.00     0.00 -1    -1e-30      0.00 7.500e-01 2.493e-01 1.160e-04 3.166e-05 2.876e-04 -1.000 6.526e-04 -3.940 -4.166 -4.104 -4.053 -3.939 -3.824 -3.489 -3.357 -3.358 -3.280 -3.270 -3.265 -3.257 -3.244 -3.240 -3.222 -3.220 -3.201
0.00061788 -1.40000 7.90000 5.2203841209 2.6151501997    5.220  3.484  4.0569  2.851    2  0.000  0.538     0.00     0.00     0.00     0.00     0.00 -1    -1e-30      0.00 7.500e-01 2.493e-01 1.160e-04 3.166e-05 2.876e-04 -1.000 6.527e-04 -3.940 -4.119 -4.069 -4.030 -3.930 -3.825 -3.540 -3.415 -3.417 -3.344 -3.335 -3.331 -3.324 -3.313 -3.309 -3.294 -3.293 -3.281
0.00061788 -1.40000 7.90000 5.2205729485 2.6151510831    5.220  3.484  4.0449  2.803    2  0.000  0.538     0.00     0.00     0.00     0.00     0.00 -1    -1e-30      0.00 7.500e-01 2.493e-01 1.160e-04 3.166e-05 2.876e-04 -1.000 6.526e-04 -3.939 -4.066 -4.027 -4.000 -3.915 -3.820 -3.588 -3.472 -3.475 -3.406 -3.398 -3.395 -3.389 -3.380 -3.376 -3.365 -3.364 -3.360
0.00061788 -1.40000 7.90000 5.2207493782 2.6151519085    5.220  3.483  4.0329  2.756    2  0.000  0.538     0.00     0.00     0.00     0.00     0.00 -1    -1e-30      0.00 7.500e-01 2.493e-01 1.160e-04 3.166e-05 2.876e-04 -1.000 6.526e-04 -3.938 -4.006 -3.979 -3.965 -3.896 -3.811 -3.635 -3.527 -3.531 -3.467 -3.460 -3.457 -3.453 -3.445 -3.442 -3.435 -3.434 -3.438
0.00061788 -1.40000 7.90000 5.2209138870 2.6151526780    5.221  3.483  4.0209  2.708    2  0.000  0.538     0.00     0.00     0.00     0.00     0.00 -1    -1e-30      0.00 7.500e-01 2.493e-01 1.160e-04 3.166e-05 2.876e-04 -1.000 6.526e-04 -3.937 -3.940 -3.924 -3.923 -3.870 -3.796 -3.680 -3.580 -3.585 -3.526 -3.520 -3.518 -3.515 -3.509 -3.506 -3.502 -3.503 -3.514
0.00061788 -1.40000 7.90000 5.2210679054 2.6151533984    5.221  3.482  4.0089  2.661    2  0.000  0.538     0.00     0.00     0.00     0.00     0.00 -1    -1e-30      0.00 7.500e-01 2.493e-01 1.160e-04 3.166e-05 2.876e-04 -1.000 6.527e-04 -3.935 -3.866 -3.860 -3.873 -3.839 -3.775 -3.723 -3.632 -3.638 -3.583 -3.578 -3.577 -3.575 -3.570 -3.568 -3.568 -3.570 -3.590
0.00061788 -1.40000 7.90000 5.2212119102 2.6151540719    5.221  3.481  3.9969  2.614    2  0.000  0.538     0.00     0.00     0.00     0.00     0.00 -1    -1e-30      0.00 7.500e-01 2.493e-01 1.160e-04 3.166e-05 2.876e-04 -1.000 6.526e-04 -3.932 -3.782 -3.787 -3.815 -3.800 -3.749 -3.764 -3.682 -3.688 -3.638 -3.634 -3.634 -3.633 -3.630 -3.628 -3.633 -3.635 -3.663
0.00061788 -1.40000 7.90000 5.2213468552 2.6151547030    5.221  3.480  3.9849  2.568    2  0.000  0.538     0.00     0.00     0.00     0.00     0.00 -1    -1e-30      0.00 7.500e-01 2.493e-01 1.160e-04 3.166e-05 2.876e-04 -1.000 6.526e-04 -3.929 -3.687 -3.704 -3.748 -3.755 -3.716 -3.801 -3.729 -3.736 -3.691 -3.688 -3.689 -3.689 -3.688 -3.686 -3.695 -3.698 -3.735
0.00061788 -1.40000 7.90000 5.2214732170 2.6151552939    5.221  3.478  3.9730  2.521    2  0.000  0.538     0.00     0.00     0.00     0.00     0.00 -1    -1e-30      0.00 7.500e-01 2.493e-01 1.160e-04 3.166e-05 2.876e-04 -1.000 6.526e-04 -3.926 -3.580 -3.610 -3.672 -3.703 -3.677 -3.835 -3.773 -3.780 -3.741 -3.739 -3.741 -3.742 -3.742 -3.742 -3.754 -3.758 -3.803
0.00061788 -1.40000 7.90000 5.2215919495 2.6151558492    5.221  3.477  3.9610  2.475    2  0.000  0.538     0.00     0.00     0.00     0.00     0.00 -1    -1e-30      0.00 7.500e-01 2.493e-01 1.160e-04 3.166e-05 2.876e-04 -1.000 6.526e-04 -3.922 -3.458 -3.507 -3.587 -3.644 -3.633 -3.862 -3.812 -3.820 -3.787 -3.787 -3.790 -3.791 -3.794 -3.794 -3.812 -3.817 -3.869
0.00061788 -1.40000 7.90000 5.2217040062 2.6151563731    5.221  3.475  3.9491  2.429    2  0.000  0.538     0.00     0.00     0.00     0.00     0.00 -1    -1e-30      0.00 7.500e-01 2.493e-01 1.160e-04 3.166e-05 2.876e-04 -1.000 6.526e-04 -3.918 -3.318 -3.393 -3.495 -3.581 -3.586 -3.883 -3.844 -3.853 -3.828 -3.830 -3.834 -3.837 -3.843 -3.844 -3.866 -3.872 -3.932
0.00061788 -1.40000 7.90000 5.2218089104 2.6151568636    5.221  3.473  3.9372  2.383    2  0.000  0.538     0.00     0.00     0.00     0.00     0.00 -1    -1e-30      0.00 7.500e-01 2.493e-01 1.160e-04 3.166e-05 2.876e-04 -1.000 6.526e-04 -3.914 -3.159 -3.270 -3.396 -3.514 -3.536 -3.897 -3.870 -3.880 -3.864 -3.867 -3.873 -3.879 -3.888 -3.889 -3.918 -3.925 -3.991
0.00061788 -1.40000 7.90000 5.2219080925 2.6151573274    5.222  3.472  3.9253  2.337    2  0.000  0.538     0.00     0.00     0.00     0.00     0.00 -1    -1e-30      0.00 7.500e-01 2.493e-01 1.160e-04 3.166e-05 2.876e-04 -1.000 6.526e-04 -3.909 -2.976 -3.138 -3.293 -3.446 -3.487 -3.902 -3.887 -3.899 -3.894 -3.899 -3.908 -3.915 -3.929 -3.932 -3.967 -3.974 -4.047
0.00061788 -1.40000 7.90000 5.2220015526 2.6151577643    5.222  3.470  3.9134  2.292    2  0.000  0.538     0.00     0.00     0.00     0.00     0.00 -1    -1e-30      0.00 7.500e-01 2.493e-01 1.160e-04 3.166e-05 2.876e-04 -1.000 6.526e-04 -3.904 -2.769 -3.001 -3.190 -3.380 -3.442 -3.898 -3.892 -3.907 -3.916 -3.924 -3.936 -3.946 -3.965 -3.970 -4.014 -4.021 -4.099
0.00061788 -1.40000 7.90000 5.2220897675 2.6151581767    5.222  3.467  3.9014  2.246    2  0.000  0.538     0.00     0.00     0.00     0.00     0.00 -1    -1e-30      0.00 7.500e-01 2.493e-01 1.160e-04 3.166e-05 2.876e-04 -1.000 6.527e-04 -3.898 -2.546 -2.861 -3.090 -3.317 -3.400 -3.885 -3.888 -3.907 -3.930 -3.943 -3.958 -3.973 -3.999 -4.005 -4.058 -4.066 -4.147
0.00061788 -1.40000 7.90000 5.2221722603 2.6151585624    5.222  3.465  3.8895  2.201    2  0.000  0.538     0.00     0.00     0.00     0.00     0.00 -1    -1e-30      0.00 7.500e-01 2.493e-01 1.160e-04 3.166e-05 2.876e-04 -1.000 6.526e-04 -3.893 -2.315 -2.720 -2.992 -3.258 -3.362 -3.862 -3.873 -3.896 -3.938 -3.954 -3.975 -3.994 -4.028 -4.035 -4.099 -4.107 -4.192
0.00061788 -1.40000 7.90000 5.2222495079 2.6151589235    5.222  3.463  3.8776  2.156    2  0.000  0.538     0.00     0.00     0.00     0.00     0.00 -1    -1e-30      0.00 7.500e-01 2.493e-01 1.160e-04 3.166e-05 2.876e-04 -1.000 6.527e-04 -3.887 -2.094 -2.582 -2.901 -3.207 -3.332 -3.825 -3.841 -3.872 -3.936 -3.957 -3.984 -4.008 -4.052 -4.061 -4.137 -4.145 -4.231
0.00061788 -1.40000 7.90000 5.2223229408 2.6151592668    5.222  3.460  3.8657  2.110    2  0.000  0.538     0.00     0.00     0.00     0.00     0.00 -1    -1e-30      0.00 7.500e-01 2.493e-01 1.160e-04 3.166e-05 2.876e-04 -1.000 6.526e-04 -3.880 -1.883 -2.444 -2.815 -3.160 -3.307 -3.780 -3.800 -3.840 -3.929 -3.956 -3.990 -4.020 -4.074 -4.086 -4.173 -4.181 -4.269
0.00061788 -1.40000 7.90000 5.2223916054 2.6151595878    5.222  3.458  3.8538  2.066    2  0.000  0.538     0.00     0.00     0.00     0.00     0.00 -1    -1e-30      0.00 7.500e-01 2.493e-01 1.160e-04 3.166e-05 2.876e-04 -1.000 6.526e-04 -3.874 -1.686 -2.308 -2.732 -3.118 -3.288 -3.725 -3.747 -3.799 -3.917 -3.950 -3.993 -4.029 -4.093 -4.108 -4.208 -4.215 -4.305
0.00061788 -1.40000 7.90000 5.2224569321 2.6151598931    5.222  3.455  3.8420  2.021    2  0.000  0.538     0.00     0.00     0.00     0.00     0.00 -1    -1e-30      0.00 7.500e-01 2.493e-01 1.160e-04 3.166e-05 2.876e-04 -1.000 6.526e-04 -3.867 -1.499 -2.167 -2.650 -3.079 -3.272 -3.663 -3.686 -3.752 -3.900 -3.941 -3.991 -4.034 -4.110 -4.126 -4.240 -4.247 -4.339
0.00061788 -1.40000 7.90000 5.2225179672 2.6151601784    5.222  3.452  3.8302  1.977    2  0.000  0.538     0.00     0.00     0.00     0.00     0.00 -1    -1e-30      0.00 7.500e-01 2.493e-01 1.160e-04 3.166e-05 2.876e-04 -1.000 6.526e-04 -3.860 -1.316 -2.015 -2.561 -3.039 -3.257 -3.600 -3.624 -3.702 -3.880 -3.927 -3.986 -4.035 -4.122 -4.142 -4.269 -4.276 -4.369
0.00061788 -1.40000 7.90000 5.2225756645 2.6151604481    5.222  3.449  3.8184  1.933    2  0.000  0.538     0.00     0.00     0.00     0.00     0.00 -1    -1e-30      0.00 7.500e-01 2.493e-01 1.160e-04 3.166e-05 2.876e-04 -1.000 6.526e-04 -3.852 -1.135 -1.838 -2.459 -2.993 -3.238 -3.534 -3.559 -3.649 -3.855 -3.908 -3.976 -4.031 -4.130 -4.152 -4.292 -4.299 -4.397
0.00061788 -1.40000 7.90000 5.2226300240 2.6151607022    5.222  3.446  3.8066  1.889    2  0.000  0.538     0.00     0.00     0.00     0.00     0.00 -1    -1e-30      0.00 7.500e-01 2.493e-01 1.160e-04 3.166e-05 2.876e-04 -1.000 6.527e-04 -3.844 -0.971 -1.662 -2.358 -2.949 -3.222 -3.462 -3.487 -3.591 -3.827 -3.886 -3.964 -4.025 -4.135 -4.160 -4.314 -4.321 -4.423
0.00061788 -1.40000 7.90000 5.2226810455 2.6151609406    5.222  3.442  3.7950  1.846    2  0.000  0.538     0.00     0.00     0.00     0.00     0.00 -1    -1e-30      0.00 7.500e-01 2.493e-01 1.160e-04 3.166e-05 2.876e-04 -1.000 6.526e-04 -3.836 -0.827 -1.488 -2.258 -2.905 -3.205 -3.385 -3.411 -3.528 -3.795 -3.861 -3.947 -4.015 -4.136 -4.164 -4.332 -4.339 -4.447
0.00061788 -1.40000 7.90000 5.2227306366 2.6151611724    5.222  3.439  3.7835  1.803    2  0.000  0.538     0.00     0.00     0.00     0.00     0.00 -1    -1e-30      0.00 7.500e-01 2.493e-01 1.160e-04 3.166e-05 2.876e-04 -1.000 6.526e-04 -3.827 -0.686 -1.299 -2.143 -2.852 -3.180 -3.306 -3.334 -3.464 -3.762 -3.834 -3.929 -4.002 -4.135 -4.165 -4.346 -4.354 -4.468
0.00061788 -1.40000 7.90000 5.2227778435 2.6151613931    5.222  3.435  3.7723  1.762    2  0.000  0.538     0.00     0.00     0.00     0.00     0.00 -1    -1e-30      0.00 7.500e-01 2.493e-01 1.160e-04 3.166e-05 2.876e-04 -1.000 6.526e-04 -3.818 -0.542 -1.076 -1.997 -2.776 -3.132 -3.220 -3.254 -3.397 -3.727 -3.805 -3.909 -3.988 -4.131 -4.164 -4.359 -4.367 -4.488
0.00061788 -1.40000 7.90000 5.2228226662 2.6151616025    5.222  3.431  3.7616  1.723    2  0.000  0.538     0.00     0.00     0.00     0.00     0.00 -1    -1e-30      0.00 7.500e-01 2.493e-01 1.160e-04 3.166e-05 2.876e-04 -1.000 6.526e-04 -3.807 -0.408 -0.843 -1.847 -2.699 -3.083 -3.135 -3.175 -3.331 -3.691 -3.775 -3.887 -3.971 -4.124 -4.159 -4.367 -4.376 -4.505
0.00061788 -1.40000 7.90000 5.2228674889 2.6151618120    5.223  3.426  3.7514  1.687    2  0.000  0.538     0.00     0.00     0.00     0.00     0.00 -1    -1e-30      0.00 7.500e-01 2.493e-01 1.160e-04 3.166e-05 2.876e-04 -1.000 6.527e-04 -3.796 -0.289 -0.593 -1.683 -2.615 -3.026 -3.047 -3.094 -3.265 -3.655 -3.743 -3.863 -3.952 -4.114 -4.152 -4.371 -4.380 -4.517
0.00061788 -1.40000 7.90000 5.2229146957 2.6151620326    5.223  3.421  3.7417  1.654    2  0.000  0.538     0.00     0.00     0.00     0.00     0.00 -1    -1e-30      0.00 7.500e-01 2.493e-01 1.160e-04 3.166e-05 2.876e-04 -1.000 6.526e-04 -3.782 -0.179 -0.332 -1.509 -2.523 -2.962 -2.957 -3.013 -3.197 -3.615 -3.708 -3.836 -3.929 -4.100 -4.139 -4.370 -4.380 -4.525
0.00061788 -1.40000 7.90000 5.2229776382 2.6151623268    5.223  3.413  3.7313  1.620    2  0.000  0.538     0.00     0.00     0.00     0.00     0.00 -1    -1e-30      0.00 7.500e-01 2.493e-01 1.160e-04 3.166e-05 2.876e-04 -1.000 6.526e-04 -3.762 -0.055 0.041 -1.266 -2.389 -2.861 -2.846 -2.916 -3.116 -3.566 -3.665 -3.800 -3.898 -4.077 -4.120 -4.361 -4.373 -4.527
0.00061788 -1.40000 7.90000 5.2230763435 2.6151627881    5.223  3.398  3.7207  1.593    2  0.000  0.538     0.00     0.00     0.00     0.00     0.00 -1    -1e-30      0.00 7.500e-01 2.493e-01 1.160e-04 3.166e-05 2.876e-04 -1.000 6.527e-04 -3.725 0.073 0.485 -0.972 -2.216 -2.723 -2.708 -2.793 -3.013 -3.498 -3.602 -3.745 -3.848 -4.036 -4.081 -4.336 -4.348 -4.512
0.00061788 -1.40000 7.90000 5.2232456207 2.6151635791    5.223  3.374  3.7094  1.571    2  0.000  0.538     0.00     0.00     0.00     0.00     0.00 -1    -1e-30      0.00 7.500e-01 2.493e-01 1.160e-04 3.166e-05 2.876e-04 -1.000 6.526e-04 -3.665 0.216 1.020 -0.613 -1.994 -2.536 -2.529 -2.634 -2.877 -3.402 -3.511 -3.664 -3.771 -3.970 -4.018 -4.285 -4.299 -4.474
0.00061788 -1.40000 7.90000 5.2233018875 2.6151638420    5.223  3.379  3.7063  1.555    2  0.000  0.538     0.00     0.00     0.00     0.00     0.00 -1    -1e-30      0.00 7.500e-01 2.493e-01 1.160e-04 3.166e-05 2.876e-04 -1.000 6.526e-04 -3.676 0.226 1.155 -0.530 -1.952 -2.504 -2.505 -2.617 -2.866 -3.403 -3.513 -3.669 -3.777 -3.979 -4.027 -4.299 -4.312 -4.490
0.00061788 -1.40000 7.90000 5.2234511375 2.6151645393    5.223  3.399  3.6980  1.501    3  0.000  0.537    10.38     8.62     6.26     4.55     3.73  4    -1e-30      0.00 7.500e-01 2.493e-01 1.159e-04 3.167e-05 2.876e-04 -1.000 6.526e-04 -3.728 0.229 1.512 -0.318 -1.855 -2.434 -2.457 -2.589 -2.856 -3.424 -3.539 -3.701 -3.813 -4.022 -4.073 -4.354 -4.369 -4.556
0.00061788 -1.40000 7.90000 5.2235522270 2.6151650116    5.223  3.441  3.6926  1.437    3  0.000  0.528    11.90     9.68     6.99     5.08     4.18  4    -1e-30      0.00 7.499e-01 2.494e-01 1.139e-04 3.251e-05 2.876e-04 -1.000 6.526e-04 -3.833 0.157 1.705 -0.224 -1.847 -2.445 -2.493 -2.639 -2.919 -3.508 -3.626 -3.793 -3.907 -4.122 -4.174 -4.462 -4.477 -4.670
0.00061788 -1.40000 7.90000 5.2235741615 2.6151651141    5.223  3.451  3.6916  1.423    3  0.000  0.522    12.27     9.93     7.17     5.21     4.28  4    -1e-30      0.00 7.499e-01 2.494e-01 1.125e-04 3.329e-05 2.876e-04 -1.000 6.527e-04 -3.859 0.138 1.740 -0.208 -1.849 -2.451 -2.505 -2.654 -2.936 -3.529 -3.648 -3.816 -3.931 -4.146 -4.199 -4.488 -4.503 -4.697
0.00061788 -1.40000 7.90000 5.2236375809 2.6151654104    5.223  3.479  3.6890  1.385    3  0.000  0.479    13.30    10.63     7.65     5.57     4.58  4    -1e-30      0.00 7.499e-01 2.494e-01 1.035e-04 4.288e-05 2.876e-04 -1.000 6.526e-04 -3.927 0.086 1.820 -0.173 -1.859 -2.471 -2.538 -2.695 -2.983 -3.587 -3.707 -3.877 -3.993 -4.211 -4.264 -4.557 -4.573 -4.769
0.00061788 -1.40000 7.90000 5.2236800194 2.6151656087    5.223  3.496  3.6874  1.362    3  0.000  0.450    13.99    11.10     7.96     5.80     4.77  4    -1e-30      0.00 7.499e-01 2.495e-01 9.727e-05 5.014e-05 2.876e-04 -1.000 6.526e-04 -3.970 0.052 1.870 -0.150 -1.864 -2.482 -2.558 -2.720 -3.013 -3.623 -3.743 -3.915 -4.032 -4.251 -4.305 -4.600 -4.616 -4.814
0.00061788 -1.40000 7.90000 5.2237396240 2.6151658871    5.223  3.513  3.6858  1.338    3  0.000  0.423    14.72    11.58     8.29     6.05     4.97  4    -1e-30      0.00 7.498e-01 2.495e-01 9.116e-05 5.770e-05 2.876e-04 -1.000 6.527e-04 -4.013 0.018 1.918 -0.127 -1.870 -2.493 -2.579 -2.746 -3.042 -3.659 -3.781 -3.953 -4.071 -4.292 -4.346 -4.643 -4.659 -4.860
0.00061788 -1.40000 7.90000 5.2239379883 2.6151668138    5.224  3.541  3.6832  1.300    3  0.000  0.388    15.98    12.41     8.86     6.47     5.32  4    -1e-30      0.00 7.497e-01 2.496e-01 8.315e-05 6.763e-05 2.875e-04 -1.000 6.751e-04 -4.083 -0.036 1.967 -0.050 -1.844 -2.481 -2.597 -2.777 -3.085 -3.719 -3.843 -4.019 -4.138 -4.361 -4.417 -4.716 -4.733 -4.936
0.00061788 -1.40000 7.90000 5.2243828773 2.6151688918    5.224  3.572  3.6806  1.259    3  0.000  0.357    17.45    13.37     9.51     6.95     5.72  4    -1e-30      0.00 7.496e-01 2.497e-01 7.624e-05 7.617e-05 2.874e-04 -1.000 6.526e-04 -4.159 -0.095 2.019 0.034 -1.815 -2.467 -2.614 -2.811 -3.132 -3.784 -3.910 -4.089 -4.211 -4.437 -4.493 -4.795 -4.812 -5.018
0.00061788 -1.40000 7.90000 5.2252435684 2.6151729107    5.225  3.587  3.6794  1.239    3  0.000  0.348    18.22    13.86     9.85     7.20     5.92  4    -1e-30      0.00 7.496e-01 2.498e-01 7.418e-05 7.874e-05 2.873e-04 -1.000 6.526e-04 -4.198 -0.126 2.040 0.071 -1.804 -2.462 -2.625 -2.829 -3.156 -3.817 -3.944 -4.125 -4.247 -4.475 -4.531 -4.835 -4.852 -5.059
0.00061788 -1.40000 7.90000 5.2320332527 2.6152045616    5.232  3.578  3.6811  1.255    3  0.000  0.348    17.59    13.46     9.58     7.00     5.76  4    -1e-30      0.00 7.496e-01 2.498e-01 7.418e-05 7.873e-05 2.873e-04 -1.000 6.526e-04 -4.175 -0.113 1.987 -0.005 -1.846 -2.496 -2.640 -2.834 -3.153 -3.802 -3.928 -4.106 -4.227 -4.453 -4.508 -4.811 -4.827 -5.033
0.00061788 -1.40000 7.90000 5.2522220612 2.6152981183    5.252  3.558  3.6859  1.295    4  0.000  0.348     0.00     0.00     0.00     0.00     0.00 -1    -1e-30      0.00 7.496e-01 2.498e-01 7.420e-05 7.871e-05 2.873e-04 -1.000 6.526e-04 -4.126 -0.093 1.833 -0.214 -1.969 -2.594 -2.689 -2.857 -3.155 -3.772 -3.894 -4.067 -4.185 -4.406 -4.460 -4.757 -4.773 -4.974
0.00061788 -1.40000 7.90000 5.2675333023 2.6153685223    5.267  3.550  3.6901  1.322    4  0.000  0.348     0.00     0.00     0.00     0.00     0.00 -1    -1e-30      0.00 7.496e-01 2.498e-01 7.421e-05 7.869e-05 2.873e-04 -1.000 6.526e-04 -4.104 -0.094 1.637 -0.345 -2.034 -2.646 -2.725 -2.881 -3.168 -3.769 -3.889 -4.058 -4.174 -4.391 -4.444 -4.736 -4.751 -4.947
0.00061788 -1.40000 7.90000 5.2760815620 2.6154076245    5.276  3.564  3.6981  1.340    5  0.000  0.348     0.00     0.00     0.00     0.00     0.00 -1    -1e-30      0.00 7.496e-01 2.498e-01 7.422e-05 7.868e-05 2.873e-04 -1.000 6.527e-04 -4.141 -0.176 1.219 -0.631 -2.213 -2.801 -2.861 -2.999 -3.267 -3.838 -3.954 -4.116 -4.229 -4.438 -4.489 -4.771 -4.786 -4.972
0.00061788 -1.40000 7.90000 5.2786278725 2.6154192439    5.278  3.577  3.7050  1.355    5  0.000  0.348     0.00     0.00     0.00     0.00     0.00 -1    -1e-30      0.00 7.496e-01 2.498e-01 7.422e-05 7.868e-05 2.873e-04 -1.000 6.526e-04 -4.173 -0.249 0.867 -0.870 -2.360 -2.927 -2.976 -3.098 -3.352 -3.897 -4.008 -4.165 -4.275 -4.478 -4.527 -4.800 -4.814 -4.994
0.00061788 -1.40000 7.90000 5.2796430588 2.6154238729    5.279  3.583  3.7114  1.375    5  0.000  0.348     0.00     0.00     0.00     0.00     0.00 -1    -1e-30      0.00 7.496e-01 2.498e-01 7.422e-05 7.868e-05 2.873e-04 -1.000 6.526e-04 -4.188 -0.304 0.560 -1.073 -2.479 -3.024 -3.064 -3.174 -3.413 -3.934 -4.042 -4.194 -4.300 -4.498 -4.545 -4.810 -4.824 -4.997
0.00061788 -1.40000 7.90000 5.2803716660 2.6154271938    5.280  3.586  3.7178  1.397    5  0.000  0.348     0.00     0.00     0.00     0.00     0.00 -1    -1e-30      0.00 7.496e-01 2.498e-01 7.422e-05 7.868e-05 2.873e-04 -1.000 6.526e-04 -4.196 -0.357 0.275 -1.257 -2.582 -3.107 -3.142 -3.240 -3.466 -3.964 -4.069 -4.215 -4.319 -4.510 -4.556 -4.814 -4.826 -4.993
0.00061788 -1.40000 7.90000 5.2809400558 2.6154297838    5.281  3.588  3.7244  1.422    5  0.000  0.348     0.00     0.00     0.00     0.00     0.00 -1    -1e-30      0.00 7.496e-01 2.498e-01 7.422e-05 7.868e-05 2.873e-04 -1.000 6.526e-04 -4.201 -0.413 -0.002 -1.435 -2.679 -3.182 -3.214 -3.301 -3.514 -3.989 -4.091 -4.232 -4.332 -4.518 -4.562 -4.812 -4.824 -4.985
0.00061788 -1.40000 7.90000 5.2815256119 2.6154324513    5.281  3.590  3.7314  1.449    5  0.000  0.348     0.00     0.00     0.00     0.00     0.00 -1    -1e-30      0.00 7.496e-01 2.498e-01 7.422e-05 7.868e-05 2.873e-04 -1.000 6.527e-04 -4.205 -0.476 -0.285 -1.616 -2.775 -3.254 -3.287 -3.363 -3.563 -4.014 -4.112 -4.247 -4.345 -4.524 -4.567 -4.808 -4.819 -4.974
0.00061788 -1.40000 7.90000 5.2822065353 2.6154355524    5.282  3.591  3.7395  1.479    5  0.000  0.348     0.00     0.00     0.00     0.00     0.00 -1    -1e-30      0.00 7.496e-01 2.498e-01 7.422e-05 7.868e-05 2.873e-04 -1.000 6.527e-04 -4.209 -0.556 -0.583 -1.805 -2.873 -3.326 -3.364 -3.429 -3.616 -4.041 -4.135 -4.264 -4.358 -4.530 -4.570 -4.802 -4.813 -4.960
0.00061788 -1.40000 7.90000 5.2830009460 2.6154391692    5.283  3.594  3.7486  1.514    5  0.000  0.348     0.00     0.00     0.00     0.00     0.00 -1    -1e-30      0.00 7.496e-01 2.498e-01 7.422e-05 7.868e-05 2.873e-04 -1.000 6.526e-04 -4.214 -0.647 -0.834 -1.968 -2.955 -3.382 -3.444 -3.500 -3.674 -4.071 -4.161 -4.283 -4.373 -4.537 -4.575 -4.796 -4.806 -4.946
0.00061788 -1.40000 7.90000 5.2839069366 2.6154432925    5.284  3.596  3.7577  1.548    5  0.000  0.348     0.00     0.00     0.00     0.00     0.00 -1    -1e-30      0.00 7.496e-01 2.498e-01 7.422e-05 7.868e-05 2.873e-04 -1.000 6.526e-04 -4.220 -0.743 -1.060 -2.117 -3.029 -3.431 -3.521 -3.569 -3.731 -4.101 -4.186 -4.301 -4.387 -4.542 -4.578 -4.789 -4.799 -4.931
0.00061788 -1.40000 7.90000 5.2849307060 2.6154479498    5.285  3.599  3.7669  1.582    5  0.000  0.348     0.00     0.00     0.00     0.00     0.00 -1    -1e-30      0.00 7.496e-01 2.498e-01 7.422e-05 7.867e-05 2.873e-04 -1.000 6.526e-04 -4.227 -0.848 -1.269 -2.253 -3.097 -3.473 -3.596 -3.638 -3.787 -4.131 -4.211 -4.319 -4.400 -4.547 -4.581 -4.781 -4.790 -4.916
0.00061788 -1.40000 7.90000 5.2860636711 2.6154531015    5.286  3.602  3.7765  1.617    5  0.000  0.348     0.00     0.00     0.00     0.00     0.00 -1    -1e-30      0.00 7.496e-01 2.498e-01 7.422e-05 7.867e-05 2.873e-04 -1.000 6.526e-04 -4.235 -0.966 -1.477 -2.390 -3.171 -3.523 -3.674 -3.710 -3.847 -4.162 -4.237 -4.337 -4.413 -4.551 -4.582 -4.771 -4.779 -4.899
0.00061788 -1.40000 7.90000 5.2873058319 2.6154587468    5.287  3.605  3.7865  1.654    5  0.000  0.348     0.00     0.00     0.00     0.00     0.00 -1    -1e-30      0.00 7.496e-01 2.498e-01 7.423e-05 7.867e-05 2.873e-04 -1.000 6.526e-04 -4.243 -1.087 -1.666 -2.514 -3.233 -3.559 -3.748 -3.779 -3.904 -4.192 -4.262 -4.354 -4.425 -4.554 -4.583 -4.759 -4.767 -4.882
0.00061788 -1.40000 7.90000 5.2886672020 2.6154649303    5.289  3.609  3.7972  1.693    5  0.000  0.348     0.00     0.00     0.00     0.00     0.00 -1    -1e-30      0.00 7.496e-01 2.498e-01 7.423e-05 7.867e-05 2.873e-04 -1.000 6.526e-04 -4.252 -1.214 -1.842 -2.621 -3.281 -3.582 -3.823 -3.852 -3.965 -4.223 -4.287 -4.371 -4.437 -4.555 -4.581 -4.745 -4.753 -4.862
0.00061788 -1.40000 7.90000 5.2901329994 2.6154715841    5.290  3.612  3.8086  1.736    5  0.000  0.348     0.00     0.00     0.00     0.00     0.00 -1    -1e-30      0.00 7.496e-01 2.498e-01 7.423e-05 7.867e-05 2.873e-04 -1.000 6.526e-04 -4.260 -1.351 -2.013 -2.720 -3.324 -3.597 -3.901 -3.929 -4.028 -4.254 -4.312 -4.386 -4.446 -4.552 -4.576 -4.727 -4.734 -4.839
0.00061788 -1.40000 7.90000 5.2917337418 2.6154788456    5.292  3.615  3.8209  1.782    5  0.000  0.348     0.00     0.00     0.00     0.00     0.00 -1    -1e-30      0.00 7.496e-01 2.498e-01 7.423e-05 7.867e-05 2.873e-04 -1.000 6.526e-04 -4.268 -1.527 -2.203 -2.829 -3.372 -3.616 -3.976 -4.002 -4.088 -4.282 -4.332 -4.397 -4.450 -4.544 -4.565 -4.702 -4.709 -4.810
0.00061788 -1.40000 7.90000 5.2934536934 2.6154866423    5.293  3.618  3.8337  1.830    5  0.000  0.348     0.00     0.00     0.00     0.00     0.00 -1    -1e-30      0.00 7.496e-01 2.498e-01 7.423e-05 7.867e-05 2.873e-04 -1.000 6.526e-04 -4.275 -1.724 -2.393 -2.938 -3.422 -3.636 -4.049 -4.073 -4.145 -4.306 -4.350 -4.405 -4.451 -4.533 -4.551 -4.673 -4.680 -4.778
0.00061788 -1.40000 7.90000 5.2953104973 2.6154950528    5.295  3.621  3.8467  1.879    5  0.000  0.348     0.00     0.00     0.00     0.00     0.00 -1    -1e-30      0.00 7.496e-01 2.498e-01 7.423e-05 7.866e-05 2.873e-04 -1.000 6.526e-04 -4.283 -1.930 -2.563 -3.037 -3.468 -3.654 -4.119 -4.141 -4.199 -4.326 -4.362 -4.409 -4.447 -4.517 -4.532 -4.639 -4.647 -4.743
0.00061788 -1.40000 7.90000 5.2973194122 2.6155041446    5.297  3.624  3.8596  1.928    5  0.000  0.348     0.00     0.00     0.00     0.00     0.00 -1    -1e-30      0.00 7.496e-01 2.498e-01 7.423e-05 7.866e-05 2.873e-04 -1.000 6.526e-04 -4.291 -2.143 -2.722 -3.130 -3.513 -3.674 -4.187 -4.207 -4.249 -4.343 -4.371 -4.409 -4.440 -4.497 -4.510 -4.603 -4.611 -4.706
0.00061788 -1.40000 7.90000 5.2994856834 2.6155139397    5.299  3.627  3.8724  1.977    5  0.000  0.348     0.00     0.00     0.00     0.00     0.00 -1    -1e-30      0.00 7.496e-01 2.498e-01 7.423e-05 7.866e-05 2.873e-04 -1.000 6.526e-04 -4.298 -2.376 -2.880 -3.229 -3.567 -3.703 -4.239 -4.255 -4.287 -4.353 -4.375 -4.404 -4.429 -4.475 -4.486 -4.566 -4.574 -4.667
0.00061788 -1.40000 7.90000 5.3018312454 2.6155245351    5.302  3.631  3.8852  2.025    5  0.000  0.348     0.00     0.00     0.00     0.00     0.00 -1    -1e-30      0.00 7.496e-01 2.498e-01 7.424e-05 7.866e-05 2.873e-04 -1.000 6.527e-04 -4.306 -2.619 -3.040 -3.334 -3.627 -3.739 -4.282 -4.291 -4.316 -4.358 -4.374 -4.397 -4.416 -4.452 -4.460 -4.527 -4.536 -4.627
0.00061788 -1.40000 7.90000 5.3043832779 2.6155360510    5.304  3.634  3.8980  2.073    5  0.000  0.348     0.00     0.00     0.00     0.00     0.00 -1    -1e-30      0.00 7.496e-01 2.498e-01 7.424e-05 7.866e-05 2.873e-04 -1.000 6.526e-04 -4.315 -2.875 -3.202 -3.446 -3.695 -3.784 -4.312 -4.313 -4.332 -4.355 -4.367 -4.383 -4.398 -4.425 -4.431 -4.486 -4.495 -4.583
0.00061788 -1.40000 7.90000 5.3071675301 2.6155486002    5.307  3.637  3.9108  2.121    5  0.000  0.348     0.00     0.00     0.00     0.00     0.00 -1    -1e-30      0.00 7.496e-01 2.498e-01 7.424e-05 7.865e-05 2.873e-04 -1.000 6.526e-04 -4.323 -3.127 -3.364 -3.564 -3.769 -3.835 -4.330 -4.321 -4.336 -4.343 -4.351 -4.363 -4.374 -4.393 -4.397 -4.443 -4.451 -4.536
0.00061788 -1.40000 7.90000 5.3108291626 2.6155650809    5.311  3.642  3.9260  2.177    5  0.000  0.348     0.00     0.00     0.00     0.00     0.00 -1    -1e-30      0.00 7.496e-01 2.498e-01 7.424e-05 7.865e-05 2.873e-04 -1.000 6.526e-04 -4.334 -3.402 -3.555 -3.710 -3.865 -3.905 -4.337 -4.314 -4.327 -4.318 -4.323 -4.331 -4.338 -4.351 -4.353 -4.389 -4.396 -4.473
0.00061788 -1.40000 7.90000 5.3138976097 2.6155788716    5.314  3.645  3.9377  2.221    5  0.000  0.348     0.00     0.00     0.00     0.00     0.00 -1    -1e-30      0.00 7.496e-01 2.498e-01 7.425e-05 7.865e-05 2.873e-04 -1.000 6.526e-04 -4.343 -3.587 -3.696 -3.822 -3.942 -3.962 -4.332 -4.298 -4.309 -4.291 -4.294 -4.301 -4.306 -4.315 -4.316 -4.345 -4.352 -4.422
0.00061788 -1.40000 7.90000 5.3174209595 2.6155946842    5.317  3.649  3.9501  2.267    5  0.000  0.348     0.00     0.00     0.00     0.00     0.00 -1    -1e-30      0.00 7.496e-01 2.498e-01 7.425e-05 7.864e-05 2.873e-04 -1.000 6.527e-04 -4.352 -3.760 -3.836 -3.937 -4.023 -4.025 -4.319 -4.272 -4.283 -4.257 -4.258 -4.263 -4.267 -4.273 -4.273 -4.296 -4.302 -4.365
0.00061788 -1.40000 7.90000 5.3208379745 2.6156099966    5.321  3.652  3.9611  2.308    5  0.000  0.348     0.00     0.00     0.00     0.00     0.00 -1    -1e-30      0.00 7.496e-01 2.498e-01 7.425e-05 7.864e-05 2.873e-04 -1.000 6.527e-04 -4.361 -3.894 -3.951 -4.032 -4.090 -4.078 -4.302 -4.244 -4.255 -4.223 -4.223 -4.227 -4.229 -4.233 -4.233 -4.251 -4.256 -4.311
0.00061788 -1.40000 7.90000 5.3249354362 2.6156283285    5.325  3.656  3.9733  2.353    5  0.000  0.348     0.00     0.00     0.00     0.00     0.00 -1    -1e-30      0.00 7.496e-01 2.498e-01 7.425e-05 7.863e-05 2.873e-04 -1.000 6.527e-04 -4.371 -4.025 -4.065 -4.127 -4.159 -4.132 -4.279 -4.210 -4.220 -4.181 -4.180 -4.183 -4.184 -4.186 -4.185 -4.199 -4.203 -4.249
0.00061788 -1.40000 7.90000 5.3289079666 2.6156460704    5.329  3.660  3.9842  2.393    5  0.000  0.348     0.00     0.00     0.00     0.00     0.00 -1    -1e-30      0.00 7.496e-01 2.498e-01 7.426e-05 7.863e-05 2.873e-04 -1.000 6.526e-04 -4.381 -4.129 -4.158 -4.204 -4.214 -4.175 -4.255 -4.176 -4.186 -4.142 -4.140 -4.142 -4.142 -4.142 -4.141 -4.151 -4.154 -4.193
0.00061788 -1.40000 7.90000 5.3339033127 2.6156683373    5.334  3.665  3.9966  2.439    5  0.000  0.348     0.00     0.00     0.00     0.00     0.00 -1    -1e-30      0.00 7.496e-01 2.498e-01 7.426e-05 7.863e-05 2.873e-04 -1.000 6.527e-04 -4.392 -4.236 -4.252 -4.282 -4.270 -4.218 -4.226 -4.137 -4.146 -4.096 -4.093 -4.094 -4.093 -4.091 -4.089 -4.095 -4.097 -4.127
0.00061788 -1.40000 7.90000 5.3397836685 2.6156944878    5.340  3.670  4.0096  2.486    5  0.000  0.348     0.00     0.00     0.00     0.00     0.00 -1    -1e-30      0.00 7.496e-01 2.498e-01 7.427e-05 7.862e-05 2.873e-04 -1.000 6.526e-04 -4.405 -4.337 -4.340 -4.354 -4.321 -4.256 -4.194 -4.095 -4.102 -4.047 -4.042 -4.043 -4.041 -4.037 -4.034 -4.036 -4.037 -4.058
0.00061788 -1.40000 7.90000 5.3465433121 2.6157244668    5.347  3.676  4.0228  2.533    5  0.000  0.348     0.00     0.00     0.00     0.00     0.00 -1    -1e-30      0.00 7.496e-01 2.498e-01 7.427e-05 7.861e-05 2.873e-04 -1.000 6.526e-04 -4.420 -4.430 -4.422 -4.421 -4.368 -4.292 -4.159 -4.050 -4.057 -3.997 -3.991 -3.990 -3.987 -3.982 -3.979 -3.976 -3.976 -3.988
0.00061788 -1.40000 7.90000 5.3544931412 2.6157596129    5.355  3.682  4.0360  2.580    5  0.000  0.348     0.00     0.00     0.00     0.00     0.00 -1    -1e-30      0.00 7.496e-01 2.498e-01 7.428e-05 7.860e-05 2.873e-04 -1.000 6.526e-04 -4.436 -4.517 -4.498 -4.483 -4.412 -4.324 -4.123 -4.005 -4.011 -3.946 -3.939 -3.938 -3.934 -3.926 -3.923 -3.916 -3.915 -3.918
0.00061788 -1.40000 7.90000 5.3635730743 2.6157996087    5.364  3.690  4.0487  2.625    5  0.000  0.348     0.00     0.00     0.00     0.00     0.00 -1    -1e-30      0.00 7.496e-01 2.497e-01 7.429e-05 7.860e-05 2.873e-04 -1.000 6.526e-04 -4.454 -4.595 -4.565 -4.537 -4.450 -4.352 -4.090 -3.964 -3.969 -3.899 -3.891 -3.889 -3.884 -3.875 -3.871 -3.860 -3.859 -3.853
0.00061788 -1.40000 7.90000 5.3756546974 2.6158525856    5.376  3.699  4.0604  2.663    5  0.000  0.348     0.00     0.00     0.00     0.00     0.00 -1    -1e-30      0.00 7.496e-01 2.497e-01 7.429e-05 7.858e-05 2.873e-04 -1.000 6.526e-04 -4.477 -4.669 -4.628 -4.589 -4.487 -4.379 -4.065 -3.931 -3.935 -3.861 -3.852 -3.849 -3.843 -3.832 -3.828 -3.814 -3.811 -3.799
0.00061788 -1.40000 7.90000 5.3777890205 2.6158619160    5.378  3.701  4.0623  2.669    5  0.000  0.348     0.00     0.00     0.00     0.00     0.00 -1    -1e-30      0.00 7.496e-01 2.497e-01 7.430e-05 7.858e-05 2.873e-04 -1.000 6.526e-04 -4.481 -4.680 -4.638 -4.597 -4.493 -4.383 -4.061 -3.926 -3.930 -3.855 -3.846 -3.842 -3.836 -3.825 -3.821 -3.806 -3.804 -3.790
0.00061788 -1.40000 7.90000 5.3814654350 2.6158779678    5.382  3.703  4.0655  2.680    5  0.000  0.348     0.00     0.00     0.00     0.00     0.00 -1    -1e-30      0.00 7.496e-01 2.497e-01 7.430e-05 7.858e-05 2.873e-04 -1.000 6.542e-04 -4.488 -4.699 -4.654 -4.611 -4.503 -4.390 -4.055 -3.917 -3.921 -3.845 -3.835 -3.832 -3.825 -3.814 -3.809 -3.794 -3.792 -3.776
0.00061788 -1.40000 7.90000 5.4057135582 2.6159832104    5.406  3.723  4.0703  2.681    5  0.000  0.348     0.00     0.00     0.00     0.00     0.00 -1    -1e-30      0.00 7.496e-01 2.497e-01 7.432e-05 7.855e-05 2.873e-04 -1.000 6.641e-04 -4.538 -4.768 -4.719 -4.672 -4.558 -4.442 -4.085 -3.944 -3.947 -3.869 -3.859 -3.856 -3.849 -3.837 -3.832 -3.816 -3.813 -3.795
0.00061788 -1.40000 7.90000 5.4124770164 2.6160123720    5.412  3.732  4.0681  2.664    5  0.000  0.348     0.00     0.00     0.00     0.00     0.00 -1    -1e-30      0.00 7.496e-01 2.497e-01 7.433e-05 7.854e-05 2.873e-04 -1.000 6.669e-04 -4.559 -4.780 -4.734 -4.688 -4.577 -4.463 -4.115 -3.974 -3.978 -3.901 -3.892 -3.888 -3.882 -3.870 -3.865 -3.849 -3.847 -3.830
0.00061788 -1.40000 7.90000 5.4132823944 2.6160158390    5.413  3.732  4.0713  2.677    5  0.000  0.348     0.00     0.00     0.00     0.00     0.00 -1    -1e-30      0.00 7.496e-01 2.497e-01 7.433e-05 7.854e-05 2.873e-04 -1.000 6.672e-04 -4.560 -4.793 -4.744 -4.696 -4.581 -4.464 -4.103 -3.960 -3.964 -3.885 -3.876 -3.872 -3.865 -3.853 -3.848 -3.831 -3.828 -3.810
0.00061788 -1.40000 7.90000 5.4140548706 2.6160191631    5.414  3.728  4.0767  2.702    5  0.000  0.348     0.00     0.00     0.00     0.00     0.00 -1    -1e-30      0.00 7.496e-01 2.497e-01 7.433e-05 7.854e-05 2.873e-04 -1.000 6.675e-04 -4.551 -4.803 -4.748 -4.695 -4.573 -4.452 -4.070 -3.924 -3.927 -3.847 -3.837 -3.833 -3.825 -3.813 -3.808 -3.789 -3.786 -3.764
0.00061788 -1.40000 7.90000 5.4243803024 2.6160634918    5.424  3.736  4.0655  2.650    6  0.000  0.348     0.00     0.00     0.00     0.00     0.00 -1    -1e-30      0.00 7.496e-01 2.497e-01 7.434e-05 7.853e-05 2.873e-04 -1.000 6.718e-04 -4.571 -4.782 -4.738 -4.695 -4.588 -4.475 -4.138 -3.999 -4.003 -3.927 -3.918 -3.914 -3.908 -3.897 -3.892 -3.877 -3.875 -3.859
0.00061788 -1.40000 7.90000 5.4316205978 2.6160944599    5.432  3.743  4.0528  2.593    6  0.000  0.348     0.00     0.00     0.00     0.00     0.00 -1    -1e-30      0.00 7.496e-01 2.497e-01 7.434e-05 7.852e-05 2.873e-04 -1.000 6.747e-04 -4.587 -4.745 -4.714 -4.683 -4.591 -4.490 -4.207 -4.076 -4.081 -4.010 -4.001 -3.999 -3.994 -3.984 -3.980 -3.969 -3.967 -3.959
0.00061788 -1.40000 7.90000 5.4352746010 2.6161100527    5.435  3.746  4.0427  2.550    6  0.000  0.348     0.00     0.00     0.00     0.00     0.00 -1    -1e-30      0.00 7.496e-01 2.497e-01 7.435e-05 7.852e-05 2.873e-04 -1.000 6.762e-04 -4.595 -4.708 -4.686 -4.665 -4.586 -4.493 -4.256 -4.132 -4.138 -4.070 -4.063 -4.061 -4.057 -4.049 -4.045 -4.037 -4.036 -4.034
0.00061788 -1.40000 7.90000 5.4388866425 2.6161254428    5.439  3.750  4.0293  2.493    6  0.000  0.348     0.00     0.00     0.00     0.00     0.00 -1    -1e-30      0.00 7.496e-01 2.497e-01 7.435e-05 7.852e-05 2.873e-04 -1.000 6.777e-04 -4.604 -4.649 -4.639 -4.632 -4.571 -4.490 -4.318 -4.203 -4.210 -4.147 -4.141 -4.140 -4.137 -4.131 -4.128 -4.123 -4.123 -4.131
0.00061788 -1.40000 7.90000 5.4408416748 2.6161337629    5.441  3.751  4.0187  2.449    6  0.000  0.348     0.00     0.00     0.00     0.00     0.00 -1    -1e-30      0.00 7.496e-01 2.497e-01 7.435e-05 7.851e-05 2.873e-04 -1.000 6.784e-04 -4.608 -4.595 -4.595 -4.600 -4.554 -4.482 -4.362 -4.254 -4.262 -4.204 -4.199 -4.199 -4.197 -4.192 -4.189 -4.189 -4.189 -4.203
0.00061788 -1.40000 7.90000 5.4421262741 2.6161392262    5.442  3.752  4.0092  2.410    6  0.000  0.348     0.00     0.00     0.00     0.00     0.00 -1    -1e-30      0.00 7.496e-01 2.497e-01 7.435e-05 7.851e-05 2.873e-04 -1.000 6.790e-04 -4.611 -4.540 -4.550 -4.566 -4.534 -4.470 -4.399 -4.297 -4.306 -4.252 -4.248 -4.249 -4.248 -4.245 -4.242 -4.245 -4.246 -4.267
0.00061788 -1.40000 7.90000 5.4432334900 2.6161439326    5.443  3.753  3.9996  2.371    6  0.000  0.348     0.00     0.00     0.00     0.00     0.00 -1    -1e-30      0.00 7.496e-01 2.497e-01 7.435e-05 7.851e-05 2.873e-04 -1.000 6.794e-04 -4.614 -4.479 -4.498 -4.526 -4.509 -4.454 -4.435 -4.341 -4.350 -4.301 -4.297 -4.299 -4.299 -4.297 -4.295 -4.301 -4.303 -4.330
0.00061788 -1.40000 7.90000 5.4441838264 2.6161479704    5.444  3.754  3.9896  2.330    6  0.000  0.348     0.00     0.00     0.00     0.00     0.00 -1    -1e-30      0.00 7.496e-01 2.497e-01 7.435e-05 7.851e-05 2.873e-04 -1.000 6.798e-04 -4.615 -4.407 -4.436 -4.476 -4.477 -4.432 -4.471 -4.384 -4.394 -4.349 -4.347 -4.349 -4.350 -4.350 -4.348 -4.357 -4.360 -4.394
0.00061788 -1.40000 7.90000 5.4448194504 2.6161506702    5.445  3.754  3.9815  2.298    6  0.000  0.348     0.00     0.00     0.00     0.00     0.00 -1    -1e-30      0.00 7.496e-01 2.497e-01 7.435e-05 7.851e-05 2.873e-04 -1.000 6.801e-04 -4.616 -4.342 -4.379 -4.430 -4.446 -4.409 -4.498 -4.418 -4.429 -4.387 -4.385 -4.389 -4.390 -4.391 -4.389 -4.401 -4.405 -4.445
0.00061788 -1.40000 7.90000 5.4453749657 2.6161530291    5.445  3.755  3.9732  2.264    6  0.000  0.348     0.00     0.00     0.00     0.00     0.00 -1    -1e-30      0.00 7.496e-01 2.497e-01 7.435e-05 7.851e-05 2.873e-04 -1.000 6.802e-04 -4.616 -4.268 -4.315 -4.377 -4.410 -4.382 -4.524 -4.451 -4.462 -4.424 -4.424 -4.427 -4.429 -4.431 -4.430 -4.445 -4.449 -4.496
0.00061788 -1.40000 7.90000 5.4458594322 2.6161550859    5.446  3.755  3.9647  2.230    6  0.000  0.348     0.00     0.00     0.00     0.00     0.00 -1    -1e-30      0.00 7.496e-01 2.497e-01 7.435e-05 7.851e-05 2.873e-04 -1.000 6.805e-04 -4.616 -4.185 -4.242 -4.318 -4.369 -4.351 -4.548 -4.483 -4.494 -4.461 -4.461 -4.465 -4.467 -4.471 -4.471 -4.488 -4.493 -4.546
0.00061788 -1.40000 7.90000 5.4462766647 2.6161568569    5.446  3.754  3.9559  2.195    6  0.000  0.348     0.00     0.00     0.00     0.00     0.00 -1    -1e-30      0.00 7.496e-01 2.497e-01 7.435e-05 7.851e-05 2.873e-04 -1.000 6.807e-04 -4.616 -4.089 -4.158 -4.249 -4.321 -4.315 -4.571 -4.514 -4.526 -4.496 -4.497 -4.502 -4.505 -4.511 -4.511 -4.532 -4.537 -4.597
0.00061788 -1.40000 7.90000 5.4466371536 2.6161583868    5.447  3.754  3.9472  2.161    6  0.000  0.348     0.00     0.00     0.00     0.00     0.00 -1    -1e-30      0.00 7.496e-01 2.497e-01 7.436e-05 7.851e-05 2.873e-04 -1.000 6.808e-04 -4.615 -3.983 -4.069 -4.175 -4.271 -4.276 -4.590 -4.542 -4.554 -4.529 -4.531 -4.536 -4.540 -4.547 -4.548 -4.573 -4.579 -4.645
0.00061788 -1.40000 7.90000 5.4469609261 2.6161597606    5.447  3.753  3.9379  2.124    6  0.000  0.348     0.00     0.00     0.00     0.00     0.00 -1    -1e-30      0.00 7.496e-01 2.497e-01 7.436e-05 7.851e-05 2.873e-04 -1.000 6.810e-04 -4.614 -3.857 -3.965 -4.091 -4.213 -4.232 -4.607 -4.568 -4.581 -4.561 -4.564 -4.570 -4.575 -4.584 -4.586 -4.615 -4.622 -4.695
0.00061788 -1.40000 7.90000 5.4472370148 2.6161609320    5.447  3.753  3.9286  2.088    6  0.000  0.348     0.00     0.00     0.00     0.00     0.00 -1    -1e-30      0.00 7.496e-01 2.497e-01 7.436e-05 7.851e-05 2.873e-04 -1.000 6.810e-04 -4.612 -3.717 -3.855 -4.003 -4.154 -4.187 -4.619 -4.589 -4.602 -4.589 -4.593 -4.601 -4.607 -4.619 -4.621 -4.655 -4.662 -4.741
0.00061788 -1.40000 7.90000 5.4474701881 2.6161619212    5.447  3.752  3.9197  2.053    6  0.000  0.348     0.00     0.00     0.00     0.00     0.00 -1    -1e-30      0.00 7.496e-01 2.497e-01 7.436e-05 7.851e-05 2.873e-04 -1.000 6.811e-04 -4.610 -3.565 -3.744 -3.916 -4.097 -4.146 -4.624 -4.603 -4.617 -4.610 -4.616 -4.626 -4.634 -4.649 -4.652 -4.691 -4.699 -4.783
0.00061788 -1.40000 7.90000 5.4476675987 2.6161627586    5.448  3.751  3.9105  2.018    6  0.000  0.348     0.00     0.00     0.00     0.00     0.00 -1    -1e-30      0.00 7.496e-01 2.497e-01 7.436e-05 7.851e-05 2.873e-04 -1.000 6.812e-04 -4.607 -3.396 -3.628 -3.829 -4.041 -4.106 -4.622 -4.609 -4.625 -4.628 -4.636 -4.648 -4.658 -4.677 -4.681 -4.727 -4.735 -4.823
0.00061788 -1.40000 7.90000 5.4478368759 2.6161634766    5.448  3.749  3.9019  1.984    6  0.000  0.348     0.00     0.00     0.00     0.00     0.00 -1    -1e-30      0.00 7.496e-01 2.497e-01 7.436e-05 7.851e-05 2.873e-04 -1.000 6.813e-04 -4.604 -3.226 -3.517 -3.749 -3.991 -4.072 -4.613 -4.608 -4.626 -4.640 -4.650 -4.665 -4.678 -4.702 -4.707 -4.759 -4.768 -4.859
0.00061788 -1.40000 7.90000 5.4479818344 2.6161640914    5.448  3.748  3.8932  1.951    6  0.000  0.348     0.00     0.00     0.00     0.00     0.00 -1    -1e-30      0.00 7.496e-01 2.497e-01 7.436e-05 7.851e-05 2.873e-04 -1.000 6.813e-04 -4.600 -3.050 -3.406 -3.671 -3.943 -4.040 -4.599 -4.601 -4.622 -4.648 -4.661 -4.679 -4.695 -4.724 -4.731 -4.790 -4.799 -4.892
0.00061788 -1.40000 7.90000 5.4481072426 2.6161646233    5.448  3.746  3.8847  1.919    6  0.000  0.348     0.00     0.00     0.00     0.00     0.00 -1    -1e-30      0.00 7.496e-01 2.497e-01 7.436e-05 7.851e-05 2.873e-04 -1.000 6.814e-04 -4.596 -2.880 -3.297 -3.596 -3.899 -4.012 -4.579 -4.586 -4.611 -4.650 -4.666 -4.689 -4.708 -4.743 -4.751 -4.818 -4.827 -4.922
0.00061788 -1.40000 7.90000 5.4482173920 2.6161650904    5.448  3.745  3.8763  1.887    6  0.000  0.348     0.00     0.00     0.00     0.00     0.00 -1    -1e-30      0.00 7.496e-01 2.497e-01 7.436e-05 7.851e-05 2.873e-04 -1.000 6.815e-04 -4.592 -2.716 -3.189 -3.525 -3.858 -3.987 -4.554 -4.565 -4.594 -4.649 -4.668 -4.695 -4.718 -4.759 -4.769 -4.844 -4.853 -4.949
0.00061788 -1.40000 7.90000 5.4483156204 2.6161655070    5.448  3.743  3.8680  1.855    6  0.000  0.348     0.00     0.00     0.00     0.00     0.00 -1    -1e-30      0.00 7.496e-01 2.497e-01 7.436e-05 7.851e-05 2.873e-04 -1.000 6.815e-04 -4.587 -2.557 -3.081 -3.456 -3.819 -3.964 -4.524 -4.539 -4.574 -4.645 -4.668 -4.699 -4.726 -4.774 -4.785 -4.869 -4.878 -4.975
0.00061788 -1.40000 7.90000 5.4484033585 2.6161658790    5.448  3.741  3.8597  1.824    6  0.000  0.348     0.00     0.00     0.00     0.00     0.00 -1    -1e-30      0.00 7.496e-01 2.497e-01 7.436e-05 7.851e-05 2.873e-04 -1.000 6.815e-04 -4.582 -2.404 -2.973 -3.388 -3.782 -3.944 -4.490 -4.508 -4.549 -4.638 -4.665 -4.701 -4.732 -4.788 -4.801 -4.893 -4.902 -5.000
0.00061788 -1.40000 7.90000 5.4484853745 2.6161662268    5.448  3.738  3.8513  1.793    6  0.000  0.348     0.00     0.00     0.00     0.00     0.00 -1    -1e-30      0.00 7.496e-01 2.497e-01 7.436e-05 7.851e-05 2.873e-04 -1.000 6.816e-04 -4.576 -2.260 -2.865 -3.324 -3.750 -3.928 -4.445 -4.466 -4.516 -4.626 -4.659 -4.701 -4.736 -4.800 -4.814 -4.916 -4.924 -5.023
0.00061788 -1.40000 7.90000 5.4485931396 2.6161666838    5.449  3.734  3.8398  1.751    6  0.000  0.348     0.00     0.00     0.00     0.00     0.00 -1    -1e-30      0.00 7.496e-01 2.497e-01 7.436e-05 7.851e-05 2.873e-04 -1.000 6.816e-04 -4.565 -2.067 -2.709 -3.231 -3.703 -3.906 -4.380 -4.404 -4.466 -4.607 -4.646 -4.696 -4.738 -4.812 -4.829 -4.943 -4.951 -5.051
0.00061788 -1.40000 7.90000 5.4486985207 2.6161671306    5.449  3.728  3.8280  1.710    6  0.000  0.348     0.00     0.00     0.00     0.00     0.00 -1    -1e-30      0.00 7.496e-01 2.497e-01 7.436e-05 7.851e-05 2.873e-04 -1.000 6.817e-04 -4.551 -1.876 -2.539 -3.130 -3.652 -3.881 -4.305 -4.331 -4.408 -4.580 -4.626 -4.684 -4.733 -4.819 -4.838 -4.966 -4.973 -5.075
0.00061788 -1.40000 7.90000 5.4488315582 2.6161676946    5.449  3.718  3.8119  1.656    6  0.000  0.348     0.00     0.00     0.00     0.00     0.00 -1    -1e-30      0.00 7.496e-01 2.497e-01 7.436e-05 7.851e-05 2.873e-04 -1.000 6.818e-04 -4.525 -1.619 -2.268 -2.968 -3.571 -3.839 -4.191 -4.220 -4.314 -4.529 -4.584 -4.655 -4.712 -4.814 -4.837 -4.984 -4.991 -5.097
0.00061788 -1.40000 7.90000 5.4489622116 2.6161682485    5.449  3.703  3.7935  1.597    6  0.000  0.348     0.00     0.00     0.00     0.00     0.00 -1    -1e-30      0.00 7.496e-01 2.497e-01 7.436e-05 7.851e-05 2.873e-04 -1.000 6.818e-04 -4.489 -1.383 -1.975 -2.789 -3.481 -3.793 -4.042 -4.073 -4.190 -4.456 -4.521 -4.608 -4.675 -4.796 -4.823 -4.991 -4.999 -5.111
0.00061788 -1.40000 7.90000 5.4490499496 2.6161686205    5.449  3.692  3.7786  1.549    6  0.000  0.348     0.00     0.00     0.00     0.00     0.00 -1    -1e-30      0.00 7.496e-01 2.497e-01 7.436e-05 7.851e-05 2.873e-04 -1.000 6.818e-04 -4.461 -1.193 -1.697 -2.606 -3.386 -3.737 -3.917 -3.954 -4.088 -4.396 -4.469 -4.567 -4.642 -4.778 -4.808 -4.994 -5.002 -5.121
0.00061788 -1.40000 7.90000 5.4490723610 2.6161687155    5.449  3.690  3.7737  1.531    7  0.000  0.348     9.73     8.25     6.01     4.35     3.58  4    -1e-30      0.00 7.496e-01 2.497e-01 7.436e-05 7.851e-05 2.873e-04 -1.000 6.818e-04 -4.455 -1.132 -1.590 -2.534 -3.346 -3.708 -3.876 -3.916 -4.056 -4.378 -4.455 -4.557 -4.634 -4.775 -4.806 -4.998 -5.007 -5.129
0.00061788 -1.40000 7.90000 5.4491052628 2.6161688550    5.449  3.686  3.7659  1.504    7  0.000  0.348    10.32     8.68     6.30     4.57     3.75  4    -1e-30      0.00 7.496e-01 2.497e-01 7.436e-05 7.851e-05 2.873e-04 -1.000 6.818e-04 -4.445 -1.036 -1.417 -2.418 -3.284 -3.666 -3.808 -3.854 -4.004 -4.350 -4.430 -4.539 -4.620 -4.768 -4.802 -5.003 -5.012 -5.139
0.00061788 -1.40000 7.90000 5.4491391182 2.6161689985    5.449  3.682  3.7570  1.473    7  0.000  0.348    11.03     9.18     6.65     4.82     3.96  4    -1e-30      0.00 7.496e-01 2.497e-01 7.436e-05 7.851e-05 2.873e-04 -1.000 6.818e-04 -4.434 -0.935 -1.209 -2.282 -3.214 -3.621 -3.731 -3.782 -3.944 -4.316 -4.402 -4.517 -4.603 -4.759 -4.795 -5.006 -5.016 -5.149
0.00061788 -1.40000 7.90000 5.4491696358 2.6161691279    5.449  3.680  3.7481  1.439    7  0.000  0.348    11.88     9.76     7.05     5.12     4.21  4    -1e-30      0.00 7.496e-01 2.497e-01 7.436e-05 7.851e-05 2.873e-04 -1.000 6.818e-04 -4.431 -0.846 -0.987 -2.138 -3.143 -3.575 -3.657 -3.716 -3.890 -4.289 -4.379 -4.501 -4.591 -4.755 -4.794 -5.015 -5.026 -5.166
0.00061788 -1.40000 7.90000 5.4491972923 2.6161692451    5.449  3.679  3.7394  1.404    7  0.000  0.348    12.78    10.38     7.48     5.44     4.47  4    -1e-30      0.00 7.496e-01 2.497e-01 7.436e-05 7.851e-05 2.873e-04 -1.000 6.818e-04 -4.428 -0.763 -0.745 -1.981 -3.066 -3.523 -3.582 -3.650 -3.837 -4.262 -4.356 -4.485 -4.579 -4.752 -4.792 -5.024 -5.035 -5.182
0.00061788 -1.40000 7.90000 5.4492239952 2.6161693583    5.449  3.678  3.7306  1.370    7  0.000  0.348    13.75    11.04     7.93     5.77     4.74  4    -1e-30      0.00 7.496e-01 2.497e-01 7.436e-05 7.851e-05 2.873e-04 -1.000 6.819e-04 -4.426 -0.681 -0.422 -1.777 -2.962 -3.447 -3.500 -3.579 -3.781 -4.235 -4.333 -4.469 -4.567 -4.747 -4.789 -5.032 -5.043 -5.199
0.00061788 -1.40000 7.90000 5.4492568970 2.6161694978    5.449  3.677  3.7197  1.328    7  0.000  0.348    15.08    11.92     8.54     6.22     5.11  4    -1e-30      0.00 7.496e-01 2.497e-01 7.436e-05 7.851e-05 2.873e-04 -1.000 6.819e-04 -4.424 -0.592 0.021 -1.495 -2.813 -3.336 -3.388 -3.485 -3.707 -4.199 -4.303 -4.448 -4.551 -4.741 -4.786 -5.041 -5.054 -5.219
0.00061788 -1.40000 7.90000 5.4492917061 2.6161696453    5.449  3.678  3.7102  1.289    7  0.000  0.348    16.40    12.79     9.13     6.66     5.48  4    -1e-30      0.00 7.496e-01 2.497e-01 7.436e-05 7.851e-05 2.873e-04 -1.000 6.818e-04 -4.426 -0.528 0.438 -1.227 -2.671 -3.225 -3.286 -3.400 -3.643 -4.169 -4.279 -4.431 -4.538 -4.737 -4.785 -5.052 -5.065 -5.240
0.00061788 -1.40000 7.90000 5.4493417740 2.6161698575    5.449  3.680  3.7010  1.251    7  0.000  0.348    17.80    13.71     9.75     7.12     5.86  4    -1e-30      0.00 7.496e-01 2.497e-01 7.436e-05 7.851e-05 2.873e-04 -1.000 6.819e-04 -4.429 -0.475 0.868 -0.948 -2.518 -3.102 -3.179 -3.314 -3.577 -4.138 -4.253 -4.413 -4.524 -4.732 -4.782 -5.060 -5.074 -5.259
0.00061788 -1.40000 7.90000 5.4494280815 2.6161702234    5.449  3.686  3.6921  1.208    7  0.000  0.348    19.50    14.80    10.49     7.67     6.31  4    -1e-30      0.00 7.496e-01 2.497e-01 7.436e-05 7.851e-05 2.873e-04 -1.000 6.819e-04 -4.446 -0.441 1.291 -0.670 -2.368 -2.981 -3.082 -3.238 -3.522 -4.119 -4.238 -4.406 -4.521 -4.737 -4.790 -5.079 -5.095 -5.289
0.00061788 -1.40000 7.90000 5.4495253563 2.6161706357    5.450  3.702  3.6864  1.170    7  0.000  0.348    21.17    15.85    11.20     8.20     6.75  4    -1e-30      0.00 7.496e-01 2.497e-01 7.436e-05 7.851e-05 2.873e-04 -1.000 6.820e-04 -4.484 -0.448 1.541 -0.506 -2.291 -2.922 -3.044 -3.215 -3.513 -4.132 -4.255 -4.428 -4.546 -4.766 -4.821 -5.118 -5.134 -5.334
0.00061788 -1.40000 7.90000 5.4496455193 2.6161711450    5.450  3.722  3.6827  1.135    7  0.000  0.348    22.84    16.90    11.91     8.72     7.18  4    -1e-30      0.00 7.496e-01 2.497e-01 7.436e-05 7.851e-05 2.873e-04 -1.000 6.820e-04 -4.535 -0.478 1.656 -0.362 -2.214 -2.862 -3.020 -3.211 -3.525 -4.168 -4.293 -4.471 -4.591 -4.816 -4.871 -5.172 -5.189 -5.393
0.00061788 -1.40000 7.90000 5.4506211281 2.6161752789    5.451  3.739  3.6764  1.093    7  0.000  0.348    24.98    18.22    12.80     9.38     7.72  4    -1e-30      0.00 7.496e-01 2.497e-01 7.436e-05 7.850e-05 2.873e-04 -1.000 6.824e-04 -4.576 -0.480 1.892 -0.034 -2.008 -2.687 -2.913 -3.143 -3.489 -4.179 -4.311 -4.496 -4.621 -4.853 -4.910 -5.219 -5.236 -5.447
0.00061788 -1.40000 7.90000 5.4509057999 2.6161764849    5.451  3.765  3.6726  1.052    7  0.000  0.348    27.33    19.64    13.75    10.09     8.31  4    -1e-30      0.00 7.496e-01 2.497e-01 7.436e-05 7.850e-05 2.873e-04 -1.000 6.825e-04 -4.643 -0.523 2.016 0.152 -1.908 -2.604 -2.878 -3.134 -3.503 -4.224 -4.360 -4.551 -4.680 -4.917 -4.975 -5.289 -5.306 -5.521
0.00061788 -1.40000 7.90000 5.4511799812 2.6161776462    5.451  3.801  3.6689  1.001    7  0.000  0.348    30.47    21.52    15.01    11.03     9.08  4    -1e-30      0.00 7.496e-01 2.497e-01 7.436e-05 7.850e-05 2.873e-04 -1.000 6.827e-04 -4.732 -0.588 2.126 0.327 -1.822 -2.536 -2.860 -3.144 -3.536 -4.291 -4.432 -4.629 -4.761 -5.003 -5.062 -5.381 -5.399 -5.618
0.00061788 -1.40000 7.90000 5.4516553879 2.6161796596    5.452  3.847  3.6644  0.937    7  0.000  0.343    34.99    24.17    16.76    12.34    10.17  4    -1e-30      0.00 7.496e-01 2.497e-01 7.337e-05 7.973e-05 2.873e-04 -1.000 6.729e-04 -4.848 -0.676 2.253 0.552 -1.707 -2.440 -2.829 -3.150 -3.574 -4.375 -4.523 -4.727 -4.865 -5.114 -5.174 -5.500 -5.519 -5.743
0.00061788 -1.40000 7.90000 5.4521770477 2.6161818684    5.452  3.887  3.6609  0.883    7  0.000  0.328    39.29    26.64    18.40    13.56    11.17  4    -1e-30      0.00 7.495e-01 2.499e-01 7.095e-05 8.274e-05 2.871e-04 -1.000 6.552e-04 -4.947 -0.752 2.355 0.737 -1.610 -2.358 -2.798 -3.151 -3.604 -4.446 -4.599 -4.811 -4.952 -5.208 -5.270 -5.602 -5.621 -5.849
0.00061788 -1.40000 7.90000 5.4528031349 2.6161845187    5.453  3.927  3.6575  0.830    7  0.000  0.318    44.09    29.35    20.18    14.90    12.28  4    -1e-30      0.00 7.494e-01 2.500e-01 6.880e-05 8.584e-05 2.864e-04 -1.000 6.540e-04 -5.048 -0.830 2.443 0.903 -1.526 -2.285 -2.771 -3.155 -3.635 -4.516 -4.675 -4.894 -5.039 -5.301 -5.364 -5.702 -5.722 -5.955
0.00061788 -1.40000 7.90000 5.4536375999 2.6161880500    5.454  3.974  3.6536  0.767    7  0.000  0.312    50.47    32.87    22.48    16.63    13.71  4    -1e-30      0.00 7.492e-01 2.502e-01 6.670e-05 9.159e-05 2.825e-04 -1.000 6.526e-04 -5.165 -0.924 2.550 1.018 -1.492 -2.261 -2.779 -3.186 -3.687 -4.599 -4.762 -4.988 -5.136 -5.404 -5.469 -5.815 -5.834 -6.073
0.00061788 -1.40000 7.90000 5.4544711113 2.6161915760    5.454  4.017  3.6500  0.710    7  0.000  0.311    57.11    36.46    24.83    18.39    15.16  4    -1e-30      0.00 7.485e-01 2.509e-01 6.533e-05 9.801e-05 2.771e-04 -1.000 6.527e-04 -5.272 -1.010 2.644 1.123 -1.461 -2.238 -2.786 -3.214 -3.734 -4.674 -4.841 -5.074 -5.225 -5.499 -5.566 -5.918 -5.938 -6.182
0.00061788 -1.40000 7.90000 5.4553041458 2.6161950988    5.455  4.060  3.6464  0.652    7  0.000  0.311    64.65    40.46    27.42    20.34    16.77  3    -1e-30      0.00 7.472e-01 2.521e-01 6.425e-05 1.033e-04 2.725e-04 -1.000 6.527e-04 -5.381 -1.098 2.714 1.221 -1.433 -2.218 -2.794 -3.243 -3.782 -4.750 -4.921 -5.160 -5.314 -5.594 -5.662 -6.021 -6.041 -6.291
0.00061788 -1.40000 7.90000 5.4560322762 2.6161981770    5.456  4.102  3.6430  0.596    7  0.000  0.311    72.92    44.76    30.20    22.43    18.50  3    -1e-30      0.00 7.458e-01 2.535e-01 6.345e-05 1.073e-04 2.692e-04 -1.000 6.584e-04 -5.486 -1.182 2.779 1.317 -1.404 -2.195 -2.799 -3.269 -3.826 -4.822 -4.997 -5.242 -5.398 -5.684 -5.754 -6.120 -6.141 -6.396
0.00061788 -1.40000 7.90000 5.4566564560 2.6162008149    5.457  4.143  3.6396  0.542    7  0.000  0.311    81.98    49.38    33.17    24.67    20.36  3    -1e-30      0.00 7.445e-01 2.548e-01 6.283e-05 1.104e-04 2.665e-04 -1.000 6.532e-04 -5.588 -1.264 2.835 1.414 -1.373 -2.170 -2.799 -3.289 -3.866 -4.890 -5.068 -5.320 -5.480 -5.772 -5.843 -6.216 -6.237 -6.498
0.00061788 -1.40000 7.90000 5.4572496414 2.6162033212    5.457  4.187  3.6360  0.484    7  0.000  0.311    92.84    54.81    36.64    27.30    22.53  3    -1e-30      0.00 7.430e-01 2.563e-01 6.228e-05 1.131e-04 2.642e-04 -1.000 6.535e-04 -5.697 -1.350 2.871 1.512 -1.341 -2.144 -2.794 -3.305 -3.903 -4.958 -5.141 -5.400 -5.563 -5.862 -5.935 -6.315 -6.338 -6.605
0.00061788 -1.40000 7.90000 5.4577102661 2.6162052670    5.458  4.224  3.6329  0.434    7  0.000  0.311   103.41    60.00    39.95    29.80    24.61  3    -1e-30      0.00 7.415e-01 2.579e-01 6.182e-05 1.154e-04 2.622e-04 -1.000 6.651e-04 -5.791 -1.424 2.901 1.599 -1.314 -2.121 -2.784 -3.313 -3.930 -5.014 -5.201 -5.468 -5.633 -5.939 -6.014 -6.402 -6.425 -6.698
0.00061788 -1.40000 7.90000 5.4582047462 2.6162073554    5.458  4.269  3.6292  0.374    7  0.000  0.311   117.68    66.87    44.31    33.11    27.34  3    -1e-30      0.00 7.360e-01 2.633e-01 6.099e-05 1.196e-04 2.587e-04 -1.000 6.603e-04 -5.903 -1.513 2.926 1.700 -1.283 -2.095 -2.769 -3.320 -3.960 -5.081 -5.273 -5.549 -5.717 -6.031 -6.109 -6.506 -6.529 -6.809
0.00061788 -1.40000 7.90000 5.4585652351 2.6162088776    5.459  4.310  3.6277  0.328    7  0.000  0.313   130.10    72.75    48.02    35.93    29.67  3    -1e-30      0.00 6.928e-01 3.066e-01 5.751e-05 1.377e-04 2.431e-04 -1.000 6.534e-04 -6.005 -1.603 2.888 1.709 -1.308 -2.122 -2.801 -3.363 -4.017 -5.158 -5.353 -5.634 -5.804 -6.123 -6.202 -6.604 -6.628 -6.910
0.00061788 -1.40000 7.90000 5.4586577415 2.6162092682    5.459  4.335  3.6268  0.299    7  0.000  0.313   138.35    76.60    50.44    37.77    31.20  3    -1e-30      0.00 6.710e-01 3.284e-01 5.593e-05 1.460e-04 2.359e-04 -1.000 6.530e-04 -6.068 -1.659 2.863 1.713 -1.326 -2.140 -2.821 -3.390 -4.052 -5.206 -5.402 -5.687 -5.858 -6.180 -6.260 -6.664 -6.688 -6.973
0.00061788 -1.40000 7.90000 5.4587249756 2.6162095520    5.459  4.347  3.6264  0.285    7  0.000  0.314   142.56    78.55    51.67    38.70    31.97  3    -1e-30      0.00 6.590e-01 3.404e-01 5.501e-05 1.508e-04 2.318e-04 -1.000 6.527e-04 -6.098 -1.686 2.851 1.715 -1.334 -2.149 -2.830 -3.403 -4.069 -5.229 -5.426 -5.713 -5.884 -6.207 -6.288 -6.694 -6.718 -7.004
