 Zini     MH   logAge Mini        int_IMF         Mass   logL    logTe  logg  label   McoreTP C_O  period0  period1  period2  period3  period4  pmode  Mloss  tau1m   X   Y   Xc  Xn  Xo  Cexcess  Z 	 mbolmag  F170Wmag  F218Wmag  F255Wmag  F300Wmag  F336Wmag  F380Wmag  F439Wmag  F450Wmag  F555Wmag  F569Wmag  F606Wmag  F622Wmag  F675Wmag  F702Wmag  F791Wmag  F814Wmag  F850LPmag
0.00012351 -2.10000 9.45000 0.0969537646 1.1451442648    0.097 -2.919  3.5354  5.437    1  0.000  0.545     0.00     0.00     0.00     0.00     0.00 -1 -9.31e-17      0.00 7.499e-01 2.499e-01 2.346e-05 6.329e-06 5.740e-05 -1.000 1.305e-04 12.068 16.563 21.429 20.880 17.275 16.430 16.412 15.521 14.889 13.470 13.266 12.877 12.666 12.253 12.053 11.393 11.351 10.968
0.00012351 -2.10000 9.45000 0.1032807007 1.1979410987    0.103 -2.774  3.5538  5.392    1  0.000  0.545     0.00     0.00     0.00     0.00     0.00 -1 -1.33e-16      0.00 7.496e-01 2.503e-01 2.346e-05 6.329e-06 5.740e-05 -1.000 1.305e-04 11.706 16.158 20.855 19.747 16.520 15.666 15.463 14.748 14.210 12.915 12.720 12.351 12.145 11.764 11.612 11.043 11.006 10.650
0.00012351 -2.10000 9.45000 0.1068295985 1.2257492700    0.106 -2.697  3.5637  5.369    1  0.000  0.545     0.00     0.00     0.00     0.00     0.00 -1  -1.6e-16      0.00 7.494e-01 2.505e-01 2.346e-05 6.329e-06 5.740e-05 -1.000 1.304e-04 11.513 15.938 20.487 19.102 16.099 15.249 14.987 14.350 13.856 12.630 12.440 12.082 11.881 11.511 11.380 10.854 10.819 10.476
0.00012351 -2.10000 9.45000 0.1107425913 1.2550510086    0.110 -2.643  3.5690  5.351    1  0.000  0.545     0.00     0.00     0.00     0.00     0.00 -1 -1.82e-16      0.00 7.492e-01 2.506e-01 2.346e-05 6.329e-06 5.740e-05 -1.000 1.304e-04 11.377 15.788 20.238 18.711 15.835 14.990 14.703 14.107 13.634 12.447 12.260 11.909 11.710 11.346 11.226 10.721 10.687 10.351
0.00012351 -2.10000 9.45000 0.1265812367 1.3612056418    0.126 -2.441  3.5888  5.287    1  0.000  0.545     0.00     0.00     0.00     0.00     0.00 -1 -2.91e-16      0.00 7.486e-01 2.513e-01 2.346e-05 6.329e-06 5.740e-05 -1.000 1.305e-04 10.872 15.227 19.194 17.337 14.853 14.034 13.725 13.249 12.837 11.787 11.612 11.292 11.107 10.767 10.670 10.219 10.190 9.878
0.00012351 -2.10000 9.45000 0.1463329047 1.4716401990    0.146 -2.278  3.6012  5.237    1  0.000  0.545     0.00     0.00     0.00     0.00     0.00 -1 -4.17e-16      0.00 7.480e-01 2.518e-01 2.346e-05 6.329e-06 5.740e-05 -1.000 1.304e-04 10.466 14.782 18.402 16.441 14.154 13.354 13.069 12.651 12.267 11.294 11.126 10.828 10.652 10.327 10.238 9.812 9.784 9.488
0.00012351 -2.10000 9.45000 0.1660845429 1.5642192292    0.166 -2.155  3.6092  5.201    1  0.000  0.545     0.00     0.00     0.00     0.00     0.00 -1 -5.43e-16      0.00 7.476e-01 2.523e-01 2.346e-05 6.329e-06 5.740e-05 -1.000 1.305e-04 10.157 14.447 17.859 15.844 13.658 12.871 12.611 12.228 11.858 10.931 10.768 10.484 10.314 9.999 9.914 9.502 9.475 9.188
0.00012351 -2.10000 9.45000 0.1845162660 1.6385394152    0.184 -2.057  3.6150  5.171    1  0.000  0.545     0.00     0.00     0.00     0.00     0.00 -1 -6.67e-16      0.00 7.473e-01 2.526e-01 2.346e-05 6.329e-06 5.740e-05 -1.000 1.305e-04 9.912 14.182 17.432 15.398 13.282 12.506 12.268 11.906 11.546 10.649 10.489 10.214 10.048 9.741 9.659 9.256 9.230 8.950
0.00012351 -2.10000 9.45000 0.2055878490 1.7124988351    0.205 -1.956  3.6209  5.141    1  0.000  0.545     0.00     0.00     0.00     0.00     0.00 -1 -8.25e-16      0.00 7.469e-01 2.529e-01 2.346e-05 6.329e-06 5.740e-05 -1.000 1.304e-04 9.660 13.909 16.987 14.941 12.896 12.131 11.918 11.578 11.226 10.359 10.203 9.937 9.776 9.475 9.396 9.002 8.978 8.704
0.00012351 -2.10000 9.45000 0.2549669743 1.8527729435    0.255 -1.761  3.6313  5.082    1  0.000  0.545     0.00     0.00     0.00     0.00     0.00 -1 -1.24e-15      0.00 7.466e-01 2.533e-01 2.346e-05 6.329e-06 5.740e-05 -1.000 1.304e-04 9.173 13.382 16.109 14.087 12.173 11.432 11.267 10.963 10.625 9.807 9.657 9.408 9.253 8.965 8.891 8.513 8.489 8.229
0.00012351 -2.10000 9.45000 0.3043461442 1.9615366389    0.304 -1.604  3.6398  5.036    1  0.000  0.545     0.00     0.00     0.00     0.00     0.00 -1 -1.72e-15      0.00 7.465e-01 2.534e-01 2.346e-05 6.329e-06 5.740e-05 -1.000 1.305e-04 8.781 12.956 15.423 13.418 11.594 10.872 10.751 10.474 10.146 9.365 9.219 8.982 8.833 8.555 8.484 8.118 8.096 7.845
0.00012351 -2.10000 9.45000 0.3537251949 2.0494810633    0.354 -1.473  3.6474  5.001    1  0.000  0.545     0.00     0.00     0.00     0.00     0.00 -1 -2.24e-15      0.00 7.468e-01 2.531e-01 2.345e-05 6.330e-06 5.740e-05 -1.000 1.305e-04 8.453 12.596 14.870 12.863 11.102 10.397 10.319 10.066 9.746 8.995 8.852 8.626 8.482 8.212 8.143 7.788 7.767 7.525
0.00012351 -2.10000 9.45000 0.3782112002 2.0873727250    0.378 -1.414  3.6515  4.987    1  0.000  0.545     0.00     0.00     0.00     0.00     0.00 -1 -2.53e-15      0.00 7.488e-01 2.510e-01 2.345e-05 6.329e-06 5.740e-05 -1.000 1.305e-04 8.304 12.430 14.599 12.592 10.866 10.171 10.116 9.875 9.560 8.824 8.684 8.463 8.321 8.055 7.988 7.639 7.618 7.381
0.00012351 -2.10000 9.45000 0.4031043649 2.1227581329    0.403 -1.357  3.6554  4.974    1  0.000  0.545     0.00     0.00     0.00     0.00     0.00 -1 -2.84e-15      0.00 7.506e-01 2.493e-01 2.346e-05 6.329e-06 5.740e-05 -1.000 1.306e-04 8.163 12.271 14.335 12.333 10.642 9.957 9.923 9.694 9.384 8.662 8.524 8.307 8.168 7.907 7.841 7.497 7.477 7.244
0.00012351 -2.10000 9.45000 0.4524834752 2.1852063413    0.452 -1.219  3.6677  4.935    1  0.000  0.545     0.00     0.00     0.00     0.00     0.00 -1 -3.85e-15      0.00 7.508e-01 2.491e-01 2.346e-05 6.329e-06 5.740e-05 -1.000 1.305e-04 7.817 11.869 13.562 11.607 10.035 9.383 9.421 9.231 8.934 8.257 8.125 7.923 7.791 7.542 7.480 7.152 7.133 6.914
0.00012351 -2.10000 9.45000 0.5018625855 2.2393660217    0.502 -1.068  3.6820  4.887    1  0.000  0.545     0.00     0.00     0.00     0.00     0.00 -1 -5.47e-15      0.00 7.511e-01 2.488e-01 2.344e-05 6.323e-06 5.735e-05 -1.000 1.305e-04 7.440 11.419 12.669 10.789 9.361 8.752 8.872 8.725 8.446 7.819 7.693 7.507 7.383 7.148 7.090 6.780 6.763 6.559
0.00012351 -2.10000 9.45000 0.5512417555 2.2846836818    0.551 -0.905  3.6984  4.829    1  0.000  0.545     0.00     0.00     0.00     0.00     0.00 -1 -8.11e-15      0.00 7.588e-01 2.410e-01 2.275e-05 6.136e-06 5.566e-05 -1.000 1.305e-04 7.031 10.914 11.648 9.893 8.632 8.075 8.281 8.181 7.925 7.352 7.233 7.062 6.946 6.726 6.673 6.382 6.368 6.181
0.00012351 -2.10000 9.45000 0.6006208658 2.3215416132    0.600 -0.737  3.7186  4.779    1  0.000  0.545     0.00     0.00     0.00     0.00     0.00 -1 -1.21e-14      0.00 7.619e-01 2.380e-01 2.249e-05 6.068e-06 5.504e-05 -1.000 1.304e-04 6.612 10.341 10.434 8.906 7.856 7.365 7.662 7.614 7.387 6.875 6.765 6.611 6.504 6.302 6.254 5.986 5.974 5.806
0.00012351 -2.10000 9.45000 0.6075208783 2.3261462497    0.607 -0.713  3.7218  4.773    1  0.000  0.545     0.00     0.00     0.00     0.00     0.00 -1 -1.28e-14      0.00 7.624e-01 2.375e-01 2.244e-05 6.056e-06 5.493e-05 -1.000 1.305e-04 6.552 10.252 10.254 8.764 7.745 7.265 7.574 7.533 7.310 6.808 6.699 6.548 6.443 6.243 6.196 5.931 5.919 5.755
0.00012351 -2.10000 9.45000 0.6499999762 2.3520353107    0.650 -0.571  3.7408  4.737    1  0.000  0.545     0.00     0.00     0.00     0.00     0.00 -1 -1.79e-14      0.00 7.661e-01 2.338e-01 2.213e-05 5.972e-06 5.419e-05 -1.000 1.277e-04 6.196 9.692 9.210 7.946 7.108 6.690 7.064 7.061 6.864 6.415 6.314 6.177 6.079 5.895 5.852 5.608 5.598 5.451
0.00012351 -2.10000 9.45000 0.6526926160 2.3535462355    0.653 -0.562  3.7421  4.735    1  0.000  0.544     0.00     0.00     0.00     0.00     0.00 -1 -1.83e-14      0.00 7.664e-01 2.335e-01 2.210e-05 5.966e-06 5.413e-05 -1.000 1.277e-04 6.174 9.649 9.139 7.893 7.069 6.655 7.033 7.032 6.836 6.391 6.290 6.154 6.057 5.874 5.831 5.588 5.578 5.432
0.00012351 -2.10000 9.45000 0.6903352141 2.3732575019    0.690 -0.439  3.7595  4.706    1  0.000  0.544     0.00     0.00     0.00     0.00     0.00 -1 -2.44e-14      0.00 7.709e-01 2.289e-01 2.173e-05 5.867e-06 5.324e-05 -1.000 1.282e-04 5.867 9.035 8.215 7.196 6.535 6.183 6.608 6.635 6.459 6.060 5.968 5.844 5.754 5.586 5.547 5.323 5.315 5.184
0.00012351 -2.10000 9.45000 0.6999999285 2.3779266691    0.700 -0.408  3.7638  4.698    1  0.000  0.544     0.00     0.00     0.00     0.00     0.00 -1 -2.62e-14      0.00 7.722e-01 2.276e-01 2.163e-05 5.838e-06 5.298e-05 -1.000 1.305e-04 5.790 8.870 8.006 7.035 6.410 6.072 6.507 6.539 6.367 5.980 5.889 5.768 5.680 5.515 5.477 5.257 5.249 5.123
0.00012351 -2.10000 9.45000 0.7114222050 2.3832572733    0.711 -0.372  3.7688  4.689    1  0.000  0.542     0.00     0.00     0.00     0.00     0.00 -1 -2.86e-14      0.00 7.743e-01 2.256e-01 2.139e-05 5.792e-06 5.258e-05 -1.000 1.305e-04 5.700 8.678 7.768 6.851 6.266 5.944 6.389 6.427 6.260 5.886 5.797 5.680 5.593 5.432 5.396 5.181 5.173 5.051
0.00012351 -2.10000 9.45000 0.7478359342 2.3990080575    0.748 -0.259  3.7841  4.660    1  0.000  0.537     0.00     0.00     0.00     0.00     0.00 -1 -3.74e-14      0.00 7.819e-01 2.179e-01 2.057e-05 5.621e-06 5.109e-05 -1.000 1.305e-04 5.419 8.075 7.098 6.319 5.840 5.567 6.034 6.085 5.934 5.596 5.514 5.406 5.326 5.177 5.143 4.943 4.936 4.827
0.00012351 -2.10000 9.45000 0.7499999404 2.3998888845    0.750 -0.253  3.7850  4.658    1  0.000  0.536     0.00     0.00     0.00     0.00     0.00 -1  -3.8e-14      0.00 7.824e-01 2.174e-01 2.052e-05 5.609e-06 5.100e-05 -1.000 1.305e-04 5.402 8.040 7.061 6.289 5.816 5.546 6.013 6.065 5.915 5.579 5.497 5.391 5.310 5.162 5.128 4.929 4.923 4.814
0.00012351 -2.10000 9.45000 0.7748354673 2.4095940964    0.775 -0.178  3.7940  4.634    1  0.000  0.536     0.00     0.00     0.00     0.00     0.00 -1 -4.56e-14      0.00 7.864e-01 2.135e-01 2.027e-05 5.545e-06 5.044e-05 -1.000 1.151e-04 5.216 7.664 6.679 5.977 5.559 5.317 5.788 5.844 5.703 5.388 5.311 5.210 5.133 4.992 4.960 4.770 4.764 4.663
0.00012351 -2.10000 9.45000 0.8000000119 2.4187244405    0.800 -0.104  3.8029  4.609    1  0.000  0.535     0.00     0.00     0.00     0.00     0.00 -1 -5.47e-14      0.00 7.901e-01 2.098e-01 2.007e-05 5.494e-06 5.000e-05 -1.000 7.014e-05 5.031 7.302 6.323 5.682 5.315 5.099 5.568 5.625 5.494 5.198 5.124 5.029 4.956 4.822 4.792 4.610 4.605 4.512
0.00012351 -2.10000 9.45000 0.8285042644 2.4282999574    0.828 -0.022  3.8129  4.581    1  0.000  0.535     0.00     0.00     0.00     0.00     0.00 -1 -6.71e-14      0.00 7.901e-01 2.098e-01 2.015e-05 5.516e-06 5.021e-05 -1.000 1.110e-04 4.824 6.911 5.951 5.373 5.056 4.868 5.326 5.382 5.260 4.985 4.916 4.827 4.759 4.632 4.604 4.432 4.428 4.343
0.00012351 -2.10000 9.45000 0.8499999642 2.4350346659    0.849  0.040  3.8204  4.561    1  0.000  0.535     0.00     0.00     0.00     0.00     0.00 -1 -7.82e-14      0.00 7.898e-01 2.101e-01 2.022e-05 5.537e-06 5.041e-05 -1.000 1.066e-04 4.670 6.650 5.704 5.161 4.874 4.703 5.148 5.202 5.086 4.825 4.759 4.674 4.608 4.487 4.460 4.296 4.293 4.214
0.00012351 -2.10000 9.45000 0.8671498895 2.4401333358    0.866  0.088  3.8264  4.545    1  0.000  0.535     0.00     0.00     0.00     0.00     0.00 -1 -8.81e-14      0.00 7.901e-01 2.098e-01 2.020e-05 5.532e-06 5.037e-05 -1.000 1.184e-04 4.549 6.447 5.515 4.998 4.735 4.577 5.009 5.061 4.950 4.699 4.635 4.555 4.491 4.374 4.348 4.190 4.187 4.113
0.00012351 -2.10000 9.45000 0.8957856894 2.4481484402    0.895  0.168  3.8364  4.519    1  0.000  0.535     0.00     0.00     0.00     0.00     0.00 -1 -1.07e-13      0.00 7.901e-01 2.098e-01 2.020e-05 5.532e-06 5.037e-05 -1.000 1.272e-04 4.349 6.119 5.214 4.740 4.512 4.375 4.780 4.827 4.724 4.490 4.429 4.355 4.295 4.186 4.162 4.014 4.012 3.946
0.00012351 -2.10000 9.45000 0.8999999762 2.4492786016    0.899  0.180  3.8378  4.515    1  0.000  0.535     0.00     0.00     0.00     0.00     0.00 -1 -1.11e-13      0.00 7.900e-01 2.098e-01 2.020e-05 5.533e-06 5.038e-05 -1.000 1.270e-04 4.320 6.072 5.171 4.704 4.480 4.346 4.747 4.792 4.690 4.459 4.399 4.326 4.266 4.159 4.135 3.989 3.986 3.922
0.00012351 -2.10000 9.45000 0.9124073982 2.4525363507    0.912  0.214  3.8424  4.505    1  0.000  0.535     0.00     0.00     0.00     0.00     0.00 -1  -1.2e-13      0.00 7.900e-01 2.099e-01 2.020e-05 5.533e-06 5.037e-05 -1.000 1.170e-04 4.235 5.932 5.046 4.597 4.387 4.262 4.649 4.692 4.593 4.370 4.311 4.241 4.183 4.079 4.056 3.915 3.913 3.852
0.00012351 -2.10000 9.45000 0.9367308021 2.4586357712    0.936  0.281  3.8514  4.486    1  0.000  0.535     0.00     0.00     0.00     0.00     0.00 -1 -1.41e-13      0.00 7.898e-01 2.101e-01 2.021e-05 5.535e-06 5.039e-05 -1.000 8.470e-05 4.068 5.662 4.804 4.391 4.208 4.100 4.457 4.493 4.402 4.193 4.138 4.074 4.019 3.923 3.902 3.769 3.768 3.715
0.00012351 -2.10000 9.45000 0.9499999881 2.4618121868    0.949  0.317  3.8563  4.475    1  0.000  0.535     0.00     0.00     0.00     0.00     0.00 -1 -1.55e-13      0.00 7.897e-01 2.102e-01 2.022e-05 5.537e-06 5.041e-05 -1.000 7.437e-05 3.976 5.517 4.675 4.281 4.113 4.013 4.352 4.384 4.297 4.096 4.043 3.982 3.930 3.837 3.817 3.690 3.689 3.640
0.00012351 -2.10000 9.45000 0.9644117951 2.4651485012    0.964  0.357  3.8624  4.466    1  0.000  0.535     0.00     0.00     0.00     0.00     0.00 -1  -1.7e-13      0.00 7.901e-01 2.098e-01 2.019e-05 5.530e-06 5.035e-05 -1.000 1.043e-04 3.877 5.352 4.532 4.161 4.009 3.920 4.237 4.265 4.182 3.991 3.940 3.883 3.833 3.746 3.727 3.606 3.605 3.561
0.00012351 -2.10000 9.45000 0.9809885025 2.4688469212    0.980  0.403  3.8696  4.457    1  0.000  0.535     0.00     0.00     0.00     0.00     0.00 -1 -1.89e-13      0.00 7.905e-01 2.094e-01 2.016e-05 5.523e-06 5.028e-05 -1.000 1.099e-04 3.762 5.164 4.369 4.025 3.892 3.815 4.104 4.125 4.048 3.868 3.821 3.768 3.721 3.641 3.623 3.510 3.510 3.471
0.00012351 -2.10000 9.45000 0.9967761040 2.4722380813    0.996  0.447  3.8768  4.448    1  0.000  0.535     0.00     0.00     0.00     0.00     0.00 -1  -2.1e-13      0.00 7.908e-01 2.091e-01 2.014e-05 5.518e-06 5.024e-05 -1.000 1.140e-04 3.651 4.981 4.214 3.895 3.779 3.714 3.975 3.990 3.918 3.750 3.705 3.657 3.614 3.539 3.523 3.419 3.418 3.385
0.00012351 -2.10000 9.45000 1.0000000000 2.4729154477    1.000  0.457  3.8783  4.446    1  0.000  0.535     0.00     0.00     0.00     0.00     0.00 -1 -2.15e-13      0.00 7.908e-01 2.091e-01 2.014e-05 5.517e-06 5.023e-05 -1.000 1.157e-04 3.628 4.943 4.182 3.869 3.756 3.693 3.948 3.962 3.891 3.725 3.681 3.635 3.592 3.519 3.502 3.400 3.400 3.368
0.00012351 -2.10000 9.45000 1.0037603378 2.4736992061    1.003  0.467  3.8802  4.445    1  0.000  0.535     0.00     0.00     0.00     0.00     0.00 -1 -2.19e-13      0.00 7.909e-01 2.090e-01 2.013e-05 5.515e-06 5.021e-05 -1.000 1.124e-04 3.602 4.898 4.143 3.837 3.729 3.669 3.917 3.929 3.860 3.697 3.654 3.608 3.566 3.495 3.479 3.379 3.379 3.348
0.00012351 -2.10000 9.45000 1.0229964256 2.4776051069    1.022  0.522  3.8903  4.439    1  0.000  0.534     0.00     0.00     0.00     0.00     0.00 -1  -2.4e-13      0.00 7.914e-01 2.085e-01 2.010e-05 5.508e-06 5.015e-05 -1.000 8.570e-05 3.465 4.662 3.947 3.676 3.591 3.546 3.756 3.760 3.698 3.551 3.511 3.473 3.435 3.373 3.359 3.270 3.270 3.247
0.00012351 -2.10000 9.45000 1.0402673483 2.4809708179    1.039  0.573  3.8996  4.432    1  0.000  0.534     0.00     0.00     0.00     0.00     0.00 -1 -2.63e-13      0.00 7.917e-01 2.082e-01 2.009e-05 5.503e-06 5.011e-05 -1.000 1.305e-04 3.338 4.443 3.771 3.532 3.465 3.432 3.609 3.605 3.550 3.417 3.382 3.350 3.316 3.263 3.250 3.172 3.172 3.155
0.00012351 -2.10000 9.45000 1.0499999523 2.4828114860    1.049  0.602  3.9050  4.428    1  0.000  0.534     0.00     0.00     0.00     0.00     0.00 -1 -2.78e-13      0.00 7.918e-01 2.080e-01 2.008e-05 5.500e-06 5.009e-05 -1.000 1.304e-04 3.264 4.313 3.671 3.449 3.392 3.366 3.524 3.517 3.466 3.342 3.308 3.280 3.249 3.200 3.188 3.116 3.117 3.102
0.00012351 -2.10000 9.45000 1.0559275150 2.4839134296    1.055  0.619  3.9081  4.426    1  0.000  0.534     0.00     0.00     0.00     0.00     0.00 -1 -2.86e-13      0.00 7.920e-01 2.079e-01 2.007e-05 5.497e-06 5.006e-05 -1.000 1.287e-04 3.221 4.237 3.613 3.401 3.350 3.327 3.475 3.465 3.417 3.298 3.266 3.239 3.210 3.163 3.152 3.084 3.084 3.072
0.00012351 -2.10000 9.45000 1.0702265501 2.4865139629    1.069  0.662  3.9157  4.419    1  0.000  0.534     0.00     0.00     0.00     0.00     0.00 -1 -3.09e-13      0.00 7.923e-01 2.076e-01 2.004e-05 5.492e-06 5.002e-05 -1.000 1.074e-04 3.114 4.040 3.470 3.283 3.245 3.230 3.354 3.339 3.297 3.190 3.161 3.140 3.114 3.074 3.065 3.005 3.005 2.996
0.00012351 -2.10000 9.45000 1.0837498903 2.4889009505    1.082  0.705  3.9232  4.412    1  0.000  0.534     0.00     0.00     0.00     0.00     0.00 -1 -3.34e-13      0.00 7.925e-01 2.074e-01 2.003e-05 5.488e-06 4.998e-05 -1.000 1.193e-04 3.008 3.840 3.333 3.170 3.142 3.134 3.236 3.217 3.181 3.087 3.062 3.045 3.022 2.989 2.980 2.928 2.929 2.923
0.00012351 -2.10000 9.45000 1.0957788229 2.4909673228    1.094  0.744  3.9299  4.405    1  0.000  0.534     0.00     0.00     0.00     0.00     0.00 -1 -3.59e-13      0.00 7.927e-01 2.072e-01 2.002e-05 5.485e-06 4.995e-05 -1.000 7.077e-05 2.911 3.652 3.210 3.067 3.047 3.045 3.130 3.108 3.077 2.995 2.972 2.959 2.940 2.912 2.905 2.859 2.860 2.857
0.00012351 -2.10000 9.45000 1.1000000238 2.4916801480    1.099  0.757  3.9322  4.402    1  0.000  0.534     0.00     0.00     0.00     0.00     0.00 -1 -3.69e-13      0.00 7.928e-01 2.072e-01 2.002e-05 5.484e-06 4.995e-05 -1.000 4.500e-05 2.876 3.581 3.167 3.031 3.014 3.014 3.094 3.071 3.043 2.964 2.943 2.931 2.912 2.886 2.879 2.836 2.836 2.834
0.00012351 -2.10000 9.45000 1.1016474962 2.4919566493    1.100  0.763  3.9331  4.401    1  0.000  0.534     0.00     0.00     0.00     0.00     0.00 -1 -3.72e-13      0.00 7.928e-01 2.071e-01 2.001e-05 5.484e-06 4.994e-05 -1.000 3.269e-05 2.863 3.555 3.151 3.017 3.001 3.002 3.081 3.058 3.029 2.952 2.932 2.920 2.902 2.877 2.869 2.827 2.827 2.826
0.00012351 -2.10000 9.45000 1.1108458042 2.4934831171    1.110  0.793  3.9378  4.394    1  0.000  0.534     0.00     0.00     0.00     0.00     0.00 -1 -3.94e-13      0.00 7.930e-01 2.069e-01 2.000e-05 5.479e-06 4.991e-05 -1.000 1.133e-04 2.788 3.409 3.061 2.940 2.929 2.933 3.003 2.979 2.955 2.886 2.867 2.858 2.842 2.820 2.813 2.775 2.775 2.775
0.00012351 -2.10000 9.45000 1.1198033094 2.4949419406    1.118  0.822  3.9423  4.386    1  0.000  0.534     0.00     0.00     0.00     0.00     0.00 -1 -4.17e-13      0.00 7.932e-01 2.067e-01 1.998e-05 5.476e-06 4.988e-05 -1.000 1.305e-04 2.715 3.271 2.974 2.864 2.858 2.864 2.929 2.905 2.884 2.822 2.805 2.798 2.784 2.765 2.759 2.724 2.724 2.726
0.00012351 -2.10000 9.45000 1.1288768053 2.4963925438    1.127  0.851  3.9466  4.377    1  0.000  0.534     0.00     0.00     0.00     0.00     0.00 -1 -4.42e-13      0.00 7.933e-01 2.065e-01 1.998e-05 5.474e-06 4.986e-05 -1.000 1.304e-04 2.641 3.141 2.886 2.786 2.784 2.795 2.855 2.831 2.813 2.758 2.743 2.737 2.725 2.708 2.703 2.671 2.672 2.674
0.00012351 -2.10000 9.45000 1.1374652386 2.4977411092    1.136  0.879  3.9501  4.367    1  0.000  0.534     0.00     0.00     0.00     0.00     0.00 -1 -4.68e-13      0.00 7.934e-01 2.064e-01 1.997e-05 5.472e-06 4.984e-05 -1.000 1.305e-04 2.572 3.024 2.805 2.713 2.716 2.729 2.786 2.762 2.746 2.697 2.683 2.679 2.668 2.654 2.649 2.620 2.621 2.624
0.00012351 -2.10000 9.45000 1.1451609135 2.4989297528    1.144  0.903  3.9528  4.356    1  0.000  0.534     0.00     0.00     0.00     0.00     0.00 -1 -4.92e-13      0.00 7.934e-01 2.065e-01 1.997e-05 5.473e-06 4.985e-05 -1.000 1.304e-04 2.512 2.934 2.737 2.650 2.656 2.671 2.727 2.704 2.689 2.644 2.631 2.628 2.618 2.605 2.601 2.574 2.574 2.578
0.00012351 -2.10000 9.45000 1.1499999762 2.4996678137    1.149  0.918  3.9543  4.350    1  0.000  0.534     0.00     0.00     0.00     0.00     0.00 -1 -5.08e-13      0.00 7.935e-01 2.063e-01 1.996e-05 5.471e-06 4.983e-05 -1.000 1.305e-04 2.476 2.881 2.696 2.612 2.620 2.636 2.691 2.669 2.655 2.612 2.600 2.597 2.588 2.576 2.571 2.546 2.546 2.550
0.00012351 -2.10000 9.45000 1.1557012796 2.5005282709    1.154  0.935  3.9555  4.340    1  0.000  0.534     0.00     0.00     0.00     0.00     0.00 -1 -5.29e-13      0.00 7.936e-01 2.063e-01 1.996e-05 5.470e-06 4.983e-05 -1.000 1.270e-04 2.433 2.825 2.650 2.568 2.577 2.595 2.647 2.626 2.613 2.572 2.560 2.558 2.549 2.537 2.533 2.508 2.509 2.513
0.00012351 -2.10000 9.45000 1.1635242701 2.5016931716    1.162  0.965  3.9587  4.325    1  0.000  0.534     0.00     0.00     0.00     0.00     0.00 -1 -5.65e-13      0.00 7.936e-01 2.063e-01 1.996e-05 5.469e-06 4.982e-05 -1.000 1.276e-04 2.357 2.714 2.564 2.489 2.501 2.522 2.573 2.553 2.541 2.505 2.495 2.494 2.485 2.476 2.472 2.450 2.450 2.455
0.00012351 -2.10000 9.45000 1.1730649471 2.5030896931    1.172  1.009  3.9641  4.306    1  0.000  0.534     0.00     0.00     0.00     0.00     0.00 -1 -6.24e-13      0.00 7.935e-01 2.063e-01 1.996e-05 5.471e-06 4.983e-05 -1.000 1.305e-04 2.247 2.552 2.436 2.369 2.389 2.415 2.466 2.450 2.440 2.412 2.403 2.404 2.397 2.390 2.387 2.368 2.369 2.374
0.00012351 -2.10000 9.45000 1.1760716438 2.5035244037    1.175  1.033  3.9678  4.298    1  0.000  0.534     0.00     0.00     0.00     0.00     0.00 -1 -6.62e-13      0.00 7.935e-01 2.064e-01 1.997e-05 5.473e-06 4.985e-05 -1.000 1.305e-04 2.187 2.456 2.361 2.301 2.325 2.355 2.409 2.395 2.387 2.363 2.355 2.357 2.351 2.346 2.343 2.327 2.327 2.334
0.00012351 -2.10000 9.45000 1.1763105392 2.5035588338    1.175  1.036  3.9681  4.297    1  0.000  0.534     0.00     0.00     0.00     0.00     0.00 -1 -6.66e-13      0.00 7.935e-01 2.064e-01 1.997e-05 5.473e-06 4.985e-05 -1.000 1.304e-04 2.181 2.448 2.354 2.294 2.319 2.349 2.403 2.390 2.382 2.358 2.351 2.352 2.346 2.342 2.339 2.323 2.323 2.330
0.00012351 -2.10000 9.45000 1.1772397757 2.5036926045    1.176  1.043  3.9677  4.287    2  0.000  0.534     0.00     0.00     0.00     0.00     0.00 -1 -6.85e-13      0.00 7.934e-01 2.065e-01 1.997e-05 5.474e-06 4.986e-05 -1.000 1.305e-04 2.161 2.433 2.338 2.277 2.301 2.330 2.382 2.369 2.360 2.337 2.329 2.331 2.325 2.320 2.317 2.301 2.301 2.307
0.00012351 -2.10000 9.45000 1.1890696287 2.5053746095    1.188  1.107  3.9653  4.219    2  0.000  0.534     0.00     0.00     0.00     0.00     0.00 -1  -8.3e-13      0.00 7.928e-01 2.071e-01 2.002e-05 5.487e-06 4.998e-05 -1.000 1.305e-04 2.003 2.301 2.201 2.136 2.154 2.181 2.215 2.202 2.193 2.171 2.163 2.164 2.158 2.152 2.149 2.132 2.132 2.135
0.00012351 -2.10000 9.45000 1.2000000477 2.5068948796    1.199  1.169  3.9598  4.139    2  0.000  0.534     0.00     0.00     0.00     0.00     0.00 -1 -1.02e-12      0.00 7.922e-01 2.077e-01 2.007e-05 5.499e-06 5.009e-05 -1.000 1.304e-04 1.849 2.201 2.084 2.009 2.017 2.037 2.046 2.031 2.021 1.996 1.987 1.987 1.980 1.972 1.969 1.949 1.949 1.948
0.00012351 -2.10000 9.45000 1.2007104158 2.5069925810    1.199  1.173  3.9591  4.133    2  0.000  0.534     0.00     0.00     0.00     0.00     0.00 -1 -1.04e-12      0.00 7.921e-01 2.077e-01 2.007e-05 5.500e-06 5.009e-05 -1.000 1.304e-04 1.838 2.199 2.078 2.001 2.008 2.028 2.035 2.019 2.009 1.983 1.975 1.974 1.967 1.959 1.956 1.935 1.935 1.933
0.00012351 -2.10000 9.45000 1.2043077946 2.5074853165    1.203  1.196  3.9534  4.087    2  0.000  0.534     0.00     0.00     0.00     0.00     0.00 -1 -1.14e-12      0.00 7.920e-01 2.079e-01 2.008e-05 5.503e-06 5.012e-05 -1.000 1.304e-04 1.779 2.203 2.053 1.966 1.963 1.976 1.967 1.948 1.937 1.906 1.897 1.894 1.886 1.875 1.872 1.848 1.847 1.842
0.00012351 -2.10000 9.45000 1.2067544460 2.5078185065    1.205  1.214  3.9479  4.049    2  0.000  0.534     0.00     0.00     0.00     0.00     0.00 -1 -1.24e-12      0.00 7.919e-01 2.080e-01 2.009e-05 5.505e-06 5.014e-05 -1.000 1.304e-04 1.736 2.221 2.041 1.944 1.932 1.939 1.916 1.895 1.883 1.847 1.836 1.832 1.822 1.809 1.805 1.777 1.777 1.769
0.00012351 -2.10000 9.45000 1.2090346813 2.5081276379    1.208  1.232  3.9397  3.999    2  0.000  0.534     0.00     0.00     0.00     0.00     0.00 -1 -1.36e-12      0.00 7.918e-01 2.081e-01 2.010e-05 5.507e-06 5.016e-05 -1.000 1.305e-04 1.690 2.273 2.044 1.931 1.905 1.902 1.862 1.839 1.824 1.780 1.767 1.760 1.748 1.731 1.725 1.692 1.691 1.680
0.00012351 -2.10000 9.45000 1.2106920481 2.5083514869    1.209  1.246  3.9312  3.951    2  0.000  0.534     0.00     0.00     0.00     0.00     0.00 -1 -1.48e-12      0.00 7.917e-01 2.082e-01 2.011e-05 5.509e-06 5.017e-05 -1.000 1.305e-04 1.654 2.350 2.057 1.925 1.884 1.873 1.823 1.799 1.780 1.725 1.710 1.700 1.685 1.663 1.657 1.617 1.616 1.599
0.00012351 -2.10000 9.45000 1.2119826078 2.5085253063    1.211  1.258  3.9225  3.905    2  0.000  0.534     0.00     0.00     0.00     0.00     0.00 -1  -1.6e-12      0.00 7.916e-01 2.082e-01 2.011e-05 5.510e-06 5.019e-05 -1.000 1.304e-04 1.625 2.451 2.074 1.920 1.866 1.846 1.796 1.773 1.748 1.681 1.661 1.648 1.629 1.602 1.594 1.548 1.546 1.526
0.00012351 -2.10000 9.45000 1.2130336761 2.5086665555    1.212  1.268  3.9135  3.859    2  0.000  0.534     0.00     0.00     0.00     0.00     0.00 -1 -1.73e-12      0.00 7.916e-01 2.083e-01 2.011e-05 5.511e-06 5.019e-05 -1.000 1.304e-04 1.599 2.559 2.100 1.921 1.852 1.824 1.779 1.757 1.725 1.644 1.621 1.603 1.581 1.547 1.538 1.483 1.482 1.458
0.00012351 -2.10000 9.45000 1.2139191628 2.5087853345    1.213  1.278  3.9039  3.812    2  0.000  0.534     0.00     0.00     0.00     0.00     0.00 -1 -1.86e-12      0.00 7.915e-01 2.083e-01 2.012e-05 5.512e-06 5.020e-05 -1.000 1.304e-04 1.576 2.670 2.134 1.926 1.841 1.803 1.769 1.750 1.711 1.615 1.588 1.564 1.538 1.497 1.487 1.423 1.421 1.392
0.00012351 -2.10000 9.45000 1.2146857977 2.5088880100    1.213  1.286  3.8939  3.764    2  0.000  0.534     0.00     0.00     0.00     0.00     0.00 -1    -2e-12      0.00 7.915e-01 2.084e-01 2.012e-05 5.513e-06 5.021e-05 -1.000 1.304e-04 1.555 2.782 2.175 1.936 1.833 1.783 1.766 1.752 1.705 1.592 1.561 1.531 1.501 1.451 1.439 1.365 1.363 1.330
0.00012351 -2.10000 9.45000 1.2153866291 2.5089817420    1.214  1.293  3.8828  3.712    2  0.000  0.534     0.00     0.00     0.00     0.00     0.00 -1 -2.15e-12      0.00 7.915e-01 2.084e-01 2.012e-05 5.513e-06 5.021e-05 -1.000 1.304e-04 1.536 2.895 2.229 1.953 1.828 1.764 1.772 1.762 1.707 1.576 1.540 1.503 1.468 1.409 1.395 1.309 1.307 1.268
0.00012351 -2.10000 9.45000 1.2160935402 2.5090761614    1.215  1.301  3.8700  3.653    2  0.000  0.534     0.00     0.00     0.00     0.00     0.00 -1 -2.34e-12      0.00 7.915e-01 2.084e-01 2.012e-05 5.514e-06 5.022e-05 -1.000 1.305e-04 1.517 3.020 2.299 1.979 1.824 1.742 1.784 1.781 1.716 1.564 1.523 1.478 1.437 1.366 1.351 1.251 1.248 1.202
0.00012351 -2.10000 9.45000 1.2168858051 2.5091818311    1.215  1.310  3.8529  3.576    2  0.000  0.534     0.00     0.00     0.00     0.00     0.00 -1 -2.61e-12      0.00 7.914e-01 2.085e-01 2.013e-05 5.515e-06 5.023e-05 -1.000 1.305e-04 1.495 3.191 2.408 2.024 1.826 1.717 1.810 1.816 1.738 1.558 1.510 1.453 1.405 1.320 1.301 1.181 1.178 1.121
0.00012351 -2.10000 9.45000 1.2177898884 2.5093022218    1.216  1.319  3.8303  3.477    2  0.000  0.534     0.00     0.00     0.00     0.00     0.00 -1 -2.98e-12      0.00 7.913e-01 2.086e-01 2.014e-05 5.518e-06 5.025e-05 -1.000 1.304e-04 1.473 3.438 2.581 2.106 1.843 1.696 1.858 1.875 1.779 1.560 1.503 1.431 1.374 1.269 1.246 1.102 1.098 1.025
0.00012351 -2.10000 9.45000 1.2187962532 2.5094359910    1.217  1.327  3.8037  3.363    2  0.000  0.534     0.00     0.00     0.00     0.00     0.00 -1 -3.45e-12      0.00 7.909e-01 2.089e-01 2.017e-05 5.525e-06 5.032e-05 -1.000 1.305e-04 1.453 3.786 2.870 2.261 1.902 1.701 1.938 1.963 1.845 1.575 1.507 1.418 1.350 1.223 1.194 1.022 1.017 0.923
0.00012351 -2.10000 9.45000 1.2199400663 2.5095877221    1.218  1.329  3.7795  3.265    2  0.000  0.535     0.00     0.00     0.00     0.00     0.00 -1 -3.88e-12      0.00 7.876e-01 2.123e-01 2.042e-05 5.593e-06 5.092e-05 -1.000 1.301e-04 1.447 4.158 3.226 2.466 2.000 1.744 2.041 2.068 1.927 1.606 1.527 1.422 1.343 1.197 1.163 0.965 0.958 0.845
0.00012351 -2.10000 9.45000 1.2211849689 2.5097524918    1.220  1.324  3.7606  3.195    2  0.000  0.536     0.00     0.00     0.00     0.00     0.00 -1 -4.14e-12      0.00 7.704e-01 2.295e-01 2.174e-05 5.946e-06 5.406e-05 -1.000 1.228e-04 1.460 4.508 3.630 2.715 2.137 1.830 2.152 2.174 2.014 1.648 1.561 1.443 1.357 1.196 1.159 0.941 0.932 0.803
0.00012351 -2.10000 9.45000 1.2214910984 2.5097929505    1.220  1.323  3.7568  3.181    2  0.000  0.537     0.00     0.00     0.00     0.00     0.00 -1  -4.2e-12      0.00 7.649e-01 2.350e-01 2.211e-05 6.043e-06 5.493e-05 -1.000 1.305e-04 1.464 4.576 3.728 2.777 2.173 1.854 2.178 2.198 2.033 1.658 1.569 1.449 1.362 1.197 1.159 0.937 0.928 0.796
0.00012351 -2.10000 9.45000 1.2218625546 2.5098420117    1.220  1.328  3.7538  3.164    3  0.000  0.537     0.00     0.00     0.00     0.00     0.00 -1 -4.32e-12      0.00 7.627e-01 2.372e-01 2.226e-05 6.085e-06 5.530e-05 -1.000 1.305e-04 1.451 4.613 3.790 2.811 2.187 1.859 2.183 2.201 2.033 1.650 1.560 1.438 1.350 1.183 1.144 0.919 0.910 0.775
0.00012351 -2.10000 9.45000 1.2230991125 2.5100050867    1.222  1.358  3.7461  3.104    3  0.000  0.537     0.00     0.00     0.00     0.00     0.00 -1 -4.92e-12      0.00 7.577e-01 2.422e-01 2.259e-05 6.173e-06 5.609e-05 -1.000 1.142e-04 1.375 4.664 3.920 2.864 2.184 1.833 2.155 2.167 1.991 1.588 1.495 1.368 1.276 1.103 1.062 0.829 0.819 0.677
0.00012351 -2.10000 9.45000 1.2242617607 2.5101580692    1.223  1.402  3.7415  3.041    3  0.000  0.537     0.00     0.00     0.00     0.00     0.00 -1 -5.83e-12      0.00 7.549e-01 2.450e-01 2.271e-05 6.215e-06 5.642e-05 -1.000 1.305e-04 1.264 4.624 3.938 2.834 2.120 1.756 2.074 2.081 1.900 1.486 1.390 1.260 1.166 0.989 0.948 0.710 0.699 0.553
0.00012351 -2.10000 9.45000 1.2254327536 2.5103118124    1.224  1.456  3.7382  2.975    3  0.000  0.531     0.00     0.00     0.00     0.00     0.00 -1 -7.09e-12      0.00 7.522e-01 2.476e-01 2.254e-05 6.344e-06 5.660e-05 -1.000 1.305e-04 1.130 4.538 3.902 2.765 2.024 1.651 1.961 1.965 1.780 1.358 1.261 1.128 1.034 0.854 0.812 0.570 0.560 0.410
0.00012351 -2.10000 9.45000 1.2262961864 2.5104249587    1.225  1.499  3.7362  2.924    3  0.000  0.512     0.00     0.00     0.00     0.00     0.00 -1  -8.3e-12      0.00 7.499e-01 2.500e-01 2.173e-05 7.093e-06 5.670e-05 -1.000 1.305e-04 1.022 4.458 3.860 2.701 1.943 1.564 1.866 1.868 1.680 1.254 1.156 1.022 0.927 0.746 0.703 0.460 0.449 0.297
0.00012351 -2.10000 9.45000 1.2271069288 2.5105310338    1.225  1.542  3.7344  2.874    3  0.000  0.480     0.00     0.00     0.00     0.00     0.00 -1 -9.67e-12      0.00 7.474e-01 2.525e-01 2.043e-05 8.598e-06 5.676e-05 -1.000 1.305e-04 0.916 4.376 3.813 2.633 1.861 1.476 1.771 1.770 1.581 1.151 1.052 0.917 0.821 0.639 0.596 0.351 0.340 0.186
0.00012351 -2.10000 9.45000 1.2278727293 2.5106310808    1.226  1.584  3.7328  2.826    3  0.000  0.453     0.00     0.00     0.00     0.00     0.00 -1 -1.12e-11      0.00 7.450e-01 2.549e-01 1.927e-05 1.003e-05 5.682e-05 -1.000 1.305e-04 0.810 4.293 3.759 2.562 1.777 1.388 1.676 1.673 1.482 1.048 0.949 0.813 0.717 0.533 0.490 0.243 0.232 0.077
0.00012351 -2.10000 9.45000 1.2286437750 2.5107316682    1.227  1.628  3.7311  2.775    3  0.000  0.433     0.00     0.00     0.00     0.00     0.00 -1 -1.32e-11      0.00 7.426e-01 2.572e-01 1.843e-05 1.109e-05 5.686e-05 -1.000 1.305e-04 0.700 4.205 3.701 2.486 1.687 1.294 1.576 1.571 1.378 0.941 0.841 0.704 0.607 0.423 0.379 0.130 0.119 -0.037
0.00012351 -2.10000 9.45000 1.2293548584 2.5108243046    1.227  1.671  3.7295  2.726    3  0.000  0.418     0.00     0.00     0.00     0.00     0.00 -1 -1.54e-11      0.00 7.405e-01 2.593e-01 1.784e-05 1.185e-05 5.689e-05 -1.000 1.305e-04 0.592 4.119 3.646 2.413 1.601 1.203 1.479 1.471 1.277 0.836 0.735 0.598 0.500 0.314 0.270 0.020 0.008 -0.149
0.00012351 -2.10000 9.45000 1.2299793959 2.5109055646    1.228  1.712  3.7281  2.679    3  0.000  0.408     0.00     0.00     0.00     0.00     0.00 -1 -1.78e-11      0.00 7.388e-01 2.611e-01 1.743e-05 1.236e-05 5.691e-05 -1.000 1.304e-04 0.490 4.034 3.595 2.345 1.520 1.118 1.387 1.378 1.182 0.737 0.636 0.498 0.400 0.213 0.168 -0.083 -0.095 -0.254
0.00012351 -2.10000 9.45000 1.2306066751 2.5109870859    1.229  1.755  3.7265  2.631    3  0.000  0.401     0.00     0.00     0.00     0.00     0.00 -1 -2.07e-11      0.00 7.373e-01 2.625e-01 1.714e-05 1.273e-05 5.693e-05 -1.000 1.305e-04 0.383 3.946 3.541 2.273 1.435 1.028 1.291 1.279 1.082 0.633 0.532 0.392 0.294 0.106 0.061 -0.192 -0.204 -0.365
0.00012351 -2.10000 9.45000 1.2311811447 2.5110616602    1.229  1.797  3.7250  2.583    3  0.000  0.396     0.00     0.00     0.00     0.00     0.00 -1 -2.41e-11      0.00 7.362e-01 2.637e-01 1.693e-05 1.299e-05 5.694e-05 -1.000 1.305e-04 0.278 3.860 3.491 2.204 1.352 0.940 1.197 1.184 0.984 0.532 0.430 0.289 0.191 0.001 -0.044 -0.299 -0.311 -0.473
0.00012351 -2.10000 9.45000 1.2317336798 2.5111333117    1.230  1.840  3.7234  2.533    3  0.000  0.393     0.00     0.00     0.00     0.00     0.00 -1 -2.82e-11      0.00 7.353e-01 2.646e-01 1.678e-05 1.319e-05 5.695e-05 -1.000 1.304e-04 0.170 3.770 3.436 2.131 1.265 0.849 1.100 1.084 0.883 0.427 0.325 0.183 0.084 -0.107 -0.152 -0.409 -0.421 -0.584
0.00012351 -2.10000 9.45000 1.2322095633 2.5111949639    1.230  1.880  3.7219  2.488    3  0.000  0.390     0.00     0.00     0.00     0.00     0.00 -1 -3.25e-11      0.00 7.347e-01 2.652e-01 1.669e-05 1.331e-05 5.695e-05 -1.000 1.305e-04 0.070 3.689 3.390 2.066 1.186 0.765 1.011 0.993 0.790 0.331 0.228 0.085 -0.015 -0.206 -0.252 -0.510 -0.522 -0.687
0.00012351 -2.10000 9.45000 1.2326905727 2.5112572246    1.230  1.923  3.7202  2.438    3  0.000  0.389     0.00     0.00     0.00     0.00     0.00 -1  -3.8e-11      0.00 7.343e-01 2.656e-01 1.662e-05 1.339e-05 5.695e-05 -1.000 1.305e-04 -0.038 3.605 3.355 2.007 1.107 0.680 0.916 0.895 0.690 0.226 0.122 -0.022 -0.122 -0.315 -0.361 -0.621 -0.633 -0.800
0.00012351 -2.10000 9.45000 1.2331053019 2.5113108613    1.231  1.963  3.7187  2.392    3  0.000  0.388     0.00     0.00     0.00     0.00     0.00 -1 -4.39e-11      0.00 7.340e-01 2.658e-01 1.658e-05 1.344e-05 5.695e-05 -1.000 1.305e-04 -0.138 3.525 3.327 1.955 1.036 0.603 0.829 0.805 0.598 0.129 0.025 -0.120 -0.221 -0.415 -0.461 -0.723 -0.735 -0.903
0.00012351 -2.10000 9.45000 1.2335122824 2.5113634555    1.231  2.005  3.7171  2.344    3  0.000  0.387     0.00     0.00     0.00     0.00     0.00 -1 -5.11e-11      0.00 7.339e-01 2.660e-01 1.656e-05 1.347e-05 5.695e-05 -1.000 1.305e-04 -0.242 3.440 3.297 1.900 0.961 0.522 0.738 0.711 0.501 0.028 -0.077 -0.223 -0.324 -0.520 -0.566 -0.829 -0.842 -1.012
0.00012351 -2.10000 9.45000 1.2338861227 2.5114117319    1.231  2.046  3.7155  2.296    3  0.000  0.387     0.00     0.00     0.00     0.00     0.00 -1 -5.93e-11      0.00 7.338e-01 2.660e-01 1.654e-05 1.348e-05 5.695e-05 -1.000 1.305e-04 -0.345 3.357 3.272 1.849 0.889 0.443 0.650 0.619 0.407 -0.071 -0.176 -0.324 -0.426 -0.622 -0.669 -0.934 -0.947 -1.118
0.00012351 -2.10000 9.45000 1.2342318296 2.5114563453    1.231  2.087  3.7139  2.249    3  0.000  0.387     0.00     0.00     0.00     0.00     0.00 -1 -6.87e-11      0.00 7.338e-01 2.661e-01 1.654e-05 1.349e-05 5.695e-05 -1.000 1.305e-04 -0.447 3.275 3.248 1.799 0.817 0.366 0.563 0.529 0.314 -0.168 -0.275 -0.423 -0.526 -0.724 -0.771 -1.038 -1.051 -1.224
0.00012351 -2.10000 9.45000 1.2345526218 2.5114977177    1.231  2.127  3.7123  2.203    3  0.000  0.387     0.00     0.00     0.00     0.00     0.00 -1 -7.95e-11      0.00 7.338e-01 2.661e-01 1.654e-05 1.349e-05 5.695e-05 -1.000 1.305e-04 -0.548 3.193 3.221 1.747 0.745 0.287 0.476 0.439 0.222 -0.265 -0.373 -0.522 -0.626 -0.825 -0.873 -1.141 -1.154 -1.329
0.00012351 -2.10000 9.45000 1.2348476648 2.5115357475    1.232  2.167  3.7107  2.156    3  0.000  0.387     0.00     0.00     0.00     0.00     0.00 -1 -9.19e-11      0.00 7.338e-01 2.661e-01 1.654e-05 1.350e-05 5.695e-05 -1.000 1.305e-04 -0.647 3.113 3.200 1.699 0.676 0.212 0.392 0.352 0.132 -0.360 -0.468 -0.619 -0.723 -0.924 -0.972 -1.242 -1.256 -1.431
0.00012351 -2.10000 9.45000 1.2351284027 2.5115719140    1.232  2.207  3.7090  2.110    3  0.000  0.387     0.00     0.00     0.00     0.00     0.00 -1 -1.06e-10      0.00 7.338e-01 2.661e-01 1.653e-05 1.350e-05 5.695e-05 -1.000 1.305e-04 -0.747 3.031 3.182 1.653 0.607 0.137 0.308 0.263 0.041 -0.456 -0.565 -0.717 -0.822 -1.024 -1.073 -1.345 -1.358 -1.536
0.00012351 -2.10000 9.45000 1.2353922129 2.5116058825    1.232  2.247  3.7074  2.063    3  0.000  0.387     0.00     0.00     0.00     0.00     0.00 -1 -1.23e-10      0.00 7.338e-01 2.661e-01 1.653e-05 1.350e-05 5.695e-05 -1.000 1.305e-04 -0.848 2.947 3.163 1.606 0.539 0.062 0.223 0.176 -0.050 -0.552 -0.662 -0.815 -0.920 -1.124 -1.173 -1.446 -1.460 -1.639
0.00012351 -2.10000 9.45000 1.2356288433 2.5116363371    1.232  2.285  3.7058  2.019    3  0.000  0.387     0.00     0.00     0.00     0.00     0.00 -1 -1.41e-10      0.00 7.338e-01 2.661e-01 1.653e-05 1.350e-05 5.695e-05 -1.000 1.304e-04 -0.943 2.868 3.151 1.566 0.476 -0.008 0.145 0.093 -0.135 -0.643 -0.753 -0.907 -1.013 -1.218 -1.268 -1.543 -1.557 -1.738
0.00012351 -2.10000 9.45000 1.2358610630 2.5116662111    1.232  2.324  3.7041  1.973    3  0.000  0.387     0.00     0.00     0.00     0.00     0.00 -1 -1.63e-10      0.00 7.338e-01 2.661e-01 1.653e-05 1.351e-05 5.695e-05 -1.000 1.305e-04 -1.040 2.788 3.147 1.531 0.415 -0.076 0.065 0.010 -0.222 -0.736 -0.847 -1.002 -1.109 -1.315 -1.365 -1.643 -1.657 -1.839
0.00012351 -2.10000 9.45000 1.2360917330 2.5116958729    1.232  2.361  3.7026  1.930    3  0.000  0.387     0.00     0.00     0.00     0.00     0.00 -1 -1.87e-10      0.00 7.338e-01 2.661e-01 1.653e-05 1.351e-05 5.695e-05 -1.000 1.304e-04 -1.133 2.711 3.142 1.498 0.357 -0.141 -0.012 -0.071 -0.305 -0.824 -0.936 -1.093 -1.201 -1.408 -1.458 -1.738 -1.752 -1.936
0.00012351 -2.10000 9.45000 1.2363952398 2.5117348813    1.232  2.398  3.7011  1.887    3  0.000  0.387     0.00     0.00     0.00     0.00     0.00 -1 -2.14e-10      0.00 7.338e-01 2.661e-01 1.652e-05 1.351e-05 5.695e-05 -1.000 1.305e-04 -1.226 2.635 3.139 1.466 0.299 -0.205 -0.088 -0.151 -0.388 -0.912 -1.025 -1.183 -1.291 -1.500 -1.551 -1.832 -1.846 -2.032
0.00012351 -2.10000 9.45000 1.2364606857 2.5117432899    1.232  2.392  3.7015  1.895    3  0.000  0.387     0.00     0.00     0.00     0.00     0.00 -1 -2.11e-10      0.00 7.338e-01 2.661e-01 1.652e-05 1.351e-05 5.695e-05 -1.000 1.305e-04 -1.210 2.647 3.136 1.469 0.308 -0.195 -0.076 -0.138 -0.374 -0.898 -1.010 -1.168 -1.276 -1.484 -1.535 -1.816 -1.830 -2.015
0.00012351 -2.10000 9.45000 1.2366172075 2.5117633960    1.231  2.352  3.7033  1.941    3  0.000  0.387     0.00     0.00     0.00     0.00     0.00 -1 -1.84e-10      0.00 7.338e-01 2.661e-01 1.652e-05 1.351e-05 5.695e-05 -1.000 1.305e-04 -1.111 2.728 3.132 1.498 0.366 -0.128 0.004 -0.054 -0.286 -0.804 -0.915 -1.071 -1.179 -1.386 -1.436 -1.714 -1.728 -1.912
0.00012351 -2.10000 9.45000 1.2366667986 2.5117697650    1.231  2.337  3.7039  1.959    3  0.000  0.387     0.00     0.00     0.00     0.00     0.00 -1 -1.73e-10      0.00 7.338e-01 2.661e-01 1.652e-05 1.351e-05 5.695e-05 -1.000 1.305e-04 -1.073 2.758 3.130 1.509 0.389 -0.103 0.034 -0.022 -0.253 -0.768 -0.879 -1.035 -1.142 -1.348 -1.398 -1.676 -1.690 -1.872
0.00012351 -2.10000 9.45000 1.2367762327 2.5117838176    1.231  2.361  3.7030  1.931    3  0.000  0.387     0.00     0.00     0.00     0.00     0.00 -1 -1.88e-10      0.00 7.338e-01 2.661e-01 1.652e-05 1.352e-05 5.695e-05 -1.000 1.305e-04 -1.133 2.708 3.127 1.488 0.351 -0.145 -0.016 -0.074 -0.307 -0.826 -0.937 -1.094 -1.201 -1.408 -1.459 -1.737 -1.752 -1.935
0.00012351 -2.10000 9.45000 1.2369619608 2.5118076607    1.231  2.402  3.7013  1.884    3  0.000  0.386     0.00     0.00     0.00     0.00     0.00 -1 -2.16e-10      0.00 7.338e-01 2.661e-01 1.652e-05 1.352e-05 5.695e-05 -1.000 1.305e-04 -1.234 2.625 3.127 1.456 0.290 -0.214 -0.097 -0.160 -0.397 -0.921 -1.034 -1.192 -1.300 -1.509 -1.559 -1.840 -1.855 -2.040
0.00012351 -2.10000 9.45000 1.2371410131 2.5118306390    1.231  2.441  3.6995  1.837    3  0.000  0.386     0.00     0.00     0.00     0.00     0.00 -1  -2.5e-10      0.00 7.338e-01 2.661e-01 1.652e-05 1.352e-05 5.695e-05 -1.000 1.305e-04 -1.332 2.544 3.132 1.427 0.232 -0.280 -0.176 -0.244 -0.484 -1.015 -1.128 -1.288 -1.397 -1.607 -1.658 -1.941 -1.955 -2.143
0.00012351 -2.10000 9.45000 1.2373121977 2.5118526005    1.231  2.481  3.6978  1.791    3  0.000  0.386     0.00     0.00     0.00     0.00     0.00 -1 -2.89e-10      0.00 7.338e-01 2.661e-01 1.652e-05 1.352e-05 5.695e-05 -1.000 1.305e-04 -1.432 2.460 3.137 1.400 0.175 -0.345 -0.255 -0.328 -0.571 -1.108 -1.223 -1.384 -1.493 -1.705 -1.757 -2.042 -2.057 -2.246
0.00012351 -2.10000 9.45000 1.2374688387 2.5118726900    1.231  2.519  3.6961  1.746    3  0.000  0.386     4.74     3.82     2.79     2.11     1.71  4 -3.32e-10      0.00 7.338e-01 2.661e-01 1.651e-05 1.352e-05 5.695e-05 -1.000 1.305e-04 -1.528 2.379 3.145 1.375 0.120 -0.407 -0.331 -0.408 -0.655 -1.199 -1.314 -1.477 -1.587 -1.800 -1.852 -2.139 -2.154 -2.345
0.00012351 -2.10000 9.45000 1.2376182079 2.5118918414    1.231  2.558  3.6944  1.700    3  0.000  0.386     5.21     4.16     3.02     2.29     1.85  4 -3.83e-10      0.00 7.338e-01 2.661e-01 1.651e-05 1.352e-05 5.695e-05 -1.000 1.305e-04 -1.625 2.297 3.157 1.353 0.067 -0.468 -0.406 -0.488 -0.739 -1.290 -1.406 -1.570 -1.681 -1.896 -1.949 -2.238 -2.253 -2.446
0.00012351 -2.10000 9.45000 1.2377575636 2.5119097042    1.230  2.596  3.6927  1.654    3  0.000  0.386     5.72     4.51     3.26     2.48     2.01  4 -4.41e-10      0.00 7.338e-01 2.661e-01 1.651e-05 1.353e-05 5.695e-05 -1.000 1.305e-04 -1.721 2.216 3.165 1.329 0.012 -0.530 -0.481 -0.568 -0.823 -1.380 -1.497 -1.663 -1.775 -1.991 -2.044 -2.336 -2.351 -2.546
0.00012351 -2.10000 9.45000 1.2378859520 2.5119261571    1.230  2.634  3.6910  1.610    3  0.000  0.386     6.26     4.89     3.52     2.68     2.17  4 -5.07e-10      0.00 7.338e-01 2.661e-01 1.651e-05 1.353e-05 5.695e-05 -1.000 1.305e-04 -1.815 2.136 3.175 1.307 -0.040 -0.590 -0.554 -0.646 -0.904 -1.468 -1.587 -1.753 -1.866 -2.085 -2.138 -2.431 -2.447 -2.643
0.00012351 -2.10000 9.45000 1.2380112410 2.5119422090    1.230  2.673  3.6891  1.563    3  0.000  0.386     6.89     5.32     3.82     2.90     2.36  4 -5.85e-10      0.00 7.338e-01 2.661e-01 1.651e-05 1.353e-05 5.695e-05 -1.000 1.305e-04 -1.913 2.053 3.191 1.289 -0.092 -0.650 -0.628 -0.725 -0.988 -1.559 -1.678 -1.847 -1.961 -2.181 -2.235 -2.530 -2.546 -2.744
0.00012351 -2.10000 9.45000 1.2381225824 2.5119564708    1.229  2.710  3.6874  1.520    3  0.000  0.386     7.54     5.75     4.12     3.13     2.54  4  -6.7e-10      0.00 7.338e-01 2.661e-01 1.651e-05 1.353e-05 5.695e-05 -1.000 1.305e-04 -2.004 1.974 3.208 1.275 -0.138 -0.704 -0.696 -0.798 -1.066 -1.644 -1.764 -1.935 -2.049 -2.271 -2.325 -2.623 -2.639 -2.839
0.00012351 -2.10000 9.45000 1.2382296324 2.5119701802    1.229  2.747  3.6856  1.475    3  0.000  0.386     8.27     6.24     4.45     3.39     2.75  4 -7.71e-10      0.00 7.337e-01 2.661e-01 1.651e-05 1.353e-05 5.695e-05 -1.000 1.305e-04 -2.098 1.893 3.230 1.267 -0.182 -0.756 -0.764 -0.872 -1.144 -1.731 -1.852 -2.024 -2.140 -2.363 -2.418 -2.718 -2.735 -2.937
0.00012351 -2.10000 9.45000 1.2383284569 2.5119828337    1.229  2.784  3.6838  1.430    3  0.000  0.386     9.06     6.76     4.80     3.66     2.98  4 -8.84e-10      0.00 7.337e-01 2.661e-01 1.651e-05 1.353e-05 5.695e-05 -1.000 1.305e-04 -2.191 1.815 3.228 1.286 -0.198 -0.782 -0.817 -0.937 -1.217 -1.817 -1.940 -2.114 -2.231 -2.456 -2.512 -2.814 -2.831 -3.035
0.00012351 -2.10000 9.45000 1.2384195328 2.5119944930    1.228  2.821  3.6821  1.387    3  0.000  0.386     9.90     7.31     5.18     3.95     3.21  4 -1.01e-09      0.00 7.337e-01 2.661e-01 1.651e-05 1.353e-05 5.695e-05 -1.000 1.305e-04 -2.282 1.739 3.228 1.306 -0.213 -0.806 -0.868 -0.999 -1.288 -1.900 -2.025 -2.201 -2.320 -2.547 -2.603 -2.908 -2.925 -3.130
0.00012351 -2.10000 9.45000 1.2385082245 2.5120058453    1.228  2.858  3.6803  1.342    3  0.000  0.386    10.85     7.92     5.59     4.27     3.47  4 -1.16e-09      0.00 7.337e-01 2.661e-01 1.651e-05 1.353e-05 5.695e-05 -1.000 1.304e-04 -2.375 1.661 3.234 1.334 -0.224 -0.826 -0.917 -1.060 -1.358 -1.985 -2.112 -2.291 -2.410 -2.640 -2.697 -3.004 -3.021 -3.229
0.00012351 -2.10000 9.45000 1.2385878563 2.5120160363    1.227  2.893  3.6785  1.300    3  0.000  0.386    11.85     8.56     6.02     4.61     3.74  3 -1.33e-09      0.00 7.337e-01 2.661e-01 1.651e-05 1.353e-05 5.695e-05 -1.000 1.304e-04 -2.463 1.586 3.246 1.370 -0.227 -0.837 -0.958 -1.115 -1.423 -2.065 -2.194 -2.375 -2.496 -2.729 -2.786 -3.096 -3.113 -3.323
0.00012351 -2.10000 9.45000 1.2386645079 2.5120258444    1.226  2.929  3.6767  1.256    3  0.000  0.386    12.96     9.26     6.49     4.97     4.04  3 -1.52e-09      0.00 7.337e-01 2.661e-01 1.651e-05 1.353e-05 5.695e-05 -1.000 1.306e-04 -2.553 1.512 3.264 1.415 -0.224 -0.843 -0.995 -1.166 -1.485 -2.144 -2.276 -2.460 -2.583 -2.818 -2.876 -3.189 -3.206 -3.418
0.00012351 -2.10000 9.45000 1.2387347221 2.5120348277    1.226  2.964  3.6751  1.214    3  0.000  0.386    14.12     9.99     6.97     5.35     4.35  3 -1.73e-09      0.00 7.337e-01 2.661e-01 1.650e-05 1.353e-05 5.695e-05 -1.000 1.305e-04 -2.641 1.438 3.279 1.454 -0.225 -0.851 -1.033 -1.218 -1.547 -2.222 -2.356 -2.543 -2.667 -2.905 -2.964 -3.279 -3.297 -3.511
0.00012351 -2.10000 9.45000 1.2388008833 2.5120432913    1.225  2.999  3.6731  1.171    3  0.000  0.386    15.43    10.80     7.51     5.77     4.69  3 -1.97e-09      0.00 7.337e-01 2.661e-01 1.650e-05 1.354e-05 5.695e-05 -1.000 1.305e-04 -2.728 1.367 3.315 1.519 -0.206 -0.841 -1.057 -1.259 -1.602 -2.298 -2.434 -2.624 -2.751 -2.992 -3.051 -3.370 -3.388 -3.604
0.00012351 -2.10000 9.45000 1.2388637066 2.5120513270    1.224  3.034  3.6713  1.129    3  0.000  0.386    16.83    11.65     8.08     6.21     5.05  3 -2.25e-09      0.00 7.337e-01 2.661e-01 1.650e-05 1.354e-05 5.695e-05 -1.000 1.305e-04 -2.816 1.294 3.344 1.575 -0.195 -0.836 -1.084 -1.303 -1.659 -2.373 -2.512 -2.706 -2.835 -3.079 -3.139 -3.461 -3.479 -3.697
0.00012351 -2.10000 9.45000 1.2389357090 2.5120605356    1.223  3.077  3.6689  1.076    3  0.000  0.386    18.74    12.81     8.84     6.81     5.54  3 -2.65e-09      0.00 7.337e-01 2.661e-01 1.650e-05 1.354e-05 5.695e-05 -1.000 1.305e-04 -2.923 1.207 3.395 1.664 -0.165 -0.814 -1.106 -1.347 -1.721 -2.463 -2.605 -2.804 -2.935 -3.184 -3.245 -3.571 -3.589 -3.811
0.00012351 -2.10000 9.45000 1.2390030622 2.5120691484    1.222  3.119  3.6667  1.025    3  0.000  0.386    20.83    14.05     9.66     7.45     6.06  3  -3.1e-09      0.00 7.337e-01 2.661e-01 1.650e-05 1.354e-05 5.695e-05 -1.000 1.305e-04 -3.028 1.121 3.445 1.754 -0.133 -0.789 -1.125 -1.388 -1.781 -2.550 -2.696 -2.900 -3.034 -3.287 -3.348 -3.679 -3.698 -3.922
0.00012351 -2.10000 9.45000 1.2390543222 2.5120757027    1.220  3.153  3.6649  0.984    3  0.000  0.386    22.67    15.14    10.37     8.01     6.51  3 -3.52e-09      0.00 7.337e-01 2.661e-01 1.650e-05 1.354e-05 5.695e-05 -1.000 1.304e-04 -3.111 1.053 3.490 1.835 -0.099 -0.761 -1.131 -1.415 -1.824 -2.617 -2.767 -2.975 -3.111 -3.369 -3.431 -3.765 -3.785 -4.012
0.00012351 -2.10000 9.45000 1.2391145229 2.5120833993    1.219  3.192  3.6627  0.935    3  0.000  0.386    25.05    16.52    11.27     8.72     7.09  2 -4.09e-09      0.00 7.337e-01 2.661e-01 1.650e-05 1.354e-05 5.695e-05 -1.000 1.305e-04 -3.209 0.974 3.552 1.946 -0.045 -0.714 -1.125 -1.434 -1.866 -2.692 -2.847 -3.061 -3.201 -3.463 -3.527 -3.867 -3.886 -4.117
0.00012351 -2.10000 9.45000 1.2391340733 2.5120858986    1.219  3.204  3.6619  0.919    3  0.000  0.386    25.86    17.00    11.58     8.96     7.29  2 -4.29e-09      0.00 7.337e-01 2.661e-01 1.650e-05 1.354e-05 5.695e-05 -1.000 1.305e-04 -3.241 0.948 3.573 1.983 -0.026 -0.698 -1.121 -1.438 -1.879 -2.716 -2.872 -3.088 -3.229 -3.494 -3.558 -3.899 -3.919 -4.151
0.00012351 -2.10000 9.45000 1.2391340733 2.5120858986    1.218  1.939  3.7785  2.651    4  0.000  0.390     0.00     0.00     0.00     0.00     0.00 -1    -1e-30      0.00 7.341e-01 2.658e-01 1.666e-05 1.333e-05 5.694e-05 -1.000 1.305e-04 -0.077 2.746 1.873 1.087 0.590 0.327 0.496 0.509 0.373 0.059 -0.018 -0.121 -0.198 -0.342 -0.374 -0.570 -0.577 -0.692
0.00012351 -2.10000 9.45000 1.2394931316 2.5121317843    1.219  1.949  3.7713  2.612    4  0.000  0.390     0.00     0.00     0.00     0.00     0.00 -1    -1e-30      0.00 7.341e-01 2.658e-01 1.666e-05 1.334e-05 5.694e-05 -1.000 1.305e-04 -0.103 2.834 1.974 1.135 0.603 0.324 0.510 0.521 0.377 0.047 -0.033 -0.141 -0.221 -0.371 -0.405 -0.609 -0.617 -0.738
0.00012351 -2.10000 9.45000 1.2398254871 2.5121742304    1.219  1.954  3.7683  2.595    4  0.000  0.390     0.00     0.00     0.00     0.00     0.00 -1    -1e-30      0.00 7.341e-01 2.658e-01 1.666e-05 1.334e-05 5.694e-05 -1.000 1.305e-04 -0.116 2.866 2.015 1.154 0.607 0.321 0.514 0.524 0.378 0.040 -0.041 -0.151 -0.232 -0.385 -0.420 -0.626 -0.635 -0.758
0.00012351 -2.10000 9.45000 1.2401697636 2.5122181713    1.220  1.958  3.7671  2.586    4  0.000  0.390     0.00     0.00     0.00     0.00     0.00 -1    -1e-30      0.00 7.341e-01 2.658e-01 1.665e-05 1.334e-05 5.694e-05 -1.000 1.305e-04 -0.126 2.874 2.028 1.158 0.604 0.315 0.510 0.521 0.373 0.033 -0.049 -0.160 -0.242 -0.395 -0.430 -0.638 -0.647 -0.771
0.00012351 -2.10000 9.45000 1.2405389547 2.5122652610    1.220  1.962  3.7670  2.582    4  0.000  0.390     0.00     0.00     0.00     0.00     0.00 -1    -1e-30      0.00 7.340e-01 2.658e-01 1.665e-05 1.335e-05 5.694e-05 -1.000 1.305e-04 -0.136 2.867 2.021 1.150 0.596 0.307 0.501 0.511 0.363 0.023 -0.059 -0.170 -0.251 -0.405 -0.440 -0.648 -0.657 -0.781
0.00012351 -2.10000 9.45000 1.2408763170 2.5123082628    1.220  1.966  3.7678  2.582    4  0.000  0.389     0.00     0.00     0.00     0.00     0.00 -1    -1e-30      0.00 7.340e-01 2.658e-01 1.665e-05 1.335e-05 5.694e-05 -1.000 1.305e-04 -0.144 2.848 1.999 1.134 0.584 0.297 0.488 0.499 0.352 0.013 -0.069 -0.179 -0.260 -0.413 -0.448 -0.655 -0.664 -0.787
0.00012351 -2.10000 9.45000 1.2412208319 2.5123521485    1.221  1.969  3.7692  2.585    4  0.000  0.389     0.00     0.00     0.00     0.00     0.00 -1    -1e-30      0.00 7.340e-01 2.658e-01 1.665e-05 1.336e-05 5.694e-05 -1.000 1.306e-04 -0.152 2.819 1.965 1.111 0.569 0.285 0.472 0.483 0.337 0.003 -0.079 -0.188 -0.269 -0.420 -0.455 -0.661 -0.669 -0.791
0.00012351 -2.10000 9.45000 1.2415682077 2.5123963704    1.221  1.972  3.7712  2.590    4  0.000  0.389     0.00     0.00     0.00     0.00     0.00 -1    -1e-30      0.00 7.340e-01 2.658e-01 1.664e-05 1.336e-05 5.694e-05 -1.000 1.305e-04 -0.159 2.783 1.925 1.085 0.552 0.273 0.454 0.465 0.321 -0.009 -0.089 -0.197 -0.277 -0.427 -0.461 -0.665 -0.673 -0.794
0.00012351 -2.10000 9.45000 1.2419029474 2.5124389567    1.221  1.974  3.7734  2.596    4  0.000  0.389     0.00     0.00     0.00     0.00     0.00 -1    -1e-30      0.00 7.340e-01 2.658e-01 1.664e-05 1.336e-05 5.694e-05 -1.000 1.305e-04 -0.166 2.743 1.882 1.058 0.535 0.260 0.435 0.446 0.305 -0.020 -0.099 -0.206 -0.285 -0.433 -0.467 -0.668 -0.675 -0.795
0.00012351 -2.10000 9.45000 1.2422777414 2.5124866074    1.222  1.977  3.7761  2.604    4  0.000  0.389     0.00     0.00     0.00     0.00     0.00 -1    -1e-30      0.00 7.340e-01 2.659e-01 1.664e-05 1.337e-05 5.694e-05 -1.000 1.305e-04 -0.173 2.694 1.830 1.025 0.515 0.245 0.413 0.424 0.286 -0.033 -0.111 -0.215 -0.293 -0.439 -0.472 -0.670 -0.678 -0.795
0.00012351 -2.10000 9.45000 1.2426190376 2.5125299706    1.222  1.980  3.7787  2.612    4  0.000  0.389     0.00     0.00     0.00     0.00     0.00 -1    -1e-30      0.00 7.340e-01 2.659e-01 1.663e-05 1.337e-05 5.694e-05 -1.000 1.304e-04 -0.179 2.649 1.780 0.994 0.496 0.232 0.392 0.404 0.268 -0.045 -0.122 -0.224 -0.301 -0.445 -0.477 -0.672 -0.680 -0.795
0.00012351 -2.10000 9.45000 1.2429507971 2.5125720958    1.223  1.982  3.7812  2.620    4  0.000  0.389     0.00     0.00     0.00     0.00     0.00 -1    -1e-30      0.00 7.340e-01 2.659e-01 1.663e-05 1.338e-05 5.694e-05 -1.000 1.305e-04 -0.186 2.607 1.735 0.965 0.479 0.220 0.371 0.383 0.250 -0.056 -0.132 -0.233 -0.308 -0.450 -0.482 -0.674 -0.681 -0.794
0.00012351 -2.10000 9.45000 1.2433000803 2.5126164182    1.223  1.985  3.7840  2.629    4  0.000  0.389     0.00     0.00     0.00     0.00     0.00 -1    -1e-30      0.00 7.340e-01 2.659e-01 1.663e-05 1.338e-05 5.694e-05 -1.000 1.305e-04 -0.192 2.563 1.691 0.938 0.463 0.211 0.350 0.362 0.231 -0.068 -0.143 -0.242 -0.316 -0.455 -0.487 -0.676 -0.683 -0.793
0.00012351 -2.10000 9.45000 1.2436456680 2.5126602435    1.223  1.988  3.7868  2.637    4  0.000  0.389     0.00     0.00     0.00     0.00     0.00 -1    -1e-30      0.00 7.340e-01 2.659e-01 1.662e-05 1.338e-05 5.694e-05 -1.000 1.305e-04 -0.199 2.520 1.647 0.912 0.447 0.201 0.330 0.341 0.213 -0.080 -0.153 -0.250 -0.324 -0.460 -0.491 -0.677 -0.684 -0.792
0.00012351 -2.10000 9.45000 1.2440123558 2.5127067139    1.224  1.990  3.7897  2.646    4  0.000  0.389     0.00     0.00     0.00     0.00     0.00 -1    -1e-30      0.00 7.340e-01 2.659e-01 1.662e-05 1.339e-05 5.694e-05 -1.000 1.304e-04 -0.205 2.475 1.601 0.883 0.431 0.191 0.308 0.319 0.194 -0.093 -0.165 -0.259 -0.331 -0.466 -0.496 -0.678 -0.685 -0.791
0.00012351 -2.10000 9.45000 1.2443695068 2.5127519455    1.224  1.993  3.7924  2.655    4  0.000  0.389     0.00     0.00     0.00     0.00     0.00 -1    -1e-30      0.00 7.340e-01 2.659e-01 1.662e-05 1.339e-05 5.694e-05 -1.000 1.305e-04 -0.212 2.433 1.561 0.859 0.417 0.182 0.288 0.298 0.176 -0.105 -0.175 -0.268 -0.339 -0.470 -0.500 -0.680 -0.686 -0.791
0.00012351 -2.10000 9.45000 1.2444964647 2.5127680169    1.224  1.994  3.7933  2.657    4  0.000  0.389     0.00     0.00     0.00     0.00     0.00 -1    -1e-30      0.00 7.340e-01 2.659e-01 1.662e-05 1.339e-05 5.694e-05 -1.000 1.304e-04 -0.214 2.419 1.547 0.850 0.412 0.179 0.281 0.291 0.170 -0.109 -0.179 -0.271 -0.341 -0.472 -0.502 -0.680 -0.687 -0.790
0.00012351 -2.10000 9.45000 1.2447375059 2.5127985196    1.224  1.995  3.7949  2.662    4  0.000  0.389     0.00     0.00     0.00     0.00     0.00 -1    -1e-30      0.00 7.340e-01 2.659e-01 1.662e-05 1.339e-05 5.694e-05 -1.000 1.305e-04 -0.219 2.394 1.522 0.835 0.403 0.174 0.269 0.278 0.158 -0.116 -0.186 -0.277 -0.346 -0.476 -0.505 -0.681 -0.688 -0.790
0.00012351 -2.10000 9.45000 1.2451109886 2.5128457555    1.225  1.998  3.7973  2.669    4  0.000  0.389     0.00     0.00     0.00     0.00     0.00 -1    -1e-30      0.00 7.340e-01 2.659e-01 1.661e-05 1.340e-05 5.694e-05 -1.000 1.305e-04 -0.225 2.357 1.486 0.813 0.390 0.165 0.250 0.259 0.142 -0.128 -0.196 -0.285 -0.354 -0.481 -0.510 -0.684 -0.690 -0.791
0.00012351 -2.10000 9.45000 1.2454535961 2.5128890577    1.225  2.001  3.7991  2.674    4  0.000  0.389     0.00     0.00     0.00     0.00     0.00 -1    -1e-30      0.00 7.340e-01 2.659e-01 1.661e-05 1.340e-05 5.694e-05 -1.000 1.305e-04 -0.232 2.327 1.457 0.795 0.379 0.158 0.235 0.243 0.128 -0.137 -0.205 -0.293 -0.360 -0.486 -0.514 -0.686 -0.692 -0.792
0.00012351 -2.10000 9.45000 1.2457953691 2.5129322272    1.226  2.003  3.8006  2.678    4  0.000  0.388     0.00     0.00     0.00     0.00     0.00 -1    -1e-30      0.00 7.339e-01 2.659e-01 1.661e-05 1.341e-05 5.694e-05 -1.000 1.305e-04 -0.238 2.302 1.433 0.779 0.369 0.151 0.221 0.229 0.115 -0.146 -0.213 -0.300 -0.367 -0.491 -0.519 -0.689 -0.696 -0.794
0.00012351 -2.10000 9.45000 1.2461469173 2.5129766030    1.226  2.006  3.8018  2.680    4  0.000  0.388     0.00     0.00     0.00     0.00     0.00 -1    -1e-30      0.00 7.339e-01 2.659e-01 1.660e-05 1.341e-05 5.694e-05 -1.000 1.305e-04 -0.244 2.281 1.413 0.766 0.360 0.145 0.208 0.216 0.103 -0.155 -0.221 -0.307 -0.374 -0.497 -0.525 -0.694 -0.700 -0.797
0.00012351 -2.10000 9.45000 1.2465132475 2.5130228142    1.226  2.009  3.8025  2.680    4  0.000  0.388     0.00     0.00     0.00     0.00     0.00 -1    -1e-30      0.00 7.339e-01 2.659e-01 1.660e-05 1.341e-05 5.695e-05 -1.000 1.305e-04 -0.251 2.265 1.399 0.756 0.352 0.138 0.198 0.205 0.093 -0.164 -0.229 -0.315 -0.381 -0.504 -0.531 -0.699 -0.705 -0.802
0.00012351 -2.10000 9.45000 1.2468551397 2.5130659143    1.227  2.011  3.8029  2.679    4  0.000  0.388     0.00     0.00     0.00     0.00     0.00 -1    -1e-30      0.00 7.339e-01 2.659e-01 1.660e-05 1.342e-05 5.695e-05 -1.000 1.305e-04 -0.258 2.255 1.390 0.748 0.345 0.132 0.189 0.196 0.085 -0.171 -0.237 -0.322 -0.388 -0.510 -0.538 -0.705 -0.711 -0.808
0.00012351 -2.10000 9.45000 1.2470388412 2.5130890612    1.227  2.013  3.8029  2.678    4  0.000  0.388     0.00     0.00     0.00     0.00     0.00 -1    -1e-30      0.00 7.339e-01 2.659e-01 1.660e-05 1.342e-05 5.695e-05 -1.000 1.305e-04 -0.262 2.251 1.386 0.745 0.342 0.128 0.185 0.192 0.081 -0.175 -0.241 -0.326 -0.392 -0.514 -0.541 -0.709 -0.715 -0.812
0.00012351 -2.10000 9.45000 1.2472811937 2.5131195862    1.227  2.015  3.8024  2.674    4  0.000  0.388     0.00     0.00     0.00     0.00     0.00 -1    -1e-30      0.00 7.339e-01 2.660e-01 1.659e-05 1.342e-05 5.695e-05 -1.000 1.305e-04 -0.267 2.252 1.387 0.743 0.338 0.124 0.182 0.189 0.077 -0.180 -0.245 -0.331 -0.397 -0.520 -0.547 -0.715 -0.721 -0.819
0.00012351 -2.10000 9.45000 1.2476085424 2.5131607952    1.228  2.018  3.8014  2.667    4  0.000  0.388     0.00     0.00     0.00     0.00     0.00 -1    -1e-30      0.00 7.339e-01 2.660e-01 1.659e-05 1.343e-05 5.695e-05 -1.000 1.304e-04 -0.275 2.258 1.392 0.742 0.334 0.117 0.179 0.187 0.074 -0.186 -0.252 -0.338 -0.404 -0.528 -0.555 -0.725 -0.731 -0.829
0.00012351 -2.10000 9.45000 1.2479441166 2.5132030137    1.228  2.021  3.7998  2.657    4  0.000  0.388     0.00     0.00     0.00     0.00     0.00 -1    -1e-30      0.00 7.339e-01 2.660e-01 1.659e-05 1.343e-05 5.695e-05 -1.000 1.304e-04 -0.283 2.272 1.404 0.745 0.330 0.111 0.179 0.187 0.072 -0.191 -0.257 -0.345 -0.412 -0.537 -0.565 -0.736 -0.742 -0.842
0.00012351 -2.10000 9.45000 1.2482842207 2.5132457756    1.228  2.025  3.7974  2.644    4  0.000  0.388     0.00     0.00     0.00     0.00     0.00 -1    -1e-30      0.00 7.339e-01 2.660e-01 1.658e-05 1.343e-05 5.695e-05 -1.000 1.305e-04 -0.291 2.296 1.428 0.754 0.330 0.105 0.182 0.190 0.073 -0.195 -0.263 -0.352 -0.421 -0.548 -0.576 -0.750 -0.756 -0.857
0.00012351 -2.10000 9.45000 1.2486222982 2.5132882561    1.229  2.028  3.7942  2.628    4  0.000  0.388     0.00     0.00     0.00     0.00     0.00 -1    -1e-30      0.00 7.339e-01 2.660e-01 1.658e-05 1.344e-05 5.695e-05 -1.000 1.305e-04 -0.301 2.330 1.461 0.768 0.331 0.099 0.188 0.197 0.077 -0.199 -0.268 -0.360 -0.429 -0.559 -0.588 -0.766 -0.772 -0.875
0.00012351 -2.10000 9.45000 1.2489538193 2.5133298871    1.229  2.032  3.7904  2.609    4  0.000  0.388     0.00     0.00     0.00     0.00     0.00 -1    -1e-30      0.00 7.339e-01 2.660e-01 1.658e-05 1.344e-05 5.695e-05 -1.000 1.305e-04 -0.311 2.370 1.501 0.785 0.333 0.093 0.197 0.206 0.083 -0.202 -0.273 -0.367 -0.439 -0.572 -0.602 -0.783 -0.790 -0.896
0.00012351 -2.10000 9.45000 1.2492752075 2.5133702214    1.229  2.036  3.7864  2.589    4  0.000  0.388     0.00     0.00     0.00     0.00     0.00 -1    -1e-30      0.00 7.339e-01 2.660e-01 1.658e-05 1.344e-05 5.695e-05 -1.000 1.305e-04 -0.321 2.414 1.546 0.805 0.337 0.088 0.207 0.217 0.089 -0.204 -0.277 -0.374 -0.448 -0.584 -0.615 -0.801 -0.808 -0.917
0.00012351 -2.10000 9.45000 1.2496002913 2.5134109952    1.230  2.041  3.7822  2.568    4  0.000  0.388     0.00     0.00     0.00     0.00     0.00 -1    -1e-30      0.00 7.339e-01 2.660e-01 1.657e-05 1.345e-05 5.695e-05 -1.000 1.305e-04 -0.332 2.460 1.594 0.828 0.341 0.084 0.218 0.228 0.096 -0.207 -0.282 -0.382 -0.457 -0.597 -0.629 -0.820 -0.827 -0.939
0.00012351 -2.10000 9.45000 1.2499314547 2.5134525065    1.230  2.046  3.7771  2.542    4  0.000  0.388     0.00     0.00     0.00     0.00     0.00 -1    -1e-30      0.00 7.339e-01 2.660e-01 1.657e-05 1.345e-05 5.695e-05 -1.000 1.305e-04 -0.345 2.519 1.661 0.860 0.351 0.083 0.232 0.242 0.105 -0.210 -0.287 -0.391 -0.468 -0.613 -0.646 -0.842 -0.850 -0.966
0.00012351 -2.10000 9.45000 1.2500867844 2.5134719684    1.230  2.049  3.7753  2.532    4  0.000  0.388     0.00     0.00     0.00     0.00     0.00 -1    -1e-30      0.00 7.339e-01 2.660e-01 1.657e-05 1.345e-05 5.695e-05 -1.000 1.305e-04 -0.353 2.539 1.684 0.870 0.352 0.080 0.234 0.244 0.105 -0.214 -0.292 -0.397 -0.475 -0.621 -0.655 -0.853 -0.861 -0.978
0.00012351 -2.10000 9.45000 1.2504099607 2.5135124425    1.231  2.054  3.7689  2.502    4  0.000  0.388     0.00     0.00     0.00     0.00     0.00 -1    -1e-30      0.00 7.339e-01 2.660e-01 1.657e-05 1.346e-05 5.695e-05 -1.000 1.305e-04 -0.364 2.622 1.779 0.920 0.373 0.088 0.259 0.267 0.122 -0.212 -0.293 -0.402 -0.483 -0.635 -0.669 -0.875 -0.883 -1.006
0.00012351 -2.10000 9.45000 1.2507331371 2.5135528926    1.231  2.063  3.7610  2.462    4  0.000  0.387     0.00     0.00     0.00     0.00     0.00 -1    -1e-30      0.00 7.339e-01 2.660e-01 1.656e-05 1.346e-05 5.695e-05 -1.000 1.305e-04 -0.387 2.720 1.910 0.988 0.396 0.090 0.282 0.289 0.135 -0.218 -0.303 -0.418 -0.501 -0.660 -0.696 -0.911 -0.920 -1.049
0.00012351 -2.10000 9.45000 1.2510575056 2.5135934678    1.231  2.079  3.7496  2.400    4  0.000  0.387     0.00     0.00     0.00     0.00     0.00 -1    -1e-30      0.00 7.338e-01 2.660e-01 1.656e-05 1.346e-05 5.695e-05 -1.000 1.304e-04 -0.427 2.844 2.118 1.096 0.434 0.098 0.311 0.314 0.148 -0.233 -0.323 -0.446 -0.534 -0.702 -0.741 -0.968 -0.978 -1.117
0.00012351 -2.10000 9.45000 1.2512553930 2.5136182096    1.231  2.100  3.7384  2.334    4  0.000  0.387     0.00     0.00     0.00     0.00     0.00 -1    -1e-30      0.00 7.338e-01 2.660e-01 1.656e-05 1.347e-05 5.695e-05 -1.000 1.305e-04 -0.479 2.947 2.355 1.222 0.478 0.109 0.332 0.328 0.149 -0.261 -0.357 -0.487 -0.580 -0.757 -0.798 -1.037 -1.048 -1.198
0.00012351 -2.10000 9.45000 1.2513350248 2.5136281634    1.232  2.124  3.7298  2.275    4  0.000  0.387     0.00     0.00     0.00     0.00     0.00 -1    -1e-30      0.00 7.338e-01 2.660e-01 1.656e-05 1.347e-05 5.695e-05 -1.000 1.305e-04 -0.541 3.005 2.578 1.341 0.518 0.120 0.334 0.321 0.131 -0.303 -0.403 -0.539 -0.635 -0.819 -0.863 -1.112 -1.123 -1.281
0.00012351 -2.10000 9.45000 1.2513571978 2.5136309347    1.232  2.143  3.7256  2.240    4  0.000  0.387     0.00     0.00     0.00     0.00     0.00 -1    -1e-30      0.00 7.338e-01 2.660e-01 1.656e-05 1.347e-05 5.695e-05 -1.000 1.305e-04 -0.587 3.009 2.683 1.391 0.526 0.114 0.321 0.302 0.106 -0.340 -0.441 -0.581 -0.679 -0.866 -0.911 -1.164 -1.176 -1.337
0.00012351 -2.10000 9.45000 1.2513586283 2.5136311135    1.232  2.145  3.7253  2.237    4  0.000  0.387     0.00     0.00     0.00     0.00     0.00 -1    -1e-30      0.00 7.338e-01 2.660e-01 1.656e-05 1.347e-05 5.695e-05 -1.000 1.305e-04 -0.592 3.008 2.691 1.395 0.526 0.113 0.319 0.299 0.103 -0.344 -0.445 -0.585 -0.683 -0.871 -0.916 -1.169 -1.181 -1.343
0.00012351 -2.10000 9.45000 1.2513587475 2.5136311284    1.232  2.145  3.7253  2.236    7  0.000  0.387     0.00     0.00     0.00     0.00     0.00 -1    -1e-30      0.00 7.338e-01 2.660e-01 1.656e-05 1.347e-05 5.695e-05 -1.000 1.305e-04 -0.593 3.008 2.691 1.395 0.526 0.113 0.319 0.299 0.102 -0.345 -0.446 -0.586 -0.684 -0.872 -0.916 -1.170 -1.182 -1.344
0.00012351 -2.10000 9.45000 1.2513619661 2.5136315307    1.232  2.157  3.7239  2.219    7  0.000  0.387     0.00     0.00     0.00     0.00     0.00 -1    -1e-30      0.00 7.338e-01 2.660e-01 1.656e-05 1.347e-05 5.695e-05 -1.000 1.305e-04 -0.623 2.994 2.712 1.397 0.514 0.096 0.299 0.277 0.079 -0.372 -0.474 -0.614 -0.713 -0.902 -0.947 -1.202 -1.214 -1.377
0.00012351 -2.10000 9.45000 1.2513687611 2.5136323799    1.232  2.192  3.7208  2.171    7  0.000  0.387     0.00     0.00     0.00     0.00     0.00 -1    -1e-30      0.00 7.338e-01 2.660e-01 1.656e-05 1.347e-05 5.695e-05 -1.000 1.305e-04 -0.711 2.945 2.744 1.387 0.471 0.042 0.236 0.209 0.007 -0.453 -0.556 -0.699 -0.799 -0.990 -1.036 -1.294 -1.307 -1.473
0.00012351 -2.10000 9.45000 1.2513750792 2.5136331695    1.232  2.230  3.7181  2.123    7  0.000  0.387     0.00     0.00     0.00     0.00     0.00 -1    -1e-30      0.00 7.338e-01 2.660e-01 1.656e-05 1.347e-05 5.695e-05 -1.000 1.305e-04 -0.804 2.884 2.768 1.370 0.422 -0.017 0.166 0.136 -0.071 -0.539 -0.643 -0.788 -0.889 -1.083 -1.129 -1.391 -1.403 -1.572
0.00012351 -2.10000 9.45000 1.2513855696 2.5136344806    1.232  2.275  3.7152  2.067    7  0.000  0.387     0.00     0.00     0.00     0.00     0.00 -1    -1e-30      0.00 7.338e-01 2.660e-01 1.656e-05 1.347e-05 5.695e-05 -1.000 1.305e-04 -0.917 2.804 2.782 1.340 0.357 -0.093 0.080 0.044 -0.168 -0.644 -0.750 -0.897 -0.999 -1.195 -1.242 -1.507 -1.520 -1.691
0.00012351 -2.10000 9.45000 1.2515546083 2.5136556033    1.232  2.272  3.7153  2.069    7  0.000  0.387     0.00     0.00     0.00     0.00     0.00 -1    -1e-30      0.00 7.338e-01 2.660e-01 1.656e-05 1.347e-05 5.695e-05 -1.000 1.305e-04 -0.911 2.809 2.785 1.344 0.362 -0.088 0.085 0.049 -0.162 -0.639 -0.744 -0.891 -0.993 -1.190 -1.237 -1.501 -1.514 -1.685
0.00012351 -2.10000 9.45000 1.2516641617 2.5136692893    1.232  2.318  3.7123  2.012    7  0.000  0.387     0.00     0.00     0.00     0.00     0.00 -1    -1e-30      0.00 7.338e-01 2.660e-01 1.656e-05 1.347e-05 5.695e-05 -1.000 1.304e-04 -1.024 2.728 2.804 1.316 0.298 -0.162 -0.001 -0.042 -0.258 -0.744 -0.851 -1.000 -1.104 -1.302 -1.350 -1.618 -1.631 -1.806
0.00012351 -2.10000 9.45000 1.2517713308 2.5136826748    1.232  2.363  3.7096  1.956    7  0.000  0.387     0.00     0.00     0.00     0.00     0.00 -1    -1e-30      0.00 7.338e-01 2.660e-01 1.656e-05 1.347e-05 5.695e-05 -1.000 1.306e-04 -1.138 2.645 2.826 1.292 0.236 -0.236 -0.089 -0.136 -0.356 -0.851 -0.960 -1.111 -1.215 -1.416 -1.465 -1.736 -1.749 -1.926
0.00012351 -2.10000 9.45000 1.2518641949 2.5136942715    1.232  2.406  3.7072  1.903    7  0.000  0.387     0.00     0.00     0.00     0.00     0.00 -1    -1e-30      0.00 7.338e-01 2.660e-01 1.655e-05 1.347e-05 5.695e-05 -1.000 1.305e-04 -1.245 2.563 2.852 1.275 0.181 -0.301 -0.170 -0.223 -0.448 -0.952 -1.061 -1.214 -1.320 -1.523 -1.572 -1.846 -1.860 -2.039
0.00012351 -2.10000 9.45000 1.2519472837 2.5137046457    1.232  2.450  3.7048  1.850    7  0.000  0.387     0.00     0.00     0.00     0.00     0.00 -1    -1e-30      0.00 7.338e-01 2.660e-01 1.655e-05 1.347e-05 5.695e-05 -1.000 1.305e-04 -1.354 2.478 2.876 1.255 0.124 -0.369 -0.254 -0.312 -0.542 -1.054 -1.165 -1.320 -1.426 -1.632 -1.681 -1.958 -1.972 -2.154
0.00012351 -2.10000 9.45000 1.2520223856 2.5137140214    1.232  2.492  3.7025  1.798    7  0.000  0.387     0.00     0.00     0.00     0.00     0.00 -1    -1e-30      0.00 7.338e-01 2.660e-01 1.655e-05 1.347e-05 5.695e-05 -1.000 1.305e-04 -1.461 2.394 2.897 1.233 0.067 -0.436 -0.335 -0.399 -0.633 -1.154 -1.266 -1.423 -1.530 -1.738 -1.788 -2.067 -2.082 -2.266
0.00012351 -2.10000 9.45000 1.2520906925 2.5137225477    1.232  2.534  3.7003  1.748    7  0.000  0.387     4.72     3.81     2.78     2.10     1.70  4    -1e-30      0.00 7.338e-01 2.660e-01 1.653e-05 1.349e-05 5.695e-05 -1.000 1.305e-04 -1.566 2.311 2.916 1.212 0.010 -0.503 -0.416 -0.485 -0.724 -1.252 -1.365 -1.524 -1.633 -1.842 -1.893 -2.175 -2.189 -2.376
0.00012351 -2.10000 9.45000 1.2521516085 2.5137301505    1.232  2.576  3.6982  1.697    7  0.000  0.384     5.24     4.18     3.03     2.30     1.86  4    -1e-30      0.00 7.338e-01 2.661e-01 1.644e-05 1.355e-05 5.695e-05 -1.000 1.305e-04 -1.670 2.226 2.938 1.194 -0.044 -0.566 -0.495 -0.570 -0.813 -1.349 -1.464 -1.624 -1.734 -1.945 -1.997 -2.281 -2.296 -2.485
0.00012351 -2.10000 9.45000 1.2522064447 2.5137369938    1.232  2.618  3.6960  1.647    7  0.000  0.379     5.81     4.58     3.31     2.51     2.04  4    -1e-30      0.00 7.338e-01 2.661e-01 1.623e-05 1.377e-05 5.695e-05 -1.000 1.305e-04 -1.776 2.139 2.962 1.177 -0.098 -0.630 -0.574 -0.655 -0.903 -1.447 -1.563 -1.725 -1.836 -2.049 -2.102 -2.389 -2.404 -2.595
0.00012351 -2.10000 9.45000 1.2522541285 2.5137429439    1.233  2.659  3.6939  1.597    7  0.000  0.372     6.43     5.00     3.60     2.74     2.22  4    -1e-30      0.00 7.338e-01 2.661e-01 1.595e-05 1.410e-05 5.695e-05 -1.000 1.305e-04 -1.878 2.054 2.985 1.161 -0.151 -0.691 -0.650 -0.737 -0.989 -1.542 -1.659 -1.823 -1.935 -2.150 -2.203 -2.493 -2.508 -2.701
0.00012351 -2.10000 9.45000 1.2522972822 2.5137483283    1.233  2.699  3.6918  1.549    7  0.000  0.366     7.11     5.46     3.92     2.98     2.42  4    -1e-30      0.00 7.337e-01 2.661e-01 1.568e-05 1.443e-05 5.695e-05 -1.000 1.304e-04 -1.979 1.970 3.008 1.146 -0.203 -0.752 -0.726 -0.818 -1.075 -1.636 -1.754 -1.920 -2.032 -2.250 -2.303 -2.595 -2.611 -2.806
0.00012351 -2.10000 9.45000 1.2523372173 2.5137533108    1.233  2.739  3.6898  1.500    7  0.000  0.360     7.85     5.96     4.26     3.24     2.63  4    -1e-30      0.00 7.337e-01 2.662e-01 1.544e-05 1.472e-05 5.695e-05 -1.000 1.305e-04 -2.078 1.887 3.031 1.131 -0.253 -0.811 -0.799 -0.897 -1.159 -1.728 -1.847 -2.015 -2.129 -2.348 -2.402 -2.697 -2.713 -2.910
0.00012351 -2.10000 9.45000 1.2523744106 2.5137579508    1.233  2.779  3.6877  1.452    7  0.000  0.355     8.67     6.51     4.63     3.53     2.87  4    -1e-30      0.00 7.336e-01 2.662e-01 1.524e-05 1.497e-05 5.695e-05 -1.000 1.305e-04 -2.179 1.802 3.069 1.131 -0.296 -0.864 -0.870 -0.974 -1.241 -1.820 -1.940 -2.110 -2.225 -2.446 -2.501 -2.798 -2.814 -3.014
0.00012351 -2.10000 9.45000 1.2524093390 2.5137623080    1.233  2.820  3.6855  1.403    7  0.000  0.351     9.60     7.11     5.04     3.85     3.13  4    -1e-30      0.00 7.336e-01 2.663e-01 1.506e-05 1.520e-05 5.693e-05 -1.000 1.305e-04 -2.281 1.716 3.104 1.135 -0.336 -0.914 -0.939 -1.051 -1.324 -1.913 -2.035 -2.207 -2.323 -2.547 -2.602 -2.902 -2.918 -3.121
0.00012351 -2.10000 9.45000 1.2524417639 2.5137663526    1.233  2.861  3.6833  1.353    7  0.000  0.347    10.64     7.78     5.50     4.20     3.41  4    -1e-30      0.00 7.335e-01 2.664e-01 1.490e-05 1.540e-05 5.690e-05 -1.000 1.305e-04 -2.383 1.631 3.111 1.168 -0.345 -0.935 -0.992 -1.118 -1.402 -2.007 -2.131 -2.306 -2.423 -2.649 -2.705 -3.009 -3.025 -3.230
0.00012351 -2.10000 9.45000 1.2524707317 2.5137699658    1.233  2.900  3.6813  1.306    7  0.000  0.345    11.71     8.47     5.96     4.56     3.70  3    -1e-30      0.00 7.334e-01 2.665e-01 1.477e-05 1.558e-05 5.684e-05 -1.000 1.306e-04 -2.479 1.551 3.123 1.205 -0.349 -0.950 -1.039 -1.179 -1.472 -2.094 -2.220 -2.398 -2.517 -2.746 -2.802 -3.108 -3.125 -3.332
0.00012351 -2.10000 9.45000 1.2524992228 2.5137735193    1.233  2.938  3.6792  1.260    7  0.000  0.343    12.89     9.21     6.45     4.95     4.02  3    -1e-30      0.00 7.333e-01 2.666e-01 1.466e-05 1.578e-05 5.675e-05 -1.000 1.304e-04 -2.575 1.473 3.141 1.251 -0.348 -0.958 -1.081 -1.236 -1.541 -2.179 -2.308 -2.489 -2.610 -2.842 -2.899 -3.208 -3.225 -3.434
0.00012351 -2.10000 9.45000 1.2525274754 2.5137770430    1.233  2.977  3.6771  1.213    7  0.000  0.341    14.19    10.03     7.00     5.37     4.37  3    -1e-30      0.00 7.332e-01 2.667e-01 1.456e-05 1.600e-05 5.662e-05 -1.000 1.305e-04 -2.671 1.393 3.166 1.306 -0.339 -0.959 -1.117 -1.288 -1.606 -2.264 -2.395 -2.579 -2.702 -2.937 -2.995 -3.307 -3.325 -3.536
0.00012351 -2.10000 9.45000 1.2525556087 2.5137805515    1.233  3.015  3.6750  1.166    7  0.000  0.340    15.64    10.92     7.59     5.83     4.74  3    -1e-30      0.00 7.331e-01 2.668e-01 1.448e-05 1.625e-05 5.644e-05 -1.000 1.305e-04 -2.768 1.314 3.199 1.371 -0.325 -0.953 -1.148 -1.337 -1.669 -2.348 -2.482 -2.670 -2.795 -3.033 -3.092 -3.408 -3.425 -3.639
0.00012351 -2.10000 9.45000 1.2525835037 2.5137840302    1.233  3.054  3.6727  1.117    7  0.000  0.340    17.26    11.91     8.25     6.35     5.16  3    -1e-30      0.00 7.330e-01 2.669e-01 1.440e-05 1.652e-05 5.624e-05 -1.000 1.324e-04 -2.866 1.235 3.239 1.444 -0.303 -0.941 -1.174 -1.383 -1.730 -2.432 -2.569 -2.761 -2.888 -3.130 -3.190 -3.509 -3.527 -3.744
0.00012351 -2.10000 9.45000 1.2526098490 2.5137873154    1.233  3.094  3.6705  1.068    7  0.000  0.340    19.10    13.02     8.98     6.92     5.63  3    -1e-30      0.00 7.329e-01 2.670e-01 1.434e-05 1.677e-05 5.604e-05 -1.000 1.359e-04 -2.966 1.154 3.289 1.529 -0.275 -0.920 -1.195 -1.425 -1.789 -2.516 -2.657 -2.853 -2.983 -3.230 -3.290 -3.613 -3.632 -3.852
0.00012351 -2.10000 9.45000 1.2526324987 2.5137901397    1.233  3.135  3.6681  1.019    7  0.000  0.339    21.15    14.24     9.79     7.55     6.14  3    -1e-30      0.00 7.327e-01 2.671e-01 1.429e-05 1.700e-05 5.586e-05 -1.000 1.351e-04 -3.067 1.073 3.345 1.627 -0.235 -0.889 -1.208 -1.461 -1.844 -2.599 -2.743 -2.944 -3.077 -3.328 -3.389 -3.717 -3.736 -3.959
0.00012351 -2.10000 9.45000 1.2526502609 2.5137923544    1.233  3.172  3.6659  0.972    7  0.000  0.339    23.28    15.49    10.60     8.19     6.66  2    -1e-30      0.00 7.326e-01 2.673e-01 1.424e-05 1.719e-05 5.570e-05 -1.000 1.304e-04 -3.161 0.997 3.403 1.729 -0.190 -0.850 -1.210 -1.486 -1.889 -2.673 -2.822 -3.028 -3.164 -3.420 -3.482 -3.814 -3.834 -4.060
0.00012351 -2.10000 9.45000 1.2526710033 2.5137949407    1.233  3.222  3.6629  0.911    7  0.000  0.339    26.40    17.30    11.78     9.11     7.42  2    -1e-30      0.00 7.325e-01 2.674e-01 1.420e-05 1.738e-05 5.554e-05 -1.000 1.305e-04 -3.284 0.899 3.487 1.877 -0.116 -0.785 -1.198 -1.507 -1.940 -2.767 -2.921 -3.136 -3.276 -3.539 -3.602 -3.942 -3.962 -4.192
0.00012351 -2.10000 9.45000 1.2526851892 2.5137967094    1.233  3.263  3.6604  0.860    7  0.000  0.339    29.35    18.99    12.88     9.98     8.12  2    -1e-30      0.00 7.324e-01 2.674e-01 1.417e-05 1.752e-05 5.543e-05 -1.000 1.304e-04 -3.387 0.817 3.569 2.018 -0.040 -0.716 -1.174 -1.513 -1.974 -2.841 -3.002 -3.224 -3.368 -3.638 -3.703 -4.049 -4.069 -4.304
0.00012351 -2.10000 9.45000 1.2526923418 2.5137976012    1.233  3.305  3.6578  0.807    7  0.000  0.339    32.67    20.87    14.09    10.93     8.90  2    -1e-30      0.00 7.324e-01 2.675e-01 1.416e-05 1.759e-05 5.537e-05 -1.000 1.305e-04 -3.491 0.735 3.648 2.159 0.036 -0.647 -1.146 -1.515 -2.005 -2.914 -3.080 -3.310 -3.458 -3.735 -3.802 -4.155 -4.176 -4.415
0.00012351 -2.10000 9.45000 1.2526929379 2.5137976755    1.233  3.317  3.6570  0.791    7  0.000  0.339    33.77    21.48    14.49    11.24     9.16  2    -1e-30      0.00 7.323e-01 2.676e-01 1.413e-05 1.769e-05 5.529e-05 -1.000 1.305e-04 -3.524 0.708 3.673 2.183 0.042 -0.644 -1.150 -1.524 -2.020 -2.937 -3.105 -3.337 -3.486 -3.765 -3.832 -4.187 -4.208 -4.448
0.00012351 -2.10000 9.45000 1.2526943684 2.5137978538    1.233  3.332  3.6560  0.773    7  0.000  0.339    35.04    22.19    14.95    11.60     9.45  2    -1e-30      0.00 7.322e-01 2.677e-01 1.413e-05 1.773e-05 5.525e-05 -1.000 1.305e-04 -3.559 0.678 3.702 2.212 0.048 -0.640 -1.153 -1.534 -2.036 -2.963 -3.132 -3.367 -3.516 -3.797 -3.865 -4.222 -4.243 -4.485
0.00012351 -2.10000 9.45000 1.2526974678 2.5137982403    1.233  3.355  3.6545  0.744    7  0.000  0.339    37.25    23.42    15.73    12.23     9.96  2    -1e-30      0.00 7.321e-01 2.677e-01 1.411e-05 1.779e-05 5.521e-05 -1.000 1.305e-04 -3.618 0.629 3.749 2.258 0.060 -0.633 -1.160 -1.550 -2.063 -3.007 -3.177 -3.416 -3.567 -3.851 -3.920 -4.281 -4.302 -4.546
0.00012351 -2.10000 9.45000 1.2526999712 2.5137985524    1.233  3.378  3.6530  0.715    7  0.555  0.339    39.51    24.66    16.53    12.86    10.47  2    -1e-30      0.00 7.321e-01 2.678e-01 1.409e-05 1.791e-05 5.510e-05 -1.000 1.304e-04 -3.675 0.582 3.796 2.305 0.072 -0.625 -1.164 -1.564 -2.088 -3.047 -3.220 -3.462 -3.615 -3.903 -3.972 -4.336 -4.358 -4.605
0.00012351 -2.10000 9.45000 1.2527004480 2.5137986118    1.233  3.383  3.6527  0.709    7  0.555  0.339    39.98    24.92    16.69    12.98    10.58  2    -1e-30      0.00 7.321e-01 2.678e-01 1.408e-05 1.794e-05 5.507e-05 -1.000 1.305e-04 -3.686 0.573 3.805 2.314 0.074 -0.624 -1.165 -1.567 -2.093 -3.055 -3.229 -3.471 -3.624 -3.913 -3.982 -4.348 -4.369 -4.617
0.00012351 -2.10000 9.45000 1.2527005672 2.5137986267    1.233  3.383  3.6512  0.703    8  0.555  0.358    40.48    25.19    16.87    13.12    10.69  2 -3.95e-07      0.00 7.321e-01 2.678e-01 1.493e-05 1.795e-05 5.536e-05 -1.000 8.547e-05 -3.686 0.581 3.885 2.392 0.125 -0.577 -1.125 -1.534 -2.068 -3.042 -3.217 -3.462 -3.616 -3.908 -3.978 -4.346 -4.368 -4.617
0.00012351 -2.10000 9.45000 1.2527008057 2.5137986564    1.232  3.273  3.6584  0.842    8  0.555  0.360    30.45    19.62    13.28    10.29     8.38  2 -2.57e-07      0.00 7.321e-01 2.678e-01 1.493e-05 1.795e-05 5.536e-05 -1.000 8.544e-05 -3.412 0.808 3.660 2.158 0.057 -0.623 -1.109 -1.469 -1.949 -2.844 -3.009 -3.236 -3.383 -3.658 -3.724 -4.074 -4.095 -4.333
0.00012351 -2.10000 9.45000 1.2527010441 2.5137986861    1.231  3.173  3.6648  0.966    8  0.555  0.360    23.54    15.65    10.71     8.27     6.73  3 -1.78e-07      0.00 7.321e-01 2.678e-01 1.493e-05 1.795e-05 5.536e-05 -1.000 8.553e-05 -3.163 1.003 3.460 1.807 -0.133 -0.796 -1.172 -1.458 -1.870 -2.666 -2.817 -3.025 -3.162 -3.420 -3.483 -3.817 -3.837 -4.064
0.00012351 -2.10000 9.45000 1.2527016401 2.5137987605    1.229  2.912  3.6816  1.294    8  0.555  0.360    12.00     8.65     6.08     4.66     3.78  3 -7.37e-08      0.00 7.321e-01 2.678e-01 1.493e-05 1.795e-05 5.536e-05 -1.000 8.547e-05 -2.510 1.519 3.091 1.166 -0.387 -0.986 -1.076 -1.214 -1.506 -2.126 -2.252 -2.429 -2.548 -2.777 -2.833 -3.139 -3.156 -3.362
0.00012351 -2.10000 9.45000 1.2527025938 2.5137988794    1.225  2.917  3.6811  1.286    8  0.555  0.360    12.19     8.78     6.16     4.72     3.84  3 -7.51e-08      0.00 7.321e-01 2.678e-01 1.493e-05 1.795e-05 5.536e-05 -1.000 8.544e-05 -2.523 1.510 3.102 1.184 -0.379 -0.981 -1.077 -1.218 -1.513 -2.136 -2.263 -2.441 -2.560 -2.790 -2.846 -3.153 -3.169 -3.376
0.00012351 -2.10000 9.45000 1.2527037859 2.5137990280    1.221  2.964  3.6779  1.224    8  0.555  0.360    13.81     9.79     6.84     5.25     4.27  3 -8.73e-08      0.00 7.321e-01 2.678e-01 1.493e-05 1.795e-05 5.536e-05 -1.000 8.544e-05 -2.639 1.419 3.157 1.285 -0.345 -0.961 -1.107 -1.273 -1.586 -2.237 -2.367 -2.550 -2.672 -2.906 -2.963 -3.274 -3.292 -3.502
0.00012351 -2.10000 9.45000 1.2527052164 2.5137992063    1.216  3.110  3.6682  1.037    8  0.555  0.360    20.27    13.73     9.44     7.28     5.92  3 -1.43e-07      0.00 7.321e-01 2.678e-01 1.493e-05 1.795e-05 5.536e-05 -1.000 8.541e-05 -3.006 1.132 3.386 1.667 -0.188 -0.841 -1.154 -1.404 -1.786 -2.539 -2.683 -2.884 -3.016 -3.267 -3.328 -3.656 -3.674 -3.897
0.00012351 -2.10000 9.45000 1.2527070045 2.5137994293    1.209  3.257  3.6584  0.849    8  0.555  0.360    29.81    19.26    13.05    10.12     8.23  2 -2.46e-07      0.00 7.321e-01 2.678e-01 1.493e-05 1.795e-05 5.536e-05 -1.000 8.547e-05 -3.372 0.847 3.694 2.191 0.092 -0.589 -1.073 -1.432 -1.912 -2.806 -2.970 -3.197 -3.344 -3.618 -3.684 -4.035 -4.055 -4.293
0.00012351 -2.10000 9.45000 1.2527090311 2.5137996819    1.202  3.360  3.6514  0.716    8  0.556  0.360    39.18    24.48    16.40    12.76    10.40  2  -3.7e-07      0.00 7.321e-01 2.678e-01 1.493e-05 1.795e-05 5.536e-05 -1.000 8.544e-05 -3.630 0.636 3.920 2.426 0.166 -0.536 -1.080 -1.487 -2.019 -2.988 -3.163 -3.407 -3.561 -3.851 -3.921 -4.289 -4.310 -4.560
0.00012351 -2.10000 9.45000 1.2527114153 2.5137999792    1.193  3.418  3.6472  0.637    8  0.556  0.360    45.95    28.15    18.74    14.62    11.91  2 -4.73e-07      0.00 7.321e-01 2.678e-01 1.493e-05 1.795e-05 5.536e-05 -1.000 8.541e-05 -3.776 0.517 4.041 2.563 0.210 -0.504 -1.080 -1.514 -2.075 -3.088 -3.269 -3.523 -3.681 -3.981 -4.054 -4.431 -4.453 -4.710
0.00012351 -2.10000 9.45000 1.2527140379 2.5138003061    1.184  3.449  3.6448  0.594    8  0.556  0.360    50.17    30.39    20.16    15.75    12.83  2 -5.42e-07      0.00 7.321e-01 2.678e-01 1.493e-05 1.795e-05 5.536e-05 -1.000 8.538e-05 -3.852 0.456 4.110 2.649 0.242 -0.479 -1.070 -1.519 -2.098 -3.137 -3.321 -3.581 -3.742 -4.047 -4.121 -4.504 -4.527 -4.788
0.00012351 -2.10000 9.45000 1.2527168989 2.5138006628    1.174  3.468  3.6431  0.563    8  0.557  0.360    53.28    32.03    21.19    16.57    13.50  2 -5.95e-07      0.00 7.321e-01 2.678e-01 1.493e-05 1.795e-05 5.536e-05 -1.000 8.541e-05 -3.901 0.418 4.163 2.716 0.271 -0.455 -1.056 -1.516 -2.107 -3.165 -3.351 -3.616 -3.778 -4.088 -4.163 -4.551 -4.574 -4.838
0.00012351 -2.10000 9.45000 1.2527170181 2.5138006777    1.173  3.418  3.6463  0.626    8  0.557  0.360    46.83    28.60    19.02    14.85    12.10  2 -4.82e-07      0.00 7.321e-01 2.678e-01 1.493e-05 1.795e-05 5.536e-05 -1.000 8.541e-05 -3.776 0.523 4.094 2.621 0.248 -0.469 -1.050 -1.489 -2.056 -3.078 -3.260 -3.517 -3.675 -3.977 -4.050 -4.429 -4.452 -4.710
0.00012351 -2.10000 9.45000 1.2527176142 2.5138007520    1.170  3.265  3.6560  0.817    8  0.557  0.360    31.55    20.24    13.67    10.62     8.64  2 -2.61e-07      0.00 7.321e-01 2.678e-01 1.493e-05 1.795e-05 5.536e-05 -1.000 8.547e-05 -3.394 0.841 3.822 2.327 0.177 -0.510 -1.014 -1.389 -1.885 -2.803 -2.971 -3.203 -3.352 -3.632 -3.699 -4.055 -4.076 -4.317
0.00012351 -2.10000 9.45000 1.2527185678 2.5138008709    1.165  3.005  3.6728  1.143    8  0.557  0.360    16.07    11.21     7.78     5.99     4.87  3 -1.03e-07      0.00 7.321e-01 2.678e-01 1.493e-05 1.795e-05 5.536e-05 -1.000 8.538e-05 -2.741 1.358 3.340 1.548 -0.192 -0.828 -1.055 -1.262 -1.608 -2.308 -2.445 -2.636 -2.763 -3.005 -3.065 -3.384 -3.402 -3.619
0.00012351 -2.10000 9.45000 1.2527198792 2.5138010344    1.159  3.010  3.6722  1.133    8  0.557  0.360    16.37    11.40     7.90     6.09     4.95  3 -1.05e-07      0.00 7.321e-01 2.678e-01 1.493e-05 1.795e-05 5.536e-05 -1.000 8.538e-05 -2.754 1.350 3.362 1.578 -0.175 -0.813 -1.049 -1.261 -1.611 -2.317 -2.455 -2.647 -2.775 -3.018 -3.077 -3.397 -3.416 -3.633
0.00012351 -2.10000 9.45000 1.2527215481 2.5138012424    1.150  3.056  3.6689  1.070    8  0.558  0.360    18.60    12.75     8.79     6.79     5.52  3 -1.24e-07      0.00 7.321e-01 2.678e-01 1.493e-05 1.795e-05 5.536e-05 -1.000 8.541e-05 -2.870 1.261 3.457 1.727 -0.105 -0.755 -1.049 -1.292 -1.667 -2.409 -2.552 -2.751 -2.883 -3.132 -3.192 -3.519 -3.537 -3.759
0.00012351 -2.10000 9.45000 1.2527236938 2.5138015100    1.139  3.200  3.6591  0.883    8  0.558  0.360    27.31    17.84    12.11     9.40     7.65  2 -2.09e-07      0.00 7.321e-01 2.678e-01 1.493e-05 1.795e-05 5.536e-05 -1.000 8.541e-05 -3.230 0.982 3.765 2.241 0.166 -0.512 -0.980 -1.327 -1.796 -2.675 -2.837 -3.061 -3.206 -3.477 -3.543 -3.891 -3.911 -4.148
0.00012351 -2.10000 9.45000 1.2527263165 2.5138018369    1.126  3.343  3.6493  0.696    8  0.559  0.360    40.10    24.95    16.68    13.02    10.60  2  -3.7e-07      0.00 7.321e-01 2.678e-01 1.493e-05 1.795e-05 5.536e-05 -1.000 8.544e-05 -3.588 0.690 4.081 2.588 0.286 -0.421 -0.977 -1.395 -1.939 -2.927 -3.104 -3.352 -3.508 -3.802 -3.873 -4.245 -4.267 -4.520
0.00012351 -2.10000 9.45000 1.2527292967 2.5138022085    1.112  3.443  3.6422  0.562    8  0.559  0.360    52.72    31.67    20.94    16.41    13.36  1 -5.69e-07      0.00 7.321e-01 2.678e-01 1.493e-05 1.795e-05 5.536e-05 -1.000 8.541e-05 -3.838 0.486 4.263 2.820 0.361 -0.367 -0.971 -1.434 -2.029 -3.093 -3.281 -3.547 -3.710 -4.021 -4.096 -4.485 -4.509 -4.774
0.00012351 -2.10000 9.45000 1.2527326345 2.5138026246    1.096  3.499  3.6379  0.482    8  0.560  0.360    61.96    36.44    23.94    18.80    15.32  1 -7.38e-07      0.00 7.321e-01 2.678e-01 1.493e-05 1.795e-05 5.536e-05 -1.000 8.541e-05 -3.978 0.374 4.357 2.969 0.414 -0.326 -0.945 -1.434 -2.062 -3.176 -3.371 -3.650 -3.817 -4.139 -4.217 -4.618 -4.643 -4.916
0.00012351 -2.10000 9.45000 1.2527364492 2.5138031002    1.077  3.528  3.6354  0.436    8  0.560  0.360    67.92    39.44    25.81    20.31    16.54  1 -8.57e-07      0.00 7.321e-01 2.678e-01 1.493e-05 1.795e-05 5.536e-05 -1.000 8.544e-05 -4.049 0.320 4.413 3.066 0.451 -0.296 -0.914 -1.418 -2.066 -3.211 -3.409 -3.696 -3.866 -4.196 -4.276 -4.685 -4.710 -4.989
0.00012351 -2.10000 9.45000 1.2527407408 2.5138036352    1.058  3.546  3.6335  0.403    8  0.561  0.360    72.50    41.70    27.20    21.44    17.46  1 -9.51e-07      0.00 7.321e-01 2.678e-01 1.493e-05 1.795e-05 5.536e-05 -1.000 8.547e-05 -4.094 0.288 4.460 3.146 0.486 -0.266 -0.883 -1.396 -2.059 -3.227 -3.428 -3.722 -3.893 -4.229 -4.311 -4.725 -4.751 -5.034
0.00012351 -2.10000 9.45000 1.2527409792 2.5138036649    1.056  3.506  3.6361  0.452    8  0.561  0.360    65.39    38.11    24.96    19.65    16.00  1 -7.98e-07      0.00 7.321e-01 2.678e-01 1.493e-05 1.795e-05 5.536e-05 -1.000 8.547e-05 -3.994 0.370 4.431 3.071 0.474 -0.271 -0.890 -1.389 -2.031 -3.167 -3.364 -3.649 -3.817 -4.145 -4.225 -4.631 -4.656 -4.933
0.00012351 -2.10000 9.45000 1.2527414560 2.5138037243    1.052  3.354  3.6460  0.642    8  0.561  0.360    44.05    27.03    17.98    14.08    11.46  2 -4.19e-07      0.00 7.321e-01 2.678e-01 1.493e-05 1.795e-05 5.536e-05 -1.000 8.544e-05 -3.616 0.683 4.251 2.775 0.403 -0.314 -0.893 -1.331 -1.897 -2.918 -3.099 -3.355 -3.514 -3.815 -3.888 -4.268 -4.291 -4.549
0.00012351 -2.10000 9.45000 1.2527425289 2.5138038581    1.045  3.094  3.6630  0.968    8  0.561  0.360    22.33    14.97    10.23     7.94     6.45  2 -1.54e-07      0.00 7.321e-01 2.678e-01 1.493e-05 1.795e-05 5.536e-05 -1.000 8.547e-05 -2.964 1.214 3.746 2.129 0.155 -0.512 -0.910 -1.212 -1.638 -2.454 -2.607 -2.819 -2.958 -3.219 -3.282 -3.620 -3.640 -3.869
0.00012351 -2.10000 9.45000 1.2527439594 2.5138040364    1.036  3.097  3.6625  0.958    8  0.562  0.360    22.71    15.20    10.37     8.06     6.55  2 -1.58e-07      0.00 7.321e-01 2.678e-01 1.493e-05 1.795e-05 5.536e-05 -1.000 8.550e-05 -2.973 1.210 3.774 2.168 0.181 -0.488 -0.895 -1.202 -1.633 -2.457 -2.611 -2.825 -2.964 -3.226 -3.290 -3.629 -3.649 -3.879
0.00012351 -2.10000 9.45000 1.2527457476 2.5138042593    1.023  3.143  3.6591  0.894    8  0.562  0.360    25.87    17.01    11.55     8.99     7.31  2 -1.89e-07      0.00 7.321e-01 2.678e-01 1.493e-05 1.795e-05 5.536e-05 -1.000 8.547e-05 -3.086 1.125 3.898 2.373 0.301 -0.377 -0.842 -1.188 -1.656 -2.532 -2.694 -2.918 -3.062 -3.334 -3.399 -3.747 -3.767 -4.003
0.00012351 -2.10000 9.45000 1.2527480125 2.5138045417    1.008  3.281  3.6494  0.710    8  0.563  0.360    37.83    23.65    15.81    12.38    10.07  2 -3.28e-07      0.00 7.321e-01 2.678e-01 1.493e-05 1.795e-05 5.536e-05 -1.000 8.550e-05 -3.433 0.843 4.219 2.724 0.427 -0.279 -0.832 -1.248 -1.790 -2.774 -2.951 -3.199 -3.354 -3.647 -3.718 -4.089 -4.111 -4.364
0.00012351 -2.10000 9.45000 1.2527507544 2.5138048835    0.990  3.418  3.6396  0.526    8  0.563  0.360    55.24    32.80    21.60    17.00    13.84  1 -5.93e-07      0.00 7.321e-01 2.678e-01 1.493e-05 1.795e-05 5.536e-05 -1.000 8.553e-05 -3.775 0.565 4.464 3.046 0.532 -0.203 -0.817 -1.295 -1.909 -2.999 -3.191 -3.464 -3.629 -3.946 -4.023 -4.419 -4.443 -4.713
0.00012351 -2.10000 9.45000 1.2527539730 2.5138052848    0.969  3.512  3.6326  0.395    8  0.564  0.360    72.32    41.36    26.94    21.30    17.34  1 -9.23e-07      0.00 7.321e-01 2.678e-01 1.493e-05 1.795e-05 5.536e-05 -1.000 8.547e-05 -4.010 0.378 4.581 3.279 0.602 -0.153 -0.770 -1.287 -1.955 -3.132 -3.334 -3.630 -3.802 -4.140 -4.222 -4.639 -4.665 -4.949
0.00012351 -2.10000 9.45000 1.2527575493 2.5138057306    0.946  3.563  3.6284  0.316    8  0.565  0.360    84.83    47.38    30.66    24.30    19.79  1 -1.21e-06      0.00 7.321e-01 2.678e-01 1.493e-05 1.795e-05 5.536e-05 -1.000 8.547e-05 -4.138 0.280 4.643 3.428 0.648 -0.116 -0.721 -1.260 -1.961 -3.192 -3.401 -3.712 -3.888 -4.240 -4.326 -4.756 -4.783 -5.078
0.00012351 -2.10000 9.45000 1.2527617216 2.5138062507    0.921  3.588  3.6259  0.270    8  0.566  0.360    92.96    51.15    32.96    26.19    21.32  1 -1.41e-06      0.00 7.321e-01 2.678e-01 1.493e-05 1.795e-05 5.536e-05 -1.000 8.553e-05 -4.200 0.236 4.675 3.523 0.683 -0.085 -0.678 -1.228 -1.947 -3.211 -3.423 -3.744 -3.923 -4.283 -4.371 -4.810 -4.837 -5.138
0.00012351 -2.10000 9.45000 1.2527662516 2.5138068154    0.894  3.602  3.6242  0.236    8  0.567  0.360    99.26    53.97    34.67    27.59    22.47  1 -1.57e-06      0.00 7.321e-01 2.678e-01 1.493e-05 1.795e-05 5.536e-05 -1.000 8.547e-05 -4.234 0.215 4.707 3.601 0.717 -0.054 -0.636 -1.195 -1.927 -3.214 -3.430 -3.757 -3.937 -4.304 -4.393 -4.839 -4.867 -5.172
0.00012351 -2.10000 9.45000 1.2527663708 2.5138068303    0.892  3.575  3.6259  0.269    8  0.567  0.361    92.54    50.80    32.72    26.02    21.18  1 -1.39e-06      0.00 7.321e-01 2.678e-01 1.497e-05 1.795e-05 5.537e-05 -1.000 8.547e-05 -4.167 0.270 4.709 3.557 0.717 -0.052 -0.644 -1.195 -1.914 -3.177 -3.390 -3.711 -3.889 -4.249 -4.337 -4.777 -4.804 -5.105
0.00012351 -2.10000 9.45000 1.2527668476 2.5138068897    0.886  3.425  3.6360  0.456    8  0.567  0.364    62.38    36.17    23.65    18.72    15.23  1 -7.14e-07      0.00 7.321e-01 2.678e-01 1.512e-05 1.795e-05 5.538e-05 -1.000 8.568e-05 -3.792 0.573 4.633 3.273 0.676 -0.069 -0.689 -1.188 -1.830 -2.964 -3.161 -3.446 -3.615 -3.942 -4.022 -4.428 -4.453 -4.731
0.00012351 -2.10000 9.45000 1.2527676821 2.5138069938    0.875  3.167  3.6533  0.778    8  0.567  0.370    31.61    20.16    13.53    10.62     8.63  2  -2.5e-07      0.00 7.321e-01 2.679e-01 1.536e-05 1.795e-05 5.540e-05 -1.000 8.592e-05 -3.149 1.103 4.241 2.743 0.535 -0.160 -0.683 -1.074 -1.588 -2.532 -2.702 -2.941 -3.092 -3.377 -3.446 -3.808 -3.829 -4.075
0.00012351 -2.10000 9.45000 1.2527687550 2.5138071275    0.860  3.167  3.6528  0.769    8  0.567  0.378    32.09    20.40    13.68    10.75     8.73  1 -2.54e-07      0.00 7.321e-01 2.679e-01 1.571e-05 1.795e-05 5.542e-05 -1.000 8.634e-05 -3.148 1.107 4.278 2.780 0.560 -0.137 -0.664 -1.058 -1.576 -2.525 -2.697 -2.936 -3.088 -3.374 -3.443 -3.806 -3.828 -4.075
0.00012351 -2.10000 9.45000 1.2527701855 2.5138073058    0.841  3.211  3.6490  0.700    8  0.568  0.389    36.93    22.99    15.33    12.07     9.81  1 -3.11e-07      0.00 7.321e-01 2.679e-01 1.617e-05 1.795e-05 5.545e-05 -1.000 8.681e-05 -3.259 1.020 4.418 2.925 0.620 -0.088 -0.644 -1.063 -1.607 -2.596 -2.773 -3.022 -3.177 -3.472 -3.543 -3.915 -3.937 -4.190
0.00012351 -2.10000 9.45000 1.2527720928 2.5138075436    0.818  3.345  3.6389  0.514    8  0.568  0.402    54.35    31.94    20.97    16.62    13.50  1 -5.62e-07      0.00 7.321e-01 2.679e-01 1.673e-05 1.795e-05 5.549e-05 -1.000 8.738e-05 -3.592 0.752 4.681 3.273 0.745 0.008 -0.609 -1.091 -1.709 -2.808 -3.000 -3.275 -3.441 -3.759 -3.837 -4.234 -4.259 -4.530
0.00012351 -2.10000 9.45000 1.2527742386 2.5138078111    0.792  3.475  3.6290  0.329    8  0.568  0.418    79.83    44.23    28.59    22.79    18.53  1 -1.05e-06      0.00 7.321e-01 2.679e-01 1.741e-05 1.795e-05 5.554e-05 -1.000 8.816e-05 -3.918 0.495 4.838 3.608 0.844 0.080 -0.528 -1.064 -1.760 -2.983 -3.191 -3.499 -3.675 -4.024 -4.110 -4.538 -4.565 -4.858
0.00012351 -2.10000 9.45000 1.2527767420 2.5138081232    0.762  3.564  3.6220  0.195    8  0.569  0.436   105.31    55.76    35.64    28.55    23.22  1 -1.69e-06      0.00 7.320e-01 2.679e-01 1.820e-05 1.795e-05 5.560e-05 -1.000 8.899e-05 -4.141 0.325 4.881 3.834 0.895 0.121 -0.448 -1.016 -1.765 -3.081 -3.300 -3.636 -3.819 -4.193 -4.285 -4.738 -4.767 -5.078
0.00012351 -2.10000 9.45000 1.2527796030 2.5138084798    0.729  3.612  3.6181  0.113    8  0.570  0.457   124.58    63.96    40.59    32.63    26.54  0 -2.29e-06      0.00 7.320e-01 2.679e-01 1.909e-05 1.795e-05 5.566e-05 -1.000 8.994e-05 -4.260 0.236 4.904 3.968 0.930 0.151 -0.392 -0.979 -1.758 -3.128 -3.353 -3.705 -3.892 -4.280 -4.376 -4.845 -4.874 -5.195
0.00012351 -2.10000 9.45000 1.2527829409 2.5138088959    0.694  3.634  3.6165  0.064    8  0.570  0.481   132.92    69.11    43.66    35.20    28.62  0 -2.78e-06      0.00 7.320e-01 2.679e-01 2.011e-05 1.795e-05 5.574e-05 -1.000 9.114e-05 -4.315 0.196 4.914 4.037 0.951 0.170 -0.358 -0.954 -1.748 -3.146 -3.374 -3.735 -3.923 -4.319 -4.418 -4.893 -4.924 -5.249
0.00012351 -2.10000 9.45000 1.2527865171 2.5138093417    0.657  3.645  3.6161  0.027    8  0.571  0.507   137.99    72.84    45.85    37.07    30.13  0 -3.26e-06      0.00 7.320e-01 2.679e-01 2.123e-05 1.795e-05 5.582e-05 -1.000 9.230e-05 -4.343 0.173 4.916 4.069 0.959 0.177 -0.341 -0.941 -1.743 -3.157 -3.387 -3.753 -3.942 -4.341 -4.441 -4.920 -4.951 -5.279
0.00012351 -2.10000 9.45000 1.2527949810 2.5138103968    0.573 -9.999  4.0000  1.583    9  0.573  0.000     0.00     0.00     0.00     0.00     0.00 -1    -1e-30      0.00 7.320e-01 2.679e-01 2.383e-05 1.795e-05 5.600e-05 -1.000 9.510e-05 29.767 29.893 29.849 29.813 29.849 29.917 29.971 30.079 30.064 30.108 30.109 30.104 30.102 30.100 30.102 30.092 30.091 30.063
