 Zini     MH   logAge Mini        int_IMF         Mass   logL    logTe  logg  label   McoreTP C_O  period0  period1  period2  period3  period4  pmode  Mloss  tau1m   X   Y   Xc  Xn  Xo  Cexcess  Z 	 mbolmag  F170Wmag  F218Wmag  F255Wmag  F300Wmag  F336Wmag  F380Wmag  F439Wmag  F450Wmag  F555Wmag  F569Wmag  F606Wmag  F622Wmag  F675Wmag  F702Wmag  F791Wmag  F814Wmag  F850LPmag
9.8116e-05 -2.19174 9.70000 0.1000000015 1.1711064122    0.100 -2.787  3.5576  5.408    1  0.000  0.545     0.00     0.00     0.00     0.00     0.00 -1 -1.28e-16      0.00 7.486e-01 2.513e-01 1.798e-05 4.851e-06 4.400e-05 -1.000 9.999e-05 11.739 16.170 20.811 19.580 16.454 15.600 15.381 14.686 14.167 12.898 12.704 12.339 12.133 11.758 11.616 11.068 11.032 10.682
9.8116e-05 -2.19174 9.70000 0.1098214313 1.2482754908    0.109 -2.639  3.5730  5.359    1  0.000  0.545     0.00     0.00     0.00     0.00     0.00 -1 -1.83e-16      0.00 7.479e-01 2.520e-01 1.798e-05 4.851e-06 4.400e-05 -1.000 9.999e-05 11.367 15.759 20.103 18.476 15.714 14.874 14.580 14.007 13.550 12.393 12.208 11.862 11.666 11.307 11.194 10.705 10.672 10.342
9.8116e-05 -2.19174 9.70000 0.1294642836 1.3786745408    0.129 -2.399  3.5956  5.282    1  0.000  0.545     0.00     0.00     0.00     0.00     0.00 -1 -3.19e-16      0.00 7.465e-01 2.534e-01 1.798e-05 4.851e-06 4.400e-05 -1.000 1.001e-04 10.768 15.096 18.815 16.896 14.567 13.762 13.467 13.025 12.630 11.627 11.457 11.150 10.970 10.639 10.547 10.112 10.083 9.780
9.8116e-05 -2.19174 9.70000 0.1491071582 1.4855959672    0.149 -2.243  3.6070  5.233    1  0.000  0.545     0.00     0.00     0.00     0.00     0.00 -1 -4.51e-16      0.00 7.456e-01 2.543e-01 1.798e-05 4.851e-06 4.400e-05 -1.000 1.000e-04 10.376 14.669 18.067 16.077 13.908 13.121 12.857 12.468 12.096 11.159 10.995 10.708 10.537 10.220 10.135 9.719 9.693 9.403
9.8116e-05 -2.19174 9.70000 0.1687500030 1.5756139920    0.168 -2.122  3.6144  5.194    1  0.000  0.545     0.00     0.00     0.00     0.00     0.00 -1 -5.86e-16      0.00 7.449e-01 2.550e-01 1.798e-05 4.851e-06 4.400e-05 -1.000 1.000e-04 10.074 14.341 17.527 15.511 13.433 12.661 12.425 12.065 11.705 10.809 10.649 10.375 10.209 9.901 9.819 9.416 9.390 9.109
9.8116e-05 -2.19174 9.70000 0.2080357224 1.7204495903    0.207 -1.921  3.6255  5.129    1  0.000  0.545     0.00     0.00     0.00     0.00     0.00 -1 -9.02e-16      0.00 7.441e-01 2.558e-01 1.798e-05 4.851e-06 4.400e-05 -1.000 1.000e-04 9.572 13.799 16.633 14.619 12.677 11.928 11.741 11.423 11.079 10.238 10.084 9.827 9.670 9.375 9.298 8.912 8.888 8.620
9.8116e-05 -2.19174 9.70000 0.2571428716 1.8581268277    0.257 -1.727  3.6356  5.069    1  0.000  0.545     0.00     0.00     0.00     0.00     0.00 -1 -1.36e-15      0.00 7.440e-01 2.559e-01 1.798e-05 4.851e-06 4.400e-05 -1.000 1.000e-04 9.087 13.274 15.789 13.796 11.966 11.241 11.104 10.822 10.489 9.693 9.545 9.303 9.153 8.870 8.797 8.425 8.402 8.146
9.8116e-05 -2.19174 9.70000 0.3062500358 1.9652636675    0.306 -1.575  3.6438  5.025    1  0.000  0.545     0.00     0.00     0.00     0.00     0.00 -1 -1.86e-15      0.00 7.440e-01 2.559e-01 1.798e-05 4.852e-06 4.400e-05 -1.000 9.996e-05 8.707 12.860 15.140 13.156 11.405 10.700 10.607 10.352 10.028 9.266 9.122 8.892 8.747 8.472 8.402 8.042 8.020 7.774
9.8116e-05 -2.19174 9.70000 0.3553571403 2.0521113302    0.355 -1.449  3.6514  4.995    1  0.000  0.545     0.00     0.00     0.00     0.00     0.00 -1 -2.39e-15      0.00 7.448e-01 2.551e-01 1.797e-05 4.852e-06 4.400e-05 -1.000 1.000e-04 8.392 12.513 14.593 12.614 10.928 10.242 10.191 9.960 9.644 8.911 8.770 8.550 8.410 8.143 8.076 7.725 7.705 7.467
9.8116e-05 -2.19174 9.70000 0.4044643044 2.1246090444    0.404 -1.336  3.6594  4.970    1  0.000  0.545     0.00     0.00     0.00     0.00     0.00 -1 -2.98e-15      0.00 7.505e-01 2.494e-01 1.798e-05 4.851e-06 4.400e-05 -1.000 9.990e-05 8.110 12.196 14.059 12.094 10.479 9.813 9.807 9.601 9.294 8.589 8.452 8.241 8.105 7.847 7.783 7.442 7.423 7.194
9.8116e-05 -2.19174 9.70000 0.4535714388 2.1864813481    0.453 -1.199  3.6714  4.931    1  0.000  0.545     0.00     0.00     0.00     0.00     0.00 -1 -4.04e-15      0.00 7.508e-01 2.491e-01 1.798e-05 4.851e-06 4.400e-05 -1.000 9.999e-05 7.768 11.796 13.300 11.381 9.882 9.251 9.316 9.147 8.854 8.192 8.061 7.863 7.734 7.488 7.427 7.102 7.084 6.868
9.8116e-05 -2.19174 9.70000 0.5026785731 2.2401984691    0.503 -1.049  3.6848  4.880    1  0.000  0.545     0.00     0.00     0.00     0.00     0.00 -1 -5.75e-15      0.00 7.515e-01 2.484e-01 1.793e-05 4.837e-06 4.388e-05 -1.000 9.996e-05 7.394 11.351 12.456 10.604 9.236 8.645 8.784 8.656 8.381 7.764 7.638 7.455 7.333 7.099 7.042 6.734 6.717 6.515
9.8116e-05 -2.19174 9.70000 0.5517857671 2.2851312492    0.551 -0.880  3.7014  4.817    1  0.000  0.545     0.00     0.00     0.00     0.00     0.00 -1  -8.7e-15      0.00 7.651e-01 2.348e-01 1.701e-05 4.590e-06 4.164e-05 -1.000 9.990e-05 6.969 10.826 11.409 9.690 8.491 7.953 8.179 8.096 7.845 7.283 7.165 6.997 6.883 6.664 6.612 6.324 6.309 6.124
9.8116e-05 -2.19174 9.70000 0.6008928418 2.3217254164    0.601 -0.706  3.7222  4.763    1  0.000  0.544     0.00     0.00     0.00     0.00     0.00 -1 -1.32e-14      0.00 7.705e-01 2.294e-01 1.665e-05 4.495e-06 4.079e-05 -1.000 8.135e-05 6.535 10.223 10.172 8.686 7.701 7.231 7.546 7.513 7.292 6.793 6.684 6.533 6.428 6.228 6.181 5.916 5.904 5.739
9.8116e-05 -2.19174 9.70000 0.6258031130 2.3377840582    0.626 -0.616  3.7342  4.739    1  0.000  0.544     0.00     0.00     0.00     0.00     0.00 -1 -1.64e-14      0.00 7.742e-01 2.257e-01 1.642e-05 4.433e-06 4.022e-05 -1.000 5.251e-05 6.310 9.874 9.513 8.169 7.297 6.866 7.223 7.214 7.009 6.545 6.441 6.299 6.198 6.008 5.964 5.712 5.701 5.547
9.8116e-05 -2.19174 9.70000 0.6499999762 2.3520353107    0.650 -0.531  3.7457  4.716    1  0.000  0.544     0.00     0.00     0.00     0.00     0.00 -1 -2.01e-14      0.00 7.782e-01 2.217e-01 1.616e-05 4.364e-06 3.961e-05 -1.000 1.001e-04 6.097 9.502 8.886 7.691 6.927 6.534 6.926 6.936 6.745 6.312 6.213 6.079 5.983 5.803 5.761 5.521 5.512 5.369
9.8116e-05 -2.19174 9.70000 0.6710243821 2.3634632182    0.671 -0.456  3.7558  4.696    1  0.000  0.544     0.00     0.00     0.00     0.00     0.00 -1  -2.4e-14      0.00 7.825e-01 2.174e-01 1.588e-05 4.288e-06 3.893e-05 -1.000 9.993e-05 5.911 9.133 8.346 7.282 6.611 6.254 6.673 6.698 6.519 6.112 6.018 5.892 5.800 5.629 5.589 5.361 5.352 5.218
9.8116e-05 -2.19174 9.70000 0.6989167333 2.3774107465    0.699 -0.359  3.7688  4.669    1  0.000  0.544     0.00     0.00     0.00     0.00     0.00 -1 -3.04e-14      0.00 7.892e-01 2.107e-01 1.545e-05 4.174e-06 3.789e-05 -1.000 1.000e-04 5.668 8.628 7.705 6.787 6.221 5.907 6.355 6.396 6.230 5.857 5.769 5.652 5.565 5.404 5.367 5.152 5.144 5.022
9.8116e-05 -2.19174 9.70000 0.6999999881 2.3779266974    0.700 -0.355  3.7693  4.668    1  0.000  0.544     0.00     0.00     0.00     0.00     0.00 -1 -3.07e-14      0.00 7.895e-01 2.104e-01 1.543e-05 4.169e-06 3.785e-05 -1.000 9.996e-05 5.658 8.609 7.681 6.769 6.206 5.894 6.343 6.384 6.219 5.847 5.759 5.642 5.556 5.395 5.359 5.144 5.136 5.014
9.8116e-05 -2.19174 9.70000 0.7095773816 2.3824096784    0.710 -0.322  3.7735  4.658    1  0.000  0.542     0.00     0.00     0.00     0.00     0.00 -1 -3.33e-14      0.00 7.928e-01 2.071e-01 1.518e-05 4.111e-06 3.734e-05 -1.000 1.000e-04 5.576 8.438 7.488 6.616 6.083 5.784 6.240 6.285 6.124 5.763 5.676 5.562 5.477 5.320 5.284 5.073 5.066 4.947
9.8116e-05 -2.19174 9.70000 0.7294207215 2.3912685713    0.729 -0.254  3.7821  4.636    1  0.000  0.539     0.00     0.00     0.00     0.00     0.00 -1 -3.93e-14      0.00 8.005e-01 1.994e-01 1.461e-05 3.977e-06 3.616e-05 -1.000 9.999e-05 5.406 8.087 7.106 6.310 5.834 5.562 6.029 6.081 5.929 5.588 5.505 5.396 5.315 5.164 5.130 4.927 4.920 4.809
9.8116e-05 -2.19174 9.70000 0.7479684353 2.3990621586    0.748 -0.191  3.7898  4.614    1  0.000  0.535     0.00     0.00     0.00     0.00     0.00 -1 -4.61e-14      0.00 8.086e-01 1.913e-01 1.403e-05 3.839e-06 3.495e-05 -1.000 1.000e-04 5.248 7.764 6.773 6.040 5.612 5.364 5.836 5.892 5.748 5.425 5.346 5.242 5.164 5.019 4.987 4.792 4.786 4.681
9.8116e-05 -2.19174 9.70000 0.7500000000 2.3998889087    0.750 -0.184  3.7907  4.612    1  0.000  0.535     0.00     0.00     0.00     0.00     0.00 -1 -4.69e-14      0.00 8.095e-01 1.904e-01 1.397e-05 3.824e-06 3.481e-05 -1.000 9.999e-05 5.230 7.729 6.738 6.011 5.589 5.343 5.815 5.872 5.729 5.407 5.328 5.225 5.147 5.003 4.971 4.777 4.771 4.667
9.8116e-05 -2.19174 9.70000 0.7532231212 2.4011900484    0.753 -0.173  3.7919  4.608    1  0.000  0.535     0.00     0.00     0.00     0.00     0.00 -1 -4.82e-14      0.00 8.100e-01 1.899e-01 1.396e-05 3.821e-06 3.479e-05 -1.000 1.000e-04 5.203 7.676 6.685 5.968 5.552 5.310 5.783 5.839 5.698 5.379 5.301 5.199 5.121 4.978 4.946 4.753 4.748 4.644
9.8116e-05 -2.19174 9.70000 0.7708944082 2.4081019620    0.771 -0.113  3.7989  4.585    1  0.000  0.534     0.00     0.00     0.00     0.00     0.00 -1 -5.61e-14      0.00 8.120e-01 1.879e-01 1.395e-05 3.821e-06 3.481e-05 -1.000 9.994e-05 5.052 7.385 6.398 5.730 5.354 5.132 5.604 5.662 5.528 5.225 5.149 5.052 4.977 4.840 4.809 4.623 4.618 4.520
9.8116e-05 -2.19174 9.70000 0.7875773311 2.4143010281    0.787 -0.056  3.8053  4.563    1  0.000  0.533     0.00     0.00     0.00     0.00     0.00 -1  -6.5e-14      0.00 8.133e-01 1.866e-01 1.398e-05 3.834e-06 3.494e-05 -1.000 9.996e-05 4.910 7.120 6.143 5.518 5.175 4.972 5.438 5.496 5.367 5.078 5.006 4.912 4.840 4.708 4.678 4.499 4.494 4.402
9.8116e-05 -2.19174 9.70000 0.8000000119 2.4187244405    0.800 -0.013  3.8100  4.546    1  0.000  0.533     0.00     0.00     0.00     0.00     0.00 -1 -7.25e-14      0.00 8.140e-01 1.859e-01 1.403e-05 3.850e-06 3.510e-05 -1.000 9.996e-05 4.803 6.926 5.957 5.363 5.044 4.853 5.314 5.372 5.248 4.968 4.898 4.807 4.737 4.609 4.580 4.405 4.401 4.313
9.8116e-05 -2.19174 9.70000 0.8053453565 2.4205795647    0.805  0.005  3.8121  4.539    1  0.000  0.533     0.00     0.00     0.00     0.00     0.00 -1  -7.6e-14      0.00 8.141e-01 1.858e-01 1.403e-05 3.850e-06 3.510e-05 -1.000 1.000e-04 4.757 6.846 5.882 5.299 4.990 4.805 5.261 5.319 5.196 4.921 4.852 4.763 4.694 4.566 4.538 4.366 4.361 4.275
9.8116e-05 -2.19174 9.70000 0.8212971091 2.4259509724    0.821  0.060  3.8182  4.517    1  0.000  0.533     0.00     0.00     0.00     0.00     0.00 -1 -8.76e-14      0.00 8.144e-01 1.855e-01 1.404e-05 3.853e-06 3.513e-05 -1.000 9.994e-05 4.620 6.619 5.668 5.116 4.831 4.660 5.105 5.160 5.043 4.779 4.712 4.626 4.560 4.437 4.410 4.244 4.240 4.159
9.8116e-05 -2.19174 9.70000 0.8357297182 2.4306081982    0.835  0.110  3.8237  4.496    1  0.000  0.533     0.00     0.00     0.00     0.00     0.00 -1 -9.97e-14      0.00 8.145e-01 1.854e-01 1.405e-05 3.857e-06 3.518e-05 -1.000 7.206e-05 4.495 6.419 5.481 4.953 4.689 4.530 4.962 5.015 4.903 4.648 4.583 4.501 4.437 4.318 4.292 4.131 4.128 4.051
9.8116e-05 -2.19174 9.70000 0.8495557904 2.4348994648    0.849  0.159  3.8289  4.476    1  0.000  0.532     0.00     0.00     0.00     0.00     0.00 -1 -1.13e-13      0.00 8.145e-01 1.854e-01 1.408e-05 3.864e-06 3.524e-05 -1.000 9.999e-05 4.374 6.228 5.303 4.799 4.554 4.407 4.824 4.874 4.766 4.521 4.458 4.380 4.317 4.203 4.177 4.022 4.019 3.947
9.8116e-05 -2.19174 9.70000 0.8500000238 2.4350346840    0.849  0.160  3.8290  4.475    1  0.000  0.532     0.00     0.00     0.00     0.00     0.00 -1 -1.14e-13      0.00 8.145e-01 1.854e-01 1.408e-05 3.864e-06 3.525e-05 -1.000 1.000e-04 4.370 6.222 5.298 4.794 4.550 4.403 4.820 4.870 4.762 4.517 4.454 4.376 4.313 4.199 4.174 4.018 4.015 3.943
9.8116e-05 -2.19174 9.70000 0.8508903980 2.4353052143    0.850  0.163  3.8294  4.474    1  0.000  0.533     0.00     0.00     0.00     0.00     0.00 -1 -1.15e-13      0.00 8.145e-01 1.854e-01 1.408e-05 3.864e-06 3.525e-05 -1.000 9.954e-05 4.362 6.210 5.286 4.784 4.541 4.395 4.811 4.861 4.753 4.509 4.446 4.368 4.305 4.192 4.166 4.011 4.008 3.937
9.8116e-05 -2.19174 9.70000 0.8640600443 2.4392319041    0.863  0.210  3.8347  4.455    1  0.000  0.532     0.00     0.00     0.00     0.00     0.00 -1  -1.3e-13      0.00 8.143e-01 1.856e-01 1.408e-05 3.866e-06 3.526e-05 -1.000 8.440e-05 4.244 6.028 5.121 4.642 4.415 4.279 4.678 4.724 4.621 4.386 4.325 4.250 4.190 4.080 4.056 3.906 3.904 3.837
9.8116e-05 -2.19174 9.70000 0.8762007356 2.4427318063    0.875  0.255  3.8397  4.436    1  0.000  0.533     0.00     0.00     0.00     0.00     0.00 -1 -1.46e-13      0.00 8.141e-01 1.858e-01 1.409e-05 3.868e-06 3.528e-05 -1.000 8.377e-05 4.133 5.858 4.966 4.508 4.297 4.170 4.551 4.594 4.495 4.268 4.210 4.138 4.079 3.974 3.950 3.806 3.804 3.741
9.8116e-05 -2.19174 9.70000 0.8922932744 2.4472025576    0.891  0.316  3.8465  4.410    1  0.000  0.533     0.00     0.00     0.00     0.00     0.00 -1 -1.71e-13      0.00 8.137e-01 1.862e-01 1.411e-05 3.873e-06 3.532e-05 -1.000 1.000e-04 3.979 5.627 4.758 4.328 4.137 4.023 4.377 4.415 4.321 4.106 4.050 3.983 3.927 3.828 3.806 3.669 3.667 3.610
9.8116e-05 -2.19174 9.70000 0.8999999762 2.4492786016    0.899  0.347  3.8499  4.397    1  0.000  0.533     0.00     0.00     0.00     0.00     0.00 -1 -1.86e-13      0.00 8.135e-01 1.864e-01 1.412e-05 3.875e-06 3.535e-05 -1.000 9.994e-05 3.904 5.514 4.656 4.240 4.059 3.951 4.292 4.327 4.235 4.027 3.972 3.907 3.853 3.756 3.734 3.601 3.599 3.545
9.8116e-05 -2.19174 9.70000 0.9109235406 2.4521521124    0.910  0.391  3.8554  4.380    1  0.000  0.533     0.00     0.00     0.00     0.00     0.00 -1 -2.08e-13      0.00 8.136e-01 1.863e-01 1.411e-05 3.873e-06 3.532e-05 -1.000 1.000e-04 3.794 5.345 4.506 4.112 3.946 3.848 4.166 4.196 4.109 3.910 3.857 3.796 3.744 3.652 3.631 3.505 3.503 3.453
9.8116e-05 -2.19174 9.70000 0.9217661023 2.4549269995    0.921  0.436  3.8613  4.363    1  0.000  0.533     0.00     0.00     0.00     0.00     0.00 -1 -2.34e-13      0.00 8.137e-01 1.862e-01 1.410e-05 3.872e-06 3.531e-05 -1.000 1.001e-04 3.680 5.169 4.352 3.980 3.830 3.742 4.035 4.061 3.979 3.789 3.739 3.682 3.632 3.545 3.526 3.405 3.404 3.359
9.8116e-05 -2.19174 9.70000 0.9313879609 2.4573273573    0.930  0.478  3.8668  4.348    1  0.000  0.533     0.00     0.00     0.00     0.00     0.00 -1 -2.61e-13      0.00 8.137e-01 1.862e-01 1.410e-05 3.872e-06 3.531e-05 -1.000 8.453e-05 3.575 5.009 4.213 3.862 3.725 3.646 3.915 3.935 3.858 3.677 3.629 3.576 3.529 3.447 3.428 3.314 3.314 3.272
9.8116e-05 -2.19174 9.70000 0.9410045743 2.4596700887    0.940  0.522  3.8727  4.332    1  0.000  0.533     0.00     0.00     0.00     0.00     0.00 -1 -2.93e-13      0.00 8.137e-01 1.862e-01 1.411e-05 3.872e-06 3.531e-05 -1.000 6.579e-05 3.465 4.841 4.068 3.739 3.616 3.546 3.789 3.804 3.731 3.560 3.515 3.465 3.421 3.344 3.327 3.220 3.219 3.182
9.8116e-05 -2.19174 9.70000 0.9499999881 2.4618121868    0.949  0.565  3.8784  4.316    1  0.000  0.533     0.00     0.00     0.00     0.00     0.00 -1 -3.28e-13      0.00 8.136e-01 1.863e-01 1.411e-05 3.873e-06 3.532e-05 -1.000 5.363e-05 3.358 4.679 3.929 3.621 3.510 3.449 3.666 3.676 3.608 3.447 3.404 3.358 3.316 3.245 3.229 3.128 3.128 3.094
9.8116e-05 -2.19174 9.70000 0.9586856365 2.4638367121    0.957  0.607  3.8844  4.301    1  0.000  0.533     0.00     0.00     0.00     0.00     0.00 -1 -3.65e-13      0.00 8.139e-01 1.860e-01 1.410e-05 3.869e-06 3.528e-05 -1.000 4.804e-05 3.251 4.515 3.791 3.504 3.406 3.353 3.544 3.549 3.485 3.334 3.293 3.252 3.213 3.147 3.132 3.039 3.038 3.009
9.8116e-05 -2.19174 9.70000 0.9698922634 2.4663873374    0.969  0.665  3.8919  4.278    1  0.000  0.532     0.00     0.00     0.00     0.00     0.00 -1 -4.26e-13      0.00 8.142e-01 1.857e-01 1.408e-05 3.866e-06 3.526e-05 -1.000 7.945e-05 3.107 4.299 3.608 3.348 3.265 3.223 3.379 3.378 3.320 3.181 3.144 3.108 3.072 3.013 3.000 2.915 2.915 2.890
9.8116e-05 -2.19174 9.70000 0.9808332920 2.4688129584    0.980  0.727  3.8985  4.249    1  0.000  0.532     0.00     0.00     0.00     0.00     0.00 -1 -5.04e-13      0.00 8.139e-01 1.861e-01 1.410e-05 3.871e-06 3.530e-05 -1.000 5.037e-05 2.954 4.081 3.427 3.190 3.119 3.085 3.209 3.201 3.149 3.022 2.988 2.957 2.924 2.872 2.860 2.783 2.783 2.762
9.8116e-05 -2.19174 9.70000 0.9904934764 2.4709034696    0.989  0.786  3.9034  4.213    1  0.000  0.532     0.00     0.00     0.00     0.00     0.00 -1    -6e-13      0.00 8.127e-01 1.873e-01 1.417e-05 3.889e-06 3.548e-05 -1.000 1.863e-05 2.806 3.880 3.262 3.043 2.979 2.950 3.046 3.035 2.987 2.870 2.839 2.811 2.781 2.734 2.722 2.652 2.652 2.632
9.8116e-05 -2.19174 9.70000 0.9930165410 2.4714417752    0.992  0.802  3.9045  4.202    1  0.000  0.532     0.00     0.00     0.00     0.00     0.00 -1 -6.33e-13      0.00 8.123e-01 1.876e-01 1.419e-05 3.895e-06 3.553e-05 -1.000 1.365e-05 2.765 3.827 3.219 3.003 2.941 2.912 3.002 2.990 2.943 2.828 2.797 2.770 2.741 2.695 2.684 2.615 2.615 2.595
9.8116e-05 -2.19174 9.70000 0.9932969809 2.4715014139    0.992  0.804  3.9045  4.201    1  0.000  0.532     0.00     0.00     0.00     0.00     0.00 -1 -6.37e-13      0.00 8.123e-01 1.877e-01 1.419e-05 3.896e-06 3.554e-05 -1.000 1.311e-05 2.760 3.822 3.213 2.998 2.936 2.908 2.997 2.984 2.938 2.823 2.792 2.765 2.736 2.690 2.679 2.610 2.609 2.590
9.8116e-05 -2.19174 9.70000 0.9939846992 2.4716475013    0.993  0.809  3.9047  4.196    1  0.000  0.532     0.00     0.00     0.00     0.00     0.00 -1 -6.48e-13      0.00 8.122e-01 1.878e-01 1.420e-05 3.898e-06 3.555e-05 -1.000 1.180e-05 2.747 3.807 3.201 2.986 2.924 2.896 2.983 2.970 2.924 2.810 2.779 2.752 2.723 2.677 2.666 2.597 2.597 2.578
9.8116e-05 -2.19174 9.70000 0.9944670796 2.4717498315    0.993  0.813  3.9046  4.192    1  0.000  0.532     0.00     0.00     0.00     0.00     0.00 -1 -6.58e-13      0.00 8.121e-01 1.879e-01 1.420e-05 3.899e-06 3.556e-05 -1.000 1.079e-05 2.737 3.799 3.192 2.977 2.915 2.886 2.972 2.960 2.914 2.799 2.768 2.742 2.713 2.666 2.656 2.587 2.586 2.567
9.8116e-05 -2.19174 9.70000 0.9945505857 2.4717675346    0.993  0.814  3.9046  4.191    1  0.000  0.532     0.00     0.00     0.00     0.00     0.00 -1 -6.59e-13      0.00 8.121e-01 1.879e-01 1.420e-05 3.899e-06 3.556e-05 -1.000 1.070e-05 2.735 3.797 3.191 2.976 2.913 2.885 2.971 2.958 2.912 2.798 2.767 2.740 2.711 2.665 2.654 2.585 2.585 2.565
9.8116e-05 -2.19174 9.70000 0.9984523058 2.4725908925    0.997  0.842  3.9051  4.167    2  0.000  0.532     0.00     0.00     0.00     0.00     0.00 -1 -7.19e-13      0.00 8.115e-01 1.885e-01 1.424e-05 3.908e-06 3.565e-05 -1.000 2.995e-06 2.665 3.723 3.124 2.911 2.848 2.820 2.897 2.884 2.838 2.726 2.695 2.669 2.641 2.595 2.584 2.517 2.516 2.497
9.8116e-05 -2.19174 9.70000 1.0000000000 2.4729154477    0.999  0.854  3.9049  4.155    2  0.000  0.533     0.00     0.00     0.00     0.00     0.00 -1 -7.47e-13      0.00 8.113e-01 1.887e-01 1.425e-05 3.912e-06 3.568e-05 -1.000 7.451e-08 2.635 3.695 3.097 2.885 2.822 2.793 2.866 2.853 2.808 2.696 2.665 2.639 2.610 2.565 2.554 2.487 2.486 2.466
9.8116e-05 -2.19174 9.70000 1.0034146309 2.4736274332    1.002  0.881  3.9044  4.128    2  0.000  0.533     0.00     0.00     0.00     0.00     0.00 -1 -8.12e-13      0.00 8.108e-01 1.892e-01 1.428e-05 3.920e-06 3.575e-05 -1.000 7.004e-06 2.568 3.637 3.039 2.826 2.761 2.731 2.798 2.784 2.739 2.627 2.596 2.570 2.542 2.496 2.485 2.417 2.417 2.396
9.8116e-05 -2.19174 9.70000 1.0080060959 2.4745760616    1.007  0.922  3.9006  4.073    2  0.000  0.533     0.00     0.00     0.00     0.00     0.00 -1 -9.42e-13      0.00 8.102e-01 1.898e-01 1.432e-05 3.930e-06 3.584e-05 -1.000 1.633e-05 2.465 3.584 2.966 2.742 2.669 2.635 2.696 2.683 2.636 2.520 2.488 2.460 2.430 2.382 2.371 2.300 2.299 2.276
9.8116e-05 -2.19174 9.70000 1.0114428997 2.4752796512    1.010  0.958  3.8938  4.011    2  0.000  0.533     0.00     0.00     0.00     0.00     0.00 -1 -1.09e-12      0.00 8.097e-01 1.903e-01 1.435e-05 3.937e-06 3.591e-05 -1.000 2.326e-05 2.374 3.573 2.923 2.679 2.592 2.549 2.615 2.605 2.553 2.428 2.394 2.362 2.329 2.276 2.263 2.185 2.184 2.157
9.8116e-05 -2.19174 9.70000 1.0140054226 2.4758006883    1.012  0.990  3.8836  3.940    2  0.000  0.533     0.00     0.00     0.00     0.00     0.00 -1 -1.27e-12      0.00 8.093e-01 1.906e-01 1.437e-05 3.943e-06 3.596e-05 -1.000 2.848e-05 2.295 3.606 2.916 2.639 2.530 2.473 2.554 2.549 2.490 2.351 2.313 2.275 2.238 2.176 2.162 2.074 2.072 2.038
9.8116e-05 -2.19174 9.70000 1.0155103207 2.4761052698    1.014  1.012  3.8738  3.880    2  0.000  0.533     0.00     0.00     0.00     0.00     0.00 -1 -1.43e-12      0.00 8.091e-01 1.908e-01 1.438e-05 3.946e-06 3.599e-05 -1.000 3.161e-05 2.241 3.661 2.934 2.623 2.491 2.420 2.521 2.521 2.456 2.302 2.261 2.216 2.176 2.105 2.090 1.991 1.989 1.948
9.8116e-05 -2.19174 9.70000 1.0165903568 2.4763232230    1.015  1.029  3.8637  3.822    2  0.000  0.533     0.00     0.00     0.00     0.00     0.00 -1 -1.59e-12      0.00 8.090e-01 1.910e-01 1.439e-05 3.949e-06 3.601e-05 -1.000 3.378e-05 2.198 3.730 2.967 2.620 2.463 2.377 2.502 2.508 2.435 2.266 2.221 2.170 2.125 2.046 2.029 1.918 1.916 1.868
9.8116e-05 -2.19174 9.70000 1.0173783302 2.4764819016    1.016  1.043  3.8537  3.769    2  0.000  0.533     0.00     0.00     0.00     0.00     0.00 -1 -1.74e-12      0.00 8.089e-01 1.911e-01 1.439e-05 3.950e-06 3.602e-05 -1.000 3.535e-05 2.164 3.809 3.012 2.628 2.446 2.343 2.494 2.505 2.425 2.240 2.191 2.134 2.085 1.998 1.978 1.857 1.855 1.800
9.8116e-05 -2.19174 9.70000 1.0179857016 2.4766040187    1.016  1.054  3.8445  3.721    2  0.000  0.533     0.00     0.00     0.00     0.00     0.00 -1 -1.88e-12      0.00 8.088e-01 1.912e-01 1.440e-05 3.952e-06 3.603e-05 -1.000 3.657e-05 2.136 3.889 3.063 2.643 2.435 2.317 2.491 2.508 2.421 2.221 2.169 2.105 2.052 1.958 1.937 1.806 1.803 1.741
9.8116e-05 -2.19174 9.70000 1.0186188221 2.4767311345    1.017  1.066  3.8332  3.664    2  0.000  0.533     0.00     0.00     0.00     0.00     0.00 -1 -2.07e-12      0.00 8.087e-01 1.913e-01 1.441e-05 3.953e-06 3.605e-05 -1.000 3.776e-05 2.105 3.995 3.134 2.668 2.427 2.290 2.494 2.516 2.421 2.202 2.145 2.074 2.017 1.913 1.890 1.747 1.743 1.673
9.8116e-05 -2.19174 9.70000 1.0191313028 2.4768338957    1.017  1.076  3.8231  3.613    2  0.000  0.533     0.00     0.00     0.00     0.00     0.00 -1 -2.24e-12      0.00 8.086e-01 1.913e-01 1.441e-05 3.954e-06 3.606e-05 -1.000 3.883e-05 2.079 4.099 3.210 2.701 2.428 2.272 2.502 2.527 2.424 2.188 2.127 2.049 1.988 1.876 1.851 1.697 1.693 1.615
9.8116e-05 -2.19174 9.70000 1.0195953846 2.4769268496    1.018  1.086  3.8133  3.565    2  0.000  0.533     0.00     0.00     0.00     0.00     0.00 -1 -2.42e-12      0.00 8.086e-01 1.914e-01 1.441e-05 3.955e-06 3.607e-05 -1.000 3.976e-05 2.055 4.206 3.294 2.739 2.433 2.259 2.511 2.539 2.429 2.175 2.111 2.027 1.962 1.842 1.815 1.651 1.647 1.561
9.8116e-05 -2.19174 9.70000 1.0200645924 2.4770207313    1.018  1.095  3.8034  3.516    2  0.000  0.533     0.00     0.00     0.00     0.00     0.00 -1 -2.62e-12      0.00 8.085e-01 1.915e-01 1.442e-05 3.956e-06 3.607e-05 -1.000 4.072e-05 2.031 4.327 3.396 2.787 2.443 2.247 2.527 2.558 2.438 2.165 2.095 2.005 1.936 1.808 1.779 1.605 1.599 1.506
9.8116e-05 -2.19174 9.70000 1.0205512047 2.4771179906    1.019  1.105  3.7930  3.465    2  0.000  0.533     0.00     0.00     0.00     0.00     0.00 -1 -2.83e-12      0.00 8.084e-01 1.915e-01 1.442e-05 3.957e-06 3.608e-05 -1.000 4.165e-05 2.008 4.465 3.522 2.850 2.463 2.244 2.546 2.579 2.449 2.154 2.081 1.984 1.911 1.774 1.743 1.558 1.552 1.450
9.8116e-05 -2.19174 9.70000 1.0210453272 2.4772166418    1.019  1.113  3.7827  3.415    2  0.000  0.533     0.00     0.00     0.00     0.00     0.00 -1 -3.06e-12      0.00 8.084e-01 1.916e-01 1.443e-05 3.959e-06 3.609e-05 -1.000 4.266e-05 1.986 4.613 3.665 2.927 2.492 2.249 2.570 2.603 2.464 2.148 2.069 1.966 1.888 1.743 1.710 1.514 1.508 1.397
9.8116e-05 -2.19174 9.70000 1.0215597153 2.4773192225    1.020  1.121  3.7729  3.369    2  0.000  0.534     0.00     0.00     0.00     0.00     0.00 -1 -3.28e-12      0.00 7.999e-01 2.001e-01 1.490e-05 4.086e-06 3.723e-05 -1.000 4.373e-05 1.968 4.773 3.836 3.022 2.535 2.266 2.598 2.629 2.481 2.142 2.060 1.950 1.869 1.716 1.681 1.475 1.468 1.349
9.8116e-05 -2.19174 9.70000 1.0221101046 2.4774288512    1.020  1.129  3.7639  3.325    2  0.000  0.535     0.00     0.00     0.00     0.00     0.00 -1 -3.51e-12      0.00 7.857e-01 2.142e-01 1.571e-05 4.301e-06 3.914e-05 -1.000 6.321e-05 1.947 4.916 4.007 3.118 2.577 2.284 2.623 2.650 2.493 2.134 2.048 1.932 1.847 1.688 1.651 1.436 1.428 1.301
9.8116e-05 -2.19174 9.70000 1.0227982998 2.4775657376    1.021  1.146  3.7548  3.272    2  0.000  0.536     0.00     0.00     0.00     0.00     0.00 -1 -3.87e-12      0.00 7.707e-01 2.292e-01 1.657e-05 4.530e-06 4.119e-05 -1.000 9.996e-05 1.906 5.036 4.185 3.213 2.613 2.293 2.633 2.655 2.488 2.107 2.017 1.896 1.807 1.640 1.602 1.377 1.368 1.233
9.8116e-05 -2.19174 9.70000 1.0232051611 2.4776465654    1.021  1.160  3.7502  3.240    2  0.000  0.537     0.00     0.00     0.00     0.00     0.00 -1 -4.14e-12      0.00 7.652e-01 2.347e-01 1.689e-05 4.615e-06 4.195e-05 -1.000 1.000e-04 1.871 5.079 4.265 3.250 2.619 2.286 2.624 2.644 2.472 2.080 1.988 1.863 1.773 1.602 1.563 1.333 1.324 1.185
9.8116e-05 -2.19174 9.70000 1.0235835314 2.4777216668    1.022  1.180  3.7473  3.208    3  0.000  0.537     0.00     0.00     0.00     0.00     0.00 -1 -4.51e-12      0.00 7.630e-01 2.369e-01 1.701e-05 4.649e-06 4.225e-05 -1.000 9.997e-05 1.820 5.076 4.296 3.250 2.598 2.256 2.591 2.608 2.433 2.034 1.941 1.814 1.723 1.550 1.509 1.277 1.267 1.126
9.8116e-05 -2.19174 9.70000 1.0242295265 2.4778497406    1.022  1.222  3.7432  3.150    3  0.000  0.537     0.00     0.00     0.00     0.00     0.00 -1 -5.27e-12      0.00 7.603e-01 2.396e-01 1.715e-05 4.687e-06 4.259e-05 -1.000 1.000e-04 1.715 5.037 4.307 3.219 2.536 2.182 2.512 2.526 2.346 1.937 1.842 1.712 1.619 1.443 1.402 1.165 1.155 1.009
9.8116e-05 -2.19174 9.70000 1.0247602463 2.4779548212    1.023  1.262  3.7406  3.100    3  0.000  0.537     0.00     0.00     0.00     0.00     0.00 -1 -6.11e-12      0.00 7.585e-01 2.414e-01 1.723e-05 4.707e-06 4.276e-05 -1.000 1.000e-04 1.615 4.978 4.279 3.164 2.463 2.102 2.428 2.439 2.257 1.842 1.745 1.614 1.520 1.342 1.300 1.060 1.050 0.903
9.8116e-05 -2.19174 9.70000 1.0252808332 2.4780577739    1.023  1.304  3.7384  3.050    3  0.000  0.537     0.00     0.00     0.00     0.00     0.00 -1 -7.14e-12      0.00 7.569e-01 2.430e-01 1.728e-05 4.721e-06 4.290e-05 -1.000 9.999e-05 1.510 4.903 4.239 3.101 2.384 2.016 2.337 2.346 2.161 1.741 1.643 1.511 1.416 1.236 1.194 0.952 0.941 0.792
9.8116e-05 -2.19174 9.70000 1.0257922411 2.4781587945    1.024  1.348  3.7365  2.998    3  0.000  0.537     0.00     0.00     0.00     0.00     0.00 -1 -8.36e-12      0.00 7.553e-01 2.446e-01 1.730e-05 4.735e-06 4.299e-05 -1.000 9.997e-05 1.400 4.819 4.188 3.030 2.298 1.925 2.240 2.246 2.060 1.635 1.537 1.403 1.308 1.127 1.084 0.840 0.829 0.678
9.8116e-05 -2.19174 9.70000 1.0262740850 2.4782538692    1.024  1.391  3.7347  2.948    3  0.000  0.535     0.00     0.00     0.00     0.00     0.00 -1  -9.8e-12      0.00 7.537e-01 2.462e-01 1.728e-05 4.760e-06 4.308e-05 -1.000 9.999e-05 1.292 4.736 4.139 2.961 2.213 1.836 2.143 2.147 1.959 1.530 1.431 1.296 1.200 1.018 0.975 0.729 0.718 0.565
9.8116e-05 -2.19174 9.70000 1.0267413855 2.4783459762    1.024  1.436  3.7331  2.897    3  0.000  0.529     0.00     0.00     0.00     0.00     0.00 -1 -1.15e-11      0.00 7.519e-01 2.480e-01 1.712e-05 4.866e-06 4.315e-05 -1.000 1.000e-04 1.181 4.648 4.080 2.885 2.124 1.742 2.042 2.044 1.854 1.422 1.322 1.186 1.090 0.906 0.863 0.616 0.605 0.450
9.8116e-05 -2.19174 9.70000 1.0271763802 2.4784316290    1.025  1.479  3.7315  2.848    3  0.000  0.519     0.00     0.00     0.00     0.00     0.00 -1 -1.34e-11      0.00 7.503e-01 2.496e-01 1.681e-05 5.153e-06 4.320e-05 -1.000 9.993e-05 1.072 4.561 4.020 2.809 2.036 1.649 1.943 1.943 1.752 1.316 1.216 1.079 0.983 0.798 0.754 0.505 0.494 0.337
9.8116e-05 -2.19174 9.70000 1.0275820494 2.4785114323    1.025  1.522  3.7300  2.799    3  0.000  0.505     0.00     0.00     0.00     0.00     0.00 -1 -1.57e-11      0.00 7.488e-01 2.511e-01 1.638e-05 5.633e-06 4.323e-05 -1.000 1.000e-04 0.965 4.476 3.963 2.734 1.949 1.558 1.846 1.844 1.651 1.212 1.111 0.974 0.876 0.690 0.646 0.396 0.384 0.227
9.8116e-05 -2.19174 9.70000 1.0279870033 2.4785910227    1.025  1.567  3.7284  2.747    3  0.000  0.490     0.00     0.00     0.00     0.00     0.00 -1 -1.84e-11      0.00 7.471e-01 2.528e-01 1.590e-05 6.220e-06 4.328e-05 -1.000 9.999e-05 0.852 4.381 3.903 2.657 1.858 1.463 1.743 1.739 1.544 1.101 1.001 0.862 0.764 0.577 0.533 0.280 0.269 0.110
9.8116e-05 -2.19174 9.70000 1.0283565521 2.4786635916    1.026  1.612  3.7270  2.697    3  0.000  0.477     0.00     0.00     0.00     0.00     0.00 -1 -2.16e-11      0.00 7.457e-01 2.542e-01 1.550e-05 6.718e-06 4.330e-05 -1.000 9.999e-05 0.741 4.288 3.843 2.580 1.768 1.369 1.643 1.636 1.440 0.994 0.892 0.753 0.655 0.466 0.422 0.168 0.156 -0.004
9.8116e-05 -2.19174 9.70000 1.0287004709 2.4787310736    1.026  1.656  3.7254  2.647    3  0.000  0.468     0.00     0.00     0.00     0.00     0.00 -1 -2.53e-11      0.00 7.445e-01 2.554e-01 1.520e-05 7.088e-06 4.332e-05 -1.000 9.999e-05 0.631 4.197 3.788 2.506 1.680 1.276 1.544 1.535 1.337 0.887 0.785 0.644 0.546 0.356 0.311 0.056 0.044 -0.118
9.8116e-05 -2.19174 9.70000 1.0290199518 2.4787937141    1.026  1.699  3.7238  2.597    3  0.000  0.461     0.00     0.00     0.00     0.00     0.00 -1 -2.97e-11      0.00 7.435e-01 2.564e-01 1.497e-05 7.380e-06 4.334e-05 -1.000 1.000e-04 0.522 4.106 3.730 2.430 1.592 1.183 1.445 1.434 1.234 0.781 0.678 0.537 0.438 0.247 0.202 -0.055 -0.067 -0.231
9.8116e-05 -2.19174 9.70000 1.0293215513 2.4788528075    1.026  1.744  3.7223  2.547    3  0.000  0.455     0.00     0.00     0.00     0.00     0.00 -1 -3.48e-11      0.00 7.426e-01 2.573e-01 1.479e-05 7.616e-06 4.336e-05 -1.000 9.996e-05 0.411 4.013 3.669 2.352 1.501 1.088 1.344 1.331 1.130 0.673 0.570 0.427 0.328 0.136 0.090 -0.168 -0.180 -0.345
9.8116e-05 -2.19174 9.70000 1.0296028852 2.4789078944    1.026  1.788  3.7207  2.496    3  0.000  0.451     0.00     0.00     0.00     0.00     0.00 -1 -4.09e-11      0.00 7.419e-01 2.580e-01 1.466e-05 7.773e-06 4.337e-05 -1.000 1.000e-04 0.299 3.922 3.614 2.277 1.412 0.994 1.244 1.229 1.026 0.565 0.462 0.318 0.218 0.025 -0.021 -0.281 -0.293 -0.460
9.8116e-05 -2.19174 9.70000 1.0298649073 2.4789591687    1.026  1.833  3.7190  2.444    3  0.000  0.448     0.00     0.00     0.00     0.00     0.00 -1 -4.81e-11      0.00 7.413e-01 2.586e-01 1.456e-05 7.902e-06 4.337e-05 -1.000 9.996e-05 0.188 3.833 3.579 2.217 1.331 0.906 1.146 1.128 0.923 0.457 0.353 0.208 0.108 -0.087 -0.133 -0.395 -0.407 -0.575
9.8116e-05 -2.19174 9.70000 1.0301023722 2.4790056116    1.026  1.876  3.7175  2.395    3  0.000  0.446     0.00     0.00     0.00     0.00     0.00 -1 -5.63e-11      0.00 7.410e-01 2.589e-01 1.450e-05 7.984e-06 4.338e-05 -1.000 9.996e-05 0.079 3.744 3.543 2.156 1.251 0.821 1.050 1.029 0.822 0.352 0.247 0.101 -0.000 -0.196 -0.242 -0.506 -0.518 -0.688
9.8116e-05 -2.19174 9.70000 1.0303261280 2.4790493508    1.026  1.921  3.7158  2.344    3  0.000  0.444     0.00     0.00     0.00     0.00     0.00 -1  -6.6e-11      0.00 7.407e-01 2.592e-01 1.445e-05 8.040e-06 4.338e-05 -1.000 9.996e-05 -0.031 3.655 3.513 2.099 1.172 0.735 0.954 0.930 0.720 0.245 0.140 -0.007 -0.109 -0.306 -0.353 -0.618 -0.631 -0.802
9.8116e-05 -2.19174 9.70000 1.0305321217 2.4790895986    1.026  1.964  3.7141  2.293    3  0.000  0.444     0.00     0.00     0.00     0.00     0.00 -1 -7.74e-11      0.00 7.406e-01 2.593e-01 1.443e-05 8.069e-06 4.338e-05 -1.000 1.000e-04 -0.141 3.567 3.484 2.043 1.094 0.651 0.860 0.832 0.620 0.140 0.033 -0.115 -0.217 -0.416 -0.463 -0.730 -0.743 -0.916
9.8116e-05 -2.19174 9.70000 1.0307250023 2.4791272675    1.026  2.009  3.7125  2.242    3  0.000  0.443     0.00     0.00     0.00     0.00     0.00 -1  -9.1e-11      0.00 7.405e-01 2.594e-01 1.442e-05 8.083e-06 4.338e-05 -1.000 9.996e-05 -0.252 3.476 3.451 1.983 1.013 0.564 0.763 0.731 0.517 0.032 -0.075 -0.224 -0.327 -0.527 -0.575 -0.844 -0.857 -1.031
9.8116e-05 -2.19174 9.70000 1.0308957100 2.4791605926    1.026  2.052  3.7109  2.193    3  0.000  0.443     0.00     0.00     0.00     0.00     0.00 -1 -1.06e-10      0.00 7.405e-01 2.594e-01 1.442e-05 8.086e-06 4.338e-05 -1.000 1.000e-04 -0.359 3.389 3.424 1.929 0.938 0.481 0.671 0.636 0.419 -0.070 -0.178 -0.329 -0.432 -0.633 -0.682 -0.952 -0.966 -1.142
9.8116e-05 -2.19174 9.70000 1.0310621262 2.4791930678    1.026  2.096  3.7091  2.141    3  0.000  0.443     0.00     0.00     0.00     0.00     0.00 -1 -1.25e-10      0.00 7.405e-01 2.594e-01 1.442e-05 8.088e-06 4.339e-05 -1.000 9.996e-05 -0.470 3.298 3.402 1.876 0.861 0.397 0.577 0.538 0.318 -0.177 -0.285 -0.437 -0.542 -0.744 -0.793 -1.066 -1.079 -1.257
9.8116e-05 -2.19174 9.70000 1.0312122107 2.4792223455    1.026  2.140  3.7075  2.091    3  0.000  0.443     0.00     0.00     0.00     0.00     0.00 -1 -1.46e-10      0.00 7.405e-01 2.594e-01 1.442e-05 8.090e-06 4.339e-05 -1.000 1.000e-04 -0.580 3.206 3.377 1.823 0.784 0.314 0.484 0.442 0.219 -0.281 -0.391 -0.544 -0.649 -0.853 -0.902 -1.177 -1.190 -1.370
9.8116e-05 -2.19174 9.70000 1.0313550234 2.4792501956    1.025  2.185  3.7056  2.039    3  0.000  0.443     0.00     0.00     0.00     0.00     0.00 -1 -1.73e-10      0.00 7.405e-01 2.594e-01 1.442e-05 8.093e-06 4.339e-05 -1.000 1.001e-04 -0.692 3.113 3.360 1.773 0.708 0.231 0.390 0.344 0.118 -0.388 -0.499 -0.653 -0.759 -0.965 -1.014 -1.291 -1.305 -1.486
9.8116e-05 -2.19174 9.70000 1.0314822197 2.4792749929    1.025  2.228  3.7039  1.989    3  0.000  0.443     0.00     0.00     0.00     0.00     0.00 -1 -2.02e-10      0.00 7.405e-01 2.594e-01 1.442e-05 8.095e-06 4.339e-05 -1.000 1.000e-04 -0.799 3.024 3.347 1.728 0.637 0.152 0.301 0.250 0.021 -0.491 -0.602 -0.758 -0.865 -1.071 -1.121 -1.400 -1.414 -1.597
9.8116e-05 -2.19174 9.70000 1.0316053629 2.4792989933    1.025  2.272  3.7021  1.937    3  0.000  0.443     0.00     0.00     0.00     0.00     0.00 -1 -2.38e-10      0.00 7.405e-01 2.594e-01 1.441e-05 8.097e-06 4.339e-05 -1.000 9.996e-05 -0.911 2.931 3.337 1.685 0.566 0.073 0.207 0.153 -0.080 -0.598 -0.710 -0.867 -0.975 -1.183 -1.234 -1.514 -1.529 -1.714
9.8116e-05 -2.19174 9.70000 1.0317173004 2.4793208040    1.024  2.316  3.7003  1.886    3  0.000  0.443     0.00     0.00     0.00     0.00     0.00 -1 -2.79e-10      0.00 7.405e-01 2.594e-01 1.441e-05 8.098e-06 4.339e-05 -1.000 9.996e-05 -1.020 2.842 3.337 1.650 0.500 -0.002 0.119 0.059 -0.177 -0.701 -0.815 -0.973 -1.082 -1.292 -1.343 -1.625 -1.640 -1.827
9.8116e-05 -2.19174 9.70000 1.0318261385 2.4793420056    1.024  2.360  3.6984  1.834    3  0.000  0.443     0.00     0.00     0.00     0.00     0.00 -1 -3.28e-10      0.00 7.405e-01 2.594e-01 1.441e-05 8.100e-06 4.339e-05 -1.000 1.000e-04 -1.131 2.749 3.340 1.617 0.435 -0.075 0.030 -0.035 -0.275 -0.806 -0.921 -1.081 -1.190 -1.402 -1.453 -1.738 -1.753 -1.942
9.8116e-05 -2.19174 9.70000 1.0319408178 2.4793643395    1.023  2.404  3.6968  1.784    3  0.000  0.443     0.00     0.00     0.00     0.00     0.00 -1 -3.84e-10      0.00 7.405e-01 2.594e-01 1.441e-05 8.102e-06 4.339e-05 -1.000 9.999e-05 -1.239 2.656 3.334 1.580 0.368 -0.150 -0.059 -0.128 -0.371 -0.909 -1.025 -1.186 -1.296 -1.509 -1.561 -1.848 -1.863 -2.054
9.8116e-05 -2.19174 9.70000 1.0320175886 2.4793792875    1.023  2.422  3.6960  1.762    3  0.000  0.443     0.00     0.00     0.00     0.00     0.00 -1 -4.13e-10      0.00 7.405e-01 2.594e-01 1.441e-05 8.103e-06 4.339e-05 -1.000 9.999e-05 -1.285 2.617 3.337 1.567 0.342 -0.180 -0.096 -0.167 -0.412 -0.953 -1.069 -1.231 -1.341 -1.555 -1.607 -1.895 -1.910 -2.102
9.8116e-05 -2.19174 9.70000 1.0321016312 2.4793956484    1.023  2.387  3.6977  1.804    3  0.000  0.443     0.00     0.00     0.00     0.00     0.00 -1 -3.67e-10      0.00 7.405e-01 2.594e-01 1.441e-05 8.104e-06 4.339e-05 -1.000 9.996e-05 -1.196 2.690 3.323 1.585 0.389 -0.125 -0.027 -0.094 -0.335 -0.870 -0.984 -1.145 -1.255 -1.467 -1.519 -1.805 -1.820 -2.009
9.8116e-05 -2.19174 9.70000 1.0321116447 2.4793975976    1.023  2.381  3.6979  1.810    3  0.000  0.443     0.00     0.00     0.00     0.00     0.00 -1  -3.6e-10      0.00 7.405e-01 2.594e-01 1.441e-05 8.104e-06 4.339e-05 -1.000 1.000e-04 -1.184 2.701 3.321 1.588 0.396 -0.116 -0.017 -0.084 -0.324 -0.858 -0.972 -1.133 -1.243 -1.455 -1.506 -1.792 -1.807 -1.996
9.8116e-05 -2.19174 9.70000 1.0321754217 2.4794100110    1.022  2.416  3.6965  1.770    3  0.000  0.443     0.00     0.00     0.00     0.00     0.00 -1 -4.04e-10      0.00 7.405e-01 2.594e-01 1.441e-05 8.105e-06 4.339e-05 -1.000 9.996e-05 -1.269 2.629 3.324 1.564 0.346 -0.173 -0.086 -0.156 -0.400 -0.939 -1.054 -1.216 -1.326 -1.539 -1.591 -1.878 -1.894 -2.084
9.8116e-05 -2.19174 9.70000 1.0322498083 2.4794244872    1.022  2.456  3.6947  1.722    3  0.000  0.443     0.00     0.00     0.00     0.00     0.00 -1 -4.66e-10      0.00 7.405e-01 2.594e-01 1.441e-05 8.106e-06 4.339e-05 -1.000 9.999e-05 -1.370 2.544 3.330 1.537 0.289 -0.238 -0.165 -0.240 -0.488 -1.033 -1.150 -1.313 -1.424 -1.639 -1.692 -1.981 -1.996 -2.189
9.8116e-05 -2.19174 9.70000 1.0323200226 2.4794381493    1.021  2.495  3.6931  1.676    3  0.000  0.443     0.00     0.00     0.00     0.00     0.00 -1 -5.39e-10      0.00 7.405e-01 2.594e-01 1.441e-05 8.108e-06 4.339e-05 -1.000 9.996e-05 -1.468 2.459 3.334 1.509 0.231 -0.303 -0.244 -0.324 -0.574 -1.127 -1.244 -1.409 -1.520 -1.737 -1.790 -2.081 -2.097 -2.291
9.8116e-05 -2.19174 9.70000 1.0323876143 2.4794512990    1.021  2.536  3.6913  1.629    3  0.000  0.443     5.60     4.51     3.25     2.48     2.01  4 -6.25e-10      0.00 7.405e-01 2.594e-01 1.440e-05 8.109e-06 4.339e-05 -1.000 9.999e-05 -1.569 2.374 3.339 1.482 0.173 -0.369 -0.323 -0.408 -0.663 -1.222 -1.340 -1.506 -1.619 -1.837 -1.890 -2.184 -2.199 -2.396
9.8116e-05 -2.19174 9.70000 1.0324480534 2.4794630556    1.020  2.574  3.6896  1.583    3  0.000  0.443     6.15     4.89     3.51     2.68     2.17  4 -7.19e-10      0.00 7.405e-01 2.594e-01 1.440e-05 8.110e-06 4.339e-05 -1.000 1.000e-04 -1.664 2.292 3.349 1.460 0.120 -0.430 -0.397 -0.487 -0.745 -1.311 -1.430 -1.598 -1.711 -1.931 -1.985 -2.281 -2.296 -2.494
9.8116e-05 -2.19174 9.70000 1.0325062275 2.4794743701    1.019  2.613  3.6879  1.537    3  0.000  0.443     6.77     5.31     3.80     2.91     2.36  4  -8.3e-10      0.00 7.405e-01 2.594e-01 1.440e-05 8.110e-06 4.339e-05 -1.000 9.999e-05 -1.762 2.208 3.362 1.442 0.069 -0.489 -0.471 -0.566 -0.828 -1.401 -1.521 -1.691 -1.805 -2.027 -2.081 -2.379 -2.395 -2.595
9.8116e-05 -2.19174 9.70000 1.0325596333 2.4794847558    1.019  2.651  3.6862  1.492    3  0.000  0.443     7.43     5.76     4.11     3.15     2.55  4 -9.55e-10      0.00 7.405e-01 2.594e-01 1.440e-05 8.111e-06 4.339e-05 -1.000 9.996e-05 -1.856 2.126 3.377 1.426 0.020 -0.545 -0.542 -0.642 -0.909 -1.489 -1.610 -1.782 -1.897 -2.120 -2.175 -2.475 -2.491 -2.693
9.8116e-05 -2.19174 9.70000 1.0326099396 2.4794945377    1.018  2.689  3.6844  1.447    3  0.000  0.443     8.16     6.25     4.44     3.41     2.76  4  -1.1e-09      0.00 7.405e-01 2.594e-01 1.440e-05 8.112e-06 4.339e-05 -1.000 1.000e-04 -1.951 2.046 3.377 1.433 -0.007 -0.582 -0.602 -0.712 -0.986 -1.577 -1.700 -1.873 -1.990 -2.215 -2.270 -2.573 -2.589 -2.793
9.8116e-05 -2.19174 9.70000 1.0326572657 2.4795037391    1.017  2.727  3.6828  1.402    3  0.000  0.443     8.96     6.78     4.80     3.69     2.99  3 -1.27e-09      0.00 7.405e-01 2.594e-01 1.440e-05 8.113e-06 4.339e-05 -1.000 1.000e-04 -2.047 1.964 3.370 1.445 -0.028 -0.611 -0.659 -0.780 -1.062 -1.666 -1.790 -1.966 -2.083 -2.311 -2.367 -2.671 -2.688 -2.893
9.8116e-05 -2.19174 9.70000 1.0326994658 2.4795119431    1.016  2.763  3.6810  1.358    3  0.000  0.443     9.81     7.34     5.17     3.98     3.23  3 -1.45e-09      0.00 7.405e-01 2.594e-01 1.440e-05 8.113e-06 4.339e-05 -1.000 9.996e-05 -2.137 1.889 3.373 1.470 -0.039 -0.631 -0.707 -0.840 -1.130 -1.749 -1.875 -2.053 -2.172 -2.401 -2.458 -2.765 -2.782 -2.989
9.8116e-05 -2.19174 9.70000 1.0327410698 2.4795200304    1.015  2.801  3.6792  1.312    3  0.000  0.443    10.79     7.97     5.59     4.31     3.50  3 -1.67e-09      0.00 7.404e-01 2.595e-01 1.440e-05 8.114e-06 4.339e-05 -1.000 1.000e-04 -2.232 1.809 3.379 1.500 -0.047 -0.649 -0.755 -0.901 -1.201 -1.835 -1.963 -2.144 -2.264 -2.497 -2.554 -2.863 -2.880 -3.090
9.8116e-05 -2.19174 9.70000 1.0327777863 2.4795271670    1.014  2.836  3.6776  1.270    3  0.000  0.443    11.78     8.60     6.02     4.64     3.77  3  -1.9e-09      0.00 7.404e-01 2.595e-01 1.440e-05 8.115e-06 4.339e-05 -1.000 1.000e-04 -2.321 1.734 3.387 1.533 -0.052 -0.661 -0.796 -0.955 -1.266 -1.915 -2.045 -2.228 -2.350 -2.585 -2.643 -2.955 -2.972 -3.183
9.8116e-05 -2.19174 9.70000 1.0328129530 2.4795340019    1.013  2.872  3.6758  1.226    3  0.000  0.443    12.90     9.30     6.49     5.01     4.06  3 -2.18e-09      0.00 7.404e-01 2.595e-01 1.440e-05 8.115e-06 4.339e-05 -1.000 1.000e-04 -2.411 1.659 3.404 1.576 -0.050 -0.666 -0.833 -1.007 -1.329 -1.994 -2.127 -2.313 -2.437 -2.675 -2.733 -3.048 -3.065 -3.279
9.8116e-05 -2.19174 9.70000 1.0328452587 2.4795402802    1.012  2.907  3.6741  1.184    3  0.000  0.442    14.08    10.04     6.98     5.39     4.38  3 -2.48e-09      0.00 7.404e-01 2.595e-01 1.440e-05 8.116e-06 4.339e-05 -1.000 9.999e-05 -2.498 1.587 3.427 1.624 -0.043 -0.666 -0.864 -1.053 -1.387 -2.071 -2.206 -2.395 -2.521 -2.761 -2.820 -3.138 -3.156 -3.371
9.8116e-05 -2.19174 9.70000 1.0328756571 2.4795461874    1.010  2.942  3.6724  1.142    3  0.000  0.442    15.37    10.83     7.50     5.80     4.71  3 -2.83e-09      0.00 7.404e-01 2.595e-01 1.440e-05 8.116e-06 4.339e-05 -1.000 9.996e-05 -2.585 1.515 3.452 1.674 -0.034 -0.663 -0.894 -1.098 -1.444 -2.146 -2.284 -2.477 -2.604 -2.847 -2.907 -3.228 -3.246 -3.464
9.8116e-05 -2.19174 9.70000 1.0329043865 2.4795517700    1.009  2.977  3.6706  1.100    3  0.000  0.442    16.78    11.69     8.07     6.25     5.07  3 -3.22e-09      0.00 7.404e-01 2.595e-01 1.440e-05 8.117e-06 4.339e-05 -1.000 9.996e-05 -2.671 1.444 3.486 1.736 -0.017 -0.653 -0.916 -1.138 -1.498 -2.220 -2.361 -2.557 -2.686 -2.933 -2.994 -3.318 -3.336 -3.556
9.8116e-05 -2.19174 9.70000 1.0329307318 2.4795568889    1.008  3.010  3.6689  1.059    3  0.000  0.442    18.26    12.58     8.65     6.71     5.45  2 -3.66e-09      0.00 7.404e-01 2.595e-01 1.440e-05 8.117e-06 4.339e-05 -1.000 9.996e-05 -2.755 1.375 3.519 1.796 0.001 -0.640 -0.937 -1.175 -1.548 -2.291 -2.435 -2.634 -2.766 -3.016 -3.077 -3.404 -3.423 -3.645
9.8116e-05 -2.19174 9.70000 1.0329558849 2.4795617760    1.006  3.044  3.6672  1.017    3  0.000  0.442    19.90    13.55     9.29     7.21     5.86  2 -4.16e-09      0.00 7.404e-01 2.595e-01 1.440e-05 8.117e-06 4.339e-05 -1.000 9.999e-05 -2.840 1.305 3.557 1.865 0.026 -0.621 -0.952 -1.209 -1.597 -2.361 -2.508 -2.711 -2.845 -3.099 -3.161 -3.492 -3.511 -3.735
9.8116e-05 -2.19174 9.70000 1.0329843760 2.4795673112    1.004  3.085  3.6651  0.967    3  0.000  0.442    22.08    14.83    10.12     7.87     6.39  2 -4.85e-09      0.00 7.404e-01 2.595e-01 1.440e-05 8.118e-06 4.339e-05 -1.000 1.000e-04 -2.941 1.223 3.610 1.961 0.067 -0.586 -0.959 -1.239 -1.648 -2.443 -2.593 -2.802 -2.939 -3.198 -3.260 -3.596 -3.616 -3.843
9.8116e-05 -2.19174 9.70000 1.0330063105 2.4795715724    1.002  3.117  3.6634  0.927    3  0.000  0.442    23.99    15.93    10.84     8.44     6.86  2 -5.49e-09      0.00 7.404e-01 2.595e-01 1.440e-05 8.118e-06 4.339e-05 -1.000 1.000e-04 -3.023 1.156 3.653 2.040 0.103 -0.555 -0.959 -1.259 -1.686 -2.506 -2.660 -2.874 -3.014 -3.277 -3.341 -3.681 -3.700 -3.931
9.8116e-05 -2.19174 9.70000 1.0330312252 2.4795764123    1.000  3.156  3.6613  0.879    3  0.000  0.442    26.49    17.37    11.77     9.17     7.46  2 -6.35e-09      0.00 7.404e-01 2.595e-01 1.440e-05 8.119e-06 4.339e-05 -1.000 9.993e-05 -3.119 1.078 3.715 2.150 0.158 -0.505 -0.948 -1.273 -1.724 -2.578 -2.737 -2.958 -3.101 -3.370 -3.435 -3.780 -3.800 -4.034
9.8116e-05 -2.19174 9.70000 1.0330545902 2.4795809509    0.997  3.192  3.6593  0.833    3  0.000  0.442    29.13    18.85    12.73     9.94     8.08  2 -7.31e-09      0.00 7.404e-01 2.595e-01 1.440e-05 8.119e-06 4.339e-05 -1.000 9.996e-05 -3.211 1.004 3.775 2.259 0.216 -0.453 -0.931 -1.281 -1.756 -2.645 -2.809 -3.036 -3.182 -3.457 -3.524 -3.875 -3.895 -4.133
9.8116e-05 -2.19174 9.70000 1.0330669880 2.4795833591    0.996  3.211  3.6582  0.810    3  0.000  0.442    30.59    19.67    13.25    10.35     8.41  2 -7.87e-09      0.00 7.404e-01 2.595e-01 1.440e-05 8.119e-06 4.339e-05 -1.000 9.996e-05 -3.258 0.967 3.806 2.319 0.248 -0.422 -0.919 -1.282 -1.770 -2.678 -2.844 -3.075 -3.223 -3.502 -3.569 -3.923 -3.944 -4.183
9.8116e-05 -2.19174 9.70000 1.0330669880 2.4795833591    0.996  1.839  3.7798  2.668    4  0.000  0.457     0.00     0.00     0.00     0.00     0.00 -1    -1e-30      0.00 7.423e-01 2.576e-01 1.483e-05 7.539e-06 4.330e-05 -1.000 1.000e-04 0.173 2.958 2.072 1.296 0.821 0.565 0.739 0.754 0.620 0.310 0.233 0.131 0.055 -0.088 -0.121 -0.315 -0.323 -0.437
9.8116e-05 -2.19174 9.70000 1.0332142115 2.4796119508    0.996  1.855  3.7731  2.625    4  0.000  0.457     0.00     0.00     0.00     0.00     0.00 -1    -1e-30      0.00 7.423e-01 2.576e-01 1.483e-05 7.541e-06 4.330e-05 -1.000 1.000e-04 0.132 3.024 2.151 1.325 0.817 0.548 0.735 0.749 0.607 0.282 0.203 0.096 0.017 -0.132 -0.166 -0.368 -0.376 -0.495
9.8116e-05 -2.19174 9.70000 1.0333578587 2.4796398389    0.996  1.859  3.7717  2.616    4  0.000  0.457     0.00     0.00     0.00     0.00     0.00 -1    -1e-30      0.00 7.423e-01 2.576e-01 1.483e-05 7.544e-06 4.330e-05 -1.000 1.000e-04 0.121 3.036 2.164 1.328 0.814 0.542 0.731 0.745 0.602 0.274 0.194 0.086 0.007 -0.143 -0.178 -0.381 -0.389 -0.510
9.8116e-05 -2.19174 9.70000 1.0335046053 2.4796683196    0.996  1.862  3.7713  2.611    4  0.000  0.457     0.00     0.00     0.00     0.00     0.00 -1    -1e-30      0.00 7.423e-01 2.576e-01 1.483e-05 7.546e-06 4.330e-05 -1.000 1.000e-04 0.115 3.035 2.165 1.326 0.810 0.537 0.727 0.740 0.597 0.268 0.187 0.080 -0.000 -0.150 -0.185 -0.389 -0.397 -0.518
9.8116e-05 -2.19174 9.70000 1.0336509943 2.4796967216    0.996  1.864  3.7713  2.609    4  0.000  0.457     0.00     0.00     0.00     0.00     0.00 -1    -1e-30      0.00 7.423e-01 2.576e-01 1.483e-05 7.549e-06 4.330e-05 -1.000 1.000e-04 0.109 3.029 2.159 1.320 0.804 0.531 0.721 0.734 0.591 0.262 0.182 0.074 -0.006 -0.156 -0.191 -0.394 -0.402 -0.523
9.8116e-05 -2.19174 9.70000 1.0337995291 2.4797255305    0.997  1.866  3.7718  2.609    4  0.000  0.457     0.00     0.00     0.00     0.00     0.00 -1    -1e-30      0.00 7.422e-01 2.577e-01 1.483e-05 7.551e-06 4.330e-05 -1.000 1.000e-04 0.104 3.017 2.146 1.311 0.797 0.525 0.713 0.727 0.584 0.256 0.176 0.069 -0.011 -0.161 -0.195 -0.398 -0.406 -0.527
9.8116e-05 -2.19174 9.70000 1.0339456797 2.4797538676    0.997  1.868  3.7727  2.612    4  0.000  0.456     0.00     0.00     0.00     0.00     0.00 -1    -1e-30      0.00 7.422e-01 2.577e-01 1.482e-05 7.554e-06 4.330e-05 -1.000 9.999e-05 0.100 2.999 2.128 1.299 0.790 0.519 0.704 0.718 0.576 0.251 0.171 0.064 -0.015 -0.164 -0.198 -0.400 -0.408 -0.528
9.8116e-05 -2.19174 9.70000 1.0340923071 2.4797822880    0.997  1.869  3.7740  2.616    4  0.000  0.456     0.00     0.00     0.00     0.00     0.00 -1    -1e-30      0.00 7.422e-01 2.577e-01 1.482e-05 7.556e-06 4.330e-05 -1.000 1.000e-04 0.097 2.977 2.104 1.284 0.780 0.513 0.694 0.708 0.568 0.245 0.166 0.060 -0.019 -0.167 -0.200 -0.401 -0.409 -0.528
9.8116e-05 -2.19174 9.70000 1.0342422724 2.4798113457    0.997  1.870  3.7757  2.622    4  0.000  0.456     0.00     0.00     0.00     0.00     0.00 -1    -1e-30      0.00 7.422e-01 2.577e-01 1.482e-05 7.559e-06 4.330e-05 -1.000 1.000e-04 0.095 2.949 2.074 1.266 0.770 0.505 0.682 0.697 0.558 0.239 0.161 0.056 -0.022 -0.168 -0.202 -0.401 -0.408 -0.526
9.8116e-05 -2.19174 9.70000 1.0343898535 2.4798399320    0.997  1.871  3.7776  2.628    4  0.000  0.456     0.00     0.00     0.00     0.00     0.00 -1    -1e-30      0.00 7.422e-01 2.577e-01 1.482e-05 7.561e-06 4.330e-05 -1.000 9.999e-05 0.093 2.918 2.040 1.246 0.758 0.498 0.670 0.684 0.548 0.233 0.156 0.052 -0.025 -0.170 -0.203 -0.399 -0.407 -0.523
9.8116e-05 -2.19174 9.70000 1.0345337391 2.4798677935    0.997  1.872  3.7796  2.636    4  0.000  0.456     0.00     0.00     0.00     0.00     0.00 -1    -1e-30      0.00 7.422e-01 2.577e-01 1.482e-05 7.564e-06 4.330e-05 -1.000 9.999e-05 0.091 2.885 2.004 1.225 0.746 0.490 0.657 0.672 0.537 0.227 0.151 0.049 -0.028 -0.171 -0.203 -0.398 -0.405 -0.520
9.8116e-05 -2.19174 9.70000 1.0346721411 2.4798945847    0.998  1.872  3.7817  2.643    4  0.000  0.456     0.00     0.00     0.00     0.00     0.00 -1    -1e-30      0.00 7.422e-01 2.577e-01 1.481e-05 7.566e-06 4.330e-05 -1.000 1.000e-04 0.089 2.856 1.973 1.207 0.737 0.485 0.644 0.659 0.526 0.221 0.146 0.045 -0.030 -0.172 -0.204 -0.396 -0.403 -0.516
9.8116e-05 -2.19174 9.70000 1.0348266363 2.4799244814    0.998  1.873  3.7839  2.652    4  0.000  0.456     0.00     0.00     0.00     0.00     0.00 -1    -1e-30      0.00 7.422e-01 2.577e-01 1.481e-05 7.569e-06 4.330e-05 -1.000 1.000e-04 0.087 2.823 1.941 1.188 0.727 0.480 0.631 0.645 0.514 0.215 0.140 0.041 -0.034 -0.173 -0.205 -0.394 -0.401 -0.512
9.8116e-05 -2.19174 9.70000 1.0349732637 2.4799528462    0.998  1.874  3.7860  2.659    4  0.000  0.456     0.00     0.00     0.00     0.00     0.00 -1    -1e-30      0.00 7.422e-01 2.577e-01 1.481e-05 7.571e-06 4.330e-05 -1.000 1.000e-04 0.085 2.794 1.911 1.171 0.718 0.476 0.618 0.632 0.503 0.208 0.135 0.037 -0.036 -0.174 -0.205 -0.393 -0.400 -0.509
9.8116e-05 -2.19174 9.70000 1.0351169109 2.4799806254    0.998  1.875  3.7878  2.665    4  0.000  0.456     0.00     0.00     0.00     0.00     0.00 -1    -1e-30      0.00 7.422e-01 2.577e-01 1.481e-05 7.573e-06 4.330e-05 -1.000 9.999e-05 0.082 2.767 1.884 1.155 0.710 0.471 0.607 0.620 0.493 0.202 0.130 0.033 -0.039 -0.176 -0.206 -0.392 -0.398 -0.506
9.8116e-05 -2.19174 9.70000 1.0351517200 2.4799873556    0.998  1.875  3.7882  2.667    4  0.000  0.456     0.00     0.00     0.00     0.00     0.00 -1    -1e-30      0.00 7.422e-01 2.577e-01 1.481e-05 7.574e-06 4.330e-05 -1.000 1.000e-04 0.082 2.760 1.878 1.152 0.708 0.470 0.604 0.617 0.491 0.201 0.128 0.032 -0.040 -0.176 -0.207 -0.391 -0.398 -0.506
9.8116e-05 -2.19174 9.70000 1.0352669954 2.4800096401    0.998  1.876  3.7894  2.671    4  0.000  0.456     0.00     0.00     0.00     0.00     0.00 -1    -1e-30      0.00 7.422e-01 2.577e-01 1.481e-05 7.576e-06 4.330e-05 -1.000 1.000e-04 0.080 2.743 1.860 1.141 0.702 0.466 0.596 0.609 0.484 0.197 0.125 0.029 -0.043 -0.177 -0.208 -0.391 -0.398 -0.505
9.8116e-05 -2.19174 9.70000 1.0354164839 2.4800385299    0.998  1.877  3.7907  2.675    4  0.000  0.456     0.00     0.00     0.00     0.00     0.00 -1    -1e-30      0.00 7.422e-01 2.577e-01 1.481e-05 7.578e-06 4.330e-05 -1.000 1.000e-04 0.077 2.723 1.841 1.129 0.695 0.462 0.586 0.599 0.475 0.191 0.120 0.026 -0.046 -0.180 -0.210 -0.392 -0.398 -0.504
9.8116e-05 -2.19174 9.70000 1.0355706215 2.4800683082    0.999  1.879  3.7917  2.678    4  0.000  0.456     0.00     0.00     0.00     0.00     0.00 -1    -1e-30      0.00 7.422e-01 2.577e-01 1.480e-05 7.581e-06 4.331e-05 -1.000 1.000e-04 0.073 2.706 1.824 1.119 0.689 0.458 0.578 0.590 0.468 0.186 0.115 0.021 -0.050 -0.182 -0.212 -0.393 -0.400 -0.505
9.8116e-05 -2.19174 9.70000 1.0357213020 2.4800974087    0.999  1.880  3.7921  2.678    4  0.000  0.456     0.00     0.00     0.00     0.00     0.00 -1    -1e-30      0.00 7.421e-01 2.578e-01 1.480e-05 7.584e-06 4.331e-05 -1.000 1.001e-04 0.070 2.698 1.816 1.113 0.684 0.455 0.572 0.584 0.462 0.181 0.111 0.017 -0.054 -0.186 -0.216 -0.396 -0.403 -0.507
9.8116e-05 -2.19174 9.70000 1.0358675718 2.4801256481    0.999  1.882  3.7918  2.675    4  0.000  0.456     0.00     0.00     0.00     0.00     0.00 -1    -1e-30      0.00 7.421e-01 2.578e-01 1.480e-05 7.586e-06 4.331e-05 -1.000 1.000e-04 0.065 2.698 1.816 1.112 0.681 0.451 0.569 0.582 0.459 0.177 0.107 0.013 -0.058 -0.190 -0.220 -0.401 -0.408 -0.513
9.8116e-05 -2.19174 9.70000 1.0360143185 2.4801539703    0.999  1.884  3.7911  2.670    4  0.000  0.456     0.00     0.00     0.00     0.00     0.00 -1    -1e-30      0.00 7.421e-01 2.578e-01 1.480e-05 7.588e-06 4.331e-05 -1.000 9.996e-05 0.060 2.703 1.821 1.112 0.679 0.447 0.568 0.580 0.457 0.174 0.103 0.009 -0.063 -0.196 -0.226 -0.407 -0.414 -0.519
9.8116e-05 -2.19174 9.70000 1.0361588001 2.4801818464    0.999  1.886  3.7897  2.663    4  0.000  0.456     0.00     0.00     0.00     0.00     0.00 -1    -1e-30      0.00 7.421e-01 2.578e-01 1.480e-05 7.591e-06 4.331e-05 -1.000 1.000e-04 0.055 2.716 1.834 1.116 0.678 0.443 0.569 0.582 0.457 0.171 0.099 0.004 -0.068 -0.202 -0.232 -0.416 -0.422 -0.529
9.8116e-05 -2.19174 9.70000 1.0361847878 2.4801868594    0.999  1.886  3.7895  2.661    4  0.000  0.456     0.00     0.00     0.00     0.00     0.00 -1    -1e-30      0.00 7.421e-01 2.578e-01 1.480e-05 7.591e-06 4.331e-05 -1.000 9.999e-05 0.054 2.719 1.837 1.118 0.678 0.443 0.569 0.582 0.457 0.170 0.098 0.003 -0.069 -0.203 -0.234 -0.417 -0.424 -0.530
9.8116e-05 -2.19174 9.70000 1.0362993479 2.4802089549    0.999  1.888  3.7879  2.653    4  0.000  0.456     0.00     0.00     0.00     0.00     0.00 -1    -1e-30      0.00 7.421e-01 2.578e-01 1.479e-05 7.593e-06 4.331e-05 -1.000 1.000e-04 0.049 2.735 1.854 1.125 0.679 0.440 0.572 0.585 0.458 0.168 0.095 -0.001 -0.073 -0.209 -0.240 -0.425 -0.432 -0.540
9.8116e-05 -2.19174 9.70000 1.0364422798 2.4802365145    1.000  1.891  3.7856  2.641    4  0.000  0.455     0.00     0.00     0.00     0.00     0.00 -1    -1e-30      0.00 7.421e-01 2.578e-01 1.479e-05 7.596e-06 4.331e-05 -1.000 1.000e-04 0.042 2.759 1.879 1.136 0.680 0.437 0.576 0.590 0.461 0.165 0.092 -0.006 -0.080 -0.218 -0.249 -0.437 -0.444 -0.553
9.8116e-05 -2.19174 9.70000 1.0365831852 2.4802636749    1.000  1.894  3.7831  2.628    4  0.000  0.455     0.00     0.00     0.00     0.00     0.00 -1    -1e-30      0.00 7.421e-01 2.578e-01 1.479e-05 7.598e-06 4.331e-05 -1.000 1.000e-04 0.034 2.787 1.907 1.148 0.682 0.433 0.582 0.595 0.464 0.163 0.088 -0.011 -0.086 -0.226 -0.258 -0.449 -0.456 -0.567
9.8116e-05 -2.19174 9.70000 1.0367282629 2.4802916306    1.000  1.898  3.7801  2.613    4  0.000  0.455     0.00     0.00     0.00     0.00     0.00 -1    -1e-30      0.00 7.421e-01 2.578e-01 1.479e-05 7.600e-06 4.331e-05 -1.000 9.999e-05 0.026 2.818 1.939 1.162 0.684 0.429 0.588 0.602 0.468 0.160 0.084 -0.018 -0.094 -0.237 -0.269 -0.463 -0.470 -0.584
9.8116e-05 -2.19174 9.70000 1.0368716717 2.4803192559    1.000  1.902  3.7768  2.596    4  0.000  0.455     0.00     0.00     0.00     0.00     0.00 -1    -1e-30      0.00 7.421e-01 2.578e-01 1.479e-05 7.603e-06 4.331e-05 -1.000 9.999e-05 0.016 2.859 1.985 1.184 0.691 0.429 0.596 0.610 0.472 0.157 0.079 -0.025 -0.103 -0.248 -0.281 -0.478 -0.486 -0.603
9.8116e-05 -2.19174 9.70000 1.0370137691 2.4803466200    1.000  1.906  3.7735  2.578    4  0.000  0.455     0.00     0.00     0.00     0.00     0.00 -1    -1e-30      0.00 7.421e-01 2.578e-01 1.479e-05 7.605e-06 4.331e-05 -1.000 9.999e-05 0.005 2.898 2.030 1.205 0.697 0.428 0.603 0.616 0.475 0.152 0.073 -0.033 -0.112 -0.260 -0.294 -0.495 -0.503 -0.623
9.8116e-05 -2.19174 9.70000 1.0371537209 2.4803735624    1.000  1.911  3.7704  2.561    4  0.000  0.455     0.00     0.00     0.00     0.00     0.00 -1    -1e-30      0.00 7.421e-01 2.578e-01 1.478e-05 7.608e-06 4.331e-05 -1.000 9.999e-05 -0.007 2.934 2.070 1.223 0.701 0.426 0.608 0.620 0.477 0.146 0.066 -0.042 -0.122 -0.273 -0.308 -0.512 -0.520 -0.642
9.8116e-05 -2.19174 9.70000 1.0372947454 2.4804007028    1.001  1.916  3.7676  2.545    4  0.000  0.455     0.00     0.00     0.00     0.00     0.00 -1    -1e-30      0.00 7.421e-01 2.578e-01 1.478e-05 7.610e-06 4.331e-05 -1.000 1.000e-04 -0.020 2.964 2.108 1.240 0.704 0.422 0.611 0.623 0.476 0.139 0.057 -0.053 -0.134 -0.287 -0.322 -0.530 -0.538 -0.663
9.8116e-05 -2.19174 9.70000 1.0374398232 2.4804286145    1.001  1.921  3.7648  2.528    4  0.000  0.455     0.00     0.00     0.00     0.00     0.00 -1    -1e-30      0.00 7.421e-01 2.578e-01 1.478e-05 7.612e-06 4.331e-05 -1.000 1.000e-04 -0.033 2.991 2.145 1.256 0.705 0.416 0.613 0.624 0.475 0.131 0.048 -0.064 -0.146 -0.302 -0.337 -0.548 -0.557 -0.683
9.8116e-05 -2.19174 9.70000 1.0375826359 2.4804560816    1.001  1.928  3.7619  2.510    4  0.000  0.455     0.00     0.00     0.00     0.00     0.00 -1    -1e-30      0.00 7.420e-01 2.579e-01 1.478e-05 7.615e-06 4.331e-05 -1.000 1.000e-04 -0.049 3.019 2.184 1.272 0.706 0.409 0.614 0.625 0.472 0.122 0.037 -0.077 -0.160 -0.318 -0.355 -0.569 -0.577 -0.707
9.8116e-05 -2.19174 9.70000 1.0377260447 2.4804836546    1.001  1.939  3.7568  2.479    4  0.000  0.455     0.00     0.00     0.00     0.00     0.00 -1    -1e-30      0.00 7.420e-01 2.579e-01 1.478e-05 7.617e-06 4.331e-05 -1.000 1.000e-04 -0.077 3.067 2.262 1.307 0.711 0.402 0.616 0.625 0.467 0.104 0.018 -0.100 -0.186 -0.348 -0.385 -0.605 -0.614 -0.748
9.8116e-05 -2.19174 9.70000 1.0378663540 2.4805106232    1.001  1.958  3.7496  2.431    4  0.000  0.455     0.00     0.00     0.00     0.00     0.00 -1    -1e-30      0.00 7.420e-01 2.579e-01 1.478e-05 7.620e-06 4.331e-05 -1.000 1.001e-04 -0.124 3.126 2.373 1.354 0.715 0.387 0.611 0.618 0.453 0.073 -0.017 -0.140 -0.228 -0.396 -0.435 -0.663 -0.672 -0.812
9.8116e-05 -2.19174 9.70000 1.0379760265 2.4805316974    1.001  1.987  3.7406  2.366    4  0.000  0.455     0.00     0.00     0.00     0.00     0.00 -1    -1e-30      0.00 7.420e-01 2.579e-01 1.477e-05 7.621e-06 4.331e-05 -1.000 1.000e-04 -0.198 3.181 2.522 1.417 0.716 0.362 0.594 0.596 0.421 0.019 -0.075 -0.204 -0.296 -0.471 -0.512 -0.749 -0.760 -0.908
9.8116e-05 -2.19174 9.70000 1.0380237103 2.4805408584    1.001  2.019  3.7332  2.305    4  0.000  0.455     0.00     0.00     0.00     0.00     0.00 -1    -1e-30      0.00 7.420e-01 2.579e-01 1.477e-05 7.622e-06 4.331e-05 -1.000 1.000e-04 -0.277 3.208 2.684 1.490 0.723 0.344 0.568 0.562 0.378 -0.045 -0.142 -0.276 -0.371 -0.552 -0.595 -0.840 -0.851 -1.006
9.8116e-05 -2.19174 9.70000 1.0380403996 2.4805440646    1.001  2.049  3.7279  2.253    4  0.000  0.455     0.00     0.00     0.00     0.00     0.00 -1    -1e-30      0.00 7.420e-01 2.579e-01 1.477e-05 7.622e-06 4.331e-05 -1.000 1.000e-04 -0.353 3.205 2.794 1.533 0.715 0.317 0.532 0.520 0.329 -0.108 -0.208 -0.346 -0.443 -0.629 -0.673 -0.924 -0.936 -1.095
9.8116e-05 -2.19174 9.70000 1.0380465984 2.4805452554    1.001  2.074  3.7244  2.215    4  0.000  0.455     0.00     0.00     0.00     0.00     0.00 -1    -1e-30      0.00 7.420e-01 2.579e-01 1.477e-05 7.623e-06 4.331e-05 -1.000 1.000e-04 -0.414 3.187 2.862 1.554 0.700 0.291 0.498 0.481 0.285 -0.162 -0.263 -0.403 -0.501 -0.690 -0.735 -0.990 -1.002 -1.165
9.8116e-05 -2.19174 9.70000 1.0380469561 2.4805453241    1.001  2.076  3.7241  2.211    7  0.000  0.455     0.00     0.00     0.00     0.00     0.00 -1    -1e-30      0.00 7.420e-01 2.579e-01 1.477e-05 7.623e-06 4.331e-05 -1.000 1.001e-04 -0.420 3.185 2.867 1.555 0.698 0.288 0.494 0.477 0.281 -0.167 -0.269 -0.409 -0.507 -0.696 -0.741 -0.997 -1.009 -1.172
9.8116e-05 -2.19174 9.70000 1.0380495787 2.4805458279    1.001  2.106  3.7214  2.170    7  0.000  0.455     0.00     0.00     0.00     0.00     0.00 -1    -1e-30      0.00 7.420e-01 2.579e-01 1.477e-05 7.623e-06 4.331e-05 -1.000 9.999e-05 -0.496 3.144 2.896 1.546 0.661 0.241 0.440 0.419 0.219 -0.236 -0.339 -0.481 -0.581 -0.772 -0.818 -1.076 -1.088 -1.254
9.8116e-05 -2.19174 9.70000 1.0380524397 2.4805463775    1.001  2.149  3.7181  2.114    7  0.000  0.455     0.00     0.00     0.00     0.00     0.00 -1    -1e-30      0.00 7.420e-01 2.579e-01 1.477e-05 7.623e-06 4.331e-05 -1.000 9.999e-05 -0.604 3.076 2.924 1.527 0.604 0.172 0.360 0.333 0.129 -0.336 -0.441 -0.585 -0.686 -0.880 -0.926 -1.188 -1.201 -1.370
9.8116e-05 -2.19174 9.70000 1.0380549431 2.4805468584    1.001  2.188  3.7156  2.065    7  0.000  0.455     0.00     0.00     0.00     0.00     0.00 -1    -1e-30      0.00 7.420e-01 2.579e-01 1.477e-05 7.623e-06 4.331e-05 -1.000 1.000e-04 -0.700 3.009 2.942 1.504 0.551 0.109 0.286 0.255 0.047 -0.426 -0.532 -0.678 -0.780 -0.976 -1.023 -1.288 -1.301 -1.472
9.8116e-05 -2.19174 9.70000 1.0380582809 2.4805474996    1.001  2.217  3.7138  2.029    7  0.000  0.455     0.00     0.00     0.00     0.00     0.00 -1    -1e-30      0.00 7.420e-01 2.579e-01 1.477e-05 7.623e-06 4.331e-05 -1.000 1.000e-04 -0.772 2.957 2.949 1.484 0.509 0.060 0.231 0.197 -0.015 -0.493 -0.599 -0.747 -0.850 -1.047 -1.095 -1.361 -1.374 -1.548
9.8116e-05 -2.19174 9.70000 1.0380645990 2.4805487133    1.001  2.249  3.7120  1.990    7  0.000  0.455     0.00     0.00     0.00     0.00     0.00 -1    -1e-30      0.00 7.420e-01 2.579e-01 1.477e-05 7.623e-06 4.331e-05 -1.000 1.000e-04 -0.852 2.899 2.956 1.460 0.462 0.006 0.168 0.130 -0.084 -0.568 -0.675 -0.825 -0.928 -1.127 -1.175 -1.444 -1.457 -1.632
9.8116e-05 -2.19174 9.70000 1.0380716324 2.4805500643    1.001  2.244  3.7123  1.996    7  0.000  0.455     0.00     0.00     0.00     0.00     0.00 -1    -1e-30      0.00 7.420e-01 2.579e-01 1.477e-05 7.623e-06 4.331e-05 -1.000 1.000e-04 -0.839 2.908 2.953 1.463 0.469 0.014 0.178 0.141 -0.073 -0.556 -0.663 -0.812 -0.915 -1.114 -1.162 -1.431 -1.444 -1.619
9.8116e-05 -2.19174 9.70000 1.0381338596 2.4805620168    1.001  2.226  3.7132  2.018    7  0.000  0.455     0.00     0.00     0.00     0.00     0.00 -1    -1e-30      0.00 7.420e-01 2.579e-01 1.477e-05 7.624e-06 4.331e-05 -1.000 9.999e-05 -0.795 2.941 2.954 1.479 0.496 0.045 0.213 0.178 -0.034 -0.514 -0.621 -0.769 -0.872 -1.070 -1.118 -1.385 -1.398 -1.572
9.8116e-05 -2.19174 9.70000 1.0381859541 2.4805720217    1.001  2.266  3.7106  1.967    7  0.000  0.455     0.00     0.00     0.00     0.00     0.00 -1    -1e-30      0.00 7.420e-01 2.579e-01 1.477e-05 7.625e-06 4.331e-05 -1.000 9.999e-05 -0.895 2.872 2.979 1.461 0.444 -0.018 0.138 0.098 -0.119 -0.608 -0.716 -0.866 -0.970 -1.170 -1.219 -1.489 -1.503 -1.679
9.8116e-05 -2.19174 9.70000 1.0382231474 2.4805791641    1.002  2.300  3.7085  1.925    7  0.000  0.455     0.00     0.00     0.00     0.00     0.00 -1    -1e-30      0.00 7.420e-01 2.579e-01 1.477e-05 7.625e-06 4.331e-05 -1.000 1.001e-04 -0.980 2.808 3.001 1.447 0.400 -0.070 0.073 0.028 -0.192 -0.688 -0.797 -0.949 -1.053 -1.256 -1.305 -1.577 -1.591 -1.769
9.8116e-05 -2.19174 9.70000 1.0382658243 2.4805873588    1.002  2.340  3.7063  1.876    7  0.000  0.455     0.00     0.00     0.00     0.00     0.00 -1    -1e-30      0.00 7.420e-01 2.579e-01 1.477e-05 7.626e-06 4.331e-05 -1.000 1.000e-04 -1.081 2.731 3.025 1.430 0.348 -0.132 -0.003 -0.053 -0.278 -0.782 -0.892 -1.046 -1.151 -1.356 -1.405 -1.681 -1.694 -1.875
9.8116e-05 -2.19174 9.70000 1.0383077860 2.4805954154    1.002  2.382  3.7040  1.825    7  0.000  0.455     0.00     0.00     0.00     0.00     0.00 -1    -1e-30      0.00 7.420e-01 2.579e-01 1.477e-05 7.627e-06 4.331e-05 -1.000 1.000e-04 -1.185 2.651 3.047 1.410 0.293 -0.197 -0.083 -0.139 -0.367 -0.879 -0.991 -1.146 -1.253 -1.459 -1.509 -1.788 -1.802 -1.985
9.8116e-05 -2.19174 9.70000 1.0383450985 2.4806025788    1.002  2.423  3.7018  1.775    7  0.000  0.455     0.00     0.00     0.00     0.00     0.00 -1    -1e-30      0.00 7.420e-01 2.579e-01 1.476e-05 7.628e-06 4.331e-05 -1.000 1.000e-04 -1.288 2.570 3.066 1.389 0.238 -0.262 -0.162 -0.223 -0.456 -0.976 -1.088 -1.246 -1.353 -1.562 -1.612 -1.893 -1.907 -2.093
9.8116e-05 -2.19174 9.70000 1.0383782387 2.4806089406    1.002  2.464  3.6997  1.725    7  0.000  0.454     0.00     0.00     0.00     0.00     0.00 -1    -1e-30      0.00 7.420e-01 2.579e-01 1.475e-05 7.634e-06 4.331e-05 -1.000 9.999e-05 -1.390 2.488 3.084 1.368 0.182 -0.328 -0.241 -0.307 -0.544 -1.071 -1.185 -1.344 -1.453 -1.664 -1.715 -1.998 -2.013 -2.200
9.8116e-05 -2.19174 9.70000 1.0384079218 2.4806146384    1.002  2.505  3.6976  1.676    7  0.000  0.452     5.03     4.12     2.98     2.27     1.84  4    -1e-30      0.00 7.420e-01 2.579e-01 1.468e-05 7.679e-06 4.331e-05 -1.000 1.001e-04 -1.493 2.404 3.105 1.350 0.129 -0.390 -0.319 -0.390 -0.632 -1.167 -1.282 -1.443 -1.553 -1.765 -1.817 -2.103 -2.118 -2.307
9.8116e-05 -2.19174 9.70000 1.0384347439 2.4806197867    1.002  2.547  3.6954  1.626    7  0.000  0.446     5.59     4.51     3.25     2.48     2.01  4    -1e-30      0.00 7.419e-01 2.580e-01 1.448e-05 7.870e-06 4.332e-05 -1.000 1.000e-04 -1.597 2.318 3.127 1.333 0.075 -0.453 -0.397 -0.474 -0.720 -1.264 -1.380 -1.543 -1.654 -1.868 -1.920 -2.209 -2.224 -2.416
9.8116e-05 -2.19174 9.70000 1.0384588242 2.4806244085    1.002  2.588  3.6933  1.576    7  0.000  0.436     6.20     4.93     3.54     2.71     2.19  4    -1e-30      0.00 7.419e-01 2.580e-01 1.418e-05 8.222e-06 4.332e-05 -1.000 1.000e-04 -1.701 2.232 3.148 1.315 0.021 -0.516 -0.476 -0.558 -0.809 -1.361 -1.478 -1.643 -1.754 -1.971 -2.024 -2.315 -2.330 -2.524
9.8116e-05 -2.19174 9.70000 1.0384807587 2.4806286182    1.002  2.630  3.6911  1.525    7  0.000  0.427     6.89     5.41     3.86     2.96     2.40  4    -1e-30      0.00 7.418e-01 2.581e-01 1.386e-05 8.615e-06 4.332e-05 -1.000 1.001e-04 -1.806 2.144 3.168 1.297 -0.034 -0.580 -0.555 -0.643 -0.898 -1.458 -1.576 -1.743 -1.856 -2.074 -2.128 -2.421 -2.437 -2.633
9.8116e-05 -2.19174 9.70000 1.0385004282 2.4806323930    1.002  2.671  3.6891  1.476    7  0.000  0.418     7.63     5.91     4.20     3.22     2.61  4    -1e-30      0.00 7.416e-01 2.583e-01 1.358e-05 8.962e-06 4.332e-05 -1.000 9.999e-05 -1.907 2.059 3.196 1.286 -0.083 -0.639 -0.629 -0.723 -0.983 -1.552 -1.672 -1.841 -1.954 -2.175 -2.229 -2.525 -2.541 -2.740
9.8116e-05 -2.19174 9.70000 1.0385189056 2.4806359389    1.002  2.712  3.6870  1.427    7  0.000  0.411     8.46     6.46     4.57     3.51     2.85  3    -1e-30      0.00 7.415e-01 2.584e-01 1.334e-05 9.260e-06 4.332e-05 -1.000 1.000e-04 -2.009 1.973 3.233 1.285 -0.126 -0.692 -0.701 -0.802 -1.067 -1.645 -1.766 -1.937 -2.052 -2.275 -2.329 -2.628 -2.645 -2.846
9.8116e-05 -2.19174 9.70000 1.0385364294 2.4806393017    1.002  2.752  3.6849  1.378    7  0.000  0.404     9.36     7.05     4.98     3.83     3.10  3    -1e-30      0.00 7.414e-01 2.585e-01 1.314e-05 9.509e-06 4.332e-05 -1.000 9.996e-05 -2.110 1.888 3.255 1.296 -0.156 -0.733 -0.765 -0.875 -1.148 -1.738 -1.861 -2.034 -2.150 -2.375 -2.430 -2.732 -2.749 -2.952
9.8116e-05 -2.19174 9.70000 1.0385532379 2.4806425270    1.002  2.793  3.6827  1.329    7  0.000  0.399    10.38     7.71     5.42     4.18     3.39  3    -1e-30      0.00 7.412e-01 2.587e-01 1.296e-05 9.727e-06 4.331e-05 -1.000 1.001e-04 -2.213 1.803 3.260 1.328 -0.165 -0.753 -0.818 -0.942 -1.225 -1.831 -1.956 -2.132 -2.250 -2.478 -2.534 -2.838 -2.855 -3.061
9.8116e-05 -2.19174 9.70000 1.0385692120 2.4806455922    1.002  2.835  3.6805  1.278    7  0.000  0.395    11.54     8.45     5.92     4.56     3.70  3    -1e-30      0.00 7.411e-01 2.588e-01 1.282e-05 9.921e-06 4.327e-05 -1.000 1.000e-04 -2.317 1.717 3.272 1.368 -0.170 -0.768 -0.868 -1.007 -1.301 -1.926 -2.053 -2.232 -2.352 -2.583 -2.639 -2.947 -2.964 -3.172
9.8116e-05 -2.19174 9.70000 1.0385835171 2.4806483370    1.002  2.875  3.6784  1.230    7  0.000  0.391    12.76     9.22     6.43     4.96     4.03  3    -1e-30      0.00 7.409e-01 2.590e-01 1.268e-05 1.010e-05 4.322e-05 -1.000 9.999e-05 -2.417 1.635 3.291 1.417 -0.166 -0.774 -0.909 -1.065 -1.371 -2.015 -2.144 -2.327 -2.448 -2.682 -2.739 -3.050 -3.068 -3.278
9.8116e-05 -2.19174 9.70000 1.0385979414 2.4806511046    1.002  2.916  3.6762  1.180    7  0.000  0.389    14.15    10.09     7.01     5.42     4.40  3    -1e-30      0.00 7.407e-01 2.592e-01 1.257e-05 1.030e-05 4.312e-05 -1.000 1.001e-04 -2.519 1.551 3.317 1.476 -0.156 -0.773 -0.946 -1.119 -1.440 -2.104 -2.237 -2.423 -2.546 -2.784 -2.842 -3.157 -3.174 -3.387
9.8116e-05 -2.19174 9.70000 1.0386114120 2.4806536891    1.002  2.957  3.6740  1.129    7  0.000  0.387    15.74    11.06     7.65     5.92     4.81  3    -1e-30      0.00 7.405e-01 2.594e-01 1.247e-05 1.052e-05 4.299e-05 -1.000 1.001e-04 -2.624 1.466 3.353 1.547 -0.138 -0.763 -0.977 -1.170 -1.507 -2.195 -2.330 -2.520 -2.646 -2.888 -2.947 -3.265 -3.283 -3.499
9.8116e-05 -2.19174 9.70000 1.0386227369 2.4806558619    1.002  2.999  3.6717  1.079    7  0.000  0.386    17.48    12.11     8.34     6.47     5.25  2    -1e-30      0.00 7.404e-01 2.595e-01 1.239e-05 1.076e-05 4.283e-05 -1.000 9.999e-05 -2.726 1.382 3.398 1.626 -0.113 -0.746 -1.001 -1.216 -1.569 -2.282 -2.421 -2.616 -2.744 -2.990 -3.049 -3.372 -3.390 -3.609
9.8116e-05 -2.19174 9.70000 1.0386319160 2.4806576230    1.002  3.038  3.6695  1.031    7  0.000  0.385    19.31    13.20     9.06     7.03     5.71  2    -1e-30      0.00 7.402e-01 2.597e-01 1.232e-05 1.099e-05 4.266e-05 -1.000 9.999e-05 -2.824 1.304 3.448 1.712 -0.081 -0.722 -1.018 -1.254 -1.624 -2.363 -2.506 -2.705 -2.836 -3.086 -3.147 -3.473 -3.492 -3.714
9.8116e-05 -2.19174 9.70000 1.0386400223 2.4806591782    1.002  3.074  3.6674  0.986    7  0.000  0.385    21.20    14.32     9.79     7.61     6.18  2    -1e-30      0.00 7.401e-01 2.598e-01 1.227e-05 1.118e-05 4.251e-05 -1.000 1.000e-04 -2.915 1.230 3.500 1.803 -0.041 -0.689 -1.025 -1.283 -1.671 -2.437 -2.583 -2.787 -2.921 -3.175 -3.237 -3.568 -3.587 -3.811
9.8116e-05 -2.19174 9.70000 1.0386483669 2.4806607791    1.002  3.117  3.6650  0.934    7  0.000  0.385    23.66    15.75    10.72     8.34     6.78  2    -1e-30      0.00 7.399e-01 2.600e-01 1.222e-05 1.139e-05 4.235e-05 -1.000 9.999e-05 -3.022 1.144 3.567 1.922 0.015 -0.639 -1.021 -1.306 -1.719 -2.520 -2.671 -2.882 -3.019 -3.279 -3.342 -3.679 -3.698 -3.926
9.8116e-05 -2.19174 9.70000 1.0386552811 2.4806621055    1.002  3.168  3.6619  0.871    7  0.000  0.385    27.00    17.65    11.96     9.32     7.57  2    -1e-30      0.00 7.398e-01 2.601e-01 1.218e-05 1.156e-05 4.221e-05 -1.000 9.501e-05 -3.150 1.043 3.659 2.082 0.099 -0.563 -1.000 -1.320 -1.766 -2.614 -2.772 -2.992 -3.134 -3.402 -3.466 -3.811 -3.831 -4.064
9.8116e-05 -2.19174 9.70000 1.0386594534 2.4806629059    1.002  3.205  3.6597  0.825    7  0.000  0.385    29.71    19.18    12.94    10.10     8.21  2    -1e-30      0.00 7.397e-01 2.602e-01 1.215e-05 1.166e-05 4.213e-05 -1.000 1.000e-04 -3.242 0.970 3.733 2.208 0.169 -0.499 -0.974 -1.322 -1.794 -2.680 -2.843 -3.070 -3.215 -3.490 -3.556 -3.907 -3.927 -4.164
9.8116e-05 -2.19174 9.70000 1.0386599302 2.4806629974    1.002  3.212  3.6593  0.816    7  0.000  0.385    30.23    19.47    13.13    10.25     8.33  2    -1e-30      0.00 7.397e-01 2.602e-01 1.215e-05 1.168e-05 4.212e-05 -1.000 1.001e-04 -3.259 0.957 3.745 2.231 0.182 -0.487 -0.969 -1.321 -1.798 -2.691 -2.855 -3.083 -3.230 -3.506 -3.572 -3.924 -3.944 -4.182
9.8116e-05 -2.19174 9.70000 1.0386606455 2.4806631346    1.002  3.223  3.6586  0.802    7  0.535  0.385    31.13    19.97    13.45    10.50     8.54  2    -1e-30      0.00 7.396e-01 2.603e-01 1.214e-05 1.173e-05 4.208e-05 -1.000 1.000e-04 -3.287 0.935 3.767 2.271 0.205 -0.465 -0.959 -1.320 -1.805 -2.710 -2.876 -3.106 -3.254 -3.532 -3.599 -3.952 -3.973 -4.212
9.8116e-05 -2.19174 9.70000 1.0386612415 2.4806632490    1.002  3.234  3.6579  0.788    7  0.535  0.385    32.08    20.50    13.79    10.78     8.76  2    -1e-30      0.00 7.395e-01 2.604e-01 1.210e-05 1.188e-05 4.196e-05 -1.000 9.999e-05 -3.316 0.912 3.789 2.308 0.225 -0.447 -0.952 -1.321 -1.814 -2.730 -2.898 -3.131 -3.279 -3.559 -3.626 -3.982 -4.003 -4.243
9.8116e-05 -2.19174 9.70000 1.0386614799 2.4806632947    1.002  3.241  3.6575  0.779    7  0.535  0.384    32.66    20.82    13.99    10.94     8.89  2    -1e-30      0.00 7.394e-01 2.605e-01 1.208e-05 1.198e-05 4.188e-05 -1.000 1.001e-04 -3.333 0.897 3.800 2.319 0.226 -0.447 -0.955 -1.327 -1.823 -2.743 -2.912 -3.145 -3.294 -3.575 -3.643 -3.999 -4.020 -4.261
9.8116e-05 -2.19174 9.70000 1.0386615992 2.4806633176    1.002  3.241  3.6562  0.774    8  0.535  0.404    33.01    21.01    14.12    11.04     8.97  2 -2.96e-07      0.00 7.394e-01 2.605e-01 1.276e-05 1.199e-05 4.214e-05 -1.000 1.248e-04 -3.333 0.904 3.872 2.387 0.270 -0.407 -0.921 -1.299 -1.802 -2.732 -2.902 -3.138 -3.287 -3.571 -3.639 -3.998 -4.019 -4.262
9.8116e-05 -2.19174 9.70000 1.0386618376 2.4806633633    1.001  3.078  3.6659  0.976    8  0.535  0.404    21.64    14.57     9.95     7.74     6.29  2 -1.58e-07      0.00 7.394e-01 2.605e-01 1.276e-05 1.199e-05 4.214e-05 -1.000 1.248e-04 -2.924 1.233 3.574 1.907 0.032 -0.618 -0.977 -1.249 -1.650 -2.433 -2.582 -2.789 -2.925 -3.181 -3.244 -3.578 -3.597 -3.824
9.8116e-05 -2.19174 9.70000 1.0386620760 2.4806634090    0.999  2.953  3.6732  1.130    8  0.535  0.404    15.71    11.04     7.64     5.91     4.80  3 -1.02e-07      0.00 7.394e-01 2.605e-01 1.276e-05 1.199e-05 4.214e-05 -1.000 1.248e-04 -2.612 1.483 3.399 1.606 -0.092 -0.720 -0.943 -1.142 -1.483 -2.178 -2.315 -2.506 -2.633 -2.875 -2.935 -3.254 -3.272 -3.489
9.8116e-05 -2.19174 9.70000 1.0386625528 2.4806635005    0.996  2.706  3.6875  1.432    8  0.536  0.404     8.35     6.39     4.53     3.48     2.82  3 -4.58e-08      0.00 7.394e-01 2.605e-01 1.276e-05 1.199e-05 4.214e-05 -1.000 1.248e-04 -1.996 1.982 3.214 1.276 -0.126 -0.690 -0.695 -0.795 -1.058 -1.634 -1.755 -1.925 -2.040 -2.262 -2.317 -2.615 -2.631 -2.831
9.8116e-05 -2.19174 9.70000 1.0386633873 2.4806636606    0.991  2.712  3.6870  1.422    8  0.536  0.404     8.52     6.50     4.60     3.54     2.87  3 -4.68e-08      0.00 7.394e-01 2.605e-01 1.276e-05 1.199e-05 4.214e-05 -1.000 1.248e-04 -2.011 1.971 3.235 1.287 -0.126 -0.693 -0.702 -0.803 -1.068 -1.647 -1.768 -1.939 -2.053 -2.276 -2.331 -2.630 -2.646 -2.847
9.8116e-05 -2.19174 9.70000 1.0386644602 2.4806638664    0.985  2.768  3.6834  1.350    8  0.536  0.404     9.88     7.39     5.21     4.01     3.25  3 -5.58e-08      0.00 7.394e-01 2.605e-01 1.276e-05 1.199e-05 4.214e-05 -1.000 1.248e-04 -2.149 1.860 3.284 1.344 -0.134 -0.718 -0.771 -0.890 -1.170 -1.771 -1.895 -2.070 -2.187 -2.414 -2.470 -2.773 -2.790 -2.995
9.8116e-05 -2.19174 9.70000 1.0386656523 2.4806640951    0.978  2.936  3.6732  1.137    8  0.536  0.404    15.37    10.84     7.50     5.81     4.72  3 -9.76e-08      0.00 7.394e-01 2.605e-01 1.276e-05 1.199e-05 4.214e-05 -1.000 1.247e-04 -2.570 1.524 3.435 1.643 -0.053 -0.681 -0.902 -1.101 -1.442 -2.136 -2.273 -2.464 -2.591 -2.833 -2.893 -3.212 -3.230 -3.447
9.8116e-05 -2.19174 9.70000 1.0386670828 2.4806643695    0.969  3.101  3.6631  0.928    8  0.537  0.404    23.72    15.77    10.73     8.36     6.79  2 -1.77e-07      0.00 7.394e-01 2.605e-01 1.276e-05 1.199e-05 4.214e-05 -1.000 1.248e-04 -2.981 1.199 3.708 2.102 0.159 -0.500 -0.907 -1.210 -1.639 -2.462 -2.617 -2.832 -2.971 -3.235 -3.299 -3.639 -3.659 -3.890
9.8116e-05 -2.19174 9.70000 1.0386688709 2.4806647126    0.959  3.215  3.6559  0.781    8  0.537  0.404    32.17    20.52    13.79    10.79     8.77  2 -2.78e-07      0.00 7.394e-01 2.605e-01 1.276e-05 1.199e-05 4.214e-05 -1.000 1.247e-04 -3.266 0.972 3.944 2.459 0.339 -0.338 -0.852 -1.230 -1.733 -2.664 -2.833 -3.069 -3.219 -3.502 -3.571 -3.930 -3.951 -4.194
9.8116e-05 -2.19174 9.70000 1.0386707783 2.4806650785    0.948  3.279  3.6516  0.694    8  0.537  0.404    38.47    23.94    15.97    12.54    10.19  1 -3.66e-07      0.00 7.394e-01 2.605e-01 1.276e-05 1.199e-05 4.214e-05 -1.000 1.247e-04 -3.428 0.840 4.092 2.605 0.384 -0.307 -0.856 -1.263 -1.799 -2.777 -2.954 -3.201 -3.355 -3.649 -3.719 -4.089 -4.111 -4.362
9.8116e-05 -2.19174 9.70000 1.0386729240 2.4806654901    0.935  3.312  3.6491  0.645    8  0.538  0.404    42.52    26.09    17.33    13.63    11.08  1 -4.27e-07      0.00 7.394e-01 2.605e-01 1.276e-05 1.199e-05 4.214e-05 -1.000 1.247e-04 -3.511 0.773 4.181 2.699 0.420 -0.279 -0.846 -1.270 -1.825 -2.832 -3.012 -3.266 -3.423 -3.723 -3.795 -4.171 -4.194 -4.449
9.8116e-05 -2.19174 9.70000 1.0386753082 2.4806659475    0.922  3.333  3.6472  0.610    8  0.538  0.404    45.55    27.66    18.33    14.43    11.73  1 -4.74e-07      0.00 7.394e-01 2.605e-01 1.276e-05 1.199e-05 4.214e-05 -1.000 1.247e-04 -3.563 0.733 4.245 2.774 0.453 -0.251 -0.831 -1.267 -1.836 -2.862 -3.045 -3.304 -3.463 -3.767 -3.840 -4.221 -4.244 -4.502
9.8116e-05 -2.19174 9.70000 1.0386754274 2.4806659703    0.920  3.229  3.6533  0.738    8  0.538  0.404    34.79    21.93    14.68    11.52     9.36  1 -3.07e-07      0.00 7.394e-01 2.605e-01 1.276e-05 1.199e-05 4.214e-05 -1.000 1.248e-04 -3.302 0.954 4.086 2.597 0.419 -0.266 -0.799 -1.193 -1.714 -2.672 -2.845 -3.087 -3.240 -3.529 -3.598 -3.964 -3.985 -4.233
9.8116e-05 -2.19174 9.70000 1.0386759043 2.4806660618    0.915  3.055  3.6634  0.950    8  0.539  0.404    22.28    14.93    10.17     7.94     6.44  2 -1.58e-07      0.00 7.394e-01 2.605e-01 1.276e-05 1.199e-05 4.214e-05 -1.000 1.247e-04 -2.867 1.310 3.785 2.171 0.240 -0.417 -0.816 -1.113 -1.537 -2.353 -2.507 -2.720 -2.859 -3.121 -3.185 -3.524 -3.544 -3.774
9.8116e-05 -2.19174 9.70000 1.0386767387 2.4806662219    0.908  2.808  3.6777  1.251    8  0.539  0.404    11.82     8.66     6.04     4.68     3.79  3 -6.73e-08      0.00 7.394e-01 2.605e-01 1.276e-05 1.199e-05 4.214e-05 -1.000 1.247e-04 -2.250 1.805 3.466 1.607 0.019 -0.590 -0.728 -0.887 -1.197 -1.845 -1.975 -2.158 -2.280 -2.515 -2.573 -2.884 -2.902 -3.113
9.8116e-05 -2.19174 9.70000 1.0386778116 2.4806664277    0.897  2.813  3.6772  1.238    8  0.539  0.404    12.10     8.83     6.15     4.77     3.87  3 -6.92e-08      0.00 7.394e-01 2.605e-01 1.276e-05 1.199e-05 4.214e-05 -1.000 1.247e-04 -2.263 1.797 3.487 1.636 0.036 -0.576 -0.723 -0.887 -1.201 -1.854 -1.986 -2.170 -2.292 -2.528 -2.585 -2.898 -2.916 -3.127
9.8116e-05 -2.19174 9.70000 1.0386793613 2.4806667250    0.883  2.867  3.6736  1.163    8  0.540  0.404    14.10    10.07     6.98     5.42     4.39  3 -8.42e-08      0.00 7.394e-01 2.605e-01 1.276e-05 1.199e-05 4.214e-05 -1.000 1.247e-04 -2.399 1.691 3.565 1.769 0.088 -0.538 -0.747 -0.941 -1.279 -1.968 -2.104 -2.294 -2.420 -2.662 -2.721 -3.040 -3.058 -3.274
9.8116e-05 -2.19174 9.70000 1.0386811495 2.4806670680    0.867  3.030  3.6634  0.951    8  0.540  0.404    21.90    14.71    10.01     7.82     6.35  2 -1.53e-07      0.00 7.394e-01 2.605e-01 1.276e-05 1.199e-05 4.214e-05 -1.000 1.247e-04 -2.806 1.371 3.846 2.231 0.301 -0.356 -0.755 -1.052 -1.476 -2.292 -2.446 -2.659 -2.798 -3.060 -3.124 -3.463 -3.483 -3.713
9.8116e-05 -2.19174 9.70000 1.0386831760 2.4806674568    0.848  3.188  3.6534  0.743    8  0.541  0.404    33.74    21.28    14.24    11.20     9.10  1 -2.89e-07      0.00 7.394e-01 2.605e-01 1.276e-05 1.199e-05 4.214e-05 -1.000 1.246e-04 -3.201 1.054 4.180 2.690 0.515 -0.170 -0.702 -1.095 -1.616 -2.572 -2.745 -2.987 -3.139 -3.428 -3.498 -3.863 -3.884 -4.132
9.8116e-05 -2.19174 9.70000 1.0386855602 2.4806679141    0.826  3.296  3.6462  0.596    8  0.542  0.404    45.77    27.60    18.24    14.42    11.71  1 -4.67e-07      0.00 7.394e-01 2.605e-01 1.276e-05 1.199e-05 4.214e-05 -1.000 1.247e-04 -3.470 0.832 4.394 2.929 0.588 -0.119 -0.705 -1.146 -1.722 -2.758 -2.943 -3.203 -3.363 -3.669 -3.743 -4.127 -4.150 -4.410
9.8116e-05 -2.19174 9.70000 1.0386884212 2.4806684630    0.802  3.355  3.6420  0.507    8  0.542  0.404    54.87    32.15    21.09    16.73    13.59  1  -6.3e-07      0.00 7.394e-01 2.605e-01 1.276e-05 1.199e-05 4.214e-05 -1.000 1.247e-04 -3.618 0.713 4.511 3.085 0.645 -0.075 -0.684 -1.154 -1.763 -2.851 -3.043 -3.316 -3.480 -3.798 -3.875 -4.270 -4.294 -4.562
9.8116e-05 -2.19174 9.70000 1.0386914015 2.4806690347    0.776  3.384  3.6397  0.455    8  0.543  0.404    60.88    35.04    22.88    18.19    14.78  1 -7.51e-07      0.00 7.394e-01 2.605e-01 1.276e-05 1.199e-05 4.214e-05 -1.000 1.248e-04 -3.690 0.657 4.582 3.185 0.686 -0.043 -0.654 -1.138 -1.769 -2.888 -3.084 -3.365 -3.532 -3.857 -3.936 -4.339 -4.363 -4.636
9.8116e-05 -2.19174 9.70000 1.0386948586 2.4806696978    0.749  3.400  3.6383  0.417    8  0.544  0.404    65.52    37.17    24.19    19.27    15.65  1 -8.55e-07      0.00 7.394e-01 2.605e-01 1.276e-05 1.199e-05 4.214e-05 -1.000 1.248e-04 -3.730 0.627 4.627 3.255 0.717 -0.016 -0.626 -1.119 -1.763 -2.904 -3.103 -3.389 -3.559 -3.889 -3.969 -4.377 -4.401 -4.678
9.8116e-05 -2.19174 9.70000 1.0387088060 2.4806723733    0.549 -9.999  4.0000  1.738    9  0.549  0.000     0.00     0.00     0.00     0.00     0.00 -1    -1e-30      0.00 7.394e-01 2.605e-01 1.276e-05 1.199e-05 4.214e-05 -1.000 1.247e-04 29.767 29.895 29.850 29.813 29.851 29.920 29.973 30.081 30.066 30.109 30.111 30.106 30.104 30.101 30.103 30.093 30.092 30.064
