 Zini     MH   logAge Mini        int_IMF         Mass   logL    logTe  logg  label   McoreTP C_O  period0  period1  period2  period3  period4  pmode  Mloss  tau1m   X   Y   Xc  Xn  Xo  Cexcess  Z 	 mbolmag  F170Wmag  F218Wmag  F255Wmag  F300Wmag  F336Wmag  F380Wmag  F439Wmag  F450Wmag  F555Wmag  F569Wmag  F606Wmag  F622Wmag  F675Wmag  F702Wmag  F791Wmag  F814Wmag  F850LPmag
0.00015547 -2.00000 10.10000 0.0936335474 1.1156111859    0.094 -3.047  3.5138  5.463    1  0.000  0.545     0.00     0.00     0.00     0.00     0.00 -1 -6.85e-17      0.00 7.472e-01 2.527e-01 2.943e-05 7.939e-06 7.201e-05 -1.000 1.636e-04 12.387 16.940 21.887 21.873 17.983 17.179 17.458 16.367 15.610 14.084 13.873 13.441 13.236 12.752 12.489 11.714 11.666 11.244
0.00015547 -2.00000 10.10000 0.1028287932 1.1943109707    0.103 -2.771  3.5523  5.381    1  0.000  0.545     0.00     0.00     0.00     0.00     0.00 -1 -1.36e-16      0.00 7.448e-01 2.551e-01 2.943e-05 7.939e-06 7.201e-05 -1.000 1.637e-04 11.697 16.164 20.886 19.834 16.558 15.704 15.502 14.785 14.240 12.936 12.738 12.370 12.164 11.780 11.622 11.043 11.006 10.646
0.00015547 -2.00000 10.10000 0.1035686657 1.2002435386    0.103 -2.750  3.5552  5.374    1  0.000  0.545     0.00     0.00     0.00     0.00     0.00 -1 -1.43e-16      0.00 7.446e-01 2.552e-01 2.943e-05 7.939e-06 7.201e-05 -1.000 1.637e-04 11.644 16.103 20.788 19.653 16.439 15.585 15.365 14.670 14.138 12.854 12.658 12.293 12.088 11.708 11.557 10.991 10.954 10.599
0.00015547 -2.00000 10.10000 0.1146070808 1.2826975307    0.114 -2.590  3.5712  5.324    1  0.000  0.545     0.00     0.00     0.00     0.00     0.00 -1 -2.08e-16      0.00 7.427e-01 2.572e-01 2.943e-05 7.940e-06 7.201e-05 -1.000 1.637e-04 11.246 15.659 20.086 18.526 15.666 14.822 14.523 13.947 13.480 12.309 12.122 11.775 11.578 11.216 11.097 10.597 10.564 10.230
0.00015547 -2.00000 10.10000 0.1234388947 1.3415666635    0.123 -2.474  3.5830  5.286    1  0.000  0.545     0.00     0.00     0.00     0.00     0.00 -1 -2.74e-16      0.00 7.413e-01 2.586e-01 2.943e-05 7.940e-06 7.201e-05 -1.000 1.636e-04 10.954 15.333 19.506 17.738 15.096 14.265 13.953 13.444 13.014 11.922 11.743 11.413 11.224 10.875 10.772 10.305 10.274 9.955
0.00015547 -2.00000 10.10000 0.1400226951 1.4385750680    0.140 -2.324  3.5944  5.237    1  0.000  0.545     0.00     0.00     0.00     0.00     0.00 -1 -3.84e-16      0.00 7.394e-01 2.604e-01 2.943e-05 7.940e-06 7.201e-05 -1.000 1.637e-04 10.580 14.924 18.786 16.880 14.448 13.634 13.332 12.882 12.481 11.463 11.291 10.981 10.799 10.465 10.371 9.931 9.902 9.597
0.00015547 -2.00000 10.10000 0.1433091313 1.4560320467    0.143 -2.297  3.5965  5.228    1  0.000  0.545     0.00     0.00     0.00     0.00     0.00 -1 -4.06e-16      0.00 7.391e-01 2.608e-01 2.943e-05 7.940e-06 7.201e-05 -1.000 1.637e-04 10.512 14.848 18.654 16.729 14.330 13.519 13.221 12.781 12.384 11.379 11.208 10.902 10.722 10.391 10.298 9.862 9.833 9.531
0.00015547 -2.00000 10.10000 0.1631793529 1.5515256888    0.163 -2.158  3.6052  5.181    1  0.000  0.545     0.00     0.00     0.00     0.00     0.00 -1 -5.56e-16      0.00 7.379e-01 2.620e-01 2.943e-05 7.940e-06 7.201e-05 -1.000 1.636e-04 10.166 14.474 18.059 16.062 13.780 12.983 12.707 12.305 11.926 10.973 10.807 10.515 10.342 10.022 9.935 9.514 9.487 9.195
0.00015547 -2.00000 10.10000 0.2029198408 1.7036916969    0.203 -1.944  3.6169  5.108    1  0.000  0.545     0.00     0.00     0.00     0.00     0.00 -1 -8.86e-16      0.00 7.373e-01 2.626e-01 2.943e-05 7.940e-06 7.201e-05 -1.000 1.636e-04 9.630 13.898 17.180 15.118 12.978 12.200 11.966 11.608 11.250 10.360 10.201 9.928 9.763 9.458 9.377 8.976 8.951 8.673
0.00015547 -2.00000 10.10000 0.2525953948 1.8468695073    0.252 -1.748  3.6275  5.050    1  0.000  0.545     0.00     0.00     0.00     0.00     0.00 -1 -1.33e-15      0.00 7.376e-01 2.623e-01 2.943e-05 7.940e-06 7.201e-05 -1.000 1.637e-04 9.141 13.369 16.306 14.251 12.248 11.492 11.305 10.983 10.640 9.802 9.649 9.393 9.236 8.943 8.867 8.483 8.459 8.194
0.00015547 -2.00000 10.10000 0.3022710085 1.9574397077    0.302 -1.597  3.6364  5.013    1  0.000  0.545     0.00     0.00     0.00     0.00     0.00 -1 -1.79e-15      0.00 7.376e-01 2.623e-01 2.942e-05 7.941e-06 7.201e-05 -1.000 1.636e-04 8.763 12.956 15.608 13.574 11.675 10.938 10.796 10.501 10.169 9.370 9.222 8.980 8.828 8.546 8.474 8.103 8.081 7.826
0.00015547 -2.00000 10.10000 0.3519465327 2.0465963009    0.352 -1.472  3.6446  4.987    1  0.000  0.544     0.00     0.00     0.00     0.00     0.00 -1 -2.29e-15      0.00 7.377e-01 2.621e-01 2.939e-05 7.942e-06 7.201e-05 -1.000 1.637e-04 8.450 12.610 15.041 13.010 11.186 10.467 10.368 10.097 9.775 9.010 8.866 8.635 8.488 8.216 8.146 7.788 7.766 7.521
0.00015547 -2.00000 10.10000 0.3712794483 2.0769767754    0.371 -1.421  3.6482  4.973    1  0.000  0.545     0.00     0.00     0.00     0.00     0.00 -1 -2.55e-15      0.00 7.428e-01 2.570e-01 2.941e-05 7.941e-06 7.201e-05 -1.000 1.636e-04 8.322 12.467 14.813 12.776 10.981 10.269 10.191 9.931 9.612 8.862 8.720 8.494 8.349 8.081 8.012 7.659 7.638 7.397
0.00015547 -2.00000 10.10000 0.4016221166 2.1207314881    0.401 -1.346  3.6535  4.954    1  0.000  0.545     0.00     0.00     0.00     0.00     0.00 -1 -2.98e-15      0.00 7.501e-01 2.497e-01 2.943e-05 7.939e-06 7.201e-05 -1.000 1.637e-04 8.135 12.258 14.466 12.430 10.680 9.981 9.933 9.689 9.376 8.646 8.508 8.288 8.146 7.884 7.817 7.471 7.451 7.216
0.00015547 -2.00000 10.10000 0.4512977004 2.1838121607    0.451 -1.192  3.6683  4.910    1  0.000  0.545     0.00     0.00     0.00     0.00     0.00 -1 -4.22e-15      0.00 7.507e-01 2.491e-01 2.943e-05 7.939e-06 7.201e-05 -1.000 1.636e-04 7.750 11.805 13.554 11.580 9.979 9.319 9.357 9.158 8.863 8.187 8.056 7.854 7.722 7.475 7.413 7.087 7.069 6.850
0.00015547 -2.00000 10.10000 0.4539854825 2.1869655304    0.454 -1.182  3.6693  4.906    1  0.000  0.545     0.00     0.00     0.00     0.00     0.00 -1 -4.32e-15      0.00 7.507e-01 2.491e-01 2.942e-05 7.939e-06 7.200e-05 -1.000 1.636e-04 7.726 11.776 13.491 11.524 9.933 9.277 9.320 9.124 8.830 8.158 8.027 7.827 7.695 7.449 7.388 7.063 7.045 6.827
0.00015547 -2.00000 10.10000 0.5009732842 2.2384552293    0.501 -1.020  3.6855  4.852    1  0.000  0.545     0.00     0.00     0.00     0.00     0.00 -1 -6.36e-15      0.00 7.514e-01 2.484e-01 2.938e-05 7.927e-06 7.189e-05 -1.000 1.637e-04 7.320 11.285 12.486 10.616 9.191 8.584 8.719 8.573 8.299 7.683 7.560 7.376 7.253 7.023 6.967 6.662 6.646 6.446
0.00015547 -2.00000 10.10000 0.5506489277 2.2841947944    0.550 -0.813  3.7060  4.767    1  0.000  0.544     0.00     0.00     0.00     0.00     0.00 -1 -1.08e-14      0.00 7.865e-01 2.134e-01 2.547e-05 6.878e-06 6.241e-05 -1.000 9.890e-05 6.801 10.637 11.162 9.488 8.281 7.741 7.979 7.893 7.647 7.096 6.981 6.817 6.704 6.492 6.442 6.161 6.147 5.968
0.00015547 -2.00000 10.10000 0.5822348595 2.3086568696    0.582 -0.676  3.7225  4.721    1  0.000  0.544     0.00     0.00     0.00     0.00     0.00 -1 -1.51e-14      0.00 7.950e-01 2.049e-01 2.458e-05 6.638e-06 6.026e-05 -1.000 1.008e-04 6.460 10.159 10.169 8.693 7.658 7.173 7.481 7.436 7.213 6.712 6.604 6.454 6.348 6.150 6.103 5.841 5.829 5.665
0.00015547 -2.00000 10.10000 0.6003244519 2.3213410765    0.600 -0.601  3.7316  4.695    1  0.000  0.544     0.00     0.00     0.00     0.00     0.00 -1 -1.82e-14      0.00 7.997e-01 2.002e-01 2.407e-05 6.504e-06 5.905e-05 -1.000 1.086e-04 6.272 9.879 9.637 8.272 7.327 6.873 7.214 7.189 6.979 6.504 6.400 6.256 6.155 5.964 5.919 5.667 5.655 5.501
0.00015547 -2.00000 10.10000 0.6101080775 2.3278419404    0.610 -0.556  3.7375  4.682    1  0.000  0.543     0.00     0.00     0.00     0.00     0.00 -1 -2.03e-14      0.00 8.029e-01 1.969e-01 2.374e-05 6.414e-06 5.824e-05 -1.000 1.578e-04 6.161 9.702 9.317 8.022 7.132 6.697 7.057 7.044 6.841 6.383 6.281 6.141 6.042 5.856 5.813 5.566 5.555 5.406
0.00015547 -2.00000 10.10000 0.6198821664 2.3341013857    0.620 -0.512  3.7434  4.668    1  0.000  0.543     0.00     0.00     0.00     0.00     0.00 -1 -2.27e-14      0.00 8.063e-01 1.935e-01 2.338e-05 6.320e-06 5.739e-05 -1.000 1.481e-04 6.050 9.510 8.991 7.772 6.940 6.525 6.903 6.900 6.704 6.262 6.162 6.027 5.930 5.749 5.707 5.466 5.456 5.312
0.00015547 -2.00000 10.10000 0.6293692589 2.3399636968    0.629 -0.468  3.7490  4.653    1  0.000  0.543     0.00     0.00     0.00     0.00     0.00 -1 -1.13e-16      0.00 8.098e-01 1.901e-01 2.303e-05 6.224e-06 5.654e-05 -1.000 1.350e-04 5.940 9.309 8.672 7.530 6.756 6.361 6.754 6.761 6.571 6.144 6.047 5.916 5.822 5.645 5.604 5.370 5.360 5.221
0.00015547 -2.00000 10.10000 0.6405443549 2.3466135477    0.640 -0.416  3.7555  4.635    1  0.000  0.543     0.00     0.00     0.00     0.00     0.00 -1 -2.95e-17      0.00 8.140e-01 1.859e-01 2.258e-05 6.106e-06 5.547e-05 -1.000 1.134e-04 5.810 9.059 8.312 7.253 6.541 6.170 6.580 6.597 6.415 6.006 5.912 5.786 5.694 5.523 5.484 5.256 5.247 5.114
0.00015547 -2.00000 10.10000 0.6499999762 2.3520353107    0.650 -0.371  3.7610  4.618    1  0.000  0.542     0.00     0.00     0.00     0.00     0.00 -1 -3.24e-14      0.00 8.178e-01 1.820e-01 2.219e-05 6.000e-06 5.453e-05 -1.000 1.636e-04 5.699 8.844 8.018 7.024 6.362 6.010 6.432 6.458 6.283 5.888 5.797 5.675 5.585 5.418 5.380 5.158 5.150 5.021
0.00015547 -2.00000 10.10000 0.6600136161 2.3575826974    0.660 -0.323  3.7664  4.598    1  0.000  0.542     0.00     0.00     0.00     0.00     0.00 -1 -3.68e-14      0.00 8.230e-01 1.769e-01 2.165e-05 5.858e-06 5.325e-05 -1.000 1.475e-04 5.578 8.610 7.731 6.796 6.180 5.848 6.280 6.312 6.143 5.763 5.674 5.555 5.468 5.306 5.269 5.052 5.044 4.920
0.00015547 -2.00000 10.10000 0.6695921421 2.3627108774    0.669 -0.276  3.7716  4.578    1  0.000  0.542     0.00     0.00     0.00     0.00     0.00 -1 -2.67e-14      0.00 8.282e-01 1.717e-01 2.111e-05 5.713e-06 5.195e-05 -1.000 1.271e-04 5.459 8.384 7.464 6.582 6.007 5.692 6.134 6.171 6.008 5.641 5.554 5.439 5.354 5.195 5.159 4.948 4.940 4.821
0.00015547 -2.00000 10.10000 0.6787366271 2.3674516911    0.678 -0.229  3.7765  4.557    1  0.000  0.541     0.00     0.00     0.00     0.00     0.00 -1 -5.43e-15      0.00 8.335e-01 1.663e-01 2.056e-05 5.567e-06 5.063e-05 -1.000 1.218e-04 5.343 8.163 7.218 6.382 5.843 5.545 5.993 6.035 5.877 5.522 5.437 5.325 5.242 5.087 5.052 4.845 4.838 4.722
0.00015547 -2.00000 10.10000 0.6868518591 2.3715375503    0.687 -0.186  3.7807  4.536    1  0.000  0.541     0.00     0.00     0.00     0.00     0.00 -1 -1.31e-17      0.00 8.385e-01 1.614e-01 2.004e-05 5.429e-06 4.940e-05 -1.000 1.179e-04 5.236 7.964 7.000 6.203 5.695 5.411 5.864 5.910 5.757 5.412 5.330 5.220 5.139 4.987 4.953 4.750 4.744 4.631
0.00015547 -2.00000 10.10000 0.6947147846 2.3753918497    0.694 -0.144  3.7848  4.514    1  0.000  0.540     0.00     0.00     0.00     0.00     0.00 -1 -1.18e-15      0.00 8.436e-01 1.563e-01 1.951e-05 5.288e-06 4.814e-05 -1.000 1.284e-04 5.129 7.768 6.796 6.034 5.554 5.283 5.738 5.786 5.637 5.303 5.222 5.115 5.035 4.887 4.854 4.655 4.649 4.540
0.00015547 -2.00000 10.10000 0.6999999881 2.3779266974    0.700 -0.114  3.7876  4.499    1  0.000  0.540     0.00     0.00     0.00     0.00     0.00 -1 -6.47e-14      0.00 8.471e-01 1.527e-01 1.914e-05 5.190e-06 4.725e-05 -1.000 1.327e-04 5.055 7.636 6.660 5.919 5.458 5.196 5.652 5.701 5.555 5.227 5.147 5.043 4.964 4.818 4.785 4.590 4.583 4.477
0.00015547 -2.00000 10.10000 0.7081702948 2.3817597843    0.708 -0.066  3.7916  4.472    1  0.000  0.538     0.00     0.00     0.00     0.00     0.00 -1 -7.42e-14      0.00 8.517e-01 1.482e-01 1.867e-05 5.076e-06 4.625e-05 -1.000 1.468e-04 4.934 7.432 6.454 5.744 5.309 5.059 5.513 5.563 5.422 5.104 5.026 4.924 4.847 4.704 4.672 4.481 4.475 4.372
0.00015547 -2.00000 10.10000 0.7164254189 2.3855307276    0.716 -0.014  3.7956  4.441    1  0.000  0.536     0.00     0.00     0.00     0.00     0.00 -1  -8.6e-14      0.00 8.559e-01 1.441e-01 1.826e-05 4.978e-06 4.539e-05 -1.000 8.263e-05 4.805 7.222 6.247 5.566 5.155 4.918 5.367 5.418 5.281 4.972 4.896 4.796 4.721 4.582 4.550 4.363 4.357 4.258
0.00015547 -2.00000 10.10000 0.7235149741 2.3886903752    0.723  0.033  3.7989  4.412    1  0.000  0.535     0.00     0.00     0.00     0.00     0.00 -1 -9.86e-14      0.00 8.590e-01 1.409e-01 1.797e-05 4.909e-06 4.480e-05 -1.000 7.609e-05 4.688 7.039 6.066 5.410 5.018 4.791 5.235 5.286 5.153 4.852 4.777 4.680 4.606 4.470 4.439 4.255 4.250 4.153
0.00015547 -2.00000 10.10000 0.7303828001 2.3916840343    0.730  0.081  3.8020  4.380    1  0.000  0.533     0.00     0.00     0.00     0.00     0.00 -1 -8.99e-14      0.00 8.617e-01 1.382e-01 1.772e-05 4.853e-06 4.432e-05 -1.000 1.425e-04 4.567 6.860 5.891 5.257 4.882 4.665 5.101 5.151 5.021 4.727 4.654 4.559 4.487 4.353 4.323 4.142 4.137 4.043
0.00015547 -2.00000 10.10000 0.7372506857 2.3946136677    0.737  0.133  3.8050  4.344    1  0.000  0.532     0.00     0.00     0.00     0.00     0.00 -1 -1.15e-17      0.00 8.642e-01 1.357e-01 1.750e-05 4.804e-06 4.390e-05 -1.000 1.413e-04 4.436 6.676 5.714 5.099 4.740 4.531 4.958 5.008 4.880 4.593 4.522 4.429 4.358 4.226 4.197 4.019 4.015 3.923
0.00015547 -2.00000 10.10000 0.7451859713 2.3979214116    0.744  0.199  3.8082  4.295    1  0.000  0.530     0.00     0.00     0.00     0.00     0.00 -1 -4.12e-15      0.00 8.668e-01 1.331e-01 1.728e-05 4.755e-06 4.348e-05 -1.000 1.144e-04 4.272 6.456 5.502 4.908 4.565 4.366 4.780 4.828 4.704 4.425 4.354 4.264 4.194 4.065 4.037 3.863 3.858 3.769
0.00015547 -2.00000 10.10000 0.7500000000 2.3998889087    0.749  0.242  3.8099  4.262    1  0.000  0.529     0.00     0.00     0.00     0.00     0.00 -1 -1.86e-13      0.00 8.684e-01 1.316e-01 1.715e-05 4.726e-06 4.324e-05 -1.000 6.880e-05 4.164 6.320 5.370 4.787 4.454 4.259 4.665 4.712 4.590 4.314 4.245 4.156 4.087 3.960 3.931 3.759 3.755 3.667
0.00015547 -2.00000 10.10000 0.7545223832 2.4017109329    0.754  0.286  3.8115  4.227    1  0.000  0.529     0.00     0.00     0.00     0.00     0.00 -1 -2.13e-13      0.00 8.686e-01 1.313e-01 1.718e-05 4.734e-06 4.332e-05 -1.000 9.902e-05 4.055 6.186 5.242 4.669 4.344 4.154 4.549 4.595 4.475 4.203 4.135 4.047 3.978 3.853 3.825 3.654 3.650 3.564
0.00015547 -2.00000 10.10000 0.7595320344 2.4037001711    0.759  0.336  3.8130  4.186    1  0.000  0.528     0.00     0.00     0.00     0.00     0.00 -1 -2.51e-13      0.00 8.677e-01 1.322e-01 1.732e-05 4.774e-06 4.369e-05 -1.000 1.001e-04 3.929 6.038 5.099 4.536 4.217 4.032 4.416 4.459 4.341 4.074 4.006 3.919 3.851 3.727 3.700 3.531 3.527 3.442
0.00015547 -2.00000 10.10000 0.7636273503 2.4053040656    0.763  0.382  3.8136  4.145    1  0.000  0.528     0.00     0.00     0.00     0.00     0.00 -1 -2.91e-13      0.00 8.666e-01 1.333e-01 1.747e-05 4.816e-06 4.407e-05 -1.000 9.988e-05 3.816 5.920 4.984 4.425 4.109 3.925 4.300 4.342 4.225 3.959 3.892 3.805 3.738 3.615 3.587 3.419 3.415 3.331
0.00015547 -2.00000 10.10000 0.7651683092 2.4059024587    0.764  0.400  3.8134  4.126    1  0.000  0.528     0.00     0.00     0.00     0.00     0.00 -1 -3.11e-13      0.00 8.662e-01 1.337e-01 1.753e-05 4.832e-06 4.422e-05 -1.000 1.000e-04 3.769 5.876 4.941 4.381 4.065 3.881 4.252 4.294 4.177 3.911 3.844 3.757 3.690 3.567 3.539 3.371 3.367 3.283
0.00015547 -2.00000 10.10000 0.7693552375 2.4075144368    0.768  0.456  3.8116  4.066    1  0.000  0.528     0.00     0.00     0.00     0.00     0.00 -1 -3.76e-13      0.00 8.651e-01 1.348e-01 1.768e-05 4.875e-06 4.462e-05 -1.000 9.993e-05 3.631 5.767 4.830 4.264 3.940 3.753 4.118 4.159 4.041 3.773 3.705 3.618 3.550 3.425 3.397 3.228 3.224 3.138
0.00015547 -2.00000 10.10000 0.7722849250 2.4086304287    0.771  0.499  3.8090  4.013    1  0.000  0.528     0.00     0.00     0.00     0.00     0.00 -1 -4.41e-13      0.00 8.643e-01 1.356e-01 1.779e-05 4.905e-06 4.489e-05 -1.000 9.996e-05 3.521 5.701 4.761 4.181 3.847 3.654 4.017 4.057 3.937 3.664 3.596 3.507 3.438 3.311 3.283 3.112 3.107 3.019
0.00015547 -2.00000 10.10000 0.7729097009 2.4088671633    0.772  0.509  3.8082  4.001    1  0.000  0.528     0.00     0.00     0.00     0.00     0.00 -1  -4.6e-13      0.00 8.641e-01 1.358e-01 1.782e-05 4.911e-06 4.495e-05 -1.000 9.993e-05 3.496 5.689 4.748 4.164 3.826 3.632 3.994 4.034 3.914 3.640 3.571 3.481 3.412 3.285 3.257 3.085 3.080 2.991
0.00015547 -2.00000 10.10000 0.7735062838 2.4090928049    0.772  0.520  3.8070  3.986    1  0.000  0.528     0.00     0.00     0.00     0.00     0.00 -1  -4.8e-13      0.00 8.640e-01 1.359e-01 1.784e-05 4.918e-06 4.501e-05 -1.000 1.000e-04 3.469 5.683 4.741 4.150 3.806 3.609 3.971 4.011 3.889 3.613 3.544 3.454 3.384 3.257 3.228 3.055 3.050 2.960
0.00015547 -2.00000 10.10000 0.7755141854 2.4098493078    0.774  0.560  3.8018  3.927    2  0.000  0.528     0.00     0.00     0.00     0.00     0.00 -1 -5.59e-13      0.00 8.634e-01 1.365e-01 1.791e-05 4.938e-06 4.520e-05 -1.000 9.996e-05 3.371 5.675 4.727 4.105 3.738 3.528 3.890 3.930 3.804 3.518 3.447 3.354 3.282 3.151 3.121 2.943 2.938 2.844
0.00015547 -2.00000 10.10000 0.7770521641 2.4104257213    0.776  0.595  3.7954  3.866    2  0.000  0.528     0.00     0.00     0.00     0.00     0.00 -1  -6.5e-13      0.00 8.630e-01 1.369e-01 1.797e-05 4.954e-06 4.534e-05 -1.000 9.993e-05 3.283 5.701 4.748 4.087 3.688 3.462 3.826 3.865 3.733 3.435 3.361 3.264 3.190 3.053 3.023 2.838 2.833 2.733
0.00015547 -2.00000 10.10000 0.7782577276 2.4108757189    0.777  0.627  3.7878  3.804    2  0.000  0.528     0.00     0.00     0.00     0.00     0.00 -1 -7.51e-13      0.00 8.623e-01 1.375e-01 1.806e-05 4.980e-06 4.558e-05 -1.000 1.140e-04 3.202 5.756 4.801 4.091 3.654 3.409 3.776 3.813 3.675 3.361 3.284 3.182 3.105 2.963 2.931 2.739 2.733 2.627
0.00015547 -2.00000 10.10000 0.7792302370 2.4112375584    0.778  0.657  3.7795  3.742    2  0.000  0.529     0.00     0.00     0.00     0.00     0.00 -1 -8.63e-13      0.00 8.557e-01 1.442e-01 1.882e-05 5.185e-06 4.744e-05 -1.000 1.047e-04 3.128 5.832 4.882 4.116 3.635 3.368 3.738 3.773 3.627 3.296 3.215 3.108 3.028 2.880 2.846 2.646 2.639 2.526
0.00015547 -2.00000 10.10000 0.7800465822 2.4115404933    0.778  0.685  3.7715  3.683    2  0.000  0.530     0.00     0.00     0.00     0.00     0.00 -1 -9.84e-13      0.00 8.363e-01 1.636e-01 2.078e-05 5.716e-06 5.222e-05 -1.000 1.023e-04 3.059 5.920 4.993 4.161 3.630 3.340 3.708 3.739 3.585 3.235 3.151 3.039 2.956 2.801 2.766 2.558 2.550 2.431
0.00015547 -2.00000 10.10000 0.7807670832 2.4118072565    0.779  0.713  3.7639  3.624    2  0.000  0.533     0.00     0.00     0.00     0.00     0.00 -1 -1.12e-12      0.00 8.097e-01 1.902e-01 2.334e-05 6.403e-06 5.837e-05 -1.000 1.135e-04 2.988 5.991 5.101 4.204 3.622 3.311 3.676 3.702 3.541 3.173 3.086 2.969 2.884 2.723 2.686 2.471 2.462 2.336
0.00015547 -2.00000 10.10000 0.7814064026 2.4120434889    0.780  0.744  3.7571  3.566    2  0.000  0.535     0.00     0.00     0.00     0.00     0.00 -1 -1.29e-12      0.00 7.921e-01 2.078e-01 2.500e-05 6.847e-06 6.233e-05 -1.000 1.140e-04 2.909 6.033 5.193 4.234 3.605 3.274 3.635 3.656 3.487 3.104 3.014 2.893 2.805 2.639 2.601 2.378 2.369 2.238
0.00015547 -2.00000 10.10000 0.7820398211 2.4122771028    0.780  0.784  3.7510  3.502    2  0.000  0.536     0.00     0.00     0.00     0.00     0.00 -1 -1.52e-12      0.00 7.814e-01 2.185e-01 2.602e-05 7.120e-06 6.476e-05 -1.000 1.569e-04 2.809 6.034 5.250 4.235 3.564 3.216 3.570 3.586 3.411 3.013 2.920 2.795 2.704 2.534 2.494 2.266 2.256 2.119
0.00015547 -2.00000 10.10000 0.7825399041 2.4124612335    0.781  0.823  3.7470  3.447    2  0.000  0.536     0.00     0.00     0.00     0.00     0.00 -1 -1.77e-12      0.00 7.761e-01 2.237e-01 2.652e-05 7.254e-06 6.596e-05 -1.000 1.637e-04 2.711 6.002 5.268 4.213 3.510 3.150 3.497 3.509 3.329 2.921 2.827 2.699 2.607 2.433 2.393 2.160 2.151 2.010
0.00015547 -2.00000 10.10000 0.7828817964 2.4125869626    0.781  0.853  3.7446  3.408    2  0.000  0.536     0.00     0.00     0.00     0.00     0.00 -1 -1.99e-12      0.00 7.733e-01 2.265e-01 2.678e-05 7.322e-06 6.658e-05 -1.000 1.636e-04 2.637 5.966 5.266 4.185 3.463 3.095 3.438 3.447 3.264 2.851 2.756 2.626 2.533 2.358 2.317 2.081 2.072 1.929
0.00015547 -2.00000 10.10000 0.7831838131 2.4126979227    0.781  0.883  3.7430  3.372    3  0.000  0.536     0.00     0.00     0.00     0.00     0.00 -1 -2.22e-12      0.00 7.716e-01 2.283e-01 2.694e-05 7.365e-06 6.696e-05 -1.000 1.494e-04 2.562 5.917 5.240 4.142 3.407 3.035 3.374 3.381 3.197 2.779 2.683 2.553 2.459 2.282 2.241 2.004 1.994 1.850
0.00015547 -2.00000 10.10000 0.7835797668 2.4128432460    0.782  0.924  3.7409  3.323    3  0.000  0.537     0.00     0.00     0.00     0.00     0.00 -1 -2.58e-12      0.00 7.694e-01 2.305e-01 2.712e-05 7.414e-06 6.740e-05 -1.000 1.474e-04 2.460 5.847 5.198 4.078 3.328 2.950 3.284 3.289 3.103 2.681 2.584 2.452 2.358 2.179 2.138 1.899 1.888 1.742
0.00015547 -2.00000 10.10000 0.7839786410 2.4129894705    0.782  0.968  3.7390  3.272    3  0.000  0.537     0.00     0.00     0.00     0.00     0.00 -1 -3.02e-12      0.00 7.674e-01 2.325e-01 2.727e-05 7.455e-06 6.777e-05 -1.000 1.375e-04 2.351 5.764 5.145 4.007 3.242 2.859 3.187 3.189 3.002 2.575 2.477 2.344 2.249 2.070 2.028 1.787 1.776 1.628
0.00015547 -2.00000 10.10000 0.7843607664 2.4131293946    0.782  1.012  3.7374  3.221    3  0.000  0.537     0.00     0.00     0.00     0.00     0.00 -1 -3.55e-12      0.00 7.657e-01 2.342e-01 2.740e-05 7.488e-06 6.806e-05 -1.000 1.626e-04 2.240 5.674 5.084 3.929 3.152 2.764 3.087 3.087 2.897 2.467 2.369 2.235 2.139 1.958 1.916 1.673 1.663 1.513
0.00015547 -2.00000 10.10000 0.7847668529 2.4132779208    0.783  1.063  3.7357  3.164    3  0.000  0.537     0.00     0.00     0.00     0.00     0.00 -1 -4.25e-12      0.00 7.639e-01 2.359e-01 2.750e-05 7.518e-06 6.832e-05 -1.000 1.637e-04 2.113 5.570 5.012 3.839 3.048 2.656 2.972 2.970 2.778 2.344 2.245 2.110 2.014 1.832 1.789 1.545 1.534 1.383
0.00015547 -2.00000 10.10000 0.7851076126 2.4134024175    0.783  1.108  3.7342  3.112    3  0.000  0.537     0.00     0.00     0.00     0.00     0.00 -1 -5.01e-12      0.00 7.625e-01 2.373e-01 2.759e-05 7.540e-06 6.852e-05 -1.000 1.636e-04 2.000 5.476 4.943 3.755 2.953 2.557 2.868 2.864 2.671 2.233 2.134 1.998 1.902 1.718 1.675 1.429 1.419 1.266
0.00015547 -2.00000 10.10000 0.7854523659 2.4135282468    0.783  1.158  3.7327  3.057    3  0.000  0.537     0.00     0.00     0.00     0.00     0.00 -1 -5.98e-12      0.00 7.612e-01 2.387e-01 2.765e-05 7.560e-06 6.869e-05 -1.000 1.503e-04 1.876 5.371 4.865 3.662 2.848 2.448 2.754 2.748 2.553 2.112 2.013 1.876 1.779 1.594 1.551 1.304 1.293 1.138
0.00015547 -2.00000 10.10000 0.7857906818 2.4136516031    0.783  1.211  3.7311  2.998    3  0.000  0.537     0.00     0.00     0.00     0.00     0.00 -1 -7.24e-12      0.00 7.598e-01 2.400e-01 2.770e-05 7.579e-06 6.885e-05 -1.000 1.535e-04 1.743 5.260 4.782 3.561 2.735 2.332 2.632 2.624 2.427 1.983 1.883 1.745 1.648 1.462 1.419 1.170 1.158 1.003
0.00015547 -2.00000 10.10000 0.7860636711 2.4137510511    0.783  1.258  3.7296  2.945    3  0.000  0.536     0.00     0.00     0.00     0.00     0.00 -1 -8.56e-12      0.00 7.588e-01 2.411e-01 2.773e-05 7.595e-06 6.895e-05 -1.000 1.622e-04 1.626 5.162 4.714 3.477 2.639 2.231 2.524 2.514 2.316 1.869 1.768 1.629 1.531 1.345 1.301 1.051 1.039 0.882
0.00015547 -2.00000 10.10000 0.7863270640 2.4138469280    0.784  1.307  3.7282  2.890    3  0.000  0.536     0.00     0.00     0.00     0.00     0.00 -1 -1.02e-11      0.00 7.578e-01 2.420e-01 2.774e-05 7.612e-06 6.905e-05 -1.000 1.637e-04 1.503 5.057 4.644 3.390 2.538 2.127 2.412 2.399 2.200 1.749 1.648 1.508 1.410 1.222 1.178 0.926 0.915 0.756
0.00015547 -2.00000 10.10000 0.7865636945 2.4139330001    0.784  1.355  3.7267  2.836    3  0.000  0.535     0.00     0.00     0.00     0.00     0.00 -1 -1.21e-11      0.00 7.570e-01 2.429e-01 2.773e-05 7.631e-06 6.912e-05 -1.000 1.620e-04 1.383 4.954 4.576 3.305 2.440 2.024 2.302 2.287 2.086 1.632 1.530 1.390 1.291 1.102 1.058 0.805 0.793 0.633
0.00015547 -2.00000 10.10000 0.7867780328 2.4140109123    0.784  1.402  3.7252  2.783    3  0.000  0.534     0.00     0.00     0.00     0.00     0.00 -1 -1.44e-11      0.00 7.563e-01 2.436e-01 2.771e-05 7.653e-06 6.917e-05 -1.000 1.541e-04 1.265 4.854 4.511 3.222 2.343 1.923 2.194 2.177 1.974 1.516 1.414 1.273 1.173 0.984 0.939 0.684 0.672 0.511
0.00015547 -2.00000 10.10000 0.7869699001 2.4140806149    0.784  1.449  3.7237  2.730    3  0.000  0.534     0.00     0.00     0.00     0.00     0.00 -1  -1.7e-11      0.00 7.557e-01 2.441e-01 2.769e-05 7.676e-06 6.922e-05 -1.000 1.584e-04 1.148 4.755 4.447 3.140 2.248 1.824 2.088 2.069 1.864 1.403 1.300 1.158 1.058 0.867 0.822 0.566 0.554 0.391
0.00015547 -2.00000 10.10000 0.7871513963 2.4141465138    0.784  1.497  3.7222  2.676    3  0.000  0.533     0.00     0.00     0.00     0.00     0.00 -1 -2.03e-11      0.00 7.552e-01 2.446e-01 2.766e-05 7.702e-06 6.926e-05 -1.000 1.636e-04 1.027 4.652 4.379 3.054 2.149 1.720 1.978 1.956 1.750 1.286 1.182 1.039 0.939 0.747 0.701 0.444 0.431 0.267
0.00015547 -2.00000 10.10000 0.7873126268 2.4142050253    0.784  1.544  3.7206  2.623    3  0.000  0.532     0.00     0.00     0.00     0.00     0.00 -1  -2.4e-11      0.00 7.549e-01 2.450e-01 2.764e-05 7.726e-06 6.928e-05 -1.000 1.636e-04 0.910 4.554 4.317 2.973 2.053 1.620 1.872 1.848 1.640 1.172 1.068 0.923 0.823 0.630 0.584 0.324 0.312 0.146
0.00015547 -2.00000 10.10000 0.7874559164 2.4142570027    0.784  1.590  3.7191  2.571    3  0.000  0.532     0.00     0.00     0.00     0.00     0.00 -1 -2.83e-11      0.00 7.546e-01 2.452e-01 2.762e-05 7.744e-06 6.930e-05 -1.000 1.636e-04 0.796 4.456 4.259 2.896 1.962 1.524 1.769 1.743 1.533 1.061 0.956 0.811 0.710 0.516 0.470 0.209 0.196 0.029
0.00015547 -2.00000 10.10000 0.7875856757 2.4143040533    0.784  1.635  3.7175  2.519    3  0.000  0.531     0.00     0.00     0.00     0.00     0.00 -1 -3.33e-11      0.00 7.545e-01 2.454e-01 2.760e-05 7.754e-06 6.931e-05 -1.000 1.549e-04 0.683 4.359 4.204 2.821 1.872 1.430 1.668 1.640 1.428 0.952 0.847 0.701 0.599 0.404 0.358 0.095 0.082 -0.086
0.00015547 -2.00000 10.10000 0.7877073884 2.4143481701    0.783  1.681  3.7159  2.467    3  0.000  0.531     0.00     0.00     0.00     0.00     0.00 -1 -3.94e-11      0.00 7.544e-01 2.455e-01 2.759e-05 7.761e-06 6.931e-05 -1.000 1.636e-04 0.568 4.263 4.160 2.753 1.785 1.338 1.567 1.535 1.321 0.841 0.735 0.588 0.486 0.289 0.242 -0.022 -0.035 -0.205
0.00015547 -2.00000 10.10000 0.7878147960 2.4143870887    0.783  1.725  3.7143  2.416    3  0.000  0.531     0.00     0.00     0.00     0.00     0.00 -1 -4.62e-11      0.00 7.544e-01 2.455e-01 2.759e-05 7.764e-06 6.932e-05 -1.000 1.637e-04 0.457 4.172 4.127 2.694 1.706 1.252 1.470 1.436 1.219 0.734 0.627 0.479 0.376 0.179 0.131 -0.135 -0.148 -0.320
0.00015547 -2.00000 10.10000 0.7879140973 2.4144230592    0.783  1.770  3.7128  2.365    3  0.000  0.531     0.00     0.00     0.00     0.00     0.00 -1 -5.43e-11      0.00 7.544e-01 2.455e-01 2.759e-05 7.765e-06 6.932e-05 -1.000 1.637e-04 0.346 4.079 4.091 2.633 1.624 1.164 1.373 1.335 1.116 0.626 0.519 0.369 0.266 0.067 0.019 -0.248 -0.262 -0.435
0.00015547 -2.00000 10.10000 0.7880051732 2.4144560409    0.783  1.814  3.7111  2.314    3  0.000  0.531     0.00     0.00     0.00     0.00     0.00 -1 -6.38e-11      0.00 7.544e-01 2.455e-01 2.759e-05 7.766e-06 6.932e-05 -1.000 1.637e-04 0.235 3.988 4.058 2.575 1.544 1.078 1.277 1.235 1.013 0.519 0.411 0.260 0.156 -0.044 -0.092 -0.362 -0.375 -0.550
0.00015547 -2.00000 10.10000 0.7880861759 2.4144853675    0.783  1.857  3.7095  2.265    3  0.000  0.531     0.00     0.00     0.00     0.00     0.00 -1 -1.49e-12      0.00 7.543e-01 2.455e-01 2.759e-05 7.766e-06 6.932e-05 -1.000 1.637e-04 0.128 3.899 4.030 2.520 1.468 0.996 1.185 1.140 0.915 0.416 0.307 0.156 0.051 -0.151 -0.199 -0.470 -0.484 -0.661
0.00015547 -2.00000 10.10000 0.7881610394 2.4145124652    0.782  1.900  3.7079  2.216    3  0.000  0.531     0.00     0.00     0.00     0.00     0.00 -1 -1.78e-13      0.00 7.543e-01 2.455e-01 2.759e-05 7.766e-06 6.932e-05 -1.000 1.637e-04 0.021 3.809 4.005 2.468 1.394 0.915 1.094 1.045 0.818 0.314 0.204 0.051 -0.054 -0.257 -0.306 -0.579 -0.592 -0.771
0.00015547 -2.00000 10.10000 0.7882328629 2.4145384570    0.782  1.944  3.7063  2.165    3  0.000  0.531     0.00     0.00     0.00     0.00     0.00 -1 -1.25e-13      0.00 7.543e-01 2.455e-01 2.759e-05 7.767e-06 6.933e-05 -1.000 1.637e-04 -0.089 3.716 3.981 2.415 1.317 0.832 1.000 0.948 0.718 0.208 0.098 -0.057 -0.163 -0.367 -0.416 -0.691 -0.705 -0.885
0.00015547 -2.00000 10.10000 0.7882944345 2.4145607345    0.782  1.985  3.7046  2.117    3  0.000  0.531     0.00     0.00     0.00     0.00     0.00 -1 -1.47e-13      0.00 7.543e-01 2.455e-01 2.759e-05 7.767e-06 6.933e-05 -1.000 1.636e-04 -0.192 3.630 3.963 2.368 1.248 0.756 0.914 0.858 0.625 0.110 -0.001 -0.156 -0.263 -0.469 -0.518 -0.795 -0.809 -0.991
0.00015547 -2.00000 10.10000 0.7883513570 2.4145813263    0.782  2.026  3.7031  2.070    3  0.000  0.531     0.00     0.00     0.00     0.00     0.00 -1 -1.73e-13      0.00 7.543e-01 2.455e-01 2.759e-05 7.767e-06 6.933e-05 -1.000 1.637e-04 -0.294 3.544 3.943 2.320 1.177 0.680 0.829 0.769 0.533 0.013 -0.099 -0.256 -0.363 -0.570 -0.620 -0.898 -0.913 -1.096
0.00015547 -2.00000 10.10000 0.7884057164 2.4146009877    0.781  2.067  3.7014  2.021    3  0.000  0.531     0.00     0.00     0.00     0.00     0.00 -1 -2.03e-13      0.00 7.543e-01 2.455e-01 2.759e-05 7.768e-06 6.933e-05 -1.000 1.636e-04 -0.398 3.455 3.922 2.272 1.105 0.601 0.741 0.678 0.439 -0.087 -0.200 -0.357 -0.466 -0.674 -0.724 -1.005 -1.019 -1.204
0.00015547 -2.00000 10.10000 0.7884531617 2.4146181457    0.781  2.106  3.6998  1.976    3  0.000  0.531     0.00     0.00     0.00     0.00     0.00 -1 -2.35e-13      0.00 7.543e-01 2.455e-01 2.759e-05 7.768e-06 6.933e-05 -1.000 1.637e-04 -0.495 3.375 3.919 2.237 1.045 0.534 0.662 0.595 0.353 -0.179 -0.292 -0.452 -0.560 -0.770 -0.821 -1.103 -1.118 -1.304
0.00015547 -2.00000 10.10000 0.7884976864 2.4146342454    0.781  2.144  3.6983  1.931    3  0.000  0.531     0.00     0.00     0.00     0.00     0.00 -1 -2.72e-13      0.00 7.543e-01 2.455e-01 2.759e-05 7.768e-06 6.933e-05 -1.000 1.636e-04 -0.591 3.294 3.921 2.209 0.989 0.470 0.586 0.513 0.268 -0.270 -0.384 -0.544 -0.654 -0.865 -0.916 -1.200 -1.215 -1.403
0.00015547 -2.00000 10.10000 0.7885438800 2.4146509464    0.780  2.180  3.6968  1.889    3  0.000  0.531     0.00     0.00     0.00     0.00     0.00 -1 -3.13e-13      0.00 7.543e-01 2.455e-01 2.759e-05 7.768e-06 6.933e-05 -1.000 1.636e-04 -0.681 3.216 3.921 2.180 0.934 0.410 0.512 0.436 0.188 -0.356 -0.470 -0.632 -0.742 -0.954 -1.006 -1.292 -1.307 -1.496
0.00015547 -2.00000 10.10000 0.7885951400 2.4146694764    0.780  2.210  3.6957  1.855    3  0.000  0.531     0.00     0.00     0.00     0.00     0.00 -1 -3.55e-13      0.00 7.543e-01 2.455e-01 2.759e-05 7.768e-06 6.933e-05 -1.000 1.636e-04 -0.755 3.153 3.922 2.158 0.890 0.360 0.453 0.373 0.122 -0.426 -0.541 -0.704 -0.814 -1.028 -1.080 -1.367 -1.382 -1.573
0.00015547 -2.00000 10.10000 0.7886212468 2.4146789128    0.779  2.203  3.6962  1.863    3  0.000  0.531     0.00     0.00     0.00     0.00     0.00 -1 -3.54e-13      0.00 7.543e-01 2.455e-01 2.759e-05 7.769e-06 6.933e-05 -1.000 1.636e-04 -0.738 3.166 3.909 2.155 0.896 0.368 0.464 0.385 0.135 -0.410 -0.525 -0.688 -0.798 -1.011 -1.063 -1.349 -1.364 -1.555
0.00015547 -2.00000 10.10000 0.7886274457 2.4146811532    0.779  2.210  3.6959  1.855    3  0.000  0.531     0.00     0.00     0.00     0.00     0.00 -1 -3.62e-13      0.00 7.543e-01 2.455e-01 2.759e-05 7.769e-06 6.933e-05 -1.000 1.636e-04 -0.754 3.152 3.912 2.152 0.887 0.358 0.451 0.371 0.121 -0.426 -0.541 -0.704 -0.814 -1.027 -1.079 -1.366 -1.381 -1.572
0.00015547 -2.00000 10.10000 0.7886617780 2.4146935613    0.779  2.251  3.6941  1.807    3  0.000  0.531     0.00     0.00     0.00     0.00     0.00 -1 -4.18e-13      0.00 7.543e-01 2.455e-01 2.759e-05 7.769e-06 6.933e-05 -1.000 1.636e-04 -0.857 3.065 3.922 2.127 0.829 0.292 0.370 0.285 0.031 -0.523 -0.639 -0.803 -0.915 -1.129 -1.182 -1.471 -1.486 -1.679
0.00015547 -2.00000 10.10000 0.7886963487 2.4147060544    0.778  2.295  3.6923  1.755    3  0.000  0.531     0.00     0.00     0.00     0.00     0.00 -1 -4.89e-13      0.00 7.543e-01 2.455e-01 2.759e-05 7.769e-06 6.933e-05 -1.000 1.636e-04 -0.967 2.971 3.925 2.094 0.764 0.219 0.283 0.193 -0.066 -0.626 -0.744 -0.909 -1.022 -1.238 -1.291 -1.582 -1.598 -1.792
0.00015547 -2.00000 10.10000 0.7887257934 2.4147166940    0.778  2.335  3.6904  1.708    3  0.000  0.531     0.00     0.00     0.00     0.00     0.00 -1 -5.64e-13      0.00 7.543e-01 2.456e-01 2.759e-05 7.769e-06 6.933e-05 -1.000 1.636e-04 -1.067 2.887 3.940 2.074 0.710 0.157 0.207 0.111 -0.151 -0.720 -0.838 -1.005 -1.118 -1.337 -1.390 -1.683 -1.699 -1.895
0.00015547 -2.00000 10.10000 0.7887547016 2.4147271388    0.777  2.376  3.6885  1.658    3  0.000  0.531     0.00     0.00     0.00     0.00     0.00 -1 -6.55e-13      0.00 7.543e-01 2.456e-01 2.759e-05 7.769e-06 6.933e-05 -1.000 1.637e-04 -1.171 2.797 3.957 2.055 0.656 0.094 0.128 0.026 -0.241 -0.817 -0.936 -1.105 -1.219 -1.439 -1.493 -1.789 -1.805 -2.003
0.00015547 -2.00000 10.10000 0.7887817025 2.4147368938    0.776  2.418  3.6868  1.609    3  0.000  0.531     0.00     0.00     0.00     0.00     0.00 -1 -7.59e-13      0.00 7.543e-01 2.456e-01 2.759e-05 7.769e-06 6.933e-05 -1.000 1.636e-04 -1.276 2.706 3.970 2.034 0.599 0.030 0.048 -0.059 -0.331 -0.914 -1.035 -1.205 -1.320 -1.542 -1.597 -1.895 -1.911 -2.111
0.00015547 -2.00000 10.10000 0.7888053060 2.4147454206    0.776  2.458  3.6848  1.561    3  0.000  0.531     0.00     0.00     0.00     0.00     0.00 -1 -8.72e-13      0.00 7.543e-01 2.456e-01 2.759e-05 7.769e-06 6.933e-05 -1.000 1.636e-04 -1.374 2.623 3.980 2.035 0.564 -0.015 -0.017 -0.133 -0.411 -1.005 -1.127 -1.299 -1.415 -1.639 -1.694 -1.995 -2.011 -2.213
0.00015547 -2.00000 10.10000 0.7888287306 2.4147538823    0.775  2.499  3.6829  1.512    3  0.000  0.531     0.00     0.00     0.00     0.00     0.00 -1 -1.01e-12      0.00 7.543e-01 2.456e-01 2.759e-05 7.769e-06 6.933e-05 -1.000 1.637e-04 -1.479 2.533 3.968 2.043 0.536 -0.053 -0.083 -0.210 -0.496 -1.103 -1.226 -1.401 -1.518 -1.744 -1.800 -2.102 -2.119 -2.323
0.00015547 -2.00000 10.10000 0.7888494730 2.4147613746    0.774  2.539  3.6811  1.464    3  0.000  0.531     7.16     5.65     4.01     3.10     2.51  3 -1.16e-12      0.00 7.543e-01 2.456e-01 2.759e-05 7.770e-06 6.933e-05 -1.000 1.637e-04 -1.578 2.449 3.968 2.064 0.518 -0.081 -0.140 -0.279 -0.575 -1.195 -1.320 -1.497 -1.616 -1.844 -1.900 -2.205 -2.222 -2.428
0.00015547 -2.00000 10.10000 0.7888689041 2.4147683929    0.773  2.579  3.6791  1.416    3  0.000  0.531     7.92     6.16     4.35     3.37     2.73  3 -1.33e-12      0.00 7.543e-01 2.456e-01 2.759e-05 7.770e-06 6.933e-05 -1.000 1.636e-04 -1.677 2.365 3.976 2.095 0.507 -0.103 -0.192 -0.345 -0.650 -1.285 -1.413 -1.592 -1.712 -1.943 -1.999 -2.307 -2.324 -2.533
0.00015547 -2.00000 10.10000 0.7888873219 2.4147750448    0.772  2.619  3.6772  1.367    3  0.000  0.531     8.77     6.72     4.73     3.67     2.97  3 -1.53e-12      0.00 7.543e-01 2.456e-01 2.759e-05 7.770e-06 6.934e-05 -1.000 1.637e-04 -1.778 2.279 3.986 2.131 0.498 -0.121 -0.242 -0.409 -0.725 -1.376 -1.506 -1.688 -1.810 -2.043 -2.100 -2.411 -2.428 -2.639
0.00015547 -2.00000 10.10000 0.7889072299 2.4147822345    0.771  2.666  3.6748  1.310    3  0.000  0.531     9.90     7.45     5.22     4.05     3.28  3 -1.79e-12      0.00 7.543e-01 2.456e-01 2.759e-05 7.770e-06 6.934e-05 -1.000 1.636e-04 -1.895 2.181 4.013 2.191 0.501 -0.129 -0.291 -0.477 -0.807 -1.480 -1.613 -1.799 -1.923 -2.159 -2.217 -2.532 -2.549 -2.763
0.00015547 -2.00000 10.10000 0.7889232039 2.4147880031    0.770  2.707  3.6729  1.261    3  0.000  0.531    10.98     8.14     5.68     4.42     3.58  3 -2.06e-12      0.00 7.543e-01 2.456e-01 2.759e-05 7.770e-06 6.934e-05 -1.000 1.636e-04 -1.997 2.096 4.037 2.243 0.504 -0.135 -0.332 -0.534 -0.877 -1.570 -1.705 -1.894 -2.021 -2.260 -2.319 -2.636 -2.654 -2.870
0.00015547 -2.00000 10.10000 0.7889396548 2.4147939437    0.769  2.752  3.6704  1.206    3  0.000  0.531    12.35     9.00     6.24     4.87     3.94  2 -2.41e-12      0.00 7.543e-01 2.456e-01 2.759e-05 7.770e-06 6.934e-05 -1.000 1.636e-04 -2.109 2.004 4.080 2.322 0.523 -0.127 -0.365 -0.589 -0.949 -1.667 -1.805 -1.999 -2.128 -2.372 -2.431 -2.753 -2.771 -2.989
0.00015547 -2.00000 10.10000 0.7889533043 2.4147988724    0.767  2.792  3.6686  1.157    3  0.000  0.531    13.68     9.82     6.78     5.30     4.29  2 -2.76e-12      0.00 7.543e-01 2.456e-01 2.759e-05 7.770e-06 6.934e-05 -1.000 1.637e-04 -2.209 1.919 4.111 2.383 0.533 -0.124 -0.399 -0.640 -1.015 -1.753 -1.895 -2.092 -2.223 -2.470 -2.531 -2.855 -2.874 -3.095
0.00015547 -2.00000 10.10000 0.7889670730 2.4148038440    0.766  2.835  3.6660  1.103    3  0.000  0.531    15.35    10.83     7.45     5.83     4.72  2  -3.2e-12      0.00 7.543e-01 2.456e-01 2.759e-05 7.770e-06 6.934e-05 -1.000 1.636e-04 -2.318 1.831 4.174 2.490 0.574 -0.092 -0.414 -0.681 -1.075 -1.842 -1.988 -2.191 -2.325 -2.576 -2.638 -2.967 -2.986 -3.210
0.00015547 -2.00000 10.10000 0.7889786363 2.4148080191    0.764  2.874  3.6641  1.056    3  0.000  0.531    16.95    11.79     8.08     6.32     5.12  2 -3.65e-12      0.00 7.543e-01 2.456e-01 2.759e-05 7.770e-06 6.934e-05 -1.000 1.637e-04 -2.415 1.750 4.213 2.562 0.596 -0.077 -0.436 -0.722 -1.132 -1.923 -2.072 -2.279 -2.416 -2.671 -2.733 -3.066 -3.085 -3.313
0.00015547 -2.00000 10.10000 0.7889906764 2.4148123663    0.762  2.918  3.6616  1.001    3  0.000  0.531    19.03    13.00     8.87     6.96     5.64  2 -4.23e-12      0.00 7.543e-01 2.456e-01 2.759e-05 7.770e-06 6.934e-05 -1.000 1.636e-04 -2.524 1.663 4.286 2.684 0.650 -0.031 -0.438 -0.751 -1.185 -2.009 -2.163 -2.376 -2.516 -2.777 -2.840 -3.178 -3.198 -3.428
0.00015547 -2.00000 10.10000 0.7890029550 2.4148167993    0.760  2.965  3.6591  0.942    3  0.000  0.531    21.55    14.45     9.81     7.71     6.25  2 -4.96e-12      0.00 7.543e-01 2.456e-01 2.759e-05 7.770e-06 6.934e-05 -1.000 1.636e-04 -2.643 1.564 4.346 2.805 0.705 0.017 -0.435 -0.777 -1.238 -2.101 -2.260 -2.480 -2.624 -2.891 -2.956 -3.300 -3.320 -3.555
0.00015547 -2.00000 10.10000 0.7890129089 2.4148203930    0.757  3.007  3.6566  0.889    3  0.000  0.531    24.09    15.89    10.74     8.45     6.85  1 -5.71e-12      0.00 7.543e-01 2.456e-01 2.759e-05 7.770e-06 6.934e-05 -1.000 1.636e-04 -2.746 1.479 4.418 2.907 0.746 0.050 -0.433 -0.798 -1.281 -2.176 -2.340 -2.567 -2.714 -2.987 -3.053 -3.404 -3.424 -3.663
0.00015547 -2.00000 10.10000 0.7890214324 2.4148234702    0.755  3.044  3.6546  0.842    3  0.000  0.531    26.60    17.28    11.64     9.17     7.43  1 -6.48e-12      0.00 7.543e-01 2.456e-01 2.759e-05 7.770e-06 6.934e-05 -1.000 1.636e-04 -2.840 1.399 4.470 2.960 0.750 0.048 -0.454 -0.833 -1.331 -2.249 -2.416 -2.648 -2.796 -3.075 -3.142 -3.497 -3.518 -3.760
0.00015547 -2.00000 10.10000 0.7890302539 2.4148266548    0.753  3.086  3.6521  0.789    3  0.000  0.531    29.74    19.00    12.74    10.05     8.15  1 -7.46e-12      0.00 7.543e-01 2.456e-01 2.759e-05 7.770e-06 6.934e-05 -1.000 1.637e-04 -2.944 1.312 4.540 3.032 0.764 0.055 -0.469 -0.865 -1.381 -2.326 -2.496 -2.734 -2.885 -3.169 -3.238 -3.599 -3.621 -3.867
0.00015547 -2.00000 10.10000 0.7890392542 2.4148299039    0.749  3.131  3.6495  0.732    3  0.000  0.531    33.55    21.04    14.05    11.10     9.00  1 -8.67e-12      0.00 7.543e-01 2.456e-01 2.759e-05 7.770e-06 6.934e-05 -1.000 1.636e-04 -3.056 1.216 4.606 3.103 0.774 0.058 -0.489 -0.903 -1.438 -2.410 -2.585 -2.829 -2.983 -3.273 -3.343 -3.710 -3.732 -3.983
0.00015547 -2.00000 10.10000 0.7890468240 2.4148326366    0.746  3.171  3.6470  0.680    3  0.000  0.531    37.46    23.11    15.36    12.15     9.86  1 -9.95e-12      0.00 7.543e-01 2.456e-01 2.759e-05 7.770e-06 6.934e-05 -1.000 1.636e-04 -3.158 1.131 4.663 3.175 0.790 0.066 -0.502 -0.933 -1.485 -2.483 -2.661 -2.912 -3.068 -3.364 -3.435 -3.809 -3.831 -4.086
0.00015547 -2.00000 10.10000 0.7890543938 2.4148353691    0.742  3.214  3.6445  0.625    3  0.000  0.531    42.05    25.48    16.86    13.36    10.85  1 -1.15e-11      0.00 7.543e-01 2.456e-01 2.759e-05 7.771e-06 6.934e-05 -1.000 1.636e-04 -3.265 1.041 4.713 3.243 0.801 0.071 -0.517 -0.965 -1.535 -2.561 -2.743 -3.000 -3.159 -3.460 -3.533 -3.913 -3.935 -4.195
0.00015547 -2.00000 10.10000 0.7890614867 2.4148379295    0.738  3.254  3.6421  0.573    3  0.000  0.531    46.96    27.97    18.43    14.63    11.88  1 -1.32e-11      0.00 7.543e-01 2.456e-01 2.759e-05 7.771e-06 6.934e-05 -1.000 1.636e-04 -3.365 0.957 4.761 3.314 0.817 0.080 -0.525 -0.989 -1.578 -2.632 -2.817 -3.081 -3.242 -3.550 -3.624 -4.010 -4.033 -4.298
0.00015547 -2.00000 10.10000 0.7890634537 2.4148386395    0.737  3.264  3.6415  0.559    3  0.000  0.531    48.27    28.63    18.84    14.97    12.15  1 -1.37e-11      0.00 7.543e-01 2.456e-01 2.759e-05 7.771e-06 6.934e-05 -1.000 1.636e-04 -3.390 0.935 4.771 3.330 0.820 0.081 -0.527 -0.995 -1.589 -2.650 -2.836 -3.101 -3.264 -3.572 -3.647 -4.035 -4.058 -4.323
0.00015547 -2.00000 10.10000 0.7890634537 2.4148386395    0.729  1.661  3.9209  3.275    4  0.000  0.532     0.00     0.00     0.00     0.00     0.00 -1    -1e-30      0.00 7.549e-01 2.450e-01 2.759e-05 7.739e-06 6.924e-05 -1.000 1.637e-04 0.619 1.497 1.231 1.069 0.977 0.945 0.720 0.704 0.687 0.651 0.638 0.626 0.612 0.589 0.584 0.541 0.537 0.495
0.00015547 -2.00000 10.10000 0.7890642285 2.4148389192    0.729  1.669  3.9157  3.246    4  0.000  0.532     0.00     0.00     0.00     0.00     0.00 -1    -1e-30      0.00 7.549e-01 2.450e-01 2.759e-05 7.739e-06 6.924e-05 -1.000 1.636e-04 0.596 1.554 1.247 1.072 0.968 0.930 0.701 0.683 0.664 0.620 0.605 0.591 0.576 0.550 0.543 0.496 0.492 0.448
0.00015547 -2.00000 10.10000 0.7891145349 2.4148570770    0.729  1.685  3.9082  3.200    4  0.000  0.532     0.00     0.00     0.00     0.00     0.00 -1    -1e-30      0.00 7.549e-01 2.450e-01 2.759e-05 7.739e-06 6.924e-05 -1.000 1.637e-04 0.557 1.630 1.264 1.069 0.950 0.902 0.667 0.647 0.624 0.571 0.553 0.536 0.518 0.487 0.479 0.426 0.421 0.374
0.00015547 -2.00000 10.10000 0.7891635299 2.4148747589    0.729  1.685  3.9088  3.203    4  0.000  0.532     0.00     0.00     0.00     0.00     0.00 -1    -1e-30      0.00 7.549e-01 2.450e-01 2.759e-05 7.739e-06 6.924e-05 -1.000 1.637e-04 0.557 1.620 1.260 1.066 0.948 0.901 0.666 0.646 0.624 0.571 0.554 0.537 0.519 0.489 0.481 0.428 0.424 0.377
0.00015547 -2.00000 10.10000 0.7892125845 2.4148924597    0.729  1.685  3.9095  3.205    4  0.000  0.532     0.00     0.00     0.00     0.00     0.00 -1    -1e-30      0.00 7.549e-01 2.450e-01 2.759e-05 7.739e-06 6.924e-05 -1.000 1.637e-04 0.557 1.610 1.255 1.064 0.947 0.901 0.665 0.646 0.624 0.572 0.555 0.538 0.521 0.491 0.484 0.431 0.427 0.380
0.00015547 -2.00000 10.10000 0.7892621756 2.4149103516    0.729  1.685  3.9101  3.208    4  0.000  0.532     0.00     0.00     0.00     0.00     0.00 -1    -1e-30      0.00 7.549e-01 2.450e-01 2.759e-05 7.739e-06 6.924e-05 -1.000 1.637e-04 0.558 1.601 1.252 1.062 0.946 0.901 0.664 0.645 0.624 0.573 0.556 0.540 0.523 0.493 0.486 0.434 0.430 0.383
0.00015547 -2.00000 10.10000 0.7893131375 2.4149287354    0.729  1.685  3.9105  3.210    4  0.000  0.532     0.00     0.00     0.00     0.00     0.00 -1    -1e-30      0.00 7.549e-01 2.450e-01 2.759e-05 7.739e-06 6.924e-05 -1.000 1.637e-04 0.558 1.594 1.248 1.060 0.945 0.900 0.664 0.645 0.624 0.574 0.557 0.541 0.524 0.495 0.488 0.436 0.432 0.385
0.00015547 -2.00000 10.10000 0.7893636823 2.4149469660    0.729  1.685  3.9108  3.211    4  0.000  0.532     0.00     0.00     0.00     0.00     0.00 -1    -1e-30      0.00 7.549e-01 2.450e-01 2.759e-05 7.739e-06 6.924e-05 -1.000 1.636e-04 0.558 1.591 1.247 1.059 0.945 0.900 0.664 0.645 0.624 0.574 0.558 0.542 0.525 0.495 0.488 0.437 0.433 0.386
0.00015547 -2.00000 10.10000 0.7894108891 2.4149639902    0.729  1.685  3.9107  3.211    4  0.000  0.532     0.00     0.00     0.00     0.00     0.00 -1    -1e-30      0.00 7.549e-01 2.450e-01 2.759e-05 7.739e-06 6.924e-05 -1.000 1.637e-04 0.558 1.591 1.247 1.059 0.945 0.900 0.664 0.645 0.624 0.574 0.557 0.541 0.524 0.495 0.488 0.436 0.432 0.386
0.00015547 -2.00000 10.10000 0.7894619107 2.4149823875    0.729  1.685  3.9104  3.209    4  0.000  0.532     0.00     0.00     0.00     0.00     0.00 -1    -1e-30      0.00 7.549e-01 2.450e-01 2.759e-05 7.739e-06 6.924e-05 -1.000 1.637e-04 0.557 1.595 1.248 1.059 0.945 0.899 0.663 0.644 0.623 0.573 0.556 0.540 0.523 0.493 0.486 0.435 0.430 0.384
0.00015547 -2.00000 10.10000 0.7895089388 2.4149993424    0.729  1.686  3.9097  3.206    4  0.000  0.532     0.00     0.00     0.00     0.00     0.00 -1    -1e-30      0.00 7.549e-01 2.450e-01 2.759e-05 7.739e-06 6.924e-05 -1.000 1.636e-04 0.555 1.605 1.252 1.061 0.945 0.899 0.663 0.643 0.622 0.570 0.553 0.537 0.519 0.489 0.482 0.430 0.426 0.379
0.00015547 -2.00000 10.10000 0.7895565629 2.4150165098    0.729  1.687  3.9086  3.201    4  0.000  0.532     0.00     0.00     0.00     0.00     0.00 -1    -1e-30      0.00 7.549e-01 2.450e-01 2.759e-05 7.739e-06 6.924e-05 -1.000 1.637e-04 0.553 1.619 1.258 1.064 0.945 0.898 0.662 0.643 0.620 0.567 0.550 0.533 0.515 0.484 0.477 0.424 0.419 0.372
0.00015547 -2.00000 10.10000 0.7896066308 2.4150345556    0.729  1.688  3.9071  3.193    4  0.000  0.532     0.00     0.00     0.00     0.00     0.00 -1    -1e-30      0.00 7.549e-01 2.450e-01 2.759e-05 7.739e-06 6.924e-05 -1.000 1.636e-04 0.551 1.641 1.266 1.067 0.946 0.897 0.661 0.642 0.618 0.563 0.545 0.527 0.508 0.477 0.469 0.414 0.410 0.362
0.00015547 -2.00000 10.10000 0.7896586061 2.4150532861    0.729  1.689  3.9049  3.183    4  0.000  0.532     0.00     0.00     0.00     0.00     0.00 -1    -1e-30      0.00 7.549e-01 2.450e-01 2.759e-05 7.739e-06 6.924e-05 -1.000 1.637e-04 0.547 1.671 1.278 1.073 0.947 0.895 0.660 0.640 0.615 0.556 0.538 0.519 0.499 0.466 0.458 0.401 0.397 0.349
0.00015547 -2.00000 10.10000 0.7897071242 2.4150707682    0.729  1.691  3.9022  3.171    4  0.000  0.532     0.00     0.00     0.00     0.00     0.00 -1    -1e-30      0.00 7.549e-01 2.450e-01 2.759e-05 7.739e-06 6.924e-05 -1.000 1.637e-04 0.542 1.708 1.292 1.080 0.949 0.893 0.659 0.639 0.612 0.549 0.529 0.509 0.489 0.453 0.445 0.386 0.382 0.332
0.00015547 -2.00000 10.10000 0.7897549868 2.4150880116    0.729  1.693  3.8991  3.156    4  0.000  0.532     0.00     0.00     0.00     0.00     0.00 -1    -1e-30      0.00 7.549e-01 2.450e-01 2.759e-05 7.739e-06 6.924e-05 -1.000 1.637e-04 0.537 1.751 1.309 1.088 0.950 0.891 0.658 0.638 0.609 0.541 0.520 0.498 0.476 0.439 0.430 0.368 0.364 0.313
0.00015547 -2.00000 10.10000 0.7898053527 2.4151061543    0.729  1.696  3.8951  3.137    4  0.000  0.532     0.00     0.00     0.00     0.00     0.00 -1    -1e-30      0.00 7.549e-01 2.450e-01 2.759e-05 7.739e-06 6.924e-05 -1.000 1.637e-04 0.530 1.807 1.330 1.097 0.951 0.887 0.659 0.639 0.607 0.532 0.509 0.485 0.461 0.421 0.411 0.345 0.341 0.289
0.00015547 -2.00000 10.10000 0.7898527980 2.4151232425    0.729  1.699  3.8907  3.117    4  0.000  0.532     0.00     0.00     0.00     0.00     0.00 -1    -1e-30      0.00 7.549e-01 2.450e-01 2.759e-05 7.739e-06 6.924e-05 -1.000 1.637e-04 0.522 1.867 1.354 1.106 0.953 0.883 0.661 0.641 0.605 0.522 0.497 0.471 0.445 0.401 0.391 0.321 0.317 0.264
0.00015547 -2.00000 10.10000 0.7899005413 2.4151404357    0.729  1.702  3.8858  3.094    4  0.000  0.532     0.00     0.00     0.00     0.00     0.00 -1    -1e-30      0.00 7.549e-01 2.450e-01 2.759e-05 7.739e-06 6.924e-05 -1.000 1.636e-04 0.514 1.930 1.380 1.116 0.953 0.877 0.665 0.646 0.607 0.513 0.486 0.457 0.429 0.381 0.370 0.295 0.291 0.236
0.00015547 -2.00000 10.10000 0.7899497151 2.4151581415    0.730  1.706  3.8801  3.067    4  0.000  0.532     0.00     0.00     0.00     0.00     0.00 -1    -1e-30      0.00 7.549e-01 2.450e-01 2.759e-05 7.739e-06 6.924e-05 -1.000 1.636e-04 0.505 2.003 1.410 1.127 0.952 0.870 0.672 0.654 0.609 0.504 0.474 0.441 0.410 0.357 0.346 0.265 0.260 0.204
0.00015547 -2.00000 10.10000 0.7900000215 2.4151762525    0.730  1.711  3.8737  3.037    4  0.000  0.532     0.00     0.00     0.00     0.00     0.00 -1    -1e-30      0.00 7.549e-01 2.450e-01 2.759e-05 7.739e-06 6.924e-05 -1.000 1.637e-04 0.494 2.079 1.446 1.140 0.951 0.860 0.680 0.664 0.613 0.495 0.462 0.425 0.391 0.333 0.320 0.232 0.228 0.169
0.00015547 -2.00000 10.10000 0.7900470495 2.4151931808    0.730  1.715  3.8670  3.006    4  0.000  0.532     0.00     0.00     0.00     0.00     0.00 -1    -1e-30      0.00 7.549e-01 2.450e-01 2.759e-05 7.739e-06 6.924e-05 -1.000 1.637e-04 0.482 2.155 1.485 1.155 0.951 0.850 0.690 0.676 0.619 0.487 0.451 0.410 0.373 0.308 0.294 0.199 0.194 0.133
0.00015547 -2.00000 10.10000 0.7900515199 2.4151947899    0.730  1.715  3.8664  3.003    4  0.000  0.532     0.00     0.00     0.00     0.00     0.00 -1    -1e-30      0.00 7.549e-01 2.450e-01 2.759e-05 7.739e-06 6.924e-05 -1.000 1.637e-04 0.481 2.162 1.489 1.156 0.950 0.849 0.691 0.677 0.619 0.487 0.450 0.408 0.371 0.306 0.291 0.196 0.191 0.130
0.00015547 -2.00000 10.10000 0.7900596261 2.4151977075    0.730  1.716  3.8652  2.998    4  0.000  0.532     0.00     0.00     0.00     0.00     0.00 -1    -1e-30      0.00 7.549e-01 2.450e-01 2.759e-05 7.739e-06 6.924e-05 -1.000 1.637e-04 0.479 2.175 1.497 1.159 0.950 0.847 0.692 0.679 0.620 0.486 0.448 0.406 0.368 0.302 0.287 0.190 0.186 0.124
0.00015547 -2.00000 10.10000 0.7901076674 2.4152149976    0.730  1.721  3.8583  2.965    4  0.000  0.532     0.00     0.00     0.00     0.00     0.00 -1    -1e-30      0.00 7.549e-01 2.450e-01 2.759e-05 7.739e-06 6.924e-05 -1.000 1.637e-04 0.467 2.252 1.542 1.176 0.950 0.836 0.702 0.691 0.627 0.479 0.439 0.392 0.350 0.278 0.262 0.157 0.153 0.088
0.00015547 -2.00000 10.10000 0.7901545167 2.4152318563    0.730  1.726  3.8512  2.932    4  0.000  0.532     0.00     0.00     0.00     0.00     0.00 -1    -1e-30      0.00 7.549e-01 2.450e-01 2.759e-05 7.739e-06 6.924e-05 -1.000 1.637e-04 0.455 2.329 1.592 1.196 0.949 0.824 0.714 0.706 0.635 0.474 0.431 0.379 0.334 0.255 0.238 0.125 0.120 0.052
0.00015547 -2.00000 10.10000 0.7902046442 2.4152498922    0.730  1.732  3.8431  2.894    4  0.000  0.532     0.00     0.00     0.00     0.00     0.00 -1    -1e-30      0.00 7.549e-01 2.450e-01 2.759e-05 7.739e-06 6.924e-05 -1.000 1.637e-04 0.441 2.419 1.653 1.221 0.950 0.810 0.728 0.723 0.646 0.469 0.422 0.365 0.317 0.230 0.211 0.089 0.084 0.012
0.00015547 -2.00000 10.10000 0.7902523279 2.4152670463    0.730  1.737  3.8348  2.855    4  0.000  0.532     0.00     0.00     0.00     0.00     0.00 -1    -1e-30      0.00 7.549e-01 2.450e-01 2.759e-05 7.739e-06 6.924e-05 -1.000 1.637e-04 0.427 2.512 1.718 1.248 0.951 0.797 0.743 0.741 0.657 0.465 0.414 0.351 0.299 0.205 0.184 0.052 0.047 -0.029
0.00015547 -2.00000 10.10000 0.7902980447 2.4152834906    0.730  1.743  3.8272  2.819    4  0.000  0.532     0.00     0.00     0.00     0.00     0.00 -1    -1e-30      0.00 7.549e-01 2.450e-01 2.759e-05 7.739e-06 6.924e-05 -1.000 1.637e-04 0.413 2.599 1.783 1.276 0.954 0.786 0.757 0.757 0.667 0.461 0.406 0.338 0.283 0.182 0.160 0.019 0.014 -0.066
0.00015547 -2.00000 10.10000 0.7903451920 2.4153004471    0.730  1.749  3.8191  2.780    4  0.000  0.532     0.00     0.00     0.00     0.00     0.00 -1    -1e-30      0.00 7.549e-01 2.450e-01 2.759e-05 7.739e-06 6.924e-05 -1.000 1.636e-04 0.397 2.697 1.860 1.311 0.960 0.776 0.774 0.776 0.679 0.457 0.399 0.325 0.266 0.158 0.134 -0.016 -0.021 -0.107
0.00015547 -2.00000 10.10000 0.7903915048 2.4153171013    0.730  1.755  3.8113  2.743    4  0.000  0.532     0.00     0.00     0.00     0.00     0.00 -1    -1e-30      0.00 7.549e-01 2.450e-01 2.759e-05 7.739e-06 6.924e-05 -1.000 1.637e-04 0.382 2.790 1.938 1.346 0.966 0.766 0.791 0.795 0.692 0.453 0.391 0.312 0.250 0.135 0.109 -0.049 -0.055 -0.145
0.00015547 -2.00000 10.10000 0.7904382944 2.4153339246    0.730  1.762  3.8039  2.707    4  0.000  0.532     0.00     0.00     0.00     0.00     0.00 -1    -1e-30      0.00 7.549e-01 2.450e-01 2.759e-05 7.739e-06 6.924e-05 -1.000 1.637e-04 0.366 2.871 2.010 1.377 0.969 0.754 0.810 0.816 0.705 0.450 0.385 0.300 0.234 0.113 0.086 -0.080 -0.086 -0.182
0.00015547 -2.00000 10.10000 0.7904851437 2.4153507671    0.730  1.768  3.7970  2.673    4  0.000  0.532     0.00     0.00     0.00     0.00     0.00 -1    -1e-30      0.00 7.549e-01 2.450e-01 2.759e-05 7.739e-06 6.924e-05 -1.000 1.637e-04 0.349 2.948 2.082 1.409 0.973 0.743 0.826 0.834 0.716 0.445 0.377 0.287 0.219 0.091 0.063 -0.112 -0.118 -0.219
0.00015547 -2.00000 10.10000 0.7905323505 2.4153677359    0.730  1.777  3.7894  2.634    4  0.000  0.532     0.00     0.00     0.00     0.00     0.00 -1    -1e-30      0.00 7.549e-01 2.450e-01 2.759e-05 7.739e-06 6.924e-05 -1.000 1.636e-04 0.327 3.029 2.164 1.444 0.977 0.731 0.842 0.851 0.725 0.437 0.366 0.271 0.198 0.064 0.034 -0.148 -0.155 -0.261
0.00015547 -2.00000 10.10000 0.7905417085 2.4153710994    0.730  1.776  3.7890  2.633    4  0.000  0.532     0.00     0.00     0.00     0.00     0.00 -1    -1e-30      0.00 7.549e-01 2.450e-01 2.759e-05 7.739e-06 6.924e-05 -1.000 1.637e-04 0.330 3.037 2.171 1.449 0.981 0.734 0.847 0.855 0.730 0.441 0.369 0.274 0.201 0.067 0.036 -0.147 -0.153 -0.260
0.00015547 -2.00000 10.10000 0.7905901670 2.4153885151    0.730  1.787  3.7812  2.591    4  0.000  0.532     0.00     0.00     0.00     0.00     0.00 -1    -1e-30      0.00 7.549e-01 2.450e-01 2.759e-05 7.739e-06 6.924e-05 -1.000 1.637e-04 0.301 3.116 2.256 1.485 0.982 0.718 0.858 0.867 0.734 0.427 0.352 0.251 0.175 0.034 0.002 -0.190 -0.197 -0.309
0.00015547 -2.00000 10.10000 0.7906377912 2.4154056286    0.730  1.804  3.7725  2.540    4  0.000  0.532     0.00     0.00     0.00     0.00     0.00 -1    -1e-30      0.00 7.549e-01 2.450e-01 2.759e-05 7.739e-06 6.924e-05 -1.000 1.637e-04 0.261 3.206 2.364 1.532 0.987 0.704 0.865 0.873 0.731 0.404 0.324 0.217 0.138 -0.010 -0.044 -0.246 -0.254 -0.373
0.00015547 -2.00000 10.10000 0.7906779051 2.4154200415    0.730  1.831  3.7617  2.470    4  0.000  0.532     0.00     0.00     0.00     0.00     0.00 -1    -1e-30      0.00 7.549e-01 2.450e-01 2.759e-05 7.739e-06 6.924e-05 -1.000 1.637e-04 0.193 3.303 2.504 1.588 0.983 0.674 0.860 0.865 0.711 0.358 0.273 0.159 0.075 -0.082 -0.118 -0.332 -0.340 -0.469
0.00015547 -2.00000 10.10000 0.7906997204 2.4154278790    0.730  1.863  3.7517  2.397    4  0.000  0.532     0.00     0.00     0.00     0.00     0.00 -1    -1e-30      0.00 7.549e-01 2.450e-01 2.759e-05 7.739e-06 6.924e-05 -1.000 1.637e-04 0.112 3.371 2.652 1.647 0.976 0.639 0.840 0.840 0.676 0.298 0.208 0.087 -0.000 -0.166 -0.205 -0.429 -0.438 -0.576
0.00015547 -2.00000 10.10000 0.7907094955 2.4154313907    0.730  1.897  3.7432  2.329    4  0.000  0.532     0.00     0.00     0.00     0.00     0.00 -1    -1e-30      0.00 7.549e-01 2.450e-01 2.759e-05 7.739e-06 6.924e-05 -1.000 1.637e-04 0.027 3.405 2.780 1.694 0.962 0.600 0.809 0.804 0.630 0.231 0.138 0.011 -0.080 -0.253 -0.293 -0.527 -0.537 -0.682
0.00015547 -2.00000 10.10000 0.7907139063 2.4154329753    0.730  1.933  3.7358  2.263    4  0.000  0.532     0.00     0.00     0.00     0.00     0.00 -1    -1e-30      0.00 7.549e-01 2.450e-01 2.759e-05 7.739e-06 6.924e-05 -1.000 1.637e-04 -0.063 3.417 2.913 1.746 0.951 0.565 0.771 0.758 0.575 0.156 0.060 -0.072 -0.166 -0.345 -0.387 -0.628 -0.639 -0.791
0.00015547 -2.00000 10.10000 0.7907159925 2.4154337247    0.730  1.969  3.7302  2.206    4  0.000  0.532     0.00     0.00     0.00     0.00     0.00 -1    -1e-30      0.00 7.549e-01 2.450e-01 2.759e-05 7.739e-06 6.924e-05 -1.000 1.636e-04 -0.151 3.407 3.018 1.782 0.932 0.528 0.725 0.706 0.515 0.081 -0.018 -0.154 -0.250 -0.434 -0.477 -0.725 -0.736 -0.893
0.00015547 -2.00000 10.10000 0.7907168269 2.4154340245    0.730  1.992  3.7271  2.170    7  0.000  0.532     0.00     0.00     0.00     0.00     0.00 -1    -1e-30      0.00 7.549e-01 2.450e-01 2.759e-05 7.739e-06 6.924e-05 -1.000 1.637e-04 -0.209 3.387 3.077 1.799 0.917 0.502 0.692 0.669 0.474 0.030 -0.070 -0.208 -0.306 -0.492 -0.536 -0.787 -0.798 -0.958
0.00015547 -2.00000 10.10000 0.7907170653 2.4154341101    0.730  2.002  3.7259  2.156    7  0.000  0.532     0.00     0.00     0.00     0.00     0.00 -1    -1e-30      0.00 7.549e-01 2.450e-01 2.759e-05 7.739e-06 6.924e-05 -1.000 1.637e-04 -0.234 3.376 3.094 1.802 0.908 0.489 0.676 0.651 0.455 0.008 -0.093 -0.232 -0.330 -0.517 -0.561 -0.813 -0.825 -0.986
0.00015547 -2.00000 10.10000 0.7907179594 2.4154344313    0.730  2.042  3.7219  2.099    7  0.000  0.532     0.00     0.00     0.00     0.00     0.00 -1    -1e-30      0.00 7.549e-01 2.450e-01 2.759e-05 7.739e-06 6.924e-05 -1.000 1.637e-04 -0.334 3.325 3.149 1.802 0.865 0.432 0.609 0.578 0.375 -0.083 -0.185 -0.327 -0.427 -0.617 -0.662 -0.919 -0.931 -1.095
0.00015547 -2.00000 10.10000 0.7907188535 2.4154347525    0.730  2.082  3.7184  2.046    7  0.000  0.532     0.00     0.00     0.00     0.00     0.00 -1    -1e-30      0.00 7.549e-01 2.450e-01 2.759e-05 7.739e-06 6.924e-05 -1.000 1.637e-04 -0.434 3.265 3.192 1.794 0.818 0.372 0.539 0.503 0.295 -0.174 -0.278 -0.423 -0.524 -0.717 -0.763 -1.023 -1.036 -1.204
0.00015547 -2.00000 10.10000 0.7907197475 2.4154350737    0.730  2.119  3.7154  1.996    7  0.000  0.532     0.00     0.00     0.00     0.00     0.00 -1    -1e-30      0.00 7.549e-01 2.450e-01 2.759e-05 7.739e-06 6.924e-05 -1.000 1.637e-04 -0.529 3.203 3.229 1.786 0.773 0.316 0.472 0.431 0.218 -0.261 -0.366 -0.513 -0.615 -0.811 -0.857 -1.121 -1.134 -1.305
0.00015547 -2.00000 10.10000 0.7907205224 2.4154353520    0.730  2.153  3.7130  1.953    7  0.000  0.532     0.00     0.00     0.00     0.00     0.00 -1    -1e-30      0.00 7.549e-01 2.450e-01 2.759e-05 7.739e-06 6.924e-05 -1.000 1.637e-04 -0.612 3.147 3.266 1.782 0.735 0.269 0.413 0.366 0.149 -0.338 -0.444 -0.593 -0.696 -0.894 -0.941 -1.208 -1.221 -1.394
0.00015547 -2.00000 10.10000 0.7907219529 2.4154358659    0.730  2.176  3.7115  1.923    7  0.000  0.532     0.00     0.00     0.00     0.00     0.00 -1    -1e-30      0.00 7.549e-01 2.450e-01 2.759e-05 7.739e-06 6.924e-05 -1.000 1.636e-04 -0.670 3.106 3.284 1.774 0.706 0.233 0.369 0.319 0.100 -0.392 -0.499 -0.649 -0.753 -0.952 -1.000 -1.268 -1.282 -1.456
0.00015547 -2.00000 10.10000 0.7907245159 2.4154367866    0.730  2.152  3.7134  1.955    7  0.000  0.532     0.00     0.00     0.00     0.00     0.00 -1    -1e-30      0.00 7.549e-01 2.450e-01 2.759e-05 7.739e-06 6.924e-05 -1.000 1.637e-04 -0.610 3.146 3.252 1.773 0.731 0.266 0.411 0.365 0.149 -0.337 -0.443 -0.591 -0.694 -0.892 -0.939 -1.205 -1.218 -1.391
0.00015547 -2.00000 10.10000 0.7907407880 2.4154426319    0.730  2.139  3.7139  1.970    7  0.000  0.532     0.00     0.00     0.00     0.00     0.00 -1    -1e-30      0.00 7.549e-01 2.450e-01 2.759e-05 7.739e-06 6.924e-05 -1.000 1.637e-04 -0.578 3.171 3.254 1.785 0.752 0.289 0.437 0.393 0.177 -0.306 -0.412 -0.560 -0.663 -0.860 -0.907 -1.173 -1.186 -1.358
0.00015547 -2.00000 10.10000 0.7907560468 2.4154481129    0.730  2.165  3.7117  1.935    7  0.000  0.532     0.00     0.00     0.00     0.00     0.00 -1    -1e-30      0.00 7.549e-01 2.450e-01 2.759e-05 7.739e-06 6.924e-05 -1.000 1.636e-04 -0.643 3.130 3.294 1.790 0.727 0.255 0.394 0.345 0.126 -0.365 -0.472 -0.622 -0.726 -0.925 -0.972 -1.240 -1.254 -1.428
0.00015547 -2.00000 10.10000 0.7907745838 2.4154547712    0.730  2.212  3.7084  1.876    7  0.000  0.532     0.00     0.00     0.00     0.00     0.00 -1    -1e-30      0.00 7.549e-01 2.450e-01 2.759e-05 7.739e-06 6.924e-05 -1.000 1.637e-04 -0.759 3.049 3.350 1.787 0.676 0.190 0.312 0.256 0.030 -0.472 -0.581 -0.733 -0.838 -1.040 -1.089 -1.361 -1.374 -1.552
0.00015547 -2.00000 10.10000 0.7907923460 2.4154611508    0.730  2.255  3.7055  1.821    7  0.000  0.532     0.00     0.00     0.00     0.00     0.00 -1    -1e-30      0.00 7.549e-01 2.450e-01 2.759e-05 7.739e-06 6.924e-05 -1.000 1.636e-04 -0.868 2.968 3.399 1.784 0.628 0.130 0.235 0.172 -0.059 -0.572 -0.683 -0.837 -0.944 -1.148 -1.198 -1.473 -1.487 -1.668
0.00015547 -2.00000 10.10000 0.7908086777 2.4154670163    0.730  2.298  3.7028  1.767    7  0.000  0.532     0.00     0.00     0.00     0.00     0.00 -1    -1e-30      0.00 7.549e-01 2.450e-01 2.759e-05 7.739e-06 6.924e-05 -1.000 1.637e-04 -0.975 2.887 3.442 1.777 0.578 0.069 0.158 0.088 -0.149 -0.671 -0.783 -0.940 -1.048 -1.255 -1.305 -1.583 -1.598 -1.781
0.00015547 -2.00000 10.10000 0.7908233404 2.4154722822    0.730  2.340  3.7002  1.715    7  0.000  0.532     0.00     0.00     0.00     0.00     0.00 -1    -1e-30      0.00 7.549e-01 2.450e-01 2.759e-05 7.740e-06 6.924e-05 -1.000 1.631e-04 -1.079 2.807 3.480 1.768 0.528 0.008 0.082 0.006 -0.236 -0.768 -0.881 -1.040 -1.149 -1.358 -1.409 -1.691 -1.705 -1.891
0.00015547 -2.00000 10.10000 0.7908363938 2.4154769699    0.730  2.381  3.6977  1.663    7  0.000  0.531     0.00     0.00     0.00     0.00     0.00 -1    -1e-30      0.00 7.549e-01 2.449e-01 2.758e-05 7.742e-06 6.924e-05 -1.000 1.537e-04 -1.183 2.724 3.521 1.763 0.481 -0.049 0.008 -0.074 -0.321 -0.863 -0.978 -1.139 -1.249 -1.461 -1.512 -1.797 -1.811 -2.000
0.00015547 -2.00000 10.10000 0.7908478379 2.4154810795    0.730  2.422  3.6953  1.612    7  0.000  0.530     0.00     0.00     0.00     0.00     0.00 -1    -1e-30      0.00 7.549e-01 2.449e-01 2.752e-05 7.759e-06 6.924e-05 -1.000 1.591e-04 -1.286 2.641 3.560 1.757 0.435 -0.106 -0.065 -0.154 -0.406 -0.957 -1.073 -1.237 -1.348 -1.562 -1.614 -1.901 -1.916 -2.108
0.00015547 -2.00000 10.10000 0.7908579111 2.4154846968    0.731  2.463  3.6929  1.562    7  0.000  0.526     0.00     0.00     0.00     0.00     0.00 -1    -1e-30      0.00 7.549e-01 2.449e-01 2.733e-05 7.879e-06 6.924e-05 -1.000 1.524e-04 -1.387 2.559 3.598 1.751 0.388 -0.163 -0.137 -0.232 -0.490 -1.050 -1.168 -1.333 -1.445 -1.661 -1.714 -2.005 -2.020 -2.214
0.00015547 -2.00000 10.10000 0.7908670902 2.4154879929    0.731  2.504  3.6906  1.512    7  0.000  0.516     6.33     5.10     3.63     2.81     2.27  3    -1e-30      0.00 7.549e-01 2.450e-01 2.684e-05 8.341e-06 6.924e-05 -1.000 1.615e-04 -1.489 2.475 3.635 1.745 0.341 -0.219 -0.209 -0.311 -0.574 -1.144 -1.262 -1.430 -1.543 -1.761 -1.815 -2.108 -2.124 -2.320
0.00015547 -2.00000 10.10000 0.7908753753 2.4154909678    0.731  2.544  3.6882  1.462    7  0.000  0.501     7.04     5.58     3.95     3.07     2.48  3    -1e-30      0.00 7.548e-01 2.451e-01 2.611e-05 9.174e-06 6.925e-05 -1.000 1.636e-04 -1.590 2.391 3.681 1.749 0.301 -0.270 -0.277 -0.386 -0.655 -1.235 -1.355 -1.525 -1.639 -1.860 -1.914 -2.211 -2.227 -2.425
0.00015547 -2.00000 10.10000 0.7908830643 2.4154937287    0.731  2.584  3.6859  1.413    7  0.000  0.486     7.82     6.11     4.31     3.35     2.71  3    -1e-30      0.00 7.547e-01 2.451e-01 2.533e-05 1.012e-05 6.925e-05 -1.000 1.636e-04 -1.691 2.307 3.731 1.757 0.263 -0.319 -0.344 -0.461 -0.736 -1.326 -1.448 -1.620 -1.735 -1.958 -2.013 -2.313 -2.329 -2.530
0.00015547 -2.00000 10.10000 0.7908901572 2.4154962755    0.731  2.624  3.6835  1.363    7  0.000  0.472     8.69     6.68     4.69     3.65     2.95  3    -1e-30      0.00 7.546e-01 2.453e-01 2.464e-05 1.097e-05 6.926e-05 -1.000 1.439e-04 -1.791 2.225 3.748 1.798 0.258 -0.336 -0.394 -0.525 -0.810 -1.417 -1.541 -1.715 -1.833 -2.058 -2.114 -2.417 -2.433 -2.637
0.00015547 -2.00000 10.10000 0.7908968925 2.4154986938    0.731  2.664  3.6812  1.314    7  0.000  0.461     9.66     7.30     5.11     3.98     3.22  3    -1e-30      0.00 7.544e-01 2.455e-01 2.404e-05 1.170e-05 6.927e-05 -1.000 1.328e-04 -1.891 2.143 3.770 1.848 0.260 -0.346 -0.439 -0.585 -0.882 -1.507 -1.633 -1.811 -1.930 -2.159 -2.215 -2.521 -2.538 -2.744
0.00015547 -2.00000 10.10000 0.7909032702 2.4155009837    0.731  2.704  3.6788  1.265    7  0.000  0.450    10.73     7.98     5.56     4.34     3.51  2    -1e-30      0.00 7.542e-01 2.457e-01 2.351e-05 1.235e-05 6.927e-05 -1.000 1.638e-04 -1.991 2.062 3.798 1.906 0.268 -0.350 -0.479 -0.641 -0.952 -1.596 -1.724 -1.906 -2.027 -2.259 -2.315 -2.624 -2.642 -2.851
0.00015547 -2.00000 10.10000 0.7909094691 2.4155032094    0.731  2.744  3.6765  1.215    7  0.000  0.442    11.92     8.73     6.06     4.73     3.83  2    -1e-30      0.00 7.540e-01 2.458e-01 2.306e-05 1.292e-05 6.926e-05 -1.000 1.637e-04 -2.091 1.981 3.833 1.976 0.284 -0.344 -0.512 -0.693 -1.017 -1.682 -1.814 -1.999 -2.122 -2.357 -2.415 -2.727 -2.745 -2.957
0.00015547 -2.00000 10.10000 0.7909153104 2.4155053066    0.731  2.785  3.6741  1.165    7  0.000  0.434    13.27     9.56     6.61     5.17     4.18  2    -1e-30      0.00 7.538e-01 2.461e-01 2.265e-05 1.342e-05 6.924e-05 -1.000 1.637e-04 -2.192 1.898 3.877 2.055 0.307 -0.332 -0.540 -0.741 -1.081 -1.770 -1.904 -2.093 -2.219 -2.458 -2.517 -2.833 -2.851 -3.066
0.00015547 -2.00000 10.10000 0.7909203768 2.4155071255    0.731  2.826  3.6716  1.114    7  0.000  0.427    14.78    10.48     7.21     5.65     4.57  2    -1e-30      0.00 7.536e-01 2.463e-01 2.230e-05 1.386e-05 6.921e-05 -1.000 1.636e-04 -2.294 1.816 3.929 2.145 0.337 -0.312 -0.562 -0.785 -1.142 -1.856 -1.994 -2.188 -2.316 -2.559 -2.619 -2.939 -2.957 -3.175
0.00015547 -2.00000 10.10000 0.7909246087 2.4155086449    0.731  2.866  3.6691  1.064    7  0.000  0.422    16.46    11.48     7.87     6.17     5.00  2    -1e-30      0.00 7.533e-01 2.465e-01 2.200e-05 1.423e-05 6.914e-05 -1.000 1.636e-04 -2.396 1.735 3.989 2.246 0.375 -0.283 -0.577 -0.822 -1.198 -1.940 -2.082 -2.280 -2.411 -2.659 -2.719 -3.044 -3.063 -3.284
0.00015547 -2.00000 10.10000 0.7909283042 2.4155099716    0.731  2.907  3.6665  1.012    7  0.000  0.418    18.36    12.60     8.60     6.75     5.47  2    -1e-30      0.00 7.531e-01 2.467e-01 2.174e-05 1.458e-05 6.904e-05 -1.000 1.503e-04 -2.499 1.653 4.055 2.358 0.423 -0.243 -0.584 -0.855 -1.251 -2.023 -2.169 -2.372 -2.507 -2.759 -2.820 -3.150 -3.169 -3.393
0.00015547 -2.00000 10.10000 0.7909315825 2.4155111486    0.731  2.948  3.6640  0.962    7  0.000  0.415    20.45    13.80     9.39     7.38     5.98  2    -1e-30      0.00 7.529e-01 2.470e-01 2.153e-05 1.491e-05 6.890e-05 -1.000 1.229e-04 -2.600 1.573 4.127 2.483 0.484 -0.191 -0.578 -0.875 -1.295 -2.100 -2.251 -2.461 -2.599 -2.857 -2.919 -3.254 -3.274 -3.502
0.00015547 -2.00000 10.10000 0.7909349799 2.4155123683    0.731  2.990  3.6613  0.908    7  0.000  0.412    22.92    15.21    10.29     8.10     6.57  1    -1e-30      0.00 7.527e-01 2.472e-01 2.135e-05 1.521e-05 6.874e-05 -1.000 1.637e-04 -2.706 1.488 4.210 2.627 0.558 -0.125 -0.559 -0.886 -1.333 -2.179 -2.335 -2.553 -2.694 -2.959 -3.023 -3.364 -3.384 -3.616
0.00015547 -2.00000 10.10000 0.7909380198 2.4155134596    0.731  3.034  3.6585  0.854    7  0.000  0.411    25.74    16.78    11.31     8.91     7.23  1    -1e-30      0.00 7.525e-01 2.474e-01 2.121e-05 1.549e-05 6.858e-05 -1.000 1.637e-04 -2.814 1.403 4.294 2.782 0.643 -0.048 -0.529 -0.889 -1.367 -2.255 -2.418 -2.644 -2.790 -3.062 -3.127 -3.476 -3.496 -3.733
0.00015547 -2.00000 10.10000 0.7909394503 2.4155139732    0.731  3.057  3.6569  0.824    7  0.000  0.410    27.40    17.70    11.90     9.39     7.61  1    -1e-30      0.00 7.523e-01 2.475e-01 2.113e-05 1.566e-05 6.847e-05 -1.000 1.636e-04 -2.873 1.355 4.340 2.840 0.665 -0.031 -0.528 -0.900 -1.390 -2.297 -2.462 -2.692 -2.839 -3.115 -3.181 -3.533 -3.554 -3.793
0.00015547 -2.00000 10.10000 0.7909398675 2.4155141230    0.731  3.058  3.6569  0.823    7  0.000  0.410    27.49    17.74    11.93     9.41     7.63  1    -1e-30      0.00 7.523e-01 2.476e-01 2.111e-05 1.573e-05 6.842e-05 -1.000 1.636e-04 -2.875 1.353 4.343 2.843 0.666 -0.030 -0.528 -0.901 -1.392 -2.299 -2.464 -2.694 -2.842 -3.118 -3.184 -3.536 -3.557 -3.796
0.00015547 -2.00000 10.10000 0.7909399867 2.4155141658    0.731  3.057  3.6569  0.825    7  0.000  0.410    27.38    17.68    11.89     9.38     7.60  1    -1e-30      0.00 7.523e-01 2.476e-01 2.110e-05 1.574e-05 6.842e-05 -1.000 1.636e-04 -2.872 1.356 4.340 2.840 0.665 -0.030 -0.528 -0.900 -1.390 -2.296 -2.462 -2.691 -2.839 -3.114 -3.181 -3.532 -3.553 -3.792
0.00015547 -2.00000 10.10000 0.7909400463 2.4155141872    0.731  3.056  3.6570  0.825    7  0.000  0.410    27.35    17.67    11.88     9.37     7.60  1    -1e-30      0.00 7.523e-01 2.476e-01 2.110e-05 1.574e-05 6.841e-05 -1.000 1.637e-04 -2.871 1.357 4.340 2.840 0.665 -0.030 -0.527 -0.899 -1.389 -2.295 -2.461 -2.690 -2.838 -3.113 -3.180 -3.531 -3.552 -3.791
0.00015547 -2.00000 10.10000 0.7909401655 2.4155142300    0.731  3.062  3.6566  0.819    7  0.000  0.410    27.75    17.88    12.02     9.48     7.69  1    -1e-30      0.00 7.523e-01 2.476e-01 2.110e-05 1.575e-05 6.841e-05 -1.000 1.635e-04 -2.884 1.346 4.349 2.849 0.667 -0.030 -0.530 -0.904 -1.396 -2.306 -2.471 -2.702 -2.849 -3.126 -3.192 -3.545 -3.565 -3.805
0.00015547 -2.00000 10.10000 0.7909402251 2.4155142514    0.731  3.066  3.6564  0.813    7  0.000  0.409    28.09    18.07    12.14     9.58     7.77  1    -1e-30      0.00 7.523e-01 2.476e-01 2.109e-05 1.576e-05 6.840e-05 -1.000 1.636e-04 -2.896 1.336 4.357 2.857 0.668 -0.029 -0.531 -0.907 -1.402 -2.314 -2.480 -2.711 -2.859 -3.136 -3.203 -3.556 -3.577 -3.817
0.00015547 -2.00000 10.10000 0.7909404039 2.4155143156    0.731  3.073  3.6560  0.805    7  0.000  0.409    28.57    18.33    12.31     9.71     7.88  1    -1e-30      0.00 7.523e-01 2.476e-01 2.109e-05 1.578e-05 6.839e-05 -1.000 1.637e-04 -2.912 1.323 4.368 2.869 0.671 -0.028 -0.534 -0.912 -1.409 -2.326 -2.493 -2.724 -2.873 -3.151 -3.218 -3.572 -3.593 -3.834
0.00015547 -2.00000 10.10000 0.7909405828 2.4155143798    0.731  3.089  3.6549  0.784    7  0.000  0.409    29.88    19.04    12.76    10.08     8.17  1    -1e-30      0.00 7.521e-01 2.478e-01 2.102e-05 1.600e-05 6.823e-05 -1.000 1.637e-04 -2.954 1.288 4.400 2.900 0.677 -0.024 -0.539 -0.925 -1.429 -2.357 -2.525 -2.759 -2.909 -3.189 -3.257 -3.613 -3.634 -3.877
0.00015547 -2.00000 10.10000 0.7909409404 2.4155145082    0.731  3.138  3.6515  0.722    7  0.000  0.408    34.10    21.30    14.21    11.24     9.11  1    -1e-30      0.00 7.518e-01 2.481e-01 2.088e-05 1.641e-05 6.793e-05 -1.000 1.636e-04 -3.075 1.188 4.504 3.005 0.707 -0.005 -0.547 -0.954 -1.482 -2.444 -2.617 -2.859 -3.011 -3.299 -3.368 -3.733 -3.754 -4.002
0.00015547 -2.00000 10.10000 0.7909415364 2.4155147221    0.731  3.204  3.6468  0.637    7  0.523  0.406    40.83    24.82    16.44    13.03    10.57  1    -1e-30      0.00 7.513e-01 2.486e-01 2.059e-05 1.730e-05 6.730e-05 -1.000 1.637e-04 -3.239 1.053 4.631 3.152 0.751 0.026 -0.552 -0.989 -1.548 -2.557 -2.737 -2.989 -3.147 -3.444 -3.516 -3.892 -3.914 -4.170
0.00015547 -2.00000 10.10000 0.7909418344 2.4155148291    0.731  3.213  3.6429  0.612    8  0.520  0.420    43.06    25.97    17.16    13.61    11.05  1 -3.68e-07      0.00 7.512e-01 2.487e-01 2.150e-05 1.751e-05 6.791e-05 -1.000 1.727e-04 -3.263 1.052 4.795 3.333 0.861 0.127 -0.469 -0.925 -1.504 -2.543 -2.727 -2.987 -3.147 -3.451 -3.525 -3.908 -3.931 -4.193
0.00015547 -2.00000 10.10000 0.7909418941 2.4155148505    0.729  2.987  3.6583  0.899    8  0.520  0.422    23.34    15.44    10.45     8.22     6.67  1 -1.52e-07      0.00 7.512e-01 2.487e-01 2.150e-05 1.751e-05 6.791e-05 -1.000 1.727e-04 -2.697 1.519 4.372 2.857 0.729 0.038 -0.433 -0.788 -1.261 -2.142 -2.303 -2.527 -2.673 -2.943 -3.008 -3.356 -3.376 -3.612
0.00015547 -2.00000 10.10000 0.7909420133 2.4155148933    0.726  2.829  3.6690  1.098    8  0.520  0.422    15.28    10.78     7.41     5.80     4.70  2 -8.75e-08      0.00 7.512e-01 2.487e-01 2.150e-05 1.751e-05 6.791e-05 -1.000 1.727e-04 -2.303 1.827 4.054 2.314 0.453 -0.204 -0.490 -0.733 -1.108 -1.847 -1.989 -2.187 -2.318 -2.565 -2.626 -2.950 -2.969 -3.190
0.00015547 -2.00000 10.10000 0.7909422517 2.4155149789    0.721  2.618  3.6832  1.363    8  0.520  0.422     8.66     6.66     4.68     3.64     2.94  3  -4.5e-08      0.00 7.512e-01 2.487e-01 2.150e-05 1.751e-05 6.791e-05 -1.000 1.727e-04 -1.775 2.243 3.775 1.829 0.285 -0.311 -0.372 -0.504 -0.791 -1.400 -1.524 -1.699 -1.816 -2.042 -2.098 -2.401 -2.417 -2.622
0.00015547 -2.00000 10.10000 0.7909424901 2.4155150645    0.715  2.623  3.6827  1.352    8  0.520  0.422     8.85     6.78     4.76     3.70     2.99  3 -4.61e-08      0.00 7.512e-01 2.487e-01 2.150e-05 1.751e-05 6.791e-05 -1.000 1.727e-04 -1.787 2.235 3.789 1.849 0.294 -0.304 -0.372 -0.508 -0.798 -1.410 -1.535 -1.710 -1.828 -2.055 -2.111 -2.414 -2.431 -2.636
0.00015547 -2.00000 10.10000 0.7909429073 2.4155152143    0.706  2.707  3.6768  1.240    8  0.520  0.422    11.20     8.28     5.76     4.50     3.64  2 -6.05e-08      0.00 7.512e-01 2.487e-01 2.150e-05 1.751e-05 6.791e-05 -1.000 1.727e-04 -1.996 2.071 3.893 2.033 0.354 -0.272 -0.430 -0.607 -0.929 -1.590 -1.721 -1.905 -2.028 -2.263 -2.320 -2.632 -2.650 -2.861
0.00015547 -2.00000 10.10000 0.7909433246 2.4155153641    0.696  2.894  3.6638  0.993    8  0.521  0.422    18.88    12.88     8.77     6.90     5.59  2 -1.15e-07      0.00 7.512e-01 2.487e-01 2.150e-05 1.751e-05 6.791e-05 -1.000 1.726e-04 -2.466 1.706 4.240 2.597 0.603 -0.071 -0.453 -0.748 -1.165 -1.968 -2.118 -2.327 -2.465 -2.722 -2.785 -3.119 -3.139 -3.366
0.00015547 -2.00000 10.10000 0.7909438610 2.4155155567    0.684  3.063  3.6520  0.770    8  0.521  0.422    30.33    19.21    12.85    10.17     8.24  1  -2.2e-07      0.00 7.512e-01 2.487e-01 2.150e-05 1.751e-05 6.791e-05 -1.000 1.727e-04 -2.888 1.369 4.619 3.115 0.839 0.129 -0.400 -0.799 -1.318 -2.267 -2.438 -2.677 -2.829 -3.113 -3.182 -3.544 -3.566 -3.813
0.00015547 -2.00000 10.10000 0.7909444571 2.4155157706    0.670  3.176  3.6440  0.617    8  0.521  0.422    41.89    25.19    16.64    13.24    10.73  1 -3.56e-07      0.00 7.512e-01 2.487e-01 2.150e-05 1.751e-05 6.791e-05 -1.000 1.727e-04 -3.169 1.140 4.838 3.371 0.919 0.187 -0.404 -0.855 -1.429 -2.460 -2.642 -2.900 -3.060 -3.362 -3.436 -3.816 -3.839 -4.100
0.00015547 -2.00000 10.10000 0.7909451127 2.4155160060    0.656  3.237  3.6395  0.528    8  0.522  0.422    50.49    29.43    19.29    15.39    12.49  1 -4.77e-07      0.00 7.512e-01 2.487e-01 2.150e-05 1.751e-05 6.791e-05 -1.000 1.727e-04 -3.322 1.016 4.946 3.528 0.975 0.230 -0.387 -0.867 -1.475 -2.557 -2.747 -3.017 -3.181 -3.494 -3.571 -3.963 -3.987 -4.256
0.00015547 -2.00000 10.10000 0.7909458876 2.4155162842    0.640  3.267  3.6371  0.478    8  0.522  0.422    55.98    32.02    20.90    16.71    13.56  1 -5.63e-07      0.00 7.512e-01 2.487e-01 2.150e-05 1.751e-05 6.791e-05 -1.000 1.727e-04 -3.397 0.958 4.996 3.619 1.010 0.260 -0.364 -0.859 -1.487 -2.597 -2.791 -3.068 -3.235 -3.555 -3.633 -4.033 -4.057 -4.331
0.00015547 -2.00000 10.10000 0.7909467220 2.4155165838    0.623  3.283  3.6355  0.443    8  0.523  0.422    60.05    33.86    22.03    17.65    14.32  1 -6.32e-07      0.00 7.512e-01 2.487e-01 2.150e-05 1.751e-05 6.791e-05 -1.000 1.727e-04 -3.439 0.927 5.036 3.688 1.040 0.285 -0.339 -0.843 -1.484 -2.615 -2.811 -3.094 -3.263 -3.588 -3.667 -4.072 -4.096 -4.374
0.00015547 -2.00000 10.10000 0.7909505963 2.4155179746    0.524 -9.999  4.0000  1.892    9  0.524  0.000     0.00     0.00     0.00     0.00     0.00 -1    -1e-30      0.00 7.512e-01 2.487e-01 2.150e-05 1.751e-05 6.791e-05 -1.000 1.727e-04 29.767 29.891 29.849 29.813 29.848 29.914 29.969 30.078 30.062 30.106 30.107 30.103 30.101 30.098 30.100 30.091 30.089 30.062
