 Zini     MH   logAge Mini        int_IMF         Mass   logL    logTe  logg  label   McoreTP C_O  period0  period1  period2  period3  period4  pmode  Mloss  tau1m   X   Y   Xc  Xn  Xo  Cexcess  Z 	 mbolmag  F170Wmag  F218Wmag  F255Wmag  F300Wmag  F336Wmag  F380Wmag  F439Wmag  F450Wmag  F555Wmag  F569Wmag  F606Wmag  F622Wmag  F675Wmag  F702Wmag  F791Wmag  F814Wmag  F850LPmag
0.00015547 -2.00000 6.60000 0.0936335474 1.1156111859    0.094 -1.477  3.5641  4.095    0  0.000  0.545     0.00     0.00     0.00     0.00     0.00 -1 -1.24e-14      0.00 7.507e-01 2.491e-01 2.943e-05 7.939e-06 7.201e-05 -1.000 1.636e-04 8.463 12.936 17.385 15.800 12.890 12.056 11.653 11.170 10.717 9.585 9.395 9.051 8.865 8.493 8.382 7.887 7.853 7.504
0.00015547 -2.00000 6.60000 0.0997651666 1.1691417590    0.100 -1.446  3.5671  4.102    0  0.000  0.545     0.00     0.00     0.00     0.00     0.00 -1 -1.28e-14      0.00 7.507e-01 2.491e-01 2.943e-05 7.939e-06 7.201e-05 -1.000 1.637e-04 8.385 12.848 17.251 15.611 12.750 11.919 11.519 11.047 10.600 9.485 9.296 8.957 8.772 8.404 8.295 7.807 7.773 7.428
0.00015547 -2.00000 6.60000 0.1035686657 1.2002435386    0.103 -1.427  3.5688  4.106    0  0.000  0.545     0.00     0.00     0.00     0.00     0.00 -1 -1.31e-14      0.00 7.507e-01 2.491e-01 2.943e-05 7.939e-06 7.201e-05 -1.000 1.636e-04 8.337 12.795 17.170 15.496 12.665 11.835 11.437 10.972 10.529 9.423 9.236 8.899 8.714 8.349 8.242 7.757 7.723 7.380
0.00015547 -2.00000 6.60000 0.1090366840 1.2424448016    0.109 -1.400  3.5713  4.112    0  0.000  0.545     0.00     0.00     0.00     0.00     0.00 -1 -1.35e-14      0.00 7.507e-01 2.491e-01 2.943e-05 7.939e-06 7.201e-05 -1.000 1.636e-04 8.271 12.721 17.055 15.339 12.547 11.719 11.326 10.868 10.431 9.338 9.153 8.819 8.636 8.274 8.169 7.689 7.656 7.316
0.00015547 -2.00000 6.60000 0.1234388947 1.3415666635    0.123 -1.333  3.5771  4.122    0  0.000  0.545     0.00     0.00     0.00     0.00     0.00 -1 -1.46e-14      0.00 7.507e-01 2.491e-01 2.943e-05 7.939e-06 7.201e-05 -1.000 1.636e-04 8.103 12.534 16.767 14.958 12.252 11.429 11.050 10.612 10.186 9.126 8.944 8.620 8.440 8.085 7.984 7.516 7.484 7.152
0.00015547 -2.00000 6.60000 0.1433091313 1.4560320467    0.143 -1.252  3.5837  4.133    0  0.000  0.545     0.00     0.00     0.00     0.00     0.00 -1 -1.61e-14      0.00 7.507e-01 2.491e-01 2.943e-05 7.939e-06 7.201e-05 -1.000 1.636e-04 7.901 12.310 16.405 14.508 11.907 11.092 10.730 10.313 9.901 8.875 8.697 8.384 8.207 7.861 7.764 7.308 7.277 6.954
0.00015547 -2.00000 6.60000 0.1835882515 1.6350319580    0.183 -1.111  3.5959  4.148    0  0.000  0.545     0.00     0.00     0.00     0.00     0.00 -1 -1.94e-14      0.00 7.507e-01 2.491e-01 2.943e-05 7.939e-06 7.201e-05 -1.000 1.636e-04 7.547 11.915 15.727 13.709 11.290 10.492 10.172 9.790 9.398 8.435 8.265 7.970 7.800 7.470 7.379 6.945 6.916 6.608
0.00015547 -2.00000 6.60000 0.1985905915 1.6890756275    0.198 -1.066  3.6000  4.153    0  0.000  0.545     0.00     0.00     0.00     0.00     0.00 -1 -2.05e-14      0.00 7.507e-01 2.491e-01 2.943e-05 7.939e-06 7.201e-05 -1.000 1.636e-04 7.434 11.787 15.502 13.448 11.084 10.292 9.989 9.618 9.234 8.291 8.124 7.835 7.667 7.343 7.255 6.828 6.800 6.497
0.00015547 -2.00000 6.60000 0.2081623673 1.7208576245    0.208 -1.039  3.6026  4.157    0  0.000  0.545     0.00     0.00     0.00     0.00     0.00 -1 -2.11e-14      0.00 7.507e-01 2.491e-01 2.943e-05 7.939e-06 7.201e-05 -1.000 1.636e-04 7.368 11.711 15.377 13.302 10.963 10.174 9.883 9.518 9.138 8.207 8.041 7.757 7.590 7.269 7.182 6.760 6.732 6.433
0.00015547 -2.00000 6.60000 0.2112291008 1.7306408230    0.211 -1.030  3.6034  4.158    0  0.000  0.545     0.00     0.00     0.00     0.00     0.00 -1 -2.14e-14      0.00 7.507e-01 2.491e-01 2.943e-05 7.939e-06 7.201e-05 -1.000 1.636e-04 7.346 11.686 15.337 13.255 10.924 10.136 9.848 9.486 9.107 8.180 8.014 7.731 7.565 7.245 7.159 6.737 6.710 6.411
0.00015547 -2.00000 6.60000 0.2263921946 1.7764358727    0.226 -0.988  3.6073  4.162    0  0.000  0.545     0.00     0.00     0.00     0.00     0.00 -1 -2.28e-14      0.00 7.507e-01 2.491e-01 2.943e-05 7.939e-06 7.201e-05 -1.000 1.636e-04 7.241 11.567 15.144 13.029 10.736 9.953 9.682 9.330 8.957 8.048 7.885 7.608 7.444 7.129 7.044 6.629 6.602 6.309
0.00015547 -2.00000 6.60000 0.2467115223 1.8319066623    0.246 -0.938  3.6124  4.170    0  0.000  0.545     0.00     0.00     0.00     0.00     0.00 -1 -2.43e-14      0.00 7.507e-01 2.491e-01 2.943e-05 7.939e-06 7.201e-05 -1.000 1.637e-04 7.116 11.423 14.891 12.743 10.500 9.725 9.479 9.139 8.774 7.889 7.729 7.459 7.297 6.989 6.907 6.500 6.474 6.187
0.00015547 -2.00000 6.60000 0.2610616982 1.8676222774    0.261 -0.907  3.6159  4.177    0  0.000  0.545     0.00     0.00     0.00     0.00     0.00 -1 -2.52e-14      0.00 7.507e-01 2.491e-01 2.943e-05 7.939e-06 7.201e-05 -1.000 1.637e-04 7.037 11.330 14.710 12.546 10.341 9.572 9.344 9.014 8.654 7.785 7.627 7.362 7.203 6.899 6.818 6.418 6.392 6.110
0.00015547 -2.00000 6.60000 0.2849769592 1.9218097582    0.285 -0.854  3.6218  4.186    0  0.000  0.545     0.00     0.00     0.00     0.00     0.00 -1 -2.69e-14      0.00 7.507e-01 2.491e-01 2.943e-05 7.939e-06 7.201e-05 -1.000 1.636e-04 6.905 11.174 14.398 12.216 10.078 9.319 9.123 8.807 8.455 7.613 7.459 7.203 7.046 6.750 6.672 6.281 6.256 5.982
0.00015547 -2.00000 6.60000 0.3065501750 1.9658484669    0.306 -0.811  3.6270  4.195    0  0.000  0.545     0.00     0.00     0.00     0.00     0.00 -1 -2.84e-14      0.00 7.507e-01 2.491e-01 2.943e-05 7.939e-06 7.201e-05 -1.000 1.636e-04 6.796 11.044 14.101 11.924 9.855 9.106 8.938 8.636 8.291 7.471 7.320 7.071 6.918 6.628 6.552 6.169 6.145 5.877
0.00015547 -2.00000 6.60000 0.3361277282 2.0200770721    0.336 -0.752  3.6343  4.205    0  0.000  0.545     0.00     0.00     0.00     0.00     0.00 -1 -3.07e-14      0.00 7.507e-01 2.491e-01 2.943e-05 7.939e-06 7.201e-05 -1.000 1.636e-04 6.650 10.866 13.691 11.523 9.544 8.812 8.685 8.403 8.067 7.278 7.131 6.892 6.743 6.462 6.390 6.018 5.995 5.736
0.00015547 -2.00000 6.60000 0.3519465327 2.0465963009    0.352 -0.723  3.6381  4.211    0  0.000  0.545     0.00     0.00     0.00     0.00     0.00 -1 -3.18e-14      0.00 7.507e-01 2.491e-01 2.943e-05 7.939e-06 7.201e-05 -1.000 1.636e-04 6.576 10.776 13.482 11.318 9.385 8.661 8.556 8.285 7.955 7.180 7.036 6.802 6.655 6.379 6.308 5.942 5.920 5.665
0.00015547 -2.00000 6.60000 0.3651964962 2.0676437651    0.365 -0.699  3.6412  4.216    0  0.000  0.545     0.00     0.00     0.00     0.00     0.00 -1 -3.28e-14      0.00 7.507e-01 2.491e-01 2.943e-05 7.939e-06 7.201e-05 -1.000 1.636e-04 6.518 10.704 13.319 11.157 9.258 8.541 8.454 8.191 7.865 7.103 6.960 6.731 6.586 6.313 6.243 5.882 5.860 5.609
0.00015547 -2.00000 6.60000 0.4016221166 2.1207314881    0.401 -0.636  3.6494  4.228    0  0.000  0.545     0.00     0.00     0.00     0.00     0.00 -1 -3.57e-14      0.00 7.507e-01 2.491e-01 2.943e-05 7.939e-06 7.201e-05 -1.000 1.636e-04 6.361 10.511 12.915 10.742 8.921 8.224 8.184 7.945 7.628 6.898 6.760 6.541 6.400 6.137 6.070 5.721 5.700 5.459
0.00015547 -2.00000 6.60000 0.4393008053 2.1694334381    0.439 -0.576  3.6578  4.239    0  0.000  0.545     0.00     0.00     0.00     0.00     0.00 -1 -3.87e-14      0.00 7.507e-01 2.491e-01 2.943e-05 7.939e-06 7.201e-05 -1.000 1.636e-04 6.210 10.320 12.464 10.317 8.590 7.915 7.922 7.708 7.402 6.702 6.568 6.359 6.223 5.969 5.904 5.566 5.547 5.316
0.00015547 -2.00000 6.60000 0.4512977004 2.1838121607    0.451 -0.558  3.6603  4.243    0  0.000  0.545     0.00     0.00     0.00     0.00     0.00 -1 -3.96e-14      0.00 7.507e-01 2.491e-01 2.943e-05 7.939e-06 7.201e-05 -1.000 1.636e-04 6.164 10.262 12.323 10.188 8.490 7.822 7.844 7.637 7.334 6.644 6.510 6.304 6.170 5.918 5.855 5.520 5.501 5.273
0.00015547 -2.00000 6.60000 0.4610371292 2.1951246020    0.461 -0.543  3.6623  4.246    0  0.000  0.545     0.00     0.00     0.00     0.00     0.00 -1 -4.04e-14      0.00 7.507e-01 2.491e-01 2.943e-05 7.939e-06 7.201e-05 -1.000 1.636e-04 6.128 10.215 12.195 10.081 8.410 7.749 7.781 7.581 7.280 6.597 6.465 6.261 6.128 5.878 5.815 5.483 5.464 5.238
0.00015547 -2.00000 6.60000 0.5009732842 2.2384552293    0.501 -0.484  3.6701  4.254    0  0.000  0.545     0.00     0.00     0.00     0.00     0.00 -1  -4.4e-14      0.00 7.507e-01 2.491e-01 2.943e-05 7.939e-06 7.201e-05 -1.000 1.636e-04 5.980 10.027 11.693 9.663 8.095 7.459 7.535 7.359 7.067 6.411 6.283 6.087 5.959 5.717 5.657 5.335 5.317 5.100
0.00015547 -2.00000 6.60000 0.5335649848 2.2695676756    0.533 -0.440  3.6754  4.258    0  0.000  0.545     0.00     0.00     0.00     0.00     0.00 -1  -4.7e-14      0.00 7.507e-01 2.491e-01 2.943e-05 7.939e-06 7.201e-05 -1.000 1.636e-04 5.869 9.886 11.355 9.379 7.875 7.256 7.360 7.200 6.915 6.277 6.150 5.961 5.835 5.598 5.539 5.224 5.206 4.995
0.00015547 -2.00000 6.60000 0.5506489277 2.2841947944    0.550 -0.417  3.6780  4.259    0  0.000  0.545     0.00     0.00     0.00     0.00     0.00 -1 -4.87e-14      0.00 7.507e-01 2.491e-01 2.943e-05 7.939e-06 7.201e-05 -1.000 1.636e-04 5.812 9.814 11.184 9.236 7.763 7.153 7.270 7.119 6.837 6.208 6.082 5.896 5.771 5.537 5.479 5.167 5.150 4.941
0.00015547 -2.00000 6.60000 0.5868908167 2.3120075704    0.587 -0.373  3.6825  4.261    0  0.000  0.545     0.00     0.00     0.00     0.00     0.00 -1  -5.2e-14      0.00 7.507e-01 2.491e-01 2.943e-05 7.939e-06 7.201e-05 -1.000 1.636e-04 5.703 9.680 10.892 8.987 7.565 6.969 7.109 6.971 6.695 6.081 5.957 5.775 5.653 5.422 5.365 5.059 5.042 4.838
0.00015547 -2.00000 6.60000 0.6003244519 2.3213410765    0.600 -0.357  3.6841  4.262    0  0.000  0.545     0.00     0.00     0.00     0.00     0.00 -1 -5.33e-14      0.00 7.507e-01 2.491e-01 2.943e-05 7.939e-06 7.201e-05 -1.000 1.636e-04 5.663 9.631 10.790 8.900 7.496 6.904 7.052 6.919 6.645 6.035 5.912 5.731 5.610 5.380 5.324 5.019 5.003 4.801
0.00015547 -2.00000 6.60000 0.6067378521 2.3256297627    0.607 -0.350  3.6849  4.263    0  0.000  0.545     0.00     0.00     0.00     0.00     0.00 -1 -5.39e-14      0.00 7.507e-01 2.491e-01 2.943e-05 7.939e-06 7.201e-05 -1.000 1.636e-04 5.646 9.609 10.742 8.859 7.463 6.874 7.026 6.895 6.622 6.015 5.892 5.712 5.591 5.362 5.306 5.002 4.986 4.785
0.00015547 -2.00000 6.60000 0.6314778328 2.3412391529    0.631 -0.321  3.6878  4.262    0  0.000  0.545     0.00     0.00     0.00     0.00     0.00 -1 -5.65e-14      0.00 7.507e-01 2.491e-01 2.943e-05 7.939e-06 7.201e-05 -1.000 1.636e-04 5.572 9.518 10.550 8.694 7.331 6.752 6.919 6.796 6.527 5.929 5.808 5.630 5.511 5.285 5.230 4.929 4.913 4.715
0.00015547 -2.00000 6.60000 0.6499999762 2.3520353107    0.650 -0.298  3.6901  4.261    0  0.000  0.545     0.00     0.00     0.00     0.00     0.00 -1 -5.88e-14      0.00 7.507e-01 2.491e-01 2.943e-05 7.939e-06 7.201e-05 -1.000 1.637e-04 5.515 9.448 10.405 8.569 7.231 6.659 6.837 6.721 6.455 5.864 5.743 5.568 5.449 5.225 5.171 4.873 4.857 4.661
0.00015547 -2.00000 6.60000 0.6715672016 2.3637473915    0.672 -0.273  3.6927  4.261    0  0.000  0.545     0.00     0.00     0.00     0.00     0.00 -1 -6.13e-14      0.00 7.507e-01 2.491e-01 2.943e-05 7.939e-06 7.201e-05 -1.000 1.636e-04 5.453 9.367 10.230 8.428 7.120 6.556 6.746 6.637 6.375 5.792 5.673 5.500 5.383 5.161 5.107 4.812 4.797 4.604
0.00015547 -2.00000 6.60000 0.6999999881 2.3779266974    0.700 -0.237  3.6963  4.257    0  0.000  0.545     0.00     0.00     0.00     0.00     0.00 -1 -6.55e-14      0.00 7.507e-01 2.491e-01 2.943e-05 7.939e-06 7.201e-05 -1.000 1.636e-04 5.362 9.252 9.987 8.230 6.962 6.410 6.617 6.518 6.261 5.690 5.572 5.402 5.286 5.068 5.015 4.724 4.709 4.520
0.00015547 -2.00000 6.60000 0.7244389653 2.3890969410    0.725 -0.198  3.7051  4.269    0  0.000  0.541     0.00     0.00     0.00     0.00     0.00 -1 -6.95e-14      0.00 7.507e-01 2.491e-01 2.923e-05 7.934e-06 7.201e-05 -1.000 1.636e-04 5.266 9.092 9.530 7.884 6.711 6.187 6.432 6.356 6.111 5.566 5.451 5.289 5.177 4.966 4.915 4.634 4.620 4.440
0.00015547 -2.00000 6.60000 0.7500000000 2.3998889087    0.750 -0.158  3.7143  4.280    0  0.000  0.538     0.00     0.00     0.00     0.00     0.00 -1 -7.41e-14      0.00 7.507e-01 2.491e-01 2.904e-05 7.930e-06 7.202e-05 -1.000 1.636e-04 5.164 8.916 9.066 7.536 6.458 5.963 6.243 6.189 5.957 5.439 5.328 5.173 5.065 4.861 4.813 4.542 4.529 4.358
0.00015547 -2.00000 6.60000 0.7881935835 2.4145242431    0.788 -0.112  3.7189  4.274    0  0.000  0.538     0.00     0.00     0.00     0.00     0.00 -1 -8.07e-14      0.00 7.507e-01 2.491e-01 2.904e-05 7.930e-06 7.202e-05 -1.000 1.636e-04 5.051 8.761 8.771 7.300 6.269 5.790 6.087 6.044 5.818 5.314 5.205 5.053 4.948 4.748 4.700 4.434 4.422 4.255
0.00015547 -2.00000 6.60000 0.8000000119 2.4187244405    0.800 -0.096  3.7205  4.271    0  0.000  0.538     0.00     0.00     0.00     0.00     0.00 -1 -8.35e-14      0.00 7.507e-01 2.491e-01 2.904e-05 7.930e-06 7.202e-05 -1.000 1.636e-04 5.010 8.706 8.669 7.218 6.203 5.729 6.032 5.992 5.769 5.269 5.161 5.011 4.906 4.707 4.660 4.396 4.383 4.218
0.00015547 -2.00000 6.60000 0.8494420648 2.4348648219    0.849 -0.029  3.7279  4.260    0  0.000  0.538     0.00     0.00     0.00     0.00     0.00 -1 -9.56e-14      0.00 7.507e-01 2.491e-01 2.904e-05 7.930e-06 7.202e-05 -1.000 1.636e-04 4.843 8.461 8.225 6.865 5.924 5.473 5.802 5.777 5.564 5.086 4.981 4.836 4.734 4.541 4.496 4.240 4.229 4.070
0.00015547 -2.00000 6.60000 0.8500000238 2.4350346840    0.850 -0.028  3.7280  4.260    0  0.000  0.538     0.00     0.00     0.00     0.00     0.00 -1 -9.58e-14      0.00 7.507e-01 2.491e-01 2.904e-05 7.930e-06 7.202e-05 -1.000 1.636e-04 4.841 8.459 8.220 6.861 5.920 5.470 5.799 5.774 5.562 5.084 4.979 4.834 4.732 4.540 4.494 4.239 4.227 4.069
0.00015547 -2.00000 6.60000 0.8514484763 2.4354744484    0.851 -0.027  3.7282  4.259    0  0.000  0.538     0.00     0.00     0.00     0.00     0.00 -1 -9.61e-14      0.00 7.507e-01 2.491e-01 2.904e-05 7.930e-06 7.202e-05 -1.000 1.636e-04 4.837 8.452 8.208 6.851 5.913 5.463 5.793 5.768 5.556 5.079 4.974 4.829 4.727 4.535 4.490 4.234 4.223 4.065
0.00015547 -2.00000 6.60000 0.8999999762 2.4492786016    0.899  0.051  3.7363  4.238    0  0.000  0.538     0.00     0.00     0.00     0.00     0.00 -1 -1.14e-13      0.00 7.507e-01 2.491e-01 2.904e-05 7.930e-06 7.202e-05 -1.000 1.636e-04 4.642 8.162 7.726 6.467 5.604 5.181 5.534 5.525 5.324 4.869 4.768 4.629 4.530 4.344 4.301 4.054 4.043 3.892
0.00015547 -2.00000 6.60000 0.9418362379 2.4598701095    0.941  0.110  3.7427  4.225    0  0.000  0.538     0.00     0.00     0.00     0.00     0.00 -1  -1.3e-13      0.00 7.507e-01 2.491e-01 2.904e-05 7.930e-06 7.202e-05 -1.000 1.636e-04 4.496 7.927 7.353 6.173 5.371 4.970 5.340 5.342 5.149 4.712 4.613 4.479 4.383 4.202 4.161 3.920 3.910 3.765
0.00015547 -2.00000 6.60000 0.9499999285 2.4618121728    0.950  0.122  3.7441  4.222    0  0.000  0.538     0.00     0.00     0.00     0.00     0.00 -1 -1.33e-13      0.00 7.507e-01 2.491e-01 2.904e-05 7.930e-06 7.202e-05 -1.000 1.636e-04 4.464 7.872 7.270 6.108 5.321 4.924 5.298 5.301 5.110 4.678 4.580 4.446 4.351 4.171 4.130 3.891 3.881 3.738
0.00015547 -2.00000 6.60000 0.9548950195 2.4629583710    0.955  0.130  3.7449  4.219    0  0.000  0.538     0.00     0.00     0.00     0.00     0.00 -1 -1.35e-13      0.00 7.507e-01 2.491e-01 2.904e-05 7.930e-06 7.202e-05 -1.000 1.636e-04 4.444 7.838 7.221 6.070 5.291 4.897 5.273 5.277 5.087 4.657 4.559 4.427 4.331 4.153 4.111 3.873 3.864 3.721
0.00015547 -2.00000 6.60000 0.9986222982 2.4726265969    0.999  0.215  3.7535  4.188    0  0.000  0.538     0.00     0.00     0.00     0.00     0.00 -1 -1.66e-13      0.00 7.507e-01 2.491e-01 2.904e-05 7.930e-06 7.202e-05 -1.000 1.636e-04 4.232 7.474 6.712 5.668 4.971 4.608 5.001 5.018 4.839 4.433 4.339 4.213 4.121 3.950 3.911 3.682 3.673 3.538
0.00015547 -2.00000 6.60000 1.0000000000 2.4729154477    1.000  0.218  3.7538  4.187    0  0.000  0.538     0.00     0.00     0.00     0.00     0.00 -1 -1.67e-13      0.00 7.507e-01 2.491e-01 2.904e-05 7.930e-06 7.202e-05 -1.000 1.636e-04 4.225 7.462 6.696 5.656 4.961 4.599 4.993 5.010 4.831 4.426 4.332 4.206 4.115 3.944 3.904 3.676 3.667 3.532
0.00015547 -2.00000 6.60000 1.0294281244 2.4788736793    1.029  0.275  3.7595  4.165    0  0.000  0.538     0.00     0.00     0.00     0.00     0.00 -1 -1.84e-13      0.00 7.507e-01 2.491e-01 2.904e-05 7.930e-06 7.202e-05 -1.000 1.636e-04 4.082 7.209 6.367 5.393 4.749 4.407 4.811 4.836 4.664 4.275 4.184 4.062 3.973 3.807 3.769 3.547 3.538 3.409
0.00015547 -2.00000 6.60000 1.0499999523 2.4828114860    1.050  0.318  3.7638  4.148    0  0.000  0.538     0.00     0.00     0.00     0.00     0.00 -1 -1.99e-13      0.00 7.507e-01 2.491e-01 2.904e-05 7.930e-06 7.202e-05 -1.000 1.636e-04 3.974 7.014 6.135 5.206 4.597 4.271 4.679 4.708 4.541 4.163 4.074 3.955 3.868 3.705 3.668 3.450 3.442 3.316
0.00015547 -2.00000 6.60000 1.0849237442 2.4891049205    1.084  0.401  3.7718  4.111    0  0.000  0.538     0.00     0.00     0.00     0.00     0.00 -1 -2.34e-13      0.00 7.507e-01 2.491e-01 2.904e-05 7.930e-06 7.202e-05 -1.000 1.636e-04 3.767 6.642 5.710 4.861 4.314 4.016 4.428 4.463 4.305 3.948 3.863 3.749 3.665 3.509 3.473 3.264 3.256 3.137
0.00015547 -2.00000 6.60000 1.1000000238 2.4916801480    1.099  0.440  3.7756  4.094    0  0.000  0.538     0.00     0.00     0.00     0.00     0.00 -1 -2.52e-13      0.00 7.507e-01 2.491e-01 2.904e-05 7.930e-06 7.202e-05 -1.000 1.636e-04 3.671 6.466 5.519 4.705 4.186 3.899 4.312 4.350 4.196 3.849 3.765 3.654 3.572 3.418 3.384 3.178 3.170 3.054
0.00015547 -2.00000 6.60000 1.1149415970 2.4941535049    1.114  0.478  3.7794  4.077    0  0.000  0.538     0.00     0.00     0.00     0.00     0.00 -1 -2.72e-13      0.00 7.507e-01 2.491e-01 2.904e-05 7.930e-06 7.202e-05 -1.000 1.636e-04 3.575 6.291 5.331 4.550 4.058 3.784 4.197 4.237 4.088 3.749 3.668 3.559 3.478 3.328 3.294 3.092 3.085 2.972
0.00015547 -2.00000 6.60000 1.1499999762 2.4996678137    1.149  0.567  3.7888  4.038    0  0.000  0.538     0.00     0.00     0.00     0.00     0.00 -1 -3.24e-13      0.00 7.507e-01 2.491e-01 2.904e-05 7.930e-06 7.202e-05 -1.000 1.636e-04 3.352 5.883 4.917 4.208 3.772 3.526 3.930 3.972 3.833 3.517 3.439 3.337 3.260 3.117 3.085 2.893 2.887 2.782
0.00015547 -2.00000 6.60000 1.1807502508 2.5041957798    1.180  0.639  3.7976  4.013    0  0.000  0.538     0.00     0.00     0.00     0.00     0.00 -1 -3.67e-13      0.00 7.507e-01 2.491e-01 2.904e-05 7.930e-06 7.202e-05 -1.000 1.636e-04 3.172 5.541 4.582 3.933 3.545 3.324 3.711 3.754 3.623 3.326 3.253 3.157 3.083 2.948 2.917 2.734 2.729 2.631
0.00015547 -2.00000 6.60000 1.2000000477 2.5068948796    1.200  0.680  3.8037  4.003    0  0.000  0.538     0.00     0.00     0.00     0.00     0.00 -1  -3.9e-13      0.00 7.507e-01 2.491e-01 2.904e-05 7.930e-06 7.202e-05 -1.000 1.636e-04 3.069 5.335 4.386 3.775 3.416 3.210 3.584 3.626 3.501 3.217 3.146 3.054 2.983 2.852 2.823 2.646 2.641 2.549
0.00015547 -2.00000 6.60000 1.2132622004 2.5086972288    1.213  0.708  3.8081  3.998    0  0.000  0.538     0.00     0.00     0.00     0.00     0.00 -1 -4.05e-13      0.00 7.507e-01 2.491e-01 2.904e-05 7.930e-06 7.202e-05 -1.000 1.636e-04 3.000 5.195 4.254 3.669 3.331 3.136 3.498 3.538 3.418 3.143 3.074 2.985 2.916 2.789 2.760 2.588 2.583 2.495
0.00015547 -2.00000 6.60000 1.2463036776 2.5129963816    1.246  0.772  3.8206  3.996    0  0.000  0.538     0.00     0.00     0.00     0.00     0.00 -1 -4.33e-13      0.00 7.507e-01 2.491e-01 2.904e-05 7.930e-06 7.202e-05 -1.000 1.636e-04 2.840 4.857 3.944 3.422 3.133 2.966 3.293 3.329 3.219 2.969 2.905 2.824 2.759 2.642 2.616 2.457 2.453 2.375
0.00015547 -2.00000 6.60000 1.2500000000 2.5134610955    1.250  0.779  3.8221  3.996    0  0.000  0.538     0.00     0.00     0.00     0.00     0.00 -1 -4.36e-13      0.00 7.507e-01 2.491e-01 2.904e-05 7.930e-06 7.202e-05 -1.000 1.636e-04 2.823 4.819 3.911 3.395 3.112 2.948 3.271 3.306 3.197 2.950 2.886 2.806 2.743 2.627 2.601 2.443 2.439 2.362
0.00015547 -2.00000 6.60000 1.2676160336 2.5156330859    1.267  0.812  3.8299  4.001    0  0.000  0.538     0.00     0.00     0.00     0.00     0.00 -1 -4.46e-13      0.00 7.507e-01 2.491e-01 2.904e-05 7.930e-06 7.202e-05 -1.000 1.636e-04 2.741 4.636 3.747 3.266 3.010 2.861 3.163 3.194 3.092 2.859 2.798 2.723 2.663 2.553 2.529 2.379 2.376 2.305
0.00015547 -2.00000 6.60000 1.2971067429 2.5191177715    1.297  0.864  3.8455  4.020    0  0.000  0.538     0.00     0.00     0.00     0.00     0.00 -1 -4.55e-13      0.00 7.507e-01 2.491e-01 2.904e-05 7.930e-06 7.202e-05 -1.000 1.636e-04 2.609 4.321 3.481 3.062 2.852 2.732 2.983 3.006 2.916 2.709 2.655 2.590 2.535 2.439 2.417 2.284 2.282 2.223
0.00015547 -2.00000 6.60000 1.2999999523 2.5194498592    1.300  0.870  3.8472  4.023    0  0.000  0.538     0.00     0.00     0.00     0.00     0.00 -1 -4.55e-13      0.00 7.507e-01 2.491e-01 2.904e-05 7.930e-06 7.202e-05 -1.000 1.636e-04 2.596 4.289 3.454 3.042 2.837 2.719 2.965 2.987 2.898 2.694 2.641 2.577 2.523 2.428 2.407 2.276 2.274 2.216
0.00015547 -2.00000 6.60000 1.3057010174 2.5200992869    1.306  0.880  3.8507  4.029    0  0.000  0.538     0.00     0.00     0.00     0.00     0.00 -1 -4.55e-13      0.00 7.507e-01 2.491e-01 2.904e-05 7.930e-06 7.202e-05 -1.000 1.636e-04 2.571 4.223 3.400 3.002 2.807 2.695 2.930 2.950 2.864 2.665 2.613 2.552 2.500 2.407 2.387 2.260 2.258 2.203
0.00015547 -2.00000 6.60000 1.3278905153 2.5225660296    1.328  0.917  3.8665  4.062    0  0.000  0.538     0.00     0.00     0.00     0.00     0.00 -1 -4.47e-13      0.00 7.507e-01 2.491e-01 2.904e-05 7.930e-06 7.202e-05 -1.000 1.636e-04 2.476 3.959 3.189 2.849 2.695 2.609 2.792 2.802 2.728 2.555 2.509 2.458 2.412 2.334 2.316 2.206 2.205 2.162
0.00015547 -2.00000 6.60000 1.3492761850 2.5248553321    1.349  0.953  3.8829  4.099    0  0.000  0.538     0.00     0.00     0.00     0.00     0.00 -1 -4.35e-13      0.00 7.507e-01 2.491e-01 2.904e-05 7.930e-06 7.202e-05 -1.000 1.637e-04 2.388 3.700 2.992 2.708 2.593 2.532 2.663 2.662 2.600 2.453 2.413 2.373 2.335 2.270 2.256 2.164 2.164 2.131
0.00015547 -2.00000 6.60000 1.3500000238 2.5249313598    1.350  0.954  3.8835  4.100    0  0.000  0.538     0.00     0.00     0.00     0.00     0.00 -1 -4.35e-13      0.00 7.507e-01 2.491e-01 2.904e-05 7.930e-06 7.202e-05 -1.000 1.636e-04 2.385 3.691 2.985 2.704 2.590 2.530 2.658 2.657 2.595 2.449 2.410 2.370 2.332 2.269 2.254 2.163 2.162 2.130
0.00015547 -2.00000 6.60000 1.3674860001 2.5267398931    1.368  0.982  3.8970  4.132    0  0.000  0.538     0.00     0.00     0.00     0.00     0.00 -1 -4.21e-13      0.00 7.507e-01 2.491e-01 2.904e-05 7.930e-06 7.202e-05 -1.000 1.637e-04 2.315 3.478 2.833 2.596 2.511 2.469 2.559 2.549 2.497 2.373 2.339 2.308 2.276 2.224 2.212 2.136 2.136 2.112
0.00015547 -2.00000 6.60000 1.3890452385 2.5288977917    1.389  1.015  3.9135  4.171    0  0.000  0.538     0.00     0.00     0.00     0.00     0.00 -1 -4.03e-13      0.00 7.508e-01 2.491e-01 2.904e-05 7.930e-06 7.202e-05 -1.000 1.636e-04 2.232 3.192 2.661 2.475 2.419 2.395 2.446 2.428 2.389 2.291 2.265 2.244 2.219 2.181 2.172 2.113 2.113 2.097
0.00015547 -2.00000 6.60000 1.3999999762 2.5299650300    1.400  1.032  3.9218  4.191    0  0.000  0.538     0.00     0.00     0.00     0.00     0.00 -1 -3.94e-13      0.00 7.508e-01 2.490e-01 2.904e-05 7.930e-06 7.202e-05 -1.000 1.637e-04 2.190 3.036 2.578 2.417 2.373 2.357 2.394 2.373 2.340 2.256 2.233 2.217 2.196 2.165 2.156 2.106 2.106 2.094
0.00015547 -2.00000 6.60000 1.4000436068 2.5299692422    1.400  1.032  3.9218  4.192    0  0.000  0.538     0.00     0.00     0.00     0.00     0.00 -1 -3.94e-13      0.00 7.508e-01 2.490e-01 2.904e-05 7.930e-06 7.202e-05 -1.000 1.637e-04 2.190 3.036 2.577 2.417 2.373 2.357 2.394 2.372 2.340 2.256 2.233 2.217 2.196 2.165 2.156 2.106 2.106 2.094
0.00015547 -2.00000 6.60000 1.4221181870 2.5320623250    1.422  1.063  3.9379  4.232    0  0.000  0.538     0.00     0.00     0.00     0.00     0.00 -1  -3.7e-13      0.00 7.508e-01 2.490e-01 2.904e-05 7.930e-06 7.202e-05 -1.000 1.636e-04 2.112 2.728 2.425 2.306 2.285 2.284 2.309 2.285 2.264 2.204 2.187 2.179 2.164 2.144 2.138 2.101 2.101 2.096
0.00015547 -2.00000 6.60000 1.4458533525 2.5342310600    1.446  1.094  3.9546  4.274    0  0.000  0.538     0.00     0.00     0.00     0.00     0.00 -1 -3.44e-13      0.00 7.508e-01 2.490e-01 2.904e-05 7.930e-06 7.202e-05 -1.000 1.636e-04 2.035 2.441 2.270 2.187 2.190 2.205 2.241 2.220 2.207 2.169 2.157 2.155 2.146 2.135 2.131 2.106 2.106 2.108
0.00015547 -2.00000 6.60000 1.4500000477 2.5346015836    1.450  1.099  3.9575  4.282    0  0.000  0.538     0.00     0.00     0.00     0.00     0.00 -1  -3.4e-13      0.00 7.508e-01 2.490e-01 2.904e-05 7.930e-06 7.202e-05 -1.000 1.636e-04 2.021 2.395 2.243 2.165 2.173 2.191 2.231 2.211 2.199 2.164 2.153 2.152 2.144 2.134 2.130 2.107 2.108 2.111
0.00015547 -2.00000 6.60000 1.4523407221 2.5348096580    1.453  1.102  3.9591  4.286    0  0.000  0.538     0.00     0.00     0.00     0.00     0.00 -1 -3.37e-13      0.00 7.508e-01 2.490e-01 2.904e-05 7.930e-06 7.202e-05 -1.000 1.636e-04 2.014 2.369 2.228 2.154 2.163 2.183 2.225 2.206 2.195 2.161 2.151 2.150 2.142 2.134 2.130 2.108 2.109 2.112
0.00015547 -2.00000 6.60000 1.4809356928 2.5372906692    1.481  1.133  3.9770  4.335    0  0.000  0.538     0.00     0.00     0.00     0.00     0.00 -1 -2.98e-13      0.00 7.508e-01 2.490e-01 2.904e-05 7.930e-06 7.202e-05 -1.000 1.636e-04 1.937 2.126 2.070 2.024 2.060 2.099 2.175 2.166 2.161 2.146 2.140 2.144 2.140 2.138 2.136 2.125 2.126 2.137
0.00015547 -2.00000 6.60000 1.5000000000 2.5388844597    1.500  1.151  3.9881  4.367    0  0.000  0.538     0.00     0.00     0.00     0.00     0.00 -1 -2.74e-13      0.00 7.508e-01 2.490e-01 2.904e-05 7.930e-06 7.202e-05 -1.000 1.637e-04 1.891 1.995 1.976 1.947 1.999 2.048 2.153 2.152 2.149 2.144 2.141 2.147 2.145 2.147 2.146 2.141 2.142 2.157
0.00015547 -2.00000 6.60000 1.5288279057 2.5412078919    1.529  1.176  4.0035  4.412    0  0.000  0.538     0.00     0.00     0.00     0.00     0.00 -1 -2.31e-13      0.00 7.508e-01 2.490e-01 2.904e-05 7.929e-06 7.202e-05 -1.000 1.636e-04 1.831 1.835 1.855 1.845 1.919 1.984 2.133 2.144 2.144 2.152 2.151 2.159 2.160 2.167 2.167 2.168 2.170 2.191
0.00015547 -2.00000 6.60000 1.5499999523 2.5428511323    1.550  1.192  4.0136  4.443    0  0.000  0.538     0.00     0.00     0.00     0.00     0.00 -1 -2.03e-13      0.00 7.508e-01 2.490e-01 2.904e-05 7.929e-06 7.202e-05 -1.000 1.636e-04 1.791 1.739 1.778 1.782 1.869 1.944 2.124 2.144 2.145 2.161 2.162 2.171 2.173 2.182 2.183 2.188 2.190 2.215
0.00015547 -2.00000 6.60000 1.5565776825 2.5433511993    1.556  1.197  4.0169  4.453    0  0.000  0.538     0.00     0.00     0.00     0.00     0.00 -1 -1.92e-13      0.00 7.508e-01 2.490e-01 2.904e-05 7.929e-06 7.202e-05 -1.000 1.636e-04 1.779 1.710 1.755 1.762 1.853 1.932 2.122 2.145 2.147 2.165 2.166 2.176 2.178 2.188 2.189 2.195 2.197 2.224
0.00015547 -2.00000 6.60000 1.6000000238 2.5465340628    1.600  1.227  4.0351  4.508    0  0.000  0.538     0.00     0.00     0.00     0.00     0.00 -1 -1.35e-13      0.00 7.508e-01 2.490e-01 2.904e-05 7.929e-06 7.202e-05 -1.000 1.636e-04 1.703 1.549 1.621 1.651 1.764 1.861 2.109 2.148 2.152 2.182 2.186 2.197 2.202 2.215 2.217 2.229 2.232 2.266
0.00015547 -2.00000 6.60000 1.6145418882 2.5475560752    1.614  1.237  4.0413  4.526    0  0.000  0.538     0.00     0.00     0.00     0.00     0.00 -1 -1.21e-18      0.00 7.508e-01 2.490e-01 2.904e-05 7.929e-06 7.202e-05 -1.000 1.636e-04 1.679 1.498 1.578 1.615 1.736 1.838 2.107 2.151 2.155 2.190 2.195 2.206 2.212 2.226 2.228 2.242 2.245 2.281
0.00015547 -2.00000 6.60000 1.6499999762 2.5499614773    1.649  1.260  4.0525  4.557    0  0.000  0.538     0.00     0.00     0.00     0.00     0.00 -1    -1e-30      0.00 7.508e-01 2.490e-01 2.904e-05 7.929e-06 7.202e-05 -1.000 1.636e-04 1.619 1.394 1.488 1.537 1.671 1.783 2.090 2.144 2.149 2.190 2.196 2.208 2.215 2.231 2.234 2.251 2.255 2.295
0.00015547 -2.00000 6.60000 1.6781007051 2.5517849684    1.677  1.279  4.0616  4.582    0  0.000  0.538     0.00     0.00     0.00     0.00     0.00 -1    -1e-30      0.00 7.508e-01 2.490e-01 2.904e-05 7.929e-06 7.201e-05 -1.000 1.636e-04 1.573 1.315 1.419 1.479 1.622 1.742 2.081 2.142 2.148 2.193 2.201 2.213 2.221 2.238 2.241 2.261 2.265 2.309
0.00015547 -2.00000 6.60000 1.7000000477 2.5531580802    1.699  1.293  4.0678  4.599    0  0.000  0.538     0.00     0.00     0.00     0.00     0.00 -1    -1e-30      0.00 7.508e-01 2.490e-01 2.904e-05 7.929e-06 7.201e-05 -1.000 1.637e-04 1.538 1.258 1.369 1.436 1.586 1.711 2.071 2.137 2.144 2.192 2.200 2.213 2.221 2.239 2.243 2.264 2.269 2.315
0.00015547 -2.00000 6.60000 1.7220735550 2.5545015486    1.721  1.307  4.0742  4.616    0  0.000  0.538     0.00     0.00     0.00     0.00     0.00 -1    -1e-30      0.00 7.508e-01 2.490e-01 2.904e-05 7.929e-06 7.201e-05 -1.000 1.636e-04 1.504 1.203 1.321 1.394 1.551 1.681 2.063 2.135 2.142 2.193 2.202 2.215 2.224 2.243 2.247 2.270 2.274 2.323
0.00015547 -2.00000 6.60000 1.7500000000 2.5561455243    1.749  1.323  4.0809  4.633    0  0.000  0.538     0.00     0.00     0.00     0.00     0.00 -1    -1e-30      0.00 7.508e-01 2.490e-01 2.903e-05 7.929e-06 7.201e-05 -1.000 1.636e-04 1.461 1.140 1.265 1.345 1.508 1.644 2.049 2.126 2.133 2.188 2.197 2.211 2.221 2.240 2.244 2.269 2.274 2.325
0.00015547 -2.00000 6.60000 1.7766346931 2.5576582099    1.775  1.339  4.0870  4.648    0  0.000  0.538     0.00     0.00     0.00     0.00     0.00 -1    -1e-30      0.00 7.508e-01 2.490e-01 2.904e-05 7.929e-06 7.201e-05 -1.000 1.636e-04 1.422 1.082 1.214 1.300 1.470 1.611 2.035 2.118 2.125 2.183 2.193 2.207 2.217 2.237 2.241 2.268 2.273 2.327
0.00015547 -2.00000 6.60000 1.7999999523 2.5589429085    1.799  1.353  4.0916  4.658    0  0.000  0.538     0.00     0.00     0.00     0.00     0.00 -1    -1e-30      0.00 7.508e-01 2.490e-01 2.904e-05 7.929e-06 7.201e-05 -1.000 1.636e-04 1.387 1.035 1.172 1.262 1.435 1.580 2.020 2.106 2.113 2.173 2.183 2.198 2.208 2.229 2.234 2.261 2.267 2.322
0.00015547 -2.00000 6.60000 1.8499999046 2.5615671142    1.849  1.379  4.1016  4.684    0  0.000  0.538     0.00     0.00     0.00     0.00     0.00 -1    -1e-30      0.00 7.508e-01 2.490e-01 2.903e-05 7.929e-06 7.201e-05 -1.000 1.637e-04 1.322 0.944 1.091 1.191 1.374 1.527 2.000 2.093 2.101 2.165 2.177 2.191 2.203 2.225 2.230 2.260 2.266 2.325
0.00015547 -2.00000 6.60000 1.8561421633 2.5618782913    1.855  1.382  4.1027  4.687    0  0.000  0.538     0.00     0.00     0.00     0.00     0.00 -1    -1e-30      0.00 7.508e-01 2.490e-01 2.903e-05 7.929e-06 7.201e-05 -1.000 1.637e-04 1.315 0.934 1.082 1.183 1.367 1.520 1.997 2.091 2.099 2.164 2.175 2.190 2.201 2.224 2.229 2.259 2.265 2.325
0.00015547 -2.00000 6.60000 1.8810575008 2.5631166128    1.880  1.396  4.1068  4.695    0  0.000  0.538     0.00     0.00     0.00     0.00     0.00 -1    -1e-30      0.00 7.508e-01 2.490e-01 2.903e-05 7.929e-06 7.201e-05 -1.000 1.636e-04 1.280 0.889 1.042 1.147 1.334 1.491 1.980 2.078 2.086 2.152 2.164 2.179 2.191 2.214 2.219 2.250 2.256 2.318
0.00015547 -2.00000 6.60000 1.8999998569 2.5640331203    1.899  1.410  4.1101  4.698    0  0.000  0.538     0.00     0.00     0.00     0.00     0.00 -1    -1e-30      0.00 7.508e-01 2.490e-01 2.903e-05 7.928e-06 7.201e-05 -1.000 1.636e-04 1.244 0.846 1.001 1.109 1.300 1.459 1.959 2.059 2.067 2.135 2.147 2.162 2.174 2.198 2.203 2.235 2.241 2.304
0.00015547 -2.00000 6.60000 1.9083400965 2.5644300264    1.908  1.417  4.1115  4.700    0  0.000  0.538     0.00     0.00     0.00     0.00     0.00 -1    -1e-30      0.00 7.508e-01 2.490e-01 2.903e-05 7.928e-06 7.201e-05 -1.000 1.636e-04 1.228 0.827 0.984 1.093 1.285 1.445 1.949 2.050 2.059 2.127 2.140 2.155 2.167 2.191 2.196 2.228 2.234 2.298
0.00015547 -2.00000 6.60000 1.9500000477 2.5663542714    1.950  1.448  4.1185  4.706    0  0.000  0.538     0.00     0.00     0.00     0.00     0.00 -1    -1e-30      0.00 7.508e-01 2.490e-01 2.903e-05 7.928e-06 7.201e-05 -1.000 1.636e-04 1.150 0.735 0.899 1.014 1.212 1.377 1.903 2.009 2.018 2.090 2.102 2.118 2.131 2.155 2.161 2.195 2.201 2.267
0.00015547 -2.00000 6.60000 2.0000000000 2.5685424513    2.000  1.484  4.1267  4.713    0  0.000  0.538     0.00     0.00     0.00     0.00     0.00 -1    -1e-30      0.00 7.508e-01 2.490e-01 2.903e-05 7.928e-06 7.201e-05 -1.000 1.636e-04 1.059 0.628 0.800 0.923 1.128 1.299 1.848 1.961 1.971 2.046 2.059 2.075 2.089 2.114 2.120 2.156 2.163 2.232
0.00015547 -2.00000 6.60000 2.0499999523 2.5706083333    2.050  1.521  4.1346  4.719    0  0.000  0.538     0.00     0.00     0.00     0.00     0.00 -1    -1e-30      0.00 7.508e-01 2.490e-01 2.903e-05 7.928e-06 7.201e-05 -1.000 1.636e-04 0.968 0.523 0.703 0.833 1.045 1.221 1.793 1.912 1.922 2.000 2.015 2.031 2.045 2.072 2.078 2.116 2.123 2.195
0.00015547 -2.00000 6.60000 2.0585594177 2.5709504401    2.058  1.527  4.1359  4.720    0  0.000  0.538     0.00     0.00     0.00     0.00     0.00 -1    -1e-30      0.00 7.508e-01 2.490e-01 2.903e-05 7.928e-06 7.201e-05 -1.000 1.636e-04 0.954 0.506 0.687 0.818 1.031 1.208 1.785 1.904 1.914 1.993 2.008 2.024 2.038 2.065 2.071 2.109 2.116 2.189
0.00015547 -2.00000 6.60000 2.0999999046 2.5725614918    2.099  1.559  4.1428  4.724    0  0.000  0.538     0.00     0.00     0.00     0.00     0.00 -1    -1e-30      0.00 7.508e-01 2.490e-01 2.903e-05 7.928e-06 7.201e-05 -1.000 1.637e-04 0.872 0.412 0.600 0.737 0.956 1.138 1.734 1.860 1.870 1.952 1.967 1.984 1.998 2.026 2.032 2.072 2.079 2.154
0.00015547 -2.00000 6.60000 2.1500000954 2.5744105556    2.149  1.598  4.1509  4.728    0  0.000  0.538     0.00     0.00     0.00     0.00     0.00 -1    -1e-30      0.00 7.508e-01 2.490e-01 2.903e-05 7.928e-06 7.201e-05 -1.000 1.636e-04 0.776 0.304 0.499 0.644 0.869 1.057 1.676 1.807 1.818 1.903 1.919 1.936 1.951 1.980 1.986 2.028 2.036 2.114
0.00015547 -2.00000 6.60000 2.2000000477 2.5761632879    2.199  1.635  4.1588  4.732    0  0.000  0.538     0.00     0.00     0.00     0.00     0.00 -1    -1e-30      0.00 7.508e-01 2.490e-01 2.903e-05 7.928e-06 7.201e-05 -1.000 1.636e-04 0.683 0.201 0.404 0.555 0.786 0.980 1.620 1.756 1.768 1.856 1.872 1.890 1.906 1.935 1.942 1.986 1.994 2.074
0.00015547 -2.00000 6.60000 2.2500000000 2.5778267375    2.249  1.671  4.1665  4.737    0  0.000  0.538     0.00     0.00     0.00     0.00     0.00 -1    -1e-30      0.00 7.509e-01 2.490e-01 2.903e-05 7.928e-06 7.201e-05 -1.000 1.637e-04 0.591 0.099 0.310 0.467 0.705 0.904 1.564 1.707 1.718 1.810 1.827 1.845 1.861 1.892 1.899 1.944 1.952 2.036
0.00015547 -2.00000 6.60000 2.2999999523 2.5794072884    2.299  1.707  4.1740  4.741    0  0.000  0.538     0.00     0.00     0.00     0.00     0.00 -1    -1e-30      0.00 7.509e-01 2.490e-01 2.903e-05 7.928e-06 7.201e-05 -1.000 1.637e-04 0.503 0.001 0.219 0.383 0.627 0.831 1.510 1.658 1.670 1.765 1.783 1.801 1.818 1.849 1.857 1.904 1.912 1.998
0.00015547 -2.00000 6.60000 2.4000000954 2.5823423892    2.399  1.774  4.1878  4.747    0  0.000  0.538     0.00     0.00     0.00     0.00     0.00 -1    -1e-30      0.00 7.507e-01 2.491e-01 2.904e-05 7.930e-06 7.202e-05 -1.000 1.636e-04 0.334 -0.181 0.051 0.225 0.480 0.693 1.407 1.564 1.577 1.677 1.696 1.716 1.734 1.767 1.774 1.824 1.833 1.924
0.00015547 -2.00000 6.60000 2.5999999046 2.5874412955    2.600  1.900  4.2119  4.752    0  0.000  0.538     0.00     0.00     0.00     0.00     0.00 -1    -1e-30      0.00 7.507e-01 2.491e-01 2.904e-05 7.930e-06 7.202e-05 -1.000 1.636e-04 0.020 -0.513 -0.258 -0.065 0.208 0.438 1.207 1.382 1.395 1.505 1.526 1.547 1.567 1.603 1.611 1.666 1.676 1.774
0.00015547 -2.00000 6.60000 2.7999999523 2.5917117820    2.800  2.014  4.2331  4.756    0  0.000  0.538     0.00     0.00     0.00     0.00     0.00 -1    -1e-30      0.00 7.507e-01 2.491e-01 2.904e-05 7.930e-06 7.202e-05 -1.000 1.636e-04 -0.265 -0.808 -0.532 -0.323 -0.035 0.208 1.024 1.213 1.228 1.346 1.369 1.391 1.413 1.451 1.460 1.519 1.530 1.635
0.00015547 -2.00000 6.60000 3.0000000000 2.5953341962    3.000  2.119  4.2514  4.753    0  0.000  0.538     0.00     0.00     0.00     0.00     0.00 -1    -1e-30      0.00 7.507e-01 2.491e-01 2.904e-05 7.930e-06 7.202e-05 -1.000 1.636e-04 -0.528 -1.074 -0.782 -0.559 -0.260 -0.004 0.849 1.050 1.066 1.191 1.216 1.239 1.262 1.302 1.311 1.375 1.386 1.496
0.00015547 -2.00000 6.60000 3.2000000477 2.5984409005    3.199  2.217  4.2682  4.751    0  0.000  0.538     0.00     0.00     0.00     0.00     0.00 -1    -1e-30      0.00 7.507e-01 2.491e-01 2.904e-05 7.930e-06 7.202e-05 -1.000 1.636e-04 -0.773 -1.319 -1.011 -0.777 -0.466 -0.201 0.685 0.898 0.914 1.046 1.072 1.096 1.120 1.162 1.172 1.239 1.250 1.365
0.00015547 -2.00000 6.60000 3.4000003338 2.6011310906    3.398  2.308  4.2831  4.745    0  0.000  0.538     0.00     0.00     0.00     0.00     0.00 -1    -1e-30      0.00 7.507e-01 2.491e-01 2.904e-05 7.930e-06 7.202e-05 -1.000 1.636e-04 -1.001 -1.546 -1.224 -0.980 -0.661 -0.386 0.528 0.751 0.767 0.905 0.932 0.957 0.982 1.026 1.036 1.106 1.118 1.237
0.00015547 -2.00000 6.60000 3.5999999046 2.6034804580    3.598  2.394  4.2967  4.739    0  0.000  0.538     0.00     0.00     0.00     0.00     0.00 -1    -1e-30      0.00 7.507e-01 2.491e-01 2.904e-05 7.930e-06 7.202e-05 -1.000 1.636e-04 -1.214 -1.755 -1.420 -1.168 -0.841 -0.558 0.380 0.612 0.630 0.773 0.801 0.826 0.853 0.898 0.909 0.981 0.993 1.116
0.00015547 -2.00000 6.60000 3.8000001907 2.6055477311    3.798  2.474  4.3094  4.734    1  0.000  0.538     0.00     0.00     0.00     0.00     0.00 -1    -1e-30      0.00 7.507e-01 2.491e-01 2.904e-05 7.930e-06 7.202e-05 -1.000 1.636e-04 -1.414 -1.951 -1.604 -1.344 -1.010 -0.720 0.241 0.481 0.499 0.647 0.676 0.702 0.729 0.776 0.787 0.862 0.874 1.000
0.00015547 -2.00000 6.60000 4.0000000000 2.6073790840    4.001  2.550  4.3211  4.726    1  0.000  0.538     0.00     0.00     0.00     0.00     0.00 -1    -1e-30      0.00 7.507e-01 2.491e-01 2.904e-05 7.930e-06 7.202e-05 -1.000 1.636e-04 -1.605 -2.137 -1.780 -1.512 -1.172 -0.876 0.104 0.353 0.371 0.524 0.554 0.580 0.608 0.656 0.667 0.744 0.757 0.886
0.00015547 -2.00000 6.60000 4.1999998093 2.6090113217    4.198  2.622  4.3324  4.721    0  0.000  0.538     0.00     0.00     0.00     0.00     0.00 -1    -1e-30      0.00 7.507e-01 2.491e-01 2.904e-05 7.930e-06 7.202e-05 -1.000 1.636e-04 -1.784 -2.310 -1.943 -1.668 -1.322 -1.020 -0.020 0.235 0.254 0.411 0.442 0.469 0.498 0.547 0.558 0.638 0.650 0.783
0.00015547 -2.00000 6.60000 4.3999996185 2.6104741022    4.397  2.690  4.3424  4.713    1  0.000  0.538     0.00     0.00     0.00     0.00     0.00 -1    -1e-30      0.00 7.507e-01 2.491e-01 2.904e-05 7.930e-06 7.202e-05 -1.000 1.636e-04 -1.955 -2.476 -2.099 -1.818 -1.467 -1.160 -0.144 0.118 0.137 0.298 0.330 0.357 0.387 0.437 0.449 0.530 0.543 0.677
0.00015547 -2.00000 6.60000 4.5999999046 2.6117915791    4.597  2.755  4.3523  4.707    1  0.000  0.538     0.00     0.00     0.00     0.00     0.00 -1    -1e-30      0.00 7.507e-01 2.491e-01 2.904e-05 7.930e-06 7.202e-05 -1.000 1.636e-04 -2.117 -2.631 -2.246 -1.958 -1.602 -1.291 -0.259 0.010 0.029 0.193 0.226 0.254 0.284 0.335 0.347 0.430 0.443 0.580
0.00015547 -2.00000 6.60000 4.7652220726 2.6127845728    4.763  2.806  4.3600  4.702    1  0.000  0.538     0.00     0.00     0.00     0.00     0.00 -1    -1e-30      0.00 7.507e-01 2.491e-01 2.904e-05 7.930e-06 7.202e-05 -1.000 1.636e-04 -2.245 -2.754 -2.362 -2.069 -1.709 -1.394 -0.351 -0.077 -0.057 0.110 0.143 0.171 0.202 0.254 0.266 0.351 0.364 0.503
0.00015547 -2.00000 6.60000 4.8000001907 2.6129836005    4.798  2.816  4.3616  4.701    1  0.000  0.538     0.00     0.00     0.00     0.00     0.00 -1    -1e-30      0.00 7.507e-01 2.491e-01 2.904e-05 7.930e-06 7.202e-05 -1.000 1.637e-04 -2.271 -2.779 -2.385 -2.091 -1.731 -1.414 -0.369 -0.094 -0.074 0.094 0.127 0.155 0.186 0.238 0.250 0.335 0.349 0.488
0.00015547 -2.00000 6.60000 5.0000000000 2.6140666223    4.999  2.875  4.3705  4.696    1  0.000  0.538     0.00     0.00     0.00     0.00     0.00 -1    -1e-30      0.00 7.507e-01 2.491e-01 2.904e-05 7.930e-06 7.202e-05 -1.000 1.713e-04 -2.418 -2.920 -2.518 -2.219 -1.854 -1.533 -0.475 -0.194 -0.174 -0.003 0.031 0.059 0.091 0.144 0.157 0.243 0.257 0.398
0.00015547 -2.00000 6.60000 5.1999998093 2.6150544000    5.200  2.932  4.3788  4.689    1  0.000  0.538     0.00     0.00     0.00     0.00     0.00 -1    -1e-30      0.00 7.507e-01 2.491e-01 2.904e-05 7.930e-06 7.202e-05 -1.000 1.636e-04 -2.560 -3.056 -2.647 -2.342 -1.973 -1.648 -0.577 -0.292 -0.272 -0.097 -0.062 -0.034 -0.001 0.052 0.065 0.153 0.167 0.310
0.00015547 -2.00000 6.60000 5.4000000954 2.6159585105    5.401  2.986  4.3868  4.684    1  0.000  0.538     0.00     0.00     0.00     0.00     0.00 -1    -1e-30      0.00 7.507e-01 2.491e-01 2.904e-05 7.930e-06 7.202e-05 -1.000 1.636e-04 -2.695 -3.186 -2.769 -2.459 -2.086 -1.758 -0.675 -0.385 -0.365 -0.187 -0.152 -0.123 -0.090 -0.035 -0.022 0.067 0.081 0.226
0.00015547 -2.00000 6.60000 5.5999999046 2.6167887565    5.601  3.038  4.3943  4.678    1  0.000  0.538     0.00     0.00     0.00     0.00     0.00 -1    -1e-30      0.00 7.507e-01 2.491e-01 2.904e-05 7.930e-06 7.202e-05 -1.000 1.636e-04 -2.825 -3.310 -2.886 -2.572 -2.195 -1.863 -0.770 -0.476 -0.454 -0.274 -0.238 -0.209 -0.175 -0.120 -0.107 -0.016 -0.002 0.145
0.00015547 -2.00000 6.60000 5.8000001907 2.6175535027    5.801  3.088  4.4016  4.672    1  0.000  0.538     0.00     0.00     0.00     0.00     0.00 -1    -1e-30      0.00 7.507e-01 2.491e-01 2.904e-05 7.930e-06 7.202e-05 -1.000 1.637e-04 -2.949 -3.296 -2.914 -2.633 -2.279 -1.965 -0.939 -0.583 -0.569 -0.367 -0.331 -0.308 -0.278 -0.229 -0.215 -0.140 -0.127 -0.009
0.00015547 -2.00000 6.60000 6.0000000000 2.6182599138    6.000  3.136  4.4085  4.667    1  0.000  0.538     0.00     0.00     0.00     0.00     0.00 -1    -1e-30      0.00 7.507e-01 2.491e-01 2.904e-05 7.930e-06 7.202e-05 -1.000 1.636e-04 -3.069 -3.416 -3.026 -2.738 -2.379 -2.060 -1.027 -0.669 -0.654 -0.448 -0.411 -0.388 -0.356 -0.306 -0.292 -0.214 -0.201 -0.083
0.00015547 -2.00000 6.60000 6.1999998093 2.6189141709    6.200  3.182  4.4152  4.661    1  0.000  0.538     0.00     0.00     0.00     0.00     0.00 -1    -1e-30      0.00 7.507e-01 2.491e-01 2.904e-05 7.930e-06 7.202e-05 -1.000 1.636e-04 -3.185 -3.532 -3.136 -2.840 -2.476 -2.151 -1.113 -0.753 -0.737 -0.527 -0.489 -0.465 -0.432 -0.381 -0.366 -0.287 -0.274 -0.154
0.00015547 -2.00000 6.60000 6.4000000954 2.6195216279    6.399  3.227  4.4216  4.656    1  0.000  0.538     0.00     0.00     0.00     0.00     0.00 -1    -1e-30      0.00 7.507e-01 2.491e-01 2.904e-05 7.930e-06 7.202e-05 -1.000 1.646e-04 -3.297 -3.644 -3.241 -2.939 -2.570 -2.240 -1.196 -0.834 -0.817 -0.604 -0.565 -0.540 -0.506 -0.453 -0.438 -0.357 -0.344 -0.222
0.00015547 -2.00000 6.60000 6.9841513634 2.6210690638    6.980  3.350  4.4390  4.640    1  0.000  0.538     0.00     0.00     0.00     0.00     0.00 -1    -1e-30      0.00 7.507e-01 2.491e-01 2.904e-05 7.930e-06 7.202e-05 -1.000 1.636e-04 -3.604 -3.938 -3.519 -3.205 -2.828 -2.490 -1.415 -1.048 -1.031 -0.816 -0.777 -0.750 -0.714 -0.657 -0.641 -0.553 -0.540 -0.412
0.00015547 -2.00000 6.60000 7.0000000000 2.6211069280    6.996  3.353  4.4394  4.640    1  0.000  0.538     0.00     0.00     0.00     0.00     0.00 -1    -1e-30      0.00 7.507e-01 2.491e-01 2.904e-05 7.930e-06 7.202e-05 -1.000 1.636e-04 -3.612 -3.946 -3.526 -3.212 -2.835 -2.497 -1.420 -1.053 -1.037 -0.822 -0.782 -0.755 -0.719 -0.662 -0.647 -0.559 -0.545 -0.417
0.00015547 -2.00000 6.60000 8.0000000000 2.6231516585    8.001  3.539  4.4653  4.616    1  0.000  0.538     0.00     0.00     0.00     0.00     0.00 -1    -1e-30      0.00 7.507e-01 2.491e-01 2.904e-05 7.930e-06 7.202e-05 -1.000 1.636e-04 -4.077 -4.396 -3.962 -3.628 -3.239 -2.890 -1.773 -1.396 -1.378 -1.158 -1.117 -1.090 -1.053 -0.995 -0.979 -0.888 -0.873 -0.738
0.00015547 -2.00000 6.60000 8.4634380341 2.6239130862    8.461  3.616  4.4760  4.605    1  0.000  0.538     0.00     0.00     0.00     0.00     0.00 -1    -1e-30      0.00 7.507e-01 2.491e-01 2.904e-05 7.930e-06 7.202e-05 -1.000 1.636e-04 -4.270 -4.585 -4.148 -3.805 -3.410 -3.056 -1.925 -1.544 -1.525 -1.302 -1.260 -1.233 -1.196 -1.139 -1.123 -1.032 -1.018 -0.880
0.00015547 -2.00000 6.60000 9.0000000000 2.6246829947    8.995  3.701  4.4875  4.593    1  0.000  0.538     0.00     0.00     0.00     0.00     0.00 -1    -1e-30      0.00 7.507e-01 2.491e-01 2.904e-05 7.930e-06 7.202e-05 -1.000 1.636e-04 -4.484 -4.785 -4.336 -3.984 -3.584 -3.225 -2.085 -1.700 -1.680 -1.453 -1.410 -1.383 -1.345 -1.287 -1.272 -1.180 -1.165 -1.025
0.00015547 -2.00000 6.60000 9.6674661636 2.6255049241    9.664  3.799  4.5007  4.579    1  0.000  0.538     0.00     0.00     0.00     0.00     0.00 -1    -1e-30      0.00 7.507e-01 2.491e-01 2.904e-05 7.930e-06 7.202e-05 -1.000 1.636e-04 -4.728 -5.015 -4.553 -4.190 -3.784 -3.420 -2.268 -1.880 -1.859 -1.627 -1.584 -1.556 -1.518 -1.459 -1.443 -1.350 -1.335 -1.192
0.00015547 -2.00000 6.60000 10.0000000000 2.6258676431    9.998  3.846  4.5069  4.571    1  0.000  0.538     0.00     0.00     0.00     0.00     0.00 -1    -1e-30      0.00 7.507e-01 2.491e-01 2.904e-05 7.930e-06 7.202e-05 -1.000 1.636e-04 -4.845 -5.122 -4.657 -4.292 -3.884 -3.517 -2.357 -1.967 -1.946 -1.713 -1.669 -1.640 -1.600 -1.540 -1.525 -1.430 -1.415 -1.270
0.00015547 -2.00000 6.60000 10.8006982803 2.6266366020   10.802  3.951  4.5207  4.555    1  0.000  0.538     0.00     0.00     0.00     0.00     0.00 -1    -1e-30      0.00 7.507e-01 2.491e-01 2.904e-05 7.930e-06 7.202e-05 -1.000 1.636e-04 -5.108 -5.363 -4.893 -4.523 -4.110 -3.737 -2.558 -2.166 -2.144 -1.906 -1.860 -1.829 -1.787 -1.724 -1.708 -1.611 -1.596 -1.448
0.00015547 -2.00000 6.60000 11.0000000000 2.6268081058   11.001  3.976  4.5240  4.551    1  0.000  0.538     0.00     0.00     0.00     0.00     0.00 -1    -1e-30      0.00 7.507e-01 2.491e-01 2.904e-05 7.930e-06 7.202e-05 -1.000 1.636e-04 -5.170 -5.421 -4.949 -4.579 -4.164 -3.789 -2.606 -2.213 -2.191 -1.952 -1.905 -1.874 -1.832 -1.768 -1.752 -1.654 -1.639 -1.490
0.00015547 -2.00000 6.60000 12.0000000000 2.6275706487   12.001  4.094  4.5391  4.531    1  0.000  0.538     0.00     0.00     0.00     0.00     0.00 -1    -1e-30      0.00 7.507e-01 2.491e-01 2.904e-05 7.930e-06 7.202e-05 -1.000 1.636e-04 -5.465 -5.678 -5.201 -4.823 -4.403 -4.022 -2.825 -2.428 -2.405 -2.162 -2.115 -2.082 -2.038 -1.970 -1.953 -1.849 -1.833 -1.680
0.00015547 -2.00000 6.60000 12.5371484756 2.6279229880   12.535  4.152  4.5465  4.521    1  0.000  0.540     0.00     0.00     0.00     0.00     0.00 -1 -5.45e-25      0.00 7.507e-01 2.491e-01 2.915e-05 7.932e-06 7.202e-05 -1.000 1.636e-04 -5.611 -5.805 -5.325 -4.944 -4.521 -4.137 -2.933 -2.535 -2.512 -2.267 -2.218 -2.185 -2.140 -2.070 -2.053 -1.945 -1.930 -1.775
0.00015547 -2.00000 6.60000 13.6441383362 2.6285495242   13.636  4.266  4.5607  4.501    1  0.000  0.544     0.00     0.00     0.00     0.00     0.00 -1 -6.89e-14      0.00 7.507e-01 2.491e-01 2.936e-05 7.938e-06 7.201e-05 -1.000 1.636e-04 -5.896 -6.020 -5.552 -5.173 -4.748 -4.362 -3.144 -2.741 -2.719 -2.475 -2.427 -2.395 -2.351 -2.283 -2.266 -2.159 -2.143 -1.986
0.00015547 -2.00000 6.60000 13.9999990463 2.6287268953   13.992  4.301  4.5649  4.494    1  0.000  0.545     0.00     0.00     0.00     0.00     0.00 -1 -1.66e-10      0.00 7.507e-01 2.491e-01 2.943e-05 7.939e-06 7.201e-05 -1.000 1.636e-04 -5.983 -6.082 -5.620 -5.242 -4.817 -4.430 -3.209 -2.805 -2.782 -2.539 -2.492 -2.460 -2.418 -2.351 -2.334 -2.227 -2.211 -2.054
0.00015547 -2.00000 6.60000 14.6690444946 2.6290337292   14.663  4.363  4.5724  4.483    1  0.000  0.545     0.00     0.00     0.00     0.00     0.00 -1 -2.18e-10      0.00 7.507e-01 2.491e-01 2.943e-05 7.939e-06 7.201e-05 -1.000 1.636e-04 -6.137 -6.192 -5.739 -5.364 -4.939 -4.551 -3.322 -2.917 -2.894 -2.653 -2.607 -2.576 -2.535 -2.470 -2.453 -2.348 -2.332 -2.174
0.00015547 -2.00000 6.60000 15.7514657974 2.6294672482   15.752  4.458  4.5837  4.464    1  0.000  0.545     0.00     0.00     0.00     0.00     0.00 -1 -3.33e-10      0.00 7.507e-01 2.491e-01 2.943e-05 7.939e-06 7.201e-05 -1.000 1.636e-04 -6.375 -6.364 -5.910 -5.535 -5.110 -4.724 -3.485 -3.078 -3.057 -2.819 -2.773 -2.743 -2.702 -2.638 -2.622 -2.518 -2.502 -2.343
0.00015547 -2.00000 6.60000 16.0000000000 2.6295573144   16.001  4.479  4.5861  4.460    1  0.000  0.545     0.00     0.00     0.00     0.00     0.00 -1 -3.66e-10      0.00 7.507e-01 2.491e-01 2.943e-05 7.939e-06 7.201e-05 -1.000 1.636e-04 -6.427 -6.402 -5.947 -5.572 -5.147 -4.761 -3.520 -3.113 -3.092 -2.855 -2.810 -2.779 -2.738 -2.674 -2.658 -2.554 -2.539 -2.380
0.00015547 -2.00000 6.60000 16.5353050232 2.6297407707   16.532  4.522  4.5911  4.451    1  0.000  0.545     0.00     0.00     0.00     0.00     0.00 -1 -4.42e-10      0.00 7.507e-01 2.491e-01 2.943e-05 7.939e-06 7.201e-05 -1.000 1.636e-04 -6.534 -6.480 -6.022 -5.647 -5.223 -4.838 -3.592 -3.185 -3.165 -2.929 -2.884 -2.853 -2.813 -2.749 -2.733 -2.630 -2.614 -2.456
0.00015547 -2.00000 6.60000 18.0000000000 2.6301792302   17.987  4.634  4.6035  4.425    1  0.000  0.545     0.00     0.00     0.00     0.00     0.00 -1 -7.19e-10      0.00 7.507e-01 2.491e-01 2.943e-05 7.939e-06 7.201e-05 -1.000 1.636e-04 -6.815 -6.684 -6.222 -5.846 -5.422 -5.037 -3.783 -3.375 -3.356 -3.123 -3.079 -3.049 -3.009 -2.946 -2.930 -2.827 -2.812 -2.653
0.00015547 -2.00000 6.60000 19.0504474640 2.6304464016   19.040  4.707  4.6113  4.407    1  0.000  0.545     0.00     0.00     0.00     0.00     0.00 -1 -9.82e-10      0.00 7.507e-01 2.491e-01 2.943e-05 7.939e-06 7.201e-05 -1.000 1.636e-04 -6.999 -6.817 -6.354 -5.977 -5.551 -5.165 -3.907 -3.499 -3.479 -3.247 -3.204 -3.174 -3.135 -3.072 -3.056 -2.952 -2.937 -2.776
0.00015547 -2.00000 6.60000 20.0000000000 2.6306603470   19.992  4.771  4.6178  4.391    1  0.000  0.545     0.00     0.00     0.00     0.00     0.00 -1 -1.29e-09      0.00 7.507e-01 2.491e-01 2.943e-05 7.939e-06 7.201e-05 -1.000 1.636e-04 -7.158 -6.934 -6.470 -6.091 -5.664 -5.276 -4.016 -3.607 -3.587 -3.356 -3.313 -3.284 -3.245 -3.183 -3.166 -3.062 -3.046 -2.884
0.00015547 -2.00000 6.60000 20.8717193604 2.6308371756   20.865  4.825  4.6231  4.377    1  0.000  0.545     0.00     0.00     0.00     0.00     0.00 -1  -1.6e-09      0.00 7.507e-01 2.491e-01 2.943e-05 7.939e-06 7.201e-05 -1.000 1.636e-04 -7.292 -7.033 -6.568 -6.188 -5.760 -5.371 -4.109 -3.699 -3.680 -3.449 -3.406 -3.377 -3.339 -3.277 -3.260 -3.156 -3.139 -2.976
0.00015547 -2.00000 6.60000 22.2583560944 2.6310859096   22.252  4.906  4.6308  4.354    1  0.000  0.545     0.00     0.00     0.00     0.00     0.00 -1 -2.23e-09      0.00 7.507e-01 2.491e-01 2.943e-05 7.939e-06 7.201e-05 -1.000 1.636e-04 -7.495 -7.185 -6.720 -6.340 -5.911 -5.521 -4.257 -3.847 -3.827 -3.596 -3.553 -3.524 -3.486 -3.424 -3.407 -3.303 -3.287 -3.124
0.00015547 -2.00000 6.60000 23.5245132446 2.6312838297   23.518  4.977  4.6370  4.333    1  0.000  0.545     0.00     0.00     0.00     0.00     0.00 -1 -2.97e-09      0.00 7.507e-01 2.491e-01 2.943e-05 7.939e-06 7.201e-05 -1.000 1.636e-04 -7.672 -7.319 -6.855 -6.475 -6.046 -5.655 -4.390 -3.980 -3.960 -3.728 -3.684 -3.655 -3.616 -3.555 -3.538 -3.435 -3.419 -3.257
0.00015547 -2.00000 6.60000 24.0000000000 2.6313519822   23.992  5.003  4.6391  4.324    1  0.000  0.545     0.00     0.00     0.00     0.00     0.00 -1 -3.31e-09      0.00 7.507e-01 2.491e-01 2.943e-05 7.939e-06 7.201e-05 -1.000 1.636e-04 -7.737 -7.370 -6.905 -6.526 -6.096 -5.705 -4.440 -4.030 -4.010 -3.777 -3.733 -3.704 -3.665 -3.604 -3.587 -3.485 -3.469 -3.307
0.00015547 -2.00000 6.60000 25.0231170654 2.6314885792   25.009  5.054  4.6430  4.306    1  0.000  0.545     0.00     0.00     0.00     0.00     0.00 -1 -4.08e-09      0.00 7.507e-01 2.491e-01 2.943e-05 7.939e-06 7.201e-05 -1.000 1.637e-04 -7.865 -7.472 -7.008 -6.628 -6.199 -5.807 -4.542 -4.131 -4.110 -3.877 -3.833 -3.803 -3.764 -3.703 -3.687 -3.585 -3.569 -3.408
0.00015547 -2.00000 6.60000 26.7920017242 2.6316966873   26.765  5.139  4.6487  4.274    1  0.000  0.545     0.00     0.00     0.00     0.00     0.00 -1 -5.69e-09      0.00 7.507e-01 2.491e-01 2.943e-05 7.939e-06 7.201e-05 -1.000 1.636e-04 -8.076 -7.645 -7.181 -6.802 -6.372 -5.978 -4.713 -4.302 -4.281 -4.046 -4.001 -3.972 -3.932 -3.870 -3.855 -3.754 -3.738 -3.578
0.00015547 -2.00000 6.60000 28.0000000000 2.6318215644   27.967  5.193  4.6519  4.251    1  0.000  0.545     0.00     0.00     0.00     0.00     0.00 -1 -7.07e-09      0.00 7.507e-01 2.491e-01 2.943e-05 7.939e-06 7.201e-05 -1.000 1.636e-04 -8.214 -7.760 -7.296 -6.917 -6.486 -6.092 -4.826 -4.415 -4.394 -4.158 -4.113 -4.083 -4.044 -3.982 -3.966 -3.865 -3.849 -3.689
0.00015547 -2.00000 6.60000 29.4437465668 2.6319554638   29.403  5.254  4.6548  4.224    1  0.000  0.545     0.00     0.00     0.00     0.00     0.00 -1 -9.04e-09      0.00 7.507e-01 2.491e-01 2.943e-05 7.939e-06 7.201e-05 -1.000 1.636e-04 -8.365 -7.890 -7.426 -7.046 -6.615 -6.221 -4.954 -4.544 -4.523 -4.286 -4.241 -4.211 -4.171 -4.109 -4.093 -3.992 -3.976 -3.816
0.00015547 -2.00000 6.60000 30.0000000000 2.6320031152   29.960  5.277  4.6557  4.213    1  0.000  0.545     0.00     0.00     0.00     0.00     0.00 -1 -9.91e-09      0.00 7.507e-01 2.491e-01 2.943e-05 7.939e-06 7.201e-05 -1.000 1.636e-04 -8.421 -7.940 -7.476 -7.096 -6.665 -6.270 -5.004 -4.593 -4.572 -4.336 -4.291 -4.261 -4.221 -4.159 -4.143 -4.041 -4.025 -3.866
0.00015547 -2.00000 6.60000 30.4315242767 2.6320387050   30.390  5.293  4.6562  4.205    1  0.000  0.545     0.00     0.00     0.00     0.00     0.00 -1 -1.06e-08      0.00 7.507e-01 2.491e-01 2.943e-05 7.939e-06 7.201e-05 -1.000 1.636e-04 -8.463 -7.977 -7.513 -7.133 -6.702 -6.307 -5.041 -4.630 -4.609 -4.372 -4.327 -4.297 -4.258 -4.195 -4.179 -4.078 -4.062 -3.902
0.00015547 -2.00000 6.60000 32.1586380005 2.6321702197   32.108  5.358  4.6576  4.169    1  0.000  0.545     0.00     0.00     0.00     0.00     0.00 -1 -1.36e-08      0.00 7.507e-01 2.491e-01 2.943e-05 7.939e-06 7.201e-05 -1.000 1.636e-04 -8.624 -8.126 -7.662 -7.283 -6.852 -6.456 -5.190 -4.779 -4.758 -4.522 -4.477 -4.447 -4.407 -4.345 -4.330 -4.229 -4.213 -4.054
0.00015547 -2.00000 6.60000 33.8325996399 2.6322830639   33.771  5.418  4.6578  4.132    1  0.000  0.545     0.00     0.00     0.00     0.00     0.00 -1 -1.72e-08      0.00 7.507e-01 2.491e-01 2.943e-05 7.939e-06 7.201e-05 -1.000 1.636e-04 -8.774 -8.271 -7.808 -7.428 -6.997 -6.601 -5.336 -4.925 -4.904 -4.668 -4.623 -4.593 -4.554 -4.492 -4.477 -4.377 -4.361 -4.203
0.00015547 -2.00000 6.60000 35.0000000000 2.6323544560   34.934  5.458  4.6574  4.105    1  0.000  0.545     0.00     0.00     0.00     0.00     0.00 -1 -2.03e-08      0.00 7.507e-01 2.491e-01 2.943e-05 7.939e-06 7.201e-05 -1.000 1.636e-04 -8.874 -8.371 -7.908 -7.529 -7.098 -6.702 -5.437 -5.026 -5.005 -4.769 -4.725 -4.695 -4.656 -4.594 -4.579 -4.480 -4.464 -4.307
0.00015547 -2.00000 6.60000 35.2835617065 2.6323709791   35.216  5.467  4.6572  4.099    1  0.000  0.545     0.00     0.00     0.00     0.00     0.00 -1  -2.1e-08      0.00 7.507e-01 2.491e-01 2.943e-05 7.939e-06 7.201e-05 -1.000 1.636e-04 -8.897 -8.394 -7.932 -7.552 -7.121 -6.725 -5.460 -5.050 -5.029 -4.793 -4.748 -4.719 -4.679 -4.618 -4.603 -4.504 -4.488 -4.331
0.00015547 -2.00000 6.60000 37.4435691833 2.6324874553   37.370  5.533  4.6542  4.046    1  0.000  0.545     0.00     0.00     0.00     0.00     0.00 -1 -2.71e-08      0.00 7.507e-01 2.491e-01 2.943e-05 7.939e-06 7.201e-05 -1.000 1.637e-04 -9.064 -8.576 -8.115 -7.736 -7.304 -6.908 -5.645 -5.235 -5.213 -4.977 -4.933 -4.903 -4.864 -4.804 -4.789 -4.691 -4.676 -4.520
0.00015547 -2.00000 6.60000 39.4559059143 2.6325828780   39.375  5.593  4.6492  3.989    1  0.000  0.545     0.00     0.00     0.00     0.00     0.00 -1 -3.43e-08      0.00 7.507e-01 2.491e-01 2.943e-05 7.939e-06 7.201e-05 -1.000 1.636e-04 -9.212 -8.750 -8.291 -7.912 -7.480 -7.085 -5.823 -5.413 -5.392 -5.156 -5.111 -5.083 -5.043 -4.984 -4.969 -4.873 -4.857 -4.702
0.00015547 -2.00000 6.60000 40.0000038147 2.6326067898   39.918  5.609  4.6476  3.973    1  0.000  0.545     0.00     0.00     0.00     0.00     0.00 -1 -3.65e-08      0.00 7.507e-01 2.491e-01 2.943e-05 7.939e-06 7.201e-05 -1.000 1.636e-04 -9.251 -8.794 -8.335 -7.957 -7.527 -7.132 -5.871 -5.461 -5.441 -5.206 -5.162 -5.134 -5.095 -5.036 -5.021 -4.925 -4.909 -4.754
0.00015547 -2.00000 6.60000 40.6085243225 2.6326326617   40.524  5.625  4.6458  3.956    1  0.000  0.545     0.00     0.00     0.00     0.00     0.00 -1 -3.89e-08      0.00 7.507e-01 2.491e-01 2.943e-05 7.939e-06 7.201e-05 -1.000 1.637e-04 -9.292 -8.840 -8.383 -8.006 -7.576 -7.182 -5.922 -5.513 -5.492 -5.260 -5.216 -5.188 -5.150 -5.091 -5.076 -4.980 -4.965 -4.810
0.00015547 -2.00000 6.60000 42.5439338684 2.6327093196   42.451  5.675  4.6384  3.896    1  0.000  0.545     0.00     0.00     0.00     0.00     0.00 -1  -4.7e-08      0.00 7.507e-01 2.491e-01 2.943e-05 7.939e-06 7.201e-05 -1.000 1.636e-04 -9.418 -8.991 -8.539 -8.166 -7.739 -7.350 -6.091 -5.684 -5.665 -5.439 -5.397 -5.370 -5.333 -5.276 -5.261 -5.165 -5.150 -4.995
0.00015547 -2.00000 6.60000 44.2165679932 2.6327693904   44.115  5.717  4.6300  3.837    1  0.000  0.545     0.00     0.00     0.00     0.00     0.00 -1 -5.51e-08      0.00 7.507e-01 2.491e-01 2.943e-05 7.939e-06 7.201e-05 -1.000 1.636e-04 -9.523 -9.130 -8.685 -8.315 -7.891 -7.506 -6.250 -5.845 -5.828 -5.607 -5.567 -5.541 -5.505 -5.449 -5.434 -5.338 -5.323 -5.170
0.00015547 -2.00000 6.60000 45.0000000000 2.6327957669   44.893  5.737  4.6253  3.807    1  0.000  0.545     0.00     0.00     0.00     0.00     0.00 -1 -5.91e-08      0.00 7.507e-01 2.491e-01 2.943e-05 7.939e-06 7.201e-05 -1.000 1.636e-04 -9.572 -9.199 -8.757 -8.390 -7.968 -7.585 -6.330 -5.926 -5.910 -5.692 -5.653 -5.627 -5.592 -5.536 -5.521 -5.426 -5.410 -5.257
0.00015547 -2.00000 6.60000 45.3252601624 2.6328064102   45.215  5.744  4.6234  3.795    1  0.000  0.545     0.00     0.00     0.00     0.00     0.00 -1 -6.07e-08      0.00 7.507e-01 2.491e-01 2.943e-05 7.939e-06 7.201e-05 -1.000 1.636e-04 -9.591 -9.226 -8.786 -8.420 -7.999 -7.617 -6.363 -5.960 -5.943 -5.726 -5.686 -5.660 -5.626 -5.570 -5.554 -5.459 -5.444 -5.291
0.00015547 -2.00000 6.60000 46.8964881897 2.6328554423   46.768  5.780  4.6128  3.731    1  0.000  0.545     0.00     0.00     0.00     0.00     0.00 -1 -6.88e-08      0.00 7.507e-01 2.491e-01 2.943e-05 7.939e-06 7.201e-05 -1.000 1.636e-04 -9.681 -9.361 -8.931 -8.573 -8.156 -7.776 -6.528 -6.129 -6.112 -5.896 -5.856 -5.829 -5.794 -5.737 -5.722 -5.627 -5.612 -5.462
0.00015547 -2.00000 6.60000 48.0845756531 2.6328900815   47.942  5.807  4.6035  3.678    1  0.000  0.545     0.00     0.00     0.00     0.00     0.00 -1 -7.45e-08      0.00 7.507e-01 2.491e-01 2.943e-05 7.939e-06 7.201e-05 -1.000 1.636e-04 -9.746 -9.467 -9.045 -8.693 -8.278 -7.899 -6.657 -6.259 -6.243 -6.027 -5.987 -5.960 -5.925 -5.867 -5.852 -5.757 -5.742 -5.594
0.00015547 -2.00000 6.60000 49.2494621277 2.6329221850   49.092  5.832  4.5935  3.623    1  0.000  0.545     0.00     0.00     0.00     0.00     0.00 -1 -8.04e-08      0.00 7.507e-01 2.491e-01 2.943e-05 7.939e-06 7.201e-05 -1.000 1.636e-04 -9.809 -9.580 -9.164 -8.814 -8.400 -8.023 -6.786 -6.390 -6.374 -6.158 -6.118 -6.091 -6.055 -5.997 -5.982 -5.888 -5.873 -5.725
0.00015547 -2.00000 6.60000 49.9999961853 2.6329419604   49.833  5.848  4.5860  3.584    1  0.000  0.545     0.00     0.00     0.00     0.00     0.00 -1 -8.37e-08      0.00 7.507e-01 2.491e-01 2.943e-05 7.939e-06 7.201e-05 -1.000 1.636e-04 -9.849 -9.660 -9.248 -8.899 -8.486 -8.109 -6.876 -6.482 -6.465 -6.249 -6.209 -6.182 -6.147 -6.090 -6.074 -5.981 -5.966 -5.819
0.00015547 -2.00000 6.60000 50.2725143433 2.6329489731   50.102  5.853  4.5834  3.570    1  0.000  0.545     0.00     0.00     0.00     0.00     0.00 -1 -8.48e-08      0.00 7.507e-01 2.491e-01 2.943e-05 7.939e-06 7.201e-05 -1.000 1.636e-04 -9.863 -9.688 -9.277 -8.929 -8.516 -8.139 -6.908 -6.514 -6.497 -6.282 -6.242 -6.215 -6.180 -6.122 -6.107 -6.014 -5.999 -5.852
0.00015547 -2.00000 6.60000 51.2246971130 2.6329728030   51.039  5.873  4.5723  3.514    1  0.000  0.545     0.00     0.00     0.00     0.00     0.00 -1 -8.83e-08      0.00 7.507e-01 2.491e-01 2.943e-05 7.939e-06 7.201e-05 -1.000 1.636e-04 -9.912 -9.796 -9.392 -9.046 -8.634 -8.258 -7.033 -6.640 -6.624 -6.408 -6.369 -6.342 -6.307 -6.251 -6.236 -6.144 -6.129 -5.983
0.00015547 -2.00000 6.60000 52.1709251404 2.6329954957   51.969  5.892  4.5603  3.455    1  0.000  0.545     0.00     0.00     0.00     0.00     0.00 -1 -9.05e-08      0.00 7.507e-01 2.491e-01 2.943e-05 7.939e-06 7.201e-05 -1.000 1.636e-04 -9.960 -9.918 -9.519 -9.175 -8.764 -8.388 -7.169 -6.777 -6.760 -6.542 -6.502 -6.474 -6.439 -6.381 -6.367 -6.274 -6.259 -6.114
0.00015547 -2.00000 6.60000 53.0978584290 2.6330168262   52.880  5.910  4.5474  3.393    1  0.000  0.545     0.00     0.00     0.00     0.00     0.00 -1 -9.15e-08      0.00 7.507e-01 2.491e-01 2.943e-05 7.939e-06 7.201e-05 -1.000 1.636e-04 -10.006 -10.045 -9.650 -9.306 -8.895 -8.520 -7.307 -6.915 -6.897 -6.677 -6.635 -6.608 -6.571 -6.514 -6.499 -6.406 -6.391 -6.246
0.00015547 -2.00000 6.60000 53.9667472839 2.6330360577   53.734  5.927  4.5346  3.331    1  0.000  0.545     0.00     0.00     0.00     0.00     0.00 -1 -9.14e-08      0.00 7.507e-01 2.491e-01 2.943e-05 7.939e-06 7.201e-05 -1.000 1.636e-04 -10.049 -10.161 -9.767 -9.421 -9.010 -8.635 -7.428 -7.035 -7.017 -6.794 -6.753 -6.727 -6.691 -6.635 -6.620 -6.529 -6.514 -6.370
0.00015547 -2.00000 6.60000 54.8304367065 2.6330544811   54.583  5.944  4.5217  3.270    1  0.000  0.545     0.00     0.00     0.00     0.00     0.00 -1 -8.98e-08      0.00 7.507e-01 2.491e-01 2.943e-05 7.939e-06 7.201e-05 -1.000 1.636e-04 -10.091 -10.267 -9.880 -9.536 -9.127 -8.755 -7.555 -7.163 -7.145 -6.925 -6.884 -6.859 -6.824 -6.769 -6.755 -6.665 -6.651 -6.508
0.00015547 -2.00000 6.60000 55.0000076294 2.6330580202   54.754  5.948  4.5194  3.258    1  0.000  0.545     0.00     0.00     0.00     0.00     0.00 -1 -8.96e-08      0.00 7.507e-01 2.491e-01 2.943e-05 7.939e-06 7.201e-05 -1.000 1.636e-04 -10.099 -10.281 -9.898 -9.558 -9.151 -8.781 -7.583 -7.192 -7.175 -6.957 -6.917 -6.892 -6.857 -6.803 -6.788 -6.699 -6.685 -6.543
0.00015547 -2.00000 6.60000 55.8002204895 2.6330743879   55.543  5.963  4.5093  3.209    1  0.000  0.545     0.00     0.00     0.00     0.00     0.00 -1 -8.89e-08      0.00 7.507e-01 2.491e-01 2.943e-05 7.939e-06 7.201e-05 -1.000 1.636e-04 -10.137 -10.339 -9.979 -9.656 -9.259 -8.898 -7.707 -7.324 -7.310 -7.104 -7.066 -7.042 -7.009 -6.956 -6.942 -6.854 -6.840 -6.703
0.00015547 -2.00000 6.60000 56.0459060669 2.6330793055   55.786  5.968  4.5066  3.195    1  0.000  0.545     0.00     0.00     0.00     0.00     0.00 -1 -8.92e-08      0.00 7.507e-01 2.491e-01 2.943e-05 7.939e-06 7.201e-05 -1.000 1.636e-04 -10.150 -10.355 -10.003 -9.685 -9.290 -8.932 -7.744 -7.363 -7.349 -7.146 -7.110 -7.086 -7.053 -7.001 -6.987 -6.900 -6.886 -6.750
0.00015547 -2.00000 6.60000 56.4456138611 2.6330872009   56.180  5.978  4.5094  3.199    1  0.000  0.545     0.00     0.00     0.00     0.00     0.00 -1 -9.48e-08      0.00 7.507e-01 2.491e-01 2.943e-05 7.939e-06 7.201e-05 -1.000 1.636e-04 -10.174 -10.374 -10.016 -9.693 -9.296 -8.935 -7.745 -7.362 -7.347 -7.141 -7.104 -7.079 -7.047 -6.994 -6.979 -6.892 -6.878 -6.741
0.00015547 -2.00000 6.60000 56.6273574829 2.6330907485   56.359  5.985  4.5185  3.230    1  0.000  0.545     0.00     0.00     0.00     0.00     0.00 -1 -1.04e-07      0.00 7.507e-01 2.491e-01 2.943e-05 7.939e-06 7.201e-05 -1.000 1.636e-04 -10.193 -10.376 -10.032 -9.707 -9.308 -8.947 -7.722 -7.333 -7.319 -7.109 -7.070 -7.044 -7.009 -6.954 -6.938 -6.845 -6.830 -6.684
0.00015547 -2.00000 6.60000 56.6643142700 2.6330914667   56.395  5.990  4.5281  3.263    1  0.000  0.545     0.00     0.00     0.00     0.00     0.00 -1 -1.13e-07      0.00 7.507e-01 2.491e-01 2.943e-05 7.939e-06 7.201e-05 -1.000 1.636e-04 -10.206 -10.369 -10.013 -9.680 -9.276 -8.909 -7.680 -7.288 -7.272 -7.056 -7.015 -6.988 -6.951 -6.894 -6.878 -6.781 -6.766 -6.617
0.00015547 -2.00000 6.60000 56.6815223694 2.6330918007   56.412  5.995  4.5380  3.298    1  0.000  0.545     0.00     0.00     0.00     0.00     0.00 -1 -1.22e-07      0.00 7.507e-01 2.491e-01 2.943e-05 7.939e-06 7.201e-05 -1.000 1.636e-04 -10.217 -10.297 -9.918 -9.580 -9.175 -8.808 -7.582 -7.191 -7.175 -6.961 -6.921 -6.894 -6.859 -6.801 -6.785 -6.688 -6.673 -6.524
0.00015547 -2.00000 6.60000 56.7070083618 2.6330922950   56.437  6.000  4.5488  3.337    1  0.000  0.545     0.00     0.00     0.00     0.00     0.00 -1 -1.33e-07      0.00 7.507e-01 2.491e-01 2.943e-05 7.939e-06 7.201e-05 -1.000 1.636e-04 -10.231 -10.227 -9.829 -9.489 -9.083 -8.715 -7.490 -7.099 -7.084 -6.873 -6.834 -6.807 -6.773 -6.715 -6.699 -6.601 -6.586 -6.437
0.00015547 -2.00000 6.60000 56.7163467407 2.6330924760   56.447  6.002  4.5505  3.342    1  0.000  0.545     0.00     0.00     0.00     0.00     0.00 -1 -1.35e-07      0.00 7.507e-01 2.491e-01 2.943e-05 7.939e-06 7.201e-05 -1.000 1.636e-04 -10.234 -10.218 -9.819 -9.478 -9.072 -8.704 -7.479 -7.087 -7.073 -6.862 -6.824 -6.797 -6.762 -6.704 -6.688 -6.591 -6.576 -6.426
0.00015547 -2.00000 6.60000 56.7460746765 2.6330930517   56.476  6.005  4.5417  3.304    2  0.000  0.545     0.00     0.00     0.00     0.00     0.00 -1 -1.31e-07      0.00 7.507e-01 2.491e-01 2.943e-05 7.939e-06 7.201e-05 -1.000 1.636e-04 -10.242 -10.293 -9.906 -9.568 -9.162 -8.794 -7.570 -7.178 -7.163 -6.950 -6.910 -6.883 -6.848 -6.790 -6.774 -6.677 -6.662 -6.513
0.00015547 -2.00000 6.60000 56.7557792664 2.6330932395   56.485  6.012  4.5342  3.267    2  0.000  0.545     0.00     0.00     0.00     0.00     0.00 -1 -1.31e-07      0.00 7.507e-01 2.491e-01 2.943e-05 7.939e-06 7.201e-05 -1.000 1.636e-04 -10.260 -10.373 -10.002 -9.666 -9.261 -8.894 -7.668 -7.275 -7.260 -7.045 -7.004 -6.977 -6.942 -6.884 -6.868 -6.772 -6.757 -6.607
0.00015547 -2.00000 6.60000 56.7649574280 2.6330934171   56.494  6.019  4.5270  3.231    2  0.000  0.545     0.00     0.00     0.00     0.00     0.00 -1  -1.3e-07      0.00 7.507e-01 2.491e-01 2.943e-05 7.939e-06 7.201e-05 -1.000 1.636e-04 -10.276 -10.452 -10.100 -9.767 -9.364 -8.997 -7.767 -7.374 -7.358 -7.142 -7.101 -7.074 -7.038 -6.981 -6.965 -6.868 -6.853 -6.704
0.00015547 -2.00000 6.60000 56.7788505554 2.6330936857   56.508  6.026  4.5166  3.182    2  0.000  0.545     0.00     0.00     0.00     0.00     0.00 -1 -1.27e-07      0.00 7.507e-01 2.491e-01 2.943e-05 7.939e-06 7.201e-05 -1.000 1.636e-04 -10.296 -10.476 -10.136 -9.814 -9.418 -9.059 -7.836 -7.448 -7.435 -7.228 -7.190 -7.165 -7.131 -7.076 -7.061 -6.968 -6.954 -6.809
0.00015547 -2.00000 6.60000 56.7823295593 2.6330937529   56.512  6.027  4.5138  3.170    2  0.000  0.545     0.00     0.00     0.00     0.00     0.00 -1 -1.25e-07      0.00 7.507e-01 2.491e-01 2.943e-05 7.939e-06 7.201e-05 -1.000 1.636e-04 -10.299 -10.472 -10.133 -9.815 -9.421 -9.064 -7.844 -7.458 -7.446 -7.243 -7.205 -7.181 -7.148 -7.094 -7.079 -6.988 -6.973 -6.830
0.00015547 -2.00000 6.60000 56.7937049866 2.6330939727   56.523  6.030  4.5045  3.130    3  0.000  0.545     0.19     0.84     0.71     0.46     0.38  4 -1.21e-07      0.00 7.507e-01 2.491e-01 2.943e-05 7.939e-06 7.201e-05 -1.000 1.637e-04 -10.305 -10.444 -10.111 -9.804 -9.418 -9.070 -7.864 -7.485 -7.475 -7.285 -7.250 -7.228 -7.198 -7.147 -7.133 -7.047 -7.033 -6.897
0.00015547 -2.00000 6.60000 56.8067550659 2.6330942247   56.535  6.032  4.4936  3.085    3  0.000  0.545     0.21     0.91     0.77     0.49     0.41  4 -1.15e-07      0.00 7.507e-01 2.491e-01 2.943e-05 7.939e-06 7.201e-05 -1.000 1.636e-04 -10.310 -10.439 -10.113 -9.815 -9.435 -9.092 -7.896 -7.521 -7.513 -7.330 -7.298 -7.276 -7.248 -7.199 -7.185 -7.102 -7.088 -6.956
0.00015547 -2.00000 6.60000 56.8175315857 2.6330944327   56.546  6.033  4.4850  3.049    3  0.000  0.545     0.23     0.97     0.82     0.53     0.44  4  -1.1e-07      0.00 7.507e-01 2.491e-01 2.943e-05 7.939e-06 7.201e-05 -1.000 1.636e-04 -10.314 -10.461 -10.140 -9.844 -9.465 -9.123 -7.931 -7.557 -7.549 -7.366 -7.334 -7.312 -7.284 -7.236 -7.221 -7.138 -7.125 -6.994
0.00015547 -2.00000 6.60000 56.8323822021 2.6330947192   56.561  6.035  4.4739  3.003    3  0.000  0.545     0.26     1.05     0.89     0.57     0.48  4 -1.03e-07      0.00 7.507e-01 2.491e-01 2.943e-05 7.939e-06 7.201e-05 -1.000 1.636e-04 -10.318 -10.494 -10.180 -9.885 -9.506 -9.163 -7.976 -7.603 -7.595 -7.410 -7.378 -7.356 -7.327 -7.279 -7.264 -7.182 -7.168 -7.038
0.00015547 -2.00000 6.60000 56.8494796753 2.6330950489   56.578  6.037  4.4624  2.955    3  0.000  0.545     0.30     1.15     0.96     0.62     0.52  4 -9.59e-08      0.00 7.507e-01 2.491e-01 2.943e-05 7.939e-06 7.201e-05 -1.000 1.637e-04 -10.323 -10.629 -10.330 -10.045 -9.669 -9.328 -8.166 -7.797 -7.787 -7.599 -7.565 -7.542 -7.511 -7.459 -7.444 -7.358 -7.344 -7.215
0.00015547 -2.00000 6.60000 56.8675193787 2.6330953964   56.596  6.039  4.4522  2.913    3  0.000  0.545     0.34     1.24     1.03     0.67     0.56  4 -8.84e-08      0.00 7.507e-01 2.491e-01 2.943e-05 7.939e-06 7.201e-05 -1.000 1.636e-04 -10.327 -10.691 -10.389 -10.100 -9.720 -9.377 -8.223 -7.852 -7.840 -7.642 -7.606 -7.581 -7.548 -7.492 -7.476 -7.387 -7.373 -7.243
0.00015547 -2.00000 6.60000 56.8901634216 2.6330958324   56.618  6.041  4.4419  2.870    3  0.000  0.545     0.38     1.34     1.11     0.72     0.60  4 -8.06e-08      0.00 7.507e-01 2.491e-01 2.943e-05 7.939e-06 7.201e-05 -1.000 1.636e-04 -10.332 -10.732 -10.426 -10.139 -9.761 -9.420 -8.274 -7.904 -7.891 -7.692 -7.656 -7.630 -7.597 -7.541 -7.525 -7.435 -7.421 -7.292
0.00015547 -2.00000 6.60000 56.9348182678 2.6330966908   56.662  6.044  4.4297  2.818    3  0.000  0.545     0.44     1.47     1.22     0.79     0.66  3  -7.4e-08      0.00 7.507e-01 2.491e-01 2.943e-05 7.939e-06 7.201e-05 -1.000 1.636e-04 -10.340 -10.774 -10.465 -10.181 -9.806 -9.470 -8.334 -7.965 -7.953 -7.755 -7.719 -7.693 -7.660 -7.604 -7.588 -7.499 -7.486 -7.359
0.00015547 -2.00000 6.60000 57.0080032349 2.6330980944   56.734  6.047  4.4210  2.781    3  0.000  0.545     0.49     1.57     1.30     0.84     0.70  3 -7.33e-08      0.00 7.507e-01 2.491e-01 2.943e-05 7.939e-06 7.201e-05 -1.000 1.636e-04 -10.347 -10.799 -10.490 -10.210 -9.838 -9.505 -8.378 -8.011 -8.000 -7.802 -7.766 -7.741 -7.708 -7.653 -7.637 -7.549 -7.535 -7.411
0.00015547 -2.00000 6.60000 57.0573463440 2.6330990384   56.783  6.048  4.4186  2.770    3  0.000  0.545     0.51     1.60     1.32     0.86     0.72  3 -7.32e-08      0.00 7.507e-01 2.491e-01 2.943e-05 7.939e-06 7.201e-05 -1.000 1.637e-04 -10.351 -10.805 -10.497 -10.219 -9.848 -9.515 -8.392 -8.026 -8.015 -7.817 -7.781 -7.756 -7.723 -7.668 -7.652 -7.565 -7.551 -7.427
0.00015547 -2.00000 6.60000 57.1100387573 2.6331000444   56.835  6.049  4.4192  2.773    4  0.000  0.545     0.00     0.00     0.00     0.00     0.00 -1 -7.34e-08      0.00 7.507e-01 2.491e-01 2.943e-05 7.939e-06 7.201e-05 -1.000 1.636e-04 -10.353 -10.806 -10.498 -10.219 -9.848 -9.515 -8.392 -8.025 -8.014 -7.816 -7.780 -7.755 -7.722 -7.667 -7.651 -7.563 -7.550 -7.426
0.00015547 -2.00000 6.60000 57.3104324341 2.6331038509   57.032  6.052  4.4240  2.791    5  0.000  0.545     0.00     0.00     0.00     0.00     0.00 -1 -7.49e-08      0.00 7.507e-01 2.491e-01 2.943e-05 7.939e-06 7.201e-05 -1.000 1.636e-04 -10.359 -10.808 -10.497 -10.215 -9.843 -9.508 -8.377 -8.009 -7.997 -7.800 -7.764 -7.738 -7.706 -7.650 -7.634 -7.545 -7.532 -7.407
0.00015547 -2.00000 6.60000 57.9972839355 2.6331166685   57.710  6.060  4.4310  2.815    5  0.000  0.545     0.00     0.00     0.00     0.00     0.00 -1 -7.85e-08      0.00 7.507e-01 2.491e-01 2.943e-05 7.939e-06 7.201e-05 -1.000 1.636e-04 -10.380 -10.811 -10.502 -10.218 -9.843 -9.506 -8.369 -8.000 -7.988 -7.789 -7.753 -7.728 -7.695 -7.639 -7.623 -7.534 -7.520 -7.394
0.00015547 -2.00000 6.60000 59.1091461182 2.6331366931   58.806  6.075  4.4186  2.759    6  0.000  0.545     0.00     0.00     0.00     0.00     0.00 -1 -8.31e-08      0.00 7.507e-01 2.491e-01 2.943e-05 7.939e-06 7.201e-05 -1.000 1.636e-04 -10.416 -10.871 -10.563 -10.285 -9.914 -9.581 -8.458 -8.092 -8.081 -7.883 -7.847 -7.822 -7.789 -7.734 -7.718 -7.631 -7.617 -7.493
0.00015547 -2.00000 6.60000 59.8095512390 2.6331488687   59.497  6.084  4.4043  2.698    6  0.000  0.545     0.00     0.00     0.00     0.00     0.00 -1 -8.64e-08      0.00 7.507e-01 2.491e-01 2.943e-05 7.939e-06 7.201e-05 -1.000 1.636e-04 -10.439 -10.907 -10.606 -10.338 -9.972 -9.643 -8.543 -8.182 -8.171 -7.974 -7.938 -7.913 -7.880 -7.826 -7.810 -7.726 -7.712 -7.592
0.00015547 -2.00000 6.60000 60.0000000000 2.6331521230   59.691  6.086  4.3993  2.677    1  0.000  0.545     0.00     0.00     0.00     0.00     0.00 -1 -8.77e-08      0.00 7.507e-01 2.491e-01 2.943e-05 7.939e-06 7.201e-05 -1.000 1.636e-04 -10.446 -10.973 -10.653 -10.372 -9.999 -9.665 -8.512 -8.163 -8.150 -7.958 -7.923 -7.898 -7.866 -7.814 -7.800 -7.710 -7.696 -7.554
0.00015547 -2.00000 6.60000 60.2065925598 2.6331556263   59.894  6.089  4.3921  2.647    1  0.000  0.545     0.00     0.00     0.00     0.00     0.00 -1 -9.38e-08      0.00 7.507e-01 2.491e-01 2.943e-05 7.939e-06 7.201e-05 -1.000 1.638e-04 -10.452 -10.983 -10.663 -10.384 -10.013 -9.682 -8.541 -8.198 -8.185 -7.995 -7.959 -7.935 -7.903 -7.852 -7.838 -7.749 -7.736 -7.595
0.00015547 -2.00000 6.60000 60.5539207458 2.6331614543   60.234  6.093  4.3785  2.591    1  0.000  0.545     0.00     0.00     0.00     0.00     0.00 -1 -1.04e-07      0.00 7.507e-01 2.491e-01 2.943e-05 7.939e-06 7.201e-05 -1.000 1.636e-04 -10.462 -10.944 -10.711 -10.475 -10.124 -9.811 -8.701 -8.344 -8.337 -8.156 -8.124 -8.103 -8.075 -8.029 -8.016 -7.944 -7.931 -7.816
0.00015547 -2.00000 6.60000 60.8720970154 2.6331667260   60.546  6.096  4.3650  2.536    1  0.000  0.545     0.00     0.00     0.00     0.00     0.00 -1 -1.14e-07      0.00 7.507e-01 2.491e-01 2.943e-05 7.939e-06 7.201e-05 -1.000 1.636e-04 -10.471 -10.968 -10.744 -10.522 -10.181 -9.878 -8.771 -8.417 -8.413 -8.245 -8.217 -8.200 -8.176 -8.135 -8.123 -8.056 -8.043 -7.932
0.00015547 -2.00000 6.60000 60.8961372375 2.6331671217   60.570  6.097  4.3640  2.531    1  0.000  0.545     0.00     0.00     0.00     0.00     0.00 -1 -1.15e-07      0.00 7.507e-01 2.491e-01 2.943e-05 7.939e-06 7.201e-05 -1.000 1.636e-04 -10.472 -10.969 -10.746 -10.525 -10.185 -9.883 -8.776 -8.422 -8.418 -8.252 -8.224 -8.208 -8.184 -8.144 -8.132 -8.065 -8.053 -7.943
0.00015547 -2.00000 6.60000 61.1589851379 2.6331714253   60.825  6.100  4.3515  2.480    2  0.000  0.545     0.00     0.00     0.00     0.00     0.00 -1 -1.25e-07      0.00 7.507e-01 2.491e-01 2.943e-05 7.939e-06 7.201e-05 -1.000 1.636e-04 -10.480 -10.985 -10.761 -10.554 -10.227 -9.941 -8.829 -8.479 -8.480 -8.333 -8.311 -8.299 -8.281 -8.250 -8.238 -8.179 -8.167 -8.063
0.00015547 -2.00000 6.60000 61.3970642090 2.6331752867   61.057  6.103  4.3391  2.430    2  0.000  0.545     0.00     0.00     0.00     0.00     0.00 -1 -1.51e-07      0.00 7.507e-01 2.491e-01 2.943e-05 7.939e-06 7.201e-05 -1.000 1.636e-04 -10.487 -10.993 -10.788 -10.592 -10.269 -9.984 -8.903 -8.560 -8.560 -8.411 -8.388 -8.374 -8.355 -8.320 -8.307 -8.247 -8.235 -8.133
0.00015547 -2.00000 6.60000 61.6124992371 2.6331787514   61.266  6.105  4.3270  2.380    2  0.000  0.545     0.00     0.00     0.00     0.00     0.00 -1 -1.91e-07      0.00 7.507e-01 2.491e-01 2.943e-05 7.939e-06 7.201e-05 -1.000 1.636e-04 -10.493 -10.999 -10.812 -10.627 -10.307 -10.021 -8.971 -8.635 -8.635 -8.482 -8.457 -8.441 -8.420 -8.382 -8.369 -8.307 -8.295 -8.195
0.00015547 -2.00000 6.60000 61.8260803223 2.6331821588   61.471  6.108  4.3141  2.328    2  0.000  0.545     0.00     0.00     0.00     0.00     0.00 -1 -3.38e-07      0.00 7.507e-01 2.491e-01 2.943e-05 7.939e-06 7.201e-05 -1.000 1.636e-04 -10.499 -11.006 -10.827 -10.647 -10.333 -10.054 -9.033 -8.701 -8.700 -8.547 -8.522 -8.507 -8.486 -8.449 -8.437 -8.377 -8.366 -8.270
0.00015547 -2.00000 6.60000 62.0385818481 2.6331855222   61.675  6.110  4.3002  2.271    2  0.000  0.545     0.00     0.00     0.00     0.00     0.00 -1 -4.56e-07      0.00 7.507e-01 2.491e-01 2.943e-05 7.939e-06 7.201e-05 -1.000 1.636e-04 -10.505 -11.012 -10.837 -10.663 -10.356 -10.085 -9.088 -8.759 -8.759 -8.609 -8.585 -8.571 -8.551 -8.516 -8.504 -8.448 -8.437 -8.346
0.00015547 -2.00000 6.60000 62.1974296570 2.6331880192   61.827  6.112  4.2890  2.225    2  0.000  0.545     0.00     0.00     0.00     0.00     0.00 -1 -5.05e-07      0.00 7.507e-01 2.491e-01 2.943e-05 7.939e-06 7.201e-05 -1.000 1.636e-04 -10.510 -11.069 -10.842 -10.634 -10.317 -10.037 -9.054 -8.765 -8.758 -8.605 -8.578 -8.561 -8.537 -8.500 -8.488 -8.421 -8.409 -8.299
0.00015547 -2.00000 6.60000 62.3628044128 2.6331906032   61.986  6.114  4.2765  2.174    2  0.000  0.545     0.00     0.00     0.00     0.00     0.00 -1 -5.89e-07      0.00 7.507e-01 2.491e-01 2.943e-05 7.939e-06 7.201e-05 -1.000 1.637e-04 -10.515 -11.077 -10.881 -10.690 -10.381 -10.109 -9.125 -8.833 -8.830 -8.683 -8.659 -8.643 -8.622 -8.587 -8.577 -8.513 -8.502 -8.395
0.00015547 -2.00000 6.60000 62.5182991028 2.6331930185   62.134  6.116  4.2639  2.123    2  0.000  0.545     0.00     0.00     0.00     0.00     0.00 -1 -6.46e-07      0.00 7.507e-01 2.491e-01 2.943e-05 7.939e-06 7.201e-05 -1.000 1.636e-04 -10.519 -11.079 -10.894 -10.711 -10.409 -10.143 -9.188 -8.904 -8.901 -8.759 -8.735 -8.720 -8.700 -8.667 -8.656 -8.595 -8.584 -8.481
0.00015547 -2.00000 6.60000 62.6579551697 2.6331951761   62.269  6.117  4.2517  2.074    2  0.000  0.545     0.00     0.00     0.00     0.00     0.00 -1 -6.46e-07      0.00 7.507e-01 2.491e-01 2.943e-05 7.939e-06 7.201e-05 -1.000 1.636e-04 -10.523 -11.080 -10.903 -10.726 -10.432 -10.172 -9.248 -8.972 -8.970 -8.831 -8.808 -8.794 -8.774 -8.742 -8.731 -8.672 -8.662 -8.564
0.00015547 -2.00000 6.60000 62.7905502319 2.6331972143   62.395  6.119  4.2394  2.024    2  0.000  0.545     0.00     0.00     0.00     0.00     0.00 -1 -6.32e-07      0.00 7.507e-01 2.491e-01 2.943e-05 7.939e-06 7.201e-05 -1.000 1.636e-04 -10.527 -11.078 -10.910 -10.740 -10.453 -10.200 -9.308 -9.042 -9.039 -8.904 -8.881 -8.868 -8.849 -8.818 -8.808 -8.752 -8.742 -8.648
0.00015547 -2.00000 6.60000 62.8120727539 2.6331975442   62.416  6.119  4.2373  2.015    2  0.000  0.545     0.00     0.00     0.00     0.00     0.00 -1  -6.3e-07      0.00 7.507e-01 2.491e-01 2.943e-05 7.939e-06 7.201e-05 -1.000 1.636e-04 -10.528 -11.078 -10.911 -10.742 -10.456 -10.205 -9.318 -9.053 -9.051 -8.916 -8.894 -8.880 -8.862 -8.831 -8.821 -8.765 -8.755 -8.663
0.00015547 -2.00000 6.60000 62.8990287781 2.6331988745   62.500  6.120  4.2285  1.980    3  0.000  0.545     4.75     6.86     5.32     3.51     2.94  4 -6.19e-07      0.00 7.507e-01 2.491e-01 2.943e-05 7.939e-06 7.201e-05 -1.000 1.636e-04 -10.530 -11.076 -10.915 -10.751 -10.471 -10.224 -9.360 -9.102 -9.100 -8.968 -8.946 -8.933 -8.915 -8.885 -8.875 -8.821 -8.811 -8.722
0.00015547 -2.00000 6.60000 63.0278434753 2.6332008374   62.623  6.122  4.2148  1.925    3  0.000  0.545     5.55     7.58     5.85     3.87     3.24  4 -5.99e-07      0.00 7.507e-01 2.491e-01 2.943e-05 7.939e-06 7.201e-05 -1.000 1.636e-04 -10.534 -11.069 -10.918 -10.761 -10.491 -10.253 -9.426 -9.178 -9.176 -9.048 -9.027 -9.015 -8.998 -8.969 -8.960 -8.909 -8.900 -8.816
0.00015547 -2.00000 6.60000 63.1336250305 2.6332024424   62.725  6.123  4.2027  1.876    3  0.000  0.545     6.38     8.29     6.37     4.22     3.53  4 -5.87e-07      0.00 7.507e-01 2.491e-01 2.943e-05 7.939e-06 7.201e-05 -1.000 1.636e-04 -10.537 -11.062 -10.919 -10.769 -10.508 -10.277 -9.484 -9.244 -9.243 -9.119 -9.099 -9.087 -9.071 -9.044 -9.035 -8.986 -8.978 -8.899
0.00015547 -2.00000 6.60000 63.2171440125 2.6332037052   62.805  6.124  4.1925  1.834    3  0.000  0.545     7.17     8.93     6.85     4.54     3.80  4 -5.76e-07      0.00 7.507e-01 2.491e-01 2.943e-05 7.939e-06 7.201e-05 -1.000 1.636e-04 -10.539 -11.053 -10.917 -10.774 -10.520 -10.297 -9.533 -9.301 -9.300 -9.179 -9.159 -9.148 -9.133 -9.107 -9.098 -9.052 -9.044 -8.970
0.00015547 -2.00000 6.60000 63.2996635437 2.6332049492   62.884  6.125  4.1818  1.791    3  0.000  0.545     8.10     9.66     7.38     4.90     4.10  4 -5.58e-07      0.00 7.507e-01 2.491e-01 2.943e-05 7.939e-06 7.201e-05 -1.000 1.636e-04 -10.542 -11.043 -10.914 -10.778 -10.533 -10.317 -9.584 -9.359 -9.358 -9.241 -9.222 -9.212 -9.197 -9.172 -9.164 -9.120 -9.113 -9.043
0.00015547 -2.00000 6.60000 63.4012641907 2.6332064757   62.981  6.126  4.1676  1.734    3  0.000  0.545     9.52    10.72     8.15     5.42     4.54  4 -5.42e-07      0.00 7.507e-01 2.491e-01 2.943e-05 7.939e-06 7.201e-05 -1.000 1.636e-04 -10.544 -11.026 -10.926 -10.807 -10.574 -10.368 -9.648 -9.425 -9.428 -9.319 -9.303 -9.295 -9.283 -9.261 -9.254 -9.215 -9.207 -9.142
0.00015547 -2.00000 6.60000 63.4613800049 2.6332073763   63.040  6.126  4.1586  1.698    3  0.000  0.545    10.55    11.45     8.67     5.77     4.83  4 -5.32e-07      0.00 7.507e-01 2.491e-01 2.943e-05 7.939e-06 7.201e-05 -1.000 1.637e-04 -10.546 -11.014 -10.940 -10.834 -10.610 -10.410 -9.687 -9.462 -9.468 -9.367 -9.353 -9.347 -9.336 -9.318 -9.311 -9.275 -9.268 -9.204
0.00015547 -2.00000 6.60000 63.5208320618 2.6332082650   63.098  6.127  4.1493  1.660    3  0.000  0.545    11.74    12.26     9.26     6.17     5.17  4 -5.22e-07      0.00 7.507e-01 2.491e-01 2.943e-05 7.939e-06 7.201e-05 -1.000 1.636e-04 -10.548 -11.001 -10.951 -10.861 -10.644 -10.451 -9.727 -9.502 -9.511 -9.417 -9.405 -9.401 -9.392 -9.377 -9.370 -9.338 -9.331 -9.269
0.00015547 -2.00000 6.60000 63.5795898438 2.6332091415   63.154  6.128  4.1395  1.621    3  0.000  0.545    13.12    13.16     9.91     6.61     5.54  4 -5.07e-07      0.00 7.507e-01 2.491e-01 2.943e-05 7.939e-06 7.201e-05 -1.000 1.636e-04 -10.550 -10.983 -10.936 -10.850 -10.644 -10.459 -9.774 -9.557 -9.566 -9.474 -9.462 -9.459 -9.450 -9.436 -9.429 -9.400 -9.393 -9.336
0.00015547 -2.00000 6.60000 63.6376266479 2.6332100053   63.210  6.128  4.1292  1.579    3  0.000  0.545    14.75    14.19    10.65     7.11     5.96  4 -4.98e-07      0.00 7.507e-01 2.491e-01 2.943e-05 7.939e-06 7.201e-05 -1.000 1.636e-04 -10.551 -10.961 -10.900 -10.814 -10.619 -10.443 -9.824 -9.623 -9.630 -9.537 -9.525 -9.520 -9.512 -9.496 -9.490 -9.462 -9.456 -9.406
0.00015547 -2.00000 6.60000 63.6949310303 2.6332108565   63.263  6.129  4.1185  1.536    3  0.000  0.545    16.67    15.34    11.48     7.67     6.43  4 -1.68e-06      0.00 7.507e-01 2.491e-01 2.943e-05 7.939e-06 7.201e-05 -1.000 1.636e-04 -10.553 -10.937 -10.864 -10.778 -10.595 -10.428 -9.877 -9.692 -9.696 -9.603 -9.590 -9.584 -9.575 -9.559 -9.553 -9.526 -9.521 -9.479
0.00015547 -2.00000 6.60000 63.7514801025 2.6332116948   63.312  6.130  4.1069  1.490    3  0.000  0.545    19.02    16.70    12.44     8.32     6.98  4 -1.66e-06      0.00 7.507e-01 2.491e-01 2.943e-05 7.939e-06 7.201e-05 -1.000 1.636e-04 -10.554 -10.909 -10.834 -10.754 -10.583 -10.426 -9.931 -9.758 -9.762 -9.670 -9.658 -9.652 -9.643 -9.628 -9.622 -9.597 -9.593 -9.558
0.00015547 -2.00000 6.60000 63.7887458801 2.6332122462   63.344  6.130  4.0988  1.457    3  0.000  0.545    20.86    17.71    13.16     8.82     7.39  4 -1.65e-06      0.00 7.507e-01 2.491e-01 2.943e-05 7.939e-06 7.201e-05 -1.000 1.636e-04 -10.555 -10.887 -10.818 -10.744 -10.583 -10.433 -9.967 -9.801 -9.804 -9.716 -9.704 -9.699 -9.691 -9.677 -9.671 -9.648 -9.644 -9.613
0.00015547 -2.00000 6.60000 63.8256759644 2.6332127920   63.377  6.131  4.0904  1.423    3  0.000  0.545    22.96    18.84    13.96     9.36     7.85  4 -1.64e-06      0.00 7.507e-01 2.491e-01 2.943e-05 7.939e-06 7.201e-05 -1.000 1.636e-04 -10.556 -10.862 -10.799 -10.733 -10.581 -10.438 -10.005 -9.844 -9.848 -9.763 -9.752 -9.748 -9.740 -9.727 -9.721 -9.701 -9.697 -9.671
0.00015547 -2.00000 6.60000 63.8622169495 2.6332133313   63.410  6.131  4.0815  1.387    3  0.000  0.545    25.40    20.10    14.85     9.97     8.36  4 -1.63e-06      0.00 7.507e-01 2.491e-01 2.943e-05 7.939e-06 7.201e-05 -1.000 1.636e-04 -10.557 -10.833 -10.777 -10.719 -10.577 -10.442 -10.044 -9.890 -9.894 -9.812 -9.802 -9.798 -9.791 -9.779 -9.774 -9.756 -9.753 -9.731
0.00015547 -2.00000 6.60000 63.8984107971 2.6332138648   63.442  6.131  4.0722  1.350    3  0.000  0.545    28.23    21.50    15.84    10.64     8.92  4 -1.62e-06      0.00 7.507e-01 2.491e-01 2.943e-05 7.939e-06 7.201e-05 -1.000 1.636e-04 -10.558 -10.805 -10.797 -10.760 -10.628 -10.500 -10.075 -9.911 -9.922 -9.852 -9.845 -9.845 -9.841 -9.835 -9.830 -9.818 -9.814 -9.794
0.00015547 -2.00000 6.60000 63.9342269897 2.6332143920   63.473  6.132  4.0626  1.311    3  0.000  0.545    31.49    23.06    16.94    11.39     9.55  4 -1.59e-06      0.00 7.507e-01 2.491e-01 2.943e-05 7.939e-06 7.201e-05 -1.000 1.636e-04 -10.559 -10.770 -10.779 -10.755 -10.634 -10.513 -10.113 -9.952 -9.965 -9.901 -9.895 -9.897 -9.895 -9.890 -9.886 -9.878 -9.875 -9.858
0.00015547 -2.00000 6.60000 63.9696769714 2.6332149132   63.503  6.132  4.0527  1.272    3  0.000  0.545    35.23    24.78    18.14    12.21    10.24  4 -1.58e-06      0.00 7.507e-01 2.491e-01 2.943e-05 7.939e-06 7.201e-05 -1.000 1.636e-04 -10.560 -10.729 -10.744 -10.728 -10.620 -10.508 -10.155 -10.001 -10.015 -9.954 -9.949 -9.951 -9.950 -9.946 -9.943 -9.937 -9.934 -9.924
0.00015547 -2.00000 6.60000 64.0047225952 2.6332154278   63.536  6.133  4.0432  1.233    3  0.000  0.545    39.25    26.55    19.38    13.05    10.96  4 -1.57e-06      0.00 7.507e-01 2.491e-01 2.943e-05 7.939e-06 7.201e-05 -1.000 1.636e-04 -10.561 -10.686 -10.706 -10.699 -10.603 -10.499 -10.194 -10.048 -10.062 -10.004 -10.000 -10.003 -10.002 -10.000 -9.996 -9.993 -9.991 -9.987
0.00015547 -2.00000 6.60000 64.0221099854 2.6332156828   63.551  6.133  4.0389  1.216    3  0.000  0.545    41.22    27.40    19.97    13.46    11.30  4 -1.55e-06      0.00 7.507e-01 2.491e-01 2.943e-05 7.939e-06 7.201e-05 -1.000 1.636e-04 -10.562 -10.666 -10.688 -10.685 -10.595 -10.494 -10.211 -10.069 -10.083 -10.027 -10.023 -10.026 -10.026 -10.024 -10.021 -10.019 -10.017 -10.016
0.00015547 -2.00000 6.60000 64.0819549561 2.6332165595   63.603  6.133  4.0247  1.159    3  0.000  0.545    48.46    30.39    22.04    14.88    12.49  4 -1.54e-06      0.00 7.507e-01 2.491e-01 2.943e-05 7.939e-06 7.201e-05 -1.000 1.636e-04 -10.563 -10.593 -10.623 -10.632 -10.562 -10.473 -10.268 -10.138 -10.153 -10.101 -10.098 -10.102 -10.103 -10.102 -10.100 -10.102 -10.101 -10.110
0.00015547 -2.00000 6.60000 64.1708374023 2.6332178581   63.682  6.134  4.0034  1.073    3  0.000  0.545    61.73    35.48    25.56    17.29    14.52  4 -1.52e-06      0.00 7.507e-01 2.491e-01 2.943e-05 7.939e-06 7.201e-05 -1.000 1.636e-04 -10.566 -10.465 -10.505 -10.537 -10.498 -10.428 -10.351 -10.240 -10.255 -10.210 -10.209 -10.213 -10.215 -10.217 -10.215 -10.224 -10.225 -10.250
0.00015547 -2.00000 6.60000 64.2671890259 2.6332192611   63.769  6.135  3.9802  0.980    3  0.000  0.545    80.38    42.01    30.03    20.37    17.11  4 -1.48e-06      0.00 7.507e-01 2.491e-01 2.943e-05 7.939e-06 7.201e-05 -1.000 1.636e-04 -10.568 -10.292 -10.345 -10.404 -10.405 -10.358 -10.438 -10.348 -10.363 -10.325 -10.325 -10.331 -10.333 -10.338 -10.337 -10.352 -10.355 -10.399
0.00015547 -2.00000 6.60000 64.3619918823 2.6332206368   63.852  6.136  3.9575  0.889    3  0.000  0.545   104.03    49.54    35.16    23.90    20.09  4 -1.44e-06      0.00 7.507e-01 2.491e-01 2.943e-05 7.939e-06 7.201e-05 -1.000 1.636e-04 -10.571 -10.089 -10.194 -10.291 -10.336 -10.311 -10.491 -10.410 -10.433 -10.414 -10.419 -10.429 -10.436 -10.447 -10.447 -10.474 -10.479 -10.537
0.00015547 -2.00000 6.60000 64.4525909424 2.6332219472   63.933  6.137  3.9341  0.795    3  0.000  0.545   135.69    58.72    41.35    28.18    23.70  4 -1.41e-06      0.00 7.507e-01 2.491e-01 2.943e-05 7.939e-06 7.201e-05 -1.000 1.636e-04 -10.572 -9.798 -9.940 -10.080 -10.189 -10.193 -10.557 -10.496 -10.519 -10.510 -10.517 -10.528 -10.537 -10.551 -10.552 -10.588 -10.595 -10.677
0.00015547 -2.00000 6.60000 64.5383834839 2.6332231842   64.009  6.137  3.9100  0.699    3  0.000  0.545   178.40    69.94    48.88    33.39    28.09  4 -1.38e-06      0.00 7.507e-01 2.491e-01 2.943e-05 7.939e-06 7.201e-05 -1.000 1.636e-04 -10.574 -9.443 -9.688 -9.887 -10.064 -10.098 -10.562 -10.511 -10.548 -10.572 -10.587 -10.605 -10.621 -10.645 -10.648 -10.700 -10.708 -10.805
0.00015547 -2.00000 6.60000 64.5794754028 2.6332237753   64.045  6.138  3.8981  0.651    3  0.000  0.545   197.12    76.19    53.04    36.28    30.53  4 -1.36e-06      0.00 7.507e-01 2.491e-01 2.943e-05 7.939e-06 7.201e-05 -1.000 1.637e-04 -10.574 -9.160 -9.444 -9.693 -9.932 -9.988 -10.598 -10.562 -10.593 -10.610 -10.622 -10.640 -10.654 -10.678 -10.683 -10.740 -10.750 -10.863
0.00015547 -2.00000 6.60000 64.6193466187 2.6332243481   64.080  6.138  3.8886  0.613    3  0.000  0.545   209.29    81.61    56.64    38.78    32.64  4 -1.33e-06      0.00 7.507e-01 2.491e-01 2.943e-05 7.939e-06 7.201e-05 -1.000 1.637e-04 -10.574 -8.928 -9.262 -9.559 -9.846 -9.920 -10.609 -10.582 -10.611 -10.629 -10.642 -10.661 -10.676 -10.703 -10.709 -10.773 -10.784 -10.905
0.00015547 -2.00000 6.60000 64.6580505371 2.6332249033   64.115  6.138  3.8793  0.576    3  0.000  0.545   222.05    87.34    60.43    41.42    34.86  4  -1.3e-06      0.00 7.507e-01 2.491e-01 2.943e-05 7.939e-06 7.201e-05 -1.000 1.637e-04 -10.575 -8.728 -9.119 -9.460 -9.787 -9.877 -10.591 -10.567 -10.605 -10.642 -10.659 -10.681 -10.700 -10.732 -10.739 -10.810 -10.821 -10.948
0.00015547 -2.00000 6.60000 64.6955642700 2.6332254407   64.147  6.138  3.8707  0.542    3  0.000  0.545   234.47    92.97    64.14    44.00    37.04  4 -1.31e-06      0.00 7.507e-01 2.491e-01 2.943e-05 7.939e-06 7.201e-05 -1.000 1.636e-04 -10.576 -8.514 -8.955 -9.351 -9.724 -9.830 -10.580 -10.560 -10.602 -10.650 -10.670 -10.695 -10.717 -10.754 -10.761 -10.840 -10.852 -10.984
0.00015547 -2.00000 6.60000 64.7319488525 2.6332259612   64.181  6.139  3.8621  0.507    3  0.000  0.545   247.51    98.92    68.06    46.73    39.35  4 -1.32e-06      0.00 7.507e-01 2.491e-01 2.943e-05 7.939e-06 7.201e-05 -1.000 1.637e-04 -10.576 -8.260 -8.745 -9.215 -9.644 -9.769 -10.581 -10.566 -10.606 -10.656 -10.676 -10.704 -10.727 -10.769 -10.778 -10.864 -10.877 -11.015
0.00015547 -2.00000 6.60000 64.7672424316 2.6332264655   64.213  6.139  3.8540  0.475    3  0.000  0.545   260.54   104.92    72.00    49.48    41.67  4 -1.33e-06      0.00 7.507e-01 2.491e-01 2.943e-05 7.939e-06 7.201e-05 -1.000 1.636e-04 -10.577 -8.053 -8.565 -9.107 -9.583 -9.728 -10.565 -10.557 -10.597 -10.656 -10.678 -10.710 -10.736 -10.784 -10.794 -10.889 -10.902 -11.042
0.00015547 -2.00000 6.60000 64.8014221191 2.6332269533   64.242  6.139  3.8459  0.442    3  0.000  0.545   274.25   111.27    76.16    52.38    44.12  4 -1.96e-06      0.00 7.507e-01 2.491e-01 2.943e-05 7.939e-06 7.201e-05 -1.000 1.637e-04 -10.578 -7.875 -8.398 -9.012 -9.533 -9.698 -10.539 -10.537 -10.580 -10.652 -10.678 -10.715 -10.744 -10.799 -10.812 -10.915 -10.928 -11.069
0.00015547 -2.00000 6.60000 64.8345260620 2.6332274251   64.271  6.139  3.8382  0.411    3  0.000  0.545   287.98   117.69    80.35    55.31    46.59  4 -2.01e-06      0.00 7.507e-01 2.491e-01 2.943e-05 7.939e-06 7.201e-05 -1.000 1.636e-04 -10.578 -7.722 -8.245 -8.928 -9.489 -9.673 -10.510 -10.514 -10.561 -10.648 -10.677 -10.718 -10.751 -10.814 -10.828 -10.940 -10.953 -11.093
0.00015547 -2.00000 6.60000 64.8666076660 2.6332278819   64.301  6.140  3.8304  0.380    3  0.000  0.545   302.55   124.54    84.81    58.43    49.22  4 -2.08e-06      0.00 7.507e-01 2.491e-01 2.943e-05 7.939e-06 7.201e-05 -1.000 1.636e-04 -10.579 -7.585 -8.096 -8.848 -9.449 -9.654 -10.476 -10.485 -10.537 -10.641 -10.674 -10.721 -10.758 -10.829 -10.845 -10.966 -10.978 -11.117
0.00015547 -2.00000 6.60000 64.8976516724 2.6332283234   64.326  6.140  3.8226  0.349    3  0.000  0.545   317.92   131.83    89.54    61.74    52.02  4 -2.14e-06      0.00 7.507e-01 2.491e-01 2.941e-05 7.977e-06 7.199e-05 -1.000 1.636e-04 -10.580 -7.479 -7.953 -8.774 -9.414 -9.640 -10.430 -10.445 -10.505 -10.632 -10.670 -10.723 -10.764 -10.843 -10.861 -10.992 -11.003 -11.141
0.00015547 -2.00000 6.60000 64.9276885986 2.6332287501   64.353  6.140  3.8149  0.318    3  0.000  0.544   333.65   139.33    94.41    65.14    54.90  4 -3.42e-06      0.00 7.506e-01 2.493e-01 2.931e-05 8.189e-06 7.187e-05 -1.000 1.636e-04 -10.580 -7.382 -7.813 -8.701 -9.381 -9.628 -10.382 -10.403 -10.471 -10.621 -10.665 -10.724 -10.770 -10.857 -10.877 -11.017 -11.028 -11.165
0.00015547 -2.00000 6.60000 64.9567718506 2.6332291628   64.376  6.140  3.8077  0.289    3  0.000  0.543   349.15   146.79    99.22    68.52    57.75  4 -3.45e-06      0.00 7.504e-01 2.494e-01 2.921e-05 8.396e-06 7.175e-05 -1.000 1.637e-04 -10.581 -7.312 -7.698 -8.640 -9.354 -9.621 -10.332 -10.356 -10.435 -10.611 -10.659 -10.724 -10.775 -10.871 -10.892 -11.040 -11.051 -11.187
0.00015547 -2.00000 6.60000 64.9848861694 2.6332295614   64.399  6.140  3.8016  0.265    3  0.000  0.542   362.84   153.41   103.49    71.51    60.28  4 -3.45e-06      0.00 7.503e-01 2.495e-01 2.912e-05 8.599e-06 7.164e-05 -1.000 1.636e-04 -10.581 -7.262 -7.606 -8.589 -9.332 -9.616 -10.284 -10.313 -10.401 -10.601 -10.654 -10.724 -10.779 -10.882 -10.905 -11.060 -11.070 -11.207
0.00015547 -2.00000 6.60000 65.0000000000 2.6332297755   64.413  6.140  3.7985  0.252    3  0.000  0.542   370.14   156.95   105.78    73.11    61.63  4 -3.47e-06      0.00 7.502e-01 2.496e-01 2.906e-05 8.708e-06 7.158e-05 -1.000 1.636e-04 -10.581 -7.235 -7.548 -8.555 -9.317 -9.610 -10.260 -10.291 -10.384 -10.595 -10.651 -10.724 -10.781 -10.887 -10.911 -11.069 -11.080 -11.217
0.00015547 -2.00000 6.60000 65.0398483276 2.6332303394   64.447  6.141  3.7930  0.230    3  0.000  0.541   383.29   163.36   109.90    76.01    64.08  4 -3.46e-06      0.00 7.501e-01 2.498e-01 2.894e-05 8.973e-06 7.143e-05 -1.000 1.637e-04 -10.582 -7.187 -7.427 -8.482 -9.283 -9.592 -10.220 -10.255 -10.356 -10.586 -10.645 -10.723 -10.784 -10.896 -10.921 -11.086 -11.097 -11.235
0.00015547 -2.00000 6.60000 65.0917053223 2.6332310721   64.493  6.141  3.7857  0.201    3  0.000  0.539   401.42   172.25   115.61    80.01    67.47  4 -3.44e-06      0.00 7.498e-01 2.500e-01 2.878e-05 9.311e-06 7.124e-05 -1.000 1.637e-04 -10.583 -7.121 -7.250 -8.372 -9.230 -9.563 -10.169 -10.208 -10.320 -10.574 -10.638 -10.722 -10.787 -10.906 -10.933 -11.106 -11.117 -11.258
0.00015547 -2.00000 6.60000 65.1400451660 2.6332317539   64.532  6.141  3.7794  0.176    3  0.000  0.537   417.71   180.29   120.75    83.63    70.53  4 -3.44e-06      0.00 7.494e-01 2.504e-01 2.849e-05 9.913e-06 7.091e-05 -1.000 1.636e-04 -10.583 -7.063 -7.088 -8.269 -9.180 -9.533 -10.124 -10.168 -10.288 -10.562 -10.630 -10.719 -10.787 -10.913 -10.942 -11.123 -11.134 -11.277
0.00015547 -2.00000 6.60000 65.1850357056 2.6332323874   64.573  6.141  3.7747  0.157    3  0.000  0.534   430.26   186.51   124.73    86.43    72.89  4 -3.41e-06      0.00 7.490e-01 2.508e-01 2.818e-05 1.057e-05 7.054e-05 -1.000 1.637e-04 -10.584 -7.024 -6.966 -8.187 -9.135 -9.501 -10.082 -10.131 -10.258 -10.550 -10.621 -10.714 -10.786 -10.918 -10.947 -11.135 -11.147 -11.291
0.00015547 -2.00000 6.60000 65.2466964722 2.6332332541   64.625  6.142  3.7684  0.132    3  0.000  0.531   447.57   195.14   130.24    90.30    76.16  4 -3.38e-06      0.00 7.484e-01 2.514e-01 2.776e-05 1.146e-05 7.004e-05 -1.000 1.637e-04 -10.584 -6.972 -6.806 -8.078 -9.076 -9.461 -10.026 -10.082 -10.219 -10.533 -10.609 -10.708 -10.784 -10.923 -10.955 -11.152 -11.163 -11.308
0.00015547 -2.00000 6.60000 65.2841720581 2.6332337798   64.659  6.142  3.7642  0.116    3  0.000  0.529   459.51   201.12   134.05    92.98    78.43  4 -3.37e-06      0.00 7.481e-01 2.518e-01 2.752e-05 1.198e-05 6.975e-05 -1.000 1.636e-04 -10.584 -6.944 -6.711 -8.016 -9.045 -9.443 -9.989 -10.048 -10.192 -10.521 -10.600 -10.703 -10.781 -10.925 -10.958 -11.161 -11.172 -11.319
0.00015547 -2.00000 6.60000 65.3189468384 2.6332342671   64.688  6.142  3.7601  0.100    3  0.000  0.527   471.53   207.16   137.90    95.69    80.72  4 -3.36e-06      0.00 7.478e-01 2.521e-01 2.729e-05 1.246e-05 6.948e-05 -1.000 1.637e-04 -10.584 -6.916 -6.618 -7.955 -9.015 -9.425 -9.953 -10.016 -10.165 -10.510 -10.591 -10.698 -10.779 -10.928 -10.962 -11.169 -11.181 -11.329
0.00015547 -2.00000 6.60000 65.3664550781 2.6332349318   64.728  6.141  3.7542  0.076    3  0.000  0.524   489.23   216.10   143.57    99.69    84.11  4 -3.35e-06      0.00 7.473e-01 2.525e-01 2.699e-05 1.310e-05 6.912e-05 -1.000 1.636e-04 -10.584 -6.879 -6.469 -7.854 -8.964 -9.392 -9.899 -9.968 -10.126 -10.492 -10.576 -10.689 -10.773 -10.928 -10.964 -11.179 -11.191 -11.342
0.00015547 -2.00000 6.60000 65.4088058472 2.6332355235   64.766  6.141  3.7491  0.056    3  0.000  0.522   504.85   224.03   148.60   103.23    87.10  4 -3.32e-06      0.00 7.470e-01 2.529e-01 2.672e-05 1.366e-05 6.881e-05 -1.000 1.637e-04 -10.583 -6.846 -6.340 -7.767 -8.919 -9.363 -9.853 -9.928 -10.093 -10.476 -10.564 -10.681 -10.768 -10.928 -10.966 -11.187 -11.199 -11.352
0.00015547 -2.00000 6.60000 65.4689025879 2.6332363615   64.817  6.140  3.7436  0.036    3  0.000  0.517   521.51   232.52   153.98   107.03    90.31  4 -3.26e-06      0.00 7.462e-01 2.536e-01 2.619e-05 1.479e-05 6.818e-05 -1.000 1.637e-04 -10.580 -6.809 -6.185 -7.660 -8.864 -9.325 -9.799 -9.879 -10.054 -10.455 -10.546 -10.668 -10.758 -10.925 -10.963 -11.192 -11.204 -11.361
0.00015547 -2.00000 6.60000 65.5354766846 2.6332372878   64.874  6.139  3.7384  0.017    3  0.000  0.512   537.31   240.61   159.09   110.63    93.36  4 -3.31e-06      0.00 7.453e-01 2.545e-01 2.556e-05 1.613e-05 6.743e-05 -1.000 1.637e-04 -10.577 -6.774 -6.021 -7.548 -8.806 -9.284 -9.746 -9.833 -10.015 -10.434 -10.529 -10.656 -10.748 -10.920 -10.961 -11.196 -11.208 -11.368
0.00015547 -2.00000 6.60000 65.5516281128 2.6332375122   64.889  6.138  3.7374  0.013    3  0.000  0.510   540.53   242.26   160.14   111.37    93.99  4 -3.33e-06      0.00 7.451e-01 2.547e-01 2.541e-05 1.646e-05 6.725e-05 -1.000 1.637e-04 -10.576 -6.766 -5.981 -7.521 -8.791 -9.274 -9.734 -9.823 -10.007 -10.430 -10.525 -10.653 -10.746 -10.919 -10.960 -11.196 -11.209 -11.369
0.00015547 -2.00000 6.60000 65.5903244019 2.6332380493   64.922  6.132  3.7346  0.009    3  0.000  0.501   544.32   244.21   161.37   112.24    94.72  4 -3.33e-06      0.00 7.366e-01 2.632e-01 2.390e-05 2.050e-05 6.460e-05 -1.000 1.636e-04 -10.560 -6.734 -5.867 -7.439 -8.742 -9.234 -9.689 -9.782 -9.971 -10.404 -10.501 -10.632 -10.727 -10.903 -10.944 -11.184 -11.196 -11.359
0.00015547 -2.00000 6.60000 65.6543884277 2.6332389369   64.978  6.144  3.7299 -0.021    3  0.000  0.481   570.97   257.96   170.04   118.36    99.90  4 -3.09e-06      0.00 6.736e-01 3.262e-01 1.701e-05 4.447e-05 4.676e-05 -1.000 1.637e-04 -10.589 -6.734 -5.709 -7.341 -8.705 -9.214 -9.667 -9.768 -9.966 -10.418 -10.518 -10.653 -10.750 -10.932 -10.974 -11.220 -11.233 -11.399
0.00015547 -2.00000 6.60000 65.7457351685 2.6332401991   65.053  6.157  3.7271 -0.045    3  0.000  0.476   592.97   269.38   177.22   123.43   104.20  4 -3.93e-06      0.00 6.574e-01 3.424e-01 1.517e-05 5.105e-05 4.174e-05 -1.000 1.637e-04 -10.622 -6.751 -5.619 -7.287 -8.692 -9.212 -9.668 -9.774 -9.977 -10.441 -10.543 -10.681 -10.780 -10.964 -11.008 -11.257 -11.270 -11.438
0.00015547 -2.00000 6.60000 65.8205032349 2.6332412292   65.120  6.165  3.7243 -0.064    3  0.000  0.465   611.18   278.87   183.19   127.65   107.76  4 -4.48e-06      0.00 6.453e-01 3.546e-01 1.370e-05 5.545e-05 3.866e-05 -1.000 1.637e-04 -10.642 -6.755 -5.517 -7.220 -8.666 -9.197 -9.654 -9.766 -9.975 -10.451 -10.555 -10.695 -10.796 -10.983 -11.028 -11.281 -11.294 -11.464
0.00015547 -2.00000 6.60000 65.8748779297 2.6332419767   65.172  6.159  3.7227 -0.064    3  0.000  0.417   611.54   279.05   183.30   127.73   107.83  4 -4.38e-06      0.00 6.035e-01 3.963e-01 1.004e-05 6.572e-05 3.187e-05 -1.000 1.636e-04 -10.627 -6.732 -5.443 -7.165 -8.630 -9.167 -9.621 -9.736 -9.948 -10.430 -10.535 -10.677 -10.779 -10.968 -11.013 -11.268 -11.282 -11.453
