 Zini     MH   logAge Mini        int_IMF         Mass   logL    logTe  logg  label   McoreTP C_O  period0  period1  period2  period3  period4  pmode  Mloss  tau1m   X   Y   Xc  Xn  Xo  Cexcess  Z 	 mbolmag  F170Wmag  F218Wmag  F255Wmag  F300Wmag  F336Wmag  F380Wmag  F439Wmag  F450Wmag  F555Wmag  F569Wmag  F606Wmag  F622Wmag  F675Wmag  F702Wmag  F791Wmag  F814Wmag  F850LPmag
0.00015547 -2.00000 8.90000 0.0936335474 1.1156111859    0.094 -3.007  3.5189  5.444    0  0.000  0.545     0.00     0.00     0.00     0.00     0.00 -1 -7.73e-17      0.00 7.506e-01 2.492e-01 2.943e-05 7.939e-06 7.201e-05 -1.000 1.636e-04 12.288 16.834 21.769 21.645 17.807 16.991 17.177 16.144 15.419 13.914 13.703 13.286 13.078 12.616 12.368 11.620 11.574 11.161
0.00015547 -2.00000 8.90000 0.0957106650 1.1342431315    0.096 -2.960  3.5251  5.430    0  0.000  0.545     0.00     0.00     0.00     0.00     0.00 -1 -8.67e-17      0.00 7.506e-01 2.492e-01 2.943e-05 7.939e-06 7.201e-05 -1.000 1.636e-04 12.169 16.703 21.617 21.340 17.581 16.752 16.844 15.875 15.187 13.714 13.505 13.100 12.891 12.450 12.219 11.504 11.460 11.057
0.00015547 -2.00000 8.90000 0.1010286063 1.1796416911    0.101 -2.826  3.5440  5.395    0  0.000  0.545     0.00     0.00     0.00     0.00     0.00 -1 -1.19e-16      0.00 7.505e-01 2.493e-01 2.943e-05 7.939e-06 7.201e-05 -1.000 1.637e-04 11.835 16.324 21.125 20.314 16.875 16.025 15.891 15.104 14.519 13.160 12.959 12.581 12.373 11.976 11.797 11.179 11.139 10.767
0.00015547 -2.00000 8.90000 0.1019595191 1.1872695115    0.102 -2.803  3.5474  5.390    0  0.000  0.545     0.00     0.00     0.00     0.00     0.00 -1 -1.26e-16      0.00 7.505e-01 2.493e-01 2.943e-05 7.939e-06 7.201e-05 -1.000 1.636e-04 11.777 16.258 21.030 20.120 16.746 15.893 15.730 14.972 14.404 13.067 12.867 12.493 12.286 11.894 11.725 11.123 11.084 10.717
0.00015547 -2.00000 8.90000 0.1035686657 1.2002435386    0.103 -2.758  3.5537  5.377    0  0.000  0.545     0.00     0.00     0.00     0.00     0.00 -1 -1.41e-16      0.00 7.505e-01 2.493e-01 2.943e-05 7.939e-06 7.201e-05 -1.000 1.636e-04 11.664 16.128 20.832 19.739 16.493 15.640 15.428 14.722 14.184 12.889 12.693 12.326 12.120 11.738 11.584 11.011 10.974 10.616
0.00015547 -2.00000 8.90000 0.1127705947 1.2697129378    0.112 -2.627  3.5671  5.336    0  0.000  0.545     0.00     0.00     0.00     0.00     0.00 -1  -1.9e-16      0.00 7.504e-01 2.495e-01 2.943e-05 7.939e-06 7.201e-05 -1.000 1.637e-04 11.336 15.762 20.263 18.803 15.853 15.006 14.722 14.118 13.636 12.435 12.246 11.894 11.694 11.328 11.202 10.687 10.653 10.313
0.00015547 -2.00000 8.90000 0.1234388947 1.3415666635    0.123 -2.485  3.5815  5.292    0  0.000  0.545     0.00     0.00     0.00     0.00     0.00 -1 -2.65e-16      0.00 7.503e-01 2.496e-01 2.943e-05 7.939e-06 7.201e-05 -1.000 1.636e-04 10.983 15.366 19.580 17.833 15.161 14.328 14.016 13.498 13.064 11.962 11.782 11.449 11.259 10.909 10.804 10.334 10.303 9.982
0.00015547 -2.00000 8.90000 0.1433091313 1.4560320467    0.143 -2.315  3.5949  5.240    1  0.000  0.545     0.00     0.00     0.00     0.00     0.00 -1 -3.86e-16      0.00 7.501e-01 2.497e-01 2.943e-05 7.939e-06 7.201e-05 -1.000 1.636e-04 10.558 14.899 18.747 16.836 14.413 13.600 13.299 12.851 12.451 11.437 11.264 10.955 10.774 10.441 10.347 9.908 9.879 9.575
0.00015547 -2.00000 8.90000 0.1631793529 1.5515256888    0.163 -2.187  3.6037  5.204    0  0.000  0.545     0.00     0.00     0.00     0.00     0.00 -1 -5.07e-16      0.00 7.500e-01 2.498e-01 2.943e-05 7.939e-06 7.201e-05 -1.000 1.637e-04 10.238 14.550 18.172 16.188 13.888 13.089 12.809 12.399 12.017 11.055 10.888 10.593 10.419 10.097 10.009 9.586 9.559 9.265
0.00015547 -2.00000 8.90000 0.2029198408 1.7036916969    0.203 -1.990  3.6157  5.149    1  0.000  0.545     0.00     0.00     0.00     0.00     0.00 -1 -7.62e-16      0.00 7.498e-01 2.501e-01 2.943e-05 7.939e-06 7.201e-05 -1.000 1.636e-04 9.745 14.016 17.327 15.274 13.120 12.340 12.102 11.739 11.379 10.481 10.321 10.047 9.880 9.573 9.492 9.089 9.064 8.784
0.00015547 -2.00000 8.90000 0.2525953948 1.8468695073    0.252 -1.802  3.6267  5.101    1  0.000  0.545     0.00     0.00     0.00     0.00     0.00 -1 -1.11e-15      0.00 7.496e-01 2.502e-01 2.943e-05 7.939e-06 7.201e-05 -1.000 1.637e-04 9.274 13.505 16.470 14.418 12.405 11.647 11.455 11.129 10.784 9.940 9.787 9.530 9.371 9.078 9.001 8.616 8.592 8.326
0.00015547 -2.00000 8.90000 0.3022710085 1.9574397077    0.302 -1.649  3.6355  5.061    1  0.000  0.545     0.00     0.00     0.00     0.00     0.00 -1 -1.51e-15      0.00 7.494e-01 2.504e-01 2.943e-05 7.940e-06 7.201e-05 -1.000 1.636e-04 8.893 13.089 15.767 13.736 11.828 11.089 10.941 10.642 10.308 9.505 9.357 9.112 8.960 8.676 8.604 8.232 8.209 7.953
0.00015547 -2.00000 8.90000 0.3519465327 2.0465963009    0.352 -1.518  3.6432  5.027    1  0.000  0.545     0.00     0.00     0.00     0.00     0.00 -1 -1.97e-15      0.00 7.494e-01 2.505e-01 2.943e-05 7.940e-06 7.201e-05 -1.000 1.637e-04 8.564 12.729 15.188 13.164 11.331 10.608 10.501 10.226 9.902 9.131 8.987 8.753 8.606 8.331 8.262 7.901 7.880 7.633
0.00015547 -2.00000 8.90000 0.4016221166 2.1207314881    0.401 -1.381  3.6512  4.980    0  0.000  0.545     0.00     0.00     0.00     0.00     0.00 -1 -2.67e-15      0.00 7.507e-01 2.491e-01 2.943e-05 7.939e-06 7.201e-05 -1.000 1.636e-04 8.223 12.355 14.623 12.588 10.819 10.113 10.051 9.800 9.485 8.746 8.606 8.383 8.240 7.975 7.908 7.559 7.538 7.301
0.00015547 -2.00000 8.90000 0.4512977004 2.1838121607    0.451 -1.243  3.6638  4.943    1  0.000  0.545     0.00     0.00     0.00     0.00     0.00 -1 -3.61e-15      0.00 7.507e-01 2.491e-01 2.943e-05 7.939e-06 7.201e-05 -1.000 1.636e-04 7.878 11.954 13.855 11.855 10.204 9.532 9.542 9.328 9.028 8.336 8.203 7.995 7.860 7.608 7.545 7.213 7.194 6.971
0.00015547 -2.00000 8.90000 0.4738727808 2.2095675800    0.474 -1.172  3.6711  4.922    1  0.000  0.545     0.00     0.00     0.00     0.00     0.00 -1 -4.25e-15      0.00 7.508e-01 2.491e-01 2.943e-05 7.939e-06 7.200e-05 -1.000 1.633e-04 7.700 11.740 13.397 11.443 9.871 9.219 9.272 9.081 8.789 8.123 7.993 7.795 7.664 7.419 7.359 7.036 7.018 6.803
0.00015547 -2.00000 8.90000 0.5009732842 2.2384552293    0.501 -1.091  3.6794  4.898    1  0.000  0.545     0.00     0.00     0.00     0.00     0.00 -1 -5.12e-15      0.00 7.508e-01 2.491e-01 2.942e-05 7.939e-06 7.200e-05 -1.000 1.628e-04 7.496 11.495 12.887 10.983 9.495 8.869 8.969 8.803 8.521 7.884 7.758 7.568 7.442 7.206 7.148 6.836 6.819 6.612
0.00015547 -2.00000 8.90000 0.5506489277 2.2841947944    0.550 -0.931  3.6956  4.844    1  0.000  0.545     0.00     0.00     0.00     0.00     0.00 -1  -7.5e-15      0.00 7.531e-01 2.468e-01 2.917e-05 7.871e-06 7.139e-05 -1.000 1.380e-04 7.097 11.003 11.881 10.094 8.772 8.197 8.384 8.267 8.007 7.423 7.304 7.131 7.013 6.792 6.738 6.446 6.431 6.241
0.00015547 -2.00000 8.90000 0.6003244519 2.3213410765    0.600 -0.767  3.7155  4.797    1  0.000  0.545     0.00     0.00     0.00     0.00     0.00 -1 -1.11e-14      0.00 7.539e-01 2.460e-01 2.908e-05 7.847e-06 7.118e-05 -1.000 1.637e-04 6.687 10.450 10.683 9.117 8.005 7.495 7.774 7.711 7.478 6.955 6.844 6.688 6.579 6.375 6.327 6.056 6.044 5.874
0.00015547 -2.00000 8.90000 0.6251713634 2.3373949482    0.625 -0.685  3.7262  4.776    1  0.000  0.545     0.00     0.00     0.00     0.00     0.00 -1 -1.34e-14      0.00 7.544e-01 2.454e-01 2.902e-05 7.831e-06 7.103e-05 -1.000 1.637e-04 6.483 10.149 10.067 8.630 7.626 7.152 7.473 7.435 7.217 6.726 6.619 6.471 6.367 6.172 6.126 5.868 5.856 5.696
0.00015547 -2.00000 8.90000 0.6499999762 2.3520353107    0.650 -0.608  3.7368  4.758    1  0.000  0.545     0.00     0.00     0.00     0.00     0.00 -1  -1.6e-14      0.00 7.551e-01 2.448e-01 2.896e-05 7.814e-06 7.087e-05 -1.000 1.637e-04 6.289 9.843 9.491 8.178 7.275 6.835 7.193 7.177 6.973 6.511 6.409 6.269 6.169 5.982 5.939 5.691 5.681 5.531
0.00015547 -2.00000 8.90000 0.6724252701 2.3641955258    0.672 -0.537  3.7469  4.742    1  0.000  0.545     0.00     0.00     0.00     0.00     0.00 -1 -1.89e-14      0.00 7.557e-01 2.441e-01 2.889e-05 7.794e-06 7.070e-05 -1.000 1.636e-04 6.112 9.523 8.942 7.762 6.960 6.555 6.942 6.945 6.753 6.318 6.220 6.087 5.992 5.813 5.772 5.535 5.525 5.384
0.00015547 -2.00000 8.90000 0.6999999881 2.3779266974    0.700 -0.453  3.7590  4.724    1  0.000  0.545     0.00     0.00     0.00     0.00     0.00 -1 -2.29e-14      0.00 7.567e-01 2.432e-01 2.879e-05 7.768e-06 7.046e-05 -1.000 1.637e-04 5.903 9.098 8.307 7.281 6.594 6.232 6.652 6.674 6.496 6.094 6.002 5.878 5.787 5.619 5.580 5.356 5.347 5.217
0.00015547 -2.00000 8.90000 0.7500000000 2.3998889087    0.750 -0.309  3.7800  4.694    1  0.000  0.537     0.00     0.00     0.00     0.00     0.00 -1  -3.2e-14      0.00 7.593e-01 2.405e-01 2.815e-05 7.687e-06 6.984e-05 -1.000 1.637e-04 5.542 8.303 7.343 6.530 6.008 5.717 6.177 6.223 6.067 5.718 5.634 5.524 5.442 5.289 5.255 5.051 5.044 4.932
0.00015547 -2.00000 8.90000 0.8000000119 2.4187244405    0.800 -0.174  3.7971  4.656    1  0.000  0.537     0.00     0.00     0.00     0.00     0.00 -1 -4.41e-14      0.00 7.632e-01 2.366e-01 2.777e-05 7.588e-06 6.895e-05 -1.000 1.636e-04 5.206 7.608 6.627 5.947 5.534 5.296 5.766 5.821 5.683 5.374 5.298 5.199 5.123 4.984 4.953 4.766 4.761 4.663
0.00015547 -2.00000 8.90000 0.8339012861 2.4300284345    0.833 -0.088  3.8082  4.631    1  0.000  0.537     0.00     0.00     0.00     0.00     0.00 -1 -5.42e-14      0.00 7.629e-01 2.369e-01 2.786e-05 7.612e-06 6.918e-05 -1.000 1.637e-04 4.989 7.176 6.207 5.600 5.249 5.043 5.508 5.564 5.437 5.151 5.080 4.988 4.917 4.787 4.758 4.582 4.577 4.488
0.00015547 -2.00000 8.90000 0.8500000238 2.4350346840    0.850 -0.048  3.8133  4.620    1  0.000  0.537     0.00     0.00     0.00     0.00     0.00 -1 -5.97e-14      0.00 7.626e-01 2.372e-01 2.791e-05 7.629e-06 6.933e-05 -1.000 1.637e-04 4.889 6.985 6.026 5.449 5.124 4.931 5.390 5.446 5.323 5.048 4.979 4.890 4.821 4.695 4.667 4.496 4.492 4.407
0.00015547 -2.00000 8.90000 0.8999999762 2.4492786016    0.899  0.073  3.8289  4.587    1  0.000  0.537     0.00     0.00     0.00     0.00     0.00 -1 -7.95e-14      0.00 7.630e-01 2.368e-01 2.788e-05 7.620e-06 6.926e-05 -1.000 1.637e-04 4.588 6.462 5.535 5.029 4.766 4.609 5.041 5.092 4.982 4.735 4.671 4.592 4.529 4.414 4.389 4.233 4.230 4.159
0.00015547 -2.00000 8.90000 0.9499999285 2.4618121728    0.949  0.186  3.8447  4.560    1  0.000  0.537     0.00     0.00     0.00     0.00     0.00 -1 -1.04e-13      0.00 7.627e-01 2.371e-01 2.791e-05 7.627e-06 6.932e-05 -1.000 1.636e-04 4.305 5.982 5.101 4.660 4.450 4.325 4.714 4.756 4.659 4.438 4.380 4.311 4.254 4.151 4.129 3.989 3.987 3.929
0.00015547 -2.00000 8.90000 1.0000000000 2.4729154477    1.000  0.293  3.8612  4.542    1  0.000  0.537     0.00     0.00     0.00     0.00     0.00 -1 -1.32e-13      0.00 7.631e-01 2.367e-01 2.787e-05 7.617e-06 6.923e-05 -1.000 1.422e-04 4.038 5.527 4.699 4.321 4.160 4.066 4.404 4.434 4.350 4.155 4.103 4.045 3.994 3.905 3.886 3.763 3.762 3.718
0.00015547 -2.00000 8.90000 1.0269278288 2.4783826981    1.027  0.348  3.8710  4.537    1  0.000  0.537     0.00     0.00     0.00     0.00     0.00 -1 -1.43e-13      0.00 7.634e-01 2.365e-01 2.785e-05 7.611e-06 6.918e-05 -1.000 1.621e-04 3.900 5.287 4.492 4.150 4.016 3.938 4.243 4.265 4.188 4.008 3.960 3.908 3.861 3.781 3.763 3.652 3.651 3.614
0.00015547 -2.00000 8.90000 1.0499999523 2.4828114860    1.049  0.395  3.8794  4.534    1  0.000  0.537     0.00     0.00     0.00     0.00     0.00 -1 -1.53e-13      0.00 7.635e-01 2.363e-01 2.783e-05 7.608e-06 6.915e-05 -1.000 1.636e-04 3.784 5.086 4.321 4.009 3.896 3.832 4.107 4.122 4.051 3.884 3.840 3.793 3.750 3.677 3.660 3.558 3.558 3.528
0.00015547 -2.00000 8.90000 1.0917267799 2.4902770965    1.091  0.475  3.8964  4.538    1  0.000  0.537     0.00     0.00     0.00     0.00     0.00 -1 -1.68e-13      0.00 7.639e-01 2.359e-01 2.780e-05 7.598e-06 6.907e-05 -1.000 1.637e-04 3.583 4.717 4.018 3.764 3.690 3.651 3.870 3.871 3.812 3.670 3.633 3.597 3.562 3.504 3.490 3.407 3.407 3.390
0.00015547 -2.00000 8.90000 1.1000000238 2.4916801480    1.099  0.491  3.8997  4.539    1  0.000  0.537     0.00     0.00     0.00     0.00     0.00 -1 -1.71e-13      0.00 7.640e-01 2.359e-01 2.779e-05 7.597e-06 6.906e-05 -1.000 1.637e-04 3.543 4.645 3.961 3.718 3.650 3.616 3.824 3.823 3.766 3.629 3.593 3.560 3.525 3.470 3.457 3.378 3.379 3.363
0.00015547 -2.00000 8.90000 1.1401305199 2.4981548671    1.139  0.565  3.9158  4.545    1  0.000  0.537     0.00     0.00     0.00     0.00     0.00 -1 -1.84e-13      0.00 7.643e-01 2.355e-01 2.776e-05 7.589e-06 6.898e-05 -1.000 1.636e-04 3.358 4.286 3.692 3.501 3.463 3.449 3.610 3.598 3.553 3.440 3.411 3.388 3.361 3.320 3.310 3.248 3.249 3.243
0.00015547 -2.00000 8.90000 1.1499999762 2.4996678137    1.149  0.583  3.9196  4.546    1  0.000  0.537     0.00     0.00     0.00     0.00     0.00 -1 -1.88e-13      0.00 7.644e-01 2.355e-01 2.776e-05 7.588e-06 6.897e-05 -1.000 1.637e-04 3.313 4.198 3.628 3.450 3.419 3.409 3.559 3.545 3.503 3.396 3.368 3.347 3.322 3.284 3.275 3.217 3.218 3.214
0.00015547 -2.00000 8.90000 1.2000000477 2.5068948796    1.199  0.670  3.9383  4.552    1  0.000  0.537     0.00     0.00     0.00     0.00     0.00 -1 -2.03e-13      0.00 7.647e-01 2.352e-01 2.773e-05 7.580e-06 6.890e-05 -1.000 1.537e-04 3.094 3.717 3.334 3.211 3.205 3.211 3.325 3.301 3.274 3.197 3.177 3.167 3.150 3.127 3.120 3.080 3.081 3.086
0.00015547 -2.00000 8.90000 1.2500000000 2.5134610955    1.250  0.755  3.9561  4.556    1  0.000  0.537     0.00     0.00     0.00     0.00     0.00 -1 -2.16e-13      0.00 7.651e-01 2.347e-01 2.769e-05 7.570e-06 6.881e-05 -1.000 1.637e-04 2.882 3.268 3.058 2.978 2.993 3.013 3.118 3.094 3.078 3.027 3.013 3.011 3.000 2.988 2.983 2.957 2.959 2.970
0.00015547 -2.00000 8.90000 1.2999999523 2.5194498592    1.300  0.837  3.9732  4.559    1  0.000  0.537     0.00     0.00     0.00     0.00     0.00 -1 -2.27e-13      0.00 7.654e-01 2.344e-01 2.767e-05 7.563e-06 6.875e-05 -1.000 1.490e-04 2.677 2.885 2.790 2.740 2.778 2.814 2.930 2.913 2.904 2.874 2.866 2.868 2.863 2.859 2.856 2.841 2.843 2.859
0.00015547 -2.00000 8.90000 1.3360440731 2.5234487981    1.336  0.896  3.9851  4.560    1  0.000  0.537     0.00     0.00     0.00     0.00     0.00 -1 -2.33e-13      0.00 7.657e-01 2.341e-01 2.764e-05 7.557e-06 6.870e-05 -1.000 1.531e-04 2.529 2.640 2.599 2.567 2.620 2.668 2.802 2.793 2.788 2.771 2.765 2.771 2.768 2.769 2.767 2.759 2.761 2.782
0.00015547 -2.00000 8.90000 1.3500000238 2.5249313598    1.350  0.919  3.9896  4.560    1  0.000  0.537     0.00     0.00     0.00     0.00     0.00 -1 -2.35e-13      0.00 7.658e-01 2.340e-01 2.764e-05 7.555e-06 6.868e-05 -1.000 1.637e-04 2.472 2.549 2.525 2.500 2.559 2.611 2.754 2.748 2.744 2.732 2.727 2.733 2.731 2.734 2.732 2.727 2.729 2.751
0.00015547 -2.00000 8.90000 1.3876448870 2.5287599683    1.388  0.980  4.0016  4.558    1  0.000  0.536     0.00     0.00     0.00     0.00     0.00 -1 -2.38e-13      0.00 7.661e-01 2.338e-01 2.761e-05 7.549e-06 6.863e-05 -1.000 1.426e-04 2.319 2.322 2.332 2.322 2.397 2.461 2.628 2.633 2.631 2.631 2.629 2.637 2.637 2.643 2.643 2.643 2.645 2.671
0.00015547 -2.00000 8.90000 1.3999999762 2.5299650300    1.400  1.000  4.0054  4.557    1  0.000  0.536     0.00     0.00     0.00     0.00     0.00 -1 -2.39e-13      0.00 7.661e-01 2.337e-01 2.760e-05 7.547e-06 6.861e-05 -1.000 1.416e-04 2.269 2.251 2.270 2.265 2.344 2.412 2.588 2.596 2.596 2.599 2.598 2.607 2.607 2.614 2.614 2.616 2.618 2.645
0.00015547 -2.00000 8.90000 1.4302037954 2.5328104242    1.430  1.048  4.0146  4.555    1  0.000  0.536     0.00     0.00     0.00     0.00     0.00 -1 -2.37e-13      0.00 7.663e-01 2.335e-01 2.759e-05 7.542e-06 6.857e-05 -1.000 1.605e-04 2.149 2.084 2.122 2.128 2.218 2.295 2.493 2.510 2.511 2.523 2.524 2.533 2.535 2.544 2.545 2.550 2.553 2.582
0.00015547 -2.00000 8.90000 1.4500000477 2.5346015836    1.450  1.080  4.0205  4.554    1  0.000  0.536     0.00     0.00     0.00     0.00     0.00 -1 -2.36e-13      0.00 7.664e-01 2.334e-01 2.758e-05 7.540e-06 6.855e-05 -1.000 1.466e-04 2.070 1.976 2.025 2.038 2.136 2.218 2.432 2.455 2.457 2.474 2.476 2.485 2.489 2.499 2.500 2.507 2.510 2.541
0.00015547 -2.00000 8.90000 1.4718587399 2.5365151231    1.472  1.114  4.0271  4.552    1  0.000  0.536     0.00     0.00     0.00     0.00     0.00 -1 -2.31e-13      0.00 7.666e-01 2.333e-01 2.757e-05 7.537e-06 6.853e-05 -1.000 1.434e-04 1.984 1.861 1.921 1.941 2.046 2.135 2.366 2.396 2.398 2.421 2.424 2.434 2.438 2.449 2.451 2.460 2.463 2.496
0.00015547 -2.00000 8.90000 1.5000000000 2.5388844597    1.500  1.159  4.0355  4.549    1  0.000  0.536     0.00     0.00     0.00     0.00     0.00 -1 -2.25e-13      0.00 7.667e-01 2.332e-01 2.756e-05 7.535e-06 6.850e-05 -1.000 1.637e-04 1.872 1.713 1.785 1.816 1.930 2.027 2.282 2.320 2.323 2.353 2.357 2.367 2.372 2.385 2.387 2.400 2.403 2.438
0.00015547 -2.00000 8.90000 1.5065498352 2.5394213361    1.506  1.169  4.0374  4.548    1  0.000  0.536     0.00     0.00     0.00     0.00     0.00 -1 -2.21e-13      0.00 7.667e-01 2.331e-01 2.755e-05 7.533e-06 6.849e-05 -1.000 1.636e-04 1.846 1.679 1.754 1.787 1.904 2.002 2.263 2.302 2.306 2.337 2.341 2.352 2.357 2.371 2.373 2.386 2.389 2.424
0.00015547 -2.00000 8.90000 1.5416121483 2.5422063316    1.541  1.226  4.0478  4.543    1  0.000  0.536     0.00     0.00     0.00     0.00     0.00 -1 -2.04e-13      0.00 7.669e-01 2.329e-01 2.754e-05 7.528e-06 6.845e-05 -1.000 1.637e-04 1.705 1.498 1.586 1.631 1.759 1.867 2.158 2.208 2.213 2.251 2.257 2.268 2.275 2.290 2.292 2.308 2.312 2.350
0.00015547 -2.00000 8.90000 1.5499999523 2.5428511323    1.550  1.240  4.0503  4.542    1  0.000  0.536     0.00     0.00     0.00     0.00     0.00 -1 -2.01e-13      0.00 7.670e-01 2.328e-01 2.753e-05 7.527e-06 6.844e-05 -1.000 1.636e-04 1.671 1.455 1.546 1.593 1.724 1.834 2.133 2.185 2.190 2.230 2.236 2.248 2.254 2.270 2.272 2.289 2.293 2.332
0.00015547 -2.00000 8.90000 1.5750418901 2.5447292963    1.575  1.280  4.0574  4.536    1  0.000  0.536     0.00     0.00     0.00     0.00     0.00 -1  -1.8e-13      0.00 7.671e-01 2.327e-01 2.752e-05 7.524e-06 6.841e-05 -1.000 1.637e-04 1.569 1.328 1.428 1.483 1.621 1.737 2.058 2.117 2.122 2.167 2.174 2.186 2.193 2.210 2.213 2.231 2.235 2.276
0.00015547 -2.00000 8.90000 1.6000000238 2.5465340628    1.600  1.321  4.0642  4.529    1  0.000  0.536     0.00     0.00     0.00     0.00     0.00 -1 -1.61e-13      0.00 7.672e-01 2.326e-01 2.751e-05 7.522e-06 6.839e-05 -1.000 1.637e-04 1.467 1.204 1.311 1.373 1.518 1.640 1.981 2.047 2.053 2.102 2.110 2.122 2.130 2.148 2.151 2.171 2.175 2.218
0.00015547 -2.00000 8.90000 1.6159137487 2.5476513991    1.615  1.347  4.0682  4.524    1  0.000  0.536     0.00     0.00     0.00     0.00     0.00 -1 -4.81e-19      0.00 7.673e-01 2.325e-01 2.751e-05 7.520e-06 6.838e-05 -1.000 1.636e-04 1.403 1.126 1.238 1.304 1.453 1.578 1.932 2.002 2.008 2.060 2.068 2.080 2.089 2.107 2.110 2.132 2.136 2.180
0.00015547 -2.00000 8.90000 1.6467921734 2.5497487632    1.646  1.397  4.0750  4.509    1  0.000  0.536     0.00     0.00     0.00     0.00     0.00 -1 -1.23e-29      0.00 7.674e-01 2.324e-01 2.750e-05 7.519e-06 6.836e-05 -1.000 1.636e-04 1.277 0.981 1.100 1.173 1.328 1.459 1.834 1.910 1.917 1.972 1.982 1.994 2.003 2.022 2.026 2.049 2.054 2.100
0.00015547 -2.00000 8.90000 1.6499999762 2.5499614773    1.649  1.402  4.0756  4.507    1  0.000  0.536     0.00     0.00     0.00     0.00     0.00 -1    -1e-30      0.00 7.674e-01 2.324e-01 2.749e-05 7.519e-06 6.836e-05 -1.000 1.636e-04 1.264 0.966 1.085 1.159 1.315 1.446 1.823 1.900 1.907 1.963 1.972 1.985 1.994 2.013 2.017 2.040 2.045 2.091
0.00015547 -2.00000 8.90000 1.6523571014 2.5501171765    1.652  1.406  4.0761  4.506    1  0.000  0.536     0.00     0.00     0.00     0.00     0.00 -1    -1e-30      0.00 7.675e-01 2.324e-01 2.749e-05 7.518e-06 6.836e-05 -1.000 1.636e-04 1.255 0.955 1.075 1.149 1.306 1.437 1.815 1.893 1.900 1.956 1.965 1.978 1.987 2.006 2.010 2.034 2.038 2.084
0.00015547 -2.00000 8.90000 1.6825585365 2.5520678124    1.682  1.455  4.0808  4.484    1  0.000  0.536     0.00     0.00     0.00     0.00     0.00 -1    -1e-30      0.00 7.676e-01 2.323e-01 2.748e-05 7.516e-06 6.833e-05 -1.000 1.553e-04 1.132 0.819 0.944 1.022 1.183 1.318 1.711 1.793 1.800 1.859 1.869 1.882 1.892 1.911 1.915 1.940 1.945 1.992
0.00015547 -2.00000 8.90000 1.7000000477 2.5531580802    1.699  1.484  4.0829  4.468    1  0.000  0.536     0.00     0.00     0.00     0.00     0.00 -1    -1e-30      0.00 7.676e-01 2.323e-01 2.748e-05 7.515e-06 6.833e-05 -1.000 1.257e-04 1.060 0.743 0.869 0.950 1.112 1.249 1.647 1.732 1.739 1.800 1.810 1.823 1.833 1.852 1.857 1.882 1.887 1.934
0.00015547 -2.00000 8.90000 1.7106908560 2.5538137380    1.710  1.501  4.0840  4.458    1  0.000  0.536     0.00     0.00     0.00     0.00     0.00 -1    -1e-30      0.00 7.676e-01 2.322e-01 2.748e-05 7.514e-06 6.832e-05 -1.000 1.200e-04 1.017 0.697 0.824 0.905 1.069 1.207 1.608 1.694 1.701 1.763 1.773 1.786 1.796 1.815 1.820 1.845 1.850 1.898
0.00015547 -2.00000 8.90000 1.7401313782 2.5555715089    1.739  1.550  4.0856  4.423    1  0.000  0.536     0.00     0.00     0.00     0.00     0.00 -1    -1e-30      0.00 7.677e-01 2.321e-01 2.748e-05 7.513e-06 6.832e-05 -1.000 1.637e-04 0.895 0.572 0.700 0.783 0.947 1.086 1.491 1.580 1.587 1.650 1.660 1.673 1.683 1.703 1.708 1.734 1.738 1.786
0.00015547 -2.00000 8.90000 1.7500000000 2.5561455243    1.749  1.567  4.0855  4.408    1  0.000  0.536     0.00     0.00     0.00     0.00     0.00 -1    -1e-30      0.00 7.677e-01 2.321e-01 2.748e-05 7.513e-06 6.832e-05 -1.000 1.637e-04 0.853 0.530 0.659 0.741 0.905 1.044 1.448 1.537 1.544 1.608 1.618 1.631 1.641 1.661 1.665 1.691 1.696 1.743
0.00015547 -2.00000 8.90000 1.7636513710 2.5569274012    1.763  1.590  4.0853  4.387    1  0.000  0.536     0.00     0.00     0.00     0.00     0.00 -1    -1e-30      0.00 7.677e-01 2.321e-01 2.748e-05 7.513e-06 6.832e-05 -1.000 1.578e-04 0.795 0.474 0.602 0.684 0.848 0.986 1.388 1.478 1.485 1.549 1.559 1.572 1.582 1.602 1.606 1.632 1.636 1.684
0.00015547 -2.00000 8.90000 1.7898478508 2.5583894511    1.789  1.635  4.0833  4.341    1  0.000  0.536     0.00     0.00     0.00     0.00     0.00 -1    -1e-30      0.00 7.677e-01 2.322e-01 2.748e-05 7.513e-06 6.833e-05 -1.000 1.516e-04 0.682 0.369 0.494 0.574 0.735 0.872 1.265 1.355 1.361 1.425 1.436 1.448 1.458 1.477 1.482 1.507 1.511 1.557
0.00015547 -2.00000 8.90000 1.7999999523 2.5589429085    1.799  1.653  4.0817  4.318    1  0.000  0.536     0.00     0.00     0.00     0.00     0.00 -1    -1e-30      0.00 7.676e-01 2.322e-01 2.749e-05 7.513e-06 6.834e-05 -1.000 1.430e-04 0.637 0.329 0.452 0.530 0.690 0.825 1.211 1.301 1.307 1.371 1.381 1.393 1.403 1.422 1.426 1.451 1.456 1.500
0.00015547 -2.00000 8.90000 1.8149360418 2.5597442426    1.814  1.680  4.0792  4.285    1  0.000  0.536     0.00     0.00     0.00     0.00     0.00 -1    -1e-30      0.00 7.676e-01 2.322e-01 2.749e-05 7.514e-06 6.835e-05 -1.000 1.433e-04 0.570 0.271 0.391 0.467 0.623 0.757 1.133 1.221 1.227 1.290 1.301 1.313 1.322 1.341 1.345 1.369 1.374 1.416
0.00015547 -2.00000 8.90000 1.8368601799 2.5608933908    1.836  1.721  4.0740  4.229    1  0.000  0.536     0.00     0.00     0.00     0.00     0.00 -1    -1e-30      0.00 7.675e-01 2.323e-01 2.750e-05 7.517e-06 6.837e-05 -1.000 1.542e-04 0.468 0.188 0.303 0.372 0.523 0.652 1.006 1.092 1.098 1.160 1.170 1.181 1.191 1.208 1.213 1.235 1.239 1.278
0.00015547 -2.00000 8.90000 1.8499999046 2.5615671142    1.849  1.747  4.0704  4.191    1  0.000  0.536     0.00     0.00     0.00     0.00     0.00 -1    -1e-30      0.00 7.675e-01 2.324e-01 2.751e-05 7.519e-06 6.839e-05 -1.000 1.267e-04 0.402 0.135 0.245 0.311 0.457 0.584 0.923 1.007 1.013 1.074 1.084 1.095 1.104 1.121 1.125 1.147 1.150 1.187
0.00015547 -2.00000 8.90000 1.8594808578 2.5620464437    1.858  1.766  4.0678  4.164    1  0.000  0.536     0.00     0.00     0.00     0.00     0.00 -1    -1e-30      0.00 7.674e-01 2.325e-01 2.751e-05 7.520e-06 6.840e-05 -1.000 1.123e-04 0.354 0.097 0.204 0.267 0.410 0.534 0.863 0.946 0.951 1.012 1.022 1.032 1.041 1.058 1.062 1.083 1.086 1.122
0.00015547 -2.00000 8.90000 1.8660619259 2.5623758720    1.865  1.781  4.0669  4.147    1  0.000  0.536     0.00     0.00     0.00     0.00     0.00 -1    -1e-30      0.00 7.673e-01 2.325e-01 2.751e-05 7.521e-06 6.840e-05 -1.000 1.637e-04 0.317 0.064 0.170 0.232 0.374 0.498 0.822 0.905 0.910 0.971 0.980 0.991 1.000 1.016 1.020 1.041 1.044 1.079
0.00015547 -2.00000 8.90000 1.8735318184 2.5627465690    1.872  1.804  4.0739  4.154    1  0.000  0.536     0.00     0.00     0.00     0.00     0.00 -1    -1e-30      0.00 7.673e-01 2.325e-01 2.751e-05 7.523e-06 6.841e-05 -1.000 1.637e-04 0.260 -0.016 0.097 0.166 0.315 0.444 0.794 0.883 0.888 0.952 0.962 0.973 0.983 1.000 1.005 1.027 1.031 1.068
0.00015547 -2.00000 8.90000 1.8767994642 2.5629076610    1.876  1.821  4.0843  4.180    1  0.000  0.536     0.00     0.00     0.00     0.00     0.00 -1    -1e-30      0.00 7.673e-01 2.325e-01 2.752e-05 7.523e-06 6.842e-05 -1.000 1.637e-04 0.218 -0.091 0.033 0.112 0.272 0.409 0.797 0.893 0.899 0.968 0.979 0.990 1.000 1.019 1.024 1.049 1.053 1.096
0.00015547 -2.00000 8.90000 1.8778858185 2.5629610745    1.877  1.836  4.0951  4.208    1  0.000  0.536     0.00     0.00     0.00     0.00     0.00 -1    -1e-30      0.00 7.673e-01 2.325e-01 2.752e-05 7.524e-06 6.843e-05 -1.000 1.637e-04 0.180 -0.161 -0.026 0.064 0.235 0.380 0.806 0.910 0.917 0.990 1.002 1.014 1.025 1.045 1.050 1.078 1.083 1.130
0.00015547 -2.00000 8.90000 1.8783690929 2.5629848131    1.877  1.854  4.1054  4.231    1  0.000  0.536     0.00     0.00     0.00     0.00     0.00 -1    -1e-30      0.00 7.673e-01 2.325e-01 2.752e-05 7.524e-06 6.843e-05 -1.000 1.637e-04 0.134 -0.233 -0.089 0.012 0.192 0.346 0.807 0.918 0.926 1.002 1.015 1.028 1.040 1.062 1.067 1.098 1.103 1.155
0.00015547 -2.00000 8.90000 1.8786118031 2.5629967299    1.878  1.871  4.1131  4.245    1  0.000  0.536     0.00     0.00     0.00     0.00     0.00 -1    -1e-30      0.00 7.673e-01 2.326e-01 2.752e-05 7.524e-06 6.843e-05 -1.000 1.636e-04 0.092 -0.294 -0.142 -0.035 0.153 0.312 0.799 0.916 0.924 1.003 1.017 1.030 1.042 1.065 1.071 1.103 1.109 1.164
0.00015547 -2.00000 8.90000 1.8786644936 2.5629993164    1.878  1.875  4.1144  4.247    1  0.000  0.536     0.00     0.00     0.00     0.00     0.00 -1    -1e-30      0.00 7.673e-01 2.326e-01 2.752e-05 7.524e-06 6.843e-05 -1.000 1.637e-04 0.084 -0.305 -0.151 -0.043 0.146 0.306 0.797 0.915 0.923 1.003 1.017 1.030 1.043 1.065 1.071 1.104 1.109 1.165
0.00015547 -2.00000 8.90000 1.8788220882 2.5630070517    1.878  1.857  4.1050  4.226    2  0.000  0.536     0.00     0.00     0.00     0.00     0.00 -1    -1e-30      0.00 7.673e-01 2.326e-01 2.752e-05 7.524e-06 6.843e-05 -1.000 1.637e-04 0.127 -0.240 -0.095 0.004 0.184 0.338 0.797 0.908 0.916 0.992 1.005 1.018 1.030 1.051 1.057 1.087 1.092 1.144
0.00015547 -2.00000 8.90000 1.8789542913 2.5630135395    1.878  1.864  4.0949  4.179    2  0.000  0.536     0.00     0.00     0.00     0.00     0.00 -1    -1e-30      0.00 7.673e-01 2.326e-01 2.752e-05 7.524e-06 6.843e-05 -1.000 1.637e-04 0.109 -0.229 -0.096 -0.006 0.164 0.310 0.734 0.838 0.845 0.918 0.931 0.943 0.954 0.974 0.979 1.007 1.012 1.058
0.00015547 -2.00000 8.90000 1.8791506290 2.5630231728    1.878  1.888  4.0848  4.115    2  0.000  0.536     0.00     0.00     0.00     0.00     0.00 -1    -1e-30      0.00 7.673e-01 2.326e-01 2.752e-05 7.524e-06 6.843e-05 -1.000 1.637e-04 0.050 -0.258 -0.135 -0.055 0.104 0.242 0.627 0.726 0.732 0.802 0.814 0.825 0.835 0.854 0.859 0.884 0.888 0.929
0.00015547 -2.00000 8.90000 1.8794437647 2.5630375511    1.878  1.909  4.0737  4.050    2  0.000  0.536     0.00     0.00     0.00     0.00     0.00 -1    -1e-30      0.00 7.673e-01 2.326e-01 2.752e-05 7.524e-06 6.843e-05 -1.000 1.637e-04 -0.002 -0.272 -0.161 -0.093 0.055 0.183 0.526 0.618 0.623 0.690 0.700 0.711 0.720 0.737 0.742 0.764 0.768 0.803
0.00015547 -2.00000 8.90000 1.8798470497 2.5630573239    1.879  1.923  4.0621  3.989    2  0.000  0.536     0.00     0.00     0.00     0.00     0.00 -1    -1e-30      0.00 7.673e-01 2.326e-01 2.752e-05 7.525e-06 6.843e-05 -1.000 1.637e-04 -0.038 -0.266 -0.167 -0.111 0.024 0.143 0.439 0.523 0.528 0.590 0.600 0.609 0.618 0.634 0.637 0.657 0.660 0.688
0.00015547 -2.00000 8.90000 1.8803502321 2.5630819809    1.879  1.934  4.0502  3.931    2  0.000  0.536     0.00     0.00     0.00     0.00     0.00 -1    -1e-30      0.00 7.672e-01 2.326e-01 2.752e-05 7.525e-06 6.844e-05 -1.000 1.637e-04 -0.065 -0.246 -0.159 -0.117 0.004 0.113 0.362 0.438 0.442 0.499 0.508 0.517 0.524 0.538 0.541 0.557 0.559 0.582
0.00015547 -2.00000 8.90000 1.8809098005 2.5631093831    1.880  1.943  4.0380  3.873    2  0.000  0.536     0.00     0.00     0.00     0.00     0.00 -1    -1e-30      0.00 7.672e-01 2.326e-01 2.752e-05 7.525e-06 6.844e-05 -1.000 1.637e-04 -0.087 -0.214 -0.141 -0.113 -0.007 0.091 0.291 0.358 0.361 0.413 0.420 0.428 0.434 0.447 0.450 0.462 0.463 0.480
0.00015547 -2.00000 8.90000 1.8814680576 2.5631367023    1.880  1.950  4.0256  3.817    2  0.000  0.536     0.00     0.00     0.00     0.00     0.00 -1    -1e-30      0.00 7.672e-01 2.326e-01 2.753e-05 7.525e-06 6.844e-05 -1.000 1.637e-04 -0.105 -0.173 -0.114 -0.100 -0.011 0.076 0.225 0.283 0.285 0.331 0.337 0.344 0.349 0.359 0.361 0.370 0.371 0.381
0.00015547 -2.00000 8.90000 1.8819841146 2.5631619399    1.881  1.956  4.0132  3.761    2  0.000  0.536     0.00     0.00     0.00     0.00     0.00 -1    -1e-30      0.00 7.672e-01 2.326e-01 2.753e-05 7.526e-06 6.844e-05 -1.000 1.637e-04 -0.120 -0.122 -0.079 -0.080 -0.008 0.066 0.164 0.213 0.214 0.253 0.257 0.263 0.267 0.275 0.277 0.282 0.282 0.285
0.00015547 -2.00000 8.90000 1.8824396133 2.5631842027    1.881  1.961  4.0009  3.707    2  0.000  0.536     0.00     0.00     0.00     0.00     0.00 -1    -1e-30      0.00 7.672e-01 2.326e-01 2.753e-05 7.526e-06 6.844e-05 -1.000 1.636e-04 -0.133 -0.062 -0.035 -0.053 0.001 0.063 0.110 0.148 0.148 0.180 0.183 0.188 0.190 0.196 0.197 0.198 0.197 0.195
0.00015547 -2.00000 8.90000 1.8828349113 2.5632035131    1.882  1.965  3.9888  3.654    2  0.000  0.536     0.00     0.00     0.00     0.00     0.00 -1    -1e-30      0.00 7.672e-01 2.326e-01 2.753e-05 7.526e-06 6.845e-05 -1.000 1.637e-04 -0.143 0.010 0.017 -0.019 0.016 0.065 0.062 0.090 0.089 0.114 0.115 0.118 0.119 0.122 0.123 0.119 0.118 0.109
0.00015547 -2.00000 8.90000 1.8831771612 2.5632202245    1.882  1.969  3.9767  3.603    2  0.000  0.536     0.00     0.00     0.00     0.00     0.00 -1    -1e-30      0.00 7.672e-01 2.326e-01 2.753e-05 7.526e-06 6.845e-05 -1.000 1.637e-04 -0.151 0.094 0.076 0.022 0.038 0.073 0.022 0.040 0.037 0.053 0.052 0.054 0.053 0.054 0.053 0.044 0.042 0.028
0.00015547 -2.00000 8.90000 1.8834758997 2.5632348057    1.882  1.971  3.9647  3.552    2  0.000  0.536     0.00     0.00     0.00     0.00     0.00 -1    -1e-30      0.00 7.672e-01 2.326e-01 2.753e-05 7.527e-06 6.845e-05 -1.000 1.637e-04 -0.158 0.192 0.142 0.069 0.064 0.086 -0.010 -0.002 -0.007 -0.001 -0.004 -0.004 -0.007 -0.010 -0.011 -0.026 -0.028 -0.048
0.00015547 -2.00000 8.90000 1.8837389946 2.5632476427    1.883  1.973  3.9528  3.503    2  0.000  0.536     0.00     0.00     0.00     0.00     0.00 -1    -1e-30      0.00 7.672e-01 2.327e-01 2.753e-05 7.527e-06 6.845e-05 -1.000 1.637e-04 -0.163 0.305 0.214 0.121 0.094 0.102 -0.034 -0.036 -0.043 -0.048 -0.053 -0.055 -0.061 -0.068 -0.071 -0.091 -0.094 -0.120
0.00015547 -2.00000 8.90000 1.8839728832 2.5632590512    1.883  1.974  3.9409  3.454    2  0.000  0.536     0.00     0.00     0.00     0.00     0.00 -1    -1e-30      0.00 7.672e-01 2.327e-01 2.753e-05 7.527e-06 6.845e-05 -1.000 1.637e-04 -0.166 0.436 0.289 0.173 0.124 0.118 -0.051 -0.061 -0.070 -0.087 -0.096 -0.101 -0.109 -0.122 -0.125 -0.153 -0.157 -0.187
0.00015547 -2.00000 8.90000 1.8841826916 2.5632692824    1.883  1.975  3.9290  3.406    2  0.000  0.536     0.00     0.00     0.00     0.00     0.00 -1    -1e-30      0.00 7.672e-01 2.327e-01 2.753e-05 7.527e-06 6.845e-05 -1.000 1.637e-04 -0.168 0.586 0.367 0.226 0.154 0.133 -0.058 -0.074 -0.088 -0.119 -0.130 -0.139 -0.151 -0.169 -0.174 -0.211 -0.215 -0.250
0.00015547 -2.00000 8.90000 1.8843725920 2.5632785405    1.883  1.976  3.9172  3.358    2  0.000  0.536     0.00     0.00     0.00     0.00     0.00 -1    -1e-30      0.00 7.672e-01 2.327e-01 2.753e-05 7.527e-06 6.845e-05 -1.000 1.636e-04 -0.170 0.755 0.445 0.276 0.181 0.145 -0.055 -0.075 -0.094 -0.140 -0.156 -0.169 -0.185 -0.211 -0.218 -0.264 -0.268 -0.308
0.00015547 -2.00000 8.90000 1.8845450878 2.5632869482    1.883  1.976  3.9054  3.311    2  0.000  0.536     0.00     0.00     0.00     0.00     0.00 -1    -1e-30      0.00 7.672e-01 2.327e-01 2.753e-05 7.527e-06 6.845e-05 -1.000 1.637e-04 -0.170 0.936 0.522 0.321 0.204 0.155 -0.042 -0.063 -0.090 -0.155 -0.175 -0.194 -0.215 -0.249 -0.257 -0.314 -0.318 -0.362
0.00015547 -2.00000 8.90000 1.8847028017 2.5632946339    1.884  1.976  3.8936  3.264    2  0.000  0.536     0.00     0.00     0.00     0.00     0.00 -1    -1e-30      0.00 7.672e-01 2.327e-01 2.753e-05 7.527e-06 6.845e-05 -1.000 1.637e-04 -0.170 1.116 0.600 0.363 0.225 0.162 -0.020 -0.040 -0.076 -0.162 -0.188 -0.213 -0.239 -0.282 -0.292 -0.361 -0.364 -0.412
0.00015547 -2.00000 8.90000 1.8848479986 2.5633017083    1.884  1.975  3.8819  3.217    2  0.000  0.536     0.00     0.00     0.00     0.00     0.00 -1    -1e-30      0.00 7.672e-01 2.327e-01 2.753e-05 7.527e-06 6.846e-05 -1.000 1.637e-04 -0.168 1.283 0.681 0.405 0.243 0.166 0.012 -0.005 -0.052 -0.161 -0.192 -0.225 -0.256 -0.309 -0.321 -0.402 -0.406 -0.458
0.00015547 -2.00000 8.90000 1.8849817514 2.5633082241    1.884  1.974  3.8701  3.171    2  0.000  0.536     0.00     0.00     0.00     0.00     0.00 -1    -1e-30      0.00 7.672e-01 2.327e-01 2.753e-05 7.527e-06 6.846e-05 -1.000 1.637e-04 -0.166 1.437 0.766 0.448 0.261 0.167 0.048 0.036 -0.021 -0.153 -0.190 -0.230 -0.267 -0.331 -0.345 -0.439 -0.443 -0.499
0.00015547 -2.00000 8.90000 1.8851054907 2.5633142510    1.884  1.973  3.8584  3.125    2  0.000  0.536     0.00     0.00     0.00     0.00     0.00 -1    -1e-30      0.00 7.672e-01 2.327e-01 2.753e-05 7.527e-06 6.846e-05 -1.000 1.637e-04 -0.163 1.582 0.858 0.495 0.279 0.168 0.088 0.080 0.013 -0.141 -0.183 -0.231 -0.274 -0.348 -0.365 -0.472 -0.476 -0.537
0.00015547 -2.00000 8.90000 1.8852204084 2.5633198475    1.884  1.972  3.8467  3.080    2  0.000  0.536     0.00     0.00     0.00     0.00     0.00 -1    -1e-30      0.00 7.672e-01 2.327e-01 2.753e-05 7.527e-06 6.846e-05 -1.000 1.637e-04 -0.160 1.726 0.960 0.548 0.300 0.170 0.131 0.127 0.051 -0.125 -0.172 -0.228 -0.276 -0.361 -0.380 -0.500 -0.504 -0.572
0.00015547 -2.00000 8.90000 1.8853274584 2.5633250601    1.884  1.970  3.8350  3.035    2  0.000  0.536     0.00     0.00     0.00     0.00     0.00 -1    -1e-30      0.00 7.672e-01 2.327e-01 2.753e-05 7.527e-06 6.846e-05 -1.000 1.637e-04 -0.156 1.874 1.067 0.605 0.323 0.173 0.176 0.177 0.091 -0.106 -0.158 -0.223 -0.276 -0.372 -0.393 -0.526 -0.531 -0.604
0.00015547 -2.00000 8.90000 1.8854274750 2.5633299296    1.884  1.968  3.8235  2.991    2  0.000  0.536     0.00     0.00     0.00     0.00     0.00 -1    -1e-30      0.00 7.672e-01 2.327e-01 2.753e-05 7.527e-06 6.846e-05 -1.000 1.637e-04 -0.151 2.028 1.187 0.671 0.352 0.180 0.225 0.230 0.134 -0.086 -0.143 -0.215 -0.273 -0.379 -0.403 -0.549 -0.554 -0.635
0.00015547 -2.00000 8.90000 1.8855216503 2.5633345142    1.884  1.966  3.8123  2.948    2  0.000  0.536     0.00     0.00     0.00     0.00     0.00 -1    -1e-30      0.00 7.671e-01 2.327e-01 2.753e-05 7.528e-06 6.846e-05 -1.000 1.636e-04 -0.145 2.187 1.320 0.746 0.386 0.193 0.275 0.284 0.178 -0.064 -0.126 -0.206 -0.269 -0.384 -0.410 -0.569 -0.574 -0.663
0.00015547 -2.00000 8.90000 1.8856115341 2.5633388894    1.885  1.963  3.8018  2.909    2  0.000  0.536     0.00     0.00     0.00     0.00     0.00 -1    -1e-30      0.00 7.671e-01 2.327e-01 2.753e-05 7.528e-06 6.846e-05 -1.000 1.636e-04 -0.139 2.333 1.450 0.818 0.419 0.204 0.329 0.341 0.225 -0.039 -0.106 -0.194 -0.261 -0.386 -0.414 -0.585 -0.590 -0.686
0.00015547 -2.00000 8.90000 1.8857045174 2.5633434149    1.885  1.960  3.7920  2.873    2  0.000  0.536     0.00     0.00     0.00     0.00     0.00 -1    -1e-30      0.00 7.671e-01 2.327e-01 2.753e-05 7.528e-06 6.846e-05 -1.000 1.637e-04 -0.131 2.477 1.588 0.898 0.458 0.222 0.383 0.397 0.272 -0.014 -0.086 -0.180 -0.252 -0.385 -0.415 -0.596 -0.603 -0.706
0.00015547 -2.00000 8.90000 1.8858147860 2.5633487810    1.885  1.956  3.7824  2.839    2  0.000  0.536     0.00     0.00     0.00     0.00     0.00 -1    -1e-30      0.00 7.671e-01 2.327e-01 2.753e-05 7.528e-06 6.846e-05 -1.000 1.637e-04 -0.119 2.626 1.738 0.987 0.505 0.248 0.442 0.457 0.323 0.015 -0.061 -0.162 -0.238 -0.379 -0.411 -0.603 -0.610 -0.721
0.00015547 -2.00000 8.90000 1.8859643936 2.5633560604    1.885  1.947  3.7728  2.809    2  0.000  0.536     0.00     0.00     0.00     0.00     0.00 -1    -1e-30      0.00 7.670e-01 2.328e-01 2.754e-05 7.531e-06 6.849e-05 -1.000 1.637e-04 -0.098 2.800 1.926 1.106 0.575 0.295 0.515 0.529 0.385 0.054 -0.026 -0.134 -0.214 -0.363 -0.398 -0.600 -0.608 -0.727
0.00015547 -2.00000 8.90000 1.8861601353 2.5633655826    1.885  1.933  3.7627  2.783    2  0.000  0.536     0.00     0.00     0.00     0.00     0.00 -1    -1e-30      0.00 7.654e-01 2.344e-01 2.769e-05 7.570e-06 6.883e-05 -1.000 1.637e-04 -0.062 2.998 2.157 1.257 0.669 0.363 0.608 0.620 0.465 0.110 0.025 -0.090 -0.174 -0.332 -0.368 -0.582 -0.590 -0.718
0.00015547 -2.00000 8.90000 1.8864012957 2.5633773110    1.885  1.912  3.7524  2.762    2  0.000  0.537     0.00     0.00     0.00     0.00     0.00 -1    -1e-30      0.00 7.594e-01 2.405e-01 2.823e-05 7.714e-06 7.011e-05 -1.000 1.637e-04 -0.011 3.206 2.436 1.445 0.791 0.456 0.722 0.730 0.563 0.182 0.092 -0.030 -0.118 -0.285 -0.323 -0.548 -0.557 -0.694
0.00015547 -2.00000 8.90000 1.8864617348 2.5633802499    1.885  1.907  3.7500  2.758    2  0.000  0.537     0.00     0.00     0.00     0.00     0.00 -1    -1e-30      0.00 7.575e-01 2.423e-01 2.841e-05 7.760e-06 7.052e-05 -1.000 1.637e-04 0.002 3.255 2.503 1.491 0.821 0.479 0.749 0.756 0.587 0.199 0.109 -0.015 -0.104 -0.273 -0.312 -0.539 -0.549 -0.687
0.00015547 -2.00000 8.90000 1.8865236044 2.5633832580    1.885  1.908  3.7482  2.750    2  0.000  0.537     0.00     0.00     0.00     0.00     0.00 -1    -1e-30      0.00 7.568e-01 2.431e-01 2.848e-05 7.779e-06 7.069e-05 -1.000 1.637e-04 -0.000 3.278 2.547 1.517 0.834 0.488 0.759 0.764 0.593 0.201 0.109 -0.015 -0.105 -0.275 -0.315 -0.544 -0.554 -0.694
0.00015547 -2.00000 8.90000 1.8868327141 2.5633982838    1.886  1.923  3.7407  2.705    3  0.000  0.537     0.00     0.00     0.00     0.00     0.00 -1    -1e-30      0.00 7.540e-01 2.458e-01 2.869e-05 7.852e-06 7.127e-05 -1.000 1.637e-04 -0.037 3.350 2.707 1.603 0.865 0.496 0.771 0.772 0.591 0.179 0.084 -0.045 -0.138 -0.315 -0.356 -0.593 -0.604 -0.751
0.00015547 -2.00000 8.90000 1.8871411085 2.5634132692    1.886  1.953  3.7357  2.655    3  0.000  0.530     0.00     0.00     0.00     0.00     0.00 -1    -1e-30      0.00 7.523e-01 2.476e-01 2.840e-05 8.206e-06 7.151e-05 -1.000 1.637e-04 -0.113 3.342 2.786 1.627 0.846 0.462 0.730 0.725 0.539 0.114 0.017 -0.116 -0.211 -0.391 -0.433 -0.676 -0.687 -0.839
0.00015547 -2.00000 8.90000 1.8875100613 2.5634311898    1.886  1.993  3.7324  2.603    3  0.000  0.487     0.00     0.00     0.00     0.00     0.00 -1    -1e-30      0.00 7.506e-01 2.492e-01 2.600e-05 1.065e-05 7.162e-05 -1.000 1.636e-04 -0.212 3.288 2.791 1.595 0.787 0.393 0.654 0.645 0.455 0.022 -0.076 -0.212 -0.308 -0.491 -0.534 -0.780 -0.791 -0.946
0.00015547 -2.00000 8.90000 1.8878778219 2.5634490445    1.887  2.031  3.7299  2.554    3  0.000  0.429     0.00     0.00     0.00     0.00     0.00 -1    -1e-30      0.00 7.487e-01 2.511e-01 2.279e-05 1.439e-05 7.169e-05 -1.000 1.637e-04 -0.307 3.227 2.777 1.553 0.723 0.321 0.577 0.565 0.372 -0.068 -0.167 -0.304 -0.401 -0.586 -0.630 -0.879 -0.890 -1.047
0.00015547 -2.00000 8.90000 1.8880001307 2.5634549808    1.887  2.043  3.7291  2.539    3  0.000  0.410     0.00     0.00     0.00     0.00     0.00 -1    -1e-30      0.00 7.481e-01 2.518e-01 2.177e-05 1.565e-05 7.170e-05 -1.000 1.636e-04 -0.338 3.205 2.773 1.539 0.702 0.297 0.551 0.538 0.344 -0.097 -0.197 -0.335 -0.432 -0.617 -0.661 -0.911 -0.922 -1.080
0.00015547 -2.00000 8.90000 1.8881038427 2.5634600138    1.887  2.054  3.7286  2.527    3  0.000  0.397     0.00     0.00     0.00     0.00     0.00 -1    -1e-30      0.00 7.475e-01 2.524e-01 2.118e-05 1.639e-05 7.171e-05 -1.000 1.637e-04 -0.364 3.185 2.765 1.525 0.683 0.277 0.529 0.516 0.321 -0.122 -0.222 -0.360 -0.457 -0.643 -0.687 -0.937 -0.949 -1.107
0.00015547 -2.00000 8.90000 1.8881554604 2.5634625185    1.887  2.059  3.7283  2.520    3  0.000  0.391     0.00     0.00     0.00     0.00     0.00 -1    -1e-30      0.00 7.471e-01 2.527e-01 2.087e-05 1.677e-05 7.172e-05 -1.000 1.637e-04 -0.377 3.176 2.762 1.518 0.674 0.267 0.518 0.504 0.309 -0.134 -0.234 -0.373 -0.470 -0.656 -0.700 -0.951 -0.962 -1.121
0.00015547 -2.00000 8.90000 1.8883383274 2.5634713907    1.887  2.077  3.7275  2.499    3  0.000  0.376     0.00     0.00     0.00     0.00     0.00 -1    -1e-30      0.00 7.460e-01 2.538e-01 2.007e-05 1.778e-05 7.173e-05 -1.000 1.636e-04 -0.423 3.141 2.747 1.492 0.640 0.231 0.479 0.464 0.268 -0.178 -0.278 -0.417 -0.515 -0.701 -0.746 -0.997 -1.009 -1.168
0.00015547 -2.00000 8.90000 1.8887032270 2.5634890886    1.888  2.113  3.7257  2.456    3  0.000  0.351     0.00     0.00     0.00     0.00     0.00 -1    -1e-30      0.00 7.437e-01 2.561e-01 1.874e-05 1.943e-05 7.172e-05 -1.000 1.637e-04 -0.512 3.075 2.730 1.451 0.579 0.164 0.403 0.385 0.186 -0.264 -0.366 -0.505 -0.604 -0.792 -0.836 -1.090 -1.102 -1.263
0.00015547 -2.00000 8.90000 1.8890669346 2.5635067209    1.888  2.148  3.7241  2.414    3  0.000  0.334     0.00     0.00     0.00     0.00     0.00 -1    -1e-30      0.00 7.415e-01 2.584e-01 1.782e-05 2.059e-05 7.167e-05 -1.000 1.637e-04 -0.601 3.009 2.710 1.409 0.518 0.097 0.327 0.306 0.105 -0.349 -0.451 -0.592 -0.691 -0.880 -0.925 -1.180 -1.192 -1.355
0.00015547 -2.00000 8.90000 1.8894901276 2.5635272272    1.888  2.188  3.7224  2.367    3  0.000  0.320     0.00     0.00     0.00     0.00     0.00 -1    -1e-30      0.00 7.391e-01 2.608e-01 1.710e-05 2.149e-05 7.154e-05 -1.000 1.637e-04 -0.701 2.932 2.685 1.358 0.447 0.019 0.241 0.217 0.013 -0.446 -0.549 -0.691 -0.791 -0.981 -1.026 -1.283 -1.295 -1.460
0.00015547 -2.00000 8.90000 1.8899117708 2.5635476479    1.889  2.227  3.7206  2.321    3  0.000  0.311     0.00     0.00     0.00     0.00     0.00 -1    -1e-30      0.00 7.369e-01 2.629e-01 1.661e-05 2.216e-05 7.137e-05 -1.000 1.637e-04 -0.799 2.858 2.661 1.309 0.378 -0.056 0.157 0.130 -0.076 -0.540 -0.644 -0.787 -0.887 -1.079 -1.125 -1.383 -1.396 -1.562
0.00015547 -2.00000 8.90000 1.8903709650 2.5635698754    1.889  2.268  3.7189  2.273    3  0.000  0.306     0.00     0.00     0.00     0.00     0.00 -1    -1e-30      0.00 7.349e-01 2.649e-01 1.626e-05 2.284e-05 7.104e-05 -1.000 1.637e-04 -0.901 2.777 2.637 1.260 0.307 -0.134 0.069 0.039 -0.170 -0.639 -0.743 -0.888 -0.988 -1.182 -1.228 -1.488 -1.501 -1.668
0.00015547 -2.00000 8.90000 1.8908061981 2.5635909315    1.890  2.303  3.7174  2.232    3  0.000  0.303     0.00     0.00     0.00     0.00     0.00 -1    -1e-30      0.00 7.332e-01 2.666e-01 1.603e-05 2.354e-05 7.055e-05 -1.000 1.636e-04 -0.989 2.708 2.621 1.219 0.247 -0.199 -0.004 -0.038 -0.249 -0.723 -0.828 -0.973 -1.075 -1.269 -1.316 -1.578 -1.591 -1.760
0.00015547 -2.00000 8.90000 1.8908612728 2.5635935952    1.890  2.307  3.7172  2.228    3  0.000  0.303     0.00     0.00     0.00     0.00     0.00 -1    -1e-30      0.00 7.331e-01 2.668e-01 1.600e-05 2.363e-05 7.048e-05 -1.000 1.636e-04 -0.997 2.701 2.620 1.216 0.241 -0.206 -0.012 -0.046 -0.257 -0.731 -0.836 -0.982 -1.084 -1.278 -1.325 -1.587 -1.600 -1.769
0.00015547 -2.00000 8.90000 1.8909405470 2.5635974289    1.890  2.282  3.7184  2.258    4  0.000  0.303     0.00     0.00     0.00     0.00     0.00 -1    -1e-30      0.00 7.330e-01 2.668e-01 1.600e-05 2.365e-05 7.047e-05 -1.000 1.636e-04 -0.935 2.748 2.625 1.240 0.281 -0.161 0.039 0.007 -0.202 -0.672 -0.777 -0.921 -1.022 -1.216 -1.262 -1.523 -1.536 -1.704
0.00015547 -2.00000 8.90000 1.8909863234 2.5635996425    1.890  2.251  3.7198  2.295    4  0.000  0.303     0.00     0.00     0.00     0.00     0.00 -1    -1e-30      0.00 7.330e-01 2.669e-01 1.600e-05 2.365e-05 7.047e-05 -1.000 1.637e-04 -0.857 2.810 2.639 1.276 0.334 -0.103 0.105 0.076 -0.131 -0.597 -0.701 -0.845 -0.945 -1.138 -1.184 -1.443 -1.456 -1.622
0.00015547 -2.00000 8.90000 1.8910701275 2.5636036947    1.890  2.200  3.7223  2.356    4  0.000  0.303     0.00     0.00     0.00     0.00     0.00 -1    -1e-30      0.00 7.330e-01 2.669e-01 1.600e-05 2.365e-05 7.047e-05 -1.000 1.636e-04 -0.730 2.905 2.662 1.334 0.421 -0.007 0.213 0.188 -0.015 -0.475 -0.578 -0.720 -0.819 -1.010 -1.055 -1.312 -1.324 -1.489
0.00015547 -2.00000 8.90000 1.8911993504 2.5636099422    1.890  2.151  3.7246  2.414    4  0.000  0.302     0.00     0.00     0.00     0.00     0.00 -1    -1e-30      0.00 7.330e-01 2.669e-01 1.600e-05 2.365e-05 7.047e-05 -1.000 1.636e-04 -0.608 2.996 2.688 1.392 0.506 0.086 0.316 0.296 0.096 -0.358 -0.459 -0.600 -0.699 -0.888 -0.932 -1.187 -1.199 -1.361
0.00015547 -2.00000 8.90000 1.8914613724 2.5636226071    1.890  2.105  3.7270  2.470    4  0.000  0.302     0.00     0.00     0.00     0.00     0.00 -1    -1e-30      0.00 7.330e-01 2.668e-01 1.600e-05 2.365e-05 7.047e-05 -1.000 1.637e-04 -0.491 3.080 2.704 1.442 0.582 0.171 0.414 0.398 0.201 -0.246 -0.347 -0.486 -0.584 -0.771 -0.815 -1.067 -1.079 -1.239
0.00015547 -2.00000 8.90000 1.8935817480 2.5637249479    1.893  2.060  3.7298  2.526    4  0.000  0.302     0.00     0.00     0.00     0.00     0.00 -1    -1e-30      0.00 7.331e-01 2.668e-01 1.599e-05 2.365e-05 7.048e-05 -1.000 1.637e-04 -0.379 3.157 2.710 1.484 0.654 0.252 0.505 0.493 0.299 -0.140 -0.239 -0.376 -0.473 -0.658 -0.702 -0.951 -0.962 -1.119
0.00015547 -2.00000 8.90000 1.8961179256 2.5638470119    1.895  2.026  3.7328  2.573    4  0.000  0.302     0.00     0.00     0.00     0.00     0.00 -1    -1e-30      0.00 7.331e-01 2.667e-01 1.599e-05 2.364e-05 7.049e-05 -1.000 1.636e-04 -0.295 3.200 2.697 1.506 0.701 0.309 0.567 0.559 0.369 -0.062 -0.161 -0.296 -0.391 -0.574 -0.617 -0.863 -0.874 -1.028
0.00015547 -2.00000 8.90000 1.8999998569 2.5640331203    1.899  2.001  3.7373  2.617    4  0.000  0.302     0.00     0.00     0.00     0.00     0.00 -1    -1e-30      0.00 7.332e-01 2.666e-01 1.598e-05 2.364e-05 7.050e-05 -1.000 1.637e-04 -0.232 3.203 2.618 1.479 0.713 0.334 0.599 0.595 0.411 -0.008 -0.105 -0.237 -0.331 -0.509 -0.551 -0.792 -0.803 -0.953
0.00015547 -2.00000 8.90000 1.9006419182 2.5640638179    1.900  1.996  3.7380  2.624    4  0.000  0.302     0.00     0.00     0.00     0.00     0.00 -1    -1e-30      0.00 7.333e-01 2.666e-01 1.598e-05 2.364e-05 7.051e-05 -1.000 1.636e-04 -0.221 3.203 2.606 1.474 0.714 0.338 0.604 0.601 0.418 0.000 -0.096 -0.227 -0.321 -0.499 -0.541 -0.781 -0.792 -0.941
0.00015547 -2.00000 8.90000 1.9009841681 2.5640801715    1.900  1.996  3.7384  2.627    4  0.000  0.302     0.00     0.00     0.00     0.00     0.00 -1    -1e-30      0.00 7.333e-01 2.666e-01 1.598e-05 2.364e-05 7.051e-05 -1.000 1.637e-04 -0.220 3.199 2.594 1.467 0.711 0.336 0.602 0.600 0.417 0.001 -0.095 -0.226 -0.320 -0.497 -0.539 -0.779 -0.790 -0.939
0.00015547 -2.00000 8.90000 1.9066290855 2.5643489261    1.906  2.034  3.7498  2.635    5  0.000  0.302     0.00     0.00     0.00     0.00     0.00 -1    -1e-30      0.00 7.335e-01 2.664e-01 1.597e-05 2.363e-05 7.052e-05 -1.000 1.636e-04 -0.316 2.946 2.207 1.193 0.520 0.179 0.430 0.435 0.266 -0.120 -0.210 -0.334 -0.423 -0.591 -0.630 -0.857 -0.867 -1.006
0.00015547 -2.00000 8.90000 1.9097208977 2.5644953532    1.909  2.067  3.7597  2.642    5  0.000  0.302     0.00     0.00     0.00     0.00     0.00 -1    -1e-30      0.00 7.336e-01 2.663e-01 1.597e-05 2.362e-05 7.053e-05 -1.000 1.637e-04 -0.398 2.720 1.908 0.981 0.372 0.057 0.285 0.293 0.136 -0.224 -0.310 -0.427 -0.512 -0.671 -0.708 -0.925 -0.933 -1.064
0.00015547 -2.00000 8.90000 1.9123752117 2.5646206262    1.912  2.092  3.7705  2.662    5  0.000  0.302     0.00     0.00     0.00     0.00     0.00 -1    -1e-30      0.00 7.336e-01 2.662e-01 1.597e-05 2.362e-05 7.054e-05 -1.000 1.637e-04 -0.460 2.497 1.643 0.801 0.253 -0.033 0.161 0.171 0.026 -0.308 -0.389 -0.498 -0.578 -0.729 -0.763 -0.968 -0.976 -1.097
0.00015547 -2.00000 8.90000 1.9146853685 2.5647293314    1.914  2.110  3.7836  2.697    5  0.000  0.302     0.00     0.00     0.00     0.00     0.00 -1    -1e-30      0.00 7.337e-01 2.661e-01 1.597e-05 2.361e-05 7.054e-05 -1.000 1.636e-04 -0.504 2.257 1.385 0.634 0.148 -0.109 0.045 0.056 -0.076 -0.379 -0.453 -0.553 -0.628 -0.768 -0.799 -0.989 -0.996 -1.106
0.00015547 -2.00000 8.90000 1.9166918993 2.5648235048    1.916  2.123  3.7995  2.747    5  0.000  0.302     0.00     0.00     0.00     0.00     0.00 -1    -1e-30      0.00 7.338e-01 2.661e-01 1.597e-05 2.361e-05 7.055e-05 -1.000 1.636e-04 -0.538 2.009 1.138 0.483 0.063 -0.160 -0.069 -0.061 -0.177 -0.443 -0.510 -0.599 -0.667 -0.792 -0.820 -0.992 -0.998 -1.097
0.00015547 -2.00000 8.90000 1.9182966948 2.5648986604    1.918  2.133  3.8140  2.796    5  0.000  0.302     0.00     0.00     0.00     0.00     0.00 -1    -1e-30      0.00 7.338e-01 2.660e-01 1.596e-05 2.361e-05 7.055e-05 -1.000 1.636e-04 -0.563 1.796 0.946 0.371 0.005 -0.189 -0.162 -0.158 -0.260 -0.494 -0.554 -0.632 -0.693 -0.806 -0.831 -0.986 -0.992 -1.080
0.00015547 -2.00000 8.90000 1.9197657108 2.5649673305    1.919  2.142  3.8269  2.839    5  0.000  0.302     0.00     0.00     0.00     0.00     0.00 -1    -1e-30      0.00 7.339e-01 2.660e-01 1.596e-05 2.360e-05 7.056e-05 -1.000 1.636e-04 -0.584 1.600 0.781 0.274 -0.047 -0.216 -0.237 -0.236 -0.327 -0.535 -0.589 -0.658 -0.714 -0.815 -0.837 -0.978 -0.983 -1.064
0.00015547 -2.00000 8.90000 1.9212940931 2.5650386475    1.921  2.150  3.8395  2.881    5  0.000  0.302     0.00     0.00     0.00     0.00     0.00 -1    -1e-30      0.00 7.339e-01 2.659e-01 1.596e-05 2.360e-05 7.056e-05 -1.000 1.636e-04 -0.606 1.418 0.638 0.190 -0.091 -0.237 -0.306 -0.310 -0.390 -0.573 -0.622 -0.682 -0.732 -0.822 -0.841 -0.968 -0.973 -1.047
0.00015547 -2.00000 8.90000 1.9229155779 2.5651141664    1.922  2.159  3.8517  2.922    5  0.000  0.301     0.00     0.00     0.00     0.00     0.00 -1    -1e-30      0.00 7.340e-01 2.659e-01 1.596e-05 2.360e-05 7.057e-05 -1.000 1.636e-04 -0.628 1.244 0.510 0.115 -0.131 -0.256 -0.372 -0.381 -0.450 -0.610 -0.653 -0.705 -0.749 -0.827 -0.844 -0.957 -0.961 -1.029
0.00015547 -2.00000 8.90000 1.9246407747 2.5651943549    1.924  2.168  3.8635  2.960    5  0.000  0.301     0.00     0.00     0.00     0.00     0.00 -1    -1e-30      0.00 7.340e-01 2.658e-01 1.596e-05 2.359e-05 7.057e-05 -1.000 1.636e-04 -0.650 1.076 0.393 0.047 -0.169 -0.275 -0.435 -0.448 -0.507 -0.644 -0.682 -0.725 -0.763 -0.831 -0.846 -0.945 -0.949 -1.012
0.00015547 -2.00000 8.90000 1.9264308214 2.5652773831    1.926  2.177  3.8744  2.995    5  0.000  0.301     0.00     0.00     0.00     0.00     0.00 -1    -1e-30      0.00 7.341e-01 2.657e-01 1.596e-05 2.359e-05 7.058e-05 -1.000 1.636e-04 -0.672 0.913 0.290 -0.014 -0.204 -0.296 -0.492 -0.509 -0.559 -0.673 -0.706 -0.742 -0.775 -0.832 -0.845 -0.931 -0.936 -0.996
0.00015547 -2.00000 8.90000 1.9282348156 2.5653608788    1.928  2.185  3.8839  3.025    5  0.000  0.301     0.00     0.00     0.00     0.00     0.00 -1    -1e-30      0.00 7.341e-01 2.657e-01 1.596e-05 2.359e-05 7.058e-05 -1.000 1.637e-04 -0.693 0.760 0.205 -0.066 -0.238 -0.317 -0.544 -0.563 -0.603 -0.697 -0.725 -0.755 -0.783 -0.832 -0.843 -0.920 -0.924 -0.981
0.00015547 -2.00000 8.90000 1.9305866957 2.5654694635    1.930  2.196  3.8940  3.056    5  0.000  0.301     0.00     0.00     0.00     0.00     0.00 -1    -1e-30      0.00 7.342e-01 2.656e-01 1.596e-05 2.358e-05 7.059e-05 -1.000 1.636e-04 -0.720 0.580 0.111 -0.127 -0.279 -0.346 -0.598 -0.619 -0.649 -0.722 -0.745 -0.769 -0.792 -0.832 -0.842 -0.908 -0.912 -0.967
0.00015547 -2.00000 8.90000 1.9330416918 2.5655824848    1.932  2.207  3.9021  3.078    5  0.000  0.301     0.00     0.00     0.00     0.00     0.00 -1    -1e-30      0.00 7.343e-01 2.655e-01 1.595e-05 2.358e-05 7.059e-05 -1.000 1.637e-04 -0.747 0.428 0.030 -0.183 -0.321 -0.378 -0.641 -0.661 -0.686 -0.744 -0.762 -0.782 -0.802 -0.836 -0.844 -0.902 -0.907 -0.960
0.00015547 -2.00000 8.90000 1.9356182814 2.5657007494    1.935  2.218  3.9084  3.093    5  0.000  0.301     0.00     0.00     0.00     0.00     0.00 -1    -1e-30      0.00 7.344e-01 2.655e-01 1.595e-05 2.358e-05 7.060e-05 -1.000 1.637e-04 -0.774 0.304 -0.040 -0.236 -0.361 -0.411 -0.678 -0.696 -0.717 -0.765 -0.781 -0.797 -0.814 -0.844 -0.851 -0.904 -0.909 -0.959
0.00015547 -2.00000 8.90000 1.9391174316 2.5658607808    1.938  2.232  3.9147  3.104    5  0.000  0.301     0.00     0.00     0.00     0.00     0.00 -1    -1e-30      0.00 7.345e-01 2.653e-01 1.595e-05 2.357e-05 7.061e-05 -1.000 1.637e-04 -0.810 0.172 -0.120 -0.299 -0.412 -0.453 -0.721 -0.736 -0.754 -0.792 -0.806 -0.820 -0.835 -0.860 -0.866 -0.913 -0.918 -0.967
0.00015547 -2.00000 8.90000 1.9430052042 2.5660378083    1.942  2.248  3.9207  3.113    5  0.000  0.301     0.00     0.00     0.00     0.00     0.00 -1    -1e-30      0.00 7.346e-01 2.652e-01 1.595e-05 2.356e-05 7.062e-05 -1.000 1.638e-04 -0.850 0.044 -0.201 -0.365 -0.466 -0.499 -0.765 -0.779 -0.794 -0.823 -0.835 -0.846 -0.858 -0.880 -0.885 -0.927 -0.932 -0.980
0.00015547 -2.00000 8.90000 1.9463125467 2.5661877662    1.946  2.261  3.9255  3.120    5  0.000  0.301     0.00     0.00     0.00     0.00     0.00 -1    -1e-30      0.00 7.347e-01 2.651e-01 1.594e-05 2.356e-05 7.063e-05 -1.000 1.637e-04 -0.883 -0.056 -0.268 -0.421 -0.512 -0.540 -0.800 -0.811 -0.824 -0.847 -0.857 -0.867 -0.878 -0.897 -0.901 -0.939 -0.944 -0.990
0.00015547 -2.00000 8.90000 1.9500000477 2.5663542714    1.950  2.276  3.9305  3.126    5  0.000  0.301     0.00     0.00     0.00     0.00     0.00 -1    -1e-30      0.00 7.348e-01 2.650e-01 1.594e-05 2.355e-05 7.064e-05 -1.000 1.637e-04 -0.920 -0.164 -0.341 -0.482 -0.563 -0.584 -0.838 -0.846 -0.857 -0.874 -0.882 -0.890 -0.900 -0.915 -0.919 -0.954 -0.958 -1.003
0.00015547 -2.00000 8.90000 1.9538222551 2.5665260964    1.953  2.291  3.9360  3.134    5  0.000  0.301     0.00     0.00     0.00     0.00     0.00 -1    -1e-30      0.00 7.350e-01 2.649e-01 1.594e-05 2.353e-05 7.066e-05 -1.000 1.637e-04 -0.958 -0.271 -0.419 -0.548 -0.618 -0.632 -0.874 -0.877 -0.887 -0.897 -0.904 -0.910 -0.919 -0.932 -0.935 -0.966 -0.970 -1.013
0.00015547 -2.00000 8.90000 1.9595372677 2.5667815739    1.959  2.313  3.9433  3.142    5  0.000  0.301     0.00     0.00     0.00     0.00     0.00 -1    -1e-30      0.00 7.352e-01 2.647e-01 1.594e-05 2.350e-05 7.069e-05 -1.000 1.637e-04 -1.014 -0.415 -0.526 -0.641 -0.697 -0.701 -0.926 -0.923 -0.931 -0.932 -0.937 -0.942 -0.948 -0.958 -0.961 -0.987 -0.991 -1.032
0.00015547 -2.00000 8.90000 1.9669382572 2.5671098837    1.967  2.342  3.9494  3.140    5  0.000  0.301     0.00     0.00     0.00     0.00     0.00 -1    -1e-30      0.00 7.354e-01 2.644e-01 1.593e-05 2.347e-05 7.073e-05 -1.000 1.637e-04 -1.084 -0.555 -0.639 -0.742 -0.787 -0.783 -0.992 -0.983 -0.990 -0.984 -0.988 -0.991 -0.996 -1.003 -1.005 -1.027 -1.032 -1.071
0.00015547 -2.00000 8.90000 1.9685642719 2.5671816338    1.968  2.348  3.9505  3.138    5  0.000  0.301     0.00     0.00     0.00     0.00     0.00 -1    -1e-30      0.00 7.354e-01 2.644e-01 1.593e-05 2.346e-05 7.074e-05 -1.000 1.636e-04 -1.100 -0.581 -0.662 -0.763 -0.806 -0.801 -1.006 -0.996 -1.003 -0.996 -1.000 -1.003 -1.007 -1.014 -1.016 -1.038 -1.042 -1.081
0.00015547 -2.00000 8.90000 1.9759815931 2.5675072115    1.976  2.376  3.9467  3.096    6  0.000  0.300     0.00     0.00     0.00     0.00     0.00 -1    -1e-30      0.00 7.357e-01 2.642e-01 1.593e-05 2.343e-05 7.077e-05 -1.000 1.636e-04 -1.171 -0.607 -0.700 -0.809 -0.861 -0.861 -1.085 -1.077 -1.084 -1.080 -1.084 -1.088 -1.093 -1.101 -1.103 -1.127 -1.132 -1.173
0.00015547 -2.00000 8.90000 1.9823347330 2.5677838512    1.982  2.402  3.9373  3.035    6  0.000  0.300     0.00     0.00     0.00     0.00     0.00 -1    -1e-30      0.00 7.359e-01 2.640e-01 1.593e-05 2.340e-05 7.081e-05 -1.000 1.636e-04 -1.234 -0.556 -0.687 -0.815 -0.886 -0.898 -1.160 -1.158 -1.167 -1.171 -1.177 -1.183 -1.190 -1.202 -1.205 -1.235 -1.240 -1.286
0.00015547 -2.00000 8.90000 1.9853953123 2.5679163939    1.985  2.415  3.9256  2.975    6  0.000  0.300     0.00     0.00     0.00     0.00     0.00 -1    -1e-30      0.00 7.360e-01 2.639e-01 1.593e-05 2.338e-05 7.082e-05 -1.000 1.637e-04 -1.267 -0.430 -0.624 -0.779 -0.876 -0.904 -1.199 -1.205 -1.217 -1.234 -1.243 -1.252 -1.262 -1.280 -1.284 -1.321 -1.327 -1.378
0.00015547 -2.00000 8.90000 1.9870132208 2.5679862700    1.987  2.422  3.9131  2.918    6  0.000  0.300     0.00     0.00     0.00     0.00     0.00 -1    -1e-30      0.00 7.360e-01 2.638e-01 1.593e-05 2.337e-05 7.083e-05 -1.000 1.637e-04 -1.286 -0.262 -0.542 -0.728 -0.854 -0.898 -1.214 -1.227 -1.244 -1.275 -1.288 -1.302 -1.316 -1.341 -1.347 -1.394 -1.399 -1.456
0.00015547 -2.00000 8.90000 1.9880567789 2.5680312710    1.988  2.428  3.8950  2.841    6  0.000  0.300     0.00     0.00     0.00     0.00     0.00 -1    -1e-30      0.00 7.361e-01 2.638e-01 1.593e-05 2.337e-05 7.084e-05 -1.000 1.637e-04 -1.299 0.015 -0.411 -0.650 -0.816 -0.885 -1.205 -1.223 -1.250 -1.309 -1.329 -1.350 -1.371 -1.409 -1.417 -1.481 -1.486 -1.548
0.00015547 -2.00000 8.90000 1.9884325266 2.5680474610    1.989  2.430  3.8797  2.777    6  0.000  0.300     0.00     0.00     0.00     0.00     0.00 -1    -1e-30      0.00 7.361e-01 2.638e-01 1.593e-05 2.337e-05 7.084e-05 -1.000 1.637e-04 -1.305 0.252 -0.300 -0.592 -0.790 -0.879 -1.174 -1.191 -1.230 -1.320 -1.347 -1.377 -1.405 -1.455 -1.466 -1.545 -1.551 -1.617
0.00015547 -2.00000 8.90000 1.9886604548 2.5680572783    1.989  2.432  3.8673  2.726    6  0.000  0.300     0.00     0.00     0.00     0.00     0.00 -1    -1e-30      0.00 7.361e-01 2.638e-01 1.593e-05 2.337e-05 7.084e-05 -1.000 1.637e-04 -1.310 0.427 -0.207 -0.545 -0.773 -0.879 -1.138 -1.154 -1.204 -1.320 -1.353 -1.392 -1.426 -1.486 -1.500 -1.592 -1.597 -1.667
0.00015547 -2.00000 8.90000 1.9888477325 2.5680653429    1.989  2.433  3.8546  2.674    6  0.000  0.300     0.00     0.00     0.00     0.00     0.00 -1    -1e-30      0.00 7.361e-01 2.638e-01 1.593e-05 2.336e-05 7.084e-05 -1.000 1.636e-04 -1.313 0.596 -0.104 -0.495 -0.755 -0.880 -1.095 -1.108 -1.171 -1.314 -1.353 -1.400 -1.441 -1.513 -1.529 -1.635 -1.641 -1.714
0.00015547 -2.00000 8.90000 1.9890007973 2.5680719328    1.989  2.434  3.8416  2.621    6  0.000  0.300     0.00     0.00     0.00     0.00     0.00 -1    -1e-30      0.00 7.361e-01 2.637e-01 1.593e-05 2.336e-05 7.084e-05 -1.000 1.637e-04 -1.314 0.763 0.012 -0.437 -0.734 -0.882 -1.048 -1.058 -1.132 -1.301 -1.347 -1.403 -1.450 -1.535 -1.553 -1.675 -1.680 -1.758
0.00015547 -2.00000 8.90000 1.9891086817 2.5680765769    1.989  2.434  3.8302  2.575    6  0.000  0.300     0.00     0.00     0.00     0.00     0.00 -1    -1e-30      0.00 7.361e-01 2.637e-01 1.593e-05 2.336e-05 7.084e-05 -1.000 1.637e-04 -1.315 0.913 0.122 -0.382 -0.714 -0.882 -1.004 -1.011 -1.095 -1.287 -1.339 -1.403 -1.455 -1.550 -1.571 -1.706 -1.711 -1.794
0.00015547 -2.00000 8.90000 1.9891980886 2.5680804252    1.989  2.434  3.8189  2.530    6  0.000  0.300     0.00     0.00     0.00     0.00     0.00 -1    -1e-30      0.00 7.361e-01 2.637e-01 1.593e-05 2.336e-05 7.084e-05 -1.000 1.636e-04 -1.315 1.067 0.249 -0.315 -0.687 -0.878 -0.956 -0.960 -1.054 -1.270 -1.327 -1.399 -1.457 -1.562 -1.585 -1.733 -1.738 -1.827
0.00015547 -2.00000 8.90000 1.9892809391 2.5680839909    1.989  2.433  3.8067  2.482    6  0.000  0.300     0.00     0.00     0.00     0.00     0.00 -1    -1e-30      0.00 7.361e-01 2.637e-01 1.593e-05 2.336e-05 7.084e-05 -1.000 1.637e-04 -1.313 1.230 0.393 -0.240 -0.657 -0.873 -0.898 -0.899 -1.005 -1.248 -1.310 -1.391 -1.455 -1.571 -1.598 -1.759 -1.765 -1.861
0.00015547 -2.00000 8.90000 1.9893515110 2.5680870279    1.990  2.432  3.7952  2.438    6  0.000  0.300     0.00     0.00     0.00     0.00     0.00 -1    -1e-30      0.00 7.361e-01 2.637e-01 1.593e-05 2.336e-05 7.084e-05 -1.000 1.637e-04 -1.310 1.378 0.539 -0.162 -0.624 -0.864 -0.837 -0.835 -0.952 -1.222 -1.290 -1.380 -1.449 -1.576 -1.604 -1.779 -1.786 -1.889
0.00015547 -2.00000 8.90000 1.9894076586 2.5680894440    1.990  2.430  3.7858  2.402    6  0.000  0.300     0.00     0.00     0.00     0.00     0.00 -1    -1e-30      0.00 7.361e-01 2.637e-01 1.593e-05 2.336e-05 7.084e-05 -1.000 1.636e-04 -1.305 1.503 0.669 -0.090 -0.591 -0.850 -0.782 -0.779 -0.906 -1.198 -1.271 -1.367 -1.440 -1.576 -1.607 -1.792 -1.799 -1.909
0.00015547 -2.00000 8.90000 1.9894524813 2.5680913726    1.990  2.427  3.7777  2.372    6  0.000  0.300     0.00     0.00     0.00     0.00     0.00 -1    -1e-30      0.00 7.361e-01 2.637e-01 1.593e-05 2.336e-05 7.084e-05 -1.000 1.637e-04 -1.298 1.615 0.792 -0.017 -0.554 -0.830 -0.732 -0.728 -0.863 -1.175 -1.251 -1.353 -1.430 -1.573 -1.605 -1.799 -1.807 -1.923
0.00015547 -2.00000 8.90000 1.9894887209 2.5680929319    1.990  2.424  3.7708  2.348    6  0.000  0.300     0.00     0.00     0.00     0.00     0.00 -1    -1e-30      0.00 7.361e-01 2.637e-01 1.593e-05 2.336e-05 7.084e-05 -1.000 1.638e-04 -1.290 1.725 0.919 0.060 -0.510 -0.801 -0.682 -0.680 -0.823 -1.152 -1.231 -1.338 -1.418 -1.567 -1.601 -1.803 -1.812 -1.933
0.00015547 -2.00000 8.90000 1.9895184040 2.5680942090    1.990  2.419  3.7645  2.327    6  0.000  0.300     0.00     0.00     0.00     0.00     0.00 -1    -1e-30      0.00 7.361e-01 2.637e-01 1.593e-05 2.336e-05 7.084e-05 -1.000 1.636e-04 -1.279 1.824 1.045 0.137 -0.466 -0.773 -0.633 -0.632 -0.782 -1.126 -1.209 -1.321 -1.403 -1.557 -1.593 -1.802 -1.811 -1.938
0.00015547 -2.00000 8.90000 1.9895439148 2.5680953065    1.990  2.415  3.7590  2.309    6  0.000  0.300     0.00     0.00     0.00     0.00     0.00 -1    -1e-30      0.00 7.361e-01 2.637e-01 1.593e-05 2.336e-05 7.084e-05 -1.000 1.637e-04 -1.269 1.910 1.158 0.208 -0.427 -0.747 -0.590 -0.590 -0.746 -1.104 -1.189 -1.305 -1.390 -1.549 -1.585 -1.801 -1.810 -1.941
0.00015547 -2.00000 8.90000 1.9895675182 2.5680963220    1.990  2.411  3.7541  2.294    6  0.000  0.300     0.00     0.00     0.00     0.00     0.00 -1    -1e-30      0.00 7.361e-01 2.637e-01 1.593e-05 2.336e-05 7.084e-05 -1.000 1.636e-04 -1.258 1.987 1.275 0.282 -0.384 -0.717 -0.547 -0.549 -0.711 -1.082 -1.169 -1.288 -1.375 -1.538 -1.576 -1.797 -1.807 -1.942
0.00015547 -2.00000 8.90000 1.9895955324 2.5680975272    1.990  2.400  3.7486  2.283    6  0.000  0.300     0.00     0.00     0.00     0.00     0.00 -1    -1e-30      0.00 7.361e-01 2.637e-01 1.593e-05 2.336e-05 7.084e-05 -1.000 1.637e-04 -1.230 2.086 1.417 0.378 -0.322 -0.669 -0.484 -0.488 -0.656 -1.041 -1.131 -1.254 -1.343 -1.511 -1.550 -1.777 -1.787 -1.927
0.00015547 -2.00000 8.90000 1.9896332026 2.5680991477    1.990  2.384  3.7416  2.272    6  0.000  0.300     0.00     0.00     0.00     0.00     0.00 -1    -1e-30      0.00 7.361e-01 2.637e-01 1.593e-05 2.336e-05 7.084e-05 -1.000 1.637e-04 -1.189 2.216 1.618 0.515 -0.232 -0.599 -0.397 -0.404 -0.580 -0.983 -1.077 -1.205 -1.296 -1.470 -1.511 -1.746 -1.756 -1.902
0.00015547 -2.00000 8.90000 1.9896388054 2.5680993887    1.990  2.380  3.7406  2.271    6  0.000  0.300     0.00     0.00     0.00     0.00     0.00 -1    -1e-30      0.00 7.361e-01 2.637e-01 1.593e-05 2.336e-05 7.084e-05 -1.000 1.637e-04 -1.181 2.237 1.650 0.537 -0.216 -0.586 -0.382 -0.390 -0.567 -0.973 -1.067 -1.195 -1.287 -1.462 -1.503 -1.739 -1.750 -1.897
0.00015547 -2.00000 8.90000 1.9896485806 2.5680998092    1.990  2.378  3.7388  2.266    6  0.000  0.300     0.00     0.00     0.00     0.00     0.00 -1    -1e-30      0.00 7.361e-01 2.637e-01 1.593e-05 2.336e-05 7.084e-05 -1.000 1.637e-04 -1.175 2.267 1.710 0.577 -0.192 -0.568 -0.363 -0.372 -0.552 -0.963 -1.057 -1.187 -1.280 -1.456 -1.498 -1.736 -1.746 -1.895
0.00015547 -2.00000 8.90000 1.9896898270 2.5681015835    1.990  2.383  3.7311  2.231    7  0.000  0.300     0.00     0.00     0.00     0.00     0.00 -1    -1e-30      0.00 7.361e-01 2.637e-01 1.593e-05 2.336e-05 7.084e-05 -1.000 1.637e-04 -1.187 2.357 1.946 0.722 -0.117 -0.518 -0.317 -0.335 -0.524 -0.957 -1.055 -1.190 -1.286 -1.469 -1.512 -1.759 -1.770 -1.926
0.00015547 -2.00000 8.90000 1.9897295237 2.5681032910    1.990  2.413  3.7244  2.174    7  0.000  0.300     0.00     0.00     0.00     0.00     0.00 -1    -1e-30      0.00 7.361e-01 2.637e-01 1.593e-05 2.336e-05 7.084e-05 -1.000 1.637e-04 -1.262 2.364 2.114 0.803 -0.105 -0.529 -0.339 -0.365 -0.564 -1.016 -1.117 -1.257 -1.356 -1.544 -1.589 -1.843 -1.855 -2.017
0.00015547 -2.00000 8.90000 1.9897611141 2.5681046498    1.990  2.440  3.7218  2.136    7  0.000  0.300     0.00     0.00     0.00     0.00     0.00 -1    -1e-30      0.00 7.361e-01 2.637e-01 1.593e-05 2.336e-05 7.084e-05 -1.000 1.637e-04 -1.331 2.326 2.144 0.797 -0.137 -0.570 -0.387 -0.417 -0.620 -1.079 -1.182 -1.323 -1.423 -1.613 -1.659 -1.915 -1.928 -2.092
0.00015547 -2.00000 8.90000 1.9902441502 2.5681254203    1.990  2.464  3.7197  2.104    7  0.000  0.300     0.00     0.00     0.00     0.00     0.00 -1    -1e-30      0.00 7.361e-01 2.637e-01 1.593e-05 2.336e-05 7.085e-05 -1.000 1.637e-04 -1.389 2.294 2.171 0.794 -0.164 -0.604 -0.427 -0.460 -0.666 -1.132 -1.235 -1.379 -1.479 -1.671 -1.717 -1.976 -1.988 -2.155
0.00015547 -2.00000 8.90000 1.9906293154 2.5681419740    1.991  2.488  3.7172  2.070    7  0.000  0.300     0.00     0.00     0.00     0.00     0.00 -1    -1e-30      0.00 7.361e-01 2.637e-01 1.593e-05 2.336e-05 7.085e-05 -1.000 1.637e-04 -1.450 2.259 2.214 0.801 -0.186 -0.635 -0.466 -0.503 -0.713 -1.186 -1.291 -1.436 -1.538 -1.732 -1.778 -2.040 -2.053 -2.222
0.00015547 -2.00000 8.90000 1.9908175468 2.5681500612    1.991  2.522  3.7147  2.026    7  0.000  0.300     3.37     2.61     1.95     1.44     1.17  4    -1e-30      0.00 7.361e-01 2.637e-01 1.593e-05 2.336e-05 7.085e-05 -1.000 1.637e-04 -1.534 2.202 2.242 0.790 -0.228 -0.687 -0.526 -0.568 -0.783 -1.264 -1.370 -1.517 -1.619 -1.816 -1.863 -2.128 -2.141 -2.312
0.00015547 -2.00000 8.90000 1.9910691977 2.5681608703    1.991  2.567  3.7118  1.969    7  0.000  0.300     3.77     2.89     2.15     1.59     1.30  4    -1e-30      0.00 7.361e-01 2.637e-01 1.593e-05 2.335e-05 7.085e-05 -1.000 1.703e-04 -1.647 2.122 2.267 0.768 -0.288 -0.758 -0.612 -0.659 -0.878 -1.369 -1.476 -1.626 -1.730 -1.928 -1.976 -2.244 -2.257 -2.432
0.00015547 -2.00000 8.90000 1.9913159609 2.5681714665    1.992  2.607  3.7094  1.920    7  0.000  0.300     4.16     3.16     2.35     1.74     1.42  4    -1e-30      0.00 7.361e-01 2.637e-01 1.593e-05 2.335e-05 7.085e-05 -1.000 1.934e-04 -1.747 2.049 2.293 0.752 -0.340 -0.820 -0.687 -0.740 -0.964 -1.463 -1.571 -1.723 -1.827 -2.028 -2.077 -2.347 -2.361 -2.538
0.00015547 -2.00000 8.90000 1.9915740490 2.5681825458    1.992  2.648  3.7071  1.870    7  0.000  0.300     4.60     3.45     2.56     1.90     1.54  4    -1e-30      0.00 7.361e-01 2.637e-01 1.591e-05 2.336e-05 7.085e-05 -1.000 1.836e-04 -1.849 1.970 2.317 0.734 -0.393 -0.883 -0.765 -0.823 -1.051 -1.558 -1.668 -1.821 -1.927 -2.130 -2.179 -2.452 -2.466 -2.645
0.00015547 -2.00000 8.90000 1.9918203354 2.5681931153    1.992  2.688  3.7049  1.821    7  0.000  0.298     5.07     3.78     2.78     2.07     1.68  4    -1e-30      0.00 7.361e-01 2.637e-01 1.583e-05 2.341e-05 7.085e-05 -1.000 1.674e-04 -1.950 1.890 2.340 0.716 -0.446 -0.946 -0.842 -0.906 -1.138 -1.653 -1.764 -1.919 -2.026 -2.230 -2.280 -2.556 -2.570 -2.751
0.00015547 -2.00000 8.90000 1.9920514822 2.5682030324    1.992  2.729  3.7028  1.772    7  0.000  0.293     5.59     4.13     3.03     2.26     1.84  4    -1e-30      0.00 7.361e-01 2.637e-01 1.562e-05 2.364e-05 7.086e-05 -1.000 1.638e-04 -2.052 1.810 2.360 0.697 -0.501 -1.010 -0.920 -0.989 -1.225 -1.748 -1.860 -2.017 -2.125 -2.331 -2.382 -2.660 -2.674 -2.858
0.00015547 -2.00000 8.90000 1.9922674894 2.5682122976    1.992  2.770  3.7007  1.723    7  0.000  0.288     6.17     4.51     3.30     2.46     2.00  4    -1e-30      0.00 7.361e-01 2.637e-01 1.533e-05 2.398e-05 7.086e-05 -1.000 1.638e-04 -2.154 1.728 2.377 0.675 -0.557 -1.075 -0.999 -1.073 -1.314 -1.844 -1.957 -2.116 -2.225 -2.433 -2.484 -2.765 -2.779 -2.965
0.00015547 -2.00000 8.90000 1.9924660921 2.5682208142    1.993  2.811  3.6986  1.673    7  0.000  0.283     6.81     4.94     3.60     2.68     2.18  4    -1e-30      0.00 7.361e-01 2.637e-01 1.507e-05 2.430e-05 7.086e-05 -1.000 1.637e-04 -2.257 1.644 2.402 0.658 -0.610 -1.137 -1.076 -1.156 -1.401 -1.940 -2.054 -2.215 -2.324 -2.535 -2.586 -2.870 -2.885 -3.072
0.00015547 -2.00000 8.90000 1.9926456213 2.5682285111    1.993  2.852  3.6964  1.624    7  0.000  0.279     7.51     5.40     3.92     2.93     2.38  4    -1e-30      0.00 7.361e-01 2.637e-01 1.484e-05 2.458e-05 7.085e-05 -1.000 1.637e-04 -2.359 1.559 2.427 0.644 -0.661 -1.198 -1.152 -1.238 -1.488 -2.035 -2.150 -2.312 -2.423 -2.636 -2.688 -2.974 -2.989 -3.179
0.00015547 -2.00000 8.90000 1.9928072691 2.5682354401    1.993  2.893  3.6943  1.574    7  0.000  0.275     8.30     5.91     4.27     3.19     2.60  4    -1e-30      0.00 7.361e-01 2.637e-01 1.466e-05 2.481e-05 7.083e-05 -1.000 1.707e-04 -2.462 1.474 2.453 0.630 -0.713 -1.259 -1.228 -1.320 -1.575 -2.130 -2.247 -2.411 -2.523 -2.737 -2.790 -3.079 -3.094 -3.286
0.00015547 -2.00000 8.90000 1.9929527044 2.5682416731    1.993  2.934  3.6921  1.524    7  0.000  0.273     9.15     6.46     4.65     3.48     2.84  4    -1e-30      0.00 7.361e-01 2.637e-01 1.451e-05 2.501e-05 7.080e-05 -1.000 1.976e-04 -2.564 1.389 2.481 0.617 -0.764 -1.319 -1.303 -1.401 -1.661 -2.225 -2.342 -2.508 -2.621 -2.838 -2.891 -3.182 -3.198 -3.393
0.00015547 -2.00000 8.90000 1.9930857420 2.5682473738    1.993  2.974  3.6900  1.475    7  0.000  0.271    10.10     7.06     5.06     3.79     3.09  4    -1e-30      0.00 7.360e-01 2.638e-01 1.440e-05 2.521e-05 7.071e-05 -1.000 1.831e-04 -2.666 1.304 2.508 0.605 -0.815 -1.379 -1.378 -1.482 -1.746 -2.319 -2.438 -2.606 -2.720 -2.939 -2.992 -3.286 -3.302 -3.499
0.00015547 -2.00000 8.90000 1.9932092428 2.5682526650    1.993  3.015  3.6878  1.425    7  0.000  0.270    11.15     7.72     5.51     4.14     3.38  4    -1e-30      0.00 7.360e-01 2.638e-01 1.430e-05 2.545e-05 7.057e-05 -1.000 1.668e-04 -2.769 1.218 2.551 0.608 -0.856 -1.431 -1.448 -1.559 -1.830 -2.412 -2.532 -2.703 -2.817 -3.038 -3.093 -3.390 -3.406 -3.605
0.00015547 -2.00000 8.90000 1.9933230877 2.5682575419    1.994  3.056  3.6856  1.376    7  0.000  0.269    12.30     8.45     6.01     4.52     3.68  4    -1e-30      0.00 7.360e-01 2.638e-01 1.422e-05 2.574e-05 7.035e-05 -1.000 1.636e-04 -2.871 1.131 2.588 0.609 -0.899 -1.483 -1.518 -1.637 -1.913 -2.505 -2.627 -2.799 -2.915 -3.138 -3.193 -3.493 -3.510 -3.712
0.00015547 -2.00000 8.90000 1.9934284687 2.5682620557    1.994  3.097  3.6834  1.326    7  0.000  0.269    13.58     9.24     6.54     4.93     4.02  4    -1e-30      0.00 7.360e-01 2.639e-01 1.415e-05 2.605e-05 7.010e-05 -1.000 1.637e-04 -2.973 1.046 2.598 0.646 -0.907 -1.503 -1.571 -1.703 -1.990 -2.599 -2.722 -2.897 -3.015 -3.241 -3.297 -3.599 -3.616 -3.820
0.00015547 -2.00000 8.90000 1.9935258627 2.5682662268    1.994  3.138  3.6812  1.276    7  0.000  0.268    15.00    10.11     7.13     5.38     4.39  4    -1e-30      0.00 7.359e-01 2.639e-01 1.409e-05 2.634e-05 6.984e-05 -1.000 1.637e-04 -3.075 0.962 2.617 0.691 -0.908 -1.516 -1.618 -1.766 -2.064 -2.691 -2.817 -2.995 -3.115 -3.343 -3.400 -3.706 -3.722 -3.929
0.00015547 -2.00000 8.90000 1.9936161041 2.5682700912    1.994  3.179  3.6790  1.227    7  0.000  0.268    16.55    11.06     7.77     5.87     4.79  4    -1e-30      0.00 7.358e-01 2.640e-01 1.404e-05 2.661e-05 6.961e-05 -1.000 1.636e-04 -3.177 0.877 2.638 0.741 -0.907 -1.526 -1.663 -1.827 -2.137 -2.782 -2.911 -3.092 -3.213 -3.445 -3.502 -3.811 -3.828 -4.037
0.00015547 -2.00000 8.90000 1.9937005043 2.5682737051    1.994  3.219  3.6766  1.177    7  0.000  0.268    18.28    12.11     8.47     6.40     5.23  4    -1e-30      0.00 7.357e-01 2.641e-01 1.400e-05 2.684e-05 6.940e-05 -1.000 1.636e-04 -3.279 0.794 2.672 0.809 -0.892 -1.522 -1.697 -1.880 -2.204 -2.871 -3.002 -3.187 -3.311 -3.546 -3.604 -3.916 -3.934 -4.146
0.00015547 -2.00000 8.90000 1.9937796593 2.5682770941    1.994  3.260  3.6744  1.127    7  0.000  0.268    20.18    13.24     9.23     6.98     5.70  3    -1e-30      0.00 7.357e-01 2.642e-01 1.396e-05 2.704e-05 6.923e-05 -1.000 1.637e-04 -3.380 0.711 2.708 0.878 -0.877 -1.516 -1.730 -1.931 -2.270 -2.959 -3.093 -3.282 -3.408 -3.647 -3.705 -4.021 -4.039 -4.254
0.00015547 -2.00000 8.90000 1.9938539267 2.5682802736    1.994  3.301  3.6720  1.077    7  0.000  0.268    22.29    14.49    10.06     7.62     6.23  3    -1e-30      0.00 7.356e-01 2.642e-01 1.393e-05 2.722e-05 6.908e-05 -1.000 1.637e-04 -3.481 0.629 2.758 0.964 -0.849 -1.497 -1.753 -1.975 -2.331 -3.044 -3.182 -3.376 -3.504 -3.747 -3.806 -4.126 -4.145 -4.362
0.00015547 -2.00000 8.90000 1.9939243793 2.5682832894    1.994  3.341  3.6697  1.028    7  0.000  0.268    24.60    15.85    10.96     8.32     6.79  3    -1e-30      0.00 7.355e-01 2.643e-01 1.391e-05 2.737e-05 6.894e-05 -1.000 1.636e-04 -3.582 0.548 2.812 1.055 -0.816 -1.474 -1.771 -2.015 -2.389 -3.128 -3.270 -3.468 -3.599 -3.846 -3.906 -4.231 -4.249 -4.470
0.00015547 -2.00000 8.90000 1.9939916134 2.5682861673    1.994  3.381  3.6673  0.978    7  0.000  0.268    27.15    17.34    11.93     9.07     7.41  3    -1e-30      0.00 7.354e-01 2.644e-01 1.388e-05 2.750e-05 6.883e-05 -1.000 1.637e-04 -3.682 0.467 2.871 1.161 -0.771 -1.437 -1.779 -2.046 -2.440 -3.209 -3.355 -3.558 -3.692 -3.943 -4.005 -4.334 -4.353 -4.576
0.00015547 -2.00000 8.90000 1.9940570593 2.5682889684    1.994  3.420  3.6649  0.929    7  0.000  0.268    29.94    18.95    12.99     9.89     8.08  3    -1e-30      0.00 7.353e-01 2.645e-01 1.386e-05 2.761e-05 6.873e-05 -1.000 1.636e-04 -3.781 0.387 2.935 1.276 -0.717 -1.390 -1.775 -2.068 -2.484 -3.285 -3.436 -3.645 -3.782 -4.039 -4.102 -4.436 -4.455 -4.682
0.00015547 -2.00000 8.90000 1.9941217899 2.5682917387    1.994  3.459  3.6625  0.881    7  0.000  0.268    32.94    20.66    14.11    10.75     8.79  3    -1e-30      0.00 7.352e-01 2.647e-01 1.385e-05 2.770e-05 6.865e-05 -1.000 1.636e-04 -3.877 0.311 3.003 1.398 -0.655 -1.336 -1.762 -2.082 -2.522 -3.357 -3.513 -3.728 -3.869 -4.132 -4.196 -4.536 -4.555 -4.786
0.00015547 -2.00000 8.90000 1.9941874743 2.5682945497    1.994  3.493  3.6603  0.837    7  0.000  0.268    35.93    22.36    15.22    11.61     9.49  3    -1e-30      0.00 7.351e-01 2.648e-01 1.383e-05 2.778e-05 6.858e-05 -1.000 1.637e-04 -3.964 0.242 3.074 1.520 -0.590 -1.277 -1.740 -2.086 -2.550 -3.420 -3.580 -3.802 -3.946 -4.216 -4.280 -4.626 -4.646 -4.880
0.00015547 -2.00000 8.90000 1.9942924976 2.5682990436    1.995  3.546  3.6570  0.772    7  0.000  0.268    40.95    25.19    17.05    13.03    10.65  2    -1e-30      0.00 7.350e-01 2.649e-01 1.382e-05 2.784e-05 6.853e-05 -1.000 1.638e-04 -4.095 0.136 3.171 1.678 -0.514 -1.210 -1.720 -2.099 -2.596 -3.513 -3.680 -3.912 -4.060 -4.338 -4.405 -4.758 -4.779 -5.019
0.00015547 -2.00000 8.90000 1.9943645000 2.5683021243    1.995  3.592  3.6539  0.714    7  0.000  0.268    45.94    27.96    18.83    14.42    11.79  2    -1e-30      0.00 7.349e-01 2.649e-01 1.382e-05 2.786e-05 6.852e-05 -1.000 1.688e-04 -4.209 0.041 3.261 1.768 -0.492 -1.197 -1.732 -2.131 -2.649 -3.597 -3.768 -4.006 -4.158 -4.442 -4.510 -4.871 -4.892 -5.137
0.00015547 -2.00000 8.90000 1.9944202900 2.5683045111    1.995  3.634  3.6511  0.661    7  0.000  0.268    51.07    30.78    20.65    15.83    12.95  2    -1e-30      0.00 7.349e-01 2.649e-01 1.381e-05 2.786e-05 6.852e-05 -1.000 1.637e-04 -4.314 -0.045 3.347 1.857 -0.467 -1.181 -1.739 -2.156 -2.694 -3.671 -3.847 -4.092 -4.246 -4.536 -4.606 -4.973 -4.995 -5.245
0.00015547 -2.00000 8.90000 1.9945038557 2.5683080859    1.995  3.691  3.6472  0.588    7  0.000  0.268    59.06    35.12    23.42    17.99    14.72  2    -1e-30      0.00 7.349e-01 2.649e-01 1.381e-05 2.786e-05 6.852e-05 -1.000 1.637e-04 -4.458 -0.164 3.444 1.975 -0.435 -1.160 -1.746 -2.189 -2.754 -3.772 -3.952 -4.207 -4.365 -4.664 -4.737 -5.113 -5.135 -5.391
0.00015547 -2.00000 8.90000 1.9945098162 2.5683083409    1.995  3.723  3.6451  0.547    7  0.000  0.268    64.02    37.79    25.12    19.31    15.80  2    -1e-30      0.00 7.349e-01 2.649e-01 1.381e-05 2.786e-05 6.852e-05 -1.000 1.637e-04 -4.537 -0.230 3.491 2.039 -0.418 -1.149 -1.749 -2.205 -2.786 -3.826 -4.010 -4.270 -4.431 -4.735 -4.808 -5.190 -5.213 -5.473
0.00015547 -2.00000 8.90000 1.9945119619 2.5683084327    1.995  3.732  3.6444  0.536    7  0.627  0.268    65.49    38.58    25.62    19.70    16.13  2    -1e-30      0.00 7.349e-01 2.649e-01 1.381e-05 2.786e-05 6.852e-05 -1.000 1.637e-04 -4.560 -0.248 3.505 2.059 -0.412 -1.145 -1.749 -2.209 -2.794 -3.841 -4.026 -4.288 -4.449 -4.754 -4.828 -5.211 -5.234 -5.495
0.00015547 -2.00000 8.90000 1.9945161343 2.5683086112    1.995  3.741  3.6438  0.524    7  0.638  0.268    67.07    39.42    26.15    20.12    16.47  2    -1e-30      0.00 7.349e-01 2.649e-01 1.381e-05 2.786e-05 6.852e-05 -1.000 1.637e-04 -4.583 -0.267 3.518 2.079 -0.407 -1.141 -1.748 -2.213 -2.802 -3.857 -4.043 -4.306 -4.468 -4.775 -4.849 -5.234 -5.257 -5.519
0.00015547 -2.00000 8.90000 1.9945170879 2.5683086520    1.995  3.741  3.6420  0.517    8  0.638  0.283    68.00    39.93    26.47    20.37    16.67  2 -9.47e-07      0.00 7.349e-01 2.649e-01 1.475e-05 2.787e-05 6.943e-05 -1.000 1.544e-04 -4.583 -0.258 3.595 2.166 -0.350 -1.088 -1.701 -2.173 -2.772 -3.840 -4.027 -4.294 -4.457 -4.767 -4.842 -5.230 -5.254 -5.519
0.00015547 -2.00000 8.90000 1.9945180416 2.5683086928    1.994  3.789  3.6389  0.457    8  0.638  0.283    76.62    44.50    29.36    22.63    18.52  2 -1.17e-06      0.00 7.349e-01 2.649e-01 1.475e-05 2.787e-05 6.943e-05 -1.000 1.544e-04 -4.701 -0.355 3.648 2.261 -0.328 -1.075 -1.696 -2.187 -2.810 -3.915 -4.108 -4.384 -4.550 -4.869 -4.946 -5.343 -5.367 -5.639
0.00015547 -2.00000 8.90000 1.9945183992 2.5683087081    1.993  3.752  3.6414  0.503    8  0.639  0.283    69.89    40.93    27.11    20.87    17.08  2 -9.96e-07      0.00 7.349e-01 2.649e-01 1.475e-05 2.787e-05 6.943e-05 -1.000 1.544e-04 -4.611 -0.281 3.605 2.184 -0.347 -1.087 -1.704 -2.180 -2.784 -3.859 -4.048 -4.316 -4.480 -4.792 -4.867 -5.257 -5.281 -5.547
0.00015547 -2.00000 8.90000 1.9945203066 2.5683087897    1.991  3.575  3.6537  0.729    8  0.639  0.283    44.58    27.21    18.35    14.04    11.48  2 -4.79e-07      0.00 7.349e-01 2.649e-01 1.475e-05 2.787e-05 6.943e-05 -1.000 1.544e-04 -4.168 0.083 3.299 1.803 -0.456 -1.162 -1.694 -2.092 -2.609 -3.555 -3.726 -3.964 -4.116 -4.400 -4.468 -4.828 -4.850 -5.095
0.00015547 -2.00000 8.90000 1.9945232868 2.5683089171    1.988  3.461  3.6615  0.873    8  0.639  0.283    33.41    20.94    14.29    10.89     8.90  3  -3.1e-07      0.00 7.349e-01 2.649e-01 1.475e-05 2.787e-05 6.943e-05 -1.000 1.544e-04 -3.883 0.311 3.053 1.468 -0.606 -1.289 -1.729 -2.058 -2.507 -3.355 -3.512 -3.730 -3.872 -4.137 -4.201 -4.543 -4.563 -4.795
0.00015547 -2.00000 8.90000 1.9945273399 2.5683090905    1.983  3.486  3.6597  0.840    8  0.639  0.283    35.64    22.20    15.11    11.53     9.42  3  -3.4e-07      0.00 7.349e-01 2.649e-01 1.475e-05 2.787e-05 6.943e-05 -1.000 1.544e-04 -3.944 0.266 3.119 1.579 -0.542 -1.230 -1.700 -2.050 -2.519 -3.395 -3.556 -3.780 -3.924 -4.194 -4.260 -4.606 -4.626 -4.861
0.00015547 -2.00000 8.90000 1.9945324659 2.5683093098    1.977  3.575  3.6533  0.724    8  0.639  0.283    44.85    27.37    18.45    14.12    11.55  2 -4.81e-07      0.00 7.349e-01 2.649e-01 1.475e-05 2.787e-05 6.943e-05 -1.000 1.544e-04 -4.167 0.087 3.325 1.829 -0.439 -1.145 -1.680 -2.080 -2.600 -3.550 -3.721 -3.960 -4.112 -4.397 -4.465 -4.827 -4.848 -5.094
0.00015547 -2.00000 8.90000 1.9945389032 2.5683095851    1.970  3.665  3.6468  0.607    8  0.640  0.283    56.64    33.83    22.59    17.35    14.19  2 -6.96e-07      0.00 7.349e-01 2.649e-01 1.475e-05 2.787e-05 6.943e-05 -1.000 1.544e-04 -4.392 -0.097 3.511 2.038 -0.373 -1.099 -1.683 -2.124 -2.688 -3.705 -3.885 -4.140 -4.298 -4.597 -4.669 -5.045 -5.068 -5.324
0.00015547 -2.00000 8.90000 1.9945465326 2.5683099115    1.961  3.728  3.6421  0.523    8  0.640  0.283    66.83    39.31    26.07    20.07    16.43  2 -9.12e-07      0.00 7.349e-01 2.649e-01 1.475e-05 2.787e-05 6.943e-05 -1.000 1.543e-04 -4.550 -0.224 3.623 2.192 -0.322 -1.060 -1.672 -2.143 -2.741 -3.807 -3.995 -4.261 -4.424 -4.733 -4.809 -5.197 -5.220 -5.485
0.00015547 -2.00000 8.90000 1.9945554733 2.5683102939    1.951  3.763  3.6393  0.474    8  0.640  0.283    73.51    42.87    28.32    21.83    17.87  2 -1.07e-06      0.00 7.349e-01 2.649e-01 1.475e-05 2.787e-05 6.943e-05 -1.000 1.543e-04 -4.638 -0.294 3.685 2.288 -0.288 -1.034 -1.655 -2.143 -2.761 -3.859 -4.051 -4.325 -4.490 -4.807 -4.884 -5.280 -5.304 -5.574
0.00015547 -2.00000 8.90000 1.9945657253 2.5683107324    1.939  3.781  3.6376  0.447    8  0.641  0.283    77.54    45.00    29.65    22.88    18.73  2 -1.16e-06      0.00 7.349e-01 2.649e-01 1.475e-05 2.787e-05 6.943e-05 -1.000 1.543e-04 -4.683 -0.329 3.719 2.348 -0.265 -1.016 -1.638 -2.134 -2.765 -3.882 -4.076 -4.355 -4.522 -4.844 -4.922 -5.322 -5.346 -5.620
0.00015547 -2.00000 8.90000 1.9945774078 2.5683112321    1.926  3.794  3.6363  0.426    8  0.641  0.283    80.60    46.61    30.66    23.68    19.38  2 -1.24e-06      0.00 7.349e-01 2.649e-01 1.475e-05 2.787e-05 6.943e-05 -1.000 1.543e-04 -4.714 -0.351 3.748 2.398 -0.244 -0.997 -1.620 -2.124 -2.764 -3.894 -4.090 -4.373 -4.542 -4.867 -4.946 -5.350 -5.374 -5.651
0.00015547 -2.00000 8.90000 1.9945777655 2.5683112474    1.925  3.914  3.6279  0.272    8  0.641  0.291   109.68    61.62    40.03    31.04    25.43  2 -2.14e-06      0.00 7.349e-01 2.649e-01 1.517e-05 2.787e-05 6.947e-05 -1.000 1.548e-04 -5.016 -0.593 3.826 2.645 -0.194 -0.966 -1.577 -2.126 -2.830 -4.065 -4.274 -4.586 -4.763 -5.114 -5.200 -5.630 -5.657 -5.953
0.00015547 -2.00000 8.90000 1.9945790768 2.5683113035    1.923  3.809  3.6351  0.405    8  0.642  0.321    83.99    48.38    31.77    24.55    20.10  2 -1.33e-06      0.00 7.349e-01 2.649e-01 1.677e-05 2.787e-05 6.963e-05 -1.000 1.565e-04 -4.753 -0.382 3.766 2.436 -0.232 -0.989 -1.612 -2.122 -2.771 -3.916 -4.113 -4.400 -4.570 -4.899 -4.978 -5.386 -5.410 -5.690
0.00015547 -2.00000 8.90000 1.9945816994 2.5683114157    1.919  3.633  3.6473  0.629    8  0.642  0.376    53.75    32.29    21.59    16.59    13.56  2 -6.26e-07      0.00 7.349e-01 2.649e-01 1.973e-05 2.787e-05 6.992e-05 -1.000 1.597e-04 -4.313 -0.022 3.547 2.068 -0.328 -1.052 -1.630 -2.067 -2.626 -3.634 -3.813 -4.066 -4.223 -4.520 -4.592 -4.967 -4.989 -5.245
0.00015547 -2.00000 8.90000 1.9945855141 2.5683115789    1.914  3.519  3.6551  0.774    8  0.642  0.457    40.21    24.82    16.80    12.85    10.51  2 -3.97e-07      0.00 7.348e-01 2.650e-01 2.413e-05 2.787e-05 7.037e-05 -1.000 1.647e-04 -4.026 0.215 3.327 1.829 -0.393 -1.094 -1.611 -1.997 -2.502 -3.430 -3.598 -3.833 -3.982 -4.263 -4.330 -4.687 -4.708 -4.950
0.00015547 -2.00000 8.90000 1.9945908785 2.5683118083    1.906  3.543  3.6531  0.739    8  0.642  0.562    42.99    26.38    17.80    13.64    11.15  2 -4.38e-07      0.00 7.348e-01 2.650e-01 2.992e-05 2.787e-05 7.096e-05 -1.000 1.710e-04 -4.088 0.166 3.396 1.898 -0.368 -1.075 -1.607 -2.005 -2.523 -3.471 -3.642 -3.881 -4.033 -4.317 -4.386 -4.747 -4.768 -5.014
0.00015547 -2.00000 8.90000 1.9945976734 2.5683120990    1.895  3.631  3.6466  0.623    8  0.643  0.687    54.15    32.52    21.73    16.70    13.66  2 -6.26e-07      0.00 7.347e-01 2.651e-01 3.698e-05 2.787e-05 7.171e-05 -1.000 1.788e-04 -4.307 -0.012 3.587 2.112 -0.297 -1.023 -1.605 -2.044 -2.607 -3.621 -3.801 -4.055 -4.213 -4.511 -4.583 -4.960 -4.982 -5.239
0.00015547 -2.00000 8.90000 1.9946061373 2.5683124610    1.883  3.719  3.6398  0.505    8  0.643  0.828    68.37    40.16    26.59    20.50    16.77  2 -9.13e-07      0.00 7.346e-01 2.652e-01 4.510e-05 2.787e-05 7.261e-05 -1.000 1.879e-04 -4.527 -0.189 3.749 2.336 -0.220 -0.964 -1.583 -2.065 -2.676 -3.761 -3.951 -4.222 -4.387 -4.701 -4.777 -5.170 -5.194 -5.462
0.00015547 -2.00000 8.90000 1.9946161509 2.5683128893    1.868  3.780  3.6349  0.421    8  0.643  0.977    80.75    46.69    30.70    23.73    19.42  2  -1.2e-06      0.00 7.345e-01 2.653e-01 5.396e-05 2.786e-05 7.364e-05 -1.000 1.977e-04 -4.680 -0.309 3.834 2.500 -0.166 -0.923 -1.547 -2.056 -2.703 -3.845 -4.042 -4.328 -4.497 -4.825 -4.905 -5.312 -5.337 -5.616
0.00015547 -2.00000 8.90000 1.9946279526 2.5683133940    1.851  3.814  3.6317  0.370    8  0.644  1.126    89.10    51.03    33.41    25.87    21.17  2 -1.41e-06      0.00 7.344e-01 2.654e-01 6.317e-05 2.786e-05 7.479e-05  5.904 2.082e-04 -4.765 -0.429 4.061 2.872 -0.421 -1.310 -1.946 -2.502 -3.085 -4.118 -4.292 -4.526 -4.689 -4.939 -5.010 -5.356 -5.373 -5.649
0.00015547 -2.00000 8.90000 1.9946415424 2.5683139753    1.831  3.831  3.6296  0.340    8  0.645  1.266    94.42    53.77    35.11    27.22    22.28  2 -1.54e-06      0.00 7.343e-01 2.655e-01 7.220e-05 2.786e-05 7.605e-05  6.236 2.184e-04 -4.808 -0.462 4.064 2.914 -0.401 -1.291 -1.942 -2.508 -3.100 -4.144 -4.320 -4.556 -4.720 -4.972 -5.044 -5.394 -5.411 -5.691
0.00015547 -2.00000 8.90000 1.9946568012 2.5683146279    1.809  3.843  3.6279  0.316    8  0.646  1.386    98.72    55.97    36.47    28.30    23.17  2 -1.65e-06      0.00 7.342e-01 2.656e-01 8.045e-05 2.786e-05 7.738e-05  6.406 2.280e-04 -4.837 -0.481 4.069 2.953 -0.379 -1.268 -1.931 -2.506 -3.105 -4.158 -4.335 -4.573 -4.738 -4.992 -5.064 -5.418 -5.435 -5.719
0.00015547 -2.00000 8.90000 1.9946572781 2.5683146483    1.808  3.970  3.6184  0.151    8  0.646  1.920   137.34    75.40    48.47    37.78    30.95  1 -2.96e-06      0.00 7.340e-01 2.657e-01 1.136e-04 2.786e-05 7.888e-05  6.791 2.628e-04 -5.154 -0.743 3.938 3.021 -0.392 -1.277 -2.006 -2.634 -3.279 -4.386 -4.570 -4.820 -4.990 -5.254 -5.332 -5.704 -5.722 -6.027
0.00015547 -2.00000 8.90000 1.9946588278 2.5683147146    1.804  3.865  3.6260  0.286    8  0.646  2.190   104.78    59.06    38.39    29.82    24.41  2 -1.82e-06      0.00 7.339e-01 2.658e-01 1.307e-04 2.785e-05 7.960e-05  6.907 2.806e-04 -4.891 -0.524 4.052 2.974 -0.375 -1.264 -1.940 -2.525 -3.133 -4.195 -4.373 -4.613 -4.780 -5.035 -5.109 -5.466 -5.483 -5.771
0.00015547 -2.00000 8.90000 1.9946619272 2.5683148471    1.798  3.691  3.6387  0.509    8  0.646  2.669    66.99    39.45    26.11    20.16    16.49  2 -8.48e-07      0.00 7.337e-01 2.660e-01 1.619e-04 2.785e-05 8.091e-05  7.061 3.134e-04 -4.457 -0.160 4.184 2.845 -0.357 -1.243 -1.816 -2.329 -2.879 -3.870 -4.038 -4.264 -4.423 -4.666 -4.733 -5.067 -5.082 -5.344
0.00015547 -2.00000 8.90000 1.9946665764 2.5683150460    1.788  3.575  3.6470  0.655    8  0.646  3.322    49.88    30.24    20.25    15.58    12.73  2 -5.28e-07      0.00 7.335e-01 2.662e-01 2.063e-04 2.784e-05 8.282e-05  7.214 3.599e-04 -4.168 0.119 4.359 2.943 -0.196 -1.079 -1.601 -2.091 -2.624 -3.596 -3.762 -3.984 -4.141 -4.381 -4.447 -4.777 -4.792 -5.051
0.00015547 -2.00000 8.90000 1.9946730137 2.5683153213    1.775  3.601  3.6445  0.616    8  0.646  4.083    53.76    32.36    21.60    16.64    13.60  2 -5.89e-07      0.00 7.332e-01 2.664e-01 2.611e-04 2.783e-05 8.524e-05  7.350 4.173e-04 -4.232 0.056 4.304 2.899 -0.243 -1.126 -1.655 -2.147 -2.683 -3.659 -3.826 -4.048 -4.205 -4.446 -4.511 -4.842 -4.857 -5.116
0.00015547 -2.00000 8.90000 1.9946812391 2.5683156731    1.758  3.688  3.6371  0.496    8  0.647  4.865    68.32    40.16    26.55    20.52    16.78  2 -8.53e-07      0.00 7.328e-01 2.667e-01 3.213e-04 2.782e-05 8.804e-05  7.463 4.806e-04 -4.449 -0.145 4.197 2.866 -0.329 -1.215 -1.787 -2.301 -2.854 -3.852 -4.021 -4.247 -4.407 -4.650 -4.717 -5.053 -5.069 -5.334
0.00015547 -2.00000 8.90000 1.9946913719 2.5683161064    1.737  3.774  3.6293  0.373    8  0.647  5.565    87.06    49.96    32.69    25.36    20.75  2 -1.25e-06      0.00 7.324e-01 2.670e-01 3.798e-04 2.780e-05 9.099e-05  7.549 5.423e-04 -4.665 -0.319 4.162 2.967 -0.309 -1.197 -1.826 -2.380 -2.966 -4.005 -4.179 -4.414 -4.577 -4.827 -4.899 -5.248 -5.264 -5.546
0.00015547 -2.00000 8.90000 1.9947034121 2.5683166214    1.713  3.834  3.6232  0.283    8  0.648  6.069   104.04    58.62    38.07    29.62    24.24  1 -1.66e-06      0.00 7.321e-01 2.673e-01 4.271e-04 2.779e-05 9.383e-05  7.609 5.926e-04 -4.815 -0.436 4.132 3.046 -0.282 -1.169 -1.839 -2.422 -3.033 -4.102 -4.281 -4.522 -4.688 -4.943 -5.018 -5.378 -5.396 -5.691
0.00015547 -2.00000 8.90000 1.9947174788 2.5683172230    1.685  3.868  3.6189  0.224    8  0.649  6.254   116.52    64.87    41.92    32.69    26.75  1 -1.97e-06      0.00 7.319e-01 2.675e-01 4.511e-04 2.779e-05 9.617e-05  7.635 6.190e-04 -4.899 -0.495 4.127 3.117 -0.243 -1.129 -1.823 -2.426 -3.056 -4.147 -4.329 -4.574 -4.743 -5.002 -5.080 -5.448 -5.466 -5.771
0.00015547 -2.00000 8.90000 1.9947338104 2.5683179214    1.653  3.886  3.6154  0.184    8  0.650  5.973   125.79    69.43    44.71    34.93    28.59  1 -2.17e-06      0.00 7.318e-01 2.676e-01 4.371e-04 2.779e-05 9.757e-05  7.617 6.061e-04 -4.945 -0.520 4.137 3.184 -0.193 -1.076 -1.783 -2.403 -3.048 -4.158 -4.342 -4.592 -4.763 -5.025 -5.105 -5.481 -5.499 -5.812
0.00015547 -2.00000 8.90000 1.9947521687 2.5683187065    1.618  3.899  3.6120  0.148    8  0.651  5.026   134.47    73.64    47.28    36.99    30.27  1 -2.35e-06      0.00 7.320e-01 2.674e-01 3.675e-04 2.780e-05 9.749e-05  7.525 5.358e-04 -4.977 -0.531 4.158 3.258 -0.135 -1.015 -1.734 -2.369 -3.029 -4.157 -4.343 -4.597 -4.769 -5.035 -5.118 -5.500 -5.519 -5.839
0.00015547 -2.00000 8.90000 1.9947526455 2.5683187269    1.617  4.032  3.6006 -0.031    8  0.651 12.678   193.26   101.89    64.46    50.68    41.51  0 -4.43e-06      0.07 7.282e-01 2.705e-01 1.167e-03 2.765e-05 1.227e-04  8.090 1.365e-03 -5.311 -0.662 4.120 3.510 0.129 -0.746 -1.527 -2.242 -2.980 -4.215 -4.423 -4.700 -4.882 -5.176 -5.269 -5.690 -5.714 -6.073
0.00015547 -2.00000 8.90000 1.9947543144 2.5683187983    1.612  3.927  3.6091  0.107    8  0.651 12.774   146.14    79.32    50.75    39.75    32.54  0  -2.7e-06      0.04 7.281e-01 2.705e-01 1.179e-03 2.765e-05 1.230e-04  8.095 1.377e-03 -5.048 -0.511 4.187 3.401 0.026 -0.859 -1.612 -2.273 -2.956 -4.115 -4.311 -4.571 -4.746 -5.022 -5.108 -5.503 -5.524 -5.858
0.00015547 -2.00000 8.90000 1.9947574139 2.5683189308    1.602  3.755  3.6231  0.332    8  0.651 12.943    92.65    52.74    34.37    26.77    21.89  1 -1.24e-06      0.01 7.281e-01 2.705e-01 1.200e-03 2.765e-05 1.236e-04  8.103 1.399e-03 -4.619 -0.214 4.324 3.240 -0.066 -0.958 -1.622 -2.203 -2.812 -3.880 -4.060 -4.300 -4.467 -4.722 -4.798 -5.160 -5.178 -5.475
0.00015547 -2.00000 8.90000 1.9947623014 2.5683191398    1.587  3.638  3.6323  0.482    8  0.651 13.174    68.19    40.09    26.44    20.52    16.76  1 -7.54e-07      0.01 7.280e-01 2.706e-01 1.229e-03 2.764e-05 1.244e-04  8.114 1.430e-03 -4.325 0.015 4.412 3.147 -0.080 -0.969 -1.563 -2.095 -2.663 -3.680 -3.853 -4.082 -4.243 -4.490 -4.560 -4.904 -4.921 -5.196
0.00015547 -2.00000 8.90000 1.9947688580 2.5683194202    1.567  3.663  3.6290  0.438    8  0.652 13.440    74.27    43.26    28.43    22.09    18.05  1 -8.48e-07      0.01 7.279e-01 2.706e-01 1.264e-03 2.764e-05 1.253e-04  8.127 1.466e-03 -4.388 -0.024 4.424 3.219 -0.037 -0.928 -1.545 -2.094 -2.675 -3.709 -3.885 -4.118 -4.281 -4.531 -4.603 -4.953 -4.970 -5.253
0.00015547 -2.00000 8.90000 1.9947772026 2.5683197770    1.542  3.747  3.6201  0.311    8  0.652 13.703    95.67    54.22    35.25    27.50    22.49  1 -1.24e-06      0.02 7.278e-01 2.707e-01 1.299e-03 2.764e-05 1.264e-04  8.139 1.503e-03 -4.598 -0.167 4.401 3.369 0.047 -0.846 -1.528 -2.121 -2.742 -3.822 -4.006 -4.249 -4.417 -4.675 -4.753 -5.121 -5.140 -5.444
0.00015547 -2.00000 8.90000 1.9947875738 2.5683202205    1.511  3.830  3.6107  0.182    8  0.653 13.906   123.65    68.09    43.80    34.32    28.07  0 -1.83e-06      0.04 7.277e-01 2.707e-01 1.328e-03 2.763e-05 1.273e-04  8.150 1.533e-03 -4.805 -0.281 4.385 3.544 0.183 -0.706 -1.439 -2.085 -2.753 -3.895 -4.088 -4.345 -4.518 -4.791 -4.875 -5.266 -5.287 -5.616
0.00015547 -2.00000 8.90000 1.9948000908 2.5683207558    1.475  3.886  3.6029  0.084    8  0.653 13.983   150.11    80.82    51.56    40.53    33.16  0 -2.42e-06      0.05 7.277e-01 2.708e-01 1.342e-03 2.763e-05 1.280e-04  8.154 1.548e-03 -4.946 -0.347 4.395 3.700 0.320 -0.560 -1.322 -2.011 -2.722 -3.921 -4.123 -4.393 -4.571 -4.857 -4.948 -5.358 -5.381 -5.731
0.00015547 -2.00000 8.90000 1.9948145151 2.5683213726    1.434  3.917  3.5968  0.016    8  0.654 13.846   171.27    90.68    57.52    45.34    37.09  0 -2.88e-06      0.07 7.277e-01 2.708e-01 1.330e-03 2.763e-05 1.281e-04  8.150 1.536e-03 -5.024 -0.361 4.431 3.844 0.450 -0.422 -1.197 -1.917 -2.661 -3.902 -4.111 -4.391 -4.573 -4.869 -4.965 -5.392 -5.416 -5.782
0.00015547 -2.00000 8.90000 1.9948312044 2.5683220863    1.389  3.934  3.5914 -0.035    8  0.655 13.385   188.99    98.69    62.32    49.24    40.28  0  -3.2e-06      0.07 7.278e-01 2.707e-01 1.278e-03 2.764e-05 1.274e-04  8.132 1.483e-03 -5.064 -0.368 4.448 3.920 0.507 -0.360 -1.137 -1.872 -2.629 -3.889 -4.099 -4.386 -4.569 -4.871 -4.970 -5.407 -5.432 -5.810
0.00015547 -2.00000 8.90000 1.9948501587 2.5683228968    1.339  3.944  3.5860 -0.084    8  0.656 12.449   207.25   106.73    67.09    53.15    43.48  0 -3.48e-06      0.05 7.280e-01 2.706e-01 1.171e-03 2.765e-05 1.254e-04  8.091 1.372e-03 -5.091 -0.386 4.446 3.952 0.515 -0.345 -1.110 -1.852 -2.617 -3.888 -4.099 -4.390 -4.575 -4.879 -4.981 -5.426 -5.452 -5.840
0.00015547 -2.00000 8.90000 1.9948506355 2.5683229172    1.337  4.085  3.5716 -0.282    8  0.656 21.339   285.97   152.66    94.44    75.21    61.58  0 -6.83e-06      0.49 7.225e-01 2.746e-01 2.663e-03 2.744e-05 1.664e-04  8.466 2.920e-03 -5.441 0.129 5.304 5.258 1.894 0.982 0.012 -0.885 -1.751 -3.231 -3.510 -3.846 -4.045 -4.432 -4.560 -5.108 -5.147 -5.641
0.00015547 -2.00000 8.90000 1.9948523045 2.5683229885    1.329  3.979  3.5814 -0.140    8  0.656 21.271   231.23   117.95    73.80    58.57    47.92  0 -4.14e-06      0.33 7.225e-01 2.746e-01 2.648e-03 2.744e-05 1.660e-04  8.464 2.904e-03 -5.178 0.057 5.073 4.848 1.483 0.583 -0.328 -1.163 -1.985 -3.374 -3.627 -3.942 -4.133 -4.486 -4.602 -5.105 -5.138 -5.584
0.00015547 -2.00000 8.90000 1.9948554039 2.5683231210    1.313  3.809  3.5972  0.088    8  0.656 21.149   145.41    77.91    49.66    39.18    32.02  0 -1.89e-06      0.17 7.226e-01 2.745e-01 2.621e-03 2.744e-05 1.652e-04  8.459 2.876e-03 -4.754 0.086 4.897 4.367 1.020 0.126 -0.696 -1.435 -2.182 -3.445 -3.666 -3.950 -4.132 -4.441 -4.540 -4.981 -5.008 -5.390
0.00015547 -2.00000 8.90000 1.9948601723 2.5683233249    1.290  3.690  3.6075  0.240    8  0.656 20.978   105.91    58.84    37.96    29.85    24.38  0 -1.13e-06      0.11 7.228e-01 2.744e-01 2.584e-03 2.745e-05 1.642e-04  8.453 2.838e-03 -4.455 0.208 4.881 4.122 0.795 -0.104 -0.864 -1.532 -2.213 -3.385 -3.588 -3.851 -4.026 -4.312 -4.400 -4.807 -4.831 -5.177
0.00015547 -2.00000 8.90000 1.9948666096 2.5683236002    1.259  3.715  3.6024  0.185    8  0.657 20.773   118.14    64.68    41.53    32.73    26.73  0 -1.29e-06      0.12 7.230e-01 2.743e-01 2.540e-03 2.746e-05 1.630e-04  8.445 2.792e-03 -4.517 0.202 4.932 4.263 0.922 0.026 -0.755 -1.451 -2.159 -3.366 -3.574 -3.846 -4.024 -4.318 -4.411 -4.831 -4.855 -5.216
0.00015547 -2.00000 8.90000 1.9948750734 2.5683239621    1.220  3.797  3.5906  0.042    8  0.657 20.561   157.38    83.01    52.67    41.71    34.07  0 -1.92e-06      0.17 7.231e-01 2.741e-01 2.496e-03 2.746e-05 1.618e-04  8.437 2.747e-03 -4.722 0.158 5.006 4.560 1.188 0.302 -0.526 -1.286 -2.055 -3.345 -3.569 -3.861 -4.047 -4.363 -4.466 -4.921 -4.948 -5.345
0.00015547 -2.00000 8.90000 1.9948853254 2.5683244005    1.174  3.875  3.5783 -0.103    8  0.658 20.384   208.43   106.79    66.94    53.28    43.54  0 -2.89e-06      0.22 7.233e-01 2.740e-01 2.459e-03 2.747e-05 1.609e-04  8.430 2.709e-03 -4.918 0.144 5.075 4.807 1.410 0.530 -0.319 -1.127 -1.936 -3.295 -3.533 -3.845 -4.035 -4.374 -4.488 -4.978 -5.009 -5.443
0.00015547 -2.00000 8.90000 1.9948976040 2.5683249255    1.121  3.928  3.5680 -0.217    8  0.658 20.297   243.51   129.78    80.55    64.41    52.64  0 -3.91e-06      0.32 7.233e-01 2.740e-01 2.443e-03 2.747e-05 1.605e-04  8.427 2.692e-03 -5.051 0.249 5.289 5.166 1.757 0.874 0.002 -0.850 -1.695 -3.126 -3.382 -3.713 -3.910 -4.275 -4.399 -4.926 -4.961 -5.434
0.00015547 -2.00000 8.90000 1.9949120283 2.5683255422    1.062  3.957  3.5600 -0.301    8  0.659 20.372   271.42   148.94    91.76    73.67    60.21  0 -4.79e-06      0.40 7.233e-01 2.740e-01 2.460e-03 2.747e-05 1.610e-04  8.431 2.710e-03 -5.122 0.366 5.490 5.477 2.058 1.173 0.291 -0.593 -1.465 -2.957 -3.227 -3.574 -3.776 -4.162 -4.294 -4.850 -4.888 -5.392
0.00015547 -2.00000 8.90000 1.9949285984 2.5683262507    0.998  3.971  3.5533 -0.368    8  0.660 20.688   294.58   165.50   101.34    81.68    66.74  0 -5.56e-06      0.47 7.230e-01 2.742e-01 2.528e-03 2.746e-05 1.630e-04  8.443 2.781e-03 -5.157 0.501 5.699 5.780 2.352 1.466 0.579 -0.331 -1.227 -2.774 -3.057 -3.420 -3.626 -4.031 -4.170 -4.752 -4.792 -5.323
0.00015547 -2.00000 8.90000 1.9949473143 2.5683270509    0.930  3.979  3.5473 -0.431    8  0.661 21.320   316.38   182.22   110.92    89.75    73.31  0 -6.41e-06      0.58 7.225e-01 2.746e-01 2.669e-03 2.744e-05 1.669e-04  8.468 2.927e-03 -5.178 0.716 6.028 6.228 2.794 1.904 0.993 0.041 -0.888 -2.505 -2.807 -3.187 -3.398 -3.829 -3.976 -4.589 -4.633 -5.197
0.00015547 -2.00000 8.90000 1.9950062037 2.5683295686    0.665 -9.999  4.0450  1.461    9  0.665  0.000     0.00     0.00     0.00     0.00     0.00 -1    -1e-30      0.00 7.196e-01 2.766e-01 3.520e-03 2.734e-05 1.900e-04  8.592 3.811e-03 29.767 29.634 29.615 29.624 29.722 29.828 30.142 30.289 30.275 30.334 30.338 30.335 30.336 30.339 30.342 30.346 30.348 30.353
