 Zini     MH   logAge Mini        int_IMF         Mass   logL    logTe  logg  label   McoreTP C_O  period0  period1  period2  period3  period4  pmode  Mloss  tau1m   X   Y   Xc  Xn  Xo  Cexcess  Z 	 mbolmag  F170Wmag  F218Wmag  F255Wmag  F300Wmag  F336Wmag  F380Wmag  F439Wmag  F450Wmag  F555Wmag  F569Wmag  F606Wmag  F622Wmag  F675Wmag  F702Wmag  F791Wmag  F814Wmag  F850LPmag
0.00012351 -2.10000 6.70000 0.0969537646 1.1451442648    0.097 -1.536  3.5727  4.203    0  0.000  0.545     0.00     0.00     0.00     0.00     0.00 -1 -9.42e-15      0.00 7.508e-01 2.491e-01 2.346e-05 6.329e-06 5.740e-05 -1.000 1.305e-04 8.610 13.050 17.332 15.571 12.847 12.022 11.639 11.182 10.747 9.660 9.476 9.144 8.961 8.601 8.497 8.021 7.988 7.651
0.00012351 -2.10000 6.70000 0.0995054692 1.1669620905    0.099 -1.523  3.5738  4.206    0  0.000  0.545     0.00     0.00     0.00     0.00     0.00 -1 -9.55e-15      0.00 7.508e-01 2.491e-01 2.346e-05 6.329e-06 5.740e-05 -1.000 1.305e-04 8.578 13.014 17.274 15.494 12.788 11.965 11.584 11.132 10.699 9.619 9.435 9.106 8.923 8.564 8.461 7.988 7.955 7.620
0.00012351 -2.10000 6.70000 0.1068295985 1.2257492700    0.106 -1.485  3.5771  4.211    0  0.000  0.545     0.00     0.00     0.00     0.00     0.00 -1    -1e-14      0.00 7.508e-01 2.491e-01 2.346e-05 6.329e-06 5.740e-05 -1.000 1.305e-04 8.484 12.909 17.108 15.277 12.622 11.802 11.428 10.987 10.561 9.500 9.318 8.994 8.813 8.458 8.358 7.891 7.859 7.527
0.00012351 -2.10000 6.70000 0.1093441844 1.2447360165    0.109 -1.473  3.5782  4.213    0  0.000  0.545     0.00     0.00     0.00     0.00     0.00 -1 -1.02e-14      0.00 7.508e-01 2.491e-01 2.346e-05 6.329e-06 5.740e-05 -1.000 1.305e-04 8.452 12.874 17.053 15.205 12.566 11.748 11.376 10.939 10.516 9.461 9.279 8.957 8.776 8.423 8.323 7.859 7.827 7.497
0.00012351 -2.10000 6.70000 0.1258691549 1.3568112228    0.125 -1.393  3.5846  4.220    0  0.000  0.545     0.00     0.00     0.00     0.00     0.00 -1 -1.13e-14      0.00 7.508e-01 2.491e-01 2.346e-05 6.329e-06 5.740e-05 -1.000 1.305e-04 8.254 12.654 16.685 14.762 12.228 11.419 11.063 10.648 10.237 9.216 9.039 8.726 8.550 8.205 8.109 7.655 7.624 7.302
0.00012351 -2.10000 6.70000 0.1265812367 1.3612056418    0.126 -1.390  3.5848  4.221    0  0.000  0.545     0.00     0.00     0.00     0.00     0.00 -1 -1.13e-14      0.00 7.508e-01 2.491e-01 2.346e-05 6.329e-06 5.740e-05 -1.000 1.305e-04 8.246 12.646 16.670 14.744 12.215 11.406 11.051 10.636 10.226 9.206 9.029 8.717 8.541 8.196 8.100 7.647 7.616 7.295
0.00012351 -2.10000 6.70000 0.1463329047 1.4716401990    0.146 -1.308  3.5913  4.228    0  0.000  0.545     0.00     0.00     0.00     0.00     0.00 -1 -1.26e-14      0.00 7.508e-01 2.491e-01 2.346e-05 6.329e-06 5.740e-05 -1.000 1.305e-04 8.041 12.420 16.283 14.294 11.869 11.070 10.735 10.341 9.942 8.956 8.783 8.481 8.308 7.972 7.880 7.438 7.408 7.094
0.00012351 -2.10000 6.70000 0.1660845429 1.5642192292    0.166 -1.236  3.5971  4.233    0  0.000  0.545     0.00     0.00     0.00     0.00     0.00 -1 -1.39e-14      0.00 7.508e-01 2.491e-01 2.346e-05 6.329e-06 5.740e-05 -1.000 1.305e-04 7.860 12.218 15.936 13.903 11.558 10.767 10.455 10.078 9.689 8.733 8.563 8.271 8.101 7.773 7.684 7.252 7.223 6.917
0.00012351 -2.10000 6.70000 0.1837250590 1.6355504729    0.183 -1.177  3.6021  4.238    0  0.000  0.545     0.00     0.00     0.00     0.00     0.00 -1  -1.5e-14      0.00 7.508e-01 2.491e-01 2.346e-05 6.329e-06 5.740e-05 -1.000 1.305e-04 7.712 12.051 15.653 13.584 11.299 10.516 10.224 9.862 9.481 8.549 8.383 8.098 7.931 7.609 7.523 7.099 7.071 6.772
0.00012351 -2.10000 6.70000 0.2214366198 1.7619189814    0.221 -1.066  3.6117  4.247    0  0.000  0.545     0.00     0.00     0.00     0.00     0.00 -1 -1.74e-14      0.00 7.508e-01 2.491e-01 2.346e-05 6.329e-06 5.740e-05 -1.000 1.305e-04 7.435 11.738 15.129 12.997 10.813 10.044 9.796 9.460 9.093 8.207 8.046 7.776 7.615 7.305 7.223 6.815 6.788 6.501
0.00012351 -2.10000 6.70000 0.2367405742 1.8054601885    0.236 -1.027  3.6154  4.252    0  0.000  0.545     0.00     0.00     0.00     0.00     0.00 -1 -1.83e-14      0.00 7.508e-01 2.491e-01 2.346e-05 6.329e-06 5.740e-05 -1.000 1.304e-04 7.337 11.625 14.921 12.776 10.632 9.870 9.640 9.315 8.953 8.083 7.925 7.660 7.501 7.196 7.115 6.713 6.687 6.405
0.00012351 -2.10000 6.70000 0.2392661870 1.8122941812    0.239 -1.020  3.6160  4.252    0  0.000  0.545     0.00     0.00     0.00     0.00     0.00 -1 -1.85e-14      0.00 7.508e-01 2.491e-01 2.346e-05 6.329e-06 5.740e-05 -1.000 1.305e-04 7.321 11.608 14.888 12.740 10.603 9.842 9.616 9.292 8.931 8.064 7.906 7.642 7.483 7.179 7.098 6.697 6.672 6.389
0.00012351 -2.10000 6.70000 0.2665103972 1.8805210464    0.266 -0.956  3.6224  4.260    0  0.000  0.545     0.00     0.00     0.00     0.00     0.00 -1 -2.02e-14      0.00 7.508e-01 2.491e-01 2.346e-05 6.329e-06 5.740e-05 -1.000 1.305e-04 7.159 11.420 14.518 12.362 10.299 9.549 9.357 9.050 8.698 7.859 7.705 7.450 7.295 6.999 6.921 6.530 6.506 6.232
0.00012351 -2.10000 6.70000 0.2965425849 1.9459376774    0.296 -0.891  3.6294  4.270    0  0.000  0.545     0.00     0.00     0.00     0.00     0.00 -1  -2.2e-14      0.00 7.508e-01 2.491e-01 2.346e-05 6.329e-06 5.740e-05 -1.000 1.305e-04 6.998 11.230 14.104 11.961 9.984 9.249 9.094 8.806 8.463 7.654 7.504 7.259 7.107 6.820 6.745 6.365 6.341 6.076
0.00012351 -2.10000 6.70000 0.3197753131 1.9909012134    0.319 -0.845  3.6347  4.278    0  0.000  0.545     0.00     0.00     0.00     0.00     0.00 -1 -2.33e-14      0.00 7.508e-01 2.491e-01 2.346e-05 6.329e-06 5.740e-05 -1.000 1.305e-04 6.883 11.091 13.799 11.666 9.750 9.027 8.902 8.629 8.293 7.505 7.358 7.120 6.972 6.691 6.618 6.246 6.223 5.964
0.00012351 -2.10000 6.70000 0.3513213694 2.0455778612    0.351 -0.786  3.6417  4.288    0  0.000  0.545     0.00     0.00     0.00     0.00     0.00 -1 -2.52e-14      0.00 7.508e-01 2.491e-01 2.346e-05 6.329e-06 5.740e-05 -1.000 1.305e-04 6.734 10.912 13.409 11.285 9.445 8.738 8.653 8.401 8.073 7.314 7.170 6.942 6.798 6.525 6.455 6.093 6.071 5.821
0.00012351 -2.10000 6.70000 0.3537251949 2.0494810633    0.354 -0.781  3.6423  4.289    0  0.000  0.545     0.00     0.00     0.00     0.00     0.00 -1 -2.54e-14      0.00 7.508e-01 2.491e-01 2.346e-05 6.329e-06 5.740e-05 -1.000 1.305e-04 6.723 10.898 13.381 11.257 9.422 8.717 8.635 8.384 8.057 7.300 7.157 6.929 6.785 6.512 6.443 6.082 6.060 5.810
0.00012351 -2.10000 6.70000 0.3842637241 2.0962495086    0.384 -0.728  3.6490  4.298    0  0.000  0.545     0.00     0.00     0.00     0.00     0.00 -1 -2.72e-14      0.00 7.508e-01 2.491e-01 2.346e-05 6.329e-06 5.740e-05 -1.000 1.305e-04 6.590 10.735 13.041 10.915 9.143 8.454 8.410 8.179 7.860 7.128 6.989 6.769 6.629 6.364 6.296 5.945 5.924 5.683
0.00012351 -2.10000 6.70000 0.4031043649 2.1227581329    0.403 -0.697  3.6530  4.304    0  0.000  0.545     0.00     0.00     0.00     0.00     0.00 -1 -2.84e-14      0.00 7.508e-01 2.491e-01 2.346e-05 6.329e-06 5.740e-05 -1.000 1.304e-04 6.513 10.640 12.828 10.711 8.980 8.302 8.281 8.061 7.747 7.030 6.892 6.677 6.540 6.279 6.213 5.867 5.846 5.609
0.00012351 -2.10000 6.70000 0.4077774584 2.1290846626    0.408 -0.690  3.6540  4.306    0  0.000  0.545     0.00     0.00     0.00     0.00     0.00 -1 -2.86e-14      0.00 7.508e-01 2.491e-01 2.346e-05 6.329e-06 5.740e-05 -1.000 1.305e-04 6.494 10.616 12.774 10.660 8.940 8.264 8.249 8.032 7.720 7.006 6.869 6.655 6.518 6.258 6.192 5.848 5.827 5.592
0.00012351 -2.10000 6.70000 0.4524834752 2.1852063413    0.452 -0.619  3.6632  4.317    0  0.000  0.545     0.00     0.00     0.00     0.00     0.00 -1 -3.15e-14      0.00 7.508e-01 2.491e-01 2.346e-05 6.329e-06 5.740e-05 -1.000 1.305e-04 6.318 10.396 12.252 10.187 8.569 7.919 7.955 7.766 7.464 6.784 6.651 6.448 6.316 6.065 6.002 5.670 5.651 5.425
0.00012351 -2.10000 6.70000 0.4915778935 2.2286758379    0.491 -0.561  3.6707  4.325    0  0.000  0.545     0.00     0.00     0.00     0.00     0.00 -1 -3.43e-14      0.00 7.508e-01 2.491e-01 2.346e-05 6.329e-06 5.740e-05 -1.000 1.305e-04 6.171 10.210 11.790 9.790 8.263 7.635 7.714 7.548 7.256 6.601 6.471 6.277 6.149 5.906 5.845 5.522 5.504 5.287
0.00012351 -2.10000 6.70000 0.5018625855 2.2393660217    0.502 -0.545  3.6725  4.326    0  0.000  0.545     0.00     0.00     0.00     0.00     0.00 -1 -3.51e-14      0.00 7.508e-01 2.491e-01 2.346e-05 6.329e-06 5.740e-05 -1.000 1.305e-04 6.134 10.162 11.677 9.693 8.187 7.565 7.654 7.493 7.204 6.555 6.426 6.234 6.107 5.865 5.805 5.485 5.467 5.252
0.00012351 -2.10000 6.70000 0.5512417555 2.2846836818    0.551 -0.480  3.6795  4.329    0  0.000  0.545     0.00     0.00     0.00     0.00     0.00 -1 -3.89e-14      0.00 7.508e-01 2.491e-01 2.346e-05 6.329e-06 5.740e-05 -1.000 1.305e-04 5.969 9.959 11.227 9.305 7.879 7.279 7.405 7.266 6.986 6.361 6.235 6.049 5.926 5.691 5.633 5.321 5.304 5.097
0.00012351 -2.10000 6.70000 0.5540289879 2.2869661116    0.554 -0.476  3.6799  4.329    0  0.000  0.545     0.00     0.00     0.00     0.00     0.00 -1 -3.91e-14      0.00 7.508e-01 2.491e-01 2.346e-05 6.329e-06 5.740e-05 -1.000 1.305e-04 5.960 9.948 11.203 9.284 7.862 7.264 7.392 7.254 6.974 6.350 6.224 6.039 5.916 5.682 5.624 5.312 5.296 5.089
0.00012351 -2.10000 6.70000 0.6006208658 2.3215416132    0.600 -0.417  3.6857  4.328    0  0.000  0.545     0.00     0.00     0.00     0.00     0.00 -1 -4.31e-14      0.00 7.508e-01 2.491e-01 2.346e-05 6.329e-06 5.740e-05 -1.000 1.305e-04 5.813 9.767 10.830 8.963 7.603 7.023 7.180 7.058 6.786 6.181 6.058 5.878 5.757 5.528 5.472 5.167 5.151 4.950
0.00012351 -2.10000 6.70000 0.6227270365 2.3358808715    0.623 -0.390  3.6885  4.328    0  0.000  0.545     0.00     0.00     0.00     0.00     0.00 -1  -4.5e-14      0.00 7.508e-01 2.491e-01 2.346e-05 6.329e-06 5.740e-05 -1.000 1.305e-04 5.745 9.683 10.653 8.810 7.481 6.909 7.081 6.967 6.699 6.102 5.980 5.803 5.684 5.457 5.401 5.100 5.084 4.886
0.00012351 -2.10000 6.70000 0.6498281360 2.3519383969    0.650 -0.355  3.6920  4.326    0  0.000  0.545     0.00     0.00     0.00     0.00     0.00 -1 -4.79e-14      0.00 7.508e-01 2.491e-01 2.346e-05 6.329e-06 5.740e-05 -1.000 1.305e-04 5.657 9.573 10.425 8.619 7.327 6.767 6.955 6.851 6.588 6.002 5.881 5.707 5.590 5.366 5.312 5.014 4.999 4.804
0.00012351 -2.10000 6.70000 0.6499999762 2.3520353107    0.650 -0.354  3.6920  4.325    0  0.000  0.545     0.00     0.00     0.00     0.00     0.00 -1  -4.8e-14      0.00 7.508e-01 2.491e-01 2.346e-05 6.329e-06 5.740e-05 -1.000 1.305e-04 5.655 9.571 10.421 8.616 7.324 6.764 6.953 6.849 6.585 6.000 5.879 5.705 5.588 5.364 5.309 5.012 4.997 4.802
0.00012351 -2.10000 6.70000 0.6608442664 2.3580341874    0.661 -0.340  3.6935  4.324    0  0.000  0.545     0.00     0.00     0.00     0.00     0.00 -1 -4.92e-14      0.00 7.508e-01 2.491e-01 2.346e-05 6.329e-06 5.740e-05 -1.000 1.305e-04 5.621 9.527 10.328 8.539 7.264 6.708 6.903 6.803 6.542 5.961 5.841 5.668 5.551 5.329 5.275 4.979 4.964 4.771
0.00012351 -2.10000 6.70000 0.6998776197 2.3778685058    0.700 -0.286  3.6990  4.317    0  0.000  0.545     0.00     0.00     0.00     0.00     0.00 -1 -5.46e-14      0.00 7.508e-01 2.491e-01 2.346e-05 6.329e-06 5.740e-05 -1.000 1.305e-04 5.485 9.354 9.965 8.240 7.025 6.487 6.708 6.623 6.370 5.806 5.689 5.521 5.407 5.189 5.137 4.848 4.833 4.646
0.00012351 -2.10000 6.70000 0.6999999285 2.3779266691    0.700 -0.286  3.6990  4.317    0  0.000  0.545     0.00     0.00     0.00     0.00     0.00 -1 -5.46e-14      0.00 7.508e-01 2.491e-01 2.346e-05 6.329e-06 5.740e-05 -1.000 1.305e-04 5.485 9.354 9.963 8.239 7.024 6.487 6.708 6.622 6.369 5.806 5.688 5.520 5.406 5.189 5.136 4.847 4.833 4.646
0.00012351 -2.10000 6.70000 0.7195877433 2.3869489471    0.720 -0.253  3.7064  4.326    0  0.000  0.542     0.00     0.00     0.00     0.00     0.00 -1 -5.75e-14      0.00 7.508e-01 2.491e-01 2.333e-05 6.326e-06 5.741e-05 -1.000 1.305e-04 5.403 9.216 9.585 7.951 6.814 6.300 6.553 6.486 6.243 5.702 5.588 5.426 5.315 5.103 5.053 4.772 4.758 4.578
0.00012351 -2.10000 6.70000 0.7499999404 2.3998888845    0.750 -0.200  3.7179  4.336    0  0.000  0.538     0.00     0.00     0.00     0.00     0.00 -1 -6.29e-14      0.00 7.508e-01 2.491e-01 2.315e-05 6.321e-06 5.741e-05 -1.000 1.305e-04 5.270 8.986 9.003 7.511 6.492 6.015 6.312 6.271 6.045 5.538 5.429 5.276 5.170 4.968 4.920 4.652 4.639 4.471
0.00012351 -2.10000 6.70000 0.7903125286 2.4152887000    0.790 -0.146  3.7235  4.327    0  0.000  0.538     0.00     0.00     0.00     0.00     0.00 -1 -7.01e-14      0.00 7.508e-01 2.491e-01 2.315e-05 6.321e-06 5.741e-05 -1.000 1.305e-04 5.134 8.795 8.655 7.233 6.269 5.810 6.127 6.098 5.880 5.390 5.283 5.134 5.030 4.833 4.787 4.525 4.513 4.350
0.00012351 -2.10000 6.70000 0.8000000119 2.4187244405    0.800 -0.129  3.7252  4.323    0  0.000  0.538     0.00     0.00     0.00     0.00     0.00 -1 -7.28e-14      0.00 7.508e-01 2.491e-01 2.315e-05 6.321e-06 5.741e-05 -1.000 1.305e-04 5.093 8.735 8.550 7.149 6.202 5.748 6.071 6.046 5.830 5.345 5.238 5.091 4.988 4.792 4.746 4.486 4.474 4.313
0.00012351 -2.10000 6.70000 0.8499999642 2.4350346659    0.850 -0.045  3.7346  4.303    0  0.000  0.538     0.00     0.00     0.00     0.00     0.00 -1 -8.74e-14      0.00 7.508e-01 2.491e-01 2.315e-05 6.321e-06 5.741e-05 -1.000 1.305e-04 4.883 8.420 8.002 6.714 5.856 5.433 5.786 5.778 5.575 5.117 5.014 4.874 4.774 4.586 4.542 4.293 4.282 4.129
0.00012351 -2.10000 6.70000 0.8681729436 2.4404301761    0.868 -0.017  3.7379  4.297    0  0.000  0.538     0.00     0.00     0.00     0.00     0.00 -1 -9.28e-14      0.00 7.508e-01 2.491e-01 2.315e-05 6.321e-06 5.741e-05 -1.000 1.305e-04 4.813 8.310 7.819 6.569 5.741 5.328 5.691 5.688 5.490 5.040 4.939 4.801 4.703 4.517 4.474 4.228 4.217 4.067
0.00012351 -2.10000 6.70000 0.8794078827 2.4436378220    0.879  0.002  3.7400  4.292    0  0.000  0.538     0.00     0.00     0.00     0.00     0.00 -1 -9.67e-14      0.00 7.508e-01 2.491e-01 2.315e-05 6.321e-06 5.741e-05 -1.000 1.305e-04 4.765 8.235 7.696 6.472 5.663 5.257 5.626 5.627 5.432 4.988 4.888 4.752 4.654 4.471 4.428 4.184 4.174 4.026
0.00012351 -2.10000 6.70000 0.8903870583 2.4466826783    0.890  0.024  3.7425  4.285    0  0.000  0.538     0.00     0.00     0.00     0.00     0.00 -1 -1.02e-13      0.00 7.508e-01 2.491e-01 2.315e-05 6.321e-06 5.741e-05 -1.000 1.305e-04 4.709 8.139 7.551 6.360 5.575 5.178 5.553 5.558 5.365 4.928 4.829 4.695 4.598 4.417 4.375 4.133 4.123 3.978
0.00012351 -2.10000 6.70000 0.8999999762 2.4492786016    0.899  0.044  3.7447  4.279    0  0.000  0.538     0.00     0.00     0.00     0.00     0.00 -1 -1.07e-13      0.00 7.508e-01 2.491e-01 2.315e-05 6.321e-06 5.741e-05 -1.000 1.305e-04 4.660 8.053 7.423 6.262 5.498 5.109 5.489 5.497 5.307 4.876 4.778 4.645 4.550 4.370 4.329 4.090 4.080 3.936
0.00012351 -2.10000 6.70000 0.9118415117 2.4523899865    0.911  0.068  3.7472  4.271    0  0.000  0.538     0.00     0.00     0.00     0.00     0.00 -1 -1.13e-13      0.00 7.508e-01 2.491e-01 2.315e-05 6.321e-06 5.741e-05 -1.000 1.305e-04 4.601 7.950 7.271 6.144 5.405 5.025 5.411 5.423 5.236 4.813 4.716 4.585 4.491 4.313 4.273 4.036 4.027 3.885
0.00012351 -2.10000 6.70000 0.9499999881 2.4618121868    0.950  0.151  3.7563  4.242    0  0.000  0.538     0.00     0.00     0.00     0.00     0.00 -1 -1.38e-13      0.00 7.508e-01 2.491e-01 2.315e-05 6.321e-06 5.741e-05 -1.000 1.305e-04 4.393 7.574 6.761 5.744 5.087 4.738 5.143 5.167 4.991 4.593 4.500 4.376 4.286 4.116 4.077 3.851 3.842 3.709
0.00012351 -2.10000 6.70000 0.9762725830 2.4678094498    0.976  0.211  3.7627  4.219    0  0.000  0.538     0.00     0.00     0.00     0.00     0.00 -1  -1.6e-13      0.00 7.508e-01 2.491e-01 2.315e-05 6.321e-06 5.741e-05 -1.000 1.305e-04 4.242 7.297 6.415 5.468 4.865 4.539 4.953 4.984 4.816 4.435 4.346 4.226 4.138 3.974 3.936 3.717 3.708 3.581
0.00012351 -2.10000 6.70000 1.0000000000 2.4729154477    1.000  0.272  3.7692  4.195    0  0.000  0.538     0.00     0.00     0.00     0.00     0.00 -1 -1.87e-13      0.00 7.508e-01 2.491e-01 2.315e-05 6.321e-06 5.741e-05 -1.000 1.305e-04 4.090 7.012 6.083 5.203 4.649 4.346 4.766 4.803 4.641 4.277 4.190 4.075 3.990 3.831 3.794 3.581 3.574 3.452
0.00012351 -2.10000 6.70000 1.0186176300 2.4767308954    1.019  0.322  3.7745  4.174    0  0.000  0.538     0.00     0.00     0.00     0.00     0.00 -1 -2.07e-13      0.00 7.508e-01 2.491e-01 2.315e-05 6.321e-06 5.741e-05 -1.000 1.305e-04 3.965 6.775 5.824 4.993 4.477 4.191 4.613 4.654 4.498 4.147 4.063 3.951 3.868 3.713 3.678 3.470 3.463 3.345
0.00012351 -2.10000 6.70000 1.0459164381 2.4820439923    1.045  0.397  3.7828  4.144    0  0.000  0.538     0.00     0.00     0.00     0.00     0.00 -1 -2.41e-13      0.00 7.508e-01 2.491e-01 2.315e-05 6.321e-06 5.741e-05 -1.000 1.305e-04 3.778 6.417 5.445 4.685 4.224 3.963 4.386 4.430 4.284 3.953 3.872 3.766 3.686 3.538 3.505 3.305 3.299 3.188
0.00012351 -2.10000 6.70000 1.0499999523 2.4828114860    1.050  0.408  3.7841  4.139    0  0.000  0.538     0.00     0.00     0.00     0.00     0.00 -1 -2.47e-13      0.00 7.508e-01 2.491e-01 2.315e-05 6.321e-06 5.741e-05 -1.000 1.305e-04 3.750 6.363 5.391 4.641 4.188 3.931 4.352 4.397 4.252 3.924 3.844 3.738 3.659 3.512 3.479 3.281 3.274 3.165
0.00012351 -2.10000 6.70000 1.0621249676 2.4850504341    1.062  0.441  3.7878  4.127    0  0.000  0.538     0.00     0.00     0.00     0.00     0.00 -1 -2.63e-13      0.00 7.508e-01 2.491e-01 2.315e-05 6.321e-06 5.741e-05 -1.000 1.305e-04 3.669 6.208 5.235 4.513 4.081 3.835 4.253 4.299 4.158 3.838 3.760 3.657 3.580 3.435 3.403 3.209 3.203 3.096
0.00012351 -2.10000 6.70000 1.0934916735 2.4905784522    1.093  0.519  3.7981  4.102    0  0.000  0.538     0.00     0.00     0.00     0.00     0.00 -1 -3.05e-13      0.00 7.508e-01 2.491e-01 2.315e-05 6.321e-06 5.741e-05 -1.000 1.305e-04 3.473 5.821 4.856 4.205 3.827 3.610 4.014 4.060 3.929 3.632 3.558 3.462 3.389 3.253 3.222 3.039 3.033 2.936
0.00012351 -2.10000 6.70000 1.1000000238 2.4916801480    1.099  0.534  3.8003  4.098    0  0.000  0.538     0.00     0.00     0.00     0.00     0.00 -1 -3.14e-13      0.00 7.508e-01 2.491e-01 2.315e-05 6.321e-06 5.741e-05 -1.000 1.305e-04 3.434 5.743 4.779 4.143 3.777 3.566 3.966 4.012 3.883 3.591 3.518 3.423 3.351 3.217 3.187 3.006 3.000 2.905
0.00012351 -2.10000 6.70000 1.1104652882 2.4934205465    1.110  0.559  3.8039  4.092    0  0.000  0.538     0.00     0.00     0.00     0.00     0.00 -1 -3.26e-13      0.00 7.508e-01 2.491e-01 2.315e-05 6.321e-06 5.741e-05 -1.000 1.306e-04 3.373 5.621 4.665 4.051 3.702 3.500 3.891 3.936 3.811 3.527 3.456 3.363 3.292 3.161 3.132 2.954 2.949 2.857
0.00012351 -2.10000 6.70000 1.1429119110 2.4985842843    1.142  0.628  3.8164  4.086    0  0.000  0.538     0.00     0.00     0.00     0.00     0.00 -1 -3.59e-13      0.00 7.508e-01 2.491e-01 2.315e-05 6.321e-06 5.741e-05 -1.000 1.305e-04 3.201 5.258 4.327 3.782 3.486 3.313 3.673 3.714 3.600 3.341 3.275 3.191 3.125 3.003 2.976 2.812 2.808 2.725
0.00012351 -2.10000 6.70000 1.1499999762 2.4996678137    1.149  0.642  3.8194  4.086    0  0.000  0.538     0.00     0.00     0.00     0.00     0.00 -1 -3.66e-13      0.00 7.508e-01 2.491e-01 2.315e-05 6.321e-06 5.741e-05 -1.000 1.305e-04 3.165 5.181 4.258 3.726 3.441 3.274 3.627 3.667 3.555 3.302 3.237 3.154 3.090 2.971 2.944 2.783 2.779 2.699
0.00012351 -2.10000 6.70000 1.1676049232 2.5022936916    1.167  0.677  3.8273  4.089    0  0.000  0.538     0.00     0.00     0.00     0.00     0.00 -1 -3.79e-13      0.00 7.508e-01 2.491e-01 2.315e-05 6.321e-06 5.741e-05 -1.000 1.305e-04 3.077 4.990 4.086 3.590 3.332 3.181 3.513 3.550 3.445 3.205 3.143 3.066 3.004 2.891 2.866 2.713 2.709 2.636
0.00012351 -2.10000 6.70000 1.1992359161 2.5067896352    1.199  0.737  3.8439  4.107    0  0.000  0.538     0.00     0.00     0.00     0.00     0.00 -1 -3.97e-13      0.00 7.508e-01 2.491e-01 2.315e-05 6.321e-06 5.741e-05 -1.000 1.304e-04 2.927 4.640 3.786 3.358 3.151 3.030 3.312 3.340 3.248 3.036 2.981 2.914 2.859 2.760 2.738 2.602 2.600 2.540
0.00012351 -2.10000 6.70000 1.2000000477 2.5068948796    1.200  0.739  3.8443  4.108    0  0.000  0.538     0.00     0.00     0.00     0.00     0.00 -1 -3.97e-13      0.00 7.508e-01 2.491e-01 2.315e-05 6.321e-06 5.741e-05 -1.000 1.305e-04 2.923 4.632 3.779 3.352 3.146 3.027 3.307 3.335 3.243 3.032 2.977 2.910 2.855 2.757 2.735 2.600 2.597 2.538
0.00012351 -2.10000 6.70000 1.2125962973 2.5086078120    1.212  0.762  3.8523  4.121    0  0.000  0.538     0.00     0.00     0.00     0.00     0.00 -1    -4e-13      0.00 7.508e-01 2.491e-01 2.315e-05 6.321e-06 5.741e-05 -1.000 1.305e-04 2.865 4.483 3.656 3.260 3.077 2.971 3.226 3.249 3.163 2.965 2.913 2.852 2.800 2.708 2.688 2.561 2.559 2.506
0.00012351 -2.10000 6.70000 1.2356132269 2.5116343277    1.235  0.803  3.8692  4.155    0  0.000  0.538     0.00     0.00     0.00     0.00     0.00 -1 -3.99e-13      0.00 7.509e-01 2.490e-01 2.315e-05 6.321e-06 5.741e-05 -1.000 1.305e-04 2.762 4.200 3.430 3.096 2.956 2.877 3.079 3.091 3.017 2.846 2.801 2.751 2.706 2.628 2.611 2.502 2.501 2.460
0.00012351 -2.10000 6.70000 1.2500000000 2.5134610955    1.250  0.828  3.8806  4.181    0  0.000  0.538     0.00     0.00     0.00     0.00     0.00 -1 -3.96e-13      0.00 7.509e-01 2.490e-01 2.315e-05 6.321e-06 5.741e-05 -1.000 1.306e-04 2.700 4.020 3.293 2.998 2.885 2.823 2.990 2.993 2.928 2.775 2.734 2.691 2.651 2.584 2.568 2.473 2.472 2.439
0.00012351 -2.10000 6.70000 1.2541750669 2.5139822121    1.254  0.835  3.8840  4.189    0  0.000  0.538     0.00     0.00     0.00     0.00     0.00 -1 -3.94e-13      0.00 7.509e-01 2.490e-01 2.315e-05 6.321e-06 5.741e-05 -1.000 1.305e-04 2.682 3.967 3.254 2.970 2.865 2.808 2.964 2.965 2.903 2.755 2.715 2.675 2.636 2.571 2.557 2.465 2.464 2.434
0.00012351 -2.10000 6.70000 1.2740241289 2.5164060670    1.274  0.868  3.9000  4.228    0  0.000  0.538     0.00     0.00     0.00     0.00     0.00 -1 -3.85e-13      0.00 7.509e-01 2.490e-01 2.315e-05 6.321e-06 5.741e-05 -1.000 1.305e-04 2.601 3.718 3.076 2.846 2.773 2.738 2.849 2.840 2.789 2.665 2.632 2.602 2.571 2.520 2.508 2.434 2.434 2.413
0.00012351 -2.10000 6.70000 1.2953693867 2.5189175347    1.295  0.900  3.9168  4.269    0  0.000  0.538     0.00     0.00     0.00     0.00     0.00 -1 -3.73e-13      0.00 7.509e-01 2.490e-01 2.315e-05 6.321e-06 5.741e-05 -1.000 1.304e-04 2.519 3.431 2.905 2.727 2.683 2.666 2.740 2.722 2.684 2.587 2.561 2.541 2.517 2.480 2.471 2.414 2.414 2.402
0.00012351 -2.10000 6.70000 1.2999999523 2.5194498592    1.300  0.907  3.9203  4.278    0  0.000  0.538     0.00     0.00     0.00     0.00     0.00 -1  -3.7e-13      0.00 7.509e-01 2.490e-01 2.315e-05 6.321e-06 5.741e-05 -1.000 1.305e-04 2.502 3.369 2.871 2.703 2.664 2.651 2.718 2.699 2.663 2.572 2.547 2.529 2.507 2.473 2.464 2.411 2.411 2.401
0.00012351 -2.10000 6.70000 1.3070704937 2.5202543185    1.307  0.917  3.9257  4.292    0  0.000  0.538     0.00     0.00     0.00     0.00     0.00 -1 -3.65e-13      0.00 7.509e-01 2.490e-01 2.315e-05 6.321e-06 5.741e-05 -1.000 1.305e-04 2.476 3.267 2.820 2.667 2.636 2.628 2.688 2.666 2.635 2.552 2.530 2.515 2.495 2.465 2.457 2.409 2.409 2.401
0.00012351 -2.10000 6.70000 1.3193039894 2.5216228063    1.319  0.933  3.9344  4.315    0  0.000  0.538     0.00     0.00     0.00     0.00     0.00 -1 -3.56e-13      0.00 7.509e-01 2.490e-01 2.315e-05 6.321e-06 5.741e-05 -1.000 1.305e-04 2.437 3.105 2.741 2.612 2.593 2.592 2.645 2.621 2.596 2.526 2.507 2.496 2.479 2.456 2.449 2.408 2.409 2.405
0.00012351 -2.10000 6.70000 1.3471970558 2.5246364302    1.347  0.965  3.9526  4.365    0  0.000  0.538     0.00     0.00     0.00     0.00     0.00 -1 -3.32e-13      0.00 7.509e-01 2.490e-01 2.315e-05 6.321e-06 5.741e-05 -1.000 1.305e-04 2.359 2.783 2.582 2.495 2.501 2.516 2.574 2.551 2.536 2.490 2.477 2.474 2.464 2.451 2.446 2.419 2.420 2.424
0.00012351 -2.10000 6.70000 1.3499999046 2.5249313472    1.350  0.967  3.9542  4.370    0  0.000  0.538     0.00     0.00     0.00     0.00     0.00 -1  -3.3e-13      0.00 7.509e-01 2.490e-01 2.315e-05 6.321e-06 5.741e-05 -1.000 1.305e-04 2.352 2.758 2.568 2.484 2.493 2.509 2.569 2.547 2.532 2.488 2.476 2.473 2.463 2.451 2.447 2.421 2.421 2.426
0.00012351 -2.10000 6.70000 1.3740011454 2.5274002179    1.374  0.990  3.9682  4.411    0  0.000  0.538     0.00     0.00     0.00     0.00     0.00 -1 -3.05e-13      0.00 7.509e-01 2.490e-01 2.315e-05 6.321e-06 5.741e-05 -1.000 1.305e-04 2.296 2.554 2.450 2.391 2.420 2.451 2.529 2.512 2.504 2.475 2.466 2.468 2.462 2.456 2.453 2.436 2.438 2.448
0.00012351 -2.10000 6.70000 1.3999998569 2.5299650185    1.400  1.010  3.9808  4.449    0  0.000  0.538     0.00     0.00     0.00     0.00     0.00 -1  -2.8e-13      0.00 7.509e-01 2.490e-01 2.315e-05 6.321e-06 5.740e-05 -1.000 1.305e-04 2.245 2.394 2.346 2.306 2.353 2.397 2.501 2.491 2.486 2.470 2.464 2.469 2.465 2.465 2.463 2.453 2.455 2.470
0.00012351 -2.10000 6.70000 1.4224205017 2.5320904719    1.423  1.027  3.9912  4.481    0  0.000  0.538     0.00     0.00     0.00     0.00     0.00 -1 -2.57e-13      0.00 7.509e-01 2.490e-01 2.315e-05 6.321e-06 5.740e-05 -1.000 1.305e-04 2.203 2.276 2.262 2.237 2.298 2.352 2.483 2.480 2.477 2.470 2.467 2.473 2.472 2.475 2.474 2.469 2.471 2.491
0.00012351 -2.10000 6.70000 1.4500000477 2.5346015836    1.450  1.046  4.0028  4.516    0  0.000  0.538     0.00     0.00     0.00     0.00     0.00 -1 -2.31e-13      0.00 7.509e-01 2.490e-01 2.315e-05 6.320e-06 5.741e-05 -1.000 1.306e-04 2.154 2.153 2.168 2.159 2.235 2.302 2.464 2.471 2.470 2.473 2.471 2.479 2.480 2.486 2.486 2.487 2.489 2.513
0.00012351 -2.10000 6.70000 1.4517533779 2.5347575185    1.452  1.048  4.0035  4.518    0  0.000  0.538     0.00     0.00     0.00     0.00     0.00 -1  -2.3e-13      0.00 7.509e-01 2.490e-01 2.315e-05 6.320e-06 5.741e-05 -1.000 1.306e-04 2.151 2.146 2.163 2.154 2.232 2.298 2.463 2.470 2.470 2.473 2.472 2.480 2.481 2.487 2.487 2.488 2.490 2.515
0.00012351 -2.10000 6.70000 1.4999998808 2.5388844498    1.500  1.083  4.0197  4.562    0  0.000  0.538     0.00     0.00     0.00     0.00     0.00 -1 -1.88e-13      0.00 7.509e-01 2.490e-01 2.315e-05 6.320e-06 5.740e-05 -1.000 1.305e-04 2.063 1.972 2.019 2.031 2.129 2.212 2.424 2.446 2.448 2.463 2.465 2.475 2.478 2.488 2.489 2.496 2.498 2.529
0.00012351 -2.10000 6.70000 1.5499998331 2.5428511232    1.550  1.120  4.0342  4.597    0  0.000  0.538     0.00     0.00     0.00     0.00     0.00 -1 -1.45e-13      0.00 7.509e-01 2.490e-01 2.314e-05 6.320e-06 5.740e-05 -1.000 1.306e-04 1.970 1.813 1.882 1.911 2.027 2.123 2.380 2.415 2.418 2.444 2.448 2.459 2.464 2.476 2.478 2.490 2.493 2.529
0.00012351 -2.10000 6.70000 1.6000000238 2.5465340628    1.600  1.154  4.0482  4.633    0  0.000  0.538     0.00     0.00     0.00     0.00     0.00 -1 -9.88e-14      0.00 7.509e-01 2.490e-01 2.314e-05 6.320e-06 5.740e-05 -1.000 1.305e-04 1.885 1.671 1.758 1.803 1.935 2.044 2.346 2.393 2.398 2.432 2.438 2.450 2.456 2.471 2.474 2.490 2.494 2.535
0.00012351 -2.10000 6.70000 1.6289694309 2.5485493433    1.628  1.172  4.0557  4.652    0  0.000  0.538     0.00     0.00     0.00     0.00     0.00 -1  -1.2e-23      0.00 7.509e-01 2.490e-01 2.314e-05 6.320e-06 5.740e-05 -1.000 1.305e-04 1.839 1.597 1.694 1.747 1.887 2.003 2.330 2.383 2.388 2.427 2.433 2.446 2.453 2.469 2.472 2.490 2.494 2.538
0.00012351 -2.10000 6.70000 1.6499999762 2.5499614773    1.649  1.188  4.0598  4.658    0  0.000  0.538     0.00     0.00     0.00     0.00     0.00 -1    -1e-30      0.00 7.509e-01 2.490e-01 2.314e-05 6.320e-06 5.740e-05 -1.000 1.305e-04 1.800 1.543 1.645 1.703 1.847 1.966 2.306 2.363 2.369 2.410 2.417 2.430 2.437 2.454 2.457 2.476 2.481 2.526
0.00012351 -2.10000 6.70000 1.6771613359 2.5517251459    1.676  1.205  4.0657  4.672    0  0.000  0.538     0.00     0.00     0.00     0.00     0.00 -1    -1e-30      0.00 7.509e-01 2.490e-01 2.314e-05 6.320e-06 5.740e-05 -1.000 1.305e-04 1.758 1.482 1.590 1.654 1.805 1.929 2.288 2.350 2.356 2.401 2.408 2.421 2.429 2.447 2.450 2.471 2.476 2.523
0.00012351 -2.10000 6.70000 1.6997156143 2.5531405066    1.699  1.222  4.0700  4.678    0  0.000  0.538     0.00     0.00     0.00     0.00     0.00 -1    -1e-30      0.00 7.509e-01 2.490e-01 2.314e-05 6.320e-06 5.740e-05 -1.000 1.305e-04 1.714 1.424 1.537 1.606 1.760 1.888 2.262 2.327 2.334 2.381 2.389 2.402 2.411 2.429 2.432 2.454 2.459 2.508
0.00012351 -2.10000 6.70000 1.6999999285 2.5531580729    1.699  1.222  4.0701  4.678    0  0.000  0.538     0.00     0.00     0.00     0.00     0.00 -1    -1e-30      0.00 7.509e-01 2.490e-01 2.314e-05 6.320e-06 5.740e-05 -1.000 1.306e-04 1.714 1.423 1.536 1.605 1.760 1.888 2.261 2.327 2.333 2.381 2.388 2.402 2.410 2.429 2.432 2.454 2.459 2.508
0.00012351 -2.10000 6.70000 1.7500000000 2.5561455243    1.749  1.266  4.0800  4.686    0  0.000  0.538     0.00     0.00     0.00     0.00     0.00 -1    -1e-30      0.00 7.509e-01 2.490e-01 2.314e-05 6.320e-06 5.740e-05 -1.000 1.306e-04 1.604 1.284 1.408 1.487 1.651 1.787 2.192 2.267 2.274 2.326 2.335 2.349 2.358 2.378 2.382 2.407 2.412 2.464
0.00012351 -2.10000 6.70000 1.7999999523 2.5589429085    1.799  1.308  4.0895  4.695    0  0.000  0.538     0.00     0.00     0.00     0.00     0.00 -1    -1e-30      0.00 7.509e-01 2.490e-01 2.314e-05 6.320e-06 5.740e-05 -1.000 1.305e-04 1.500 1.153 1.287 1.375 1.548 1.692 2.127 2.210 2.217 2.275 2.285 2.299 2.309 2.330 2.335 2.362 2.367 2.423
0.00012351 -2.10000 6.70000 1.8427727222 2.5611979166    1.842  1.344  4.0974  4.701    0  0.000  0.538     0.00     0.00     0.00     0.00     0.00 -1    -1e-30      0.00 7.509e-01 2.490e-01 2.314e-05 6.320e-06 5.740e-05 -1.000 1.305e-04 1.411 1.045 1.186 1.282 1.463 1.612 2.073 2.162 2.170 2.231 2.242 2.256 2.267 2.289 2.294 2.323 2.329 2.387
0.00012351 -2.10000 6.70000 1.8500000238 2.5615671203    1.849  1.350  4.0988  4.702    0  0.000  0.538     0.00     0.00     0.00     0.00     0.00 -1    -1e-30      0.00 7.509e-01 2.490e-01 2.314e-05 6.320e-06 5.740e-05 -1.000 1.305e-04 1.395 1.024 1.168 1.265 1.447 1.597 2.062 2.153 2.161 2.223 2.234 2.248 2.259 2.281 2.286 2.315 2.321 2.380
0.00012351 -2.10000 6.70000 1.8999999762 2.5640331260    1.899  1.395  4.1087  4.708    0  0.000  0.538     0.00     0.00     0.00     0.00     0.00 -1    -1e-30      0.00 7.509e-01 2.490e-01 2.314e-05 6.319e-06 5.740e-05 -1.000 1.305e-04 1.281 0.888 1.041 1.148 1.338 1.496 1.992 2.090 2.099 2.165 2.177 2.192 2.204 2.228 2.233 2.264 2.271 2.333
0.00012351 -2.10000 6.70000 1.9500000477 2.5663542714    1.950  1.439  4.1181  4.713    0  0.000  0.538     0.00     0.00     0.00     0.00     0.00 -1    -1e-30      0.00 7.509e-01 2.490e-01 2.314e-05 6.319e-06 5.740e-05 -1.000 1.305e-04 1.173 0.760 0.923 1.037 1.236 1.401 1.925 2.031 2.040 2.111 2.123 2.139 2.152 2.176 2.182 2.216 2.222 2.288
0.00012351 -2.10000 6.70000 2.0000000000 2.5685424513    2.000  1.481  4.1271  4.719    0  0.000  0.538     0.00     0.00     0.00     0.00     0.00 -1    -1e-30      0.00 7.509e-01 2.490e-01 2.314e-05 6.319e-06 5.740e-05 -1.000 1.305e-04 1.068 0.639 0.810 0.933 1.139 1.311 1.861 1.974 1.983 2.058 2.072 2.088 2.101 2.127 2.132 2.168 2.175 2.244
0.00012351 -2.10000 6.70000 2.0499999523 2.5706083333    2.050  1.522  4.1358  4.723    0  0.000  0.538     0.00     0.00     0.00     0.00     0.00 -1    -1e-30      0.00 7.509e-01 2.490e-01 2.314e-05 6.319e-06 5.740e-05 -1.000 1.305e-04 0.966 0.521 0.701 0.831 1.045 1.223 1.798 1.918 1.928 2.006 2.021 2.037 2.051 2.078 2.084 2.122 2.129 2.202
0.00012351 -2.10000 6.70000 2.0999999046 2.5725614918    2.099  1.561  4.1443  4.728    0  0.000  0.538     0.00     0.00     0.00     0.00     0.00 -1    -1e-30      0.00 7.509e-01 2.490e-01 2.314e-05 6.319e-06 5.740e-05 -1.000 1.305e-04 0.867 0.408 0.596 0.734 0.954 1.138 1.738 1.864 1.874 1.956 1.972 1.989 2.003 2.031 2.037 2.077 2.085 2.160
0.00012351 -2.10000 6.70000 2.1500000954 2.5744105556    2.149  1.600  4.1524  4.732    0  0.000  0.538     0.00     0.00     0.00     0.00     0.00 -1    -1e-30      0.00 7.509e-01 2.490e-01 2.314e-05 6.319e-06 5.740e-05 -1.000 1.305e-04 0.771 0.300 0.496 0.640 0.868 1.058 1.680 1.812 1.822 1.908 1.924 1.941 1.957 1.985 1.992 2.034 2.041 2.120
0.00012351 -2.10000 6.70000 2.2000000477 2.5761632879    2.199  1.637  4.1603  4.737    0  0.000  0.538     0.00     0.00     0.00     0.00     0.00 -1    -1e-30      0.00 7.509e-01 2.490e-01 2.314e-05 6.319e-06 5.740e-05 -1.000 1.305e-04 0.678 0.197 0.400 0.551 0.785 0.980 1.623 1.761 1.772 1.861 1.878 1.895 1.911 1.941 1.948 1.992 2.000 2.081
0.00012351 -2.10000 6.70000 2.2500000000 2.5778267375    2.249  1.674  4.1682  4.741    0  0.000  0.538     0.00     0.00     0.00     0.00     0.00 -1    -1e-30      0.00 7.509e-01 2.489e-01 2.314e-05 6.319e-06 5.739e-05 -1.000 1.305e-04 0.585 0.094 0.305 0.463 0.703 0.904 1.568 1.711 1.723 1.815 1.832 1.850 1.867 1.898 1.905 1.950 1.958 2.042
0.00012351 -2.10000 6.70000 2.2999999523 2.5794072884    2.299  1.709  4.1757  4.745    0  0.000  0.538     0.00     0.00     0.00     0.00     0.00 -1    -1e-30      0.00 7.509e-01 2.489e-01 2.314e-05 6.319e-06 5.739e-05 -1.000 1.305e-04 0.497 -0.003 0.216 0.380 0.625 0.831 1.514 1.663 1.675 1.770 1.788 1.807 1.824 1.855 1.863 1.910 1.918 2.005
0.00012351 -2.10000 6.70000 2.4000000954 2.5823423892    2.399  1.777  4.1897  4.752    0  0.000  0.538     0.00     0.00     0.00     0.00     0.00 -1    -1e-30      0.00 7.508e-01 2.491e-01 2.315e-05 6.321e-06 5.741e-05 -1.000 1.305e-04 0.328 -0.185 0.047 0.222 0.478 0.694 1.411 1.570 1.582 1.683 1.702 1.722 1.740 1.773 1.781 1.831 1.840 1.931
0.00012351 -2.10000 6.70000 2.5999999046 2.5874412955    2.600  1.903  4.2140  4.758    0  0.000  0.538     0.00     0.00     0.00     0.00     0.00 -1    -1e-30      0.00 7.508e-01 2.491e-01 2.315e-05 6.321e-06 5.741e-05 -1.000 1.305e-04 0.013 -0.516 -0.261 -0.067 0.207 0.439 1.212 1.388 1.402 1.512 1.533 1.554 1.574 1.610 1.619 1.674 1.684 1.783
0.00012351 -2.10000 6.70000 2.7999997139 2.5917117773    2.800  2.017  4.2357  4.763    0  0.000  0.538     0.00     0.00     0.00     0.00     0.00 -1    -1e-30      0.00 7.508e-01 2.491e-01 2.315e-05 6.321e-06 5.741e-05 -1.000 1.305e-04 -0.272 -0.810 -0.534 -0.324 -0.034 0.211 1.032 1.222 1.237 1.356 1.379 1.401 1.423 1.461 1.470 1.530 1.541 1.646
0.00012351 -2.10000 6.70000 2.9999997616 2.5953341922    3.000  2.122  4.2542  4.762    0  0.000  0.538     0.00     0.00     0.00     0.00     0.00 -1    -1e-30      0.00 7.508e-01 2.491e-01 2.315e-05 6.321e-06 5.741e-05 -1.000 1.305e-04 -0.536 -1.076 -0.783 -0.560 -0.258 -0.001 0.857 1.060 1.076 1.202 1.227 1.250 1.273 1.313 1.323 1.387 1.398 1.509
0.00012351 -2.10000 6.70000 3.2000000477 2.5984409005    3.199  2.221  4.2711  4.759    0  0.000  0.538     0.00     0.00     0.00     0.00     0.00 -1    -1e-30      0.00 7.508e-01 2.491e-01 2.315e-05 6.321e-06 5.741e-05 -1.000 1.305e-04 -0.782 -1.322 -1.013 -0.778 -0.466 -0.199 0.692 0.907 0.923 1.056 1.082 1.105 1.130 1.172 1.182 1.250 1.261 1.377
0.00012351 -2.10000 6.70000 3.4000000954 2.6011310876    3.398  2.312  4.2861  4.754    0  0.000  0.538     0.00     0.00     0.00     0.00     0.00 -1    -1e-30      0.00 7.508e-01 2.491e-01 2.315e-05 6.321e-06 5.741e-05 -1.000 1.305e-04 -1.010 -1.548 -1.225 -0.980 -0.659 -0.383 0.536 0.760 0.777 0.916 0.943 0.968 0.993 1.037 1.048 1.118 1.130 1.250
0.00012351 -2.10000 6.70000 3.5999999046 2.6034804580    3.598  2.397  4.2998  4.748    1  0.000  0.538     0.00     0.00     0.00     0.00     0.00 -1    -1e-30      0.00 7.508e-01 2.491e-01 2.315e-05 6.321e-06 5.741e-05 -1.000 1.305e-04 -1.224 -1.757 -1.422 -1.169 -0.840 -0.556 0.388 0.622 0.639 0.783 0.811 0.836 0.863 0.909 0.919 0.992 1.004 1.128
0.00012351 -2.10000 6.70000 3.8000001907 2.6055477311    3.798  2.478  4.3126  4.742    1  0.000  0.538     0.00     0.00     0.00     0.00     0.00 -1    -1e-30      0.00 7.508e-01 2.491e-01 2.315e-05 6.321e-06 5.741e-05 -1.000 1.305e-04 -1.424 -1.953 -1.605 -1.344 -1.009 -0.718 0.248 0.490 0.508 0.657 0.687 0.712 0.740 0.787 0.798 0.873 0.885 1.012
0.00012351 -2.10000 6.70000 3.9931821823 2.6073201197    3.994  2.552  4.3240  4.735    1  0.000  0.538     0.00     0.00     0.00     0.00     0.00 -1    -1e-30      0.00 7.508e-01 2.491e-01 2.315e-05 6.321e-06 5.741e-05 -1.000 1.305e-04 -1.611 -2.134 -1.776 -1.507 -1.166 -0.870 0.116 0.366 0.384 0.537 0.568 0.594 0.622 0.670 0.682 0.759 0.772 0.902
0.00012351 -2.10000 6.70000 4.0000000000 2.6073790840    4.001  2.555  4.3244  4.735    1  0.000  0.538     0.00     0.00     0.00     0.00     0.00 -1    -1e-30      0.00 7.508e-01 2.491e-01 2.315e-05 6.321e-06 5.741e-05 -1.000 1.304e-04 -1.617 -2.140 -1.782 -1.513 -1.172 -0.875 0.111 0.361 0.380 0.533 0.564 0.590 0.618 0.666 0.678 0.755 0.768 0.898
0.00012351 -2.10000 6.70000 4.1999998093 2.6090113217    4.198  2.626  4.3358  4.730    1  0.000  0.538     0.00     0.00     0.00     0.00     0.00 -1    -1e-30      0.00 7.508e-01 2.491e-01 2.315e-05 6.321e-06 5.741e-05 -1.000 1.305e-04 -1.796 -2.313 -1.944 -1.668 -1.321 -1.018 -0.014 0.244 0.263 0.421 0.452 0.479 0.508 0.557 0.569 0.648 0.661 0.794
0.00012351 -2.10000 6.70000 4.3999996185 2.6104741022    4.397  2.695  4.3461  4.723    1  0.000  0.538     0.00     0.00     0.00     0.00     0.00 -1    -1e-30      0.00 7.508e-01 2.491e-01 2.315e-05 6.321e-06 5.741e-05 -1.000 1.305e-04 -1.966 -2.477 -2.099 -1.816 -1.464 -1.156 -0.135 0.129 0.148 0.310 0.342 0.369 0.399 0.450 0.461 0.543 0.556 0.691
0.00012351 -2.10000 6.70000 4.5999999046 2.6117915791    4.597  2.760  4.3559  4.716    1  0.000  0.538     0.00     0.00     0.00     0.00     0.00 -1    -1e-30      0.00 7.508e-01 2.491e-01 2.315e-05 6.321e-06 5.741e-05 -1.000 1.305e-04 -2.129 -2.634 -2.246 -1.957 -1.600 -1.287 -0.251 0.019 0.039 0.204 0.237 0.265 0.296 0.347 0.359 0.442 0.455 0.593
0.00012351 -2.10000 6.70000 4.8000001907 2.6129836005    4.798  2.821  4.3652  4.711    1  0.000  0.538     0.00     0.00     0.00     0.00     0.00 -1    -1e-30      0.00 7.508e-01 2.491e-01 2.315e-05 6.321e-06 5.741e-05 -1.000 1.305e-04 -2.282 -2.781 -2.385 -2.090 -1.728 -1.411 -0.361 -0.084 -0.064 0.105 0.138 0.166 0.198 0.250 0.262 0.347 0.361 0.501
0.00012351 -2.10000 6.70000 5.0000000000 2.6140666223    4.999  2.880  4.3740  4.705    1  0.000  0.538     0.00     0.00     0.00     0.00     0.00 -1    -1e-30      0.00 7.508e-01 2.491e-01 2.315e-05 6.321e-06 5.741e-05 -1.000 1.311e-04 -2.431 -2.924 -2.520 -2.219 -1.853 -1.531 -0.468 -0.186 -0.166 0.007 0.041 0.069 0.101 0.154 0.167 0.254 0.267 0.409
0.00012351 -2.10000 6.70000 5.1017084122 2.6145800783    5.101  2.910  4.3784  4.702    1  0.000  0.538     0.00     0.00     0.00     0.00     0.00 -1    -1e-30      0.00 7.508e-01 2.491e-01 2.315e-05 6.321e-06 5.741e-05 -1.000 1.305e-04 -2.504 -2.993 -2.585 -2.282 -1.914 -1.590 -0.521 -0.236 -0.215 -0.042 -0.007 0.022 0.054 0.108 0.120 0.208 0.222 0.365
0.00012351 -2.10000 6.70000 5.1999998093 2.6150544000    5.200  2.937  4.3824  4.699    1  0.000  0.538     0.00     0.00     0.00     0.00     0.00 -1    -1e-30      0.00 7.508e-01 2.491e-01 2.315e-05 6.321e-06 5.741e-05 -1.000 1.305e-04 -2.573 -3.059 -2.648 -2.341 -1.971 -1.645 -0.570 -0.283 -0.263 -0.087 -0.052 -0.024 0.009 0.063 0.076 0.164 0.178 0.322
0.00012351 -2.10000 6.70000 5.3999996185 2.6159585084    5.401  2.991  4.3904  4.693    1  0.000  0.538     0.00     0.00     0.00     0.00     0.00 -1    -1e-30      0.00 7.508e-01 2.491e-01 2.315e-05 6.321e-06 5.741e-05 -1.000 1.305e-04 -2.708 -3.189 -2.770 -2.459 -2.085 -1.755 -0.669 -0.377 -0.356 -0.178 -0.142 -0.113 -0.080 -0.025 -0.012 0.078 0.092 0.238
0.00012351 -2.10000 6.70000 5.4674296379 2.6162462360    5.468  3.009  4.3930  4.691    1  0.000  0.538     0.00     0.00     0.00     0.00     0.00 -1    -1e-30      0.00 7.508e-01 2.491e-01 2.315e-05 6.321e-06 5.741e-05 -1.000 1.305e-04 -2.753 -3.232 -2.811 -2.497 -2.122 -1.791 -0.701 -0.408 -0.387 -0.208 -0.172 -0.143 -0.109 -0.054 -0.041 0.049 0.063 0.210
0.00012351 -2.10000 6.70000 5.5999994278 2.6167887546    5.601  3.043  4.3979  4.687    1  0.000  0.538     0.00     0.00     0.00     0.00     0.00 -1    -1e-30      0.00 7.508e-01 2.491e-01 2.315e-05 6.321e-06 5.741e-05 -1.000 1.305e-04 -2.838 -3.314 -2.888 -2.572 -2.194 -1.861 -0.764 -0.468 -0.447 -0.266 -0.229 -0.200 -0.166 -0.111 -0.097 -0.006 0.008 0.156
0.00012351 -2.10000 6.70000 5.8000001907 2.6175535027    5.801  3.093  4.4051  4.681    1  0.000  0.538     0.00     0.00     0.00     0.00     0.00 -1    -1e-30      0.00 7.508e-01 2.491e-01 2.315e-05 6.321e-06 5.741e-05 -1.000 1.305e-04 -2.964 -3.310 -2.922 -2.635 -2.278 -1.961 -0.934 -0.577 -0.562 -0.358 -0.321 -0.298 -0.267 -0.218 -0.204 -0.127 -0.114 0.003
0.00012351 -2.10000 6.70000 5.9999995232 2.6182599122    6.000  3.142  4.4121  4.675    1  0.000  0.538     0.00     0.00     0.00     0.00     0.00 -1    -1e-30      0.00 7.508e-01 2.491e-01 2.315e-05 6.321e-06 5.741e-05 -1.000 1.305e-04 -3.084 -3.430 -3.035 -2.741 -2.379 -2.056 -1.023 -0.664 -0.648 -0.440 -0.402 -0.378 -0.346 -0.295 -0.281 -0.202 -0.189 -0.070
0.00012351 -2.10000 6.70000 6.1999993324 2.6189141694    6.200  3.188  4.4187  4.669    1  0.000  0.538     0.00     0.00     0.00     0.00     0.00 -1    -1e-30      0.00 7.508e-01 2.491e-01 2.315e-05 6.321e-06 5.741e-05 -1.000 1.305e-04 -3.201 -3.547 -3.145 -2.843 -2.476 -2.149 -1.109 -0.748 -0.731 -0.519 -0.481 -0.456 -0.423 -0.370 -0.356 -0.275 -0.262 -0.142
0.00012351 -2.10000 6.70000 6.4000000954 2.6195216279    6.399  3.234  4.4251  4.663    1  0.000  0.538     0.00     0.00     0.00     0.00     0.00 -1    -1e-30      0.00 7.508e-01 2.491e-01 2.315e-05 6.321e-06 5.741e-05 -1.000 1.305e-04 -3.314 -3.660 -3.251 -2.943 -2.571 -2.238 -1.193 -0.830 -0.812 -0.596 -0.557 -0.532 -0.497 -0.443 -0.428 -0.346 -0.332 -0.211
0.00012351 -2.10000 6.70000 7.0000000000 2.6211069280    6.996  3.360  4.4429  4.646    1  0.000  0.538     0.00     0.00     0.00     0.00     0.00 -1    -1e-30      0.00 7.508e-01 2.491e-01 2.315e-05 6.321e-06 5.741e-05 -1.000 1.305e-04 -3.631 -3.967 -3.548 -3.230 -2.851 -2.512 -1.428 -1.059 -1.042 -0.827 -0.787 -0.761 -0.725 -0.669 -0.654 -0.566 -0.552 -0.423
0.00012351 -2.10000 6.70000 7.5775003433 2.6223633712    7.576  3.471  4.4582  4.631    1  0.000  0.538     0.00     0.00     0.00     0.00     0.00 -1    -1e-30      0.00 7.508e-01 2.491e-01 2.315e-05 6.321e-06 5.741e-05 -1.000 1.305e-04 -3.908 -4.237 -3.810 -3.482 -3.096 -2.750 -1.640 -1.265 -1.248 -1.030 -0.990 -0.963 -0.926 -0.869 -0.854 -0.764 -0.750 -0.616
0.00012351 -2.10000 6.70000 8.0000000000 2.6231516585    8.001  3.548  4.4687  4.620    1  0.000  0.538     0.00     0.00     0.00     0.00     0.00 -1    -1e-30      0.00 7.508e-01 2.491e-01 2.315e-05 6.321e-06 5.741e-05 -1.000 1.305e-04 -4.100 -4.425 -3.993 -3.655 -3.264 -2.912 -1.789 -1.410 -1.392 -1.171 -1.130 -1.102 -1.065 -1.008 -0.993 -0.902 -0.888 -0.752
0.00012351 -2.10000 6.70000 8.6672554016 2.6242184626    8.663  3.660  4.4837  4.603    1  0.000  0.538     0.00     0.00     0.00     0.00     0.00 -1    -1e-30      0.00 7.508e-01 2.491e-01 2.315e-05 6.321e-06 5.741e-05 -1.000 1.305e-04 -4.380 -4.690 -4.246 -3.896 -3.497 -3.140 -2.001 -1.618 -1.598 -1.372 -1.330 -1.302 -1.265 -1.207 -1.192 -1.100 -1.086 -0.946
0.00012351 -2.10000 6.70000 9.0000000000 2.6246829947    8.995  3.713  4.4908  4.594    1  0.000  0.538     0.00     0.00     0.00     0.00     0.00 -1    -1e-30      0.00 7.508e-01 2.491e-01 2.315e-05 6.321e-06 5.741e-05 -1.000 1.305e-04 -4.513 -4.814 -4.361 -4.006 -3.604 -3.244 -2.100 -1.715 -1.695 -1.467 -1.424 -1.396 -1.359 -1.301 -1.285 -1.193 -1.178 -1.037
0.00012351 -2.10000 6.70000 9.5092144012 2.6253220274    9.505  3.790  4.5008  4.582    1  0.000  0.538     0.00     0.00     0.00     0.00     0.00 -1    -1e-30      0.00 7.508e-01 2.491e-01 2.315e-05 6.321e-06 5.741e-05 -1.000 1.305e-04 -4.704 -4.992 -4.528 -4.165 -3.760 -3.396 -2.244 -1.855 -1.834 -1.603 -1.560 -1.532 -1.494 -1.435 -1.420 -1.327 -1.312 -1.169
0.00012351 -2.10000 6.70000 10.0000000000 2.6258676431    9.998  3.860  4.5100  4.570    1  0.000  0.538     0.00     0.00     0.00     0.00     0.00 -1    -1e-30      0.00 7.508e-01 2.491e-01 2.315e-05 6.321e-06 5.741e-05 -1.000 1.305e-04 -4.880 -5.154 -4.686 -4.320 -3.911 -3.543 -2.379 -1.988 -1.967 -1.733 -1.688 -1.659 -1.619 -1.558 -1.543 -1.448 -1.433 -1.288
0.00012351 -2.10000 6.70000 10.3092880249 2.6261809655   10.308  3.902  4.5154  4.563    1  0.000  0.538     0.00     0.00     0.00     0.00     0.00 -1    -1e-30      0.00 7.508e-01 2.491e-01 2.315e-05 6.321e-06 5.741e-05 -1.000 1.305e-04 -4.985 -5.251 -4.781 -4.413 -4.002 -3.631 -2.460 -2.068 -2.047 -1.810 -1.765 -1.735 -1.694 -1.632 -1.617 -1.521 -1.506 -1.359
0.00012351 -2.10000 6.70000 11.0000000000 2.6268081058   11.001  3.993  4.5268  4.546    1  0.000  0.538     0.00     0.00     0.00     0.00     0.00 -1    -1e-30      0.00 7.508e-01 2.491e-01 2.315e-05 6.321e-06 5.741e-05 -1.000 1.305e-04 -5.211 -5.458 -4.982 -4.610 -4.195 -3.818 -2.633 -2.239 -2.217 -1.976 -1.930 -1.898 -1.855 -1.791 -1.776 -1.677 -1.661 -1.512
0.00012351 -2.10000 6.70000 11.4616403580 2.6271791446   11.463  4.049  4.5339  4.536    1  0.000  0.538     0.00     0.00     0.00     0.00     0.00 -1    -1e-30      0.00 7.508e-01 2.491e-01 2.315e-05 6.321e-06 5.741e-05 -1.000 1.305e-04 -5.353 -5.581 -5.103 -4.727 -4.309 -3.930 -2.738 -2.343 -2.320 -2.078 -2.031 -1.999 -1.955 -1.889 -1.873 -1.770 -1.755 -1.604
0.00012351 -2.10000 6.70000 11.9999990463 2.6275706480   12.001  4.113  4.5418  4.523    1  0.000  0.538     0.00     0.00     0.00     0.00     0.00 -1    -1e-30      0.00 7.508e-01 2.491e-01 2.315e-05 6.321e-06 5.741e-05 -1.000 1.305e-04 -5.512 -5.719 -5.238 -4.859 -4.439 -4.057 -2.857 -2.460 -2.437 -2.194 -2.146 -2.112 -2.068 -1.999 -1.983 -1.877 -1.861 -1.708
0.00012351 -2.10000 6.70000 12.4176149368 2.6278476093   12.416  4.160  4.5474  4.514    1  0.000  0.539     0.00     0.00     0.00     0.00     0.00 -1 -2.97e-26      0.00 7.508e-01 2.491e-01 2.322e-05 6.323e-06 5.741e-05 -1.000 1.305e-04 -5.629 -5.821 -5.338 -4.956 -4.534 -4.150 -2.944 -2.546 -2.523 -2.278 -2.230 -2.196 -2.151 -2.080 -2.063 -1.955 -1.939 -1.784
0.00012351 -2.10000 6.70000 13.2568321228 2.6283439821   13.251  4.250  4.5582  4.495    1  0.000  0.542     0.00     0.00     0.00     0.00     0.00 -1 -1.08e-17      0.00 7.508e-01 2.491e-01 2.335e-05 6.326e-06 5.740e-05 -1.000 1.305e-04 -5.854 -5.990 -5.518 -5.138 -4.714 -4.328 -3.113 -2.711 -2.689 -2.445 -2.397 -2.364 -2.320 -2.251 -2.234 -2.126 -2.110 -1.954
0.00012351 -2.10000 6.70000 13.9999990463 2.6287268953   13.991  4.325  4.5670  4.479    1  0.000  0.545     0.00     0.00     0.00     0.00     0.00 -1 -1.55e-10      0.00 7.508e-01 2.491e-01 2.346e-05 6.329e-06 5.740e-05 -1.000 1.305e-04 -6.044 -6.124 -5.666 -5.290 -4.865 -4.479 -3.255 -2.851 -2.828 -2.587 -2.540 -2.508 -2.466 -2.400 -2.383 -2.276 -2.261 -2.103
0.00012351 -2.10000 6.70000 14.0521793365 2.6287520364   14.044  4.330  4.5676  4.478    1  0.000  0.545     0.00     0.00     0.00     0.00     0.00 -1 -1.59e-10      0.00 7.508e-01 2.491e-01 2.346e-05 6.329e-06 5.740e-05 -1.000 1.305e-04 -6.056 -6.133 -5.676 -5.300 -4.875 -4.489 -3.264 -2.860 -2.838 -2.596 -2.550 -2.518 -2.476 -2.409 -2.393 -2.286 -2.271 -2.113
0.00012351 -2.10000 6.70000 15.2099599838 2.6292592394   15.207  4.439  4.5797  4.451    1  0.000  0.545     0.00     0.00     0.00     0.00     0.00 -1 -2.59e-10      0.00 7.508e-01 2.491e-01 2.346e-05 6.329e-06 5.740e-05 -1.000 1.305e-04 -6.328 -6.334 -5.884 -5.510 -5.085 -4.698 -3.463 -3.056 -3.035 -2.796 -2.750 -2.719 -2.679 -2.614 -2.598 -2.493 -2.477 -2.319
0.00012351 -2.10000 6.70000 16.0000000000 2.6295573144   16.001  4.510  4.5872  4.433    1  0.000  0.545     0.00     0.00     0.00     0.00     0.00 -1 -3.58e-10      0.00 7.508e-01 2.491e-01 2.346e-05 6.329e-06 5.740e-05 -1.000 1.305e-04 -6.505 -6.468 -6.012 -5.638 -5.213 -4.827 -3.585 -3.179 -3.158 -2.921 -2.875 -2.845 -2.804 -2.740 -2.723 -2.619 -2.603 -2.445
0.00012351 -2.10000 6.70000 16.0690402985 2.6295817660   16.069  4.516  4.5878  4.432    1  0.000  0.545     0.00     0.00     0.00     0.00     0.00 -1 -3.67e-10      0.00 7.508e-01 2.491e-01 2.346e-05 6.329e-06 5.740e-05 -1.000 1.305e-04 -6.519 -6.479 -6.023 -5.648 -5.224 -4.837 -3.596 -3.189 -3.168 -2.931 -2.886 -2.855 -2.814 -2.750 -2.734 -2.630 -2.614 -2.455
0.00012351 -2.10000 6.70000 17.1677951813 2.6299406673   17.159  4.606  4.5970  4.407    1  0.000  0.545     0.00     0.00     0.00     0.00     0.00 -1 -5.38e-10      0.00 7.508e-01 2.491e-01 2.346e-05 6.329e-06 5.740e-05 -1.000 1.305e-04 -6.745 -6.651 -6.189 -5.814 -5.390 -5.005 -3.755 -3.349 -3.329 -3.094 -3.049 -3.018 -2.978 -2.914 -2.898 -2.795 -2.779 -2.621
0.00012351 -2.10000 6.70000 18.0000000000 2.6301792302   17.987  4.671  4.6033  4.387    1  0.000  0.545     0.00     0.00     0.00     0.00     0.00 -1 -7.14e-10      0.00 7.508e-01 2.491e-01 2.346e-05 6.329e-06 5.740e-05 -1.000 1.305e-04 -6.908 -6.773 -6.310 -5.934 -5.510 -5.124 -3.871 -3.464 -3.444 -3.211 -3.167 -3.136 -3.097 -3.033 -3.017 -2.914 -2.899 -2.740
0.00012351 -2.10000 6.70000 18.8192539215 2.6303905387   18.808  4.731  4.6088  4.369    1  0.000  0.545     0.00     0.00     0.00     0.00     0.00 -1  -9.2e-10      0.00 7.508e-01 2.491e-01 2.346e-05 6.329e-06 5.740e-05 -1.000 1.305e-04 -7.057 -6.885 -6.422 -6.045 -5.619 -5.233 -3.977 -3.569 -3.550 -3.318 -3.274 -3.244 -3.205 -3.142 -3.126 -3.023 -3.007 -2.848
0.00012351 -2.10000 6.70000 19.8291225433 2.6306235822   19.820  4.802  4.6148  4.344    1  0.000  0.545     0.00     0.00     0.00     0.00     0.00 -1 -1.25e-09      0.00 7.508e-01 2.491e-01 2.346e-05 6.329e-06 5.740e-05 -1.000 1.305e-04 -7.236 -7.023 -6.558 -6.180 -5.753 -5.365 -4.108 -3.699 -3.679 -3.449 -3.406 -3.376 -3.338 -3.276 -3.260 -3.157 -3.141 -2.980
0.00012351 -2.10000 6.70000 20.0000000000 2.6306603470   19.992  4.814  4.6157  4.339    1  0.000  0.545     0.00     0.00     0.00     0.00     0.00 -1 -1.31e-09      0.00 7.508e-01 2.491e-01 2.346e-05 6.329e-06 5.740e-05 -1.000 1.305e-04 -7.266 -7.046 -6.582 -6.203 -5.776 -5.388 -4.130 -3.721 -3.702 -3.471 -3.428 -3.399 -3.361 -3.299 -3.283 -3.180 -3.164 -3.003
0.00012351 -2.10000 6.70000 21.0963077545 2.6308800196   21.088  4.885  4.6209  4.313    1  0.000  0.545     0.00     0.00     0.00     0.00     0.00 -1 -1.76e-09      0.00 7.508e-01 2.491e-01 2.346e-05 6.329e-06 5.740e-05 -1.000 1.304e-04 -7.443 -7.187 -6.722 -6.341 -5.913 -5.524 -4.264 -3.854 -3.835 -3.606 -3.563 -3.535 -3.497 -3.436 -3.420 -3.317 -3.301 -3.140
0.00012351 -2.10000 6.70000 22.3263034821 2.6310971880   22.318  4.961  4.6258  4.281    1  0.000  0.545     0.00     0.00     0.00     0.00     0.00 -1 -2.41e-09      0.00 7.508e-01 2.491e-01 2.346e-05 6.329e-06 5.740e-05 -1.000 1.305e-04 -7.633 -7.341 -6.876 -6.494 -6.065 -5.675 -4.413 -4.003 -3.984 -3.756 -3.714 -3.685 -3.648 -3.588 -3.572 -3.470 -3.454 -3.292
0.00012351 -2.10000 6.70000 23.5401248932 2.6312861177   23.531  5.033  4.6297  4.247    1  0.000  0.545     0.00     0.00     0.00     0.00     0.00 -1 -3.24e-09      0.00 7.508e-01 2.491e-01 2.346e-05 6.329e-06 5.740e-05 -1.000 1.305e-04 -7.812 -7.491 -7.027 -6.646 -6.216 -5.826 -4.564 -4.154 -4.135 -3.906 -3.864 -3.836 -3.799 -3.739 -3.723 -3.622 -3.606 -3.445
0.00012351 -2.10000 6.70000 23.9999980927 2.6313519819   23.990  5.059  4.6307  4.234    1  0.000  0.545     0.00     0.00     0.00     0.00     0.00 -1 -3.63e-09      0.00 7.508e-01 2.491e-01 2.346e-05 6.329e-06 5.740e-05 -1.000 1.305e-04 -7.879 -7.549 -7.085 -6.704 -6.275 -5.884 -4.622 -4.212 -4.193 -3.964 -3.922 -3.894 -3.857 -3.797 -3.781 -3.680 -3.664 -3.504
0.00012351 -2.10000 6.70000 24.8597202301 2.6314676303   24.844  5.105  4.6322  4.209    1  0.000  0.545     0.00     0.00     0.00     0.00     0.00 -1 -4.36e-09      0.00 7.508e-01 2.491e-01 2.346e-05 6.329e-06 5.740e-05 -1.000 1.305e-04 -7.993 -7.651 -7.187 -6.807 -6.377 -5.987 -4.724 -4.314 -4.295 -4.066 -4.024 -3.996 -3.959 -3.900 -3.884 -3.784 -3.768 -3.608
0.00012351 -2.10000 6.70000 26.1074867249 2.6316199979   26.083  5.169  4.6332  4.170    1  0.000  0.545     0.00     0.00     0.00     0.00     0.00 -1 -5.66e-09      0.00 7.508e-01 2.491e-01 2.346e-05 6.329e-06 5.740e-05 -1.000 1.305e-04 -8.154 -7.799 -7.337 -6.956 -6.527 -6.136 -4.874 -4.464 -4.445 -4.216 -4.174 -4.146 -4.110 -4.051 -4.035 -3.936 -3.920 -3.761
0.00012351 -2.10000 6.70000 27.2544536591 2.6317459980   27.220  5.226  4.6331  4.131    1  0.000  0.545     0.00     0.00     0.00     0.00     0.00 -1 -7.13e-09      0.00 7.508e-01 2.491e-01 2.346e-05 6.329e-06 5.740e-05 -1.000 1.305e-04 -8.296 -7.937 -7.475 -7.095 -6.665 -6.275 -5.013 -4.603 -4.584 -4.356 -4.314 -4.287 -4.250 -4.192 -4.177 -4.079 -4.063 -3.904
0.00012351 -2.10000 6.70000 28.0000000000 2.6318215644   27.962  5.263  4.6322  4.103    1  0.000  0.545     0.00     0.00     0.00     0.00     0.00 -1 -8.24e-09      0.00 7.508e-01 2.491e-01 2.346e-05 6.329e-06 5.740e-05 -1.000 1.305e-04 -8.386 -8.027 -7.566 -7.186 -6.757 -6.367 -5.105 -4.695 -4.677 -4.450 -4.408 -4.381 -4.345 -4.288 -4.272 -4.175 -4.159 -4.001
0.00012351 -2.10000 6.70000 29.1096496582 2.6319258346   29.065  5.313  4.6300  4.060    1  0.000  0.545     0.00     0.00     0.00     0.00     0.00 -1 -1.01e-08      0.00 7.508e-01 2.491e-01 2.346e-05 6.329e-06 5.740e-05 -1.000 1.305e-04 -8.512 -8.159 -7.699 -7.319 -6.890 -6.501 -5.239 -4.830 -4.812 -4.587 -4.547 -4.520 -4.485 -4.429 -4.413 -4.317 -4.301 -4.143
0.00012351 -2.10000 6.70000 30.0000000000 2.6320031152   29.953  5.352  4.6271  4.023    1  0.000  0.545     0.00     0.00     0.00     0.00     0.00 -1 -1.19e-08      0.00 7.508e-01 2.491e-01 2.346e-05 6.329e-06 5.740e-05 -1.000 1.305e-04 -8.611 -8.266 -7.807 -7.427 -6.999 -6.611 -5.350 -4.941 -4.923 -4.702 -4.662 -4.636 -4.602 -4.547 -4.532 -4.436 -4.421 -4.263
0.00012351 -2.10000 6.70000 31.0376281738 2.6320867765   30.985  5.395  4.6231  3.979    1  0.000  0.545     0.00     0.00     0.00     0.00     0.00 -1  -1.4e-08      0.00 7.508e-01 2.491e-01 2.346e-05 6.329e-06 5.740e-05 -1.000 1.305e-04 -8.717 -8.385 -7.930 -7.553 -7.126 -6.740 -5.481 -5.073 -5.056 -4.837 -4.798 -4.773 -4.739 -4.685 -4.670 -4.575 -4.560 -4.403
0.00012351 -2.10000 6.70000 32.3136024475 2.6321812319   32.252  5.446  4.6162  3.918    1  0.000  0.545     0.00     0.00     0.00     0.00     0.00 -1  -1.7e-08      0.00 7.508e-01 2.491e-01 2.346e-05 6.329e-06 5.740e-05 -1.000 1.305e-04 -8.844 -8.538 -8.091 -7.722 -7.299 -6.917 -5.662 -5.258 -5.241 -5.023 -4.984 -4.958 -4.923 -4.868 -4.853 -4.759 -4.744 -4.590
0.00012351 -2.10000 6.70000 33.4111022949 2.6322558735   33.341  5.489  4.6079  3.856    1  0.000  0.545     0.00     0.00     0.00     0.00     0.00 -1    -2e-08      0.00 7.508e-01 2.491e-01 2.346e-05 6.329e-06 5.740e-05 -1.000 1.305e-04 -8.952 -8.678 -8.240 -7.879 -7.461 -7.081 -5.832 -5.431 -5.414 -5.197 -5.157 -5.131 -5.096 -5.039 -5.024 -4.931 -4.915 -4.765
0.00012351 -2.10000 6.70000 34.4998779297 2.6323245513   34.420  5.530  4.5976  3.787    1  0.000  0.545     0.00     0.00     0.00     0.00     0.00 -1 -2.31e-08      0.00 7.508e-01 2.491e-01 2.346e-05 6.329e-06 5.740e-05 -1.000 1.305e-04 -9.055 -8.828 -8.399 -8.045 -7.629 -7.251 -6.009 -5.611 -5.594 -5.377 -5.336 -5.309 -5.274 -5.217 -5.202 -5.108 -5.093 -4.944
0.00012351 -2.10000 6.70000 35.0000000000 2.6323544560   34.920  5.549  4.5923  3.754    1  0.000  0.545     0.00     0.00     0.00     0.00     0.00 -1 -2.47e-08      0.00 7.508e-01 2.491e-01 2.346e-05 6.329e-06 5.740e-05 -1.000 1.304e-04 -9.102 -8.903 -8.477 -8.123 -7.707 -7.329 -6.090 -5.693 -5.676 -5.458 -5.418 -5.390 -5.355 -5.297 -5.282 -5.188 -5.173 -5.024
0.00012351 -2.10000 6.70000 35.9635009766 2.6324093812   35.879  5.582  4.5811  3.687    1  0.000  0.545     0.00     0.00     0.00     0.00     0.00 -1 -2.73e-08      0.00 7.508e-01 2.491e-01 2.346e-05 6.329e-06 5.740e-05 -1.000 1.305e-04 -9.185 -9.046 -8.627 -8.274 -7.859 -7.481 -6.249 -5.853 -5.836 -5.617 -5.577 -5.550 -5.514 -5.456 -5.441 -5.347 -5.332 -5.184
0.00012351 -2.10000 6.70000 36.5716018677 2.6324423385   36.484  5.603  4.5724  3.639    1  0.000  0.545     0.00     0.00     0.00     0.00     0.00 -1 -2.88e-08      0.00 7.508e-01 2.491e-01 2.346e-05 6.329e-06 5.740e-05 -1.000 1.305e-04 -9.238 -9.144 -8.730 -8.379 -7.965 -7.587 -6.360 -5.965 -5.948 -5.730 -5.690 -5.662 -5.627 -5.569 -5.554 -5.461 -5.446 -5.298
0.00012351 -2.10000 6.70000 37.1738967896 2.6324737619   37.083  5.624  4.5628  3.586    1  0.000  0.545     0.00     0.00     0.00     0.00     0.00 -1 -3.01e-08      0.00 7.508e-01 2.491e-01 2.346e-05 6.329e-06 5.740e-05 -1.000 1.305e-04 -9.290 -9.245 -8.837 -8.489 -8.077 -7.700 -6.479 -6.086 -6.069 -5.850 -5.809 -5.782 -5.746 -5.688 -5.673 -5.580 -5.565 -5.419
0.00012351 -2.10000 6.70000 37.7447586060 2.6325024833   37.650  5.643  4.5531  3.535    1  0.000  0.545     0.00     0.00     0.00     0.00     0.00 -1 -3.13e-08      0.00 7.508e-01 2.491e-01 2.346e-05 6.329e-06 5.740e-05 -1.000 1.305e-04 -9.339 -9.346 -8.946 -8.601 -8.189 -7.814 -6.598 -6.206 -6.188 -5.968 -5.926 -5.899 -5.862 -5.804 -5.789 -5.696 -5.681 -5.535
0.00012351 -2.10000 6.70000 38.3200569153 2.6325304345   38.222  5.663  4.5436  3.483    1  0.000  0.545     0.00     0.00     0.00     0.00     0.00 -1 -3.24e-08      0.00 7.508e-01 2.491e-01 2.346e-05 6.329e-06 5.740e-05 -1.000 1.305e-04 -9.388 -9.449 -9.051 -8.706 -8.294 -7.919 -6.708 -6.316 -6.297 -6.075 -6.034 -6.006 -5.970 -5.913 -5.898 -5.806 -5.792 -5.647
0.00012351 -2.10000 6.70000 39.1346054077 2.6325683980   39.031  5.691  4.5333  3.423    1  0.000  0.545     0.00     0.00     0.00     0.00     0.00 -1 -3.44e-08      0.00 7.508e-01 2.491e-01 2.346e-05 6.329e-06 5.740e-05 -1.000 1.305e-04 -9.459 -9.580 -9.182 -8.834 -8.421 -8.045 -6.840 -6.446 -6.427 -6.203 -6.161 -6.136 -6.100 -6.045 -6.031 -5.941 -5.926 -5.782
0.00012351 -2.10000 6.70000 39.4644355774 2.6325832587   39.359  5.709  4.5465  3.462    1  0.000  0.545     0.00     0.00     0.00     0.00     0.00 -1 -3.96e-08      0.00 7.508e-01 2.491e-01 2.346e-05 6.329e-06 5.740e-05 -1.000 1.305e-04 -9.502 -9.546 -9.149 -8.804 -8.393 -8.017 -6.805 -6.413 -6.395 -6.173 -6.132 -6.104 -6.068 -6.010 -5.995 -5.903 -5.888 -5.743
0.00012351 -2.10000 6.70000 39.5153846741 2.6325855289   39.411  5.716  4.5563  3.495    1  0.000  0.545     0.00     0.00     0.00     0.00     0.00 -1  -4.3e-08      0.00 7.508e-01 2.491e-01 2.346e-05 6.329e-06 5.740e-05 -1.000 1.305e-04 -9.521 -9.503 -9.104 -8.760 -8.349 -7.973 -6.756 -6.364 -6.347 -6.127 -6.086 -6.059 -6.022 -5.964 -5.950 -5.857 -5.842 -5.697
0.00012351 -2.10000 6.70000 39.5303955078 2.6325861964   39.425  5.722  4.5644  3.522    1  0.000  0.545     0.00     0.00     0.00     0.00     0.00 -1 -4.59e-08      0.00 7.508e-01 2.491e-01 2.346e-05 6.329e-06 5.740e-05 -1.000 1.305e-04 -9.534 -9.468 -9.065 -8.720 -8.308 -7.932 -6.710 -6.318 -6.301 -6.083 -6.043 -6.016 -5.980 -5.923 -5.908 -5.816 -5.801 -5.656
0.00012351 -2.10000 6.70000 39.5390586853 2.6325865814   39.434  5.727  4.5714  3.545    1  0.000  0.545     0.00     0.00     0.00     0.00     0.00 -1 -4.84e-08      0.00 7.508e-01 2.491e-01 2.346e-05 6.329e-06 5.740e-05 -1.000 1.305e-04 -9.546 -9.440 -9.034 -8.686 -8.273 -7.897 -6.672 -6.279 -6.262 -6.046 -6.006 -5.979 -5.944 -5.887 -5.872 -5.780 -5.765 -5.620
0.00012351 -2.10000 6.70000 39.5515670776 2.6325871369   39.446  5.733  4.5801  3.574    1  0.000  0.545     0.00     0.00     0.00     0.00     0.00 -1 -5.12e-08      0.00 7.508e-01 2.491e-01 2.346e-05 6.329e-06 5.740e-05 -1.000 1.305e-04 -9.562 -9.406 -8.995 -8.647 -8.233 -7.856 -6.627 -6.232 -6.216 -6.000 -5.960 -5.933 -5.898 -5.841 -5.826 -5.733 -5.718 -5.572
0.00012351 -2.10000 6.70000 39.5617866516 2.6325875905   39.456  5.737  4.5760  3.554    2  0.000  0.545     0.00     0.00     0.00     0.00     0.00 -1 -5.14e-08      0.00 7.508e-01 2.491e-01 2.346e-05 6.329e-06 5.740e-05 -1.000 1.305e-04 -9.572 -9.438 -9.030 -8.681 -8.268 -7.891 -6.664 -6.271 -6.254 -6.038 -5.998 -5.972 -5.937 -5.880 -5.865 -5.773 -5.758 -5.613
0.00012351 -2.10000 6.70000 39.5751380920 2.6325881827   39.470  5.744  4.5668  3.510    2  0.000  0.545     0.00     0.00     0.00     0.00     0.00 -1 -5.16e-08      0.00 7.508e-01 2.491e-01 2.346e-05 6.329e-06 5.740e-05 -1.000 1.305e-04 -9.590 -9.506 -9.104 -8.758 -8.346 -7.970 -6.748 -6.356 -6.339 -6.122 -6.082 -6.055 -6.019 -5.963 -5.948 -5.856 -5.841 -5.696
0.00012351 -2.10000 6.70000 39.5828971863 2.6325885266   39.478  5.749  4.5576  3.468    2  0.000  0.545     0.00     0.00     0.00     0.00     0.00 -1  -5.1e-08      0.00 7.508e-01 2.491e-01 2.346e-05 6.329e-06 5.740e-05 -1.000 1.305e-04 -9.602 -9.576 -9.177 -8.833 -8.422 -8.046 -6.828 -6.436 -6.419 -6.200 -6.159 -6.131 -6.095 -6.037 -6.023 -5.930 -5.915 -5.770
0.00012351 -2.10000 6.70000 39.5848426819 2.6325886128   39.479  5.750  4.5548  3.456    2  0.000  0.545     0.00     0.00     0.00     0.00     0.00 -1 -5.09e-08      0.00 7.508e-01 2.491e-01 2.346e-05 6.329e-06 5.740e-05 -1.000 1.305e-04 -9.604 -9.596 -9.198 -8.854 -8.443 -8.067 -6.851 -6.459 -6.442 -6.222 -6.180 -6.153 -6.116 -6.058 -6.044 -5.951 -5.936 -5.791
0.00012351 -2.10000 6.70000 39.5870666504 2.6325887114   39.481  5.750  4.5511  3.440    2  0.000  0.545     0.00     0.00     0.00     0.00     0.00 -1 -5.03e-08      0.00 7.508e-01 2.491e-01 2.346e-05 6.329e-06 5.740e-05 -1.000 1.305e-04 -9.606 -9.622 -9.224 -8.881 -8.470 -8.095 -6.880 -6.488 -6.471 -6.250 -6.208 -6.180 -6.143 -6.085 -6.070 -5.977 -5.962 -5.817
0.00012351 -2.10000 6.70000 39.5922279358 2.6325889400   39.486  5.752  4.5422  3.404    3  0.000  0.545     0.09     0.46     0.40     0.26     0.22  3 -4.87e-08      0.00 7.508e-01 2.491e-01 2.346e-05 6.329e-06 5.740e-05 -1.000 1.305e-04 -9.609 -9.678 -9.281 -8.935 -8.523 -8.147 -6.938 -6.545 -6.527 -6.304 -6.263 -6.236 -6.199 -6.142 -6.128 -6.036 -6.021 -5.877
0.00012351 -2.10000 6.70000 39.5955505371 2.6325890872   39.490  5.753  4.5362  3.379    3  0.000  0.545     0.10     0.49     0.42     0.27     0.22  3 -4.76e-08      0.00 7.508e-01 2.491e-01 2.346e-05 6.329e-06 5.740e-05 -1.000 1.305e-04 -9.612 -9.716 -9.318 -8.971 -8.558 -8.182 -6.975 -6.582 -6.563 -6.340 -6.298 -6.272 -6.236 -6.181 -6.166 -6.076 -6.061 -5.917
0.00012351 -2.10000 6.70000 39.5977821350 2.6325891860   39.492  5.753  4.5319  3.361    3  0.000  0.545     0.10     0.50     0.43     0.28     0.23  3 -4.66e-08      0.00 7.508e-01 2.491e-01 2.346e-05 6.329e-06 5.740e-05 -1.000 1.305e-04 -9.614 -9.743 -9.345 -8.997 -8.584 -8.207 -7.003 -6.609 -6.590 -6.366 -6.324 -6.299 -6.263 -6.208 -6.194 -6.105 -6.090 -5.946
0.00012351 -2.10000 6.70000 39.6044998169 2.6325894834   39.499  5.756  4.5191  3.307    3  0.000  0.545     0.12     0.55     0.48     0.31     0.26  3 -4.42e-08      0.00 7.508e-01 2.491e-01 2.346e-05 6.329e-06 5.740e-05 -1.000 1.305e-04 -9.620 -9.803 -9.416 -9.074 -8.665 -8.294 -7.097 -6.706 -6.688 -6.468 -6.428 -6.403 -6.368 -6.316 -6.301 -6.213 -6.199 -6.057
0.00012351 -2.10000 6.70000 39.6099853516 2.6325897261   39.504  5.758  4.5088  3.264    3  0.000  0.545     0.13     0.60     0.51     0.33     0.28  3 -4.25e-08      0.00 7.508e-01 2.491e-01 2.346e-05 6.329e-06 5.740e-05 -1.000 1.305e-04 -9.626 -9.829 -9.463 -9.139 -8.741 -8.379 -7.190 -6.806 -6.791 -6.583 -6.544 -6.520 -6.487 -6.435 -6.420 -6.333 -6.319 -6.181
0.00012351 -2.10000 6.70000 39.6185455322 2.6325901048   39.513  5.762  4.4957  3.207    3  0.000  0.545     0.15     0.66     0.57     0.37     0.30  3 -4.02e-08      0.00 7.508e-01 2.491e-01 2.346e-05 6.329e-06 5.740e-05 -1.000 1.305e-04 -9.636 -9.861 -9.523 -9.218 -8.831 -8.481 -7.301 -6.926 -6.914 -6.719 -6.683 -6.660 -6.628 -6.577 -6.562 -6.476 -6.462 -6.329
0.00012351 -2.10000 6.70000 39.6288719177 2.6325905613   39.522  5.767  4.4830  3.152    3  0.000  0.545     0.18     0.73     0.62     0.40     0.34  3 -3.75e-08      0.00 7.508e-01 2.491e-01 2.346e-05 6.329e-06 5.740e-05 -1.000 1.305e-04 -9.647 -9.895 -9.571 -9.274 -8.891 -8.544 -7.373 -7.000 -6.990 -6.798 -6.763 -6.740 -6.709 -6.657 -6.642 -6.556 -6.542 -6.411
0.00012351 -2.10000 6.70000 39.6402473450 2.6325910640   39.534  5.771  4.4729  3.108    3  0.000  0.545     0.20     0.79     0.67     0.44     0.36  3 -3.47e-08      0.00 7.508e-01 2.491e-01 2.346e-05 6.329e-06 5.740e-05 -1.000 1.304e-04 -9.657 -9.923 -9.609 -9.317 -8.938 -8.595 -7.428 -7.058 -7.048 -6.859 -6.825 -6.801 -6.771 -6.719 -6.704 -6.618 -6.604 -6.474
0.00012351 -2.10000 6.70000 39.6639251709 2.6325921091   39.558  5.776  4.4608  3.054    3  0.000  0.545     0.23     0.87     0.74     0.48     0.40  3 -3.11e-08      0.00 7.508e-01 2.491e-01 2.346e-05 6.329e-06 5.740e-05 -1.000 1.305e-04 -9.671 -9.988 -9.677 -9.385 -9.006 -8.664 -7.506 -7.135 -7.124 -6.930 -6.895 -6.871 -6.839 -6.785 -6.770 -6.682 -6.668 -6.538
0.00012351 -2.10000 6.70000 39.6992988586 2.6325936677   39.593  5.780  4.4562  3.032    3  0.000  0.545     0.25     0.91     0.76     0.50     0.41  3 -2.89e-08      0.00 7.508e-01 2.491e-01 2.346e-05 6.329e-06 5.740e-05 -1.000 1.305e-04 -9.681 -10.020 -9.711 -9.419 -9.040 -8.697 -7.541 -7.171 -7.159 -6.962 -6.927 -6.901 -6.869 -6.814 -6.798 -6.709 -6.696 -6.565
0.00012351 -2.10000 6.70000 39.7232818604 2.6325947227   39.617  5.781  4.4569  3.034    4  0.000  0.545     0.00     0.00     0.00     0.00     0.00 -1 -2.92e-08      0.00 7.508e-01 2.491e-01 2.346e-05 6.329e-06 5.740e-05 -1.000 1.305e-04 -9.683 -10.019 -9.710 -9.419 -9.039 -8.697 -7.541 -7.170 -7.158 -6.962 -6.927 -6.901 -6.869 -6.815 -6.799 -6.710 -6.696 -6.566
0.00012351 -2.10000 6.70000 39.7511367798 2.6325959461   39.645  5.782  4.4582  3.039    4  0.000  0.545     0.00     0.00     0.00     0.00     0.00 -1 -2.97e-08      0.00 7.508e-01 2.491e-01 2.346e-05 6.329e-06 5.740e-05 -1.000 1.305e-04 -9.685 -10.014 -9.704 -9.413 -9.034 -8.692 -7.535 -7.164 -7.153 -6.958 -6.922 -6.897 -6.865 -6.811 -6.795 -6.707 -6.693 -6.563
0.00012351 -2.10000 6.70000 40.0000038147 2.6326067898   39.893  5.787  4.4672  3.072    4  0.000  0.545     0.00     0.00     0.00     0.00     0.00 -1 -3.31e-08      0.00 7.508e-01 2.491e-01 2.346e-05 6.329e-06 5.740e-05 -1.000 1.305e-04 -9.698 -9.986 -9.674 -9.384 -9.005 -8.663 -7.500 -7.130 -7.120 -6.930 -6.896 -6.872 -6.841 -6.789 -6.774 -6.687 -6.674 -6.544
0.00012351 -2.10000 6.70000 40.2520217896 2.6326176138   40.143  5.792  4.4734  3.095    5  0.000  0.545     0.00     0.00     0.00     0.00     0.00 -1 -3.58e-08      0.00 7.508e-01 2.491e-01 2.346e-05 6.329e-06 5.740e-05 -1.000 1.305e-04 -9.711 -9.972 -9.660 -9.370 -8.991 -8.649 -7.481 -7.111 -7.102 -6.914 -6.881 -6.857 -6.828 -6.776 -6.761 -6.675 -6.662 -6.532
0.00012351 -2.10000 6.70000 40.7163085938 2.6326371517   40.605  5.802  4.4672  3.065    6  0.000  0.545     0.00     0.00     0.00     0.00     0.00 -1 -3.51e-08      0.00 7.508e-01 2.491e-01 2.346e-05 6.329e-06 5.740e-05 -1.000 1.305e-04 -9.736 -10.022 -9.712 -9.422 -9.044 -8.702 -7.539 -7.169 -7.159 -6.970 -6.936 -6.912 -6.881 -6.829 -6.814 -6.728 -6.714 -6.584
0.00012351 -2.10000 6.70000 41.2554588318 2.6326592065   41.143  5.814  4.4564  3.016    6  0.000  0.545     0.00     0.00     0.00     0.00     0.00 -1 -3.31e-08      0.00 7.508e-01 2.491e-01 2.346e-05 6.329e-06 5.740e-05 -1.000 1.305e-04 -9.765 -10.102 -9.796 -9.506 -9.127 -8.784 -7.628 -7.257 -7.246 -7.050 -7.015 -6.989 -6.957 -6.902 -6.887 -6.798 -6.784 -6.654
0.00012351 -2.10000 6.70000 41.6557197571 2.6326751560   41.541  5.823  4.4446  2.964    6  0.000  0.545     0.00     0.00     0.00     0.00     0.00 -1 -3.08e-08      0.00 7.508e-01 2.491e-01 2.346e-05 6.329e-06 5.740e-05 -1.000 1.305e-04 -9.787 -10.175 -9.867 -9.577 -9.198 -8.856 -7.708 -7.337 -7.325 -7.125 -7.088 -7.062 -7.029 -6.972 -6.956 -6.865 -6.852 -6.722
0.00012351 -2.10000 6.70000 41.9843559265 2.6326879902   41.867  5.830  4.4326  2.912    6  0.000  0.545     0.00     0.00     0.00     0.00     0.00 -1 -2.93e-08      0.00 7.508e-01 2.491e-01 2.346e-05 6.329e-06 5.740e-05 -1.000 1.305e-04 -9.806 -10.229 -9.917 -9.630 -9.255 -8.918 -7.778 -7.408 -7.397 -7.199 -7.162 -7.137 -7.104 -7.049 -7.033 -6.943 -6.930 -6.802
0.00012351 -2.10000 6.70000 42.2458763123 2.6326980394   42.127  5.836  4.4213  2.864    6  0.000  0.545     0.00     0.00     0.00     0.00     0.00 -1 -2.81e-08      0.00 7.508e-01 2.491e-01 2.346e-05 6.329e-06 5.740e-05 -1.000 1.305e-04 -9.820 -10.270 -9.957 -9.675 -9.303 -8.970 -7.842 -7.474 -7.463 -7.266 -7.230 -7.205 -7.173 -7.118 -7.102 -7.014 -7.001 -6.876
0.00012351 -2.10000 6.70000 42.4739074707 2.6327066857   42.354  5.841  4.4100  2.816    6  0.000  0.545     0.00     0.00     0.00     0.00     0.00 -1 -2.71e-08      0.00 7.508e-01 2.491e-01 2.346e-05 6.329e-06 5.740e-05 -1.000 1.305e-04 -9.833 -10.296 -9.989 -9.714 -9.346 -9.015 -7.905 -7.542 -7.531 -7.334 -7.298 -7.273 -7.240 -7.186 -7.170 -7.085 -7.072 -6.949
0.00012351 -2.10000 6.70000 42.7011909485 2.6327151981   42.581  5.846  4.3971  2.761    6  0.000  0.545     0.00     0.00     0.00     0.00     0.00 -1 -2.65e-08      0.00 7.508e-01 2.491e-01 2.346e-05 6.329e-06 5.740e-05 -1.000 1.305e-04 -9.845 -10.343 -10.032 -9.758 -9.390 -9.061 -7.946 -7.593 -7.580 -7.387 -7.351 -7.327 -7.295 -7.243 -7.228 -7.143 -7.130 -7.001
0.00012351 -2.10000 6.70000 42.9051132202 2.6327227474   42.784  5.851  4.3845  2.708    6  0.000  0.545     0.00     0.00     0.00     0.00     0.00 -1 -2.62e-08      0.00 7.508e-01 2.491e-01 2.346e-05 6.329e-06 5.740e-05 -1.000 1.305e-04 -9.857 -10.359 -10.047 -9.775 -9.413 -9.091 -7.998 -7.648 -7.636 -7.446 -7.412 -7.390 -7.360 -7.312 -7.299 -7.219 -7.206 -7.081
0.00012351 -2.10000 6.70000 43.0779762268 2.6327290825   42.956  5.855  4.3726  2.659    6  0.000  0.545     0.00     0.00     0.00     0.00     0.00 -1 -2.83e-08      0.00 7.508e-01 2.491e-01 2.346e-05 6.329e-06 5.740e-05 -1.000 1.305e-04 -9.867 -10.375 -10.068 -9.801 -9.445 -9.130 -8.054 -7.709 -7.698 -7.512 -7.479 -7.459 -7.431 -7.386 -7.373 -7.297 -7.285 -7.163
0.00012351 -2.10000 6.70000 43.2473793030 2.6327352343   43.123  5.859  4.3597  2.605    6  0.000  0.545     0.00     0.00     0.00     0.00     0.00 -1 -4.25e-08      0.00 7.508e-01 2.491e-01 2.346e-05 6.329e-06 5.740e-05 -1.000 1.305e-04 -9.876 -10.401 -10.115 -9.863 -9.513 -9.203 -8.135 -7.804 -7.794 -7.616 -7.584 -7.563 -7.535 -7.490 -7.477 -7.401 -7.388 -7.267
0.00012351 -2.10000 6.70000 43.3835678101 2.6327401399   43.258  5.862  4.3481  2.557    6  0.000  0.545     0.00     0.00     0.00     0.00     0.00 -1 -5.59e-08      0.00 7.508e-01 2.491e-01 2.346e-05 6.329e-06 5.740e-05 -1.000 1.305e-04 -9.884 -10.418 -10.144 -9.900 -9.556 -9.250 -8.194 -7.873 -7.864 -7.691 -7.660 -7.639 -7.612 -7.567 -7.554 -7.478 -7.466 -7.345
0.00012351 -2.10000 6.70000 43.5147247314 2.6327448309   43.386  5.865  4.3353  2.504    6  0.000  0.545     0.00     0.00     0.00     0.00     0.00 -1 -5.59e-08      0.00 7.508e-01 2.491e-01 2.346e-05 6.329e-06 5.740e-05 -1.000 1.305e-04 -9.892 -10.427 -10.164 -9.929 -9.591 -9.291 -8.254 -7.941 -7.932 -7.764 -7.733 -7.714 -7.687 -7.644 -7.632 -7.558 -7.546 -7.428
0.00012351 -2.10000 6.70000 43.6101837158 2.6327482247   43.480  5.867  4.3248  2.461    6  0.000  0.545     0.00     0.00     0.00     0.00     0.00 -1 -7.02e-08      0.00 7.508e-01 2.491e-01 2.346e-05 6.329e-06 5.740e-05 -1.000 1.305e-04 -9.897 -10.437 -10.170 -9.936 -9.601 -9.304 -8.285 -7.981 -7.972 -7.805 -7.775 -7.755 -7.729 -7.686 -7.674 -7.600 -7.588 -7.472
0.00012351 -2.10000 6.70000 43.7070198059 2.6327516501   43.576  5.869  4.3128  2.411    6  0.000  0.545     0.00     0.00     0.00     0.00     0.00 -1  -1.4e-07      0.00 7.508e-01 2.491e-01 2.346e-05 6.329e-06 5.740e-05 -1.000 1.305e-04 -9.903 -10.408 -10.222 -10.033 -9.717 -9.435 -8.419 -8.085 -8.083 -7.925 -7.898 -7.881 -7.858 -7.819 -7.806 -7.745 -7.733 -7.637
0.00012351 -2.10000 6.70000 43.7745475769 2.6327540284   43.642  5.871  4.3032  2.372    6  0.000  0.545     0.00     0.00     0.00     0.00     0.00 -1 -1.85e-07      0.00 7.508e-01 2.491e-01 2.346e-05 6.329e-06 5.740e-05 -1.000 1.305e-04 -9.907 -10.413 -10.230 -10.042 -9.729 -9.452 -8.460 -8.128 -8.125 -7.965 -7.938 -7.922 -7.899 -7.860 -7.848 -7.788 -7.777 -7.685
0.00012351 -2.10000 6.70000 43.8418312073 2.6327563898   43.708  5.872  4.2922  2.327    6  0.000  0.545     0.00     0.00     0.00     0.00     0.00 -1 -1.88e-07      0.00 7.508e-01 2.491e-01 2.346e-05 6.329e-06 5.740e-05 -1.000 1.305e-04 -9.911 -10.463 -10.226 -10.012 -9.693 -9.412 -8.434 -8.146 -8.139 -7.983 -7.956 -7.938 -7.915 -7.876 -7.865 -7.796 -7.785 -7.674
0.00012351 -2.10000 6.70000 43.9042587280 2.6327585733   43.769  5.874  4.2804  2.279    6  0.000  0.545     0.00     0.00     0.00     0.00     0.00 -1 -1.87e-07      0.00 7.508e-01 2.491e-01 2.346e-05 6.329e-06 5.740e-05 -1.000 1.305e-04 -9.915 -10.472 -10.271 -10.076 -9.766 -9.491 -8.503 -8.210 -8.206 -8.058 -8.033 -8.018 -7.997 -7.961 -7.951 -7.886 -7.875 -7.767
0.00012351 -2.10000 6.70000 43.9584770203 2.6327604639   43.821  5.875  4.2679  2.228    6  0.000  0.545     0.00     0.00     0.00     0.00     0.00 -1    -2e-07      0.00 7.508e-01 2.491e-01 2.346e-05 6.329e-06 5.740e-05 -1.000 1.305e-04 -9.919 -10.474 -10.285 -10.099 -9.796 -9.528 -8.566 -8.279 -8.276 -8.132 -8.108 -8.094 -8.073 -8.040 -8.029 -7.967 -7.956 -7.853
0.00012351 -2.10000 6.70000 43.9985542297 2.6327618579   43.861  5.876  4.2570  2.184    6  0.000  0.545     0.00     0.00     0.00     0.00     0.00 -1 -2.35e-07      0.00 7.508e-01 2.491e-01 2.346e-05 6.329e-06 5.740e-05 -1.000 1.305e-04 -9.921 -10.474 -10.293 -10.113 -9.816 -9.554 -8.618 -8.339 -8.337 -8.196 -8.173 -8.159 -8.139 -8.106 -8.096 -8.036 -8.026 -7.926
0.00012351 -2.10000 6.70000 44.0294685364 2.6327629312   43.891  5.877  4.2467  2.142    6  0.000  0.545     0.00     0.00     0.00     0.00     0.00 -1 -2.46e-07      0.00 7.508e-01 2.491e-01 2.346e-05 6.329e-06 5.740e-05 -1.000 1.305e-04 -9.923 -10.472 -10.298 -10.124 -9.833 -9.577 -8.667 -8.396 -8.394 -8.256 -8.234 -8.220 -8.201 -8.169 -8.159 -8.101 -8.091 -7.995
0.00012351 -2.10000 6.70000 44.0563392639 2.6327638627   43.917  5.878  4.2357  2.097    6  0.000  0.545     0.00     0.00     0.00     0.00     0.00 -1 -2.43e-07      0.00 7.508e-01 2.491e-01 2.346e-05 6.329e-06 5.740e-05 -1.000 1.305e-04 -9.925 -10.469 -10.303 -10.135 -9.851 -9.601 -8.719 -8.456 -8.454 -8.320 -8.298 -8.284 -8.266 -8.235 -8.226 -8.170 -8.160 -8.069
0.00012351 -2.10000 6.70000 44.0798873901 2.6327646780   43.940  5.879  4.2236  2.049    6  0.000  0.545     0.00     0.00     0.00     0.00     0.00 -1 -2.37e-07      0.00 7.508e-01 2.491e-01 2.346e-05 6.329e-06 5.740e-05 -1.000 1.305e-04 -9.927 -10.463 -10.305 -10.144 -9.868 -9.625 -8.776 -8.522 -8.520 -8.389 -8.368 -8.355 -8.338 -8.308 -8.299 -8.246 -8.237 -8.150
0.00012351 -2.10000 6.70000 44.0956268311 2.6327652224   43.956  5.879  4.2132  2.007    6  0.000  0.545     0.00     0.00     0.00     0.00     0.00 -1 -2.31e-07      0.00 7.508e-01 2.491e-01 2.346e-05 6.329e-06 5.740e-05 -1.000 1.305e-04 -9.928 -10.456 -10.306 -10.151 -9.882 -9.645 -8.824 -8.578 -8.576 -8.449 -8.428 -8.416 -8.399 -8.371 -8.362 -8.311 -8.302 -8.220
0.00012351 -2.10000 6.70000 44.1077194214 2.6327656403   43.967  5.879  4.2025  1.964    6  0.000  0.545     0.00     0.00     0.00     0.00     0.00 -1 -2.24e-07      0.00 7.508e-01 2.491e-01 2.346e-05 6.329e-06 5.740e-05 -1.000 1.305e-04 -9.929 -10.447 -10.305 -10.156 -9.895 -9.665 -8.874 -8.635 -8.633 -8.509 -8.490 -8.478 -8.462 -8.435 -8.426 -8.378 -8.369 -8.291
0.00012351 -2.10000 6.70000 44.1148872375 2.6327658879   43.974  5.879  4.1946  1.932    6  0.000  0.545     0.00     0.00     0.00     0.00     0.00 -1  -2.2e-07      0.00 7.508e-01 2.491e-01 2.346e-05 6.329e-06 5.740e-05 -1.000 1.305e-04 -9.929 -10.439 -10.302 -10.158 -9.903 -9.679 -8.910 -8.676 -8.675 -8.554 -8.534 -8.523 -8.508 -8.481 -8.473 -8.426 -8.418 -8.343
0.00012351 -2.10000 6.70000 44.1186943054 2.6327660194   43.977  5.879  4.1899  1.913    6  0.000  0.545     0.00     0.00     0.00     0.00     0.00 -1 -2.18e-07      0.00 7.508e-01 2.491e-01 2.346e-05 6.329e-06 5.740e-05 -1.000 1.305e-04 -9.929 -10.433 -10.300 -10.159 -9.908 -9.687 -8.931 -8.701 -8.700 -8.580 -8.561 -8.551 -8.535 -8.510 -8.501 -8.456 -8.448 -8.375
0.00012351 -2.10000 6.70000 44.1243858337 2.6327662159   43.983  5.879  4.1778  1.866    7  0.000  0.545     5.84     7.70     5.89     3.95     3.30  3 -2.09e-07      0.00 7.508e-01 2.491e-01 2.346e-05 6.329e-06 5.740e-05 -1.000 1.305e-04 -9.927 -10.417 -10.295 -10.163 -9.922 -9.709 -8.984 -8.761 -8.761 -8.645 -8.628 -8.618 -8.603 -8.580 -8.571 -8.529 -8.522 -8.453
0.00012351 -2.10000 6.70000 44.1287765503 2.6327663674   43.987  5.878  4.1648  1.814    7  0.000  0.545     6.72     8.45     6.44     4.32     3.61  3 -2.03e-07      0.00 7.508e-01 2.491e-01 2.346e-05 6.329e-06 5.740e-05 -1.000 1.305e-04 -9.925 -10.397 -10.305 -10.191 -9.961 -9.757 -9.037 -8.814 -8.818 -8.712 -8.696 -8.689 -8.677 -8.657 -8.650 -8.612 -8.605 -8.540
0.00012351 -2.10000 6.70000 44.1325302124 2.6327664970   43.991  5.877  4.1502  1.757    7  0.000  0.545     7.86     9.37     7.11     4.78     3.99  3 -1.97e-07      0.00 7.508e-01 2.491e-01 2.346e-05 6.329e-06 5.740e-05 -1.000 1.305e-04 -9.923 -10.373 -10.323 -10.232 -10.014 -9.820 -9.095 -8.870 -8.879 -8.784 -8.772 -8.768 -8.760 -8.744 -8.737 -8.706 -8.698 -8.637
0.00012351 -2.10000 6.70000 44.1355705261 2.6327666019   43.994  5.877  4.1359  1.700    7  0.000  0.545     9.17    10.39     7.84     5.28     4.41  3 -1.88e-07      0.00 7.508e-01 2.491e-01 2.346e-05 6.329e-06 5.740e-05 -1.000 1.305e-04 -9.921 -10.341 -10.290 -10.205 -10.002 -9.820 -9.160 -8.949 -8.957 -8.865 -8.853 -8.849 -8.841 -8.827 -8.820 -8.791 -8.785 -8.731
0.00012351 -2.10000 6.70000 44.1378822327 2.6327666816   43.996  5.876  4.1231  1.650    7  0.000  0.545    10.52    11.38     8.56     5.77     4.82  3 -1.82e-07      0.00 7.508e-01 2.491e-01 2.346e-05 6.329e-06 5.740e-05 -1.000 1.305e-04 -9.920 -10.310 -10.243 -10.158 -9.969 -9.798 -9.220 -9.028 -9.033 -8.941 -8.928 -8.923 -8.914 -8.899 -8.892 -8.865 -8.859 -8.814
0.00012351 -2.10000 6.70000 44.1402244568 2.6327667624   43.998  5.876  4.1084  1.592    7  0.000  0.545    12.33    12.65     9.47     6.39     5.34  3 -1.77e-07      0.00 7.508e-01 2.491e-01 2.346e-05 6.329e-06 5.740e-05 -1.000 1.305e-04 -9.919 -10.272 -10.198 -10.118 -9.944 -9.786 -9.287 -9.113 -9.116 -9.025 -9.012 -9.007 -8.998 -8.982 -8.976 -8.951 -8.947 -8.911
0.00012351 -2.10000 6.70000 44.1425514221 2.6327668426   44.000  5.875  4.0918  1.525    7  0.000  0.545    14.76    14.25    10.61     7.18     6.00  3 -1.69e-07      0.00 7.508e-01 2.491e-01 2.346e-05 6.329e-06 5.740e-05 -1.000 1.305e-04 -9.918 -10.223 -10.161 -10.095 -9.940 -9.796 -9.358 -9.196 -9.200 -9.115 -9.104 -9.099 -9.092 -9.078 -9.073 -9.052 -9.048 -9.021
0.00012351 -2.10000 6.70000 44.1441154480 2.6327668966   44.002  5.875  4.0794  1.476    7  0.000  0.545    16.89    15.58    11.55     7.83     6.54  3 -1.77e-07      0.00 7.508e-01 2.491e-01 2.346e-05 6.329e-06 5.740e-05 -1.000 1.305e-04 -9.918 -10.182 -10.132 -10.079 -9.937 -9.803 -9.410 -9.256 -9.261 -9.181 -9.171 -9.168 -9.161 -9.150 -9.145 -9.127 -9.124 -9.104
0.00012351 -2.10000 6.70000 44.1456909180 2.6327669509   44.004  5.875  4.0659  1.422    7  0.000  0.545    19.55    17.17    12.68     8.60     7.19  3 -1.85e-07      0.00 7.508e-01 2.491e-01 2.346e-05 6.329e-06 5.740e-05 -1.000 1.305e-04 -9.917 -10.137 -10.146 -10.119 -9.993 -9.869 -9.455 -9.291 -9.304 -9.239 -9.233 -9.235 -9.232 -9.228 -9.224 -9.214 -9.211 -9.193
0.00012351 -2.10000 6.70000 44.1472587585 2.6327670050   44.005  5.875  4.0514  1.364    7  0.000  0.545    22.89    19.07    14.01     9.52     7.96  3 -1.83e-07      0.00 7.508e-01 2.491e-01 2.346e-05 6.329e-06 5.740e-05 -1.000 1.305e-04 -9.917 -10.076 -10.093 -10.079 -9.971 -9.859 -9.514 -9.362 -9.376 -9.315 -9.310 -9.313 -9.312 -9.309 -9.305 -9.299 -9.297 -9.288
0.00012351 -2.10000 6.70000 44.1488227844 2.6327670589   44.007  5.875  4.0358  1.302    7  0.000  0.545    27.12    21.34    15.60    10.62     8.88  3 -1.83e-07      0.00 7.508e-01 2.491e-01 2.346e-05 6.329e-06 5.740e-05 -1.000 1.305e-04 -9.917 -10.002 -10.027 -10.027 -9.940 -9.841 -9.576 -9.437 -9.451 -9.396 -9.392 -9.396 -9.395 -9.394 -9.391 -9.390 -9.389 -9.390
0.00012351 -2.10000 6.70000 44.1503868103 2.6327671128   44.008  5.874  4.0199  1.239    7  0.000  0.545    32.24    23.94    17.41    11.87     9.93  3 -2.31e-07      0.00 7.508e-01 2.491e-01 2.346e-05 6.329e-06 5.740e-05 -1.000 1.305e-04 -9.916 -9.916 -9.950 -9.965 -9.899 -9.814 -9.638 -9.512 -9.527 -9.477 -9.474 -9.478 -9.479 -9.479 -9.477 -9.480 -9.480 -9.493
0.00012351 -2.10000 6.70000 44.1519546509 2.6327671669   44.010  5.874  4.0038  1.174    7  0.000  0.545    38.41    26.89    19.45    13.29    11.12  3 -2.73e-07      0.00 7.508e-01 2.491e-01 2.346e-05 6.329e-06 5.740e-05 -1.000 1.305e-04 -9.916 -9.815 -9.857 -9.889 -9.847 -9.776 -9.698 -9.586 -9.602 -9.557 -9.555 -9.560 -9.562 -9.564 -9.562 -9.570 -9.572 -9.596
0.00012351 -2.10000 6.70000 44.1535072327 2.6327672204   44.011  5.874  3.9874  1.109    7  0.000  0.545    45.89    30.26    21.78    14.90    12.47  3 -2.63e-07      0.00 7.508e-01 2.491e-01 2.346e-05 6.329e-06 5.740e-05 -1.000 1.305e-04 -9.915 -9.695 -9.746 -9.797 -9.782 -9.727 -9.758 -9.661 -9.676 -9.636 -9.636 -9.641 -9.644 -9.648 -9.646 -9.660 -9.662 -9.701
0.00012351 -2.10000 6.70000 44.1550483704 2.6327672735   44.013  5.874  3.9702  1.040    7  0.000  0.545    55.29    34.25    24.51    16.80    14.07  3 -2.52e-07      0.00 7.508e-01 2.491e-01 2.346e-05 6.329e-06 5.740e-05 -1.000 1.305e-04 -9.915 -9.548 -9.608 -9.682 -9.702 -9.665 -9.817 -9.737 -9.752 -9.717 -9.718 -9.724 -9.727 -9.732 -9.731 -9.750 -9.754 -9.807
0.00012351 -2.10000 6.70000 44.1565704346 2.6327673259   44.015  5.874  3.9523  0.969    7  0.000  0.545    67.12    38.96    27.72    19.03    15.94  3 -3.58e-07      0.00 7.508e-01 2.491e-01 2.346e-05 6.329e-06 5.740e-05 -1.000 1.305e-04 -9.914 -9.380 -9.503 -9.611 -9.664 -9.643 -9.841 -9.761 -9.786 -9.774 -9.780 -9.791 -9.800 -9.813 -9.814 -9.844 -9.848 -9.910
0.00012351 -2.10000 6.70000 44.1580886841 2.6327673783   44.016  5.873  3.9340  0.896    7  0.000  0.545    81.89    44.46    31.44    21.63    18.13  3 -3.56e-07      0.00 7.508e-01 2.491e-01 2.346e-05 6.329e-06 5.740e-05 -1.000 1.305e-04 -9.913 -9.138 -9.282 -9.423 -9.529 -9.532 -9.897 -9.836 -9.860 -9.850 -9.857 -9.868 -9.877 -9.891 -9.893 -9.929 -9.936 -10.018
0.00012351 -2.10000 6.70000 44.1588363647 2.6327674040   44.016  5.873  3.9247  0.859    7  0.000  0.545    90.56    47.53    33.51    23.08    19.35  3 -3.58e-07      0.00 7.508e-01 2.491e-01 2.346e-05 6.329e-06 5.740e-05 -1.000 1.305e-04 -9.913 -9.022 -9.203 -9.363 -9.491 -9.504 -9.896 -9.839 -9.868 -9.874 -9.884 -9.899 -9.911 -9.929 -9.931 -9.973 -9.981 -10.067
0.00012351 -2.10000 6.70000 44.1595764160 2.6327674295   44.018  5.873  3.9154  0.822    7  0.000  0.545   100.12    50.81    35.72    24.62    20.64  3 -3.61e-07      0.00 7.508e-01 2.491e-01 2.346e-05 6.329e-06 5.740e-05 -1.000 1.305e-04 -9.912 -8.886 -9.113 -9.296 -9.449 -9.472 -9.892 -9.836 -9.873 -9.894 -9.908 -9.926 -9.941 -9.964 -9.967 -10.016 -10.023 -10.114
0.00012351 -2.10000 6.70000 44.1603126526 2.6327674549   44.019  5.873  3.9060  0.785    7  0.000  0.545   110.84    54.36    38.10    26.29    22.04  3 -3.58e-07      0.00 7.508e-01 2.491e-01 2.346e-05 6.329e-06 5.740e-05 -1.000 1.305e-04 -9.912 -8.691 -8.949 -9.165 -9.359 -9.398 -9.913 -9.866 -9.901 -9.923 -9.936 -9.954 -9.969 -9.994 -9.997 -10.051 -10.059 -10.162
0.00012351 -2.10000 6.70000 44.1610336304 2.6327674797   44.019  5.872  3.8967  0.748    7  0.000  0.545   122.54    58.10    40.60    28.04    23.52  3 -3.59e-07      0.00 7.508e-01 2.491e-01 2.346e-05 6.329e-06 5.740e-05 -1.000 1.305e-04 -9.911 -8.466 -8.759 -9.016 -9.258 -9.315 -9.937 -9.902 -9.932 -9.949 -9.961 -9.979 -9.993 -10.018 -10.023 -10.081 -10.091 -10.206
0.00012351 -2.10000 6.70000 44.1617431641 2.6327675042   44.019  5.872  3.8880  0.713    7  0.000  0.545   134.70    61.87    43.11    29.80    25.00  3 -3.63e-07      0.00 7.508e-01 2.491e-01 2.346e-05 6.329e-06 5.740e-05 -1.000 1.305e-04 -9.910 -8.252 -8.593 -8.894 -9.179 -9.253 -9.943 -9.917 -9.946 -9.965 -9.978 -9.997 -10.012 -10.040 -10.046 -10.110 -10.121 -10.243
0.00012351 -2.10000 6.70000 44.1631431580 2.6327675524   44.021  5.871  3.8723  0.652    7  0.000  0.545   159.37    69.18    47.96    33.21    27.86  3 -3.81e-07      0.00 7.508e-01 2.491e-01 2.346e-05 6.329e-06 5.740e-05 -1.000 1.304e-04 -9.908 -7.887 -8.324 -8.713 -9.071 -9.172 -9.918 -9.899 -9.937 -9.979 -9.998 -10.023 -10.043 -10.080 -10.087 -10.165 -10.176 -10.306
0.00012351 -2.10000 6.70000 44.1644935608 2.6327675989   44.022  5.870  3.8581  0.596    7  0.000  0.545   185.55    76.53    52.82    36.63    30.74  3 -3.89e-07      0.00 7.508e-01 2.491e-01 2.346e-05 6.329e-06 5.740e-05 -1.000 1.305e-04 -9.906 -7.497 -8.008 -8.511 -8.952 -9.084 -9.902 -9.892 -9.930 -9.983 -10.004 -10.034 -10.058 -10.104 -10.114 -10.205 -10.217 -10.355
0.00012351 -2.10000 6.70000 44.1657752991 2.6327676431   44.024  5.869  3.8447  0.543    7  0.000  0.545   211.65    84.14    57.82    40.16    33.70  3  -3.9e-07      0.00 7.508e-01 2.491e-01 2.346e-05 6.329e-06 5.740e-05 -1.000 1.305e-04 -9.902 -7.192 -7.726 -8.347 -8.862 -9.026 -9.858 -9.856 -9.900 -9.974 -10.001 -10.038 -10.068 -10.125 -10.138 -10.243 -10.256 -10.395
0.00012351 -2.10000 6.70000 44.1670036316 2.6327676854   44.025  5.868  3.8318  0.493    7  0.000  0.545   228.94    92.10    63.04    43.84    36.80  3 -3.97e-07      0.00 7.508e-01 2.491e-01 2.346e-05 6.329e-06 5.740e-05 -1.000 1.305e-04 -9.899 -6.938 -7.458 -8.198 -8.782 -8.979 -9.804 -9.811 -9.861 -9.962 -9.994 -10.040 -10.076 -10.145 -10.161 -10.281 -10.293 -10.432
0.00012351 -2.10000 6.70000 44.1681518555 2.6327677249   44.026  5.867  3.8204  0.449    7  0.000  0.545   245.51    99.82    68.07    47.40    39.80  3 -4.05e-07      0.00 7.508e-01 2.491e-01 2.346e-05 6.329e-06 5.740e-05 -1.000 1.305e-04 -9.897 -6.774 -7.247 -8.087 -8.728 -8.956 -9.736 -9.751 -9.812 -9.945 -9.984 -10.039 -10.081 -10.163 -10.181 -10.314 -10.326 -10.464
0.00012351 -2.10000 6.70000 44.1692276001 2.6327677620   44.027  5.866  3.8105  0.410    7  0.000  0.545   260.81   107.02    72.76    50.71    42.59  3 -4.09e-07      0.00 7.508e-01 2.491e-01 2.346e-05 6.329e-06 5.740e-05 -1.000 1.305e-04 -9.894 -6.656 -7.075 -7.996 -8.685 -8.940 -9.668 -9.690 -9.763 -9.927 -9.974 -10.036 -10.085 -10.178 -10.199 -10.343 -10.355 -10.491
0.00012351 -2.10000 6.70000 44.1706924438 2.6327678124   44.028  5.865  3.7994  0.367    7  0.000  0.545   279.33   115.83    78.46    54.75    45.99  3 -8.54e-07      0.00 7.508e-01 2.491e-01 2.346e-05 6.329e-06 5.740e-05 -1.000 1.305e-04 -9.892 -6.567 -6.914 -7.909 -8.648 -8.933 -9.577 -9.606 -9.698 -9.905 -9.960 -10.033 -10.089 -10.195 -10.218 -10.376 -10.387 -10.523
0.00012351 -2.10000 6.70000 44.1719779968 2.6327678567   44.030  5.864  3.7899  0.329    7  0.000  0.545   296.08   123.86    83.65    58.43    49.09  3 -8.44e-07      0.00 7.508e-01 2.491e-01 2.346e-05 6.329e-06 5.740e-05 -1.000 1.305e-04 -9.890 -6.488 -6.736 -7.805 -8.599 -8.912 -9.504 -9.538 -9.644 -9.885 -9.946 -10.027 -10.090 -10.205 -10.231 -10.400 -10.411 -10.549
0.00012351 -2.10000 6.70000 44.1737289429 2.6327679170   44.030  5.863  3.7775  0.281    7  0.000  0.545   319.41   135.17    90.93    63.60    53.44  3 -8.21e-07      0.00 7.508e-01 2.491e-01 2.345e-05 6.329e-06 5.740e-05 -1.000 1.305e-04 -9.887 -6.380 -6.456 -7.629 -8.512 -8.862 -9.409 -9.451 -9.573 -9.854 -9.924 -10.015 -10.085 -10.214 -10.243 -10.428 -10.439 -10.580
0.00012351 -2.10000 6.70000 44.1752853394 2.6327679706   44.032  5.861  3.7677  0.243    7  0.000  0.545   338.96   144.75    97.08    67.96    57.12  3 -8.03e-07      0.00 7.508e-01 2.491e-01 2.345e-05 6.330e-06 5.740e-05 -1.000 1.305e-04 -9.883 -6.296 -6.221 -7.470 -8.423 -8.800 -9.321 -9.372 -9.509 -9.824 -9.900 -10.001 -10.077 -10.218 -10.250 -10.448 -10.459 -10.603
0.00012351 -2.10000 6.70000 44.1770210266 2.6327680303   44.034  5.859  3.7579  0.206    7  0.000  0.545   359.23   154.77   103.48    72.52    60.96  3 -7.76e-07      0.00 7.508e-01 2.491e-01 2.344e-05 6.331e-06 5.740e-05 -1.000 1.305e-04 -9.878 -6.224 -6.004 -7.327 -8.349 -8.754 -9.231 -9.290 -9.441 -9.791 -9.873 -9.983 -10.065 -10.216 -10.251 -10.462 -10.473 -10.621
0.00012351 -2.10000 6.70000 44.1784362793 2.6327680791   44.034  5.857  3.7505  0.179    7  0.000  0.545   375.09   162.67   108.52    76.11    63.98  3 -7.57e-07      0.00 7.508e-01 2.491e-01 2.343e-05 6.331e-06 5.740e-05 -1.000 1.305e-04 -9.873 -6.170 -5.824 -7.206 -8.285 -8.712 -9.162 -9.227 -9.389 -9.763 -9.850 -9.966 -10.052 -10.212 -10.249 -10.469 -10.480 -10.632
