 Zini     MH   logAge Mini        int_IMF         Mass   logL    logTe  logg  label   McoreTP C_O  period0  period1  period2  period3  period4  pmode  Mloss  tau1m   X   Y   Xc  Xn  Xo  Cexcess  Z 	 mbolmag  F170Wmag  F218Wmag  F255Wmag  F300Wmag  F336Wmag  F380Wmag  F439Wmag  F450Wmag  F555Wmag  F569Wmag  F606Wmag  F622Wmag  F675Wmag  F702Wmag  F791Wmag  F814Wmag  F850LPmag
0.00015547 -2.00000 9.80000 0.0936335474 1.1156111859    0.094 -3.057  3.5122  5.467    1  0.000  0.545     0.00     0.00     0.00     0.00     0.00 -1 -6.67e-17      0.00 7.491e-01 2.508e-01 2.943e-05 7.939e-06 7.201e-05 -1.000 1.637e-04 12.412 16.968 21.918 21.938 18.031 17.231 17.539 16.430 15.664 14.131 13.920 13.484 13.279 12.788 12.521 11.737 11.690 11.264
0.00015547 -2.00000 9.80000 0.0972274095 1.1475195584    0.097 -2.944  3.5280  5.433    1  0.000  0.545     0.00     0.00     0.00     0.00     0.00 -1 -8.82e-17      0.00 7.486e-01 2.512e-01 2.943e-05 7.939e-06 7.201e-05 -1.000 1.637e-04 12.130 16.658 21.562 21.218 17.494 16.660 16.714 15.772 15.099 13.640 13.432 13.033 12.823 12.390 12.167 11.466 11.422 11.025
0.00015547 -2.00000 9.80000 0.1035686657 1.2002435386    0.103 -2.755  3.5543  5.377    1  0.000  0.545     0.00     0.00     0.00     0.00     0.00 -1 -1.41e-16      0.00 7.478e-01 2.521e-01 2.943e-05 7.939e-06 7.201e-05 -1.000 1.636e-04 11.658 16.120 20.816 19.707 16.473 15.620 15.405 14.703 14.168 12.877 12.681 12.315 12.109 11.728 11.575 11.005 10.968 10.611
0.00015547 -2.00000 9.80000 0.1234388947 1.3415666635    0.123 -2.481  3.5822  5.290    1  0.000  0.545     0.00     0.00     0.00     0.00     0.00 -1 -2.68e-16      0.00 7.461e-01 2.538e-01 2.943e-05 7.939e-06 7.201e-05 -1.000 1.636e-04 10.972 15.352 19.548 17.791 15.133 14.301 13.989 13.475 13.043 11.946 11.765 11.434 11.244 10.895 10.791 10.322 10.291 9.971
0.00015547 -2.00000 9.80000 0.1433091313 1.4560320467    0.143 -2.308  3.5956  5.236    1  0.000  0.545     0.00     0.00     0.00     0.00     0.00 -1 -3.94e-16      0.00 7.448e-01 2.550e-01 2.943e-05 7.939e-06 7.201e-05 -1.000 1.637e-04 10.540 14.879 18.708 16.791 14.378 13.567 13.267 12.823 12.424 11.414 11.242 10.934 10.754 10.422 10.328 9.891 9.862 9.558
0.00015547 -2.00000 9.80000 0.1631793529 1.5515256888    0.163 -2.175  3.6044  5.195    1  0.000  0.545     0.00     0.00     0.00     0.00     0.00 -1 -5.26e-16      0.00 7.439e-01 2.559e-01 2.943e-05 7.939e-06 7.201e-05 -1.000 1.637e-04 10.208 14.519 18.122 16.132 13.841 13.043 12.765 12.359 11.979 11.020 10.854 10.561 10.387 10.065 9.978 9.557 9.529 9.236
0.00015547 -2.00000 9.80000 0.2029198408 1.7036916969    0.203 -1.964  3.6163  5.126    1  0.000  0.545     0.00     0.00     0.00     0.00     0.00 -1 -8.29e-16      0.00 7.430e-01 2.568e-01 2.943e-05 7.940e-06 7.201e-05 -1.000 1.637e-04 9.680 13.950 17.245 15.187 13.041 12.262 12.026 11.666 11.307 10.413 10.254 9.980 9.815 9.508 9.427 9.026 9.000 8.722
0.00015547 -2.00000 9.80000 0.2525953948 1.8468695073    0.252 -1.763  3.6270  5.064    1  0.000  0.545     0.00     0.00     0.00     0.00     0.00 -1 -1.27e-15      0.00 7.429e-01 2.570e-01 2.943e-05 7.940e-06 7.201e-05 -1.000 1.636e-04 9.179 13.409 16.362 14.307 12.298 11.541 11.352 11.028 10.684 9.843 9.690 9.433 9.275 8.982 8.906 8.521 8.497 8.231
0.00015547 -2.00000 9.80000 0.3022710085 1.9574397077    0.302 -1.607  3.6357  5.020    1  0.000  0.545     0.00     0.00     0.00     0.00     0.00 -1 -1.75e-15      0.00 7.429e-01 2.569e-01 2.942e-05 7.940e-06 7.201e-05 -1.000 1.636e-04 8.787 12.983 15.654 13.619 11.713 10.975 10.829 10.532 10.199 9.398 9.250 9.006 8.854 8.571 8.498 8.127 8.105 7.849
0.00015547 -2.00000 9.80000 0.3519465327 2.0465963009    0.352 -1.478  3.6437  4.990    1  0.000  0.545     0.00     0.00     0.00     0.00     0.00 -1 -2.26e-15      0.00 7.433e-01 2.566e-01 2.941e-05 7.941e-06 7.201e-05 -1.000 1.636e-04 8.466 12.629 15.081 13.050 11.220 10.499 10.395 10.122 9.799 9.030 8.886 8.654 8.507 8.233 8.163 7.804 7.782 7.536
0.00015547 -2.00000 9.80000 0.4016221166 2.1207314881    0.401 -1.361  3.6522  4.963    1  0.000  0.545     0.00     0.00     0.00     0.00     0.00 -1 -2.85e-15      0.00 7.504e-01 2.494e-01 2.943e-05 7.939e-06 7.201e-05 -1.000 1.637e-04 8.172 12.300 14.543 12.506 10.745 10.042 9.987 9.738 9.424 8.689 8.550 8.328 8.186 7.922 7.855 7.508 7.487 7.251
0.00015547 -2.00000 9.80000 0.4512977004 2.1838121607    0.451 -1.216  3.6658  4.923    1  0.000  0.545     0.00     0.00     0.00     0.00     0.00 -1 -3.93e-15      0.00 7.507e-01 2.491e-01 2.943e-05 7.939e-06 7.201e-05 -1.000 1.636e-04 7.809 11.876 13.712 11.722 10.093 9.426 9.448 9.241 8.943 8.258 8.126 7.921 7.787 7.537 7.475 7.145 7.127 6.906
0.00015547 -2.00000 9.80000 0.4881251156 2.2250203338    0.488 -1.095  3.6779  4.885    1  0.000  0.545     0.00     0.00     0.00     0.00     0.00 -1 -5.21e-15      0.00 7.510e-01 2.488e-01 2.941e-05 7.935e-06 7.196e-05 -1.000 1.637e-04 7.508 11.514 12.952 11.037 9.535 8.905 8.997 8.827 8.544 7.902 7.775 7.584 7.457 7.220 7.161 6.847 6.830 6.622
0.00015547 -2.00000 9.80000 0.5009732842 2.2384552293    0.501 -1.055  3.6819  4.873    1  0.000  0.545     0.00     0.00     0.00     0.00     0.00 -1 -5.73e-15      0.00 7.511e-01 2.488e-01 2.940e-05 7.933e-06 7.195e-05 -1.000 1.636e-04 7.408 11.393 12.705 10.814 9.353 8.735 8.850 8.692 8.414 7.786 7.661 7.474 7.349 7.115 7.058 6.749 6.732 6.529
0.00015547 -2.00000 9.80000 0.5506489277 2.2841947944    0.550 -0.877  3.6999  4.807    1  0.000  0.545     0.00     0.00     0.00     0.00     0.00 -1 -8.88e-15      0.00 7.687e-01 2.311e-01 2.744e-05 7.404e-06 6.717e-05 -1.000 1.555e-04 6.962 10.841 11.571 9.827 8.553 7.992 8.202 8.098 7.844 7.274 7.157 6.987 6.872 6.654 6.602 6.314 6.300 6.115
0.00015547 -2.00000 9.80000 0.6003244519 2.3213410765    0.600 -0.695  3.7219  4.751    1  0.000  0.544     0.00     0.00     0.00     0.00     0.00 -1 -1.38e-14      0.00 7.754e-01 2.245e-01 2.673e-05 7.214e-06 6.546e-05 -1.000 1.484e-04 6.508 10.214 10.245 8.760 7.717 7.229 7.535 7.488 7.264 6.761 6.653 6.502 6.396 6.197 6.150 5.887 5.875 5.711
0.00015547 -2.00000 9.80000 0.6107459068 2.3282574459    0.610 -0.656  3.7272  4.741    1  0.000  0.544     0.00     0.00     0.00     0.00     0.00 -1 -1.51e-14      0.00 7.771e-01 2.227e-01 2.654e-05 7.165e-06 6.502e-05 -1.000 1.636e-04 6.411 10.065 9.949 8.527 7.536 7.066 7.391 7.356 7.140 6.652 6.546 6.399 6.295 6.101 6.055 5.798 5.786 5.627
0.00015547 -2.00000 9.80000 0.6321092844 2.3416192083    0.632 -0.577  3.7379  4.720    1  0.000  0.544     0.00     0.00     0.00     0.00     0.00 -1 -1.83e-14      0.00 7.810e-01 2.188e-01 2.613e-05 7.056e-06 6.404e-05 -1.000 1.512e-04 6.213 9.752 9.364 8.069 7.180 6.745 7.107 7.094 6.891 6.433 6.332 6.192 6.093 5.907 5.864 5.618 5.607 5.458
0.00015547 -2.00000 9.80000 0.6499999762 2.3520353107    0.650 -0.511  3.7469  4.702    1  0.000  0.544     0.00     0.00     0.00     0.00     0.00 -1 -2.14e-14      0.00 7.846e-01 2.153e-01 2.576e-05 6.958e-06 6.315e-05 -1.000 1.024e-04 6.049 9.456 8.869 7.694 6.895 6.491 6.878 6.881 6.689 6.255 6.157 6.025 5.929 5.750 5.709 5.472 5.462 5.322
0.00015547 -2.00000 9.80000 0.6549846530 2.3548211196    0.655 -0.493  3.7494  4.697    1  0.000  0.544     0.00     0.00     0.00     0.00     0.00 -1 -2.23e-14      0.00 7.858e-01 2.141e-01 2.564e-05 6.924e-06 6.285e-05 -1.000 1.058e-04 6.003 9.370 8.731 7.589 6.815 6.421 6.814 6.822 6.633 6.206 6.109 5.978 5.883 5.707 5.666 5.432 5.422 5.284
0.00015547 -2.00000 9.80000 0.6780496240 2.3671006311    0.678 -0.408  3.7606  4.672    1  0.000  0.544     0.00     0.00     0.00     0.00     0.00 -1 -2.75e-14      0.00 7.918e-01 2.080e-01 2.501e-05 6.757e-06 6.136e-05 -1.000 1.539e-04 5.791 8.948 8.130 7.128 6.459 6.104 6.528 6.552 6.376 5.980 5.888 5.766 5.676 5.509 5.471 5.248 5.240 5.111
0.00015547 -2.00000 9.80000 0.6988237500 2.3773663732    0.699 -0.332  3.7704  4.648    1  0.000  0.543     0.00     0.00     0.00     0.00     0.00 -1 -3.31e-14      0.00 7.980e-01 2.019e-01 2.437e-05 6.588e-06 5.983e-05 -1.000 1.628e-04 5.601 8.557 7.647 6.749 6.162 5.840 6.283 6.319 6.154 5.783 5.695 5.579 5.493 5.334 5.298 5.085 5.077 4.957
0.00015547 -2.00000 9.80000 0.6999999881 2.3779266974    0.700 -0.328  3.7709  4.647    1  0.000  0.543     0.00     0.00     0.00     0.00     0.00 -1 -3.35e-14      0.00 7.983e-01 2.015e-01 2.433e-05 6.578e-06 5.974e-05 -1.000 1.637e-04 5.590 8.535 7.622 6.729 6.146 5.826 6.269 6.306 6.142 5.772 5.685 5.569 5.483 5.324 5.288 5.075 5.068 4.948
0.00015547 -2.00000 9.80000 0.7017157674 2.3787401703    0.702 -0.322  3.7717  4.645    1  0.000  0.543     0.00     0.00     0.00     0.00     0.00 -1  -3.4e-14      0.00 7.990e-01 2.008e-01 2.425e-05 6.558e-06 5.957e-05 -1.000 1.614e-04 5.574 8.503 7.586 6.700 6.122 5.806 6.250 6.287 6.124 5.756 5.669 5.553 5.468 5.310 5.274 5.062 5.055 4.935
0.00015547 -2.00000 9.80000 0.7174563408 2.3859946487    0.717 -0.264  3.7788  4.625    1  0.000  0.540     0.00     0.00     0.00     0.00     0.00 -1 -3.92e-14      0.00 8.058e-01 1.941e-01 2.346e-05 6.371e-06 5.791e-05 -1.000 1.477e-04 5.431 8.211 7.256 6.436 5.909 5.616 6.071 6.115 5.959 5.608 5.524 5.413 5.331 5.177 5.143 4.938 4.931 4.817
0.00015547 -2.00000 9.80000 0.7318453789 2.3923132270    0.732 -0.212  3.7850  4.606    1  0.000  0.538     0.00     0.00     0.00     0.00     0.00 -1 -4.48e-14      0.00 8.124e-01 1.875e-01 2.269e-05 6.186e-06 5.628e-05 -1.000 1.225e-04 5.299 7.945 6.973 6.206 5.722 5.449 5.910 5.958 5.809 5.473 5.392 5.285 5.205 5.057 5.023 4.825 4.818 4.710
0.00015547 -2.00000 9.80000 0.7450505495 2.3978656417    0.745 -0.163  3.7906  4.587    1  0.000  0.535     0.00     0.00     0.00     0.00     0.00 -1 -5.08e-14      0.00 8.188e-01 1.811e-01 2.197e-05 6.011e-06 5.473e-05 -1.000 1.185e-04 5.177 7.705 6.725 6.002 5.555 5.299 5.763 5.814 5.671 5.348 5.269 5.166 5.089 4.945 4.912 4.719 4.714 4.610
0.00015547 -2.00000 9.80000 0.7500000000 2.3998889087    0.750 -0.145  3.7926  4.580    1  0.000  0.534     0.00     0.00     0.00     0.00     0.00 -1 -5.32e-14      0.00 8.212e-01 1.787e-01 2.170e-05 5.945e-06 5.415e-05 -1.000 1.066e-04 5.132 7.617 6.637 5.930 5.495 5.245 5.709 5.761 5.619 5.301 5.223 5.122 5.045 4.903 4.871 4.680 4.674 4.572
0.00015547 -2.00000 9.80000 0.7523495555 2.4008386656    0.752 -0.136  3.7936  4.577    1  0.000  0.534     0.00     0.00     0.00     0.00     0.00 -1 -5.44e-14      0.00 8.216e-01 1.783e-01 2.168e-05 5.941e-06 5.412e-05 -1.000 9.999e-05 5.110 7.576 6.596 5.896 5.466 5.220 5.683 5.735 5.595 5.279 5.202 5.101 5.024 4.883 4.851 4.661 4.655 4.554
0.00015547 -2.00000 9.80000 0.7656111717 2.4060739210    0.765 -0.087  3.7988  4.556    1  0.000  0.534     0.00     0.00     0.00     0.00     0.00 -1 -6.19e-14      0.00 8.235e-01 1.764e-01 2.163e-05 5.932e-06 5.406e-05 -1.000 1.104e-04 4.987 7.345 6.367 5.704 5.306 5.076 5.538 5.592 5.457 5.153 5.078 4.980 4.906 4.769 4.738 4.553 4.548 4.451
0.00015547 -2.00000 9.80000 0.7779695392 2.4107682934    0.778 -0.040  3.8037  4.536    1  0.000  0.533     0.00     0.00     0.00     0.00     0.00 -1 -6.99e-14      0.00 8.249e-01 1.750e-01 2.163e-05 5.935e-06 5.412e-05 -1.000 1.052e-04 4.871 7.135 6.163 5.532 5.162 4.946 5.403 5.458 5.327 5.034 4.961 4.867 4.794 4.661 4.631 4.451 4.446 4.353
0.00015547 -2.00000 9.80000 0.7899740934 2.4151669184    0.790  0.005  3.8084  4.516    1  0.000  0.532     0.00     0.00     0.00     0.00     0.00 -1 -7.89e-14      0.00 8.260e-01 1.738e-01 2.166e-05 5.946e-06 5.424e-05 -1.000 1.198e-04 4.757 6.933 5.969 5.368 5.023 4.821 5.272 5.326 5.200 4.917 4.846 4.755 4.684 4.554 4.525 4.350 4.346 4.257
0.00015547 -2.00000 9.80000 0.8000000119 2.4187244405    0.799  0.044  3.8122  4.498    1  0.000  0.532     0.00     0.00     0.00     0.00     0.00 -1 -8.74e-14      0.00 8.268e-01 1.730e-01 2.170e-05 5.959e-06 5.438e-05 -1.000 1.355e-04 4.660 6.768 5.812 5.235 4.910 4.718 5.162 5.215 5.092 4.817 4.748 4.659 4.590 4.464 4.436 4.264 4.260 4.174
0.00015547 -2.00000 9.80000 0.8077294827 2.4213978858    0.807  0.074  3.8153  4.484    1  0.000  0.532     0.00     0.00     0.00     0.00     0.00 -1 -9.46e-14      0.00 8.269e-01 1.730e-01 2.172e-05 5.965e-06 5.444e-05 -1.000 1.204e-04 4.586 6.649 5.700 5.138 4.825 4.640 5.077 5.129 5.009 4.740 4.672 4.585 4.517 4.393 4.365 4.197 4.193 4.110
0.00015547 -2.00000 9.80000 0.8184676766 2.4250157775    0.818  0.116  3.8195  4.465    1  0.000  0.532     0.00     0.00     0.00     0.00     0.00 -1 -1.06e-13      0.00 8.269e-01 1.729e-01 2.175e-05 5.976e-06 5.455e-05 -1.000 1.394e-04 4.480 6.484 5.543 5.001 4.705 4.531 4.957 5.007 4.891 4.630 4.564 4.479 4.413 4.292 4.265 4.101 4.098 4.018
0.00015547 -2.00000 9.80000 0.8289563060 2.4284457239    0.828  0.159  3.8237  4.444    1  0.000  0.531     0.00     0.00     0.00     0.00     0.00 -1 -1.19e-13      0.00 8.268e-01 1.730e-01 2.179e-05 5.989e-06 5.468e-05 -1.000 1.277e-04 4.374 6.322 5.392 4.868 4.588 4.423 4.837 4.885 4.773 4.519 4.454 4.373 4.308 4.190 4.164 4.005 4.001 3.925
0.00015547 -2.00000 9.80000 0.8430589437 2.4329031650    0.842  0.218  3.8294  4.415    1  0.000  0.531     0.00     0.00     0.00     0.00     0.00 -1  -1.4e-13      0.00 8.265e-01 1.733e-01 2.187e-05 6.012e-06 5.489e-05 -1.000 1.227e-04 4.225 6.098 5.183 4.685 4.426 4.273 4.670 4.715 4.608 4.364 4.302 4.224 4.161 4.048 4.023 3.869 3.866 3.795
0.00015547 -2.00000 9.80000 0.8500000238 2.4350346840    0.849  0.248  3.8322  4.400    1  0.000  0.531     0.00     0.00     0.00     0.00     0.00 -1 -1.52e-13      0.00 8.263e-01 1.736e-01 2.191e-05 6.024e-06 5.501e-05 -1.000 1.245e-04 4.149 5.988 5.081 4.596 4.347 4.199 4.585 4.629 4.523 4.285 4.224 4.148 4.086 3.975 3.951 3.800 3.797 3.729
0.00015547 -2.00000 9.80000 0.8598347306 2.4379871424    0.859  0.293  3.8366  4.378    1  0.000  0.531     0.00     0.00     0.00     0.00     0.00 -1 -1.71e-13      0.00 8.262e-01 1.737e-01 2.192e-05 6.026e-06 5.503e-05 -1.000 1.331e-04 4.039 5.825 4.932 4.466 4.230 4.091 4.461 4.501 4.400 4.169 4.109 4.036 3.977 3.870 3.846 3.700 3.697 3.632
0.00015547 -2.00000 9.80000 0.8699343204 2.4409393609    0.869  0.340  3.8413  4.354    1  0.000  0.531     0.00     0.00     0.00     0.00     0.00 -1 -1.95e-13      0.00 8.260e-01 1.738e-01 2.193e-05 6.030e-06 5.506e-05 -1.000 1.459e-04 3.919 5.651 4.774 4.327 4.106 3.977 4.327 4.363 4.266 4.044 3.986 3.916 3.858 3.755 3.732 3.591 3.589 3.528
0.00015547 -2.00000 9.80000 0.8794681430 2.4436547727    0.878  0.388  3.8459  4.329    1  0.000  0.531     0.00     0.00     0.00     0.00     0.00 -1 -2.23e-13      0.00 8.258e-01 1.740e-01 2.195e-05 6.034e-06 5.509e-05 -1.000 1.374e-04 3.801 5.481 4.620 4.192 3.985 3.864 4.194 4.227 4.133 3.919 3.863 3.796 3.741 3.642 3.620 3.484 3.482 3.424
0.00015547 -2.00000 9.80000 0.8880935311 2.4460537654    0.887  0.433  3.8501  4.305    1  0.000  0.531     0.00     0.00     0.00     0.00     0.00 -1 -2.53e-13      0.00 8.256e-01 1.742e-01 2.197e-05 6.039e-06 5.514e-05 -1.000 1.142e-04 3.688 5.321 4.475 4.064 3.870 3.757 4.067 4.097 4.007 3.800 3.746 3.682 3.629 3.533 3.512 3.381 3.379 3.325
0.00015547 -2.00000 9.80000 0.8987261653 2.4489382841    0.897  0.491  3.8554  4.273    1  0.000  0.531     0.00     0.00     0.00     0.00     0.00 -1 -2.98e-13      0.00 8.253e-01 1.745e-01 2.200e-05 6.047e-06 5.520e-05 -1.000 1.392e-04 3.542 5.120 4.293 3.904 3.725 3.621 3.905 3.930 3.844 3.647 3.595 3.535 3.483 3.393 3.373 3.247 3.246 3.196
0.00015547 -2.00000 9.80000 0.8999999762 2.4492786016    0.899  0.498  3.8560  4.270    1  0.000  0.531     0.00     0.00     0.00     0.00     0.00 -1 -3.04e-13      0.00 8.253e-01 1.746e-01 2.200e-05 6.048e-06 5.521e-05 -1.000 1.458e-04 3.524 5.095 4.271 3.885 3.707 3.604 3.885 3.909 3.824 3.628 3.577 3.517 3.466 3.376 3.356 3.231 3.230 3.180
0.00015547 -2.00000 9.80000 0.9003574848 2.4493739164    0.899  0.500  3.8562  4.269    1  0.000  0.531     0.00     0.00     0.00     0.00     0.00 -1 -3.06e-13      0.00 8.253e-01 1.746e-01 2.200e-05 6.047e-06 5.521e-05 -1.000 1.471e-04 3.520 5.088 4.265 3.879 3.702 3.600 3.879 3.904 3.819 3.623 3.572 3.512 3.461 3.371 3.351 3.227 3.225 3.176
0.00015547 -2.00000 9.80000 0.9099354148 2.4518954421    0.908  0.556  3.8618  4.240    1  0.000  0.531     0.00     0.00     0.00     0.00     0.00 -1 -3.57e-13      0.00 8.252e-01 1.746e-01 2.201e-05 6.048e-06 5.522e-05 -1.000 1.469e-04 3.381 4.892 4.090 3.726 3.564 3.471 3.723 3.742 3.662 3.476 3.427 3.371 3.323 3.238 3.219 3.101 3.100 3.055
0.00015547 -2.00000 9.80000 0.9192945957 2.4543010997    0.918  0.615  3.8668  4.205    1  0.000  0.531     0.00     0.00     0.00     0.00     0.00 -1 -4.23e-13      0.00 8.246e-01 1.753e-01 2.207e-05 6.066e-06 5.538e-05 -1.000 1.117e-04 3.233 4.697 3.916 3.572 3.422 3.337 3.560 3.574 3.498 3.322 3.275 3.223 3.177 3.097 3.079 2.967 2.966 2.924
0.00015547 -2.00000 9.80000 0.9277070761 2.4564158515    0.926  0.672  3.8707  4.167    1  0.000  0.532     0.00     0.00     0.00     0.00     0.00 -1 -5.04e-13      0.00 8.230e-01 1.769e-01 2.222e-05 6.105e-06 5.572e-05 -1.000 1.198e-04 3.089 4.517 3.754 3.425 3.284 3.205 3.402 3.412 3.340 3.171 3.126 3.077 3.033 2.956 2.939 2.833 2.832 2.792
0.00015547 -2.00000 9.80000 0.9285421371 2.4566233685    0.927  0.678  3.8711  4.163    1  0.000  0.532     0.00     0.00     0.00     0.00     0.00 -1 -5.15e-13      0.00 8.228e-01 1.771e-01 2.223e-05 6.109e-06 5.576e-05 -1.000 1.214e-04 3.074 4.499 3.738 3.410 3.270 3.191 3.386 3.396 3.324 3.155 3.111 3.062 3.018 2.942 2.925 2.819 2.818 2.778
0.00015547 -2.00000 9.80000 0.9329723716 2.4577171630    0.931  0.714  3.8715  4.131    1  0.000  0.532     0.00     0.00     0.00     0.00     0.00 -1 -5.76e-13      0.00 8.219e-01 1.780e-01 2.232e-05 6.132e-06 5.597e-05 -1.000 1.302e-04 2.985 4.408 3.651 3.327 3.187 3.109 3.293 3.301 3.230 3.063 3.019 2.970 2.927 2.852 2.835 2.730 2.729 2.689
0.00015547 -2.00000 9.80000 0.9383198023 2.4590215987    0.937  0.761  3.8702  4.081    1  0.000  0.532     0.00     0.00     0.00     0.00     0.00 -1 -6.76e-13      0.00 8.208e-01 1.791e-01 2.242e-05 6.160e-06 5.622e-05 -1.000 1.408e-04 2.868 4.309 3.552 3.224 3.081 3.001 3.175 3.182 3.111 2.943 2.899 2.850 2.806 2.731 2.714 2.608 2.607 2.566
0.00015547 -2.00000 9.80000 0.9412507415 2.4597293359    0.939  0.789  3.8683  4.047    1  0.000  0.532     0.00     0.00     0.00     0.00     0.00 -1 -7.49e-13      0.00 8.202e-01 1.797e-01 2.248e-05 6.176e-06 5.636e-05 -1.000 1.465e-04 2.798 4.263 3.501 3.168 3.019 2.936 3.107 3.115 3.043 2.874 2.829 2.779 2.734 2.657 2.640 2.533 2.531 2.489
0.00015547 -2.00000 9.80000 0.9422227740 2.4599629359    0.940  0.799  3.8667  4.031    1  0.000  0.532     0.00     0.00     0.00     0.00     0.00 -1 -7.83e-13      0.00 8.200e-01 1.799e-01 2.250e-05 6.181e-06 5.640e-05 -1.000 1.485e-04 2.772 4.255 3.489 3.150 2.997 2.911 3.084 3.093 3.019 2.848 2.802 2.751 2.706 2.628 2.610 2.501 2.500 2.456
0.00015547 -2.00000 9.80000 0.9455147982 2.4607499775    0.944  0.838  3.8586  3.961    2  0.000  0.532     0.00     0.00     0.00     0.00     0.00 -1 -9.23e-13      0.00 8.193e-01 1.805e-01 2.256e-05 6.198e-06 5.655e-05 -1.000 1.549e-04 2.675 4.252 3.461 3.095 2.920 2.821 3.005 3.017 2.938 2.756 2.707 2.652 2.603 2.519 2.500 2.382 2.380 2.331
0.00015547 -2.00000 9.80000 0.9480072856 2.4613416900    0.946  0.871  3.8486  3.890    2  0.000  0.532     0.00     0.00     0.00     0.00     0.00 -1 -1.08e-12      0.00 8.188e-01 1.810e-01 2.261e-05 6.210e-06 5.667e-05 -1.000 1.598e-04 2.593 4.291 3.470 3.066 2.862 2.745 2.948 2.964 2.878 2.681 2.629 2.567 2.515 2.422 2.402 2.274 2.271 2.214
0.00015547 -2.00000 9.80000 0.9494794011 2.4616894902    0.947  0.892  3.8401  3.835    2  0.000  0.532     0.00     0.00     0.00     0.00     0.00 -1 -1.21e-12      0.00 8.185e-01 1.813e-01 2.264e-05 6.218e-06 5.674e-05 -1.000 1.627e-04 2.539 4.341 3.496 3.059 2.828 2.697 2.916 2.936 2.844 2.633 2.578 2.511 2.456 2.356 2.334 2.197 2.194 2.131
0.00015547 -2.00000 9.80000 0.9499999285 2.4618121728    0.948  0.902  3.8355  3.807    2  0.000  0.532     0.00     0.00     0.00     0.00     0.00 -1 -1.28e-12      0.00 8.184e-01 1.814e-01 2.265e-05 6.221e-06 5.676e-05 -1.000 1.636e-04 2.516 4.376 3.518 3.063 2.817 2.678 2.906 2.929 2.833 2.615 2.558 2.488 2.431 2.327 2.305 2.163 2.160 2.093
0.00015547 -2.00000 9.80000 0.9511157870 2.4620746480    0.949  0.921  3.8257  3.749    2  0.000  0.532     0.00     0.00     0.00     0.00     0.00 -1 -1.43e-12      0.00 8.182e-01 1.816e-01 2.267e-05 6.225e-06 5.680e-05 -1.000 1.614e-04 2.467 4.456 3.572 3.075 2.797 2.639 2.888 2.913 2.811 2.575 2.515 2.439 2.378 2.267 2.242 2.090 2.087 2.012
0.00015547 -2.00000 9.80000 0.9521405101 2.4623150631    0.950  0.941  3.8139  3.682    2  0.000  0.532     0.00     0.00     0.00     0.00     0.00 -1 -1.61e-12      0.00 8.181e-01 1.818e-01 2.268e-05 6.230e-06 5.684e-05 -1.000 1.592e-04 2.417 4.568 3.658 3.107 2.787 2.606 2.876 2.905 2.793 2.537 2.472 2.389 2.323 2.203 2.176 2.013 2.008 1.924
0.00015547 -2.00000 9.80000 0.9529479146 2.4625040733    0.951  0.958  3.8031  3.622    2  0.000  0.532     0.00     0.00     0.00     0.00     0.00 -1  -1.8e-12      0.00 8.179e-01 1.819e-01 2.269e-05 6.233e-06 5.687e-05 -1.000 1.577e-04 2.375 4.690 3.761 3.151 2.786 2.580 2.876 2.906 2.785 2.508 2.438 2.347 2.277 2.148 2.120 1.945 1.940 1.846
0.00015547 -2.00000 9.80000 0.9535165429 2.4626369660    0.951  0.970  3.7946  3.577    2  0.000  0.532     0.00     0.00     0.00     0.00     0.00 -1 -1.94e-12      0.00 8.178e-01 1.820e-01 2.270e-05 6.235e-06 5.689e-05 -1.000 1.565e-04 2.345 4.797 3.859 3.198 2.795 2.570 2.881 2.913 2.783 2.488 2.415 2.319 2.246 2.110 2.079 1.896 1.890 1.790
0.00015547 -2.00000 9.80000 0.9539426565 2.4627364325    0.952  0.978  3.7879  3.542    2  0.000  0.532     0.00     0.00     0.00     0.00     0.00 -1 -2.06e-12      0.00 8.166e-01 1.833e-01 2.284e-05 6.272e-06 5.722e-05 -1.000 1.443e-04 2.324 4.884 3.943 3.241 2.807 2.566 2.889 2.920 2.785 2.476 2.400 2.299 2.223 2.082 2.050 1.860 1.854 1.748
0.00015547 -2.00000 9.80000 0.9543941617 2.4628417147    0.952  0.987  3.7807  3.505    2  0.000  0.532     0.00     0.00     0.00     0.00     0.00 -1  -2.2e-12      0.00 8.135e-01 1.864e-01 2.318e-05 6.363e-06 5.803e-05 -1.000 1.150e-04 2.303 4.985 4.044 3.294 2.825 2.567 2.901 2.932 2.789 2.465 2.386 2.280 2.201 2.055 2.021 1.824 1.817 1.705
0.00015547 -2.00000 9.80000 0.9547778368 2.4629310903    0.953  0.993  3.7748  3.475    2  0.000  0.533     0.00     0.00     0.00     0.00     0.00 -1 -2.31e-12      0.00 8.071e-01 1.928e-01 2.389e-05 6.553e-06 5.973e-05 -1.000 1.241e-04 2.287 5.080 4.152 3.355 2.850 2.575 2.913 2.942 2.793 2.455 2.374 2.265 2.184 2.032 1.998 1.794 1.787 1.670
0.00015547 -2.00000 9.80000 0.9551486373 2.4630173883    0.953  1.000  3.7691  3.446    2  0.000  0.534     0.00     0.00     0.00     0.00     0.00 -1 -2.42e-12      0.00 7.999e-01 2.000e-01 2.467e-05 6.760e-06 6.158e-05 -1.000 1.376e-04 2.271 5.173 4.260 3.416 2.875 2.584 2.925 2.952 2.797 2.447 2.362 2.250 2.167 2.011 1.975 1.766 1.758 1.637
0.00015547 -2.00000 9.80000 0.9555032253 2.4630998410    0.953  1.008  3.7645  3.419    2  0.000  0.535     0.00     0.00     0.00     0.00     0.00 -1 -2.54e-12      0.00 7.896e-01 2.102e-01 2.553e-05 6.991e-06 6.363e-05 -1.000 1.471e-04 2.251 5.239 4.349 3.465 2.893 2.588 2.930 2.954 2.795 2.433 2.347 2.231 2.146 1.987 1.951 1.736 1.728 1.603
0.00015547 -2.00000 9.80000 0.9558430910 2.4631788044    0.954  1.016  3.7601  3.394    2  0.000  0.535     0.00     0.00     0.00     0.00     0.00 -1 -2.67e-12      0.00 7.807e-01 2.192e-01 2.630e-05 7.196e-06 6.547e-05 -1.000 1.555e-04 2.231 5.300 4.432 3.509 2.908 2.590 2.933 2.955 2.791 2.419 2.331 2.213 2.126 1.963 1.926 1.707 1.699 1.569
0.00015547 -2.00000 9.80000 0.9561871886 2.4632586852    0.954  1.027  3.7562  3.367    2  0.000  0.536     0.00     0.00     0.00     0.00     0.00 -1 -2.82e-12      0.00 7.752e-01 2.246e-01 2.680e-05 7.330e-06 6.666e-05 -1.000 1.590e-04 2.202 5.339 4.508 3.547 2.917 2.587 2.928 2.946 2.778 2.396 2.307 2.186 2.097 1.932 1.893 1.671 1.662 1.529
0.00015547 -2.00000 9.80000 0.9565468431 2.4633421068    0.954  1.041  3.7525  3.338    2  0.000  0.536     0.00     0.00     0.00     0.00     0.00 -1 -3.01e-12      0.00 7.704e-01 2.294e-01 2.719e-05 7.436e-06 6.760e-05 -1.000 1.597e-04 2.166 5.366 4.569 3.573 2.916 2.576 2.914 2.929 2.757 2.366 2.275 2.151 2.062 1.893 1.854 1.628 1.618 1.483
0.00015547 -2.00000 9.80000 0.9569916129 2.4634451712    0.955  1.063  3.7486  3.301    2  0.000  0.537     0.00     0.00     0.00     0.00     0.00 -1  -3.3e-12      0.00 7.662e-01 2.337e-01 2.756e-05 7.534e-06 6.848e-05 -1.000 1.629e-04 2.112 5.377 4.622 3.587 2.901 2.549 2.884 2.896 2.720 2.319 2.226 2.100 2.009 1.837 1.797 1.566 1.557 1.417
0.00015547 -2.00000 9.80000 0.9573038220 2.4635174521    0.955  1.081  3.7462  3.274    2  0.000  0.537     0.00     0.00     0.00     0.00     0.00 -1 -3.56e-12      0.00 7.640e-01 2.358e-01 2.774e-05 7.581e-06 6.890e-05 -1.000 1.328e-04 2.068 5.371 4.648 3.588 2.883 2.523 2.855 2.865 2.686 2.279 2.185 2.057 1.965 1.791 1.751 1.518 1.508 1.366
0.00015547 -2.00000 9.80000 0.9575210214 2.4635677049    0.955  1.096  3.7449  3.254    3  0.000  0.537     0.00     0.00     0.00     0.00     0.00 -1 -3.76e-12      0.00 7.632e-01 2.367e-01 2.781e-05 7.601e-06 6.908e-05 -1.000 1.463e-04 2.031 5.353 4.647 3.574 2.859 2.496 2.826 2.834 2.654 2.244 2.149 2.020 1.928 1.753 1.712 1.478 1.468 1.325
0.00015547 -2.00000 9.80000 0.9582001567 2.4637246656    0.956  1.146  3.7414  3.190    3  0.000  0.537     0.00     0.00     0.00     0.00     0.00 -1 -4.53e-12      0.00 7.606e-01 2.392e-01 2.800e-05 7.652e-06 6.953e-05 -1.000 1.637e-04 1.905 5.281 4.622 3.513 2.771 2.397 2.722 2.726 2.542 2.124 2.028 1.897 1.803 1.625 1.584 1.346 1.336 1.190
0.00015547 -2.00000 9.80000 0.9587484002 2.4638511882    0.956  1.191  3.7391  3.136    3  0.000  0.537     0.00     0.00     0.00     0.00     0.00 -1 -5.34e-12      0.00 7.587e-01 2.411e-01 2.811e-05 7.683e-06 6.981e-05 -1.000 1.637e-04 1.793 5.203 4.580 3.447 2.686 2.306 2.625 2.627 2.441 2.016 1.919 1.787 1.692 1.513 1.471 1.230 1.220 1.072
0.00015547 -2.00000 9.80000 0.9592061043 2.4639566889    0.957  1.231  3.7374  3.089    3  0.000  0.537     0.00     0.00     0.00     0.00     0.00 -1 -6.18e-12      0.00 7.572e-01 2.426e-01 2.818e-05 7.705e-06 6.999e-05 -1.000 1.636e-04 1.693 5.125 4.533 3.382 2.608 2.223 2.537 2.537 2.348 1.920 1.822 1.688 1.593 1.413 1.370 1.128 1.117 0.967
0.00015547 -2.00000 9.80000 0.9596539736 2.4640598107    0.957  1.272  3.7357  3.042    3  0.000  0.536     0.00     0.00     0.00     0.00     0.00 -1 -7.17e-12      0.00 7.557e-01 2.441e-01 2.822e-05 7.727e-06 7.014e-05 -1.000 1.636e-04 1.590 5.044 4.482 3.313 2.526 2.137 2.445 2.443 2.252 1.820 1.722 1.587 1.491 1.310 1.267 1.023 1.012 0.861
0.00015547 -2.00000 9.80000 0.9600785971 2.4641574780    0.958  1.313  3.7341  2.994    3  0.000  0.535     0.00     0.00     0.00     0.00     0.00 -1 -8.33e-12      0.00 7.542e-01 2.456e-01 2.819e-05 7.764e-06 7.026e-05 -1.000 1.637e-04 1.487 4.961 4.427 3.242 2.443 2.049 2.352 2.348 2.156 1.720 1.621 1.486 1.389 1.206 1.164 0.918 0.907 0.754
0.00015547 -2.00000 9.80000 0.9605240822 2.4642598369    0.958  1.359  3.7326  2.942    3  0.000  0.531     0.00     0.00     0.00     0.00     0.00 -1 -9.83e-12      0.00 7.526e-01 2.473e-01 2.803e-05 7.878e-06 7.038e-05 -1.000 1.627e-04 1.372 4.869 4.364 3.162 2.350 1.952 2.248 2.241 2.047 1.608 1.509 1.372 1.275 1.092 1.048 0.801 0.790 0.635
0.00015547 -2.00000 9.80000 0.9609047174 2.4643472088    0.958  1.401  3.7311  2.895    3  0.000  0.525     0.00     0.00     0.00     0.00     0.00 -1 -1.14e-11      0.00 7.511e-01 2.488e-01 2.773e-05 8.136e-06 7.046e-05 -1.000 1.565e-04 1.268 4.784 4.307 3.089 2.265 1.863 2.153 2.144 1.949 1.507 1.407 1.270 1.172 0.987 0.944 0.695 0.684 0.528
0.00015547 -2.00000 9.80000 0.9612864852 2.4644347607    0.958  1.445  3.7296  2.845    3  0.000  0.517     0.00     0.00     0.00     0.00     0.00 -1 -1.34e-11      0.00 7.496e-01 2.503e-01 2.727e-05 8.596e-06 7.053e-05 -1.000 1.554e-04 1.157 4.694 4.248 3.013 2.176 1.769 2.052 2.042 1.845 1.399 1.299 1.160 1.063 0.877 0.833 0.582 0.571 0.414
0.00015547 -2.00000 9.80000 0.9616401792 2.4645158031    0.959  1.489  3.7281  2.795    3  0.000  0.507     0.00     0.00     0.00     0.00     0.00 -1 -1.57e-11      0.00 7.482e-01 2.516e-01 2.676e-05 9.186e-06 7.059e-05 -1.000 1.563e-04 1.047 4.602 4.190 2.938 2.087 1.677 1.953 1.940 1.741 1.292 1.191 1.052 0.954 0.767 0.723 0.471 0.459 0.301
0.00015547 -2.00000 9.80000 0.9619816542 2.4645939807    0.959  1.535  3.7266  2.743    3  0.000  0.496     0.00     0.00     0.00     0.00     0.00 -1 -1.85e-11      0.00 7.470e-01 2.529e-01 2.623e-05 9.821e-06 7.064e-05 -1.000 1.492e-04 0.933 4.506 4.130 2.860 1.995 1.580 1.850 1.834 1.634 1.181 1.080 0.940 0.841 0.653 0.608 0.355 0.343 0.183
0.00015547 -2.00000 9.80000 0.9622781873 2.4646618175    0.959  1.577  3.7251  2.695    3  0.000  0.488     0.00     0.00     0.00     0.00     0.00 -1 -2.16e-11      0.00 7.459e-01 2.539e-01 2.582e-05 1.034e-05 7.068e-05 -1.000 1.549e-04 0.827 4.417 4.076 2.788 1.910 1.491 1.754 1.736 1.534 1.078 0.976 0.835 0.736 0.546 0.502 0.247 0.235 0.073
0.00015547 -2.00000 9.80000 0.9625707269 2.4647286936    0.959  1.623  3.7236  2.643    3  0.000  0.481     0.00     0.00     0.00     0.00     0.00 -1 -2.54e-11      0.00 7.450e-01 2.548e-01 2.547e-05 1.079e-05 7.071e-05 -1.000 1.637e-04 0.713 4.322 4.017 2.710 1.819 1.395 1.652 1.632 1.428 0.968 0.865 0.723 0.624 0.433 0.388 0.132 0.120 -0.043
0.00015547 -2.00000 9.80000 0.9628346562 2.4647889892    0.959  1.667  3.7221  2.594    3  0.000  0.476     0.00     0.00     0.00     0.00     0.00 -1 -2.98e-11      0.00 7.443e-01 2.556e-01 2.520e-05 1.113e-05 7.073e-05 -1.000 1.636e-04 0.604 4.230 3.960 2.635 1.730 1.302 1.552 1.531 1.325 0.862 0.758 0.616 0.515 0.324 0.278 0.021 0.008 -0.156
0.00015547 -2.00000 9.80000 0.9630705118 2.4648428391    0.959  1.709  3.7205  2.546    3  0.000  0.472     0.00     0.00     0.00     0.00     0.00 -1 -3.47e-11      0.00 7.437e-01 2.561e-01 2.501e-05 1.136e-05 7.075e-05 -1.000 1.630e-04 0.498 4.143 3.906 2.564 1.645 1.212 1.458 1.434 1.227 0.760 0.656 0.512 0.412 0.219 0.173 -0.086 -0.099 -0.264
0.00015547 -2.00000 9.80000 0.9632988572 2.4648949454    0.959  1.753  3.7189  2.495    3  0.000  0.470     0.00     0.00     0.00     0.00     0.00 -1 -4.06e-11      0.00 7.433e-01 2.566e-01 2.487e-05 1.155e-05 7.076e-05 -1.000 1.583e-04 0.389 4.051 3.857 2.493 1.559 1.122 1.360 1.334 1.125 0.654 0.550 0.405 0.304 0.110 0.064 -0.197 -0.210 -0.377
0.00015547 -2.00000 9.80000 0.9635118246 2.4649435169    0.959  1.797  3.7174  2.445    3  0.000  0.468     0.00     0.00     0.00     0.00     0.00 -1 -4.77e-11      0.00 7.429e-01 2.569e-01 2.477e-05 1.168e-05 7.077e-05 -1.000 1.521e-04 0.278 3.960 3.822 2.434 1.479 1.036 1.264 1.234 1.022 0.547 0.442 0.296 0.194 -0.001 -0.047 -0.310 -0.323 -0.492
0.00015547 -2.00000 9.80000 0.9637109637 2.4649889123    0.959  1.841  3.7157  2.393    3  0.000  0.466     0.00     0.00     0.00     0.00     0.00 -1  -5.6e-11      0.00 7.427e-01 2.571e-01 2.471e-05 1.176e-05 7.078e-05 -1.000 1.637e-04 0.167 3.869 3.790 2.376 1.399 0.950 1.167 1.134 0.920 0.439 0.333 0.186 0.084 -0.112 -0.159 -0.424 -0.437 -0.607
0.00015547 -2.00000 9.80000 0.9638872147 2.4650290722    0.959  1.884  3.7141  2.344    3  0.000  0.466     0.00     0.00     0.00     0.00     0.00 -1 -6.54e-11      0.00 7.426e-01 2.572e-01 2.468e-05 1.179e-05 7.078e-05 -1.000 1.636e-04 0.060 3.782 3.762 2.321 1.324 0.868 1.075 1.039 0.822 0.337 0.230 0.082 -0.021 -0.219 -0.266 -0.532 -0.545 -0.718
0.00015547 -2.00000 9.80000 0.9640561342 2.4650675457    0.959  1.928  3.7124  2.294    3  0.000  0.466     0.00     0.00     0.00     0.00     0.00 -1 -7.67e-11      0.00 7.426e-01 2.573e-01 2.467e-05 1.181e-05 7.078e-05 -1.000 1.637e-04 -0.050 3.692 3.730 2.264 1.245 0.783 0.980 0.940 0.721 0.231 0.123 -0.026 -0.130 -0.329 -0.377 -0.644 -0.658 -0.831
0.00015547 -2.00000 9.80000 0.9642083645 2.4651022047    0.959  1.971  3.7108  2.244    3  0.000  0.465     0.00     0.00     0.00     0.00     0.00 -1 -8.97e-11      0.00 7.426e-01 2.573e-01 2.467e-05 1.181e-05 7.078e-05 -1.000 1.637e-04 -0.157 3.604 3.702 2.209 1.169 0.700 0.888 0.845 0.623 0.127 0.019 -0.131 -0.236 -0.436 -0.484 -0.754 -0.767 -0.943
0.00015547 -2.00000 9.80000 0.9643471241 2.4651337859    0.959  2.013  3.7091  2.195    3  0.000  0.465     0.00     0.00     0.00     0.00     0.00 -1 -1.05e-10      0.00 7.425e-01 2.573e-01 2.467e-05 1.182e-05 7.078e-05 -1.000 1.636e-04 -0.262 3.517 3.681 2.160 1.096 0.621 0.799 0.752 0.527 0.027 -0.082 -0.234 -0.339 -0.541 -0.590 -0.861 -0.875 -1.052
0.00015547 -2.00000 9.80000 0.9644757509 2.4651630515    0.959  2.055  3.7074  2.146    3  0.000  0.465     0.00     0.00     0.00     0.00     0.00 -1 -1.22e-10      0.00 7.425e-01 2.573e-01 2.466e-05 1.182e-05 7.079e-05 -1.000 1.637e-04 -0.368 3.428 3.659 2.110 1.023 0.542 0.710 0.659 0.431 -0.075 -0.184 -0.337 -0.443 -0.646 -0.695 -0.968 -0.982 -1.161
0.00015547 -2.00000 9.80000 0.9645960331 2.4651904104    0.959  2.098  3.7057  2.096    3  0.000  0.465     0.00     0.00     0.00     0.00     0.00 -1 -1.43e-10      0.00 7.425e-01 2.573e-01 2.466e-05 1.182e-05 7.079e-05 -1.000 1.636e-04 -0.475 3.339 3.642 2.062 0.952 0.463 0.621 0.566 0.335 -0.176 -0.287 -0.441 -0.548 -0.752 -0.802 -1.077 -1.091 -1.271
0.00015547 -2.00000 9.80000 0.9647073150 2.4652157152    0.958  2.140  3.7039  2.047    3  0.000  0.465     0.00     0.00     0.00     0.00     0.00 -1 -1.67e-10      0.00 7.425e-01 2.573e-01 2.466e-05 1.183e-05 7.079e-05 -1.000 1.636e-04 -0.581 3.250 3.627 2.016 0.881 0.385 0.533 0.474 0.240 -0.278 -0.389 -0.545 -0.652 -0.858 -0.908 -1.185 -1.199 -1.382
0.00015547 -2.00000 9.80000 0.9648103714 2.4652391435    0.958  2.183  3.7022  1.997    3  0.000  0.465     0.00     0.00     0.00     0.00     0.00 -1 -1.95e-10      0.00 7.425e-01 2.573e-01 2.466e-05 1.183e-05 7.079e-05 -1.000 1.637e-04 -0.688 3.161 3.610 1.968 0.808 0.306 0.444 0.381 0.144 -0.379 -0.491 -0.649 -0.756 -0.964 -1.014 -1.293 -1.308 -1.492
0.00015547 -2.00000 9.80000 0.9649059772 2.4652608729    0.958  2.225  3.7004  1.947    3  0.000  0.465     0.00     0.00     0.00     0.00     0.00 -1 -2.27e-10      0.00 7.425e-01 2.573e-01 2.466e-05 1.183e-05 7.079e-05 -1.000 1.636e-04 -0.794 3.074 3.613 1.936 0.745 0.235 0.359 0.291 0.050 -0.480 -0.593 -0.752 -0.860 -1.069 -1.120 -1.402 -1.416 -1.602
0.00015547 -2.00000 9.80000 0.9649959207 2.4652813109    0.957  2.267  3.6986  1.898    3  0.000  0.465     0.00     0.00     0.00     0.00     0.00 -1 -2.65e-10      0.00 7.425e-01 2.573e-01 2.465e-05 1.183e-05 7.079e-05 -1.000 1.637e-04 -0.899 2.986 3.619 1.907 0.684 0.166 0.275 0.202 -0.042 -0.579 -0.693 -0.853 -0.963 -1.173 -1.225 -1.508 -1.523 -1.711
0.00015547 -2.00000 9.80000 0.9650843740 2.4653014059    0.957  2.308  3.6969  1.851    3  0.000  0.465     0.00     0.00     0.00     0.00     0.00 -1 -3.07e-10      0.00 7.425e-01 2.573e-01 2.465e-05 1.184e-05 7.079e-05 -1.000 1.637e-04 -1.000 2.900 3.624 1.879 0.626 0.100 0.195 0.117 -0.131 -0.675 -0.789 -0.951 -1.061 -1.274 -1.325 -1.611 -1.626 -1.815
0.00015547 -2.00000 9.80000 0.9652014971 2.4653280078    0.956  2.349  3.6952  1.803    3  0.000  0.465     0.00     0.00     0.00     0.00     0.00 -1 -3.59e-10      0.00 7.425e-01 2.573e-01 2.465e-05 1.184e-05 7.079e-05 -1.000 1.636e-04 -1.101 2.814 3.631 1.852 0.568 0.034 0.114 0.031 -0.221 -0.771 -0.886 -1.050 -1.161 -1.374 -1.427 -1.714 -1.729 -1.921
0.00015547 -2.00000 9.80000 0.9652448893 2.4653378614    0.956  2.331  3.6962  1.825    3  0.000  0.465     0.00     0.00     0.00     0.00     0.00 -1 -3.38e-10      0.00 7.425e-01 2.573e-01 2.465e-05 1.184e-05 7.079e-05 -1.000 1.637e-04 -1.056 2.850 3.614 1.855 0.588 0.059 0.146 0.066 -0.183 -0.729 -0.844 -1.007 -1.117 -1.330 -1.382 -1.668 -1.683 -1.874
0.00015547 -2.00000 9.80000 0.9652784467 2.4653454811    0.955  2.316  3.6970  1.842    3  0.000  0.465     0.00     0.00     0.00     0.00     0.00 -1 -3.21e-10      0.00 7.425e-01 2.573e-01 2.465e-05 1.184e-05 7.079e-05 -1.000 1.637e-04 -1.021 2.878 3.601 1.858 0.605 0.079 0.172 0.094 -0.154 -0.696 -0.811 -0.973 -1.083 -1.295 -1.347 -1.632 -1.647 -1.836
0.00015547 -2.00000 9.80000 0.9653020501 2.4653508402    0.955  2.331  3.6963  1.824    3  0.000  0.465     0.00     0.00     0.00     0.00     0.00 -1 -3.37e-10      0.00 7.425e-01 2.573e-01 2.465e-05 1.184e-05 7.079e-05 -1.000 1.637e-04 -1.058 2.848 3.608 1.850 0.585 0.056 0.144 0.064 -0.185 -0.731 -0.846 -1.008 -1.119 -1.331 -1.383 -1.670 -1.685 -1.875
0.00015547 -2.00000 9.80000 0.9653667212 2.4653655220    0.955  2.372  3.6944  1.775    3  0.000  0.465     0.00     0.00     0.00     0.00     0.00 -1 -3.89e-10      0.00 7.425e-01 2.573e-01 2.465e-05 1.184e-05 7.079e-05 -1.000 1.636e-04 -1.160 2.762 3.623 1.829 0.529 -0.008 0.065 -0.021 -0.274 -0.827 -0.943 -1.107 -1.219 -1.433 -1.486 -1.774 -1.789 -1.981
0.00015547 -2.00000 9.80000 0.9654315114 2.4653802286    0.954  2.415  3.6925  1.725    3  0.000  0.465     0.00     0.00     0.00     0.00     0.00 -1 -4.54e-10      0.00 7.425e-01 2.573e-01 2.465e-05 1.184e-05 7.079e-05 -1.000 1.636e-04 -1.266 2.672 3.634 1.803 0.470 -0.076 -0.018 -0.109 -0.367 -0.927 -1.044 -1.210 -1.322 -1.538 -1.591 -1.882 -1.897 -2.092
0.00015547 -2.00000 9.80000 0.9654912353 2.4653937833    0.954  2.456  3.6907  1.676    3  0.000  0.465     0.00     0.00     0.00     0.00     0.00 -1 -5.29e-10      0.00 7.425e-01 2.573e-01 2.465e-05 1.185e-05 7.079e-05 -1.000 1.636e-04 -1.370 2.584 3.646 1.780 0.412 -0.142 -0.098 -0.194 -0.456 -1.024 -1.142 -1.309 -1.423 -1.641 -1.694 -1.987 -2.003 -2.199
0.00015547 -2.00000 9.80000 0.9655472636 2.4654064974    0.953  2.498  3.6887  1.626    3  0.000  0.465     0.00     0.00     0.00     0.00     0.00 -1 -6.17e-10      0.00 7.425e-01 2.573e-01 2.464e-05 1.185e-05 7.079e-05 -1.000 1.637e-04 -1.474 2.495 3.667 1.764 0.359 -0.204 -0.175 -0.278 -0.545 -1.120 -1.240 -1.409 -1.523 -1.743 -1.797 -2.092 -2.108 -2.306
0.00015547 -2.00000 9.80000 0.9656005502 2.4654185878    0.952  2.540  3.6868  1.576    3  0.000  0.465     6.08     4.87     3.49     2.67     2.17  4  -7.2e-10      0.00 7.425e-01 2.574e-01 2.464e-05 1.185e-05 7.079e-05 -1.000 1.637e-04 -1.580 2.404 3.686 1.746 0.304 -0.266 -0.254 -0.363 -0.634 -1.218 -1.339 -1.509 -1.624 -1.846 -1.901 -2.199 -2.215 -2.415
0.00015547 -2.00000 9.80000 0.9656481743 2.4654293921    0.952  2.580  3.6848  1.528    3  0.000  0.465     6.73     5.31     3.79     2.91     2.36  4 -8.36e-10      0.00 7.425e-01 2.574e-01 2.464e-05 1.185e-05 7.079e-05 -1.000 1.637e-04 -1.681 2.318 3.695 1.746 0.268 -0.313 -0.322 -0.439 -0.718 -1.312 -1.434 -1.606 -1.722 -1.946 -2.001 -2.302 -2.318 -2.520
0.00015547 -2.00000 9.80000 0.9656940699 2.4654398032    0.951  2.622  3.6828  1.478    3  0.000  0.465     7.47     5.81     4.13     3.18     2.57  4 -9.75e-10      0.00 7.425e-01 2.574e-01 2.464e-05 1.185e-05 7.079e-05 -1.000 1.636e-04 -1.784 2.230 3.691 1.763 0.246 -0.345 -0.383 -0.513 -0.800 -1.408 -1.532 -1.707 -1.824 -2.050 -2.106 -2.409 -2.425 -2.630
0.00015547 -2.00000 9.80000 0.9657361507 2.4654493479    0.950  2.662  3.6809  1.429    3  0.000  0.465     8.27     6.35     4.50     3.46     2.80  3 -1.13e-09      0.00 7.425e-01 2.574e-01 2.464e-05 1.185e-05 7.079e-05 -1.000 1.637e-04 -1.886 2.144 3.694 1.789 0.230 -0.372 -0.440 -0.582 -0.879 -1.502 -1.628 -1.805 -1.924 -2.152 -2.209 -2.514 -2.531 -2.737
0.00015547 -2.00000 9.80000 0.9657748342 2.4654581211    0.949  2.703  3.6789  1.380    3  0.000  0.465     9.15     6.93     4.89     3.77     3.05  3 -1.32e-09      0.00 7.425e-01 2.574e-01 2.464e-05 1.185e-05 7.079e-05 -1.000 1.637e-04 -1.987 2.059 3.706 1.826 0.222 -0.390 -0.491 -0.647 -0.954 -1.593 -1.721 -1.901 -2.022 -2.252 -2.309 -2.617 -2.635 -2.843
0.00015547 -2.00000 9.80000 0.9658116102 2.4654664610    0.948  2.743  3.6768  1.330    3  0.000  0.465    10.15     7.58     5.32     4.11     3.33  3 -1.53e-09      0.00 7.425e-01 2.574e-01 2.464e-05 1.185e-05 7.079e-05 -1.000 1.637e-04 -2.089 1.974 3.724 1.873 0.221 -0.401 -0.536 -0.708 -1.027 -1.684 -1.814 -1.998 -2.120 -2.354 -2.411 -2.723 -2.740 -2.951
0.00015547 -2.00000 9.80000 0.9658449292 2.4654740163    0.946  2.783  3.6748  1.282    3  0.000  0.465    11.22     8.26     5.78     4.47     3.62  3 -1.77e-09      0.00 7.425e-01 2.574e-01 2.464e-05 1.185e-05 7.079e-05 -1.000 1.637e-04 -2.187 1.891 3.747 1.924 0.225 -0.407 -0.576 -0.765 -1.096 -1.771 -1.904 -2.091 -2.215 -2.452 -2.510 -2.824 -2.842 -3.055
0.00015547 -2.00000 9.80000 0.9658772349 2.4654813413    0.945  2.824  3.6726  1.232    3  0.000  0.465    12.46     9.05     6.31     4.88     3.96  3 -2.07e-09      0.00 7.425e-01 2.574e-01 2.464e-05 1.185e-05 7.079e-05 -1.000 1.637e-04 -2.290 1.807 3.781 1.989 0.236 -0.405 -0.612 -0.818 -1.164 -1.861 -1.996 -2.187 -2.313 -2.553 -2.612 -2.930 -2.948 -3.164
0.00015547 -2.00000 9.80000 0.9659124613 2.4654893278    0.943  2.872  3.6701  1.173    3  0.000  0.465    14.08    10.05     6.97     5.40     4.38  3 -2.47e-09      0.00 7.425e-01 2.574e-01 2.464e-05 1.186e-05 7.079e-05 -1.000 1.637e-04 -2.409 1.708 3.827 2.073 0.256 -0.396 -0.647 -0.876 -1.240 -1.963 -2.103 -2.298 -2.427 -2.672 -2.731 -3.054 -3.072 -3.291
0.00015547 -2.00000 9.80000 0.9659404755 2.4654956787    0.942  2.912  3.6680  1.123    3  0.000  0.465    15.63    11.00     7.60     5.90     4.79  3 -2.88e-09      0.00 7.425e-01 2.574e-01 2.464e-05 1.186e-05 7.079e-05 -1.000 1.637e-04 -2.511 1.624 3.869 2.150 0.278 -0.382 -0.674 -0.923 -1.303 -2.050 -2.192 -2.392 -2.523 -2.772 -2.832 -3.158 -3.177 -3.399
0.00015547 -2.00000 9.80000 0.9659705162 2.4655024886    0.940  2.960  3.6653  1.065    3  0.000  0.465    17.66    12.23     8.41     6.53     5.30  2 -3.43e-09      0.00 7.425e-01 2.574e-01 2.464e-05 1.186e-05 7.079e-05 -1.000 1.636e-04 -2.629 1.528 3.934 2.262 0.320 -0.349 -0.691 -0.966 -1.368 -2.146 -2.293 -2.498 -2.633 -2.886 -2.948 -3.279 -3.298 -3.524
0.00015547 -2.00000 9.80000 0.9659943581 2.4655078929    0.938  3.000  3.6631  1.015    3  0.000  0.465    19.59    13.37     9.16     7.13     5.78  2 -3.99e-09      0.00 7.425e-01 2.574e-01 2.464e-05 1.186e-05 7.079e-05 -1.000 1.636e-04 -2.730 1.445 3.987 2.355 0.356 -0.320 -0.703 -1.001 -1.422 -2.228 -2.379 -2.589 -2.727 -2.985 -3.047 -3.383 -3.402 -3.631
0.00015547 -2.00000 9.80000 0.9660201669 2.4655137427    0.935  3.046  3.6604  0.956    3  0.000  0.465    22.14    14.86    10.12     7.89     6.41  2 -4.76e-09      0.00 7.425e-01 2.574e-01 2.464e-05 1.186e-05 7.079e-05 -1.000 1.636e-04 -2.846 1.352 4.068 2.496 0.425 -0.260 -0.693 -1.022 -1.471 -2.317 -2.473 -2.691 -2.832 -3.097 -3.161 -3.503 -3.522 -3.755
0.00015547 -2.00000 9.80000 0.9660405517 2.4655183629    0.933  3.085  3.6582  0.907    3  0.000  0.465    24.51    16.22    11.01     8.59     6.98  2 -5.51e-09      0.00 7.425e-01 2.574e-01 2.464e-05 1.186e-05 7.079e-05 -1.000 1.636e-04 -2.943 1.273 4.126 2.614 0.485 -0.206 -0.678 -1.033 -1.506 -2.388 -2.549 -2.773 -2.919 -3.189 -3.255 -3.602 -3.622 -3.859
0.00015547 -2.00000 9.80000 0.9660631418 2.4655234826    0.930  3.131  3.6554  0.849    3  0.000  0.465    27.68    18.01    12.17     9.52     7.73  2 -6.57e-09      0.00 7.425e-01 2.574e-01 2.463e-05 1.186e-05 7.079e-05 -1.000 1.636e-04 -3.059 1.175 4.203 2.694 0.501 -0.198 -0.696 -1.070 -1.564 -2.475 -2.641 -2.871 -3.019 -3.296 -3.363 -3.716 -3.737 -3.978
0.00015547 -2.00000 9.80000 0.9660847187 2.4655283725    0.927  3.178  3.6526  0.789    3  0.000  0.465    31.34    20.05    13.48    10.56     8.58  2 -7.84e-09      0.00 7.425e-01 2.574e-01 2.463e-05 1.186e-05 7.079e-05 -1.000 1.636e-04 -3.176 1.077 4.282 2.775 0.516 -0.191 -0.713 -1.107 -1.621 -2.562 -2.732 -2.969 -3.120 -3.403 -3.472 -3.832 -3.853 -4.099
0.00015547 -2.00000 9.80000 0.9661052227 2.4655330189    0.923  3.224  3.6499  0.731    3  0.000  0.465    35.40    22.26    14.89    11.69     9.50  1 -9.36e-09      0.00 7.425e-01 2.574e-01 2.463e-05 1.186e-05 7.079e-05 -1.000 1.636e-04 -3.290 0.980 4.357 2.855 0.531 -0.184 -0.730 -1.143 -1.676 -2.647 -2.821 -3.065 -3.219 -3.508 -3.578 -3.945 -3.967 -4.217
0.00015547 -2.00000 9.80000 0.9661129713 2.4655347748    0.921  3.240  3.6489  0.709    3  0.000  0.465    36.99    23.12    15.44    12.12     9.85  1    -1e-08      0.00 7.425e-01 2.574e-01 2.463e-05 1.186e-05 7.079e-05 -1.000 1.636e-04 -3.331 0.947 4.383 2.885 0.539 -0.180 -0.735 -1.154 -1.695 -2.676 -2.852 -3.098 -3.253 -3.544 -3.615 -3.984 -4.006 -4.258
0.00015547 -2.00000 9.80000 0.9661129713 2.4655347748    0.921  1.804  3.7726  2.641    4  0.000  0.483     0.00     0.00     0.00     0.00     0.00 -1    -1e-30      0.00 7.449e-01 2.550e-01 2.553e-05 1.064e-05 7.054e-05 -1.000 1.636e-04 0.261 3.190 2.335 1.507 0.968 0.686 0.869 0.879 0.735 0.407 0.327 0.220 0.140 -0.009 -0.043 -0.244 -0.252 -0.372
0.00015547 -2.00000 9.80000 0.9662254453 2.4655602583    0.921  1.823  3.7665  2.597    4  0.000  0.483     0.00     0.00     0.00     0.00     0.00 -1    -1e-30      0.00 7.449e-01 2.550e-01 2.553e-05 1.064e-05 7.054e-05 -1.000 1.637e-04 0.213 3.237 2.404 1.529 0.957 0.660 0.855 0.863 0.714 0.371 0.288 0.177 0.095 -0.059 -0.094 -0.303 -0.311 -0.435
0.00015547 -2.00000 9.80000 0.9663338065 2.4655848036    0.921  1.826  3.7659  2.592    4  0.000  0.483     0.00     0.00     0.00     0.00     0.00 -1    -1e-30      0.00 7.449e-01 2.550e-01 2.553e-05 1.064e-05 7.055e-05 -1.000 1.636e-04 0.206 3.239 2.408 1.529 0.953 0.655 0.851 0.859 0.709 0.365 0.282 0.171 0.088 -0.066 -0.102 -0.311 -0.319 -0.444
0.00015547 -2.00000 9.80000 0.9664431214 2.4656095584    0.921  1.828  3.7658  2.590    4  0.000  0.483     0.00     0.00     0.00     0.00     0.00 -1    -1e-30      0.00 7.448e-01 2.550e-01 2.553e-05 1.065e-05 7.055e-05 -1.000 1.636e-04 0.200 3.236 2.406 1.526 0.949 0.650 0.846 0.854 0.704 0.359 0.277 0.165 0.083 -0.072 -0.107 -0.317 -0.325 -0.450
0.00015547 -2.00000 9.80000 0.9665545821 2.4656347925    0.921  1.830  3.7660  2.589    4  0.000  0.483     0.00     0.00     0.00     0.00     0.00 -1    -1e-30      0.00 7.448e-01 2.550e-01 2.552e-05 1.065e-05 7.055e-05 -1.000 1.636e-04 0.196 3.228 2.398 1.519 0.943 0.645 0.840 0.848 0.698 0.354 0.272 0.160 0.078 -0.076 -0.112 -0.321 -0.329 -0.454
0.00015547 -2.00000 9.80000 0.9666665792 2.4656601414    0.922  1.831  3.7665  2.589    4  0.000  0.483     0.00     0.00     0.00     0.00     0.00 -1    -1e-30      0.00 7.448e-01 2.550e-01 2.552e-05 1.065e-05 7.055e-05 -1.000 1.636e-04 0.192 3.217 2.384 1.510 0.937 0.640 0.834 0.842 0.692 0.350 0.267 0.156 0.074 -0.080 -0.115 -0.324 -0.332 -0.456
0.00015547 -2.00000 9.80000 0.9667791128 2.4656856048    0.922  1.832  3.7674  2.592    4  0.000  0.483     0.00     0.00     0.00     0.00     0.00 -1    -1e-30      0.00 7.448e-01 2.550e-01 2.552e-05 1.066e-05 7.055e-05 -1.000 1.637e-04 0.190 3.202 2.366 1.498 0.930 0.635 0.826 0.834 0.686 0.345 0.263 0.153 0.071 -0.082 -0.117 -0.325 -0.333 -0.457
0.00015547 -2.00000 9.80000 0.9668889046 2.4657104413    0.922  1.833  3.7685  2.596    4  0.000  0.483     0.00     0.00     0.00     0.00     0.00 -1    -1e-30      0.00 7.448e-01 2.550e-01 2.552e-05 1.066e-05 7.055e-05 -1.000 1.637e-04 0.188 3.184 2.343 1.484 0.922 0.631 0.818 0.826 0.679 0.341 0.260 0.150 0.069 -0.083 -0.118 -0.325 -0.333 -0.456
0.00015547 -2.00000 9.80000 0.9670022130 2.4657360665    0.922  1.833  3.7698  2.601    4  0.000  0.483     0.00     0.00     0.00     0.00     0.00 -1    -1e-30      0.00 7.448e-01 2.550e-01 2.551e-05 1.066e-05 7.055e-05 -1.000 1.637e-04 0.187 3.163 2.316 1.468 0.913 0.625 0.809 0.818 0.672 0.337 0.256 0.148 0.067 -0.084 -0.119 -0.323 -0.331 -0.453
0.00015547 -2.00000 9.80000 0.9671063423 2.4657596097    0.922  1.834  3.7712  2.606    4  0.000  0.483     0.00     0.00     0.00     0.00     0.00 -1    -1e-30      0.00 7.448e-01 2.550e-01 2.551e-05 1.067e-05 7.055e-05 -1.000 1.637e-04 0.186 3.141 2.292 1.453 0.906 0.620 0.801 0.809 0.665 0.334 0.254 0.146 0.066 -0.084 -0.119 -0.322 -0.330 -0.450
0.00015547 -2.00000 9.80000 0.9672195315 2.4657851947    0.922  1.834  3.7727  2.612    4  0.000  0.483     0.00     0.00     0.00     0.00     0.00 -1    -1e-30      0.00 7.448e-01 2.550e-01 2.551e-05 1.067e-05 7.055e-05 -1.000 1.637e-04 0.185 3.116 2.265 1.437 0.897 0.615 0.791 0.800 0.658 0.330 0.250 0.143 0.064 -0.085 -0.119 -0.320 -0.328 -0.447
0.00015547 -2.00000 9.80000 0.9673342109 2.4658111096    0.922  1.834  3.7742  2.617    4  0.000  0.483     0.00     0.00     0.00     0.00     0.00 -1    -1e-30      0.00 7.448e-01 2.550e-01 2.551e-05 1.067e-05 7.055e-05 -1.000 1.637e-04 0.184 3.092 2.238 1.421 0.888 0.609 0.782 0.791 0.650 0.326 0.247 0.141 0.062 -0.085 -0.119 -0.318 -0.326 -0.444
0.00015547 -2.00000 9.80000 0.9674390554 2.4658347958    0.922  1.835  3.7755  2.622    4  0.000  0.483     0.00     0.00     0.00     0.00     0.00 -1    -1e-30      0.00 7.448e-01 2.551e-01 2.550e-05 1.068e-05 7.055e-05 -1.000 1.637e-04 0.183 3.071 2.215 1.407 0.881 0.605 0.774 0.783 0.644 0.322 0.244 0.139 0.061 -0.085 -0.119 -0.317 -0.325 -0.442
0.00015547 -2.00000 9.80000 0.9675502777 2.4658599163    0.923  1.835  3.7768  2.627    4  0.000  0.483     0.00     0.00     0.00     0.00     0.00 -1    -1e-30      0.00 7.448e-01 2.551e-01 2.550e-05 1.068e-05 7.055e-05 -1.000 1.637e-04 0.182 3.051 2.192 1.393 0.873 0.600 0.765 0.775 0.637 0.319 0.241 0.137 0.059 -0.086 -0.119 -0.316 -0.324 -0.440
0.00015547 -2.00000 9.80000 0.9676556587 2.4658837115    0.923  1.836  3.7778  2.630    4  0.000  0.483     0.00     0.00     0.00     0.00     0.00 -1    -1e-30      0.00 7.448e-01 2.551e-01 2.550e-05 1.068e-05 7.055e-05 -1.000 1.636e-04 0.180 3.035 2.173 1.382 0.866 0.595 0.758 0.769 0.631 0.315 0.238 0.135 0.057 -0.087 -0.120 -0.316 -0.323 -0.438
0.00015547 -2.00000 9.80000 0.9676774144 2.4658886232    0.923  1.836  3.7780  2.631    4  0.000  0.483     0.00     0.00     0.00     0.00     0.00 -1    -1e-30      0.00 7.448e-01 2.551e-01 2.550e-05 1.069e-05 7.055e-05 -1.000 1.637e-04 0.180 3.031 2.170 1.379 0.865 0.594 0.757 0.767 0.630 0.315 0.237 0.134 0.057 -0.087 -0.120 -0.316 -0.323 -0.438
0.00015547 -2.00000 9.80000 0.9677627683 2.4659078909    0.923  1.837  3.7786  2.633    4  0.000  0.483     0.00     0.00     0.00     0.00     0.00 -1    -1e-30      0.00 7.448e-01 2.551e-01 2.550e-05 1.069e-05 7.055e-05 -1.000 1.636e-04 0.179 3.021 2.158 1.372 0.860 0.591 0.752 0.762 0.626 0.312 0.235 0.132 0.055 -0.089 -0.121 -0.316 -0.324 -0.438
0.00015547 -2.00000 9.80000 0.9678714275 2.4659324138    0.923  1.837  3.7791  2.634    4  0.000  0.483     0.00     0.00     0.00     0.00     0.00 -1    -1e-30      0.00 7.448e-01 2.551e-01 2.549e-05 1.069e-05 7.056e-05 -1.000 1.637e-04 0.176 3.011 2.147 1.365 0.856 0.588 0.747 0.757 0.621 0.309 0.232 0.129 0.053 -0.091 -0.123 -0.317 -0.325 -0.439
0.00015547 -2.00000 9.80000 0.9679837823 2.4659577640    0.923  1.838  3.7794  2.634    4  0.000  0.482     0.00     0.00     0.00     0.00     0.00 -1    -1e-30      0.00 7.447e-01 2.551e-01 2.549e-05 1.069e-05 7.056e-05 -1.000 1.637e-04 0.174 3.004 2.140 1.359 0.852 0.584 0.743 0.753 0.617 0.306 0.229 0.127 0.050 -0.093 -0.126 -0.320 -0.327 -0.441
0.00015547 -2.00000 9.80000 0.9680924416 2.4659822741    0.923  1.840  3.7792  2.632    4  0.000  0.482     0.00     0.00     0.00     0.00     0.00 -1    -1e-30      0.00 7.447e-01 2.551e-01 2.549e-05 1.070e-05 7.056e-05 -1.000 1.637e-04 0.171 3.003 2.139 1.358 0.849 0.582 0.740 0.751 0.615 0.302 0.226 0.123 0.047 -0.096 -0.129 -0.323 -0.330 -0.444
0.00015547 -2.00000 9.80000 0.9682093859 2.4660086459    0.923  1.841  3.7787  2.629    4  0.000  0.482     0.00     0.00     0.00     0.00     0.00 -1    -1e-30      0.00 7.447e-01 2.551e-01 2.549e-05 1.070e-05 7.056e-05 -1.000 1.636e-04 0.167 3.007 2.144 1.359 0.848 0.580 0.739 0.749 0.613 0.300 0.223 0.120 0.043 -0.101 -0.133 -0.328 -0.335 -0.450
0.00015547 -2.00000 9.80000 0.9683227539 2.4660342042    0.923  1.843  3.7778  2.623    4  0.000  0.482     0.00     0.00     0.00     0.00     0.00 -1    -1e-30      0.00 7.447e-01 2.551e-01 2.548e-05 1.071e-05 7.056e-05 -1.000 1.637e-04 0.162 3.017 2.156 1.364 0.849 0.578 0.739 0.749 0.612 0.297 0.219 0.116 0.039 -0.106 -0.138 -0.334 -0.342 -0.457
0.00015547 -2.00000 9.80000 0.9684290886 2.4660581706    0.923  1.845  3.7766  2.616    4  0.000  0.482     0.00     0.00     0.00     0.00     0.00 -1    -1e-30      0.00 7.447e-01 2.551e-01 2.548e-05 1.071e-05 7.056e-05 -1.000 1.637e-04 0.157 3.031 2.173 1.373 0.851 0.577 0.741 0.751 0.612 0.294 0.216 0.112 0.034 -0.111 -0.145 -0.342 -0.349 -0.465
0.00015547 -2.00000 9.80000 0.9684643149 2.4660661088    0.923  1.846  3.7761  2.614    4  0.000  0.482     0.00     0.00     0.00     0.00     0.00 -1    -1e-30      0.00 7.447e-01 2.551e-01 2.548e-05 1.071e-05 7.056e-05 -1.000 1.637e-04 0.155 3.036 2.179 1.375 0.851 0.577 0.741 0.751 0.612 0.293 0.214 0.110 0.032 -0.114 -0.147 -0.344 -0.352 -0.469
0.00015547 -2.00000 9.80000 0.9685010314 2.4660743822    0.924  1.847  3.7756  2.611    4  0.000  0.482     0.00     0.00     0.00     0.00     0.00 -1    -1e-30      0.00 7.447e-01 2.551e-01 2.548e-05 1.071e-05 7.056e-05 -1.000 1.637e-04 0.153 3.042 2.187 1.379 0.852 0.576 0.742 0.752 0.612 0.292 0.213 0.108 0.030 -0.116 -0.149 -0.347 -0.355 -0.472
0.00015547 -2.00000 9.80000 0.9686030149 2.4660973583    0.924  1.849  3.7739  2.602    4  0.000  0.482     0.00     0.00     0.00     0.00     0.00 -1    -1e-30      0.00 7.447e-01 2.551e-01 2.548e-05 1.071e-05 7.056e-05 -1.000 1.637e-04 0.147 3.061 2.210 1.390 0.855 0.576 0.745 0.755 0.613 0.289 0.210 0.104 0.025 -0.123 -0.156 -0.356 -0.364 -0.483
0.00015547 -2.00000 9.80000 0.9687079191 2.4661209866    0.924  1.852  3.7721  2.592    4  0.000  0.482     0.00     0.00     0.00     0.00     0.00 -1    -1e-30      0.00 7.447e-01 2.551e-01 2.548e-05 1.072e-05 7.056e-05 -1.000 1.637e-04 0.140 3.083 2.235 1.402 0.858 0.575 0.749 0.757 0.614 0.285 0.205 0.098 0.018 -0.131 -0.165 -0.367 -0.375 -0.495
0.00015547 -2.00000 9.80000 0.9688118100 2.4661443809    0.924  1.855  3.7699  2.580    4  0.000  0.482     0.00     0.00     0.00     0.00     0.00 -1    -1e-30      0.00 7.447e-01 2.551e-01 2.547e-05 1.072e-05 7.056e-05 -1.000 1.637e-04 0.131 3.108 2.264 1.416 0.861 0.573 0.752 0.760 0.615 0.281 0.200 0.092 0.011 -0.140 -0.174 -0.379 -0.387 -0.509
0.00015547 -2.00000 9.80000 0.9689112902 2.4661667766    0.924  1.859  3.7677  2.567    4  0.000  0.482     0.00     0.00     0.00     0.00     0.00 -1    -1e-30      0.00 7.447e-01 2.551e-01 2.547e-05 1.072e-05 7.056e-05 -1.000 1.637e-04 0.122 3.133 2.299 1.433 0.865 0.571 0.756 0.763 0.616 0.276 0.194 0.084 0.003 -0.150 -0.185 -0.392 -0.400 -0.524
0.00015547 -2.00000 9.80000 0.9690111279 2.4661892475    0.924  1.863  3.7654  2.554    4  0.000  0.482     0.00     0.00     0.00     0.00     0.00 -1    -1e-30      0.00 7.447e-01 2.552e-01 2.547e-05 1.073e-05 7.056e-05 -1.000 1.637e-04 0.111 3.157 2.333 1.449 0.868 0.569 0.759 0.766 0.616 0.271 0.188 0.076 -0.007 -0.161 -0.197 -0.406 -0.415 -0.540
0.00015547 -2.00000 9.80000 0.9691108465 2.4662116862    0.924  1.868  3.7632  2.541    4  0.000  0.482     0.00     0.00     0.00     0.00     0.00 -1    -1e-30      0.00 7.447e-01 2.552e-01 2.547e-05 1.073e-05 7.056e-05 -1.000 1.637e-04 0.101 3.179 2.363 1.462 0.870 0.565 0.760 0.767 0.614 0.264 0.180 0.067 -0.016 -0.173 -0.209 -0.421 -0.429 -0.557
0.00015547 -2.00000 9.80000 0.9692120552 2.4662344548    0.924  1.873  3.7610  2.527    4  0.000  0.482     0.00     0.00     0.00     0.00     0.00 -1    -1e-30      0.00 7.447e-01 2.552e-01 2.546e-05 1.073e-05 7.056e-05 -1.000 1.637e-04 0.088 3.199 2.393 1.475 0.870 0.559 0.760 0.767 0.612 0.256 0.171 0.056 -0.028 -0.186 -0.223 -0.437 -0.446 -0.575
0.00015547 -2.00000 9.80000 0.9693106413 2.4662566282    0.924  1.879  3.7587  2.512    4  0.000  0.482     0.00     0.00     0.00     0.00     0.00 -1    -1e-30      0.00 7.447e-01 2.552e-01 2.546e-05 1.074e-05 7.056e-05 -1.000 1.636e-04 0.074 3.219 2.428 1.490 0.871 0.554 0.760 0.765 0.608 0.247 0.161 0.044 -0.041 -0.201 -0.238 -0.455 -0.464 -0.596
0.00015547 -2.00000 9.80000 0.9694128036 2.4662796004    0.925  1.884  3.7571  2.500    4  0.000  0.482     0.00     0.00     0.00     0.00     0.00 -1    -1e-30      0.00 7.447e-01 2.552e-01 2.546e-05 1.074e-05 7.057e-05 -1.000 1.637e-04 0.060 3.227 2.449 1.498 0.868 0.547 0.756 0.761 0.602 0.236 0.150 0.032 -0.054 -0.215 -0.253 -0.471 -0.480 -0.613
0.00015547 -2.00000 9.80000 0.9695115685 2.4663018034    0.925  1.891  3.7545  2.483    4  0.000  0.482     0.00     0.00     0.00     0.00     0.00 -1    -1e-30      0.00 7.447e-01 2.552e-01 2.546e-05 1.074e-05 7.057e-05 -1.000 1.636e-04 0.042 3.248 2.492 1.517 0.870 0.542 0.754 0.758 0.596 0.224 0.136 0.017 -0.070 -0.234 -0.272 -0.493 -0.503 -0.637
0.00015547 -2.00000 9.80000 0.9696158767 2.4663252469    0.925  1.905  3.7498  2.450    4  0.000  0.482     0.00     0.00     0.00     0.00     0.00 -1    -1e-30      0.00 7.446e-01 2.552e-01 2.545e-05 1.074e-05 7.057e-05 -1.000 1.636e-04 0.007 3.283 2.565 1.548 0.870 0.528 0.747 0.749 0.582 0.198 0.108 -0.014 -0.103 -0.271 -0.310 -0.536 -0.546 -0.685
0.00015547 -2.00000 9.80000 0.9697155952 2.4663476534    0.925  1.931  3.7430  2.397    4  0.000  0.482     0.00     0.00     0.00     0.00     0.00 -1    -1e-30      0.00 7.446e-01 2.552e-01 2.545e-05 1.075e-05 7.057e-05 -1.000 1.637e-04 -0.058 3.313 2.675 1.592 0.864 0.503 0.727 0.724 0.549 0.148 0.055 -0.072 -0.163 -0.337 -0.377 -0.611 -0.621 -0.766
0.00015547 -2.00000 9.80000 0.9697734118 2.4663606422    0.925  1.959  3.7369  2.345    4  0.000  0.482     0.00     0.00     0.00     0.00     0.00 -1    -1e-30      0.00 7.446e-01 2.552e-01 2.545e-05 1.075e-05 7.057e-05 -1.000 1.636e-04 -0.128 3.329 2.788 1.638 0.859 0.478 0.699 0.690 0.508 0.091 -0.005 -0.136 -0.230 -0.408 -0.449 -0.690 -0.701 -0.851
0.00015547 -2.00000 9.80000 0.9698022008 2.4663671092    0.925  1.990  3.7314  2.292    4  0.000  0.482     0.00     0.00     0.00     0.00     0.00 -1    -1e-30      0.00 7.446e-01 2.552e-01 2.545e-05 1.075e-05 7.057e-05 -1.000 1.637e-04 -0.204 3.330 2.899 1.682 0.850 0.451 0.664 0.648 0.459 0.027 -0.072 -0.207 -0.303 -0.485 -0.529 -0.775 -0.786 -0.942
0.00015547 -2.00000 9.80000 0.9698140025 2.4663697601    0.925  2.024  3.7264  2.237    4  0.000  0.482     0.00     0.00     0.00     0.00     0.00 -1    -1e-30      0.00 7.446e-01 2.552e-01 2.545e-05 1.075e-05 7.057e-05 -1.000 1.636e-04 -0.290 3.308 2.998 1.715 0.832 0.416 0.617 0.595 0.398 -0.048 -0.149 -0.287 -0.385 -0.572 -0.616 -0.868 -0.880 -1.040
0.00015547 -2.00000 9.80000 0.9698188305 2.4663708446    0.925  2.058  3.7225  2.188    4  0.000  0.482     0.00     0.00     0.00     0.00     0.00 -1    -1e-30      0.00 7.446e-01 2.552e-01 2.545e-05 1.075e-05 7.057e-05 -1.000 1.637e-04 -0.374 3.271 3.062 1.727 0.803 0.373 0.565 0.537 0.334 -0.123 -0.226 -0.367 -0.466 -0.656 -0.702 -0.958 -0.970 -1.134
0.00015547 -2.00000 9.80000 0.9698193669 2.4663709651    0.925  2.063  3.7219  2.180    7  0.000  0.482     0.00     0.00     0.00     0.00     0.00 -1    -1e-30      0.00 7.446e-01 2.552e-01 2.545e-05 1.075e-05 7.057e-05 -1.000 1.637e-04 -0.389 3.264 3.070 1.727 0.797 0.365 0.555 0.526 0.323 -0.136 -0.239 -0.381 -0.480 -0.671 -0.716 -0.973 -0.985 -1.149
0.00015547 -2.00000 9.80000 0.9698201418 2.4663711391    0.925  2.075  3.7209  2.164    7  0.000  0.482     0.00     0.00     0.00     0.00     0.00 -1    -1e-30      0.00 7.446e-01 2.552e-01 2.545e-05 1.075e-05 7.057e-05 -1.000 1.637e-04 -0.418 3.247 3.080 1.723 0.782 0.346 0.534 0.503 0.299 -0.164 -0.267 -0.409 -0.509 -0.700 -0.746 -1.004 -1.016 -1.182
0.00015547 -2.00000 9.80000 0.9698224664 2.4663716613    0.925  2.117  3.7176  2.109    7  0.000  0.482     0.00     0.00     0.00     0.00     0.00 -1    -1e-30      0.00 7.446e-01 2.552e-01 2.545e-05 1.075e-05 7.057e-05 -1.000 1.637e-04 -0.523 3.180 3.116 1.710 0.730 0.282 0.458 0.422 0.212 -0.260 -0.364 -0.510 -0.611 -0.805 -0.851 -1.113 -1.125 -1.294
0.00015547 -2.00000 9.80000 0.9698243141 2.4663720763    0.925  2.154  3.7150  2.062    7  0.000  0.482     0.00     0.00     0.00     0.00     0.00 -1    -1e-30      0.00 7.446e-01 2.552e-01 2.545e-05 1.075e-05 7.057e-05 -1.000 1.636e-04 -0.616 3.116 3.139 1.693 0.681 0.224 0.390 0.349 0.135 -0.346 -0.451 -0.598 -0.701 -0.897 -0.944 -1.208 -1.221 -1.393
0.00015547 -2.00000 9.80000 0.9698262215 2.4663725047    0.925  2.190  3.7126  2.017    7  0.000  0.482     0.00     0.00     0.00     0.00     0.00 -1    -1e-30      0.00 7.446e-01 2.552e-01 2.545e-05 1.075e-05 7.057e-05 -1.000 1.637e-04 -0.704 3.053 3.154 1.672 0.632 0.166 0.323 0.278 0.060 -0.428 -0.535 -0.684 -0.787 -0.985 -1.033 -1.300 -1.313 -1.487
0.00015547 -2.00000 9.80000 0.9698287249 2.4663730670    0.925  2.219  3.7108  1.980    7  0.000  0.482     0.00     0.00     0.00     0.00     0.00 -1    -1e-30      0.00 7.446e-01 2.552e-01 2.545e-05 1.075e-05 7.057e-05 -1.000 1.637e-04 -0.778 2.999 3.167 1.656 0.591 0.118 0.266 0.218 -0.003 -0.497 -0.604 -0.755 -0.859 -1.059 -1.107 -1.376 -1.389 -1.564
0.00015547 -2.00000 9.80000 0.9698345065 2.4663743656    0.925  2.208  3.7117  1.995    7  0.000  0.482     0.00     0.00     0.00     0.00     0.00 -1    -1e-30      0.00 7.446e-01 2.552e-01 2.545e-05 1.075e-05 7.057e-05 -1.000 1.637e-04 -0.751 3.016 3.150 1.653 0.601 0.132 0.284 0.237 0.018 -0.473 -0.580 -0.729 -0.833 -1.032 -1.080 -1.348 -1.361 -1.536
0.00015547 -2.00000 9.80000 0.9698429108 2.4663762532    0.925  2.184  3.7132  2.025    7  0.000  0.482     0.00     0.00     0.00     0.00     0.00 -1    -1e-30      0.00 7.446e-01 2.552e-01 2.545e-05 1.075e-05 7.057e-05 -1.000 1.636e-04 -0.691 3.060 3.141 1.668 0.635 0.172 0.330 0.286 0.070 -0.416 -0.523 -0.671 -0.774 -0.972 -1.019 -1.286 -1.299 -1.472
0.00015547 -2.00000 9.80000 0.9698935747 2.4663876319    0.925  2.198  3.7121  2.007    7  0.000  0.482     0.00     0.00     0.00     0.00     0.00 -1    -1e-30      0.00 7.446e-01 2.552e-01 2.545e-05 1.075e-05 7.057e-05 -1.000 1.636e-04 -0.724 3.039 3.159 1.668 0.621 0.153 0.308 0.262 0.044 -0.446 -0.553 -0.703 -0.806 -1.005 -1.052 -1.320 -1.333 -1.507
0.00015547 -2.00000 9.80000 0.9699261785 2.4663949536    0.925  2.233  3.7097  1.962    7  0.000  0.482     0.00     0.00     0.00     0.00     0.00 -1    -1e-30      0.00 7.446e-01 2.552e-01 2.545e-05 1.075e-05 7.057e-05 -1.000 1.637e-04 -0.812 2.977 3.187 1.657 0.578 0.100 0.243 0.192 -0.031 -0.528 -0.636 -0.788 -0.892 -1.093 -1.141 -1.412 -1.425 -1.601
0.00015547 -2.00000 9.80000 0.9699640274 2.4664034526    0.925  2.281  3.7067  1.902    7  0.000  0.482     0.00     0.00     0.00     0.00     0.00 -1    -1e-30      0.00 7.446e-01 2.552e-01 2.545e-05 1.076e-05 7.057e-05 -1.000 1.636e-04 -0.932 2.887 3.233 1.647 0.521 0.031 0.156 0.097 -0.131 -0.640 -0.749 -0.903 -1.009 -1.212 -1.261 -1.535 -1.549 -1.729
0.00015547 -2.00000 9.80000 0.9699999094 2.4664115091    0.925  2.328  3.7039  1.844    7  0.000  0.482     0.00     0.00     0.00     0.00     0.00 -1    -1e-30      0.00 7.446e-01 2.552e-01 2.545e-05 1.076e-05 7.057e-05 -1.000 1.637e-04 -1.050 2.796 3.270 1.633 0.463 -0.039 0.068 0.003 -0.231 -0.749 -0.861 -1.017 -1.124 -1.330 -1.380 -1.657 -1.671 -1.853
0.00015547 -2.00000 9.80000 0.9700322151 2.4664187621    0.925  2.372  3.7014  1.790    7  0.000  0.481     0.00     0.00     0.00     0.00     0.00 -1    -1e-30      0.00 7.446e-01 2.552e-01 2.545e-05 1.076e-05 7.057e-05 -1.000 1.637e-04 -1.160 2.712 3.301 1.618 0.408 -0.105 -0.013 -0.084 -0.323 -0.851 -0.964 -1.122 -1.230 -1.438 -1.489 -1.769 -1.783 -1.968
0.00015547 -2.00000 9.80000 0.9700608253 2.4664251850    0.925  2.414  3.6990  1.738    7  0.000  0.481     0.00     0.00     0.00     0.00     0.00 -1    -1e-30      0.00 7.446e-01 2.552e-01 2.544e-05 1.076e-05 7.057e-05 -1.000 1.636e-04 -1.266 2.627 3.331 1.604 0.355 -0.168 -0.092 -0.169 -0.413 -0.949 -1.063 -1.223 -1.333 -1.543 -1.594 -1.877 -1.892 -2.079
0.00015547 -2.00000 9.80000 0.9700857997 2.4664307912    0.925  2.456  3.6967  1.688    7  0.000  0.481     0.00     0.00     0.00     0.00     0.00 -1    -1e-30      0.00 7.446e-01 2.552e-01 2.542e-05 1.077e-05 7.057e-05 -1.000 1.637e-04 -1.369 2.543 3.364 1.594 0.305 -0.228 -0.167 -0.251 -0.500 -1.045 -1.160 -1.322 -1.433 -1.645 -1.697 -1.983 -1.998 -2.187
0.00015547 -2.00000 9.80000 0.9701079130 2.4664357550    0.925  2.496  3.6945  1.638    7  0.000  0.479     0.00     0.00     0.00     0.00     0.00 -1    -1e-30      0.00 7.446e-01 2.552e-01 2.533e-05 1.082e-05 7.057e-05 -1.000 1.637e-04 -1.471 2.460 3.395 1.583 0.256 -0.286 -0.241 -0.331 -0.585 -1.139 -1.255 -1.419 -1.531 -1.745 -1.798 -2.086 -2.101 -2.294
0.00015547 -2.00000 9.80000 0.9701277018 2.4664401967    0.925  2.537  3.6923  1.589    7  0.000  0.474     5.86     4.72     3.39     2.60     2.10  4    -1e-30      0.00 7.446e-01 2.553e-01 2.510e-05 1.102e-05 7.057e-05 -1.000 1.637e-04 -1.572 2.377 3.425 1.573 0.207 -0.345 -0.315 -0.411 -0.670 -1.232 -1.350 -1.516 -1.628 -1.845 -1.898 -2.189 -2.204 -2.399
0.00015547 -2.00000 9.80000 0.9701455235 2.4664441968    0.925  2.577  3.6901  1.540    7  0.000  0.465     6.49     5.16     3.69     2.83     2.29  4    -1e-30      0.00 7.445e-01 2.553e-01 2.467e-05 1.150e-05 7.058e-05 -1.000 1.637e-04 -1.672 2.294 3.456 1.562 0.159 -0.403 -0.387 -0.489 -0.753 -1.325 -1.443 -1.611 -1.725 -1.943 -1.997 -2.291 -2.307 -2.503
0.00015547 -2.00000 9.80000 0.9701619148 2.4664478756    0.925  2.617  3.6879  1.490    7  0.000  0.455     7.20     5.64     4.01     3.09     2.50  3    -1e-30      0.00 7.444e-01 2.554e-01 2.415e-05 1.214e-05 7.059e-05 -1.000 1.637e-04 -1.773 2.209 3.495 1.561 0.115 -0.456 -0.457 -0.566 -0.836 -1.417 -1.537 -1.707 -1.821 -2.042 -2.096 -2.393 -2.409 -2.608
0.00015547 -2.00000 9.80000 0.9701768160 2.4664512198    0.925  2.657  3.6857  1.442    7  0.000  0.446     7.97     6.16     4.37     3.36     2.72  3    -1e-30      0.00 7.443e-01 2.555e-01 2.367e-05 1.272e-05 7.059e-05 -1.000 1.636e-04 -1.873 2.125 3.537 1.566 0.076 -0.505 -0.525 -0.641 -0.917 -1.508 -1.629 -1.801 -1.917 -2.140 -2.195 -2.495 -2.511 -2.713
0.00015547 -2.00000 9.80000 0.9701909423 2.4664543901    0.925  2.697  3.6834  1.393    7  0.000  0.438     8.84     6.73     4.75     3.66     2.97  3    -1e-30      0.00 7.442e-01 2.557e-01 2.327e-05 1.321e-05 7.059e-05 -1.000 1.637e-04 -1.973 2.042 3.549 1.604 0.070 -0.523 -0.576 -0.706 -0.992 -1.599 -1.723 -1.897 -2.015 -2.240 -2.296 -2.598 -2.615 -2.819
0.00015547 -2.00000 9.80000 0.9702043533 2.4664573997    0.925  2.737  3.6811  1.343    7  0.000  0.432     9.80     7.36     5.17     3.99     3.24  3    -1e-30      0.00 7.441e-01 2.558e-01 2.292e-05 1.365e-05 7.059e-05 -1.000 1.636e-04 -2.073 1.960 3.567 1.649 0.068 -0.537 -0.623 -0.768 -1.065 -1.689 -1.815 -1.993 -2.112 -2.341 -2.397 -2.702 -2.719 -2.926
0.00015547 -2.00000 9.80000 0.9702172279 2.4664602889    0.925  2.777  3.6788  1.295    7  0.000  0.426    10.86     8.04     5.63     4.35     3.53  3    -1e-30      0.00 7.439e-01 2.559e-01 2.262e-05 1.403e-05 7.059e-05 -1.000 1.637e-04 -2.173 1.878 3.591 1.703 0.073 -0.543 -0.665 -0.826 -1.135 -1.778 -1.907 -2.087 -2.209 -2.440 -2.497 -2.806 -2.823 -3.032
0.00015547 -2.00000 9.80000 0.9702295065 2.4664630442    0.925  2.818  3.6765  1.245    7  0.000  0.421    12.05     8.79     6.14     4.75     3.85  3    -1e-30      0.00 7.438e-01 2.561e-01 2.234e-05 1.438e-05 7.056e-05 -1.000 1.637e-04 -2.274 1.795 3.623 1.768 0.086 -0.541 -0.701 -0.880 -1.203 -1.867 -1.998 -2.183 -2.306 -2.541 -2.598 -2.911 -2.928 -3.140
0.00015547 -2.00000 9.80000 0.9702405930 2.4664655320    0.925  2.857  3.6742  1.196    7  0.000  0.417    13.34     9.60     6.67     5.17     4.19  3    -1e-30      0.00 7.436e-01 2.562e-01 2.210e-05 1.469e-05 7.052e-05 -1.000 1.637e-04 -2.373 1.715 3.661 1.840 0.104 -0.533 -0.731 -0.929 -1.266 -1.952 -2.086 -2.274 -2.400 -2.638 -2.696 -3.012 -3.030 -3.244
0.00015547 -2.00000 9.80000 0.9702514410 2.4664679661    0.925  2.897  3.6719  1.147    7  0.000  0.413    14.80    10.50     7.27     5.64     4.57  3    -1e-30      0.00 7.435e-01 2.563e-01 2.189e-05 1.496e-05 7.044e-05 -1.000 1.636e-04 -2.473 1.634 3.709 1.923 0.130 -0.517 -0.755 -0.973 -1.327 -2.037 -2.174 -2.367 -2.495 -2.737 -2.797 -3.116 -3.134 -3.352
0.00015547 -2.00000 9.80000 0.9702610373 2.4664701194    0.925  2.937  3.6695  1.098    7  0.000  0.411    16.41    11.47     7.91     6.15     4.99  2    -1e-30      0.00 7.433e-01 2.565e-01 2.171e-05 1.524e-05 7.032e-05 -1.000 1.636e-04 -2.572 1.555 3.764 2.016 0.163 -0.493 -0.773 -1.012 -1.384 -2.119 -2.260 -2.458 -2.588 -2.835 -2.895 -3.219 -3.237 -3.457
0.00015547 -2.00000 9.80000 0.9702688456 2.4664718714    0.925  2.975  3.6671  1.049    7  0.000  0.409    18.16    12.52     8.60     6.69     5.43  2    -1e-30      0.00 7.432e-01 2.567e-01 2.156e-05 1.552e-05 7.018e-05 -1.000 1.637e-04 -2.669 1.477 3.823 2.116 0.204 -0.460 -0.783 -1.046 -1.436 -2.198 -2.343 -2.545 -2.678 -2.929 -2.990 -3.319 -3.337 -3.561
0.00015547 -2.00000 9.80000 0.9702752829 2.4664733158    0.925  3.013  3.6648  1.003    7  0.000  0.408    20.02    13.62     9.32     7.26     5.89  2    -1e-30      0.00 7.430e-01 2.568e-01 2.144e-05 1.580e-05 7.000e-05 -1.000 1.637e-04 -2.762 1.402 3.886 2.223 0.252 -0.420 -0.787 -1.072 -1.482 -2.273 -2.422 -2.628 -2.765 -3.020 -3.082 -3.415 -3.434 -3.661
0.00015547 -2.00000 9.80000 0.9702818394 2.4664747869    0.925  3.052  3.6623  0.954    7  0.000  0.407    22.18    14.88    10.14     7.91     6.42  2    -1e-30      0.00 7.429e-01 2.569e-01 2.134e-05 1.609e-05 6.981e-05 -1.000 1.636e-04 -2.860 1.324 3.958 2.348 0.314 -0.366 -0.776 -1.088 -1.521 -2.346 -2.500 -2.713 -2.853 -3.114 -3.177 -3.516 -3.535 -3.765
0.00015547 -2.00000 9.80000 0.9702873230 2.4664760172    0.925  3.089  3.6599  0.907    7  0.000  0.406    24.46    16.19    10.99     8.58     6.97  2    -1e-30      0.00 7.428e-01 2.570e-01 2.126e-05 1.633e-05 6.964e-05 -1.000 1.636e-04 -2.953 1.251 4.032 2.477 0.382 -0.304 -0.755 -1.094 -1.553 -2.414 -2.573 -2.793 -2.936 -3.203 -3.268 -3.612 -3.632 -3.866
0.00015547 -2.00000 9.80000 0.9702924490 2.4664771673    0.925  3.154  3.6555  0.824    7  0.000  0.406    29.10    18.80    12.68     9.92     8.06  2    -1e-30      0.00 7.427e-01 2.572e-01 2.119e-05 1.658e-05 6.947e-05 -1.000 1.637e-04 -3.115 1.120 4.167 2.663 0.463 -0.236 -0.739 -1.117 -1.613 -2.529 -2.695 -2.927 -3.075 -3.353 -3.420 -3.774 -3.795 -4.036
0.00015547 -2.00000 9.80000 0.9702926278 2.4664772074    0.925  3.170  3.6544  0.804    7  0.000  0.406    30.37    19.51    13.13    10.28     8.35  2    -1e-30      0.00 7.424e-01 2.574e-01 2.105e-05 1.711e-05 6.906e-05 -1.000 1.636e-04 -3.155 1.088 4.204 2.700 0.475 -0.228 -0.740 -1.125 -1.629 -2.556 -2.724 -2.958 -3.108 -3.388 -3.456 -3.813 -3.834 -4.077
0.00015547 -2.00000 9.80000 0.9702928662 2.4664772609    0.925  3.185  3.6532  0.784    7  0.000  0.406    31.68    20.23    13.60    10.65     8.65  2    -1e-30      0.00 7.424e-01 2.575e-01 2.101e-05 1.727e-05 6.894e-05 -1.000 1.637e-04 -3.193 1.057 4.241 2.737 0.486 -0.220 -0.741 -1.133 -1.645 -2.583 -2.753 -2.990 -3.140 -3.423 -3.491 -3.851 -3.872 -4.117
0.00015547 -2.00000 9.80000 0.9702934027 2.4664773813    0.925  3.202  3.6520  0.762    7  0.000  0.406    33.16    21.04    14.12    11.07     8.99  1    -1e-30      0.00 7.423e-01 2.575e-01 2.098e-05 1.740e-05 6.884e-05 -1.000 1.636e-04 -3.235 1.023 4.282 2.778 0.499 -0.211 -0.741 -1.142 -1.662 -2.613 -2.784 -3.023 -3.175 -3.461 -3.529 -3.892 -3.913 -4.160
0.00015547 -2.00000 9.80000 0.9702945352 2.4664776354    0.925  3.220  3.6507  0.739    7  0.000  0.406    34.81    21.95    14.69    11.53     9.37  1    -1e-30      0.00 7.422e-01 2.576e-01 2.095e-05 1.750e-05 6.876e-05 -1.000 1.637e-04 -3.280 0.986 4.323 2.820 0.512 -0.201 -0.742 -1.151 -1.680 -2.644 -2.817 -3.060 -3.213 -3.501 -3.570 -3.936 -3.957 -4.207
0.00015547 -2.00000 9.80000 0.9702980518 2.4664784244    0.925  3.268  3.6474  0.678    7  0.000  0.406    39.58    24.51    16.33    12.83    10.43  1    -1e-30      0.00 7.421e-01 2.577e-01 2.090e-05 1.768e-05 6.862e-05 -1.000 1.636e-04 -3.400 0.887 4.407 2.918 0.538 -0.184 -0.752 -1.181 -1.732 -2.729 -2.907 -3.157 -3.313 -3.608 -3.679 -4.052 -4.074 -4.329
0.00015547 -2.00000 9.80000 0.9702999592 2.4664788523    0.925  3.332  3.6430  0.597    7  0.535  0.405    46.92    28.39    18.78    14.79    12.03  1    -1e-30      0.00 7.417e-01 2.581e-01 2.077e-05 1.823e-05 6.819e-05 -1.000 1.637e-04 -3.560 0.755 4.506 3.049 0.574 -0.160 -0.759 -1.216 -1.797 -2.839 -3.023 -3.283 -3.444 -3.749 -3.823 -4.206 -4.229 -4.491
0.00015547 -2.00000 9.80000 0.9703000784 2.4664788791    0.925  3.333  3.6430  0.595    7  0.534  0.405    47.09    28.48    18.84    14.84    12.06  1    -1e-30      0.00 7.417e-01 2.581e-01 2.076e-05 1.824e-05 6.818e-05 -1.000 1.637e-04 -3.563 0.752 4.508 3.051 0.574 -0.160 -0.759 -1.216 -1.799 -2.841 -3.025 -3.286 -3.447 -3.752 -3.826 -4.210 -4.233 -4.495
0.00015547 -2.00000 9.80000 0.9703001380 2.4664788924    0.925  3.333  3.6403  0.584    8  0.534  0.425    48.15    29.03    19.19    15.12    12.29  1  -4.4e-07      0.00 7.417e-01 2.581e-01 2.192e-05 1.826e-05 6.864e-05 -1.000 1.947e-04 -3.563 0.767 4.627 3.182 0.660 -0.082 -0.690 -1.159 -1.754 -2.816 -3.003 -3.269 -3.431 -3.740 -3.816 -4.204 -4.228 -4.494
0.00015547 -2.00000 9.80000 0.9703002572 2.4664789192    0.924  3.158  3.6530  0.810    8  0.534  0.426    30.00    19.30    13.00    10.18     8.27  2 -2.19e-07      0.00 7.417e-01 2.581e-01 2.192e-05 1.826e-05 6.864e-05 -1.000 1.946e-04 -3.125 1.125 4.296 2.787 0.540 -0.166 -0.682 -1.072 -1.581 -2.516 -2.685 -2.921 -3.071 -3.353 -3.421 -3.780 -3.802 -4.047
0.00015547 -2.00000 9.80000 0.9703003764 2.4664789459    0.923  3.025  3.6620  0.978    8  0.534  0.426    21.05    14.22     9.71     7.57     6.14  2 -1.34e-07      0.00 7.417e-01 2.581e-01 2.192e-05 1.826e-05 6.864e-05 -1.000 1.947e-04 -2.792 1.393 4.019 2.412 0.379 -0.301 -0.709 -1.021 -1.454 -2.278 -2.432 -2.645 -2.784 -3.045 -3.109 -3.447 -3.466 -3.697
0.00015547 -2.00000 9.80000 0.9703006744 2.4664790128    0.920  2.792  3.6777  1.273    8  0.534  0.426    11.33     8.34     5.83     4.51     3.66  3 -6.19e-08      0.00 7.417e-01 2.581e-01 2.192e-05 1.826e-05 6.864e-05 -1.000 1.947e-04 -2.209 1.851 3.615 1.743 0.089 -0.532 -0.671 -0.840 -1.156 -1.808 -1.938 -2.121 -2.243 -2.476 -2.533 -2.843 -2.861 -3.071
0.00015547 -2.00000 9.80000 0.9703010917 2.4664791064    0.916  2.794  3.6774  1.267    8  0.534  0.426    11.46     8.42     5.89     4.56     3.69  3 -6.26e-08      0.00 7.417e-01 2.581e-01 2.192e-05 1.826e-05 6.864e-05 -1.000 1.946e-04 -2.216 1.847 3.628 1.762 0.100 -0.523 -0.668 -0.840 -1.158 -1.813 -1.943 -2.126 -2.249 -2.483 -2.540 -2.851 -2.868 -3.079
0.00015547 -2.00000 9.80000 0.9703016281 2.4664792268    0.911  2.860  3.6727  1.181    8  0.534  0.426    13.72     9.84     6.82     5.29     4.29  3 -7.73e-08      0.00 7.417e-01 2.581e-01 2.192e-05 1.826e-05 6.864e-05 -1.000 1.947e-04 -2.379 1.720 3.736 1.939 0.171 -0.472 -0.692 -0.902 -1.249 -1.949 -2.085 -2.276 -2.403 -2.644 -2.703 -3.021 -3.039 -3.255
0.00015547 -2.00000 9.80000 0.9703022838 2.4664793739    0.905  3.026  3.6611  0.965    8  0.535  0.426    21.51    14.49     9.88     7.71     6.26  2 -1.37e-07      0.00 7.417e-01 2.581e-01 2.192e-05 1.826e-05 6.864e-05 -1.000 1.947e-04 -2.794 1.398 4.076 2.490 0.435 -0.248 -0.671 -0.993 -1.435 -2.272 -2.427 -2.642 -2.783 -3.046 -3.110 -3.450 -3.470 -3.702
0.00015547 -2.00000 9.80000 0.9703031182 2.4664795611    0.898  3.180  3.6502  0.764    8  0.535  0.426    32.77    20.81    13.96    10.95     8.90  1 -2.46e-07      0.00 7.417e-01 2.581e-01 2.192e-05 1.826e-05 6.864e-05 -1.000 1.947e-04 -3.180 1.087 4.421 2.913 0.605 -0.110 -0.647 -1.054 -1.582 -2.543 -2.716 -2.958 -3.111 -3.399 -3.469 -3.834 -3.855 -4.105
0.00015547 -2.00000 9.80000 0.9703040123 2.4664797617    0.890  3.283  3.6428  0.627    8  0.535  0.426    43.57    26.58    17.62    13.88    11.28  1 -3.75e-07      0.00 7.417e-01 2.581e-01 2.192e-05 1.826e-05 6.864e-05 -1.000 1.947e-04 -3.438 0.877 4.612 3.147 0.677 -0.057 -0.651 -1.105 -1.683 -2.719 -2.902 -3.162 -3.322 -3.625 -3.699 -4.082 -4.105 -4.367
0.00015547 -2.00000 9.80000 0.9703050256 2.4664799890    0.881  3.337  3.6386  0.552    8  0.535  0.426    50.95    30.38    20.02    15.81    12.85  1 -4.78e-07      0.00 7.417e-01 2.581e-01 2.192e-05 1.826e-05 6.864e-05 -1.000 1.947e-04 -3.574 0.768 4.704 3.286 0.726 -0.020 -0.635 -1.115 -1.723 -2.804 -2.993 -3.264 -3.428 -3.742 -3.818 -4.211 -4.235 -4.505
0.00015547 -2.00000 9.80000 0.9703061581 2.4664802431    0.871  3.362  3.6365  0.515    8  0.536  0.426    54.99    32.42    21.30    16.84    13.69  1 -5.37e-07      0.00 7.417e-01 2.581e-01 2.192e-05 1.826e-05 6.864e-05 -1.000 1.947e-04 -3.634 0.722 4.747 3.363 0.758 0.007 -0.616 -1.109 -1.732 -2.836 -3.029 -3.305 -3.471 -3.790 -3.868 -4.267 -4.291 -4.565
0.00015547 -2.00000 9.80000 0.9703074098 2.4664805239    0.860  3.373  3.6352  0.493    8  0.536  0.426    57.44    33.62    22.05    17.45    14.19  1 -5.73e-07      0.00 7.417e-01 2.581e-01 2.192e-05 1.826e-05 6.864e-05 -1.000 1.947e-04 -3.662 0.702 4.782 3.417 0.785 0.031 -0.596 -1.096 -1.729 -2.847 -3.042 -3.322 -3.489 -3.811 -3.890 -4.292 -4.317 -4.593
0.00015547 -2.00000 9.80000 0.9703075290 2.4664805507    0.859  3.252  3.6433  0.645    8  0.536  0.426    41.66    25.52    16.94    13.36    10.85  1 -3.45e-07      0.00 7.417e-01 2.581e-01 2.192e-05 1.826e-05 6.864e-05 -1.000 1.947e-04 -3.361 0.950 4.650 3.178 0.723 -0.010 -0.599 -1.049 -1.621 -2.650 -2.832 -3.090 -3.249 -3.551 -3.625 -4.006 -4.029 -4.290
0.00015547 -2.00000 9.80000 0.9703077674 2.4664806042    0.856  3.073  3.6554  0.871    8  0.536  0.426    25.81    16.92    11.44     8.97     7.28  2 -1.71e-07      0.00 7.417e-01 2.581e-01 2.192e-05 1.826e-05 6.864e-05 -1.000 1.947e-04 -2.911 1.321 4.327 2.815 0.629 -0.070 -0.563 -0.934 -1.424 -2.330 -2.495 -2.725 -2.873 -3.148 -3.215 -3.568 -3.589 -3.830
0.00015547 -2.00000 9.80000 0.9703081846 2.4664806978    0.850  2.840  3.6711  1.164    8  0.537  0.426    13.90     9.96     6.89     5.36     4.35  2 -7.65e-08      0.00 7.417e-01 2.581e-01 2.192e-05 1.826e-05 6.864e-05 -1.000 1.948e-04 -2.330 1.781 3.868 2.095 0.294 -0.354 -0.596 -0.818 -1.175 -1.890 -2.028 -2.222 -2.350 -2.593 -2.653 -2.973 -2.992 -3.210
0.00015547 -2.00000 9.80000 0.9703088403 2.4664808449    0.842  2.843  3.6707  1.154    8  0.537  0.426    14.14    10.10     6.99     5.44     4.41  2 -7.81e-08      0.00 7.417e-01 2.581e-01 2.192e-05 1.826e-05 6.864e-05 -1.000 1.947e-04 -2.338 1.777 3.890 2.125 0.312 -0.338 -0.588 -0.814 -1.175 -1.895 -2.034 -2.228 -2.357 -2.601 -2.661 -2.983 -3.001 -3.219
0.00015547 -2.00000 9.80000 0.9703096151 2.4664810187    0.831  2.909  3.6658  1.064    8  0.537  0.426    17.05    11.86     8.14     6.35     5.15  2 -9.84e-08      0.00 7.417e-01 2.581e-01 2.192e-05 1.826e-05 6.864e-05 -1.000 1.948e-04 -2.502 1.651 4.035 2.353 0.421 -0.246 -0.581 -0.852 -1.250 -2.023 -2.170 -2.374 -2.508 -2.761 -2.822 -3.152 -3.171 -3.396
0.00015547 -2.00000 9.80000 0.9703105688 2.4664812327    0.819  3.072  3.6542  0.847    8  0.537  0.426    26.85    17.48    11.79     9.26     7.51  1  -1.8e-07      0.00 7.417e-01 2.581e-01 2.192e-05 1.826e-05 6.864e-05 -1.000 1.948e-04 -2.911 1.330 4.413 2.901 0.686 -0.016 -0.520 -0.899 -1.398 -2.317 -2.484 -2.716 -2.865 -3.144 -3.211 -3.567 -3.588 -3.831
0.00015547 -2.00000 9.80000 0.9703117609 2.4664815001    0.804  3.224  3.6432  0.644    8  0.538  0.426    41.11    25.13    16.67    13.17    10.70  1 -3.34e-07      0.00 7.417e-01 2.581e-01 2.192e-05 1.826e-05 6.864e-05 -1.000 1.948e-04 -3.291 1.020 4.725 3.253 0.796 0.063 -0.527 -0.976 -1.550 -2.579 -2.761 -3.019 -3.178 -3.481 -3.554 -3.935 -3.958 -4.220
0.00015547 -2.00000 9.80000 0.9703130722 2.4664817943    0.788  3.325  3.6357  0.504    8  0.538  0.426    55.07    32.21    21.12    16.76    13.61  1 -5.26e-07      0.00 7.417e-01 2.581e-01 2.192e-05 1.826e-05 6.864e-05 -1.000 1.947e-04 -3.544 0.817 4.872 3.499 0.879 0.127 -0.500 -0.997 -1.625 -2.737 -2.930 -3.208 -3.375 -3.696 -3.774 -4.175 -4.199 -4.474
0.00015547 -2.00000 9.80000 0.9703145623 2.4664821286    0.770  3.379  3.6315  0.423    8  0.539  0.426    65.04    37.04    24.12    19.20    15.60  1 -6.88e-07      0.00 7.417e-01 2.581e-01 2.192e-05 1.826e-05 6.864e-05 -1.000 1.948e-04 -3.677 0.712 4.946 3.646 0.928 0.164 -0.463 -0.984 -1.645 -2.808 -3.008 -3.300 -3.471 -3.805 -3.886 -4.300 -4.325 -4.609
0.00015547 -2.00000 9.80000 0.9703162313 2.4664825030    0.750  3.403  3.6293  0.380    8  0.540  0.426    71.03    39.82    25.83    20.60    16.74  1 -7.97e-07      0.00 7.417e-01 2.581e-01 2.192e-05 1.826e-05 6.864e-05 -1.000 1.948e-04 -3.737 0.668 4.987 3.732 0.961 0.193 -0.432 -0.964 -1.642 -2.834 -3.037 -3.337 -3.510 -3.850 -3.934 -4.354 -4.380 -4.669
0.00015547 -2.00000 9.80000 0.9703180790 2.4664829176    0.729  3.414  3.6281  0.351    8  0.540  0.426    75.15    41.64    26.94    21.52    17.49  1 -8.79e-07      0.00 7.417e-01 2.581e-01 2.192e-05 1.826e-05 6.864e-05 -1.000 1.948e-04 -3.766 0.648 5.011 3.788 0.986 0.215 -0.405 -0.944 -1.632 -2.841 -3.047 -3.351 -3.525 -3.870 -3.955 -4.379 -4.406 -4.698
0.00015547 -2.00000 9.80000 0.9703279734 2.4664851374    0.544 -9.999  4.0000  1.765    9  0.545  0.000     0.00     0.00     0.00     0.00     0.00 -1    -1e-30      0.00 7.417e-01 2.581e-01 2.192e-05 1.826e-05 6.864e-05 -1.000 1.948e-04 29.767 29.891 29.849 29.813 29.848 29.914 29.969 30.078 30.062 30.106 30.107 30.103 30.101 30.098 30.100 30.091 30.089 30.062
