 Zini     MH   logAge Mini        int_IMF         Mass   logL    logTe  logg  label   McoreTP C_O  period0  period1  period2  period3  period4  pmode  Mloss  tau1m   X   Y   Xc  Xn  Xo  Cexcess  Z 	 mbolmag  F170Wmag  F218Wmag  F255Wmag  F300Wmag  F336Wmag  F380Wmag  F439Wmag  F450Wmag  F555Wmag  F569Wmag  F606Wmag  F622Wmag  F675Wmag  F702Wmag  F791Wmag  F814Wmag  F850LPmag
0.00012351 -2.10000 10.15000 0.0969537646 1.1451442648    0.097 -2.906  3.5376  5.432    1  0.000  0.545     0.00     0.00     0.00     0.00     0.00 -1 -1.71e-19      0.00 7.455e-01 2.544e-01 2.346e-05 6.329e-06 5.740e-05 -1.000 1.305e-04 12.034 16.525 21.376 20.758 17.196 16.348 16.302 15.435 14.815 13.411 13.207 12.821 12.611 12.203 12.009 11.360 11.320 10.939
0.00012351 -2.10000 10.15000 0.1068295985 1.2257492700    0.106 -2.686  3.5653  5.364    1  0.000  0.545     0.00     0.00     0.00     0.00     0.00 -1 -1.75e-18      0.00 7.430e-01 2.569e-01 2.346e-05 6.329e-06 5.740e-05 -1.000 1.305e-04 11.485 15.907 20.425 18.996 16.032 15.183 14.914 14.289 13.802 12.589 12.399 12.043 11.843 11.475 11.347 10.828 10.793 10.452
0.00012351 -2.10000 10.15000 0.1265812367 1.3612056418    0.126 -2.427  3.5903  5.280    1  0.000  0.545     0.00     0.00     0.00     0.00     0.00 -1 -1.38e-16      0.00 7.394e-01 2.605e-01 2.346e-05 6.329e-06 5.740e-05 -1.000 1.306e-04 10.838 15.188 19.112 17.236 14.782 13.965 13.657 13.190 12.781 11.742 11.568 11.251 11.067 10.728 10.632 10.185 10.156 9.846
0.00012351 -2.10000 10.15000 0.1463329047 1.4716401990    0.146 -2.256  3.6027  5.221    1  0.000  0.545     0.00     0.00     0.00     0.00     0.00 -1 -9.66e-18      0.00 7.372e-01 2.626e-01 2.346e-05 6.329e-06 5.740e-05 -1.000 1.305e-04 10.410 14.722 18.303 16.331 14.063 13.265 12.985 12.574 12.192 11.228 11.061 10.766 10.591 10.268 10.180 9.757 9.729 9.434
0.00012351 -2.10000 10.15000 0.1660845429 1.5642192292    0.166 -2.123  3.6106  5.175    1  0.000  0.545     0.00     0.00     0.00     0.00     0.00 -1 -3.62e-19      0.00 7.362e-01 2.636e-01 2.346e-05 6.329e-06 5.740e-05 -1.000 1.304e-04 10.079 14.364 17.740 15.715 13.546 12.762 12.507 12.130 11.763 10.844 10.681 10.400 10.231 9.918 9.834 9.424 9.398 9.112
0.00012351 -2.10000 10.15000 0.2055878490 1.7124988351    0.205 -1.915  3.6218  5.105    1  0.000  0.545     0.00     0.00     0.00     0.00     0.00 -1 -8.36e-18      0.00 7.359e-01 2.640e-01 2.346e-05 6.329e-06 5.740e-05 -1.000 1.305e-04 9.559 13.804 16.849 14.801 12.769 12.007 11.798 11.463 11.113 10.251 10.096 9.832 9.672 9.372 9.294 8.901 8.877 8.605
0.00012351 -2.10000 10.15000 0.2549669743 1.8527729435    0.255 -1.725  3.6322  5.050    1  0.000  0.545     0.00     0.00     0.00     0.00     0.00 -1 -1.35e-18      0.00 7.362e-01 2.637e-01 2.346e-05 6.330e-06 5.740e-05 -1.000 1.306e-04 9.083 13.288 15.989 13.966 12.061 11.322 11.162 10.862 10.525 9.712 9.562 9.314 9.161 8.874 8.799 8.423 8.400 8.140
0.00012351 -2.10000 10.15000 0.3043461442 1.9615366389    0.304 -1.578  3.6409  5.014    1  0.000  0.545     0.00     0.00     0.00     0.00     0.00 -1 -5.56e-20      0.00 7.361e-01 2.638e-01 2.345e-05 6.330e-06 5.740e-05 -1.000 1.306e-04 8.715 12.885 15.324 13.317 11.502 10.783 10.669 10.396 10.069 9.293 9.147 8.912 8.765 8.487 8.417 8.052 8.030 7.781
0.00012351 -2.10000 10.15000 0.3537251949 2.0494810633    0.354 -1.454  3.6490  4.988    1  0.000  0.544     0.00     0.00     0.00     0.00     0.00 -1 -5.42e-16      0.00 7.366e-01 2.633e-01 2.343e-05 6.331e-06 5.740e-05 -1.000 1.305e-04 8.405 12.542 14.778 12.769 11.021 10.319 10.250 10.002 9.684 8.939 8.797 8.573 8.430 8.161 8.093 7.740 7.720 7.479
0.00012351 -2.10000 10.15000 0.4031043649 2.1227581329    0.403 -1.328  3.6577  4.954    1  0.000  0.545     0.00     0.00     0.00     0.00     0.00 -1 -1.19e-16      0.00 7.500e-01 2.498e-01 2.346e-05 6.329e-06 5.740e-05 -1.000 1.305e-04 8.090 12.188 14.189 12.190 10.519 9.839 9.820 9.598 9.290 8.578 8.441 8.227 8.089 7.830 7.765 7.424 7.404 7.174
0.00012351 -2.10000 10.15000 0.4524834752 2.1852063413    0.452 -1.175  3.6721  4.909    1  0.000  0.545     0.00     0.00     0.00     0.00     0.00 -1 -4.39e-15      0.00 7.507e-01 2.492e-01 2.346e-05 6.329e-06 5.740e-05 -1.000 1.305e-04 7.708 11.738 13.293 11.359 9.832 9.194 9.257 9.081 8.789 8.128 7.998 7.801 7.672 7.427 7.367 7.044 7.026 6.811
0.00012351 -2.10000 10.15000 0.4844493568 2.2210916317    0.484 -1.062  3.6828  4.868    1  0.000  0.545     0.00     0.00     0.00     0.00     0.00 -1 -2.54e-15      0.00 7.517e-01 2.481e-01 2.339e-05 6.311e-06 5.724e-05 -1.000 1.305e-04 7.424 11.399 12.624 10.748 9.328 8.722 8.846 8.702 8.425 7.800 7.675 7.489 7.366 7.131 7.074 6.765 6.748 6.545
0.00012351 -2.10000 10.15000 0.5018625855 2.2393660217    0.502 -1.003  3.6884  4.847    1  0.000  0.545     0.00     0.00     0.00     0.00     0.00 -1 -1.57e-15      0.00 7.522e-01 2.476e-01 2.336e-05 6.302e-06 5.716e-05 -1.000 1.305e-04 7.278 11.222 12.278 10.435 9.071 8.482 8.636 8.508 8.238 7.633 7.509 7.329 7.208 6.979 6.924 6.621 6.605 6.408
0.00012351 -2.10000 10.15000 0.5512417555 2.2846836818    0.551 -0.790  3.7090  4.756    1  0.000  0.544     0.00     0.00     0.00     0.00     0.00 -1 -1.74e-15      0.00 7.910e-01 2.089e-01 1.992e-05 5.377e-06 4.880e-05 -1.000 1.000e-04 6.744 10.551 10.931 9.294 8.148 7.627 7.884 7.813 7.573 7.033 6.919 6.757 6.646 6.436 6.386 6.107 6.093 5.917
0.00012351 -2.10000 10.15000 0.5855579972 2.3110546540    0.585 -0.635  3.7278  4.703    1  0.000  0.544     0.00     0.00     0.00     0.00     0.00 -1 -7.88e-15      0.00 8.014e-01 1.984e-01 1.903e-05 5.142e-06 4.668e-05 -1.000 1.208e-04 6.356 9.996 9.820 8.407 7.452 6.994 7.325 7.298 7.084 6.600 6.494 6.347 6.244 6.050 6.004 5.746 5.735 5.576
0.00012351 -2.10000 10.15000 0.6006208658 2.3215416132    0.600 -0.569  3.7358  4.680    1  0.000  0.543     0.00     0.00     0.00     0.00     0.00 -1 -9.67e-15      0.00 8.059e-01 1.940e-01 1.865e-05 5.041e-06 4.577e-05 -1.000 1.295e-04 6.192 9.743 9.368 8.051 7.171 6.739 7.097 7.086 6.882 6.420 6.318 6.177 6.077 5.889 5.845 5.596 5.585 5.433
0.00012351 -2.10000 10.15000 0.6087383628 2.3269462728    0.608 -0.530  3.7408  4.667    1  0.000  0.543     0.00     0.00     0.00     0.00     0.00 -1  -1.1e-16      0.00 8.090e-01 1.909e-01 1.840e-05 4.973e-06 4.516e-05 -1.000 1.167e-04 6.095 9.586 9.093 7.836 7.004 6.587 6.961 6.959 6.762 6.314 6.213 6.076 5.978 5.794 5.752 5.507 5.497 5.350
0.00012351 -2.10000 10.15000 0.6195518970 2.3338935821    0.619 -0.477  3.7474  4.649    1  0.000  0.543     0.00     0.00     0.00     0.00     0.00 -1    -4e-24      0.00 8.133e-01 1.866e-01 1.804e-05 4.878e-06 4.431e-05 -1.000 9.979e-05 5.963 9.345 8.713 7.549 6.784 6.391 6.783 6.792 6.603 6.173 6.075 5.943 5.848 5.670 5.628 5.391 5.382 5.241
0.00012351 -2.10000 10.15000 0.6291388273 2.3398237149    0.629 -0.430  3.7532  4.632    1  0.000  0.543     0.00     0.00     0.00     0.00     0.00 -1 -6.04e-21      0.00 8.173e-01 1.826e-01 1.771e-05 4.789e-06 4.351e-05 -1.000 6.059e-05 5.845 9.123 8.389 7.301 6.590 6.219 6.626 6.644 6.461 6.047 5.952 5.824 5.732 5.558 5.518 5.287 5.278 5.143
0.00012351 -2.10000 10.15000 0.6383529902 2.3453306473    0.638 -0.384  3.7587  4.614    1  0.000  0.542     0.00     0.00     0.00     0.00     0.00 -1 -6.33e-18      0.00 8.214e-01 1.786e-01 1.737e-05 4.699e-06 4.271e-05 -1.000 5.612e-05 5.730 8.903 8.087 7.067 6.405 6.053 6.475 6.501 6.324 5.925 5.833 5.709 5.619 5.450 5.411 5.186 5.178 5.047
0.00012351 -2.10000 10.15000 0.6471272707 2.3504073926    0.647 -0.339  3.7639  4.595    1  0.000  0.542     0.00     0.00     0.00     0.00     0.00 -1 -4.44e-15      0.00 8.254e-01 1.745e-01 1.704e-05 4.610e-06 4.191e-05 -1.000 7.693e-05 5.618 8.687 7.816 6.853 6.235 5.901 6.333 6.365 6.194 5.809 5.718 5.598 5.510 5.345 5.308 5.088 5.080 4.953
0.00012351 -2.10000 10.15000 0.6499999762 2.3520353107    0.650 -0.324  3.7655  4.589    1  0.000  0.542     0.00     0.00     0.00     0.00     0.00 -1 -1.57e-14      0.00 8.267e-01 1.732e-01 1.692e-05 4.580e-06 4.164e-05 -1.000 1.081e-04 5.581 8.616 7.729 6.785 6.180 5.851 6.286 6.320 6.151 5.770 5.681 5.561 5.474 5.310 5.273 5.055 5.047 4.922
0.00012351 -2.10000 10.15000 0.6567181945 2.3557785613    0.656 -0.289  3.7693  4.573    1  0.000  0.542     0.00     0.00     0.00     0.00     0.00 -1 -4.83e-15      0.00 8.307e-01 1.692e-01 1.660e-05 4.492e-06 4.085e-05 -1.000 1.189e-04 5.491 8.447 7.529 6.624 6.050 5.734 6.176 6.214 6.049 5.678 5.590 5.473 5.387 5.227 5.191 4.976 4.969 4.847
0.00012351 -2.10000 10.15000 0.6645816565 2.3600495534    0.664 -0.245  3.7737  4.553    1  0.000  0.541     0.00     0.00     0.00     0.00     0.00 -1 -7.31e-25      0.00 8.357e-01 1.642e-01 1.619e-05 4.384e-06 3.988e-05 -1.000 9.701e-05 5.384 8.245 7.303 6.441 5.899 5.598 6.046 6.088 5.928 5.567 5.481 5.367 5.283 5.126 5.091 4.881 4.873 4.755
0.00012351 -2.10000 10.15000 0.6722005010 2.3640782652    0.672 -0.202  3.7780  4.531    1  0.000  0.541     0.00     0.00     0.00     0.00     0.00 -1 -4.09e-23      0.00 8.407e-01 1.592e-01 1.577e-05 4.273e-06 3.888e-05 -1.000 8.897e-05 5.275 8.046 7.083 6.261 5.750 5.463 5.916 5.962 5.806 5.456 5.372 5.261 5.178 5.025 4.990 4.784 4.777 4.662
0.00012351 -2.10000 10.15000 0.6812183857 2.3687130934    0.681 -0.148  3.7830  4.503    1  0.000  0.540     0.00     0.00     0.00     0.00     0.00 -1 -4.53e-20      0.00 8.468e-01 1.531e-01 1.526e-05 4.137e-06 3.766e-05 -1.000 1.085e-04 5.140 7.802 6.826 6.047 5.571 5.300 5.757 5.806 5.656 5.318 5.237 5.129 5.048 4.899 4.865 4.664 4.657 4.547
0.00012351 -2.10000 10.15000 0.6895215511 2.3728575339    0.689 -0.095  3.7876  4.474    1  0.000  0.540     0.00     0.00     0.00     0.00     0.00 -1 -2.76e-17      0.00 8.526e-01 1.473e-01 1.479e-05 4.011e-06 3.654e-05 -1.000 1.110e-04 5.008 7.572 6.591 5.850 5.403 5.147 5.604 5.655 5.510 5.183 5.103 4.999 4.920 4.774 4.741 4.545 4.539 4.433
0.00012351 -2.10000 10.15000 0.6970685720 2.3765262145    0.697 -0.044  3.7917  4.444    1  0.000  0.539     0.00     0.00     0.00     0.00     0.00 -1 -9.11e-15      0.00 8.578e-01 1.422e-01 1.437e-05 3.900e-06 3.554e-05 -1.000 6.284e-05 4.881 7.359 6.378 5.669 5.247 5.004 5.458 5.510 5.369 5.052 4.975 4.873 4.796 4.653 4.621 4.430 4.424 4.321
0.00012351 -2.10000 10.15000 0.6999999285 2.3779266691    0.700 -0.024  3.7933  4.432    1  0.000  0.539     0.00     0.00     0.00     0.00     0.00 -1  -8.6e-14      0.00 8.598e-01 1.402e-01 1.421e-05 3.858e-06 3.517e-05 -1.000 3.771e-05 4.829 7.277 6.296 5.599 5.186 4.948 5.400 5.452 5.313 5.000 4.923 4.822 4.746 4.605 4.573 4.383 4.377 4.275
0.00012351 -2.10000 10.15000 0.7006878853 2.3782533885    0.700 -0.019  3.7936  4.429    1  0.000  0.539     0.00     0.00     0.00     0.00     0.00 -1 -8.72e-14      0.00 8.601e-01 1.399e-01 1.419e-05 3.852e-06 3.512e-05 -1.000 3.305e-05 4.817 7.258 6.277 5.582 5.172 4.935 5.386 5.439 5.300 4.988 4.911 4.810 4.734 4.593 4.562 4.372 4.366 4.265
0.00012351 -2.10000 10.15000 0.7073459625 2.3813776667    0.707  0.031  3.7969  4.396    1  0.000  0.537     0.00     0.00     0.00     0.00     0.00 -1 -3.74e-14      0.00 8.629e-01 1.369e-01 1.398e-05 3.803e-06 3.469e-05 -1.000 1.280e-04 4.692 7.067 6.089 5.419 5.028 4.801 5.247 5.299 5.164 4.860 4.784 4.686 4.612 4.473 4.442 4.256 4.251 4.152
0.00012351 -2.10000 10.15000 0.7140032649 2.3844346792    0.713  0.085  3.8001  4.359    1  0.000  0.535     0.00     0.00     0.00     0.00     0.00 -1 -7.05e-25      0.00 8.656e-01 1.343e-01 1.379e-05 3.762e-06 3.433e-05 -1.000 1.076e-04 4.558 6.871 5.897 5.250 4.876 4.659 5.098 5.150 5.019 4.722 4.648 4.552 4.479 4.343 4.313 4.130 4.125 4.029
0.00012351 -2.10000 10.15000 0.7216941118 2.3878856712    0.721  0.153  3.8035  4.309    1  0.000  0.534     0.00     0.00     0.00     0.00     0.00 -1  -4.2e-23      0.00 8.681e-01 1.318e-01 1.361e-05 3.723e-06 3.401e-05 -1.000 9.243e-05 4.386 6.639 5.673 5.049 4.693 4.486 4.913 4.963 4.835 4.546 4.474 4.381 4.309 4.176 4.147 3.967 3.962 3.869
0.00012351 -2.10000 10.15000 0.7288812399 2.3910350501    0.728  0.225  3.8063  4.253    1  0.000  0.532     0.00     0.00     0.00     0.00     0.00 -1 -1.39e-20      0.00 8.694e-01 1.305e-01 1.354e-05 3.710e-06 3.391e-05 -1.000 8.538e-05 4.208 6.413 5.454 4.849 4.508 4.309 4.722 4.771 4.646 4.364 4.293 4.202 4.131 4.001 3.972 3.796 3.791 3.700
0.00012351 -2.10000 10.15000 0.7339363694 2.3932077520    0.733  0.280  3.8078  4.206    1  0.000  0.531     0.00     0.00     0.00     0.00     0.00 -1 -8.37e-19      0.00 8.702e-01 1.297e-01 1.349e-05 3.703e-06 3.386e-05 -1.000 1.000e-04 4.070 6.250 5.296 4.701 4.368 4.174 4.577 4.624 4.501 4.223 4.153 4.063 3.993 3.864 3.835 3.661 3.656 3.567
0.00012351 -2.10000 10.15000 0.7383241653 2.3950659212    0.737  0.333  3.8084  4.159    1  0.000  0.531     0.00     0.00     0.00     0.00     0.00 -1 -2.97e-17      0.00 8.705e-01 1.294e-01 1.348e-05 3.705e-06 3.389e-05 -1.000 1.001e-04 3.939 6.110 5.159 4.570 4.240 4.048 4.442 4.488 4.366 4.090 4.020 3.930 3.861 3.733 3.704 3.531 3.526 3.438
0.00012351 -2.10000 10.15000 0.7393457294 2.3954949007    0.738  0.345  3.8084  4.147    1  0.000  0.530     0.00     0.00     0.00     0.00     0.00 -1 -6.85e-17      0.00 8.706e-01 1.293e-01 1.348e-05 3.706e-06 3.390e-05 -1.000 1.001e-04 3.907 6.078 5.128 4.539 4.210 4.018 4.409 4.455 4.333 4.057 3.988 3.898 3.829 3.701 3.673 3.499 3.495 3.406
0.00012351 -2.10000 10.15000 0.7407087684 2.3960651552    0.740  0.364  3.8081  4.127    1  0.000  0.530     0.00     0.00     0.00     0.00     0.00 -1  -2.1e-16      0.00 8.706e-01 1.293e-01 1.348e-05 3.708e-06 3.391e-05 -1.000 1.001e-04 3.860 6.037 5.087 4.497 4.167 3.974 4.363 4.408 4.286 4.010 3.941 3.851 3.781 3.653 3.625 3.451 3.447 3.358
0.00012351 -2.10000 10.15000 0.7444078326 2.3976006372    0.743  0.419  3.8061  4.067    1  0.000  0.529     0.00     0.00     0.00     0.00     0.00 -1 -4.48e-15      0.00 8.708e-01 1.291e-01 1.348e-05 3.711e-06 3.396e-05 -1.000 1.001e-04 3.723 5.935 4.984 4.384 4.046 3.849 4.232 4.276 4.152 3.873 3.803 3.712 3.642 3.513 3.484 3.309 3.304 3.213
0.00012351 -2.10000 10.15000 0.7469925880 2.3986631961    0.746  0.462  3.8032  4.013    1  0.000  0.529     0.00     0.00     0.00     0.00     0.00 -1 -3.94e-14      0.00 8.709e-01 1.290e-01 1.348e-05 3.714e-06 3.398e-05 -1.000 1.001e-04 3.614 5.875 4.920 4.305 3.954 3.752 4.132 4.175 4.050 3.766 3.695 3.602 3.531 3.400 3.371 3.193 3.188 3.095
0.00012351 -2.10000 10.15000 0.7475433350 2.3988885091    0.746  0.472  3.8025  4.001    1  0.000  0.529     0.00     0.00     0.00     0.00     0.00 -1 -6.29e-14      0.00 8.709e-01 1.290e-01 1.348e-05 3.714e-06 3.399e-05 -1.000 1.001e-04 3.590 5.863 4.907 4.288 3.934 3.730 4.110 4.153 4.028 3.742 3.671 3.578 3.506 3.375 3.345 3.167 3.161 3.068
0.00012351 -2.10000 10.15000 0.7485604286 2.3993036045    0.747  0.493  3.8000  3.970    2  0.000  0.529     0.00     0.00     0.00     0.00     0.00 -1 -1.51e-13      0.00 8.710e-01 1.289e-01 1.348e-05 3.715e-06 3.400e-05 -1.000 1.001e-04 3.536 5.852 4.894 4.260 3.895 3.685 4.065 4.108 3.980 3.690 3.618 3.523 3.451 3.318 3.288 3.107 3.101 3.006
0.00012351 -2.10000 10.15000 0.7499999404 2.3998888845    0.749  0.526  3.7958  3.922    2  0.000  0.528     0.00     0.00     0.00     0.00     0.00 -1 -5.29e-13      0.00 8.710e-01 1.289e-01 1.348e-05 3.717e-06 3.402e-05 -1.000 1.001e-04 3.456 5.849 4.889 4.229 3.843 3.622 4.000 4.042 3.911 3.613 3.539 3.442 3.368 3.231 3.200 3.016 3.010 2.911
0.00012351 -2.10000 10.15000 0.7513092756 2.4004189977    0.750  0.559  3.7901  3.866    2  0.000  0.528     0.00     0.00     0.00     0.00     0.00 -1 -6.09e-13      0.00 8.706e-01 1.293e-01 1.352e-05 3.728e-06 3.412e-05 -1.000 1.000e-04 3.372 5.867 4.904 4.208 3.794 3.560 3.938 3.979 3.843 3.533 3.457 3.356 3.280 3.139 3.108 2.917 2.911 2.807
0.00012351 -2.10000 10.15000 0.7524202466 2.4008671353    0.751  0.593  3.7829  3.804    2  0.000  0.528     0.00     0.00     0.00     0.00     0.00 -1 -7.06e-13      0.00 8.700e-01 1.299e-01 1.361e-05 3.752e-06 3.435e-05 -1.000 1.155e-04 3.287 5.914 4.954 4.209 3.758 3.505 3.884 3.923 3.780 3.456 3.377 3.271 3.193 3.046 3.013 2.816 2.809 2.699
0.00012351 -2.10000 10.15000 0.7533164024 2.4012275145    0.752  0.624  3.7753  3.743    2  0.000  0.529     0.00     0.00     0.00     0.00     0.00 -1 -8.12e-13      0.00 8.581e-01 1.418e-01 1.472e-05 4.055e-06 3.709e-05 -1.000 7.416e-05 3.210 5.980 5.033 4.231 3.737 3.464 3.841 3.877 3.727 3.386 3.303 3.194 3.112 2.960 2.925 2.720 2.713 2.596
0.00012351 -2.10000 10.15000 0.7540685534 2.4015292235    0.753  0.653  3.7683  3.686    2  0.000  0.531     0.00     0.00     0.00     0.00     0.00 -1 -9.28e-13      0.00 8.310e-01 1.689e-01 1.693e-05 4.653e-06 4.248e-05 -1.000 1.027e-04 3.136 6.043 5.117 4.257 3.720 3.427 3.801 3.833 3.676 3.320 3.234 3.120 3.036 2.878 2.843 2.631 2.623 2.500
0.00012351 -2.10000 10.15000 0.7547322512 2.4017948771    0.753  0.685  3.7614  3.628    2  0.000  0.534     0.00     0.00     0.00     0.00     0.00 -1 -1.07e-12      0.00 8.072e-01 1.927e-01 1.878e-05 5.149e-06 4.692e-05 -1.000 9.812e-05 3.059 6.093 5.203 4.282 3.700 3.387 3.759 3.786 3.623 3.251 3.162 3.044 2.957 2.794 2.757 2.538 2.530 2.402
0.00012351 -2.10000 10.15000 0.7553212643 2.4020301877    0.754  0.719  3.7552  3.569    2  0.000  0.535     0.00     0.00     0.00     0.00     0.00 -1 -1.23e-12      0.00 7.923e-01 2.076e-01 1.990e-05 5.449e-06 4.960e-05 -1.000 1.029e-04 2.973 6.114 5.274 4.297 3.673 3.343 3.708 3.730 3.560 3.173 3.083 2.960 2.871 2.703 2.665 2.440 2.431 2.297
0.00012351 -2.10000 10.15000 0.7559047341 2.4022628679    0.754  0.762  3.7499  3.505    2  0.000  0.536     0.00     0.00     0.00     0.00     0.00 -1 -1.46e-12      0.00 7.831e-01 2.168e-01 2.060e-05 5.638e-06 5.129e-05 -1.000 1.299e-04 2.865 6.095 5.302 4.276 3.617 3.272 3.630 3.649 3.473 3.073 2.980 2.854 2.763 2.592 2.552 2.321 2.312 2.174
0.00012351 -2.10000 10.15000 0.7563652992 2.4024462438    0.755  0.802  3.7464  3.451    2  0.000  0.536     0.00     0.00     0.00     0.00     0.00 -1 -1.71e-12      0.00 7.782e-01 2.217e-01 2.098e-05 5.737e-06 5.217e-05 -1.000 1.305e-04 2.764 6.051 5.305 4.242 3.555 3.200 3.551 3.565 3.386 2.978 2.883 2.755 2.663 2.488 2.448 2.214 2.204 2.062
0.00012351 -2.10000 10.15000 0.7566802502 2.4025714951    0.755  0.833  3.7442  3.412    2  0.000  0.536     0.00     0.00     0.00     0.00     0.00 -1 -1.92e-12      0.00 7.756e-01 2.243e-01 2.117e-05 5.788e-06 5.263e-05 -1.000 1.305e-04 2.688 6.010 5.292 4.207 3.503 3.141 3.488 3.500 3.319 2.906 2.810 2.680 2.587 2.411 2.370 2.134 2.124 1.981
0.00012351 -2.10000 10.15000 0.7569624782 2.4026836311    0.755  0.862  3.7427  3.377    3  0.000  0.536     0.00     0.00     0.00     0.00     0.00 -1 -2.15e-12      0.00 7.738e-01 2.261e-01 2.130e-05 5.824e-06 5.295e-05 -1.000 1.290e-04 2.614 5.961 5.264 4.162 3.447 3.080 3.424 3.434 3.251 2.834 2.738 2.607 2.514 2.336 2.295 2.057 2.047 1.902
0.00012351 -2.10000 10.15000 0.7573325634 2.4028305292    0.756  0.903  3.7408  3.328    3  0.000  0.537     0.00     0.00     0.00     0.00     0.00 -1 -2.48e-12      0.00 7.717e-01 2.282e-01 2.145e-05 5.863e-06 5.330e-05 -1.000 1.252e-04 2.513 5.889 5.218 4.096 3.367 2.995 3.334 3.342 3.157 2.736 2.639 2.507 2.413 2.234 2.192 1.953 1.942 1.796
0.00012351 -2.10000 10.15000 0.7577053308 2.4029783252    0.756  0.946  3.7390  3.278    3  0.000  0.537     0.00     0.00     0.00     0.00     0.00 -1  -2.9e-12      0.00 7.697e-01 2.302e-01 2.157e-05 5.897e-06 5.361e-05 -1.000 6.548e-05 2.404 5.805 5.162 4.022 3.280 2.903 3.236 3.243 3.056 2.631 2.533 2.400 2.305 2.125 2.083 1.842 1.831 1.683
0.00012351 -2.10000 10.15000 0.7580624819 2.4031197728    0.756  0.991  3.7375  3.228    3  0.000  0.537     0.00     0.00     0.00     0.00     0.00 -1 -3.41e-12      0.00 7.680e-01 2.319e-01 2.167e-05 5.924e-06 5.384e-05 -1.000 1.300e-04 2.294 5.715 5.098 3.943 3.189 2.809 3.136 3.140 2.952 2.523 2.425 2.291 2.196 2.015 1.972 1.729 1.719 1.569
0.00012351 -2.10000 10.15000 0.7584420443 2.4032699284    0.756  1.041  3.7358  3.171    3  0.000  0.537     0.00     0.00     0.00     0.00     0.00 -1 -4.07e-12      0.00 7.663e-01 2.336e-01 2.176e-05 5.948e-06 5.407e-05 -1.000 1.305e-04 2.169 5.612 5.025 3.853 3.086 2.701 3.022 3.024 2.834 2.402 2.303 2.168 2.072 1.890 1.847 1.602 1.591 1.440
0.00012351 -2.10000 10.15000 0.7587605119 2.4033957814    0.757  1.086  3.7344  3.121    3  0.000  0.537     0.00     0.00     0.00     0.00     0.00 -1 -4.79e-12      0.00 7.649e-01 2.349e-01 2.183e-05 5.967e-06 5.423e-05 -1.000 1.305e-04 2.056 5.518 4.956 3.769 2.991 2.603 2.919 2.919 2.727 2.292 2.193 2.057 1.961 1.777 1.734 1.488 1.477 1.324
0.00012351 -2.10000 10.15000 0.7590827346 2.4035229949    0.757  1.135  3.7329  3.066    3  0.000  0.537     0.00     0.00     0.00     0.00     0.00 -1 -5.71e-12      0.00 7.637e-01 2.362e-01 2.189e-05 5.983e-06 5.437e-05 -1.000 1.238e-04 1.933 5.414 4.877 3.676 2.887 2.495 2.805 2.803 2.610 2.172 2.072 1.936 1.839 1.655 1.611 1.364 1.352 1.198
0.00012351 -2.10000 10.15000 0.7593988776 2.4036476874    0.757  1.187  3.7314  3.007    3  0.000  0.537     0.00     0.00     0.00     0.00     0.00 -1  -6.9e-12      0.00 7.624e-01 2.375e-01 2.194e-05 5.998e-06 5.451e-05 -1.000 1.253e-04 1.801 5.303 4.792 3.574 2.774 2.378 2.683 2.680 2.485 2.044 1.943 1.806 1.709 1.523 1.479 1.230 1.219 1.063
0.00012351 -2.10000 10.15000 0.7596540451 2.4037482430    0.757  1.234  3.7299  2.955    3  0.000  0.537     0.00     0.00     0.00     0.00     0.00 -1 -8.16e-12      0.00 7.615e-01 2.384e-01 2.197e-05 6.009e-06 5.459e-05 -1.000 1.297e-04 1.685 5.207 4.722 3.489 2.677 2.277 2.576 2.570 2.374 1.930 1.829 1.691 1.593 1.407 1.363 1.112 1.101 0.943
0.00012351 -2.10000 10.15000 0.7599001527 2.4038451548    0.757  1.283  3.7285  2.900    3  0.000  0.536     0.00     0.00     0.00     0.00     0.00 -1 -9.72e-12      0.00 7.606e-01 2.393e-01 2.199e-05 6.019e-06 5.467e-05 -1.000 1.305e-04 1.563 5.102 4.652 3.402 2.577 2.173 2.464 2.456 2.258 1.810 1.709 1.570 1.472 1.284 1.240 0.988 0.976 0.818
0.00012351 -2.10000 10.15000 0.7601212859 2.4039321706    0.757  1.331  3.7271  2.847    3  0.000  0.536     0.00     0.00     0.00     0.00     0.00 -1 -1.16e-11      0.00 7.598e-01 2.401e-01 2.200e-05 6.030e-06 5.474e-05 -1.000 1.281e-04 1.442 4.998 4.581 3.315 2.478 2.070 2.353 2.343 2.144 1.693 1.591 1.451 1.352 1.164 1.119 0.866 0.854 0.694
0.00012351 -2.10000 10.15000 0.7603216171 2.4040109506    0.757  1.379  3.7256  2.793    3  0.000  0.536     0.00     0.00     0.00     0.00     0.00 -1 -1.37e-11      0.00 7.592e-01 2.407e-01 2.201e-05 6.039e-06 5.479e-05 -1.000 1.164e-04 1.323 4.897 4.515 3.231 2.380 1.968 2.244 2.232 2.031 1.577 1.474 1.333 1.234 1.045 1.000 0.745 0.733 0.572
0.00012351 -2.10000 10.15000 0.7605008483 2.4040813926    0.757  1.426  3.7241  2.740    3  0.000  0.536     0.00     0.00     0.00     0.00     0.00 -1 -1.62e-11      0.00 7.586e-01 2.412e-01 2.201e-05 6.048e-06 5.482e-05 -1.000 1.228e-04 1.206 4.798 4.449 3.148 2.284 1.868 2.138 2.123 1.921 1.463 1.360 1.218 1.119 0.928 0.883 0.626 0.614 0.451
0.00012351 -2.10000 10.15000 0.7606705427 2.4041480513    0.757  1.474  3.7226  2.685    3  0.000  0.535     0.00     0.00     0.00     0.00     0.00 -1 -1.93e-11      0.00 7.582e-01 2.417e-01 2.201e-05 6.057e-06 5.486e-05 -1.000 1.305e-04 1.084 4.694 4.379 3.060 2.184 1.763 2.026 2.009 1.806 1.344 1.241 1.098 0.998 0.806 0.761 0.503 0.491 0.326
0.00012351 -2.10000 10.15000 0.7608211637 2.4042071889    0.757  1.522  3.7211  2.632    3  0.000  0.535     0.00     0.00     0.00     0.00     0.00 -1  -2.3e-11      0.00 7.579e-01 2.420e-01 2.201e-05 6.065e-06 5.488e-05 -1.000 1.305e-04 0.966 4.594 4.313 2.976 2.086 1.661 1.918 1.899 1.694 1.229 1.125 0.981 0.881 0.688 0.642 0.383 0.370 0.204
0.00012351 -2.10000 10.15000 0.7609550357 2.4042597279    0.757  1.568  3.7195  2.579    3  0.000  0.535     0.00     0.00     0.00     0.00     0.00 -1 -2.71e-11      0.00 7.576e-01 2.422e-01 2.200e-05 6.071e-06 5.490e-05 -1.000 1.305e-04 0.850 4.496 4.252 2.896 1.992 1.563 1.813 1.793 1.585 1.117 1.013 0.868 0.767 0.573 0.527 0.266 0.253 0.086
0.00012351 -2.10000 10.15000 0.7610763311 2.4043073128    0.757  1.614  3.7180  2.528    3  0.000  0.535     0.00     0.00     0.00     0.00     0.00 -1  -3.2e-11      0.00 7.575e-01 2.424e-01 2.200e-05 6.075e-06 5.490e-05 -1.000 7.668e-05 0.736 4.398 4.194 2.819 1.901 1.467 1.711 1.688 1.479 1.007 0.902 0.756 0.655 0.459 0.413 0.150 0.138 -0.031
0.00012351 -2.10000 10.15000 0.7611900568 2.4043519122    0.757  1.660  3.7165  2.475    3  0.000  0.534     0.00     0.00     0.00     0.00     0.00 -1 -3.79e-11      0.00 7.574e-01 2.425e-01 2.200e-05 6.077e-06 5.491e-05 -1.000 1.306e-04 0.619 4.299 4.144 2.746 1.811 1.371 1.607 1.581 1.370 0.893 0.788 0.641 0.539 0.343 0.296 0.032 0.019 -0.151
0.00012351 -2.10000 10.15000 0.7612904310 2.4043912628    0.757  1.705  3.7148  2.423    3  0.000  0.534     0.00     0.00     0.00     0.00     0.00 -1 -4.46e-11      0.00 7.573e-01 2.425e-01 2.200e-05 6.078e-06 5.491e-05 -1.000 1.306e-04 0.506 4.207 4.110 2.687 1.730 1.284 1.509 1.479 1.266 0.785 0.678 0.530 0.428 0.230 0.183 -0.083 -0.096 -0.268
0.00012351 -2.10000 10.15000 0.7613831758 2.4044276118    0.757  1.751  3.7132  2.371    3  0.000  0.534     0.00     0.00     0.00     0.00     0.00 -1 -5.26e-11      0.00 7.573e-01 2.425e-01 2.200e-05 6.078e-06 5.491e-05 -1.000 1.305e-04 0.393 4.113 4.073 2.624 1.646 1.194 1.409 1.376 1.160 0.674 0.567 0.418 0.315 0.116 0.069 -0.199 -0.212 -0.386
0.00012351 -2.10000 10.15000 0.7614683509 2.4044609851    0.756  1.796  3.7117  2.319    3  0.000  0.534     0.00     0.00     0.00     0.00     0.00 -1  -6.2e-11      0.00 7.573e-01 2.425e-01 2.200e-05 6.079e-06 5.491e-05 -1.000 1.305e-04 0.279 4.018 4.036 2.561 1.562 1.104 1.309 1.273 1.054 0.564 0.456 0.306 0.203 0.002 -0.046 -0.315 -0.328 -0.503
0.00012351 -2.10000 10.15000 0.7615440488 2.4044906378    0.756  1.840  3.7100  2.268    3  0.000  0.534     0.00     0.00     0.00     0.00     0.00 -1 -1.56e-13      0.00 7.573e-01 2.425e-01 2.200e-05 6.079e-06 5.491e-05 -1.000 1.306e-04 0.169 3.929 4.006 2.504 1.484 1.019 1.214 1.175 0.954 0.458 0.350 0.199 0.094 -0.107 -0.156 -0.427 -0.441 -0.617
0.00012351 -2.10000 10.15000 0.7616139650 2.4045180197    0.756  1.884  3.7084  2.218    3  0.000  0.534     0.00     0.00     0.00     0.00     0.00 -1 -4.85e-15      0.00 7.573e-01 2.425e-01 2.200e-05 6.079e-06 5.492e-05 -1.000 1.305e-04 0.059 3.836 3.978 2.449 1.406 0.935 1.120 1.077 0.853 0.353 0.243 0.091 -0.014 -0.217 -0.266 -0.539 -0.552 -0.731
0.00012351 -2.10000 10.15000 0.7616811395 2.4045443224    0.756  1.930  3.7068  2.165    3  0.000  0.534     0.00     0.00     0.00     0.00     0.00 -1 -2.44e-15      0.00 7.573e-01 2.426e-01 2.200e-05 6.079e-06 5.492e-05 -1.000 1.306e-04 -0.056 3.738 3.950 2.391 1.325 0.848 1.022 0.975 0.748 0.243 0.133 -0.021 -0.127 -0.331 -0.380 -0.655 -0.669 -0.849
0.00012351 -2.10000 10.15000 0.7617386580 2.4045668399    0.755  1.973  3.7051  2.116    3  0.000  0.534     0.00     0.00     0.00     0.00     0.00 -1  -2.8e-15      0.00 7.573e-01 2.426e-01 2.200e-05 6.080e-06 5.492e-05 -1.000 1.306e-04 -0.162 3.649 3.930 2.342 1.253 0.768 0.932 0.881 0.652 0.141 0.030 -0.125 -0.232 -0.437 -0.487 -0.763 -0.777 -0.959
0.00012351 -2.10000 10.15000 0.7617918253 2.4045876506    0.755  2.016  3.7034  2.066    3  0.000  0.534     0.00     0.00     0.00     0.00     0.00 -1  -3.2e-15      0.00 7.573e-01 2.426e-01 2.200e-05 6.080e-06 5.492e-05 -1.000 1.305e-04 -0.269 3.559 3.910 2.292 1.179 0.688 0.842 0.788 0.555 0.039 -0.073 -0.229 -0.336 -0.543 -0.593 -0.872 -0.886 -1.069
0.00012351 -2.10000 10.15000 0.7618426085 2.4046075249    0.755  2.060  3.7018  2.015    3  0.000  0.534     0.00     0.00     0.00     0.00     0.00 -1 -3.68e-15      0.00 7.573e-01 2.426e-01 2.200e-05 6.080e-06 5.492e-05 -1.000 1.305e-04 -0.379 3.466 3.884 2.238 1.102 0.604 0.749 0.691 0.455 -0.067 -0.179 -0.337 -0.444 -0.653 -0.703 -0.984 -0.998 -1.183
0.00012351 -2.10000 10.15000 0.7618869543 2.4046248775    0.754  2.101  3.7001  1.967    3  0.000  0.534     0.00     0.00     0.00     0.00     0.00 -1 -4.19e-15      0.00 7.573e-01 2.426e-01 2.200e-05 6.080e-06 5.492e-05 -1.000 1.306e-04 -0.483 3.380 3.879 2.200 1.037 0.532 0.664 0.602 0.363 -0.165 -0.278 -0.437 -0.546 -0.755 -0.806 -1.089 -1.103 -1.290
0.00012351 -2.10000 10.15000 0.7619285583 2.4046411551    0.754  2.142  3.6984  1.919    3  0.000  0.534     0.00     0.00     0.00     0.00     0.00 -1 -4.77e-15      0.00 7.573e-01 2.426e-01 2.200e-05 6.080e-06 5.492e-05 -1.000 1.305e-04 -0.586 3.293 3.880 2.169 0.975 0.463 0.581 0.513 0.271 -0.263 -0.377 -0.537 -0.647 -0.858 -0.909 -1.194 -1.208 -1.397
0.00012351 -2.10000 10.15000 0.7619717717 2.4046580601    0.754  2.184  3.6969  1.871    3  0.000  0.534     0.00     0.00     0.00     0.00     0.00 -1 -5.44e-15      0.00 7.573e-01 2.426e-01 2.200e-05 6.080e-06 5.492e-05 -1.000 1.306e-04 -0.690 3.203 3.873 2.132 0.910 0.391 0.495 0.423 0.178 -0.362 -0.477 -0.639 -0.749 -0.961 -1.013 -1.299 -1.314 -1.504
0.00012351 -2.10000 10.15000 0.7620196939 2.4046768047    0.753  2.214  3.6958  1.836    3  0.000  0.534     0.00     0.00     0.00     0.00     0.00 -1 -6.02e-15      0.00 7.573e-01 2.426e-01 2.200e-05 6.081e-06 5.492e-05 -1.000 1.306e-04 -0.764 3.140 3.873 2.109 0.866 0.341 0.435 0.360 0.112 -0.433 -0.548 -0.711 -0.821 -1.035 -1.087 -1.375 -1.390 -1.581
0.00012351 -2.10000 10.15000 0.7620372772 2.4046836816    0.753  2.210  3.6961  1.841    3  0.000  0.534     0.00     0.00     0.00     0.00     0.00 -1 -6.02e-15      0.00 7.573e-01 2.426e-01 2.200e-05 6.081e-06 5.492e-05 -1.000 1.305e-04 -0.755 3.146 3.864 2.106 0.868 0.345 0.440 0.366 0.119 -0.424 -0.540 -0.702 -0.812 -1.026 -1.078 -1.365 -1.380 -1.571
0.00012351 -2.10000 10.15000 0.7620426416 2.4046857796    0.753  2.216  3.6958  1.834    3  0.000  0.534     0.00     0.00     0.00     0.00     0.00 -1 -6.13e-15      0.00 7.573e-01 2.426e-01 2.200e-05 6.081e-06 5.492e-05 -1.000 1.306e-04 -0.770 3.133 3.865 2.102 0.859 0.334 0.428 0.353 0.105 -0.439 -0.555 -0.717 -0.828 -1.042 -1.094 -1.381 -1.396 -1.587
0.00012351 -2.10000 10.15000 0.7620721459 2.4046973180    0.752  2.257  3.6940  1.786    3  0.000  0.534     0.00     0.00     0.00     0.00     0.00 -1 -6.89e-15      0.00 7.573e-01 2.426e-01 2.200e-05 6.081e-06 5.492e-05 -1.000 1.306e-04 -0.872 3.047 3.872 2.075 0.801 0.268 0.347 0.267 0.016 -0.535 -0.652 -0.816 -0.927 -1.143 -1.195 -1.485 -1.500 -1.693
0.00012351 -2.10000 10.15000 0.7621018887 2.4047089485    0.752  2.300  3.6923  1.735    3  0.000  0.534     0.00     0.00     0.00     0.00     0.00 -1 -7.84e-15      0.00 7.573e-01 2.426e-01 2.200e-05 6.081e-06 5.492e-05 -1.000 1.306e-04 -0.981 2.953 3.871 2.040 0.735 0.195 0.259 0.174 -0.081 -0.639 -0.756 -0.922 -1.034 -1.251 -1.304 -1.595 -1.611 -1.806
0.00012351 -2.10000 10.15000 0.7621272206 2.4047188535    0.751  2.340  3.6906  1.688    3  0.000  0.534     0.00     0.00     0.00     0.00     0.00 -1 -8.83e-15      0.00 7.573e-01 2.426e-01 2.200e-05 6.081e-06 5.492e-05 -1.000 1.305e-04 -1.080 2.869 3.882 2.017 0.680 0.132 0.183 0.093 -0.167 -0.731 -0.850 -1.017 -1.130 -1.348 -1.402 -1.696 -1.711 -1.908
0.00012351 -2.10000 10.15000 0.7621520758 2.4047285712    0.751  2.381  3.6887  1.639    3  0.000  0.534     0.00     0.00     0.00     0.00     0.00 -1 -9.99e-15      0.00 7.573e-01 2.426e-01 2.200e-05 6.081e-06 5.492e-05 -1.000 1.305e-04 -1.184 2.780 3.895 1.996 0.625 0.068 0.104 0.008 -0.256 -0.828 -0.947 -1.116 -1.230 -1.450 -1.505 -1.801 -1.817 -2.015
0.00012351 -2.10000 10.15000 0.7621753216 2.4047376591    0.750  2.423  3.6870  1.590    3  0.000  0.534     0.00     0.00     0.00     0.00     0.00 -1 -1.13e-14      0.00 7.573e-01 2.426e-01 2.200e-05 6.081e-06 5.492e-05 -1.000 1.305e-04 -1.288 2.689 3.902 1.972 0.567 0.003 0.023 -0.078 -0.346 -0.925 -1.046 -1.216 -1.331 -1.553 -1.608 -1.906 -1.922 -2.122
0.00012351 -2.10000 10.15000 0.7621955872 2.4047455814    0.749  2.462  3.6852  1.543    3  0.000  0.534     0.00     0.00     0.00     0.00     0.00 -1 -1.27e-14      0.00 7.573e-01 2.426e-01 2.200e-05 6.081e-06 5.492e-05 -1.000 1.305e-04 -1.385 2.606 3.913 1.965 0.526 -0.047 -0.045 -0.154 -0.427 -1.016 -1.137 -1.310 -1.425 -1.649 -1.704 -2.005 -2.021 -2.224
0.00012351 -2.10000 10.15000 0.7622157335 2.4047534566    0.749  2.504  3.6833  1.494    3  0.000  0.534     6.64     5.31     3.77     2.92     2.36  3 -1.43e-14      0.00 7.573e-01 2.426e-01 2.200e-05 6.081e-06 5.492e-05 -1.000 1.305e-04 -1.489 2.517 3.899 1.972 0.498 -0.084 -0.110 -0.230 -0.511 -1.113 -1.236 -1.410 -1.527 -1.753 -1.809 -2.112 -2.128 -2.332
0.00012351 -2.10000 10.15000 0.7622336149 2.4047604460    0.748  2.543  3.6816  1.447    3  0.000  0.534     7.33     5.78     4.09     3.17     2.56  3 -1.61e-14      0.00 7.573e-01 2.426e-01 2.200e-05 6.081e-06 5.492e-05 -1.000 1.305e-04 -1.588 2.433 3.894 1.987 0.477 -0.115 -0.169 -0.300 -0.590 -1.204 -1.330 -1.506 -1.624 -1.852 -1.909 -2.214 -2.230 -2.437
0.00012351 -2.10000 10.15000 0.7622503042 2.4047669691    0.747  2.582  3.6797  1.400    3  0.000  0.534     8.10     6.29     4.43     3.44     2.78  3 -1.81e-14      0.00 7.573e-01 2.426e-01 2.200e-05 6.081e-06 5.492e-05 -1.000 1.305e-04 -1.686 2.350 3.898 2.013 0.463 -0.139 -0.222 -0.366 -0.666 -1.295 -1.422 -1.601 -1.721 -1.951 -2.008 -2.315 -2.332 -2.541
0.00012351 -2.10000 10.15000 0.7622661591 2.4047731657    0.746  2.622  3.6778  1.352    3  0.000  0.534     8.97     6.86     4.81     3.74     3.03  3 -2.03e-14      0.00 7.573e-01 2.426e-01 2.200e-05 6.081e-06 5.492e-05 -1.000 1.305e-04 -1.786 2.265 3.906 2.047 0.455 -0.156 -0.271 -0.429 -0.740 -1.385 -1.514 -1.696 -1.817 -2.050 -2.108 -2.418 -2.435 -2.646
0.00012351 -2.10000 10.15000 0.7622832656 2.4047798512    0.745  2.669  3.6757  1.296    3  0.000  0.534    10.10     7.58     5.30     4.12     3.34  3 -2.33e-14      0.00 7.573e-01 2.426e-01 2.200e-05 6.081e-06 5.492e-05 -1.000 1.305e-04 -1.902 2.167 3.921 2.093 0.450 -0.171 -0.324 -0.500 -0.824 -1.489 -1.621 -1.806 -1.930 -2.166 -2.224 -2.538 -2.555 -2.768
0.00012351 -2.10000 10.15000 0.7622970343 2.4047852320    0.744  2.709  3.6737  1.247    3  0.000  0.534    11.20     8.28     5.76     4.49     3.64  3 -2.62e-14      0.00 7.573e-01 2.426e-01 2.200e-05 6.081e-06 5.492e-05 -1.000 1.305e-04 -2.003 2.083 3.944 2.145 0.454 -0.176 -0.364 -0.557 -0.893 -1.578 -1.712 -1.901 -2.027 -2.266 -2.325 -2.642 -2.660 -2.875
0.00012351 -2.10000 10.15000 0.7623111606 2.4047907523    0.742  2.754  3.6715  1.193    3  0.000  0.534    12.55     9.12     6.32     4.94     4.00  2 -2.98e-14      0.00 7.573e-01 2.426e-01 2.200e-05 6.082e-06 5.492e-05 -1.000 1.305e-04 -2.114 1.990 3.977 2.210 0.464 -0.175 -0.403 -0.615 -0.967 -1.675 -1.812 -2.005 -2.133 -2.376 -2.436 -2.757 -2.775 -2.993
0.00012351 -2.10000 10.15000 0.7623229027 2.4047953408    0.741  2.793  3.6697  1.145    3  0.000  0.534    13.89     9.94     6.86     5.37     4.34  2 -3.35e-14      0.00 7.573e-01 2.426e-01 2.200e-05 6.082e-06 5.492e-05 -1.000 1.305e-04 -2.213 1.908 4.006 2.267 0.473 -0.172 -0.436 -0.666 -1.032 -1.760 -1.901 -2.098 -2.228 -2.474 -2.535 -2.859 -2.877 -3.098
0.00012351 -2.10000 10.15000 0.7623347640 2.4047999756    0.740  2.836  3.6673  1.092    3  0.000  0.534    15.55    10.94     7.52     5.89     4.77  2 -3.79e-14      0.00 7.573e-01 2.426e-01 2.200e-05 6.082e-06 5.492e-05 -1.000 1.305e-04 -2.320 1.820 4.060 2.362 0.507 -0.146 -0.455 -0.708 -1.093 -1.849 -1.994 -2.196 -2.328 -2.579 -2.641 -2.969 -2.988 -3.212
0.00012351 -2.10000 10.15000 0.7623446584 2.4048038417    0.738  2.874  3.6655  1.046    3  0.000  0.534    17.15    11.89     8.14     6.38     5.17  2 -4.24e-14      0.00 7.573e-01 2.426e-01 2.200e-05 6.082e-06 5.492e-05 -1.000 1.305e-04 -2.416 1.740 4.093 2.425 0.524 -0.136 -0.480 -0.752 -1.152 -1.930 -2.078 -2.284 -2.419 -2.673 -2.735 -3.067 -3.087 -3.312
0.00012351 -2.10000 10.15000 0.7623550892 2.4048079174    0.736  2.917  3.6631  0.992    3  0.000  0.534    19.21    13.09     8.93     7.01     5.68  2  -4.8e-14      0.00 7.573e-01 2.426e-01 2.200e-05 6.082e-06 5.492e-05 -1.000 1.305e-04 -2.523 1.653 4.161 2.540 0.575 -0.092 -0.484 -0.782 -1.204 -2.015 -2.168 -2.379 -2.518 -2.778 -2.841 -3.178 -3.198 -3.427
0.00012351 -2.10000 10.15000 0.7623655796 2.4048120161    0.734  2.964  3.6607  0.934    3  0.000  0.534    21.71    14.52     9.85     7.75     6.28  1  -5.5e-14      0.00 7.573e-01 2.426e-01 2.200e-05 6.082e-06 5.492e-05 -1.000 1.305e-04 -2.641 1.556 4.221 2.653 0.625 -0.048 -0.484 -0.810 -1.258 -2.107 -2.265 -2.483 -2.625 -2.891 -2.956 -3.299 -3.319 -3.552
0.00012351 -2.10000 10.15000 0.7623741627 2.4048153696    0.732  3.005  3.6585  0.883    3  0.000  0.534    24.19    15.92    10.75     8.47     6.86  1 -6.19e-14      0.00 7.573e-01 2.426e-01 2.200e-05 6.082e-06 5.492e-05 -1.000 1.305e-04 -2.743 1.474 4.285 2.776 0.689 0.009 -0.466 -0.820 -1.295 -2.181 -2.344 -2.570 -2.715 -2.989 -3.054 -3.404 -3.424 -3.661
0.00012351 -2.10000 10.15000 0.7623814940 2.4048182339    0.730  3.042  3.6565  0.837    3  0.000  0.534    26.68    17.30    11.64     9.18     7.44  1 -6.89e-14      0.00 7.573e-01 2.426e-01 2.200e-05 6.082e-06 5.492e-05 -1.000 1.305e-04 -2.836 1.395 4.337 2.841 0.704 0.019 -0.479 -0.849 -1.341 -2.252 -2.418 -2.649 -2.797 -3.075 -3.142 -3.497 -3.518 -3.758
0.00012351 -2.10000 10.15000 0.7623890638 2.4048211913    0.728  3.083  3.6542  0.785    3  0.000  0.534    29.74    18.97    12.71    10.04     8.14  1 -7.75e-14      0.00 7.572e-01 2.426e-01 2.200e-05 6.082e-06 5.492e-05 -1.000 1.305e-04 -2.938 1.308 4.401 2.905 0.714 0.021 -0.497 -0.883 -1.392 -2.329 -2.499 -2.736 -2.886 -3.170 -3.238 -3.598 -3.619 -3.864
0.00012351 -2.10000 10.15000 0.7623968124 2.4048242185    0.725  3.128  3.6517  0.729    3  0.000  0.534    33.48    20.96    13.99    11.06     8.97  1 -8.81e-14      0.00 7.572e-01 2.426e-01 2.200e-05 6.082e-06 5.492e-05 -1.000 1.305e-04 -3.049 1.214 4.470 2.975 0.724 0.024 -0.516 -0.920 -1.448 -2.412 -2.586 -2.829 -2.983 -3.272 -3.342 -3.708 -3.730 -3.978
0.00012351 -2.10000 10.15000 0.7624033093 2.4048267567    0.722  3.167  3.6495  0.679    3  0.000  0.534    37.25    22.94    15.24    12.07     9.79  1 -9.89e-14      0.00 7.572e-01 2.426e-01 2.200e-05 6.082e-06 5.492e-05 -1.000 1.305e-04 -3.148 1.130 4.529 3.039 0.735 0.028 -0.531 -0.951 -1.496 -2.486 -2.664 -2.913 -3.068 -3.363 -3.434 -3.806 -3.828 -4.081
0.00012351 -2.10000 10.15000 0.7624098659 2.4048293180    0.718  3.209  3.6471  0.626    3  0.000  0.534    41.69    25.23    16.69    13.24    10.75  1 -1.12e-13      0.00 7.572e-01 2.426e-01 2.200e-05 6.082e-06 5.492e-05 -1.000 1.306e-04 -3.253 1.041 4.579 3.104 0.745 0.031 -0.547 -0.983 -1.546 -2.563 -2.744 -2.999 -3.157 -3.458 -3.530 -3.908 -3.931 -4.188
0.00012351 -2.10000 10.15000 0.7624159455 2.4048316931    0.715  3.248  3.6449  0.576    3  0.000  0.534    46.34    27.59    18.17    14.44    11.72  1 -1.25e-13      0.00 7.572e-01 2.426e-01 2.200e-05 6.082e-06 5.492e-05 -1.000 1.305e-04 -3.351 0.958 4.623 3.165 0.755 0.035 -0.559 -1.010 -1.591 -2.633 -2.818 -3.079 -3.240 -3.546 -3.620 -4.004 -4.027 -4.288
0.00012351 -2.10000 10.15000 0.7624176741 2.4048323683    0.714  3.258  3.6445  0.563    3  0.000  0.534    47.60    28.22    18.57    14.76    11.98  1 -1.29e-13      0.00 7.572e-01 2.426e-01 2.200e-05 6.082e-06 5.492e-05 -1.000 1.305e-04 -3.376 0.936 4.630 3.178 0.756 0.033 -0.564 -1.019 -1.603 -2.652 -2.838 -3.101 -3.262 -3.569 -3.643 -4.028 -4.052 -4.314
0.00012351 -2.10000 10.15000 0.7624176741 2.4048323683    0.700  1.620  3.9890  3.571    4  0.000  0.532     0.00     0.00     0.00     0.00     0.00 -1    -1e-30      0.00 7.556e-01 2.443e-01 2.201e-05 6.146e-06 5.515e-05 -1.000 1.305e-04 0.721 0.879 0.887 0.851 0.886 0.936 0.922 0.953 0.952 0.980 0.982 0.985 0.986 0.989 0.990 0.986 0.984 0.973
0.00012351 -2.10000 10.15000 0.7624191046 2.4048329272    0.700  1.631  3.9826  3.534    4  0.000  0.532     0.00     0.00     0.00     0.00     0.00 -1    -1e-30      0.00 7.556e-01 2.443e-01 2.201e-05 6.146e-06 5.515e-05 -1.000 1.305e-04 0.692 0.898 0.895 0.849 0.874 0.916 0.874 0.901 0.899 0.923 0.924 0.926 0.926 0.928 0.928 0.922 0.920 0.905
0.00012351 -2.10000 10.15000 0.7624626756 2.4048499469    0.700  1.646  3.9756  3.492    4  0.000  0.532     0.00     0.00     0.00     0.00     0.00 -1    -1e-30      0.00 7.556e-01 2.443e-01 2.201e-05 6.146e-06 5.515e-05 -1.000 1.305e-04 0.656 0.918 0.901 0.844 0.856 0.891 0.819 0.840 0.838 0.857 0.856 0.858 0.857 0.857 0.857 0.847 0.845 0.827
0.00012351 -2.10000 10.15000 0.7625073791 2.4048674067    0.700  1.646  3.9753  3.490    4  0.000  0.532     0.00     0.00     0.00     0.00     0.00 -1    -1e-30      0.00 7.556e-01 2.443e-01 2.201e-05 6.146e-06 5.515e-05 -1.000 1.305e-04 0.654 0.919 0.901 0.844 0.856 0.890 0.817 0.838 0.835 0.854 0.853 0.855 0.854 0.854 0.854 0.844 0.842 0.823
0.00012351 -2.10000 10.15000 0.7625527978 2.4048851434    0.700  1.646  3.9750  3.489    4  0.000  0.532     0.00     0.00     0.00     0.00     0.00 -1    -1e-30      0.00 7.556e-01 2.443e-01 2.201e-05 6.146e-06 5.515e-05 -1.000 1.305e-04 0.654 0.921 0.903 0.845 0.857 0.891 0.817 0.837 0.835 0.853 0.853 0.854 0.853 0.853 0.853 0.843 0.841 0.822
0.00012351 -2.10000 10.15000 0.7625995278 2.4049033897    0.700  1.646  3.9745  3.487    4  0.000  0.532     0.00     0.00     0.00     0.00     0.00 -1    -1e-30      0.00 7.556e-01 2.443e-01 2.201e-05 6.146e-06 5.515e-05 -1.000 1.305e-04 0.654 0.925 0.906 0.847 0.858 0.891 0.815 0.836 0.833 0.851 0.850 0.852 0.851 0.851 0.850 0.840 0.838 0.819
0.00012351 -2.10000 10.15000 0.7626459599 2.4049215171    0.701  1.647  3.9737  3.484    4  0.000  0.532     0.00     0.00     0.00     0.00     0.00 -1    -1e-30      0.00 7.556e-01 2.443e-01 2.201e-05 6.146e-06 5.515e-05 -1.000 1.305e-04 0.653 0.931 0.910 0.850 0.859 0.892 0.813 0.832 0.829 0.846 0.846 0.847 0.846 0.846 0.845 0.835 0.833 0.813
0.00012351 -2.10000 10.15000 0.7626929879 2.4049398746    0.701  1.647  3.9725  3.478    4  0.000  0.532     0.00     0.00     0.00     0.00     0.00 -1    -1e-30      0.00 7.556e-01 2.443e-01 2.201e-05 6.146e-06 5.515e-05 -1.000 1.305e-04 0.652 0.939 0.915 0.854 0.861 0.892 0.809 0.827 0.824 0.840 0.839 0.841 0.839 0.838 0.838 0.827 0.825 0.805
0.00012351 -2.10000 10.15000 0.7627402544 2.4049583225    0.701  1.648  3.9709  3.471    4  0.000  0.532     0.00     0.00     0.00     0.00     0.00 -1    -1e-30      0.00 7.556e-01 2.443e-01 2.201e-05 6.146e-06 5.515e-05 -1.000 1.305e-04 0.650 0.950 0.923 0.858 0.863 0.893 0.802 0.819 0.816 0.831 0.830 0.831 0.829 0.828 0.828 0.816 0.814 0.793
0.00012351 -2.10000 10.15000 0.7627881169 2.4049770004    0.701  1.649  3.9690  3.462    4  0.000  0.532     0.00     0.00     0.00     0.00     0.00 -1    -1e-30      0.00 7.556e-01 2.443e-01 2.201e-05 6.146e-06 5.515e-05 -1.000 1.305e-04 0.647 0.964 0.931 0.864 0.865 0.893 0.796 0.811 0.807 0.821 0.819 0.820 0.818 0.817 0.816 0.804 0.801 0.779
0.00012351 -2.10000 10.15000 0.7628335357 2.4049947221    0.701  1.651  3.9668  3.452    4  0.000  0.532     0.00     0.00     0.00     0.00     0.00 -1    -1e-30      0.00 7.556e-01 2.443e-01 2.201e-05 6.146e-06 5.515e-05 -1.000 1.305e-04 0.643 0.980 0.941 0.870 0.868 0.893 0.787 0.801 0.797 0.809 0.807 0.807 0.805 0.802 0.802 0.788 0.785 0.763
0.00012351 -2.10000 10.15000 0.7628788948 2.4050124182    0.701  1.653  3.9643  3.440    4  0.000  0.532     0.00     0.00     0.00     0.00     0.00 -1    -1e-30      0.00 7.556e-01 2.443e-01 2.201e-05 6.146e-06 5.515e-05 -1.000 1.305e-04 0.639 0.999 0.953 0.878 0.871 0.893 0.778 0.789 0.785 0.794 0.792 0.792 0.789 0.786 0.785 0.770 0.767 0.744
0.00012351 -2.10000 10.15000 0.7629228830 2.4050295771    0.701  1.655  3.9612  3.426    4  0.000  0.532     0.00     0.00     0.00     0.00     0.00 -1    -1e-30      0.00 7.556e-01 2.443e-01 2.201e-05 6.146e-06 5.515e-05 -1.000 1.305e-04 0.633 1.022 0.967 0.887 0.874 0.893 0.766 0.775 0.770 0.777 0.774 0.774 0.770 0.766 0.765 0.749 0.746 0.720
0.00012351 -2.10000 10.15000 0.7629667521 2.4050466872    0.701  1.657  3.9578  3.410    4  0.000  0.532     0.00     0.00     0.00     0.00     0.00 -1    -1e-30      0.00 7.556e-01 2.443e-01 2.201e-05 6.146e-06 5.515e-05 -1.000 1.305e-04 0.627 1.050 0.983 0.897 0.878 0.892 0.754 0.760 0.755 0.759 0.755 0.754 0.750 0.745 0.743 0.725 0.722 0.695
0.00012351 -2.10000 10.15000 0.7630116343 2.4050641902    0.701  1.660  3.9539  3.391    4  0.000  0.532     0.00     0.00     0.00     0.00     0.00 -1    -1e-30      0.00 7.556e-01 2.443e-01 2.201e-05 6.146e-06 5.515e-05 -1.000 1.305e-04 0.620 1.083 1.001 0.908 0.882 0.892 0.741 0.744 0.738 0.738 0.734 0.732 0.727 0.720 0.718 0.698 0.695 0.666
0.00012351 -2.10000 10.15000 0.7630560398 2.4050815049    0.701  1.664  3.9496  3.370    4  0.000  0.532     0.00     0.00     0.00     0.00     0.00 -1    -1e-30      0.00 7.556e-01 2.443e-01 2.201e-05 6.146e-06 5.515e-05 -1.000 1.305e-04 0.611 1.120 1.022 0.922 0.887 0.892 0.725 0.726 0.719 0.715 0.710 0.707 0.701 0.693 0.691 0.668 0.665 0.634
0.00012351 -2.10000 10.15000 0.7630999088 2.4050986082    0.701  1.667  3.9448  3.348    4  0.000  0.532     0.00     0.00     0.00     0.00     0.00 -1    -1e-30      0.00 7.556e-01 2.443e-01 2.201e-05 6.146e-06 5.515e-05 -1.000 1.305e-04 0.602 1.166 1.046 0.936 0.893 0.892 0.711 0.708 0.700 0.692 0.685 0.681 0.674 0.664 0.661 0.635 0.632 0.599
0.00012351 -2.10000 10.15000 0.7631478310 2.4051172891    0.701  1.672  3.9392  3.321    4  0.000  0.532     0.00     0.00     0.00     0.00     0.00 -1    -1e-30      0.00 7.556e-01 2.443e-01 2.201e-05 6.146e-06 5.515e-05 -1.000 1.305e-04 0.591 1.221 1.075 0.954 0.900 0.892 0.694 0.688 0.678 0.664 0.657 0.651 0.643 0.630 0.627 0.598 0.594 0.558
0.00012351 -2.10000 10.15000 0.7631921172 2.4051345502    0.701  1.676  3.9336  3.294    4  0.000  0.532     0.00     0.00     0.00     0.00     0.00 -1    -1e-30      0.00 7.556e-01 2.443e-01 2.201e-05 6.146e-06 5.515e-05 -1.000 1.305e-04 0.580 1.282 1.105 0.972 0.906 0.892 0.680 0.670 0.659 0.639 0.630 0.623 0.613 0.598 0.594 0.561 0.557 0.519
0.00012351 -2.10000 10.15000 0.7632375360 2.4051522504    0.701  1.681  3.9273  3.264    4  0.000  0.532     0.00     0.00     0.00     0.00     0.00 -1    -1e-30      0.00 7.556e-01 2.443e-01 2.201e-05 6.146e-06 5.515e-05 -1.000 1.305e-04 0.568 1.355 1.138 0.991 0.913 0.890 0.666 0.653 0.639 0.612 0.601 0.592 0.581 0.562 0.557 0.519 0.515 0.474
0.00012351 -2.10000 10.15000 0.7632818222 2.4051695069    0.701  1.686  3.9207  3.233    4  0.000  0.532     0.00     0.00     0.00     0.00     0.00 -1    -1e-30      0.00 7.556e-01 2.443e-01 2.201e-05 6.146e-06 5.515e-05 -1.000 1.305e-04 0.555 1.436 1.174 1.011 0.919 0.888 0.654 0.638 0.622 0.587 0.574 0.562 0.549 0.526 0.521 0.478 0.474 0.430
0.00012351 -2.10000 10.15000 0.7633258700 2.4051866682    0.701  1.691  3.9138  3.200    4  0.000  0.532     0.00     0.00     0.00     0.00     0.00 -1    -1e-30      0.00 7.556e-01 2.443e-01 2.201e-05 6.146e-06 5.515e-05 -1.000 1.305e-04 0.542 1.527 1.210 1.029 0.924 0.884 0.644 0.627 0.607 0.563 0.548 0.533 0.517 0.490 0.483 0.435 0.430 0.384
0.00012351 -2.10000 10.15000 0.7633343935 2.4051899887    0.701  1.692  3.9124  3.193    4  0.000  0.532     0.00     0.00     0.00     0.00     0.00 -1    -1e-30      0.00 7.556e-01 2.443e-01 2.201e-05 6.146e-06 5.515e-05 -1.000 1.305e-04 0.539 1.545 1.218 1.033 0.925 0.883 0.642 0.625 0.604 0.558 0.542 0.527 0.511 0.483 0.476 0.426 0.422 0.375
0.00012351 -2.10000 10.15000 0.7633427382 2.4051932395    0.701  1.693  3.9111  3.187    4  0.000  0.532     0.00     0.00     0.00     0.00     0.00 -1    -1e-30      0.00 7.556e-01 2.443e-01 2.201e-05 6.146e-06 5.515e-05 -1.000 1.305e-04 0.537 1.562 1.225 1.037 0.926 0.883 0.641 0.622 0.602 0.554 0.538 0.522 0.505 0.476 0.469 0.418 0.414 0.367
0.00012351 -2.10000 10.15000 0.7633895874 2.4052114888    0.701  1.699  3.9038  3.152    4  0.000  0.532     0.00     0.00     0.00     0.00     0.00 -1    -1e-30      0.00 7.556e-01 2.443e-01 2.201e-05 6.146e-06 5.515e-05 -1.000 1.305e-04 0.522 1.661 1.263 1.054 0.928 0.877 0.635 0.615 0.590 0.531 0.512 0.493 0.473 0.439 0.431 0.374 0.369 0.320
0.00012351 -2.10000 10.15000 0.7634369135 2.4052299212    0.701  1.705  3.8959  3.115    4  0.000  0.532     0.00     0.00     0.00     0.00     0.00 -1    -1e-30      0.00 7.556e-01 2.443e-01 2.201e-05 6.146e-06 5.515e-05 -1.000 1.305e-04 0.507 1.768 1.303 1.071 0.930 0.869 0.632 0.612 0.582 0.509 0.487 0.464 0.441 0.401 0.392 0.327 0.323 0.270
0.00012351 -2.10000 10.15000 0.7634827495 2.4052477708    0.701  1.712  3.8877  3.075    4  0.000  0.532     0.00     0.00     0.00     0.00     0.00 -1    -1e-30      0.00 7.556e-01 2.443e-01 2.201e-05 6.146e-06 5.515e-05 -1.000 1.306e-04 0.491 1.878 1.345 1.087 0.930 0.859 0.634 0.615 0.578 0.490 0.464 0.436 0.409 0.363 0.353 0.280 0.275 0.220
0.00012351 -2.10000 10.15000 0.7635282874 2.4052655019    0.702  1.718  3.8792  3.035    4  0.000  0.532     0.00     0.00     0.00     0.00     0.00 -1    -1e-30      0.00 7.556e-01 2.443e-01 2.201e-05 6.146e-06 5.515e-05 -1.000 1.306e-04 0.474 1.984 1.387 1.101 0.927 0.845 0.642 0.625 0.579 0.474 0.444 0.410 0.380 0.326 0.314 0.232 0.228 0.170
0.00012351 -2.10000 10.15000 0.7635747194 2.4052835786    0.702  1.725  3.8708  2.994    4  0.000  0.532     0.00     0.00     0.00     0.00     0.00 -1    -1e-30      0.00 7.556e-01 2.443e-01 2.201e-05 6.146e-06 5.515e-05 -1.000 1.305e-04 0.458 2.082 1.432 1.115 0.923 0.831 0.651 0.635 0.582 0.460 0.426 0.387 0.352 0.291 0.278 0.187 0.183 0.122
0.00012351 -2.10000 10.15000 0.7636201382 2.4053012584    0.702  1.732  3.8625  2.955    4  0.000  0.532     0.00     0.00     0.00     0.00     0.00 -1    -1e-30      0.00 7.556e-01 2.443e-01 2.201e-05 6.146e-06 5.515e-05 -1.000 1.305e-04 0.441 2.172 1.481 1.132 0.920 0.815 0.660 0.647 0.587 0.449 0.411 0.367 0.328 0.260 0.245 0.144 0.140 0.076
0.00012351 -2.10000 10.15000 0.7636651993 2.4053187965    0.702  1.738  3.8549  2.918    4  0.000  0.532     0.00     0.00     0.00     0.00     0.00 -1    -1e-30      0.00 7.556e-01 2.443e-01 2.201e-05 6.146e-06 5.515e-05 -1.000 1.305e-04 0.425 2.252 1.530 1.148 0.916 0.799 0.668 0.659 0.593 0.440 0.398 0.349 0.307 0.232 0.215 0.106 0.102 0.034
0.00012351 -2.10000 10.15000 0.7637110353 2.4053366338    0.702  1.745  3.8467  2.878    4  0.000  0.532     0.00     0.00     0.00     0.00     0.00 -1    -1e-30      0.00 7.556e-01 2.443e-01 2.201e-05 6.146e-06 5.515e-05 -1.000 1.305e-04 0.408 2.340 1.586 1.168 0.913 0.782 0.679 0.672 0.599 0.432 0.386 0.331 0.285 0.202 0.184 0.066 0.061 -0.010
0.00012351 -2.10000 10.15000 0.7637563348 2.4053542600    0.702  1.752  3.8388  2.839    4  0.000  0.532     0.00     0.00     0.00     0.00     0.00 -1    -1e-30      0.00 7.556e-01 2.443e-01 2.201e-05 6.146e-06 5.515e-05 -1.000 1.305e-04 0.390 2.424 1.642 1.189 0.910 0.766 0.689 0.685 0.605 0.423 0.374 0.314 0.264 0.174 0.154 0.027 0.022 -0.053
0.00012351 -2.10000 10.15000 0.7638072371 2.4053740633    0.702  1.762  3.8280  2.786    4  0.000  0.532     0.00     0.00     0.00     0.00     0.00 -1    -1e-30      0.00 7.556e-01 2.443e-01 2.201e-05 6.146e-06 5.515e-05 -1.000 1.305e-04 0.364 2.542 1.726 1.220 0.907 0.743 0.703 0.703 0.614 0.411 0.357 0.289 0.234 0.135 0.113 -0.027 -0.032 -0.113
0.00012351 -2.10000 10.15000 0.7638540268 2.4053922639    0.702  1.774  3.8165  2.728    4  0.000  0.532     0.00     0.00     0.00     0.00     0.00 -1    -1e-30      0.00 7.556e-01 2.443e-01 2.201e-05 6.146e-06 5.515e-05 -1.000 1.305e-04 0.334 2.672 1.828 1.262 0.907 0.721 0.719 0.721 0.623 0.397 0.338 0.262 0.203 0.093 0.069 -0.084 -0.089 -0.177
0.00012351 -2.10000 10.15000 0.7638949752 2.4054081903    0.702  1.792  3.8031  2.657    4  0.000  0.532     0.00     0.00     0.00     0.00     0.00 -1    -1e-30      0.00 7.556e-01 2.443e-01 2.201e-05 6.146e-06 5.515e-05 -1.000 1.305e-04 0.290 2.808 1.945 1.303 0.899 0.685 0.735 0.742 0.631 0.375 0.310 0.225 0.159 0.038 0.010 -0.157 -0.163 -0.260
0.00012351 -2.10000 10.15000 0.7639213800 2.4054184590    0.702  1.813  3.7893  2.581    4  0.000  0.532     0.00     0.00     0.00     0.00     0.00 -1    -1e-30      0.00 7.556e-01 2.443e-01 2.201e-05 6.146e-06 5.515e-05 -1.000 1.305e-04 0.238 2.940 2.074 1.349 0.891 0.648 0.751 0.760 0.635 0.349 0.277 0.182 0.110 -0.024 -0.054 -0.237 -0.244 -0.350
0.00012351 -2.10000 10.15000 0.7639324069 2.4054227471    0.702  1.829  3.7790  2.524    4  0.000  0.532     0.00     0.00     0.00     0.00     0.00 -1    -1e-30      0.00 7.556e-01 2.443e-01 2.201e-05 6.146e-06 5.515e-05 -1.000 1.305e-04 0.199 3.041 2.181 1.392 0.891 0.626 0.764 0.774 0.639 0.329 0.253 0.151 0.074 -0.069 -0.101 -0.295 -0.303 -0.418
0.00012351 -2.10000 10.15000 0.7639383078 2.4054250418    0.702  1.841  3.7715  2.482    4  0.000  0.532     0.00     0.00     0.00     0.00     0.00 -1    -1e-30      0.00 7.556e-01 2.443e-01 2.201e-05 6.146e-06 5.515e-05 -1.000 1.305e-04 0.168 3.122 2.278 1.436 0.899 0.619 0.774 0.783 0.640 0.313 0.233 0.126 0.047 -0.103 -0.137 -0.339 -0.347 -0.468
0.00012351 -2.10000 10.15000 0.7639423609 2.4054266178    0.702  1.853  3.7651  2.443    4  0.000  0.532     0.00     0.00     0.00     0.00     0.00 -1    -1e-30      0.00 7.556e-01 2.443e-01 2.201e-05 6.146e-06 5.515e-05 -1.000 1.306e-04 0.137 3.190 2.371 1.478 0.906 0.610 0.781 0.787 0.638 0.295 0.212 0.101 0.019 -0.136 -0.171 -0.381 -0.390 -0.516
0.00012351 -2.10000 10.15000 0.7639443874 2.4054274059    0.702  1.861  3.7613  2.421    4  0.000  0.532     0.00     0.00     0.00     0.00     0.00 -1    -1e-30      0.00 7.556e-01 2.443e-01 2.201e-05 6.146e-06 5.515e-05 -1.000 1.305e-04 0.118 3.229 2.427 1.503 0.909 0.603 0.783 0.790 0.636 0.284 0.199 0.085 0.002 -0.156 -0.193 -0.407 -0.415 -0.545
0.00012351 -2.10000 10.15000 0.7639458776 2.4054279853    0.702  1.868  3.7581  2.400    4  0.000  0.532     0.00     0.00     0.00     0.00     0.00 -1    -1e-30      0.00 7.556e-01 2.443e-01 2.201e-05 6.146e-06 5.515e-05 -1.000 1.305e-04 0.099 3.257 2.477 1.526 0.912 0.597 0.784 0.789 0.633 0.272 0.186 0.070 -0.015 -0.176 -0.213 -0.430 -0.439 -0.572
0.00012351 -2.10000 10.15000 0.7639474273 2.4054285879    0.702  1.878  3.7543  2.375    4  0.000  0.532     0.00     0.00     0.00     0.00     0.00 -1    -1e-30      0.00 7.556e-01 2.443e-01 2.201e-05 6.146e-06 5.515e-05 -1.000 1.305e-04 0.074 3.286 2.535 1.551 0.914 0.590 0.782 0.786 0.625 0.256 0.168 0.049 -0.038 -0.201 -0.239 -0.461 -0.470 -0.606
0.00012351 -2.10000 10.15000 0.7639488578 2.4054291442    0.702  1.888  3.7508  2.351    4  0.000  0.532     0.00     0.00     0.00     0.00     0.00 -1    -1e-30      0.00 7.556e-01 2.443e-01 2.201e-05 6.146e-06 5.515e-05 -1.000 1.305e-04 0.050 3.313 2.589 1.574 0.915 0.581 0.779 0.781 0.617 0.239 0.149 0.028 -0.060 -0.227 -0.265 -0.491 -0.500 -0.639
0.00012351 -2.10000 10.15000 0.7639502287 2.4054296773    0.702  1.903  3.7463  2.318    4  0.000  0.532     0.00     0.00     0.00     0.00     0.00 -1    -1e-30      0.00 7.556e-01 2.443e-01 2.201e-05 6.146e-06 5.515e-05 -1.000 1.305e-04 0.012 3.337 2.661 1.603 0.913 0.566 0.770 0.769 0.600 0.210 0.119 -0.006 -0.095 -0.265 -0.305 -0.535 -0.545 -0.688
0.00012351 -2.10000 10.15000 0.7639515996 2.4054302103    0.702  1.923  3.7413  2.279    4  0.000  0.532     0.00     0.00     0.00     0.00     0.00 -1    -1e-30      0.00 7.556e-01 2.443e-01 2.201e-05 6.146e-06 5.515e-05 -1.000 1.305e-04 -0.036 3.358 2.736 1.631 0.906 0.545 0.754 0.750 0.575 0.173 0.080 -0.048 -0.140 -0.314 -0.355 -0.591 -0.601 -0.748
0.00012351 -2.10000 10.15000 0.7639528513 2.4054306971    0.702  1.948  3.7358  2.231    4  0.000  0.532     0.00     0.00     0.00     0.00     0.00 -1    -1e-30      0.00 7.556e-01 2.443e-01 2.201e-05 6.146e-06 5.515e-05 -1.000 1.305e-04 -0.100 3.371 2.846 1.678 0.904 0.525 0.729 0.720 0.538 0.121 0.025 -0.106 -0.200 -0.379 -0.421 -0.663 -0.674 -0.826
0.00012351 -2.10000 10.15000 0.7639533877 2.4054309057    0.702  1.964  3.7330  2.204    7  0.000  0.532     0.00     0.00     0.00     0.00     0.00 -1    -1e-30      0.00 7.556e-01 2.443e-01 2.201e-05 6.146e-06 5.515e-05 -1.000 1.305e-04 -0.139 3.371 2.902 1.699 0.899 0.510 0.711 0.698 0.513 0.088 -0.009 -0.143 -0.238 -0.419 -0.462 -0.706 -0.718 -0.872
0.00012351 -2.10000 10.15000 0.7639541030 2.4054311838    0.702  1.993  3.7290  2.159    7  0.000  0.532     0.00     0.00     0.00     0.00     0.00 -1    -1e-30      0.00 7.556e-01 2.443e-01 2.201e-05 6.146e-06 5.515e-05 -1.000 1.305e-04 -0.213 3.351 2.967 1.714 0.875 0.473 0.667 0.649 0.459 0.024 -0.076 -0.212 -0.309 -0.493 -0.537 -0.786 -0.798 -0.956
0.00012351 -2.10000 10.15000 0.7639548779 2.4054314851    0.702  2.031  3.7248  2.105    7  0.000  0.532     0.00     0.00     0.00     0.00     0.00 -1    -1e-30      0.00 7.556e-01 2.443e-01 2.201e-05 6.146e-06 5.515e-05 -1.000 1.306e-04 -0.307 3.310 3.034 1.724 0.840 0.423 0.607 0.583 0.387 -0.061 -0.162 -0.301 -0.399 -0.587 -0.632 -0.886 -0.898 -1.060
0.00012351 -2.10000 10.15000 0.7639556527 2.4054317864    0.702  2.069  3.7211  2.052    7  0.000  0.532     0.00     0.00     0.00     0.00     0.00 -1    -1e-30      0.00 7.556e-01 2.443e-01 2.201e-05 6.146e-06 5.515e-05 -1.000 1.305e-04 -0.402 3.260 3.081 1.720 0.796 0.366 0.541 0.513 0.311 -0.147 -0.250 -0.392 -0.492 -0.683 -0.728 -0.986 -0.998 -1.164
0.00012351 -2.10000 10.15000 0.7639564276 2.4054320877    0.702  2.105  3.7179  2.003    7  0.000  0.532     0.00     0.00     0.00     0.00     0.00 -1    -1e-30      0.00 7.556e-01 2.443e-01 2.201e-05 6.146e-06 5.515e-05 -1.000 1.305e-04 -0.494 3.205 3.121 1.713 0.754 0.312 0.477 0.444 0.238 -0.230 -0.334 -0.479 -0.580 -0.773 -0.820 -1.081 -1.094 -1.262
0.00012351 -2.10000 10.15000 0.7639575601 2.4054325280    0.702  2.141  3.7152  1.956    7  0.000  0.532     0.00     0.00     0.00     0.00     0.00 -1    -1e-30      0.00 7.556e-01 2.443e-01 2.201e-05 6.146e-06 5.515e-05 -1.000 1.304e-04 -0.582 3.148 3.163 1.711 0.715 0.263 0.415 0.376 0.165 -0.311 -0.417 -0.564 -0.666 -0.862 -0.909 -1.173 -1.186 -1.357
0.00012351 -2.10000 10.15000 0.7639597058 2.4054333624    0.702  2.144  3.7152  1.954    7  0.000  0.532     0.00     0.00     0.00     0.00     0.00 -1    -1e-30      0.00 7.556e-01 2.443e-01 2.201e-05 6.146e-06 5.515e-05 -1.000 1.305e-04 -0.589 3.141 3.157 1.704 0.708 0.256 0.407 0.368 0.157 -0.319 -0.425 -0.571 -0.673 -0.869 -0.916 -1.181 -1.194 -1.365
0.00012351 -2.10000 10.15000 0.7639631629 2.4054347066    0.702  2.120  3.7170  1.985    7  0.000  0.532     0.00     0.00     0.00     0.00     0.00 -1    -1e-30      0.00 7.556e-01 2.443e-01 2.201e-05 6.146e-06 5.515e-05 -1.000 1.305e-04 -0.529 3.180 3.130 1.707 0.735 0.290 0.451 0.415 0.207 -0.263 -0.368 -0.513 -0.614 -0.809 -0.855 -1.117 -1.130 -1.300
0.00012351 -2.10000 10.15000 0.7639845610 2.4054430266    0.702  2.137  3.7149  1.959    7  0.000  0.532     0.00     0.00     0.00     0.00     0.00 -1    -1e-30      0.00 7.556e-01 2.443e-01 2.201e-05 6.146e-06 5.515e-05 -1.000 1.305e-04 -0.573 3.160 3.184 1.727 0.728 0.275 0.427 0.388 0.176 -0.301 -0.407 -0.554 -0.656 -0.853 -0.900 -1.164 -1.177 -1.349
0.00012351 -2.10000 10.15000 0.7639983296 2.4054483799    0.702  2.179  3.7116  1.904    7  0.000  0.532     0.00     0.00     0.00     0.00     0.00 -1    -1e-30      0.00 7.556e-01 2.443e-01 2.201e-05 6.146e-06 5.515e-05 -1.000 1.305e-04 -0.678 3.093 3.240 1.728 0.684 0.217 0.354 0.309 0.091 -0.397 -0.505 -0.654 -0.758 -0.957 -1.005 -1.274 -1.287 -1.462
0.00012351 -2.10000 10.15000 0.7640185952 2.4054562587    0.702  2.230  3.7080  1.839    7  0.000  0.532     0.00     0.00     0.00     0.00     0.00 -1    -1e-30      0.00 7.556e-01 2.443e-01 2.201e-05 6.146e-06 5.515e-05 -1.000 1.306e-04 -0.804 3.003 3.297 1.723 0.628 0.146 0.264 0.210 -0.013 -0.514 -0.623 -0.776 -0.881 -1.084 -1.132 -1.405 -1.419 -1.598
0.00012351 -2.10000 10.15000 0.7640351057 2.4054626773    0.702  2.271  3.7053  1.786    7  0.000  0.532     0.00     0.00     0.00     0.00     0.00 -1    -1e-30      0.00 7.556e-01 2.443e-01 2.201e-05 6.146e-06 5.515e-05 -1.000 1.305e-04 -0.908 2.926 3.340 1.717 0.581 0.087 0.189 0.130 -0.099 -0.610 -0.721 -0.875 -0.982 -1.187 -1.236 -1.512 -1.526 -1.708
0.00012351 -2.10000 10.15000 0.7640498877 2.4054684237    0.702  2.313  3.7027  1.734    7  0.000  0.532     0.00     0.00     0.00     0.00     0.00 -1    -1e-30      0.00 7.556e-01 2.443e-01 2.201e-05 6.146e-06 5.515e-05 -1.000 1.305e-04 -1.012 2.848 3.378 1.709 0.531 0.027 0.114 0.048 -0.186 -0.706 -0.818 -0.975 -1.082 -1.290 -1.340 -1.619 -1.633 -1.817
0.00012351 -2.10000 10.15000 0.7640630007 2.4054735210    0.702  2.354  3.7002  1.683    7  0.000  0.532     0.00     0.00     0.00     0.00     0.00 -1    -1e-30      0.00 7.556e-01 2.443e-01 2.200e-05 6.147e-06 5.515e-05 -1.000 1.305e-04 -1.115 2.768 3.413 1.698 0.481 -0.035 0.038 -0.033 -0.272 -0.801 -0.915 -1.074 -1.182 -1.392 -1.443 -1.725 -1.740 -1.926
0.00012351 -2.10000 10.15000 0.7640746236 2.4054780389    0.702  2.395  3.6977  1.632    7  0.000  0.532     0.00     0.00     0.00     0.00     0.00 -1    -1e-30      0.00 7.556e-01 2.443e-01 2.198e-05 6.154e-06 5.515e-05 -1.000 1.306e-04 -1.219 2.685 3.450 1.690 0.433 -0.093 -0.036 -0.114 -0.358 -0.897 -1.011 -1.172 -1.282 -1.494 -1.546 -1.831 -1.846 -2.035
0.00012351 -2.10000 10.15000 0.7640848756 2.4054820239    0.702  2.437  3.6953  1.581    7  0.000  0.529     0.00     0.00     0.00     0.00     0.00 -1    -1e-30      0.00 7.556e-01 2.443e-01 2.186e-05 6.206e-06 5.515e-05 -1.000 1.305e-04 -1.322 2.602 3.487 1.683 0.386 -0.151 -0.110 -0.194 -0.443 -0.991 -1.107 -1.271 -1.382 -1.596 -1.648 -1.936 -1.951 -2.143
0.00012351 -2.10000 10.15000 0.7640939355 2.4054855453    0.702  2.477  3.6930  1.531    7  0.000  0.520     0.00     0.00     0.00     0.00     0.00 -1    -1e-30      0.00 7.556e-01 2.443e-01 2.154e-05 6.464e-06 5.515e-05 -1.000 1.299e-04 -1.424 2.519 3.522 1.675 0.338 -0.208 -0.183 -0.274 -0.528 -1.085 -1.202 -1.368 -1.480 -1.696 -1.749 -2.040 -2.055 -2.249
0.00012351 -2.10000 10.15000 0.7641021609 2.4054887423    0.702  2.518  3.6906  1.481    7  0.000  0.505     6.68     5.35     3.79     2.94     2.38  3    -1e-30      0.00 7.555e-01 2.443e-01 2.093e-05 7.118e-06 5.515e-05 -1.000 1.293e-04 -1.526 2.435 3.558 1.669 0.291 -0.266 -0.256 -0.353 -0.613 -1.179 -1.298 -1.465 -1.578 -1.797 -1.850 -2.144 -2.160 -2.356
0.00012351 -2.10000 10.15000 0.7641097307 2.4054916845    0.702  2.559  3.6883  1.431    7  0.000  0.487     7.43     5.85     4.13     3.21     2.60  3    -1e-30      0.00 7.555e-01 2.444e-01 2.020e-05 7.999e-06 5.515e-05 -1.000 1.305e-04 -1.627 2.351 3.603 1.673 0.250 -0.317 -0.325 -0.429 -0.694 -1.271 -1.391 -1.560 -1.675 -1.896 -1.950 -2.247 -2.263 -2.462
0.00012351 -2.10000 10.15000 0.7641168237 2.4054944412    0.702  2.599  3.6860  1.381    7  0.000  0.471     8.26     6.40     4.50     3.50     2.83  3    -1e-30      0.00 7.553e-01 2.446e-01 1.954e-05 8.814e-06 5.515e-05 -1.000 1.305e-04 -1.728 2.266 3.650 1.680 0.211 -0.366 -0.393 -0.504 -0.775 -1.362 -1.484 -1.655 -1.771 -1.994 -2.049 -2.349 -2.366 -2.567
0.00012351 -2.10000 10.15000 0.7641234994 2.4054970357    0.702  2.640  3.6837  1.332    7  0.000  0.456     9.19     7.00     4.90     3.82     3.09  3    -1e-30      0.00 7.551e-01 2.447e-01 1.896e-05 9.517e-06 5.516e-05 -1.000 1.305e-04 -1.829 2.183 3.668 1.716 0.203 -0.386 -0.445 -0.570 -0.851 -1.454 -1.578 -1.753 -1.870 -2.096 -2.152 -2.454 -2.471 -2.675
0.00012351 -2.10000 10.15000 0.7641297579 2.4054994680    0.702  2.680  3.6814  1.282    7  0.000  0.445    10.21     7.66     5.34     4.17     3.37  3    -1e-30      0.00 7.549e-01 2.449e-01 1.848e-05 1.012e-05 5.516e-05 -1.000 1.306e-04 -1.930 2.101 3.685 1.762 0.203 -0.398 -0.491 -0.631 -0.924 -1.545 -1.671 -1.849 -1.968 -2.197 -2.253 -2.559 -2.576 -2.783
0.00012351 -2.10000 10.15000 0.7641358376 2.4055018308    0.702  2.720  3.6792  1.233    7  0.000  0.434    11.35     8.37     5.82     4.54     3.68  2    -1e-30      0.00 7.547e-01 2.452e-01 1.805e-05 1.064e-05 5.516e-05 -1.000 1.305e-04 -2.031 2.019 3.709 1.817 0.209 -0.402 -0.532 -0.688 -0.994 -1.635 -1.763 -1.944 -2.065 -2.298 -2.355 -2.664 -2.681 -2.890
0.00012351 -2.10000 10.15000 0.7641415596 2.4055040545    0.702  2.761  3.6768  1.183    7  0.000  0.425    12.63     9.17     6.34     4.96     4.01  2    -1e-30      0.00 7.545e-01 2.454e-01 1.768e-05 1.110e-05 5.515e-05 -1.000 1.305e-04 -2.132 1.936 3.743 1.885 0.225 -0.396 -0.566 -0.741 -1.061 -1.723 -1.855 -2.040 -2.163 -2.399 -2.456 -2.769 -2.787 -2.999
0.00012351 -2.10000 10.15000 0.7641466260 2.4055060234    0.702  2.802  3.6744  1.132    7  0.000  0.418    14.06    10.04     6.92     5.42     4.39  2    -1e-30      0.00 7.542e-01 2.456e-01 1.735e-05 1.151e-05 5.511e-05 -1.000 1.305e-04 -2.235 1.853 3.783 1.960 0.246 -0.385 -0.595 -0.790 -1.126 -1.811 -1.946 -2.135 -2.261 -2.500 -2.559 -2.876 -2.894 -3.108
0.00012351 -2.10000 10.15000 0.7641508579 2.4055076680    0.702  2.842  3.6721  1.082    7  0.000  0.412    15.64    10.99     7.54     5.91     4.79  2    -1e-30      0.00 7.540e-01 2.459e-01 1.708e-05 1.185e-05 5.506e-05 -1.000 1.305e-04 -2.336 1.772 3.832 2.046 0.276 -0.365 -0.616 -0.833 -1.185 -1.896 -2.035 -2.228 -2.356 -2.600 -2.660 -2.981 -2.999 -3.216
0.00012351 -2.10000 10.15000 0.7641544342 2.4055090578    0.702  2.883  3.6697  1.032    7  0.000  0.407    17.41    12.02     8.22     6.46     5.23  2    -1e-30      0.00 7.537e-01 2.461e-01 1.685e-05 1.216e-05 5.498e-05 -1.000 1.304e-04 -2.437 1.691 3.889 2.141 0.311 -0.338 -0.632 -0.871 -1.242 -1.980 -2.123 -2.321 -2.452 -2.700 -2.760 -3.086 -3.104 -3.325
0.00012351 -2.10000 10.15000 0.7641574144 2.4055102159    0.702  2.920  3.6674  0.986    7  0.000  0.403    19.24    13.09     8.91     7.01     5.68  1    -1e-30      0.00 7.535e-01 2.464e-01 1.665e-05 1.243e-05 5.488e-05 -1.000 1.305e-04 -2.531 1.616 3.947 2.242 0.356 -0.300 -0.638 -0.899 -1.290 -2.056 -2.202 -2.405 -2.539 -2.792 -2.853 -3.183 -3.202 -3.426
0.00012351 -2.10000 10.15000 0.7641605139 2.4055114204    0.702  2.960  3.6650  0.936    7  0.000  0.400    21.40    14.32     9.71     7.65     6.20  1    -1e-30      0.00 7.533e-01 2.466e-01 1.649e-05 1.269e-05 5.475e-05 -1.000 1.305e-04 -2.631 1.536 4.014 2.361 0.414 -0.250 -0.631 -0.920 -1.333 -2.133 -2.284 -2.493 -2.630 -2.889 -2.951 -3.287 -3.306 -3.534
0.00012351 -2.10000 10.15000 0.7641631365 2.4055124395    0.702  2.999  3.6626  0.888    7  0.000  0.398    23.69    15.61    10.55     8.31     6.74  1    -1e-30      0.00 7.531e-01 2.468e-01 1.637e-05 1.292e-05 5.462e-05 -1.000 1.305e-04 -2.726 1.460 4.085 2.485 0.478 -0.193 -0.616 -0.931 -1.369 -2.204 -2.360 -2.576 -2.716 -2.981 -3.045 -3.386 -3.405 -3.637
0.00012351 -2.10000 10.15000 0.7641659379 2.4055135282    0.702  3.039  3.6602  0.839    7  0.000  0.397    26.34    17.07    11.49     9.07     7.35  1    -1e-30      0.00 7.529e-01 2.470e-01 1.628e-05 1.312e-05 5.449e-05 -1.000 1.305e-04 -2.826 1.381 4.162 2.618 0.549 -0.128 -0.593 -0.937 -1.402 -2.276 -2.437 -2.661 -2.805 -3.077 -3.142 -3.489 -3.509 -3.745
0.00012351 -2.10000 10.15000 0.7641661167 2.4055135977    0.702  3.031  3.6607  0.848    7  0.000  0.396    25.81    16.79    11.30     8.92     7.23  1    -1e-30      0.00 7.529e-01 2.470e-01 1.626e-05 1.315e-05 5.446e-05 -1.000 1.306e-04 -2.808 1.394 4.142 2.585 0.529 -0.146 -0.603 -0.940 -1.399 -2.264 -2.424 -2.646 -2.790 -3.059 -3.124 -3.470 -3.490 -3.725
0.00012351 -2.10000 10.15000 0.7641662359 2.4055136440    0.702  3.039  3.6602  0.839    7  0.000  0.396    26.33    17.07    11.49     9.07     7.35  1    -1e-30      0.00 7.529e-01 2.470e-01 1.626e-05 1.316e-05 5.446e-05 -1.000 1.305e-04 -2.826 1.380 4.160 2.614 0.546 -0.131 -0.595 -0.938 -1.403 -2.277 -2.438 -2.661 -2.806 -3.077 -3.142 -3.489 -3.509 -3.745
0.00012351 -2.10000 10.15000 0.7641664743 2.4055137366    0.702  3.056  3.6590  0.816    7  0.000  0.396    27.62    17.78    11.94     9.43     7.64  1    -1e-30      0.00 7.528e-01 2.471e-01 1.623e-05 1.323e-05 5.441e-05 -1.000 1.304e-04 -2.870 1.346 4.199 2.685 0.587 -0.093 -0.577 -0.935 -1.413 -2.306 -2.470 -2.697 -2.844 -3.118 -3.184 -3.534 -3.555 -3.792
0.00012351 -2.10000 10.15000 0.7641666532 2.4055138061    0.702  3.081  3.6573  0.785    7  0.000  0.395    29.54    18.81    12.60     9.97     8.08  1    -1e-30      0.00 7.526e-01 2.473e-01 1.610e-05 1.357e-05 5.418e-05 -1.000 1.304e-04 -2.932 1.298 4.254 2.766 0.628 -0.056 -0.563 -0.937 -1.431 -2.348 -2.515 -2.747 -2.896 -3.175 -3.242 -3.596 -3.617 -3.857
0.00012351 -2.10000 10.15000 0.7641668916 2.4055138988    0.702  3.111  3.6552  0.746    7  0.000  0.394    32.08    20.17    13.47    10.66     8.65  1    -1e-30      0.00 7.523e-01 2.475e-01 1.598e-05 1.393e-05 5.392e-05 -1.000 1.297e-04 -3.008 1.235 4.321 2.831 0.646 -0.045 -0.568 -0.955 -1.465 -2.402 -2.573 -2.809 -2.960 -3.243 -3.312 -3.671 -3.692 -3.936
0.00012351 -2.10000 10.15000 0.7641673088 2.4055140609    0.702  3.151  3.6526  0.696    7  0.517  0.393    35.70    22.09    14.69    11.64     9.44  1    -1e-30      0.00 7.520e-01 2.479e-01 1.584e-05 1.439e-05 5.359e-05 -1.000 1.113e-04 -3.107 1.154 4.405 2.915 0.669 -0.029 -0.574 -0.978 -1.507 -2.473 -2.647 -2.890 -3.043 -3.333 -3.402 -3.768 -3.790 -4.038
0.00012351 -2.10000 10.15000 0.7641676664 2.4055141999    0.702  3.162  3.6490  0.670    8  0.517  0.406    37.74    23.15    15.37    12.19     9.88  1 -3.27e-07      0.00 7.518e-01 2.480e-01 1.654e-05 1.460e-05 5.411e-05 -1.000 1.489e-04 -3.136 1.145 4.571 3.083 0.769 0.060 -0.502 -0.925 -1.474 -2.469 -2.647 -2.897 -3.053 -3.349 -3.420 -3.793 -3.815 -4.069
0.00012351 -2.10000 10.15000 0.7641677260 2.4055142230    0.701  2.927  3.6642  0.965    8  0.517  0.408    20.10    13.58     9.23     7.26     5.88  1 -1.32e-07      0.00 7.518e-01 2.480e-01 1.654e-05 1.460e-05 5.411e-05 -1.000 1.488e-04 -2.549 1.622 4.105 2.464 0.512 -0.152 -0.536 -0.827 -1.244 -2.047 -2.198 -2.408 -2.546 -2.805 -2.868 -3.204 -3.223 -3.451
0.00012351 -2.10000 10.15000 0.7641678452 2.4055142694    0.698  2.766  3.6743  1.165    8  0.517  0.408    13.09     9.44     6.53     5.11     4.13  2 -7.58e-08      0.00 7.518e-01 2.480e-01 1.654e-05 1.460e-05 5.411e-05 -1.000 1.488e-04 -2.145 1.941 3.848 2.030 0.324 -0.306 -0.508 -0.702 -1.037 -1.722 -1.856 -2.045 -2.170 -2.410 -2.469 -2.785 -2.803 -3.018
0.00012351 -2.10000 10.15000 0.7641680241 2.4055143388    0.693  2.555  3.6876  1.426    8  0.517  0.408     7.47     5.88     4.15     3.23     2.61  3 -3.91e-08      0.00 7.518e-01 2.480e-01 1.654e-05 1.460e-05 5.411e-05 -1.000 1.488e-04 -1.616 2.366 3.655 1.712 0.277 -0.292 -0.304 -0.410 -0.677 -1.257 -1.378 -1.548 -1.662 -1.884 -1.939 -2.237 -2.253 -2.453
0.00012351 -2.10000 10.15000 0.7641683221 2.4055144547    0.686  2.560  3.6870  1.414    8  0.517  0.408     7.65     6.00     4.23     3.29     2.66  3 -4.02e-08      0.00 7.518e-01 2.480e-01 1.654e-05 1.460e-05 5.411e-05 -1.000 1.488e-04 -1.631 2.355 3.675 1.723 0.277 -0.295 -0.311 -0.419 -0.688 -1.270 -1.390 -1.561 -1.676 -1.899 -1.953 -2.252 -2.268 -2.469
0.00012351 -2.10000 10.15000 0.7641686797 2.4055145936    0.678  2.642  3.6817  1.306    8  0.517  0.408     9.60     7.27     5.08     3.96     3.21  3 -5.23e-08      0.00 7.518e-01 2.480e-01 1.654e-05 1.460e-05 5.411e-05 -1.000 1.488e-04 -1.835 2.193 3.752 1.828 0.279 -0.319 -0.404 -0.541 -0.833 -1.451 -1.577 -1.754 -1.873 -2.102 -2.158 -2.463 -2.480 -2.687
0.00012351 -2.10000 10.15000 0.7641691566 2.4055147789    0.668  2.836  3.6692  1.056    8  0.518  0.408    16.35    11.39     7.79     6.13     4.96  2 -1.01e-07      0.00 7.518e-01 2.480e-01 1.654e-05 1.460e-05 5.411e-05 -1.000 1.488e-04 -2.320 1.809 4.004 2.266 0.436 -0.213 -0.507 -0.748 -1.121 -1.861 -2.004 -2.203 -2.334 -2.582 -2.643 -2.969 -2.987 -3.209
0.00012351 -2.10000 10.15000 0.7641696334 2.4055149642    0.656  3.012  3.6579  0.826    8  0.518  0.408    26.61    17.16    11.52     9.12     7.39  1 -1.98e-07      0.00 7.518e-01 2.480e-01 1.654e-05 1.460e-05 5.411e-05 -1.000 1.488e-04 -2.761 1.464 4.355 2.864 0.748 0.066 -0.428 -0.795 -1.282 -2.186 -2.351 -2.581 -2.728 -3.005 -3.071 -3.424 -3.444 -3.683
0.00012351 -2.10000 10.15000 0.7641702294 2.4055151958    0.643  3.130  3.6501  0.669    8  0.518  0.408    37.17    22.70    15.05    11.97     9.70  1 -3.26e-07      0.00 7.518e-01 2.480e-01 1.654e-05 1.460e-05 5.411e-05 -1.000 1.488e-04 -3.055 1.220 4.604 3.115 0.818 0.112 -0.446 -0.865 -1.409 -2.397 -2.575 -2.823 -2.979 -3.273 -3.344 -3.715 -3.737 -3.989
0.00012351 -2.10000 10.15000 0.7641708851 2.4055154506    0.629  3.196  3.6457  0.576    8  0.519  0.408    45.21    26.70    17.57    14.02    11.36  1 -4.43e-07      0.00 7.518e-01 2.480e-01 1.654e-05 1.460e-05 5.411e-05 -1.000 1.488e-04 -3.219 1.086 4.724 3.264 0.866 0.147 -0.445 -0.893 -1.470 -2.508 -2.692 -2.952 -3.113 -3.418 -3.491 -3.874 -3.897 -4.156
0.00012351 -2.10000 10.15000 0.7641716003 2.4055157286    0.613  3.229  3.6432  0.522    8  0.519  0.408    50.51    29.24    19.15    15.31    12.41  1  -5.3e-07      0.00 7.518e-01 2.480e-01 1.654e-05 1.460e-05 5.411e-05 -1.000 1.488e-04 -3.302 1.019 4.794 3.358 0.903 0.177 -0.430 -0.895 -1.492 -2.560 -2.748 -3.015 -3.178 -3.489 -3.564 -3.953 -3.977 -4.241
0.00012351 -2.10000 10.15000 0.7641724348 2.4055160528    0.597  3.248  3.6416  0.484    8  0.520  0.408    54.57    31.10    20.29    16.26    13.18  1 -6.03e-07      0.00 7.518e-01 2.480e-01 1.654e-05 1.460e-05 5.411e-05 -1.000 1.488e-04 -3.351 0.981 4.846 3.430 0.934 0.203 -0.410 -0.886 -1.497 -2.586 -2.777 -3.049 -3.214 -3.530 -3.607 -4.001 -4.024 -4.292
0.00012351 -2.10000 10.15000 0.7641757727 2.4055173499    0.521 -9.999  4.0000  1.915    9  0.521  0.000     0.00     0.00     0.00     0.00     0.00 -1    -1e-30      0.00 7.518e-01 2.480e-01 1.654e-05 1.460e-05 5.411e-05 -1.000 1.488e-04 29.767 29.893 29.849 29.813 29.849 29.917 29.971 30.079 30.064 30.108 30.109 30.104 30.102 30.100 30.102 30.092 30.091 30.063
