 Zini     MH   logAge Mini        int_IMF         Mass   logL    logTe  logg  label   McoreTP C_O  period0  period1  period2  period3  period4  pmode  Mloss  tau1m   X   Y   Xc  Xn  Xo  Cexcess  Z 	 mbolmag  F170Wmag  F218Wmag  F255Wmag  F300Wmag  F336Wmag  F380Wmag  F439Wmag  F450Wmag  F555Wmag  F569Wmag  F606Wmag  F622Wmag  F675Wmag  F702Wmag  F791Wmag  F814Wmag  F850LPmag
0.00012351 -2.10000 9.20000 0.0969537646 1.1451442648    0.097 -2.919  3.5355  5.436    0  0.000  0.545     0.00     0.00     0.00     0.00     0.00 -1 -9.34e-17      0.00 7.504e-01 2.495e-01 2.346e-05 6.329e-06 5.740e-05 -1.000 1.306e-04 12.066 16.562 21.427 20.876 17.272 16.427 16.408 15.518 14.886 13.468 13.264 12.874 12.664 12.251 12.051 11.391 11.350 10.966
0.00012351 -2.10000 9.20000 0.0981554389 1.1555107766    0.098 -2.891  3.5389  5.428    0  0.000  0.545     0.00     0.00     0.00     0.00     0.00 -1 -9.97e-17      0.00 7.504e-01 2.495e-01 2.346e-05 6.329e-06 5.740e-05 -1.000 1.305e-04 11.998 16.486 21.329 20.670 17.134 16.285 16.221 15.369 14.756 13.360 13.157 12.773 12.562 12.158 11.967 11.326 11.285 10.907
0.00012351 -2.10000 9.20000 0.0992756486 1.1650270043    0.099 -2.865  3.5422  5.420    0  0.000  0.545     0.00     0.00     0.00     0.00     0.00 -1 -1.06e-16      0.00 7.503e-01 2.496e-01 2.346e-05 6.329e-06 5.740e-05 -1.000 1.305e-04 11.933 16.414 21.231 20.471 17.000 16.149 16.050 15.230 14.635 13.260 13.059 12.678 12.468 12.070 11.888 11.264 11.224 10.851
0.00012351 -2.10000 9.20000 0.1068295985 1.2257492700    0.106 -2.698  3.5635  5.369    1  0.000  0.545     0.00     0.00     0.00     0.00     0.00 -1  -1.6e-16      0.00 7.501e-01 2.498e-01 2.346e-05 6.329e-06 5.740e-05 -1.000 1.305e-04 11.515 15.941 20.493 19.113 16.105 15.255 14.994 14.356 13.861 12.634 12.444 12.086 11.884 11.514 11.383 10.856 10.822 10.478
0.00012351 -2.10000 9.20000 0.1265812367 1.3612056418    0.126 -2.442  3.5886  5.288    1  0.000  0.545     0.00     0.00     0.00     0.00     0.00 -1 -2.91e-16      0.00 7.496e-01 2.503e-01 2.346e-05 6.329e-06 5.740e-05 -1.000 1.305e-04 10.875 15.230 19.201 17.346 14.859 14.040 13.732 13.254 12.842 11.791 11.616 11.296 11.111 10.770 10.672 10.222 10.192 9.880
0.00012351 -2.10000 9.20000 0.1463329047 1.4716401990    0.146 -2.280  3.6010  5.238    1  0.000  0.545     0.00     0.00     0.00     0.00     0.00 -1 -4.15e-16      0.00 7.493e-01 2.506e-01 2.346e-05 6.329e-06 5.740e-05 -1.000 1.304e-04 10.470 14.786 18.410 16.451 14.162 13.361 13.076 12.658 12.273 11.298 11.130 10.832 10.656 10.331 10.242 9.816 9.788 9.491
0.00012351 -2.10000 9.20000 0.1660845429 1.5642192292    0.166 -2.157  3.6091  5.203    1  0.000  0.545     0.00     0.00     0.00     0.00     0.00 -1 -5.39e-16      0.00 7.491e-01 2.508e-01 2.346e-05 6.329e-06 5.740e-05 -1.000 1.305e-04 10.163 14.454 17.870 15.856 13.668 12.881 12.621 12.236 11.867 10.938 10.775 10.491 10.321 10.005 9.921 9.508 9.482 9.194
0.00012351 -2.10000 9.20000 0.2055878490 1.7124988351    0.205 -1.963  3.6207  5.147    1  0.000  0.545     0.00     0.00     0.00     0.00     0.00 -1 -8.07e-16      0.00 7.486e-01 2.512e-01 2.346e-05 6.329e-06 5.740e-05 -1.000 1.304e-04 9.677 13.926 17.008 14.963 12.916 12.151 11.937 11.596 11.244 10.376 10.220 9.954 9.792 9.491 9.413 9.018 8.994 8.720
0.00012351 -2.10000 9.20000 0.2549669743 1.8527729435    0.255 -1.773  3.6313  5.094    1  0.000  0.545     0.00     0.00     0.00     0.00     0.00 -1 -1.19e-15      0.00 7.483e-01 2.516e-01 2.346e-05 6.329e-06 5.740e-05 -1.000 1.304e-04 9.203 13.411 16.140 14.120 12.205 11.463 11.298 10.994 10.655 9.837 9.686 9.437 9.283 8.995 8.920 8.542 8.519 8.258
0.00012351 -2.10000 9.20000 0.3043461442 1.9615366389    0.304 -1.618  3.6397  5.049    1  0.000  0.545     0.00     0.00     0.00     0.00     0.00 -1 -1.64e-15      0.00 7.481e-01 2.517e-01 2.346e-05 6.329e-06 5.740e-05 -1.000 1.306e-04 8.814 12.989 15.456 13.453 11.629 10.906 10.785 10.508 10.180 9.398 9.252 9.015 8.866 8.588 8.517 8.151 8.129 7.878
0.00012351 -2.10000 9.20000 0.3537251949 2.0494810633    0.354 -1.485  3.6473  5.013    1  0.000  0.545     0.00     0.00     0.00     0.00     0.00 -1 -2.15e-15      0.00 7.483e-01 2.516e-01 2.345e-05 6.330e-06 5.740e-05 -1.000 1.305e-04 8.483 12.626 14.902 12.895 11.135 10.429 10.350 10.096 9.776 9.025 8.882 8.656 8.512 8.241 8.173 7.817 7.797 7.554
0.00012351 -2.10000 9.20000 0.4031043649 2.1227581329    0.403 -1.362  3.6552  4.978    1  0.000  0.545     0.00     0.00     0.00     0.00     0.00 -1 -2.79e-15      0.00 7.507e-01 2.492e-01 2.346e-05 6.329e-06 5.740e-05 -1.000 1.305e-04 8.176 12.285 14.355 12.354 10.660 9.974 9.940 9.710 9.399 8.677 8.538 8.321 8.182 7.920 7.854 7.509 7.490 7.256
0.00012351 -2.10000 9.20000 0.4524834752 2.1852063413    0.452 -1.226  3.6673  4.940    1  0.000  0.545     0.00     0.00     0.00     0.00     0.00 -1 -3.76e-15      0.00 7.508e-01 2.491e-01 2.346e-05 6.329e-06 5.740e-05 -1.000 1.305e-04 7.834 11.888 13.593 11.637 10.061 9.408 9.444 9.252 8.954 8.276 8.144 7.941 7.809 7.560 7.498 7.169 7.150 6.930
0.00012351 -2.10000 9.20000 0.4590478539 2.1928394332    0.459 -1.205  3.6692  4.934    1  0.000  0.545     0.00     0.00     0.00     0.00     0.00 -1 -3.95e-15      0.00 7.508e-01 2.491e-01 2.346e-05 6.328e-06 5.740e-05 -1.000 1.302e-04 7.783 11.827 13.469 11.522 9.967 9.320 9.367 9.181 8.886 8.215 8.083 7.883 7.752 7.505 7.444 7.117 7.099 6.881
0.00012351 -2.10000 9.20000 0.5018625855 2.2393660217    0.502 -1.076  3.6815  4.893    1  0.000  0.545     0.00     0.00     0.00     0.00     0.00 -1 -5.32e-15      0.00 7.509e-01 2.489e-01 2.345e-05 6.326e-06 5.737e-05 -1.000 1.291e-04 7.461 11.443 12.710 10.827 9.394 8.783 8.899 8.751 8.471 7.842 7.716 7.529 7.404 7.169 7.111 6.800 6.784 6.579
0.00012351 -2.10000 9.20000 0.5512417555 2.2846836818    0.551 -0.917  3.6974  4.838    1  0.000  0.545     0.00     0.00     0.00     0.00     0.00 -1  -7.8e-15      0.00 7.553e-01 2.445e-01 2.305e-05 6.220e-06 5.641e-05 -1.000 1.069e-04 7.062 10.951 11.715 9.952 8.681 8.120 8.321 8.219 7.962 7.385 7.266 7.094 6.978 6.757 6.704 6.412 6.397 6.209
0.00012351 -2.10000 9.20000 0.6006208658 2.3215416132    0.600 -0.752  3.7172  4.790    1  0.000  0.545     0.00     0.00     0.00     0.00     0.00 -1 -1.15e-14      0.00 7.570e-01 2.428e-01 2.291e-05 6.181e-06 5.607e-05 -1.000 1.305e-04 6.651 10.392 10.530 8.985 7.919 7.424 7.714 7.663 7.434 6.918 6.807 6.652 6.545 6.341 6.293 6.024 6.011 5.842
0.00012351 -2.10000 9.20000 0.6358526349 2.3438544254    0.636 -0.636  3.7326  4.760    1  0.000  0.545     0.00     0.00     0.00     0.00     0.00 -1 -1.52e-14      0.00 7.587e-01 2.412e-01 2.277e-05 6.144e-06 5.573e-05 -1.000 1.304e-04 6.360 9.951 9.665 8.302 7.388 6.943 7.291 7.273 7.064 6.593 6.489 6.346 6.245 6.054 6.010 5.757 5.746 5.591
0.00012351 -2.10000 9.20000 0.6499999762 2.3520353107    0.650 -0.591  3.7386  4.748    1  0.000  0.545     0.00     0.00     0.00     0.00     0.00 -1 -1.69e-14      0.00 7.595e-01 2.404e-01 2.271e-05 6.127e-06 5.558e-05 -1.000 1.304e-04 6.247 9.771 9.341 8.049 7.190 6.764 7.132 7.125 6.925 6.470 6.368 6.229 6.130 5.944 5.901 5.655 5.644 5.495
0.00012351 -2.10000 9.20000 0.6999999285 2.3779266691    0.700 -0.434  3.7612  4.714    1  0.000  0.545     0.00     0.00     0.00     0.00     0.00 -1 -2.43e-14      0.00 7.628e-01 2.371e-01 2.243e-05 6.053e-06 5.492e-05 -1.000 1.305e-04 5.855 8.990 8.152 7.152 6.505 6.157 6.587 6.616 6.441 6.047 5.956 5.833 5.744 5.577 5.538 5.316 5.308 5.179
0.00012351 -2.10000 9.20000 0.7224843502 2.3882354787    0.723 -0.366  3.7709  4.699    1  0.000  0.541     0.00     0.00     0.00     0.00     0.00 -1 -2.84e-14      0.00 7.651e-01 2.348e-01 2.211e-05 5.999e-06 5.447e-05 -1.000 1.305e-04 5.686 8.622 7.699 6.801 6.231 5.916 6.365 6.405 6.240 5.871 5.783 5.667 5.581 5.422 5.386 5.173 5.165 5.045
0.00012351 -2.10000 9.20000 0.7499999404 2.3998888845    0.750 -0.286  3.7823  4.680    1  0.000  0.537     0.00     0.00     0.00     0.00     0.00 -1 -3.43e-14      0.00 7.684e-01 2.315e-01 2.169e-05 5.925e-06 5.385e-05 -1.000 1.305e-04 5.485 8.182 7.208 6.413 5.922 5.643 6.109 6.158 6.006 5.663 5.581 5.472 5.390 5.240 5.206 5.004 4.997 4.886
0.00012351 -2.10000 9.20000 0.7518281937 2.4006285057    0.752 -0.281  3.7830  4.679    1  0.000  0.537     0.00     0.00     0.00     0.00     0.00 -1 -3.47e-14      0.00 7.686e-01 2.313e-01 2.167e-05 5.921e-06 5.381e-05 -1.000 1.287e-04 5.472 8.154 7.180 6.390 5.903 5.626 6.093 6.143 5.991 5.650 5.567 5.459 5.378 5.228 5.194 4.992 4.986 4.875
0.00012351 -2.10000 9.20000 0.8000000119 2.4187244405    0.800 -0.147  3.7997  4.638    1  0.000  0.536     0.00     0.00     0.00     0.00     0.00 -1 -4.79e-14      0.00 7.743e-01 2.256e-01 2.128e-05 5.817e-06 5.289e-05 -1.000 8.860e-05 5.137 7.471 6.487 5.824 5.439 5.213 5.686 5.744 5.609 5.306 5.231 5.134 5.059 4.922 4.892 4.707 4.702 4.605
0.00012351 -2.10000 9.20000 0.8379689455 2.4313142558    0.837 -0.045  3.8125  4.608    1  0.000  0.536     0.00     0.00     0.00     0.00     0.00 -1 -6.13e-14      0.00 7.741e-01 2.258e-01 2.137e-05 5.845e-06 5.316e-05 -1.000 8.622e-05 4.883 6.979 6.017 5.435 5.115 4.925 5.387 5.444 5.321 5.045 4.976 4.886 4.817 4.690 4.662 4.490 4.486 4.400
0.00012351 -2.10000 9.20000 0.8499999642 2.4350346659    0.850 -0.014  3.8164  4.598    1  0.000  0.536     0.00     0.00     0.00     0.00     0.00 -1 -6.62e-14      0.00 7.739e-01 2.260e-01 2.141e-05 5.856e-06 5.326e-05 -1.000 7.688e-05 4.804 6.842 5.887 5.324 5.021 4.840 5.295 5.352 5.232 4.963 4.895 4.808 4.741 4.617 4.589 4.421 4.417 4.335
0.00012351 -2.10000 9.20000 0.8908506036 2.4468093357    0.890  0.090  3.8299  4.569    1  0.000  0.536     0.00     0.00     0.00     0.00     0.00 -1  -8.5e-14      0.00 7.744e-01 2.255e-01 2.137e-05 5.846e-06 5.317e-05 -1.000 1.207e-04 4.544 6.394 5.469 4.966 4.715 4.564 4.994 5.046 4.937 4.692 4.629 4.550 4.488 4.374 4.349 4.194 4.191 4.120
0.00012351 -2.10000 9.20000 0.8999999762 2.4492786016    0.899  0.113  3.8329  4.562    1  0.000  0.536     0.00     0.00     0.00     0.00     0.00 -1 -8.98e-14      0.00 7.745e-01 2.254e-01 2.137e-05 5.846e-06 5.317e-05 -1.000 1.256e-04 4.487 6.300 5.383 4.893 4.652 4.507 4.929 4.979 4.872 4.632 4.570 4.493 4.432 4.320 4.296 4.144 4.141 4.073
0.00012351 -2.10000 9.20000 0.9213846326 2.4548306457    0.921  0.165  3.8401  4.549    1  0.000  0.536     0.00     0.00     0.00     0.00     0.00 -1 -1.02e-13      0.00 7.743e-01 2.256e-01 2.138e-05 5.848e-06 5.319e-05 -1.000 1.258e-04 4.357 6.080 5.184 4.724 4.507 4.376 4.779 4.824 4.724 4.495 4.436 4.364 4.305 4.199 4.176 4.031 4.029 3.967
0.00012351 -2.10000 9.20000 0.9499999881 2.4618121868    0.949  0.234  3.8496  4.532    1  0.000  0.536     0.00     0.00     0.00     0.00     0.00 -1 -1.19e-13      0.00 7.738e-01 2.260e-01 2.141e-05 5.855e-06 5.325e-05 -1.000 1.305e-04 4.185 5.797 4.930 4.508 4.320 4.208 4.582 4.620 4.527 4.315 4.259 4.193 4.138 4.040 4.018 3.883 3.882 3.827
0.00012351 -2.10000 9.20000 0.9549782276 2.4629777377    0.954  0.246  3.8514  4.530    1  0.000  0.536     0.00     0.00     0.00     0.00     0.00 -1 -1.23e-13      0.00 7.739e-01 2.259e-01 2.140e-05 5.853e-06 5.324e-05 -1.000 1.306e-04 4.156 5.747 4.886 4.471 4.289 4.180 4.548 4.585 4.493 4.284 4.229 4.164 4.109 4.013 3.991 3.859 3.857 3.804
0.00012351 -2.10000 9.20000 0.9952294230 2.4719113193    0.995  0.339  3.8659  4.513    1  0.000  0.536     0.00     0.00     0.00     0.00     0.00 -1 -1.52e-13      0.00 7.746e-01 2.253e-01 2.136e-05 5.842e-06 5.313e-05 -1.000 1.293e-04 3.922 5.357 4.545 4.185 4.043 3.960 4.277 4.303 4.222 4.035 3.986 3.931 3.882 3.798 3.779 3.662 3.661 3.620
0.00012351 -2.10000 9.20000 1.0000000000 2.4729154477    1.000  0.350  3.8676  4.511    1  0.000  0.536     0.00     0.00     0.00     0.00     0.00 -1 -1.56e-13      0.00 7.746e-01 2.252e-01 2.135e-05 5.841e-06 5.312e-05 -1.000 1.305e-04 3.895 5.311 4.506 4.152 4.014 3.934 4.245 4.270 4.190 4.006 3.958 3.903 3.856 3.772 3.754 3.639 3.638 3.599
0.00012351 -2.10000 9.20000 1.0181446075 2.4766359404    1.018  0.391  3.8752  4.508    1  0.000  0.536     0.00     0.00     0.00     0.00     0.00 -1 -1.66e-13      0.00 7.749e-01 2.249e-01 2.133e-05 5.836e-06 5.308e-05 -1.000 1.305e-04 3.793 5.132 4.354 4.027 3.909 3.841 4.125 4.143 4.069 3.897 3.851 3.802 3.757 3.681 3.663 3.557 3.557 3.523
0.00012351 -2.10000 9.20000 1.0483546257 2.4825030750    1.048  0.459  3.8880  4.504    1  0.000  0.536     0.00     0.00     0.00     0.00     0.00 -1 -1.84e-13      0.00 7.753e-01 2.246e-01 2.131e-05 5.829e-06 5.302e-05 -1.000 6.326e-05 3.623 4.836 4.106 3.825 3.736 3.688 3.926 3.934 3.869 3.716 3.675 3.635 3.596 3.530 3.515 3.423 3.423 3.399
0.00012351 -2.10000 9.20000 1.0499999523 2.4828114860    1.049  0.462  3.8887  4.503    1  0.000  0.536     0.00     0.00     0.00     0.00     0.00 -1 -1.85e-13      0.00 7.754e-01 2.246e-01 2.131e-05 5.828e-06 5.302e-05 -1.000 6.485e-05 3.614 4.820 4.093 3.814 3.726 3.679 3.916 3.922 3.858 3.706 3.666 3.626 3.587 3.522 3.507 3.416 3.416 3.393
0.00012351 -2.10000 9.20000 1.0776956081 2.4878408335    1.077  0.522  3.9009  4.503    1  0.000  0.536     0.00     0.00     0.00     0.00     0.00 -1    -2e-13      0.00 7.758e-01 2.241e-01 2.128e-05 5.820e-06 5.295e-05 -1.000 1.240e-04 3.465 4.552 3.876 3.638 3.576 3.546 3.741 3.738 3.683 3.549 3.513 3.481 3.448 3.394 3.381 3.304 3.304 3.289
0.00012351 -2.10000 9.20000 1.1000000238 2.4916801480    1.099  0.570  3.9104  4.503    1  0.000  0.536     0.00     0.00     0.00     0.00     0.00 -1 -2.13e-13      0.00 7.761e-01 2.238e-01 2.126e-05 5.816e-06 5.290e-05 -1.000 1.145e-04 3.345 4.332 3.707 3.501 3.457 3.438 3.603 3.593 3.545 3.426 3.394 3.368 3.339 3.294 3.283 3.216 3.217 3.207
0.00012351 -2.10000 9.20000 1.1123111248 2.4937236089    1.111  0.596  3.9156  4.502    1  0.000  0.536     0.00     0.00     0.00     0.00     0.00 -1 -2.21e-13      0.00 7.763e-01 2.236e-01 2.124e-05 5.811e-06 5.286e-05 -1.000 1.079e-04 3.280 4.209 3.618 3.428 3.393 3.380 3.530 3.517 3.472 3.361 3.332 3.309 3.282 3.242 3.232 3.170 3.171 3.164
0.00012351 -2.10000 9.20000 1.1316817999 2.4968355761    1.131  0.636  3.9235  4.501    1  0.000  0.536     0.00     0.00     0.00     0.00     0.00 -1 -2.33e-13      0.00 7.766e-01 2.233e-01 2.122e-05 5.806e-06 5.281e-05 -1.000 8.863e-05 3.179 4.009 3.481 3.316 3.293 3.288 3.416 3.398 3.360 3.262 3.236 3.218 3.195 3.161 3.152 3.099 3.100 3.098
0.00012351 -2.10000 9.20000 1.1482001543 2.4993941379    1.147  0.671  3.9302  4.500    1  0.000  0.536     0.00     0.00     0.00     0.00     0.00 -1 -2.43e-13      0.00 7.768e-01 2.231e-01 2.121e-05 5.803e-06 5.278e-05 -1.000 9.766e-05 3.093 3.835 3.368 3.224 3.209 3.210 3.322 3.301 3.268 3.181 3.157 3.144 3.124 3.095 3.087 3.041 3.042 3.043
0.00012351 -2.10000 9.20000 1.1499999762 2.4996678137    1.149  0.674  3.9309  4.500    1  0.000  0.536     0.00     0.00     0.00     0.00     0.00 -1 -2.44e-13      0.00 7.768e-01 2.231e-01 2.120e-05 5.802e-06 5.278e-05 -1.000 9.981e-05 3.084 3.815 3.356 3.214 3.201 3.202 3.313 3.291 3.259 3.172 3.150 3.136 3.117 3.089 3.081 3.035 3.036 3.037
0.00012351 -2.10000 9.20000 1.1837757826 2.5046266931    1.183  0.745  3.9443  4.495    1  0.000  0.536     0.00     0.00     0.00     0.00     0.00 -1 -2.67e-13      0.00 7.771e-01 2.228e-01 2.118e-05 5.795e-06 5.272e-05 -1.000 1.296e-04 2.908 3.437 3.135 3.030 3.031 3.041 3.134 3.109 3.087 3.022 3.005 2.999 2.984 2.965 2.959 2.925 2.926 2.931
0.00012351 -2.10000 9.20000 1.2000000477 2.5068948796    1.199  0.779  3.9507  4.493    1  0.000  0.536     0.00     0.00     0.00     0.00     0.00 -1 -2.79e-13      0.00 7.773e-01 2.226e-01 2.117e-05 5.793e-06 5.270e-05 -1.000 1.305e-04 2.823 3.266 3.029 2.939 2.947 2.962 3.050 3.025 3.007 2.952 2.938 2.934 2.922 2.907 2.902 2.872 2.873 2.880
0.00012351 -2.10000 9.20000 1.2090502977 2.5081297504    1.208  0.798  3.9543  4.492    1  0.000  0.536     0.00     0.00     0.00     0.00     0.00 -1 -2.85e-13      0.00 7.774e-01 2.225e-01 2.116e-05 5.790e-06 5.268e-05 -1.000 1.249e-04 2.776 3.177 2.969 2.886 2.898 2.917 3.005 2.981 2.965 2.915 2.901 2.899 2.888 2.875 2.870 2.843 2.844 2.853
0.00012351 -2.10000 9.20000 1.2457436323 2.5129256941    1.245  0.875  3.9686  4.485    1  0.000  0.535     0.00     0.00     0.00     0.00     0.00 -1 -3.13e-13      0.00 7.779e-01 2.220e-01 2.113e-05 5.782e-06 5.260e-05 -1.000 1.031e-04 2.583 2.833 2.724 2.667 2.698 2.730 2.824 2.805 2.796 2.764 2.755 2.757 2.750 2.745 2.741 2.724 2.726 2.739
0.00012351 -2.10000 9.20000 1.2500000000 2.5134610955    1.249  0.884  3.9703  4.484    1  0.000  0.535     0.00     0.00     0.00     0.00     0.00 -1 -3.17e-13      0.00 7.779e-01 2.220e-01 2.112e-05 5.781e-06 5.260e-05 -1.000 1.057e-04 2.560 2.794 2.695 2.640 2.674 2.707 2.803 2.785 2.776 2.747 2.738 2.740 2.734 2.730 2.726 2.711 2.712 2.725
0.00012351 -2.10000 9.20000 1.2749106884 2.5165123054    1.274  0.938  3.9801  4.478    1  0.000  0.536     0.00     0.00     0.00     0.00     0.00 -1 -3.37e-13      0.00 7.782e-01 2.217e-01 2.111e-05 5.777e-06 5.256e-05 -1.000 1.290e-04 2.426 2.578 2.525 2.485 2.532 2.575 2.683 2.672 2.666 2.648 2.642 2.647 2.643 2.642 2.640 2.630 2.632 2.648
0.00012351 -2.10000 9.20000 1.2999999523 2.5194498592    1.300  0.993  3.9900  4.471    1  0.000  0.535     0.00     0.00     0.00     0.00     0.00 -1 -3.59e-13      0.00 7.784e-01 2.215e-01 2.110e-05 5.773e-06 5.253e-05 -1.000 1.305e-04 2.288 2.369 2.352 2.326 2.385 2.438 2.564 2.561 2.558 2.550 2.546 2.553 2.551 2.554 2.553 2.548 2.550 2.569
0.00012351 -2.10000 9.20000 1.3148169518 2.5211242687    1.314  1.027  3.9960  4.466    1  0.000  0.535     0.00     0.00     0.00     0.00     0.00 -1 -3.74e-13      0.00 7.785e-01 2.213e-01 2.108e-05 5.770e-06 5.251e-05 -1.000 1.304e-04 2.203 2.246 2.246 2.227 2.294 2.353 2.492 2.494 2.492 2.491 2.488 2.495 2.495 2.499 2.499 2.497 2.498 2.520
0.00012351 -2.10000 9.20000 1.3332363367 2.5231462120    1.333  1.071  4.0033  4.457    1  0.000  0.535     0.00     0.00     0.00     0.00     0.00 -1 -3.95e-13      0.00 7.787e-01 2.211e-01 2.107e-05 5.767e-06 5.248e-05 -1.000 1.230e-04 2.093 2.094 2.112 2.103 2.179 2.245 2.399 2.409 2.408 2.414 2.413 2.421 2.422 2.428 2.428 2.429 2.431 2.454
0.00012351 -2.10000 9.20000 1.3499999046 2.5249313472    1.350  1.111  4.0094  4.446    1  0.000  0.535     0.00     0.00     0.00     0.00     0.00 -1 -4.17e-13      0.00 7.789e-01 2.210e-01 2.106e-05 5.765e-06 5.246e-05 -1.000 1.305e-04 1.992 1.961 1.992 1.991 2.074 2.146 2.314 2.329 2.330 2.342 2.342 2.351 2.352 2.360 2.361 2.364 2.366 2.390
0.00012351 -2.10000 9.20000 1.3523923159 2.5251819661    1.352  1.117  4.0102  4.445    1  0.000  0.535     0.00     0.00     0.00     0.00     0.00 -1  -4.2e-13      0.00 7.789e-01 2.209e-01 2.106e-05 5.765e-06 5.246e-05 -1.000 1.304e-04 1.977 1.943 1.976 1.975 2.059 2.132 2.301 2.318 2.319 2.331 2.332 2.340 2.342 2.350 2.351 2.355 2.357 2.381
0.00012351 -2.10000 9.20000 1.3698368073 2.5269789858    1.370  1.159  4.0149  4.427    1  0.000  0.535     0.00     0.00     0.00     0.00     0.00 -1 -4.44e-13      0.00 7.791e-01 2.208e-01 2.105e-05 5.762e-06 5.243e-05 -1.000 1.285e-04 1.873 1.816 1.857 1.862 1.951 2.029 2.209 2.231 2.233 2.250 2.251 2.260 2.263 2.272 2.273 2.278 2.280 2.305
0.00012351 -2.10000 9.20000 1.3914381266 2.5291325629    1.391  1.211  4.0182  4.395    1  0.000  0.535     0.00     0.00     0.00     0.00     0.00 -1 -4.82e-13      0.00 7.792e-01 2.207e-01 2.105e-05 5.760e-06 5.242e-05 -1.000 9.188e-05 1.743 1.673 1.720 1.728 1.821 1.902 2.087 2.114 2.116 2.137 2.139 2.148 2.151 2.161 2.162 2.169 2.171 2.196
0.00012351 -2.10000 9.20000 1.3999998569 2.5299650185    1.400  1.231  4.0187  4.380    1  0.000  0.535     0.00     0.00     0.00     0.00     0.00 -1 -4.99e-13      0.00 7.792e-01 2.207e-01 2.104e-05 5.760e-06 5.241e-05 -1.000 7.080e-05 1.692 1.621 1.669 1.678 1.771 1.852 2.037 2.064 2.066 2.089 2.091 2.100 2.103 2.113 2.114 2.121 2.123 2.147
0.00012351 -2.10000 9.20000 1.4065885544 2.5305977074    1.406  1.247  4.0189  4.367    1  0.000  0.535     0.00     0.00     0.00     0.00     0.00 -1 -5.11e-13      0.00 7.793e-01 2.207e-01 2.104e-05 5.759e-06 5.241e-05 -1.000 6.056e-05 1.653 1.582 1.630 1.639 1.732 1.814 1.998 2.026 2.028 2.051 2.054 2.062 2.066 2.076 2.077 2.084 2.086 2.110
0.00012351 -2.10000 9.20000 1.4226263762 2.5321096319    1.422  1.285  4.0173  4.327    1  0.000  0.535     0.00     0.00     0.00     0.00     0.00 -1 -5.48e-13      0.00 7.793e-01 2.206e-01 2.104e-05 5.758e-06 5.240e-05 -1.000 1.305e-04 1.556 1.496 1.542 1.549 1.639 1.719 1.893 1.922 1.924 1.947 1.949 1.958 1.961 1.970 1.971 1.978 1.980 2.002
0.00012351 -2.10000 9.20000 1.4393411875 2.5336442140    1.439  1.327  4.0136  4.276    1  0.000  0.535     0.00     0.00     0.00     0.00     0.00 -1 -5.98e-13      0.00 7.793e-01 2.206e-01 2.104e-05 5.759e-06 5.241e-05 -1.000 1.305e-04 1.453 1.415 1.455 1.457 1.542 1.618 1.775 1.802 1.803 1.825 1.827 1.835 1.838 1.847 1.848 1.853 1.854 1.874
0.00012351 -2.10000 9.20000 1.4500000477 2.5346015836    1.450  1.356  4.0105  4.237    1  0.000  0.535     0.00     0.00     0.00     0.00     0.00 -1 -6.41e-13      0.00 7.793e-01 2.206e-01 2.104e-05 5.760e-06 5.242e-05 -1.000 1.169e-04 1.381 1.361 1.397 1.395 1.475 1.548 1.690 1.715 1.717 1.738 1.739 1.747 1.749 1.757 1.758 1.762 1.764 1.781
0.00012351 -2.10000 9.20000 1.4532479048 2.5348900949    1.453  1.365  4.0095  4.226    1  0.000  0.535     0.00     0.00     0.00     0.00     0.00 -1 -6.53e-13      0.00 7.792e-01 2.206e-01 2.105e-05 5.761e-06 5.242e-05 -1.000 1.113e-04 1.359 1.345 1.380 1.376 1.455 1.527 1.664 1.689 1.690 1.711 1.713 1.720 1.722 1.730 1.731 1.735 1.736 1.753
0.00012351 -2.10000 9.20000 1.4597271681 2.5354612479    1.459  1.384  4.0085  4.204    1  0.000  0.535     0.00     0.00     0.00     0.00     0.00 -1  -6.8e-13      0.00 7.792e-01 2.207e-01 2.105e-05 5.761e-06 5.243e-05 -1.000 1.061e-04 1.310 1.303 1.337 1.332 1.409 1.479 1.611 1.636 1.637 1.658 1.659 1.667 1.669 1.676 1.677 1.681 1.682 1.698
0.00012351 -2.10000 9.20000 1.4668847322 2.5360854532    1.467  1.420  4.0201  4.217    1  0.000  0.535     0.00     0.00     0.00     0.00     0.00 -1 -7.04e-13      0.00 7.792e-01 2.207e-01 2.105e-05 5.762e-06 5.244e-05 -1.000 1.148e-04 1.221 1.154 1.206 1.215 1.307 1.389 1.558 1.594 1.596 1.626 1.629 1.637 1.641 1.651 1.652 1.660 1.661 1.681
0.00012351 -2.10000 9.20000 1.4683423042 2.5362117095    1.468  1.439  4.0299  4.238    1  0.000  0.535     0.00     0.00     0.00     0.00     0.00 -1 -7.13e-13      0.00 7.791e-01 2.207e-01 2.106e-05 5.763e-06 5.245e-05 -1.000 1.184e-04 1.174 1.061 1.126 1.147 1.251 1.342 1.545 1.590 1.593 1.629 1.634 1.643 1.647 1.659 1.661 1.672 1.674 1.697
0.00012351 -2.10000 9.20000 1.4689309597 2.5362626177    1.469  1.458  4.0389  4.255    1  0.000  0.535     0.00     0.00     0.00     0.00     0.00 -1 -7.29e-13      0.00 7.791e-01 2.208e-01 2.106e-05 5.764e-06 5.245e-05 -1.000 1.187e-04 1.126 0.974 1.049 1.081 1.196 1.296 1.530 1.583 1.586 1.628 1.634 1.643 1.649 1.662 1.665 1.678 1.680 1.707
0.00012351 -2.10000 9.20000 1.4691971540 2.5362856234    1.469  1.475  4.0450  4.262    1  0.000  0.535     0.00     0.00     0.00     0.00     0.00 -1 -7.51e-13      0.00 7.791e-01 2.208e-01 2.106e-05 5.764e-06 5.245e-05 -1.000 1.187e-04 1.082 0.905 0.988 1.027 1.148 1.254 1.509 1.568 1.572 1.617 1.623 1.633 1.640 1.654 1.656 1.671 1.674 1.703
0.00012351 -2.10000 9.20000 1.4693224430 2.5362964481    1.469  1.486  4.0480  4.263    1  0.000  0.535     0.00     0.00     0.00     0.00     0.00 -1 -7.67e-13      0.00 7.791e-01 2.208e-01 2.106e-05 5.764e-06 5.245e-05 -1.000 1.187e-04 1.056 0.867 0.953 0.995 1.120 1.228 1.494 1.555 1.560 1.606 1.613 1.624 1.630 1.645 1.648 1.664 1.666 1.697
0.00012351 -2.10000 9.20000 1.4694253206 2.5363053349    1.469  1.486  4.0423  4.241    2  0.000  0.535     0.00     0.00     0.00     0.00     0.00 -1 -7.87e-13      0.00 7.791e-01 2.208e-01 2.106e-05 5.764e-06 5.245e-05 -1.000 1.185e-04 1.056 0.891 0.971 1.006 1.124 1.227 1.472 1.528 1.532 1.576 1.583 1.592 1.599 1.612 1.615 1.629 1.631 1.659
0.00012351 -2.10000 9.20000 1.4695805311 2.5363187397    1.469  1.494  4.0328  4.194    2  0.000  0.535     0.00     0.00     0.00     0.00     0.00 -1 -8.45e-13      0.00 7.791e-01 2.208e-01 2.106e-05 5.764e-06 5.246e-05 -1.000 1.184e-04 1.034 0.912 0.980 1.004 1.111 1.205 1.413 1.462 1.466 1.505 1.510 1.519 1.524 1.536 1.539 1.550 1.552 1.575
0.00012351 -2.10000 9.20000 1.4698339701 2.5363406209    1.470  1.514  4.0219  4.131    2  0.000  0.535     0.00     0.00     0.00     0.00     0.00 -1 -9.46e-13      0.00 7.791e-01 2.208e-01 2.106e-05 5.765e-06 5.246e-05 -1.000 1.182e-04 0.985 0.917 0.972 0.983 1.075 1.159 1.323 1.364 1.367 1.401 1.405 1.413 1.417 1.427 1.429 1.437 1.438 1.456
0.00012351 -2.10000 9.20000 1.4703258276 2.5363830619    1.470  1.532  4.0103  4.067    2  0.000  0.535     0.00     0.00     0.00     0.00     0.00 -1 -1.06e-12      0.00 7.790e-01 2.208e-01 2.106e-05 5.765e-06 5.246e-05 -1.000 1.180e-04 0.941 0.936 0.974 0.971 1.047 1.119 1.237 1.270 1.271 1.298 1.301 1.308 1.311 1.319 1.320 1.324 1.325 1.337
0.00012351 -2.10000 9.20000 1.4710271358 2.5364435192    1.471  1.544  3.9997  4.013    2  0.000  0.535     0.00     0.00     0.00     0.00     0.00 -1 -1.16e-12      0.00 7.790e-01 2.209e-01 2.107e-05 5.766e-06 5.247e-05 -1.000 1.175e-04 0.911 0.969 0.991 0.973 1.034 1.095 1.172 1.196 1.196 1.217 1.219 1.224 1.226 1.232 1.232 1.233 1.233 1.240
0.00012351 -2.10000 9.20000 1.4719983339 2.5365271335    1.472  1.555  3.9877  3.953    2  0.000  0.535     0.00     0.00     0.00     0.00     0.00 -1 -1.27e-12      0.00 7.790e-01 2.209e-01 2.107e-05 5.766e-06 5.247e-05 -1.000 1.169e-04 0.882 1.021 1.019 0.984 1.026 1.075 1.108 1.122 1.121 1.134 1.133 1.137 1.137 1.140 1.140 1.136 1.135 1.136
0.00012351 -2.10000 9.20000 1.4729676247 2.5366104571    1.473  1.566  3.9753  3.893    2  0.000  0.535     0.00     0.00     0.00     0.00     0.00 -1 -1.38e-12      0.00 7.789e-01 2.210e-01 2.107e-05 5.767e-06 5.248e-05 -1.000 1.164e-04 0.855 1.089 1.056 1.002 1.025 1.060 1.051 1.056 1.053 1.055 1.053 1.055 1.053 1.052 1.051 1.041 1.040 1.035
0.00012351 -2.10000 9.20000 1.4737954140 2.5366815170    1.473  1.575  3.9628  3.835    2  0.000  0.535     0.00     0.00     0.00     0.00     0.00 -1 -1.51e-12      0.00 7.789e-01 2.210e-01 2.108e-05 5.768e-06 5.249e-05 -1.000 1.159e-04 0.832 1.177 1.102 1.028 1.031 1.053 1.005 1.000 0.994 0.986 0.981 0.981 0.976 0.971 0.969 0.952 0.951 0.941
0.00012351 -2.10000 9.20000 1.4744731188 2.5367396249    1.474  1.582  3.9504  3.778    2  0.000  0.535     0.00     0.00     0.00     0.00     0.00 -1 -1.63e-12      0.00 7.789e-01 2.210e-01 2.108e-05 5.769e-06 5.249e-05 -1.000 1.154e-04 0.814 1.286 1.156 1.061 1.043 1.050 0.968 0.956 0.947 0.926 0.918 0.916 0.908 0.898 0.895 0.871 0.869 0.853
0.00012351 -2.10000 9.20000 1.4750334024 2.5367876185    1.475  1.588  3.9380  3.722    2  0.000  0.535     0.00     0.00     0.00     0.00     0.00 -1 -1.76e-12      0.00 7.788e-01 2.210e-01 2.108e-05 5.769e-06 5.250e-05 -1.000 1.151e-04 0.799 1.419 1.216 1.097 1.057 1.050 0.942 0.925 0.911 0.878 0.867 0.860 0.849 0.833 0.828 0.796 0.794 0.772
0.00012351 -2.10000 9.20000 1.4755066633 2.5368281251    1.475  1.593  3.9257  3.668    2  0.000  0.535     0.00     0.00     0.00     0.00     0.00 -1 -1.89e-12      0.00 7.788e-01 2.211e-01 2.108e-05 5.769e-06 5.250e-05 -1.000 1.148e-04 0.787 1.572 1.279 1.132 1.070 1.049 0.929 0.907 0.888 0.840 0.824 0.813 0.798 0.775 0.769 0.727 0.724 0.697
0.00012351 -2.10000 9.20000 1.4759154320 2.5368630877    1.476  1.597  3.9134  3.615    2  0.000  0.535     0.00     0.00     0.00     0.00     0.00 -1 -2.02e-12      0.00 7.788e-01 2.211e-01 2.108e-05 5.770e-06 5.250e-05 -1.000 1.146e-04 0.777 1.741 1.342 1.164 1.081 1.047 0.927 0.905 0.879 0.812 0.792 0.775 0.755 0.724 0.716 0.664 0.661 0.629
0.00012351 -2.10000 9.20000 1.4762756824 2.5368938821    1.476  1.601  3.9012  3.563    2  0.000  0.535     0.00     0.00     0.00     0.00     0.00 -1 -2.16e-12      0.00 7.788e-01 2.211e-01 2.108e-05 5.770e-06 5.251e-05 -1.000 1.144e-04 0.768 1.914 1.406 1.194 1.091 1.044 0.936 0.916 0.880 0.792 0.767 0.744 0.719 0.679 0.669 0.605 0.603 0.566
0.00012351 -2.10000 9.20000 1.4765983820 2.5369214519    1.476  1.603  3.8890  3.512    2  0.000  0.535     0.00     0.00     0.00     0.00     0.00 -1  -2.3e-12      0.00 7.788e-01 2.211e-01 2.109e-05 5.770e-06 5.251e-05 -1.000 1.142e-04 0.761 2.079 1.472 1.222 1.098 1.038 0.956 0.940 0.893 0.782 0.752 0.721 0.691 0.640 0.628 0.553 0.550 0.508
0.00012351 -2.10000 9.20000 1.4768919945 2.5369465246    1.477  1.606  3.8768  3.461    2  0.000  0.535     0.00     0.00     0.00     0.00     0.00 -1 -2.45e-12      0.00 7.788e-01 2.211e-01 2.109e-05 5.771e-06 5.251e-05 -1.000 1.139e-04 0.756 2.218 1.550 1.257 1.107 1.031 0.982 0.971 0.915 0.783 0.747 0.708 0.672 0.611 0.597 0.508 0.505 0.458
0.00012351 -2.10000 9.20000 1.4771612883 2.5369695106    1.477  1.607  3.8646  3.410    2  0.000  0.535     0.00     0.00     0.00     0.00     0.00 -1 -2.61e-12      0.00 7.788e-01 2.211e-01 2.109e-05 5.771e-06 5.251e-05 -1.000 1.137e-04 0.752 2.356 1.634 1.296 1.118 1.024 1.012 1.006 0.941 0.788 0.747 0.700 0.658 0.586 0.570 0.466 0.463 0.410
0.00012351 -2.10000 9.20000 1.4774100780 2.5369907379    1.477  1.609  3.8523  3.360    2  0.000  0.535     0.00     0.00     0.00     0.00     0.00 -1 -2.77e-12      0.00 7.787e-01 2.211e-01 2.109e-05 5.771e-06 5.252e-05 -1.000 1.136e-04 0.749 2.496 1.728 1.342 1.132 1.019 1.046 1.046 0.971 0.797 0.750 0.695 0.648 0.565 0.547 0.429 0.426 0.366
0.00012351 -2.10000 9.20000 1.4776402712 2.5370103711    1.477  1.609  3.8401  3.310    2  0.000  0.535     0.00     0.00     0.00     0.00     0.00 -1 -2.93e-12      0.00 7.787e-01 2.212e-01 2.109e-05 5.771e-06 5.252e-05 -1.000 1.135e-04 0.747 2.641 1.831 1.394 1.149 1.016 1.083 1.090 1.005 0.809 0.757 0.694 0.642 0.547 0.527 0.396 0.392 0.324
0.00012351 -2.10000 9.20000 1.4778536558 2.5370285644    1.478  1.610  3.8282  3.263    2  0.000  0.535     0.00     0.00     0.00     0.00     0.00 -1  -3.1e-12      0.00 7.787e-01 2.212e-01 2.109e-05 5.771e-06 5.252e-05 -1.000 1.133e-04 0.746 2.789 1.941 1.452 1.171 1.016 1.123 1.135 1.040 0.823 0.766 0.695 0.638 0.533 0.510 0.366 0.362 0.286
0.00012351 -2.10000 9.20000 1.4780529737 2.5370455530    1.478  1.609  3.8170  3.218    2  0.000  0.535     0.00     0.00     0.00     0.00     0.00 -1 -3.26e-12      0.00 7.787e-01 2.212e-01 2.109e-05 5.772e-06 5.252e-05 -1.000 1.133e-04 0.746 2.939 2.061 1.519 1.200 1.024 1.165 1.180 1.076 0.838 0.777 0.698 0.636 0.522 0.497 0.340 0.336 0.252
0.00012351 -2.10000 9.20000 1.4782456160 2.5370619676    1.478  1.609  3.8068  3.178    2  0.000  0.535     0.00     0.00     0.00     0.00     0.00 -1  -3.4e-12      0.00 7.787e-01 2.212e-01 2.109e-05 5.772e-06 5.252e-05 -1.000 1.131e-04 0.748 3.078 2.180 1.584 1.228 1.032 1.208 1.226 1.113 0.855 0.789 0.703 0.637 0.514 0.487 0.319 0.314 0.223
0.00012351 -2.10000 9.20000 1.4784561396 2.5370799001    1.478  1.608  3.7971  3.141    2  0.000  0.535     0.00     0.00     0.00     0.00     0.00 -1 -3.54e-12      0.00 7.787e-01 2.212e-01 2.109e-05 5.772e-06 5.252e-05 -1.000 1.130e-04 0.751 3.217 2.305 1.654 1.261 1.044 1.253 1.275 1.153 0.873 0.803 0.711 0.640 0.509 0.480 0.302 0.296 0.197
0.00012351 -2.10000 9.20000 1.4787122011 2.5371017037    1.478  1.605  3.7874  3.104    2  0.000  0.535     0.00     0.00     0.00     0.00     0.00 -1 -3.67e-12      0.00 7.787e-01 2.212e-01 2.109e-05 5.772e-06 5.253e-05 -1.000 1.130e-04 0.757 3.366 2.448 1.738 1.304 1.066 1.305 1.328 1.196 0.896 0.821 0.722 0.648 0.509 0.478 0.289 0.283 0.176
0.00012351 -2.10000 9.20000 1.4790339470 2.5371290880    1.479  1.600  3.7773  3.069    2  0.000  0.535     0.00     0.00     0.00     0.00     0.00 -1 -3.77e-12      0.00 7.782e-01 2.217e-01 2.115e-05 5.787e-06 5.266e-05 -1.000 1.143e-04 0.771 3.540 2.624 1.845 1.364 1.102 1.368 1.391 1.250 0.927 0.848 0.742 0.663 0.516 0.482 0.283 0.276 0.161
0.00012351 -2.10000 9.20000 1.4794188738 2.5371618317    1.479  1.590  3.7671  3.038    2  0.000  0.536     0.00     0.00     0.00     0.00     0.00 -1 -3.82e-12      0.00 7.747e-01 2.252e-01 2.143e-05 5.863e-06 5.334e-05 -1.000 1.212e-04 0.794 3.739 2.844 1.984 1.446 1.159 1.446 1.467 1.315 0.967 0.884 0.771 0.688 0.533 0.497 0.287 0.279 0.155
0.00012351 -2.10000 9.20000 1.4797470570 2.5371897331    1.479  1.581  3.7599  3.019    2  0.000  0.536     0.00     0.00     0.00     0.00     0.00 -1 -3.82e-12      0.00 7.660e-01 2.339e-01 2.204e-05 6.025e-06 5.477e-05 -1.000 1.305e-04 0.818 3.883 3.015 2.095 1.515 1.208 1.509 1.528 1.369 1.004 0.917 0.800 0.715 0.553 0.516 0.298 0.289 0.159
0.00012351 -2.10000 9.20000 1.4799822569 2.5372097205    1.480  1.577  3.7560  3.007    3  0.000  0.537     0.00     0.00     0.00     0.00     0.00 -1 -3.83e-12      0.00 7.624e-01 2.375e-01 2.229e-05 6.092e-06 5.538e-05 -1.000 1.305e-04 0.827 3.956 3.119 2.163 1.556 1.238 1.542 1.559 1.395 1.021 0.932 0.812 0.725 0.561 0.523 0.300 0.291 0.158
0.00012351 -2.10000 9.20000 1.4808038473 2.5372794824    1.480  1.586  3.7462  2.959    3  0.000  0.537     0.00     0.00     0.00     0.00     0.00 -1  -4.1e-12      0.00 7.562e-01 2.437e-01 2.272e-05 6.211e-06 5.641e-05 -1.000 1.305e-04 0.805 4.092 3.350 2.298 1.621 1.273 1.581 1.591 1.416 1.017 0.924 0.797 0.706 0.533 0.493 0.260 0.250 0.108
0.00012351 -2.10000 9.20000 1.4816230536 2.5373489532    1.481  1.619  3.7407  2.904    3  0.000  0.535     0.00     0.00     0.00     0.00     0.00 -1 -4.67e-12      0.00 7.535e-01 2.464e-01 2.275e-05 6.303e-06 5.673e-05 -1.000 1.305e-04 0.722 4.095 3.421 2.313 1.594 1.230 1.533 1.539 1.358 0.944 0.849 0.718 0.625 0.447 0.406 0.167 0.157 0.009
0.00012351 -2.10000 9.20000 1.4824398756 2.5374181339    1.482  1.663  3.7373  2.847    3  0.000  0.513     0.00     0.00     0.00     0.00     0.00 -1 -5.49e-12      0.00 7.510e-01 2.488e-01 2.180e-05 7.164e-06 5.687e-05 -1.000 1.304e-04 0.613 4.033 3.417 2.272 1.526 1.151 1.446 1.448 1.263 0.841 0.744 0.611 0.517 0.337 0.294 0.052 0.042 -0.109
0.00012351 -2.10000 9.20000 1.4831379652 2.5374771892    1.483  1.703  3.7350  2.798    3  0.000  0.470     0.00     0.00     0.00     0.00     0.00 -1 -6.35e-12      0.00 7.485e-01 2.514e-01 1.990e-05 9.316e-06 5.695e-05 -1.000 1.304e-04 0.513 3.965 3.391 2.221 1.455 1.074 1.361 1.360 1.173 0.746 0.648 0.513 0.418 0.236 0.194 -0.051 -0.062 -0.214
0.00012351 -2.10000 9.20000 1.4838180542 2.5375346602    1.483  1.743  3.7331  2.751    3  0.000  0.427     0.00     0.00     0.00     0.00     0.00 -1 -7.32e-12      0.00 7.457e-01 2.542e-01 1.812e-05 1.151e-05 5.700e-05 -1.000 1.305e-04 0.413 3.891 3.352 2.161 1.380 0.993 1.274 1.271 1.081 0.649 0.551 0.415 0.319 0.136 0.093 -0.153 -0.165 -0.319
0.00012351 -2.10000 9.20000 1.4846014977 2.5376007902    1.484  1.790  3.7311  2.696    3  0.000  0.393     0.00     0.00     0.00     0.00     0.00 -1 -8.66e-12      0.00 7.422e-01 2.576e-01 1.669e-05 1.329e-05 5.705e-05 -1.000 1.305e-04 0.295 3.801 3.299 2.086 1.288 0.895 1.169 1.164 0.972 0.536 0.436 0.300 0.203 0.018 -0.025 -0.274 -0.285 -0.441
0.00012351 -2.10000 9.20000 1.4853937626 2.5376675832    1.485  1.838  3.7291  2.640    3  0.000  0.370     0.00     0.00     0.00     0.00     0.00 -1 -1.03e-11      0.00 7.388e-01 2.611e-01 1.579e-05 1.443e-05 5.707e-05 -1.000 1.304e-04 0.174 3.706 3.243 2.007 1.193 0.794 1.062 1.054 0.860 0.419 0.319 0.181 0.084 -0.102 -0.146 -0.397 -0.408 -0.567
0.00012351 -2.10000 9.20000 1.4861934185 2.5377349162    1.486  1.888  3.7273  2.583    3  0.000  0.356     0.00     0.00     0.00     0.00     0.00 -1 -1.23e-11      0.00 7.357e-01 2.641e-01 1.519e-05 1.518e-05 5.707e-05 -1.000 1.305e-04 0.050 3.604 3.183 1.926 1.095 0.691 0.951 0.940 0.744 0.299 0.198 0.059 -0.039 -0.226 -0.271 -0.523 -0.535 -0.695
0.00012351 -2.10000 9.20000 1.4869178534 2.5377958436    1.486  1.934  3.7254  2.530    3  0.000  0.347     0.00     0.00     0.00     0.00     0.00 -1 -1.45e-11      0.00 7.334e-01 2.664e-01 1.485e-05 1.562e-05 5.705e-05 -1.000 1.305e-04 -0.066 3.510 3.130 1.851 1.004 0.594 0.848 0.835 0.636 0.187 0.085 -0.055 -0.154 -0.342 -0.387 -0.641 -0.653 -0.815
0.00012351 -2.10000 9.20000 1.4876326323 2.5378558920    1.487  1.981  3.7236  2.475    3  0.000  0.342     0.00     0.00     0.00     0.00     0.00 -1 -1.71e-11      0.00 7.317e-01 2.682e-01 1.462e-05 1.591e-05 5.702e-05 -1.000 1.305e-04 -0.183 3.417 3.083 1.780 0.914 0.499 0.744 0.728 0.527 0.073 -0.029 -0.171 -0.270 -0.460 -0.505 -0.761 -0.773 -0.937
0.00012351 -2.10000 9.20000 1.4883444309 2.5379156241    1.488  2.029  3.7218  2.420    3  0.000  0.338     0.00     0.00     0.00     0.00     0.00 -1 -2.03e-11      0.00 7.305e-01 2.694e-01 1.447e-05 1.610e-05 5.699e-05 -1.000 1.305e-04 -0.304 3.322 3.042 1.712 0.825 0.403 0.638 0.618 0.415 -0.044 -0.147 -0.289 -0.389 -0.581 -0.626 -0.884 -0.897 -1.062
0.00012351 -2.10000 9.20000 1.4890393019 2.5379738723    1.488  2.078  3.7198  2.364    3  0.000  0.337     0.00     0.00     0.00     0.00     0.00 -1 -2.42e-11      0.00 7.297e-01 2.702e-01 1.439e-05 1.623e-05 5.697e-05 -1.000 1.306e-04 -0.425 3.228 3.008 1.649 0.738 0.308 0.532 0.509 0.304 -0.161 -0.265 -0.409 -0.510 -0.703 -0.749 -1.009 -1.021 -1.188
0.00012351 -2.10000 9.20000 1.4896825552 2.5380277380    1.489  2.124  3.7179  2.310    3  0.000  0.336     0.00     0.00     0.00     0.00     0.00 -1 -2.85e-11      0.00 7.292e-01 2.706e-01 1.434e-05 1.629e-05 5.695e-05 -1.000 1.306e-04 -0.541 3.135 2.978 1.591 0.657 0.220 0.433 0.406 0.198 -0.273 -0.377 -0.523 -0.624 -0.818 -0.865 -1.127 -1.139 -1.308
0.00012351 -2.10000 9.20000 1.4903132915 2.5380805036    1.490  2.172  3.7160  2.256    3  0.000  0.335     0.00     0.00     0.00     0.00     0.00 -1 -3.37e-11      0.00 7.290e-01 2.708e-01 1.432e-05 1.632e-05 5.694e-05 -1.000 1.304e-04 -0.659 3.040 2.950 1.532 0.574 0.130 0.331 0.300 0.089 -0.386 -0.492 -0.638 -0.740 -0.936 -0.983 -1.247 -1.260 -1.431
0.00012351 -2.10000 9.20000 1.4909199476 2.5381312062    1.490  2.220  3.7140  2.199    3  0.000  0.335     0.00     0.00     0.00     0.00     0.00 -1 -4.02e-11      0.00 7.290e-01 2.709e-01 1.431e-05 1.633e-05 5.694e-05 -1.000 1.305e-04 -0.780 2.944 2.925 1.474 0.490 0.038 0.228 0.193 -0.021 -0.503 -0.609 -0.757 -0.860 -1.058 -1.105 -1.371 -1.384 -1.557
0.00012351 -2.10000 9.20000 1.4914577007 2.5381761105    1.491  2.266  3.7122  2.147    3  0.000  0.335     0.00     0.00     0.00     0.00     0.00 -1 -4.73e-11      0.00 7.290e-01 2.709e-01 1.431e-05 1.633e-05 5.694e-05 -1.000 1.304e-04 -0.894 2.852 2.898 1.418 0.410 -0.049 0.131 0.092 -0.124 -0.612 -0.719 -0.869 -0.972 -1.171 -1.219 -1.487 -1.501 -1.675
0.00012351 -2.10000 9.20000 1.4919812679 2.5382197944    1.491  2.312  3.7102  2.092    3  0.000  0.335     0.00     0.00     0.00     0.00     0.00 -1  -5.6e-11      0.00 7.290e-01 2.709e-01 1.431e-05 1.634e-05 5.694e-05 -1.000 1.305e-04 -1.011 2.758 2.874 1.362 0.328 -0.139 0.032 -0.011 -0.231 -0.724 -0.832 -0.983 -1.087 -1.288 -1.337 -1.607 -1.621 -1.797
0.00012351 -2.10000 9.20000 1.4924749136 2.5382609495    1.491  2.358  3.7083  2.038    3  0.000  0.335     0.00     0.00     0.00     0.00     0.00 -1 -6.61e-11      0.00 7.290e-01 2.709e-01 1.430e-05 1.634e-05 5.694e-05 -1.000 1.304e-04 -1.126 2.662 2.856 1.311 0.251 -0.224 -0.064 -0.111 -0.334 -0.834 -0.943 -1.095 -1.200 -1.403 -1.451 -1.724 -1.738 -1.916
0.00012351 -2.10000 9.20000 1.4929310083 2.5382989463    1.492  2.403  3.7064  1.986    3  0.000  0.335     0.00     0.00     0.00     0.00     0.00 -1 -7.77e-11      0.00 7.290e-01 2.709e-01 1.430e-05 1.635e-05 5.694e-05 -1.000 1.305e-04 -1.238 2.571 2.845 1.266 0.178 -0.304 -0.156 -0.207 -0.434 -0.940 -1.050 -1.204 -1.309 -1.513 -1.563 -1.838 -1.852 -2.032
0.00012351 -2.10000 9.20000 1.4934045076 2.5383383647    1.492  2.449  3.7044  1.932    3  0.000  0.334     0.00     0.00     0.00     0.00     0.00 -1 -9.18e-11      0.00 7.289e-01 2.709e-01 1.430e-05 1.635e-05 5.694e-05 -1.000 1.305e-04 -1.353 2.477 2.848 1.230 0.109 -0.382 -0.249 -0.306 -0.536 -1.050 -1.161 -1.316 -1.423 -1.629 -1.678 -1.956 -1.970 -2.152
0.00012351 -2.10000 9.20000 1.4938995838 2.5383795486    1.492  2.492  3.7026  1.883    3  0.000  0.334     0.00     0.00     0.00     0.00     0.00 -1 -1.07e-10      0.00 7.289e-01 2.709e-01 1.429e-05 1.636e-05 5.694e-05 -1.000 1.305e-04 -1.459 2.389 2.845 1.194 0.044 -0.455 -0.336 -0.397 -0.631 -1.151 -1.263 -1.420 -1.527 -1.735 -1.785 -2.064 -2.078 -2.262
0.00012351 -2.10000 9.20000 1.4940707684 2.5383937817    1.493  2.502  3.7023  1.871    3  0.000  0.334     3.99     3.20     2.36     1.77     1.44  4 -1.11e-10      0.00 7.289e-01 2.709e-01 1.429e-05 1.636e-05 5.694e-05 -1.000 1.304e-04 -1.484 2.368 2.842 1.184 0.028 -0.473 -0.358 -0.419 -0.654 -1.175 -1.287 -1.444 -1.552 -1.760 -1.810 -2.090 -2.104 -2.289
0.00012351 -2.10000 9.20000 1.4942947626 2.5384123999    1.493  2.474  3.7035  1.903    3  0.000  0.334     0.00     0.00     0.00     0.00     0.00 -1 -1.02e-10      0.00 7.289e-01 2.709e-01 1.429e-05 1.636e-05 5.694e-05 -1.000 1.304e-04 -1.416 2.424 2.841 1.205 0.069 -0.427 -0.302 -0.361 -0.593 -1.110 -1.222 -1.378 -1.485 -1.692 -1.742 -2.020 -2.034 -2.217
0.00012351 -2.10000 9.20000 1.4944593906 2.5384260796    1.493  2.441  3.7050  1.943    3  0.000  0.334     0.00     0.00     0.00     0.00     0.00 -1 -9.04e-11      0.00 7.289e-01 2.709e-01 1.429e-05 1.636e-05 5.694e-05 -1.000 1.304e-04 -1.333 2.491 2.834 1.228 0.117 -0.372 -0.236 -0.291 -0.520 -1.031 -1.142 -1.297 -1.403 -1.608 -1.658 -1.935 -1.949 -2.130
0.00012351 -2.10000 9.20000 1.4945799112 2.5384360919    1.493  2.409  3.7067  1.982    3  0.000  0.334     0.00     0.00     0.00     0.00     0.00 -1 -8.02e-11      0.00 7.289e-01 2.709e-01 1.429e-05 1.636e-05 5.694e-05 -1.000 1.304e-04 -1.253 2.554 2.822 1.246 0.161 -0.321 -0.174 -0.224 -0.451 -0.956 -1.066 -1.219 -1.325 -1.529 -1.578 -1.853 -1.866 -2.046
0.00012351 -2.10000 9.20000 1.4948363304 2.5384573881    1.493  2.444  3.7050  1.940    3  0.000  0.334     0.00     0.00     0.00     0.00     0.00 -1    -9e-11      0.00 7.289e-01 2.709e-01 1.429e-05 1.637e-05 5.694e-05 -1.000 1.304e-04 -1.341 2.483 2.830 1.223 0.110 -0.378 -0.243 -0.298 -0.528 -1.039 -1.150 -1.305 -1.411 -1.617 -1.666 -1.943 -1.957 -2.138
0.00012351 -2.10000 9.20000 1.4951510429 2.5384835141    1.493  2.486  3.7032  1.891    3  0.000  0.334     0.00     0.00     0.00     0.00     0.00 -1 -1.04e-10      0.00 7.289e-01 2.709e-01 1.428e-05 1.637e-05 5.694e-05 -1.000 1.304e-04 -1.445 2.398 2.830 1.189 0.047 -0.450 -0.328 -0.388 -0.621 -1.138 -1.250 -1.406 -1.514 -1.720 -1.771 -2.049 -2.063 -2.247
0.00012351 -2.10000 9.20000 1.4954549074 2.5385087275    1.494  2.527  3.7014  1.843    3  0.000  0.334     4.23     3.37     2.48     1.86     1.51  4 -1.21e-10      0.00 7.289e-01 2.710e-01 1.428e-05 1.637e-05 5.694e-05 -1.000 1.304e-04 -1.547 2.314 2.832 1.157 -0.014 -0.519 -0.411 -0.475 -0.711 -1.235 -1.348 -1.506 -1.614 -1.822 -1.873 -2.154 -2.168 -2.353
0.00012351 -2.10000 9.20000 1.4957408905 2.5385324465    1.494  2.567  3.6996  1.796    3  0.000  0.334     4.66     3.67     2.69     2.02     1.64  4  -1.4e-10      0.00 7.289e-01 2.710e-01 1.428e-05 1.637e-05 5.694e-05 -1.000 1.305e-04 -1.647 2.232 2.840 1.130 -0.072 -0.585 -0.490 -0.559 -0.799 -1.330 -1.443 -1.603 -1.712 -1.922 -1.973 -2.256 -2.270 -2.457
0.00012351 -2.10000 9.20000 1.4960112572 2.5385548607    1.494  2.606  3.6978  1.749    3  0.000  0.334     5.12     3.99     2.92     2.19     1.78  4 -1.61e-10      0.00 7.289e-01 2.710e-01 1.428e-05 1.638e-05 5.694e-05 -1.000 1.304e-04 -1.746 2.149 2.849 1.106 -0.128 -0.649 -0.568 -0.642 -0.885 -1.423 -1.537 -1.698 -1.808 -2.020 -2.071 -2.356 -2.371 -2.560
0.00012351 -2.10000 9.20000 1.4962636232 2.5385757742    1.494  2.645  3.6961  1.704    3  0.000  0.334     5.62     4.34     3.16     2.38     1.93  4 -1.86e-10      0.00 7.289e-01 2.710e-01 1.428e-05 1.638e-05 5.694e-05 -1.000 1.304e-04 -1.843 2.068 2.859 1.082 -0.182 -0.711 -0.643 -0.722 -0.970 -1.514 -1.629 -1.792 -1.902 -2.116 -2.168 -2.455 -2.470 -2.661
0.00012351 -2.10000 9.20000 1.4965031147 2.5385956132    1.494  2.684  3.6943  1.658    3  0.000  0.334     6.17     4.71     3.42     2.58     2.09  4 -2.14e-10      0.00 7.289e-01 2.710e-01 1.427e-05 1.638e-05 5.694e-05 -1.000 1.305e-04 -1.940 1.986 2.870 1.060 -0.235 -0.772 -0.718 -0.802 -1.054 -1.605 -1.721 -1.885 -1.996 -2.212 -2.264 -2.553 -2.569 -2.761
0.00012351 -2.10000 9.20000 1.4967210293 2.5386136586    1.494  2.721  3.6926  1.614    3  0.000  0.334     6.74     5.10     3.69     2.78     2.26  4 -2.46e-10      0.00 7.289e-01 2.710e-01 1.427e-05 1.638e-05 5.694e-05 -1.000 1.305e-04 -2.033 1.907 2.881 1.039 -0.287 -0.832 -0.791 -0.879 -1.134 -1.692 -1.810 -1.975 -2.087 -2.304 -2.357 -2.648 -2.664 -2.858
0.00012351 -2.10000 9.20000 1.4969267845 2.5386306914    1.494  2.759  3.6909  1.569    3  0.000  0.334     7.38     5.53     3.98     3.01     2.44  4 -2.82e-10      0.00 7.289e-01 2.710e-01 1.427e-05 1.639e-05 5.694e-05 -1.000 1.305e-04 -2.126 1.827 2.891 1.017 -0.340 -0.891 -0.863 -0.957 -1.215 -1.780 -1.898 -2.065 -2.178 -2.396 -2.450 -2.743 -2.759 -2.955
0.00012351 -2.10000 9.20000 1.4971168041 2.5386464169    1.494  2.795  3.6892  1.526    3  0.000  0.334     8.05     5.98     4.29     3.24     2.64  4 -3.22e-10      0.00 7.289e-01 2.710e-01 1.427e-05 1.639e-05 5.694e-05 -1.000 1.305e-04 -2.217 1.750 2.907 1.001 -0.387 -0.946 -0.932 -1.030 -1.293 -1.864 -1.984 -2.152 -2.266 -2.486 -2.540 -2.836 -2.852 -3.050
0.00012351 -2.10000 9.20000 1.4972941875 2.5386610925    1.494  2.831  3.6874  1.483    3  0.000  0.334     8.79     6.46     4.62     3.50     2.84  4 -3.68e-10      0.00 7.289e-01 2.710e-01 1.427e-05 1.639e-05 5.694e-05 -1.000 1.305e-04 -2.307 1.673 2.932 0.993 -0.429 -0.997 -0.996 -1.100 -1.368 -1.947 -2.067 -2.238 -2.352 -2.574 -2.629 -2.926 -2.943 -3.143
0.00012351 -2.10000 9.20000 1.4974592924 2.5386747486    1.494  2.866  3.6857  1.441    3  0.000  0.334     9.57     6.97     4.97     3.76     3.06  4 -4.18e-10      0.00 7.289e-01 2.710e-01 1.427e-05 1.639e-05 5.694e-05 -1.000 1.305e-04 -2.395 1.598 2.955 0.987 -0.470 -1.046 -1.060 -1.169 -1.441 -2.028 -2.150 -2.322 -2.437 -2.661 -2.716 -3.016 -3.032 -3.234
0.00012351 -2.10000 9.20000 1.4976130724 2.5386874650    1.494  2.901  3.6840  1.400    3  0.000  0.334    10.41     7.51     5.34     4.05     3.29  4 -4.75e-10      0.00 7.289e-01 2.710e-01 1.427e-05 1.639e-05 5.694e-05 -1.000 1.306e-04 -2.481 1.525 2.956 1.008 -0.483 -1.067 -1.108 -1.228 -1.508 -2.108 -2.231 -2.405 -2.521 -2.747 -2.803 -3.105 -3.121 -3.325
0.00012351 -2.10000 9.20000 1.4977558851 2.5386992717    1.494  2.934  3.6823  1.359    3  0.000  0.334    11.30     8.08     5.72     4.35     3.54  4 -5.38e-10      0.00 7.289e-01 2.710e-01 1.426e-05 1.639e-05 5.694e-05 -1.000 1.305e-04 -2.566 1.455 2.959 1.031 -0.493 -1.087 -1.154 -1.285 -1.573 -2.185 -2.310 -2.486 -2.604 -2.832 -2.888 -3.192 -3.209 -3.415
0.00012351 -2.10000 9.20000 1.4978885651 2.5387102384    1.494  2.967  3.6807  1.320    3  0.000  0.334    12.24     8.68     6.13     4.66     3.79  4 -6.08e-10      0.00 7.289e-01 2.710e-01 1.426e-05 1.639e-05 5.694e-05 -1.000 1.305e-04 -2.648 1.386 2.965 1.057 -0.502 -1.104 -1.196 -1.339 -1.635 -2.260 -2.387 -2.565 -2.685 -2.915 -2.971 -3.278 -3.295 -3.502
0.00012351 -2.10000 9.20000 1.4980139732 2.5387206020    1.494  3.000  3.6791  1.281    3  0.000  0.334    13.25     9.32     6.55     4.99     4.06  4 -6.86e-10      0.00 7.289e-01 2.710e-01 1.426e-05 1.640e-05 5.694e-05 -1.000 1.304e-04 -2.729 1.318 2.975 1.089 -0.506 -1.115 -1.234 -1.389 -1.694 -2.333 -2.462 -2.643 -2.764 -2.996 -3.053 -3.362 -3.379 -3.588
0.00012351 -2.10000 9.20000 1.4981311560 2.5387302841    1.493  3.031  3.6775  1.243    3  0.000  0.334    14.30     9.97     6.99     5.33     4.34  4  -7.7e-10      0.00 7.289e-01 2.710e-01 1.426e-05 1.640e-05 5.694e-05 -1.000 1.304e-04 -2.807 1.253 2.990 1.127 -0.504 -1.121 -1.267 -1.434 -1.749 -2.402 -2.533 -2.716 -2.839 -3.073 -3.130 -3.442 -3.460 -3.671
0.00012351 -2.10000 9.20000 1.4982298613 2.5387384381    1.493  3.057  3.6760  1.211    3  0.000  0.334    15.26    10.57     7.39     5.63     4.59  3  -8.5e-10      0.00 7.289e-01 2.710e-01 1.426e-05 1.640e-05 5.694e-05 -1.000 1.305e-04 -2.873 1.199 3.009 1.167 -0.497 -1.120 -1.290 -1.469 -1.793 -2.460 -2.592 -2.778 -2.902 -3.138 -3.196 -3.510 -3.528 -3.741
0.00012351 -2.10000 9.20000 1.4982298613 2.5387384381    1.493  2.011  3.8318  2.880    4  0.000  0.334     0.00     0.00     0.00     0.00     0.00 -1    -1e-30      0.00 7.290e-01 2.709e-01 1.430e-05 1.635e-05 5.694e-05 -1.000 1.304e-04 -0.257 1.845 1.034 0.552 0.257 0.102 0.074 0.074 -0.012 -0.211 -0.264 -0.329 -0.383 -0.480 -0.501 -0.637 -0.642 -0.720
0.00012351 -2.10000 9.20000 1.4984905720 2.5387599695    1.494  2.015  3.8235  2.843    4  0.000  0.334     0.00     0.00     0.00     0.00     0.00 -1    -1e-30      0.00 7.289e-01 2.709e-01 1.430e-05 1.635e-05 5.694e-05 -1.000 1.304e-04 -0.267 1.947 1.114 0.589 0.266 0.096 0.096 0.099 0.005 -0.209 -0.266 -0.337 -0.394 -0.499 -0.522 -0.667 -0.672 -0.755
0.00012351 -2.10000 9.20000 1.4991925955 2.5388179048    1.494  2.020  3.8131  2.797    4  0.000  0.334     0.00     0.00     0.00     0.00     0.00 -1    -1e-30      0.00 7.289e-01 2.709e-01 1.429e-05 1.636e-05 5.694e-05 -1.000 1.304e-04 -0.279 2.079 1.221 0.641 0.281 0.090 0.126 0.131 0.029 -0.206 -0.267 -0.346 -0.407 -0.521 -0.546 -0.703 -0.708 -0.798
0.00012351 -2.10000 9.20000 1.4999457598 2.5388799912    1.495  2.025  3.8064  2.766    4  0.000  0.334     0.00     0.00     0.00     0.00     0.00 -1    -1e-30      0.00 7.289e-01 2.709e-01 1.429e-05 1.637e-05 5.694e-05 -1.000 1.305e-04 -0.292 2.155 1.287 0.670 0.285 0.081 0.144 0.152 0.043 -0.207 -0.271 -0.354 -0.419 -0.539 -0.565 -0.730 -0.736 -0.829
0.00012351 -2.10000 9.20000 1.5006979704 2.5389419274    1.496  2.030  3.8044  2.753    4  0.000  0.334     0.00     0.00     0.00     0.00     0.00 -1    -1e-30      0.00 7.289e-01 2.710e-01 1.428e-05 1.637e-05 5.694e-05 -1.000 1.305e-04 -0.304 2.169 1.299 0.671 0.279 0.070 0.140 0.149 0.038 -0.216 -0.281 -0.366 -0.432 -0.553 -0.580 -0.747 -0.753 -0.848
0.00012351 -2.10000 9.20000 1.5014635324 2.5390048898    1.497  2.035  3.8060  2.754    4  0.000  0.334     0.00     0.00     0.00     0.00     0.00 -1    -1e-30      0.00 7.289e-01 2.710e-01 1.427e-05 1.638e-05 5.694e-05 -1.000 1.305e-04 -0.317 2.136 1.269 0.649 0.263 0.057 0.119 0.127 0.018 -0.233 -0.297 -0.380 -0.445 -0.565 -0.592 -0.757 -0.763 -0.857
0.00012351 -2.10000 9.20000 1.5022338629 2.5390681698    1.497  2.040  3.8093  2.762    4  0.000  0.334     0.00     0.00     0.00     0.00     0.00 -1    -1e-30      0.00 7.289e-01 2.710e-01 1.427e-05 1.639e-05 5.694e-05 -1.000 1.305e-04 -0.331 2.082 1.219 0.618 0.243 0.044 0.090 0.097 -0.009 -0.252 -0.315 -0.396 -0.459 -0.576 -0.602 -0.763 -0.769 -0.861
0.00012351 -2.10000 9.20000 1.5030028820 2.5391312677    1.498  2.046  3.8128  2.771    4  0.000  0.334     0.00     0.00     0.00     0.00     0.00 -1    -1e-30      0.00 7.289e-01 2.710e-01 1.426e-05 1.640e-05 5.693e-05 -1.000 1.304e-04 -0.344 2.026 1.169 0.587 0.224 0.032 0.061 0.066 -0.037 -0.272 -0.333 -0.411 -0.473 -0.586 -0.612 -0.769 -0.774 -0.864
0.00012351 -2.10000 9.20000 1.5038520098 2.5392008523    1.499  2.051  3.8167  2.782    4  0.000  0.334     0.00     0.00     0.00     0.00     0.00 -1    -1e-30      0.00 7.289e-01 2.710e-01 1.426e-05 1.640e-05 5.693e-05 -1.000 1.304e-04 -0.358 1.960 1.112 0.550 0.201 0.016 0.030 0.034 -0.065 -0.292 -0.351 -0.427 -0.487 -0.597 -0.621 -0.774 -0.779 -0.867
0.00012351 -2.10000 9.20000 1.5046827793 2.5392688451    1.500  2.057  3.8206  2.792    4  0.000  0.333     0.00     0.00     0.00     0.00     0.00 -1    -1e-30      0.00 7.289e-01 2.710e-01 1.425e-05 1.641e-05 5.693e-05 -1.000 1.304e-04 -0.372 1.894 1.056 0.515 0.179 0.002 -0.000 0.003 -0.093 -0.312 -0.369 -0.442 -0.500 -0.607 -0.631 -0.779 -0.784 -0.869
0.00012351 -2.10000 9.20000 1.5052657127 2.5393165026    1.501  2.060  3.8233  2.799    4  0.000  0.333     0.00     0.00     0.00     0.00     0.00 -1    -1e-30      0.00 7.289e-01 2.710e-01 1.425e-05 1.642e-05 5.693e-05 -1.000 1.305e-04 -0.381 1.849 1.018 0.491 0.164 -0.008 -0.021 -0.019 -0.112 -0.326 -0.382 -0.453 -0.510 -0.614 -0.637 -0.782 -0.787 -0.871
0.00012351 -2.10000 9.20000 1.5057437420 2.5393555521    1.501  2.063  3.8255  2.805    4  0.000  0.333     0.00     0.00     0.00     0.00     0.00 -1    -1e-30      0.00 7.289e-01 2.710e-01 1.424e-05 1.642e-05 5.693e-05 -1.000 1.305e-04 -0.388 1.813 0.988 0.472 0.152 -0.015 -0.037 -0.036 -0.127 -0.336 -0.391 -0.461 -0.517 -0.619 -0.642 -0.784 -0.789 -0.871
0.00012351 -2.10000 9.20000 1.5065557957 2.5394218222    1.502  2.068  3.8292  2.815    4  0.000  0.333     0.00     0.00     0.00     0.00     0.00 -1    -1e-30      0.00 7.288e-01 2.710e-01 1.424e-05 1.643e-05 5.693e-05 -1.000 1.304e-04 -0.401 1.753 0.938 0.440 0.133 -0.028 -0.064 -0.064 -0.152 -0.354 -0.408 -0.474 -0.529 -0.628 -0.649 -0.788 -0.793 -0.873
0.00012351 -2.10000 9.20000 1.5073215961 2.5394842425    1.503  2.073  3.8325  2.824    4  0.000  0.333     0.00     0.00     0.00     0.00     0.00 -1    -1e-30      0.00 7.288e-01 2.710e-01 1.423e-05 1.644e-05 5.693e-05 -1.000 1.305e-04 -0.412 1.700 0.896 0.414 0.117 -0.039 -0.088 -0.090 -0.175 -0.370 -0.422 -0.487 -0.539 -0.635 -0.656 -0.791 -0.796 -0.874
0.00012351 -2.10000 9.20000 1.5081501007 2.5395516917    1.504  2.078  3.8360  2.833    4  0.000  0.333     0.00     0.00     0.00     0.00     0.00 -1    -1e-30      0.00 7.288e-01 2.710e-01 1.423e-05 1.644e-05 5.693e-05 -1.000 1.305e-04 -0.424 1.645 0.853 0.387 0.100 -0.050 -0.114 -0.117 -0.199 -0.387 -0.437 -0.500 -0.551 -0.643 -0.664 -0.794 -0.799 -0.876
0.00012351 -2.10000 9.20000 1.5089824200 2.5396193656    1.504  2.082  3.8394  2.843    4  0.000  0.333     0.00     0.00     0.00     0.00     0.00 -1    -1e-30      0.00 7.288e-01 2.710e-01 1.422e-05 1.645e-05 5.693e-05 -1.000 1.305e-04 -0.436 1.590 0.810 0.359 0.083 -0.060 -0.139 -0.143 -0.222 -0.404 -0.453 -0.512 -0.562 -0.651 -0.671 -0.798 -0.802 -0.877
0.00012351 -2.10000 9.20000 1.5098594427 2.5396905815    1.505  2.088  3.8430  2.852    4  0.000  0.333     0.00     0.00     0.00     0.00     0.00 -1    -1e-30      0.00 7.288e-01 2.711e-01 1.422e-05 1.646e-05 5.692e-05 -1.000 1.305e-04 -0.449 1.533 0.767 0.332 0.065 -0.072 -0.165 -0.171 -0.247 -0.421 -0.468 -0.525 -0.573 -0.659 -0.678 -0.801 -0.805 -0.878
0.00012351 -2.10000 9.20000 1.5106769800 2.5397568814    1.506  2.092  3.8462  2.861    4  0.000  0.332     0.00     0.00     0.00     0.00     0.00 -1    -1e-30      0.00 7.288e-01 2.711e-01 1.421e-05 1.647e-05 5.692e-05 -1.000 1.304e-04 -0.460 1.482 0.728 0.308 0.050 -0.082 -0.189 -0.195 -0.269 -0.437 -0.482 -0.537 -0.584 -0.667 -0.685 -0.804 -0.808 -0.880
0.00012351 -2.10000 9.20000 1.5114709139 2.5398211882    1.507  2.097  3.8492  2.868    4  0.000  0.332     0.00     0.00     0.00     0.00     0.00 -1    -1e-30      0.00 7.288e-01 2.711e-01 1.421e-05 1.648e-05 5.692e-05 -1.000 1.304e-04 -0.471 1.435 0.692 0.285 0.035 -0.092 -0.211 -0.219 -0.290 -0.452 -0.496 -0.549 -0.594 -0.674 -0.692 -0.807 -0.811 -0.882
0.00012351 -2.10000 9.20000 1.5117784739 2.5398460790    1.507  2.098  3.8503  2.871    4  0.000  0.332     0.00     0.00     0.00     0.00     0.00 -1    -1e-30      0.00 7.288e-01 2.711e-01 1.420e-05 1.648e-05 5.692e-05 -1.000 1.305e-04 -0.476 1.417 0.679 0.276 0.029 -0.096 -0.220 -0.228 -0.297 -0.457 -0.501 -0.553 -0.598 -0.677 -0.694 -0.808 -0.813 -0.883
0.00012351 -2.10000 9.20000 1.5118867159 2.5398548362    1.507  2.099  3.8507  2.872    4  0.000  0.332     0.00     0.00     0.00     0.00     0.00 -1    -1e-30      0.00 7.288e-01 2.711e-01 1.420e-05 1.648e-05 5.692e-05 -1.000 1.305e-04 -0.477 1.411 0.674 0.273 0.027 -0.097 -0.222 -0.231 -0.300 -0.459 -0.503 -0.555 -0.599 -0.678 -0.695 -0.808 -0.813 -0.883
0.00012351 -2.10000 9.20000 1.5128279924 2.5399309287    1.508  2.104  3.8538  2.880    4  0.000  0.332     0.00     0.00     0.00     0.00     0.00 -1    -1e-30      0.00 7.288e-01 2.711e-01 1.420e-05 1.649e-05 5.692e-05 -1.000 1.304e-04 -0.490 1.360 0.636 0.249 0.011 -0.108 -0.247 -0.256 -0.323 -0.476 -0.518 -0.568 -0.610 -0.686 -0.703 -0.813 -0.817 -0.886
0.00012351 -2.10000 9.20000 1.5137003660 2.5400013540    1.509  2.109  3.8565  2.886    4  0.000  0.332     0.00     0.00     0.00     0.00     0.00 -1    -1e-30      0.00 7.288e-01 2.711e-01 1.419e-05 1.650e-05 5.692e-05 -1.000 1.305e-04 -0.502 1.316 0.603 0.227 -0.004 -0.119 -0.269 -0.279 -0.343 -0.491 -0.532 -0.580 -0.621 -0.694 -0.710 -0.817 -0.822 -0.889
0.00012351 -2.10000 9.20000 1.5146026611 2.5400740966    1.510  2.114  3.8590  2.891    4  0.000  0.332     0.00     0.00     0.00     0.00     0.00 -1    -1e-30      0.00 7.288e-01 2.711e-01 1.418e-05 1.651e-05 5.692e-05 -1.000 1.305e-04 -0.514 1.274 0.572 0.206 -0.018 -0.129 -0.290 -0.301 -0.364 -0.506 -0.546 -0.592 -0.632 -0.703 -0.718 -0.822 -0.827 -0.893
0.00012351 -2.10000 9.20000 1.5154842138 2.5401450708    1.511  2.119  3.8611  2.895    4  0.000  0.332     0.00     0.00     0.00     0.00     0.00 -1    -1e-30      0.00 7.288e-01 2.711e-01 1.418e-05 1.652e-05 5.692e-05 -1.000 1.305e-04 -0.526 1.237 0.545 0.187 -0.032 -0.140 -0.309 -0.322 -0.382 -0.520 -0.559 -0.603 -0.642 -0.711 -0.726 -0.828 -0.832 -0.898
0.00012351 -2.10000 9.20000 1.5163460970 2.5402143696    1.512  2.123  3.8628  2.898    4  0.000  0.332     0.00     0.00     0.00     0.00     0.00 -1    -1e-30      0.00 7.288e-01 2.711e-01 1.417e-05 1.652e-05 5.691e-05 -1.000 1.306e-04 -0.538 1.204 0.521 0.171 -0.045 -0.151 -0.327 -0.340 -0.399 -0.533 -0.571 -0.614 -0.652 -0.720 -0.735 -0.834 -0.838 -0.904
0.00012351 -2.10000 9.20000 1.5172481537 2.5402868016    1.513  2.128  3.8642  2.899    4  0.000  0.332     0.00     0.00     0.00     0.00     0.00 -1    -1e-30      0.00 7.288e-01 2.711e-01 1.417e-05 1.653e-05 5.691e-05 -1.000 1.305e-04 -0.550 1.175 0.500 0.155 -0.058 -0.162 -0.344 -0.358 -0.415 -0.547 -0.583 -0.626 -0.663 -0.729 -0.744 -0.842 -0.846 -0.911
0.00012351 -2.10000 9.20000 1.5181685686 2.5403606057    1.514  2.133  3.8651  2.898    4  0.000  0.331     0.00     0.00     0.00     0.00     0.00 -1    -1e-30      0.00 7.287e-01 2.711e-01 1.416e-05 1.654e-05 5.691e-05 -1.000 1.304e-04 -0.562 1.152 0.482 0.141 -0.071 -0.173 -0.361 -0.374 -0.431 -0.560 -0.596 -0.638 -0.675 -0.740 -0.754 -0.851 -0.856 -0.920
0.00012351 -2.10000 9.20000 1.5188025236 2.5404113799    1.515  2.136  3.8653  2.895    4  0.000  0.331     0.00     0.00     0.00     0.00     0.00 -1    -1e-30      0.00 7.287e-01 2.711e-01 1.416e-05 1.655e-05 5.691e-05 -1.000 1.304e-04 -0.571 1.142 0.474 0.132 -0.079 -0.181 -0.370 -0.384 -0.440 -0.569 -0.605 -0.647 -0.683 -0.748 -0.763 -0.859 -0.864 -0.928
0.00012351 -2.10000 9.20000 1.5196967125 2.5404829138    1.516  2.141  3.8650  2.889    4  0.000  0.331     0.00     0.00     0.00     0.00     0.00 -1    -1e-30      0.00 7.287e-01 2.711e-01 1.415e-05 1.656e-05 5.691e-05 -1.000 1.304e-04 -0.583 1.134 0.465 0.123 -0.089 -0.192 -0.382 -0.396 -0.452 -0.581 -0.618 -0.659 -0.696 -0.761 -0.776 -0.872 -0.877 -0.942
0.00012351 -2.10000 9.20000 1.5205826759 2.5405536943    1.517  2.146  3.8639  2.880    4  0.000  0.331     0.00     0.00     0.00     0.00     0.00 -1    -1e-30      0.00 7.287e-01 2.711e-01 1.414e-05 1.656e-05 5.691e-05 -1.000 1.305e-04 -0.596 1.137 0.463 0.116 -0.099 -0.204 -0.392 -0.405 -0.462 -0.593 -0.630 -0.673 -0.710 -0.776 -0.791 -0.888 -0.893 -0.959
0.00012351 -2.10000 9.20000 1.5214784145 2.5406251594    1.517  2.152  3.8621  2.868    4  0.000  0.331     0.00     0.00     0.00     0.00     0.00 -1    -1e-30      0.00 7.287e-01 2.711e-01 1.414e-05 1.657e-05 5.691e-05 -1.000 1.305e-04 -0.609 1.149 0.466 0.111 -0.108 -0.216 -0.399 -0.412 -0.471 -0.606 -0.643 -0.687 -0.725 -0.793 -0.808 -0.907 -0.912 -0.978
0.00012351 -2.10000 9.20000 1.5223644972 2.5406957589    1.518  2.157  3.8592  2.851    4  0.000  0.331     0.00     0.00     0.00     0.00     0.00 -1    -1e-30      0.00 7.287e-01 2.712e-01 1.413e-05 1.658e-05 5.690e-05 -1.000 1.305e-04 -0.622 1.176 0.478 0.111 -0.116 -0.228 -0.403 -0.415 -0.476 -0.617 -0.656 -0.701 -0.741 -0.811 -0.827 -0.930 -0.935 -1.002
0.00012351 -2.10000 9.20000 1.5232694149 2.5407677617    1.519  2.163  3.8551  2.830    4  0.000  0.331     0.00     0.00     0.00     0.00     0.00 -1    -1e-30      0.00 7.287e-01 2.712e-01 1.413e-05 1.659e-05 5.690e-05 -1.000 1.305e-04 -0.637 1.213 0.499 0.116 -0.123 -0.241 -0.404 -0.414 -0.479 -0.627 -0.668 -0.716 -0.758 -0.832 -0.848 -0.955 -0.960 -1.030
0.00012351 -2.10000 9.20000 1.5241850615 2.5408405181    1.520  2.169  3.8504  2.805    4  0.000  0.331     0.00     0.00     0.00     0.00     0.00 -1    -1e-30      0.00 7.287e-01 2.712e-01 1.412e-05 1.660e-05 5.690e-05 -1.000 1.305e-04 -0.651 1.260 0.527 0.123 -0.129 -0.255 -0.402 -0.411 -0.480 -0.637 -0.680 -0.732 -0.775 -0.854 -0.871 -0.984 -0.989 -1.060
0.00012351 -2.10000 9.20000 1.5251011848 2.5409132118    1.521  2.175  3.8446  2.776    4  0.000  0.330     0.00     0.00     0.00     0.00     0.00 -1    -1e-30      0.00 7.287e-01 2.712e-01 1.411e-05 1.661e-05 5.690e-05 -1.000 1.304e-04 -0.666 1.319 0.566 0.135 -0.134 -0.270 -0.397 -0.404 -0.478 -0.646 -0.692 -0.747 -0.793 -0.877 -0.895 -1.015 -1.020 -1.094
0.00012351 -2.10000 9.20000 1.5260096788 2.5409852010    1.522  2.181  3.8352  2.732    4  0.000  0.330     0.00     0.00     0.00     0.00     0.00 -1    -1e-30      0.00 7.287e-01 2.712e-01 1.411e-05 1.662e-05 5.690e-05 -1.000 1.305e-04 -0.684 1.426 0.639 0.164 -0.133 -0.286 -0.380 -0.384 -0.465 -0.652 -0.702 -0.764 -0.815 -0.907 -0.927 -1.057 -1.063 -1.141
0.00012351 -2.10000 9.20000 1.5266132355 2.5410329725    1.523  2.187  3.8256  2.689    4  0.000  0.330     0.00     0.00     0.00     0.00     0.00 -1    -1e-30      0.00 7.287e-01 2.712e-01 1.410e-05 1.662e-05 5.690e-05 -1.000 1.305e-04 -0.696 1.541 0.725 0.203 -0.126 -0.296 -0.355 -0.357 -0.446 -0.652 -0.706 -0.775 -0.830 -0.931 -0.953 -1.094 -1.099 -1.183
0.00012351 -2.10000 9.20000 1.5270705223 2.5410691378    1.523  2.191  3.8158  2.645    4  0.000  0.330     0.00     0.00     0.00     0.00     0.00 -1    -1e-30      0.00 7.287e-01 2.712e-01 1.410e-05 1.663e-05 5.690e-05 -1.000 1.305e-04 -0.707 1.665 0.826 0.252 -0.112 -0.301 -0.326 -0.325 -0.423 -0.648 -0.707 -0.782 -0.842 -0.951 -0.976 -1.128 -1.134 -1.223
0.00012351 -2.10000 9.20000 1.5274151564 2.5410963773    1.524  2.195  3.8032  2.591    4  0.000  0.330     0.00     0.00     0.00     0.00     0.00 -1    -1e-30      0.00 7.287e-01 2.712e-01 1.410e-05 1.663e-05 5.690e-05 -1.000 1.305e-04 -0.717 1.818 0.961 0.316 -0.093 -0.307 -0.277 -0.272 -0.383 -0.636 -0.701 -0.785 -0.851 -0.972 -0.999 -1.166 -1.172 -1.269
0.00012351 -2.10000 9.20000 1.5275361538 2.5411059374    1.524  2.197  3.7955  2.558    4  0.000  0.330     0.00     0.00     0.00     0.00     0.00 -1    -1e-30      0.00 7.287e-01 2.712e-01 1.410e-05 1.663e-05 5.690e-05 -1.000 1.304e-04 -0.722 1.912 1.052 0.361 -0.077 -0.307 -0.244 -0.237 -0.355 -0.626 -0.695 -0.785 -0.854 -0.982 -1.011 -1.186 -1.193 -1.295
0.00012351 -2.10000 9.20000 1.5276418924 2.5411142906    1.524  2.199  3.7872  2.523    4  0.000  0.330     0.00     0.00     0.00     0.00     0.00 -1    -1e-30      0.00 7.287e-01 2.712e-01 1.410e-05 1.663e-05 5.690e-05 -1.000 1.304e-04 -0.727 2.014 1.154 0.414 -0.057 -0.305 -0.206 -0.198 -0.325 -0.615 -0.688 -0.784 -0.857 -0.992 -1.023 -1.207 -1.214 -1.323
0.00012351 -2.10000 9.20000 1.5277341604 2.5411215784    1.524  2.201  3.7795  2.490    4  0.000  0.330     0.00     0.00     0.00     0.00     0.00 -1    -1e-30      0.00 7.287e-01 2.712e-01 1.410e-05 1.663e-05 5.690e-05 -1.000 1.305e-04 -0.732 2.111 1.255 0.467 -0.035 -0.299 -0.171 -0.162 -0.296 -0.604 -0.680 -0.782 -0.858 -1.001 -1.033 -1.226 -1.234 -1.348
0.00012351 -2.10000 9.20000 1.5278143883 2.5411279145    1.524  2.203  3.7726  2.461    4  0.000  0.330     0.00     0.00     0.00     0.00     0.00 -1    -1e-30      0.00 7.287e-01 2.712e-01 1.410e-05 1.663e-05 5.689e-05 -1.000 1.305e-04 -0.736 2.209 1.367 0.530 -0.004 -0.283 -0.137 -0.129 -0.270 -0.594 -0.674 -0.780 -0.859 -1.007 -1.041 -1.242 -1.250 -1.370
0.00012351 -2.10000 9.20000 1.5278965235 2.5411344004    1.524  2.204  3.7656  2.431    4  0.000  0.330     0.00     0.00     0.00     0.00     0.00 -1    -1e-30      0.00 7.287e-01 2.712e-01 1.410e-05 1.663e-05 5.689e-05 -1.000 1.305e-04 -0.741 2.308 1.490 0.600 0.029 -0.266 -0.100 -0.094 -0.242 -0.584 -0.666 -0.778 -0.859 -1.014 -1.049 -1.258 -1.266 -1.392
0.00012351 -2.10000 9.20000 1.5279855728 2.5411414313    1.524  2.206  3.7587  2.402    4  0.000  0.330     0.00     0.00     0.00     0.00     0.00 -1    -1e-30      0.00 7.287e-01 2.712e-01 1.410e-05 1.663e-05 5.689e-05 -1.000 1.304e-04 -0.745 2.404 1.619 0.674 0.064 -0.249 -0.064 -0.059 -0.215 -0.573 -0.659 -0.775 -0.860 -1.020 -1.057 -1.273 -1.282 -1.414
0.00012351 -2.10000 9.20000 1.5280966759 2.5411502023    1.524  2.207  3.7507  2.369    4  0.000  0.330     0.00     0.00     0.00     0.00     0.00 -1    -1e-30      0.00 7.287e-01 2.712e-01 1.409e-05 1.664e-05 5.689e-05 -1.000 1.305e-04 -0.748 2.513 1.786 0.772 0.113 -0.220 -0.018 -0.015 -0.180 -0.558 -0.648 -0.769 -0.857 -1.024 -1.063 -1.288 -1.298 -1.437
0.00012351 -2.10000 9.20000 1.5282050371 2.5411587553    1.524  2.206  3.7418  2.335    4  0.000  0.330     0.00     0.00     0.00     0.00     0.00 -1    -1e-30      0.00 7.287e-01 2.712e-01 1.409e-05 1.664e-05 5.689e-05 -1.000 1.305e-04 -0.745 2.635 1.997 0.900 0.182 -0.176 0.043 0.041 -0.134 -0.535 -0.628 -0.756 -0.848 -1.022 -1.062 -1.298 -1.308 -1.454
0.00012351 -2.10000 9.20000 1.5282834768 2.5411649458    1.525  2.202  3.7340  2.307    4  0.000  0.330     0.00     0.00     0.00     0.00     0.00 -1    -1e-30      0.00 7.287e-01 2.712e-01 1.409e-05 1.664e-05 5.689e-05 -1.000 1.305e-04 -0.734 2.753 2.244 1.058 0.274 -0.109 0.110 0.101 -0.084 -0.507 -0.604 -0.737 -0.832 -1.012 -1.055 -1.299 -1.310 -1.464
0.00012351 -2.10000 9.20000 1.5283098221 2.5411670248    1.525  2.201  3.7304  2.293    4  0.000  0.330     0.00     0.00     0.00     0.00     0.00 -1    -1e-30      0.00 7.287e-01 2.712e-01 1.409e-05 1.664e-05 5.689e-05 -1.000 1.305e-04 -0.733 2.803 2.360 1.131 0.315 -0.080 0.137 0.125 -0.065 -0.497 -0.596 -0.732 -0.828 -1.012 -1.055 -1.303 -1.315 -1.472
0.00012351 -2.10000 9.20000 1.5283100605 2.5411670436    1.525  2.201  3.7303  2.293    7  0.000  0.330     0.00     0.00     0.00     0.00     0.00 -1    -1e-30      0.00 7.287e-01 2.712e-01 1.409e-05 1.664e-05 5.689e-05 -1.000 1.305e-04 -0.733 2.803 2.361 1.132 0.315 -0.080 0.137 0.125 -0.065 -0.497 -0.596 -0.732 -0.828 -1.012 -1.055 -1.304 -1.315 -1.472
0.00012351 -2.10000 9.20000 1.5283291340 2.5411685487    1.525  2.227  3.7263  2.252    7  0.000  0.330     0.00     0.00     0.00     0.00     0.00 -1    -1e-30      0.00 7.287e-01 2.712e-01 1.409e-05 1.664e-05 5.689e-05 -1.000 1.305e-04 -0.797 2.791 2.448 1.165 0.307 -0.102 0.107 0.088 -0.107 -0.551 -0.652 -0.791 -0.888 -1.075 -1.120 -1.372 -1.384 -1.545
0.00012351 -2.10000 9.20000 1.5283468962 2.5411699503    1.525  2.267  3.7225  2.196    7  0.000  0.330     0.00     0.00     0.00     0.00     0.00 -1    -1e-30      0.00 7.287e-01 2.712e-01 1.409e-05 1.664e-05 5.689e-05 -1.000 1.305e-04 -0.897 2.739 2.494 1.160 0.261 -0.162 0.036 0.013 -0.188 -0.643 -0.745 -0.887 -0.986 -1.176 -1.221 -1.478 -1.490 -1.655
0.00012351 -2.10000 9.20000 1.5283676386 2.5411715870    1.525  2.306  3.7197  2.146    7  0.000  0.330     0.00     0.00     0.00     0.00     0.00 -1    -1e-30      0.00 7.287e-01 2.712e-01 1.409e-05 1.664e-05 5.689e-05 -1.000 1.305e-04 -0.995 2.675 2.508 1.134 0.205 -0.229 -0.039 -0.067 -0.272 -0.735 -0.838 -0.982 -1.082 -1.274 -1.320 -1.580 -1.592 -1.759
0.00012351 -2.10000 9.20000 1.5286744833 2.5411957931    1.525  2.309  3.7197  2.143    7  0.000  0.330     0.00     0.00     0.00     0.00     0.00 -1    -1e-30      0.00 7.287e-01 2.712e-01 1.409e-05 1.664e-05 5.689e-05 -1.000 1.305e-04 -1.002 2.669 2.503 1.128 0.199 -0.235 -0.046 -0.074 -0.278 -0.741 -0.845 -0.988 -1.088 -1.281 -1.327 -1.586 -1.599 -1.766
0.00012351 -2.10000 9.20000 1.5290013552 2.5412215667    1.525  2.342  3.7169  2.099    7  0.000  0.330     0.00     0.00     0.00     0.00     0.00 -1    -1e-30      0.00 7.287e-01 2.712e-01 1.409e-05 1.664e-05 5.689e-05 -1.000 1.305e-04 -1.086 2.616 2.540 1.123 0.160 -0.283 -0.104 -0.137 -0.346 -0.818 -0.923 -1.068 -1.170 -1.364 -1.411 -1.674 -1.687 -1.856
0.00012351 -2.10000 9.20000 1.5292307138 2.5412396439    1.526  2.389  3.7140  2.040    7  0.000  0.330     0.00     0.00     0.00     0.00     0.00 -1    -1e-30      0.00 7.287e-01 2.712e-01 1.409e-05 1.665e-05 5.689e-05 -1.000 1.305e-04 -1.202 2.533 2.554 1.092 0.094 -0.361 -0.194 -0.232 -0.446 -0.926 -1.033 -1.180 -1.283 -1.480 -1.528 -1.794 -1.807 -1.979
0.00012351 -2.10000 9.20000 1.5294324160 2.5412555362    1.526  2.430  3.7115  1.989    7  0.000  0.330     0.00     0.00     0.00     0.00     0.00 -1    -1e-30      0.00 7.287e-01 2.712e-01 1.409e-05 1.665e-05 5.689e-05 -1.000 1.305e-04 -1.306 2.456 2.562 1.061 0.032 -0.432 -0.276 -0.318 -0.535 -1.024 -1.131 -1.281 -1.385 -1.584 -1.632 -1.901 -1.914 -2.089
0.00012351 -2.10000 9.20000 1.5296150446 2.5412699215    1.526  2.471  3.7093  1.940    7  0.000  0.330     0.00     0.00     0.00     0.00     0.00 -1    -1e-30      0.00 7.287e-01 2.712e-01 1.408e-05 1.665e-05 5.689e-05 -1.000 1.304e-04 -1.408 2.380 2.578 1.038 -0.024 -0.498 -0.355 -0.403 -0.624 -1.120 -1.229 -1.380 -1.485 -1.686 -1.735 -2.006 -2.020 -2.197
0.00012351 -2.10000 9.20000 1.5297832489 2.5412831672    1.526  2.512  3.7071  1.890    7  0.000  0.330     3.89     3.11     2.30     1.72     1.40  4    -1e-30      0.00 7.287e-01 2.712e-01 1.408e-05 1.665e-05 5.689e-05 -1.000 1.305e-04 -1.510 2.300 2.598 1.017 -0.079 -0.562 -0.434 -0.487 -0.713 -1.216 -1.326 -1.479 -1.585 -1.788 -1.837 -2.111 -2.125 -2.304
0.00012351 -2.10000 9.20000 1.5299360752 2.5412951989    1.526  2.553  3.7050  1.840    7  0.000  0.329     4.30     3.41     2.51     1.88     1.53  4    -1e-30      0.00 7.286e-01 2.712e-01 1.407e-05 1.665e-05 5.689e-05 -1.000 1.305e-04 -1.613 2.219 2.615 0.995 -0.135 -0.628 -0.514 -0.572 -0.801 -1.313 -1.424 -1.579 -1.685 -1.890 -1.940 -2.216 -2.230 -2.412
0.00012351 -2.10000 9.20000 1.5300738811 2.5413060458    1.526  2.595  3.7029  1.790    7  0.000  0.329     4.76     3.73     2.73     2.05     1.67  4    -1e-30      0.00 7.286e-01 2.712e-01 1.404e-05 1.667e-05 5.689e-05 -1.000 1.306e-04 -1.717 2.136 2.632 0.972 -0.192 -0.694 -0.595 -0.658 -0.892 -1.411 -1.523 -1.680 -1.787 -1.994 -2.044 -2.323 -2.338 -2.521
0.00012351 -2.10000 9.20000 1.5301918983 2.5413153333    1.527  2.635  3.7008  1.741    7  0.000  0.326     5.25     4.07     2.97     2.24     1.82  4    -1e-30      0.00 7.286e-01 2.712e-01 1.394e-05 1.676e-05 5.689e-05 -1.000 1.307e-04 -1.819 2.055 2.647 0.950 -0.248 -0.760 -0.674 -0.742 -0.980 -1.506 -1.619 -1.778 -1.886 -2.095 -2.146 -2.427 -2.442 -2.628
0.00012351 -2.10000 9.20000 1.5302952528 2.5413234655    1.527  2.675  3.6988  1.694    7  0.000  0.321     5.79     4.44     3.23     2.43     1.97  4    -1e-30      0.00 7.286e-01 2.712e-01 1.374e-05 1.699e-05 5.689e-05 -1.000 1.306e-04 -1.918 1.974 2.666 0.930 -0.302 -0.822 -0.750 -0.823 -1.065 -1.599 -1.713 -1.874 -1.983 -2.194 -2.245 -2.529 -2.544 -2.732
0.00012351 -2.10000 9.20000 1.5303909779 2.5413309963    1.527  2.716  3.6967  1.645    7  0.000  0.315     6.39     4.85     3.52     2.65     2.15  4    -1e-30      0.00 7.286e-01 2.712e-01 1.351e-05 1.727e-05 5.688e-05 -1.000 1.383e-04 -2.020 1.889 2.686 0.912 -0.355 -0.884 -0.827 -0.906 -1.152 -1.694 -1.809 -1.971 -2.082 -2.294 -2.346 -2.633 -2.648 -2.838
0.00012351 -2.10000 9.20000 1.5304801464 2.5413380103    1.527  2.758  3.6947  1.595    7  0.000  0.310     7.07     5.31     3.83     2.89     2.35  4    -1e-30      0.00 7.286e-01 2.713e-01 1.330e-05 1.753e-05 5.688e-05 -1.000 1.356e-04 -2.124 1.803 2.706 0.894 -0.409 -0.947 -0.905 -0.990 -1.241 -1.791 -1.907 -2.071 -2.182 -2.397 -2.450 -2.738 -2.754 -2.946
0.00012351 -2.10000 9.20000 1.5305629969 2.5413445265    1.527  2.799  3.6926  1.545    7  0.000  0.306     7.82     5.81     4.17     3.15     2.56  4    -1e-30      0.00 7.286e-01 2.713e-01 1.311e-05 1.776e-05 5.687e-05 -1.000 1.313e-04 -2.227 1.717 2.728 0.877 -0.463 -1.010 -0.982 -1.073 -1.328 -1.887 -2.004 -2.170 -2.282 -2.499 -2.552 -2.843 -2.859 -3.053
0.00012351 -2.10000 9.20000 1.5306398869 2.5413505732    1.527  2.840  3.6905  1.496    7  0.000  0.302     8.64     6.35     4.55     3.44     2.80  4    -1e-30      0.00 7.285e-01 2.713e-01 1.297e-05 1.795e-05 5.686e-05 -1.000 1.305e-04 -2.329 1.632 2.751 0.861 -0.515 -1.071 -1.058 -1.155 -1.415 -1.982 -2.100 -2.268 -2.381 -2.600 -2.653 -2.947 -2.963 -3.160
0.00012351 -2.10000 9.20000 1.5307116508 2.5413562161    1.527  2.881  3.6884  1.447    7  0.000  0.300     9.55     6.94     4.95     3.75     3.05  4    -1e-30      0.00 7.285e-01 2.713e-01 1.284e-05 1.811e-05 5.683e-05 -1.000 1.305e-04 -2.431 1.546 2.786 0.858 -0.560 -1.126 -1.131 -1.234 -1.499 -2.075 -2.195 -2.365 -2.479 -2.700 -2.754 -3.051 -3.067 -3.266
0.00012351 -2.10000 9.20000 1.5307787657 2.5413614929    1.527  2.921  3.6863  1.398    7  0.000  0.297    10.54     7.58     5.39     4.08     3.32  4    -1e-30      0.00 7.284e-01 2.714e-01 1.273e-05 1.827e-05 5.678e-05 -1.000 1.305e-04 -2.533 1.459 2.823 0.858 -0.604 -1.180 -1.202 -1.312 -1.583 -2.168 -2.289 -2.461 -2.576 -2.799 -2.854 -3.154 -3.170 -3.372
0.00012351 -2.10000 9.20000 1.5308424234 2.5413664975    1.527  2.962  3.6841  1.349    7  0.000  0.296    11.65     8.29     5.86     4.45     3.62  4    -1e-30      0.00 7.284e-01 2.715e-01 1.264e-05 1.845e-05 5.669e-05 -1.000 1.315e-04 -2.635 1.374 2.836 0.880 -0.623 -1.209 -1.260 -1.382 -1.661 -2.261 -2.384 -2.558 -2.675 -2.901 -2.956 -3.259 -3.275 -3.479
0.00012351 -2.10000 9.20000 1.5309034586 2.5413712953    1.527  3.002  3.6820  1.300    7  0.000  0.295    12.87     9.06     6.38     4.85     3.95  4    -1e-30      0.00 7.283e-01 2.715e-01 1.256e-05 1.867e-05 5.655e-05 -1.000 1.424e-04 -2.736 1.290 2.846 0.916 -0.630 -1.227 -1.311 -1.447 -1.737 -2.353 -2.479 -2.656 -2.774 -3.003 -3.059 -3.364 -3.381 -3.587
0.00012351 -2.10000 9.20000 1.5309627056 2.5413759522    1.527  3.043  3.6798  1.251    7  0.000  0.294    14.21     9.90     6.94     5.29     4.30  4    -1e-30      0.00 7.283e-01 2.716e-01 1.249e-05 1.891e-05 5.636e-05 -1.000 1.338e-04 -2.837 1.207 2.863 0.961 -0.631 -1.239 -1.357 -1.508 -1.810 -2.444 -2.572 -2.752 -2.872 -3.104 -3.161 -3.469 -3.486 -3.694
0.00012351 -2.10000 9.20000 1.5310214758 2.5413805713    1.527  3.083  3.6776  1.202    7  0.000  0.294    15.69    10.81     7.56     5.76     4.69  3    -1e-30      0.00 7.282e-01 2.717e-01 1.243e-05 1.916e-05 5.616e-05 -1.000 1.305e-04 -2.937 1.125 2.888 1.018 -0.623 -1.241 -1.395 -1.564 -1.879 -2.533 -2.663 -2.847 -2.969 -3.203 -3.261 -3.573 -3.590 -3.801
0.00012351 -2.10000 9.20000 1.5310808420 2.5413852367    1.527  3.123  3.6754  1.153    7  0.000  0.294    17.33    11.81     8.22     6.27     5.11  3    -1e-30      0.00 7.281e-01 2.718e-01 1.238e-05 1.940e-05 5.596e-05 -1.000 1.305e-04 -3.037 1.042 2.920 1.083 -0.608 -1.236 -1.428 -1.615 -1.944 -2.620 -2.753 -2.941 -3.065 -3.303 -3.362 -3.677 -3.694 -3.908
0.00012351 -2.10000 9.20000 1.5311406851 2.5413899392    1.527  3.164  3.6731  1.103    7  0.000  0.294    19.17    12.93     8.96     6.85     5.58  3    -1e-30      0.00 7.280e-01 2.719e-01 1.234e-05 1.960e-05 5.579e-05 -1.000 1.305e-04 -3.140 0.959 2.962 1.159 -0.587 -1.223 -1.456 -1.663 -2.008 -2.707 -2.844 -3.036 -3.163 -3.404 -3.464 -3.783 -3.801 -4.017
0.00012351 -2.10000 9.20000 1.5311975479 2.5413944071    1.528  3.207  3.6707  1.050    7  0.000  0.294    21.33    14.21     9.81     7.51     6.12  3    -1e-30      0.00 7.279e-01 2.719e-01 1.231e-05 1.978e-05 5.563e-05 -1.000 1.305e-04 -3.247 0.873 3.014 1.249 -0.556 -1.202 -1.478 -1.708 -2.071 -2.798 -2.938 -3.134 -3.264 -3.510 -3.570 -3.894 -3.912 -4.132
0.00012351 -2.10000 9.20000 1.5312445164 2.5413980973    1.528  3.250  3.6682  0.997    7  0.000  0.294    23.77    15.66    10.76     8.25     6.72  3    -1e-30      0.00 7.279e-01 2.720e-01 1.228e-05 1.994e-05 5.550e-05 -1.000 1.305e-04 -3.355 0.785 3.074 1.352 -0.515 -1.169 -1.493 -1.747 -2.131 -2.887 -3.032 -3.233 -3.366 -3.617 -3.678 -4.006 -4.025 -4.248
0.00012351 -2.10000 9.20000 1.5312796831 2.5414008601    1.528  3.291  3.6658  0.947    7  0.000  0.294    26.31    17.14    11.74     9.01     7.34  3    -1e-30      0.00 7.278e-01 2.721e-01 1.225e-05 2.005e-05 5.540e-05 -1.000 1.305e-04 -3.457 0.703 3.135 1.464 -0.464 -1.125 -1.493 -1.772 -2.178 -2.967 -3.116 -3.323 -3.459 -3.716 -3.778 -4.111 -4.131 -4.357
0.00012351 -2.10000 9.20000 1.5313103199 2.5414032669    1.528  3.329  3.6635  0.899    7  0.000  0.294    28.95    18.67    12.73     9.78     7.98  3    -1e-30      0.00 7.277e-01 2.721e-01 1.223e-05 2.014e-05 5.532e-05 -1.000 1.305e-04 -3.552 0.627 3.200 1.579 -0.406 -1.074 -1.483 -1.788 -2.217 -3.038 -3.192 -3.406 -3.545 -3.808 -3.871 -4.210 -4.229 -4.459
0.00012351 -2.10000 9.20000 1.5313360691 2.5414052896    1.528  3.382  3.6602  0.833    7  0.000  0.294    33.14    21.06    14.28    11.00     8.97  2    -1e-30      0.00 7.276e-01 2.722e-01 1.222e-05 2.025e-05 5.524e-05 -1.000 1.305e-04 -3.686 0.521 3.304 1.758 -0.311 -0.987 -1.453 -1.796 -2.262 -3.136 -3.297 -3.520 -3.665 -3.936 -4.001 -4.349 -4.369 -4.604
0.00012351 -2.10000 9.20000 1.5313400030 2.5414055986    1.528  3.412  3.6584  0.796    7  0.000  0.294    35.73    22.52    15.23    11.73     9.57  2    -1e-30      0.00 7.276e-01 2.723e-01 1.221e-05 2.028e-05 5.521e-05 -1.000 1.305e-04 -3.760 0.463 3.359 1.862 -0.253 -0.934 -1.430 -1.796 -2.283 -3.187 -3.353 -3.582 -3.730 -4.006 -4.072 -4.425 -4.445 -4.684
0.00012351 -2.10000 9.20000 1.5313433409 2.5414058608    1.528  3.435  3.6570  0.767    7  0.000  0.294    37.85    23.71    16.00    12.33    10.06  2    -1e-30      0.00 7.275e-01 2.723e-01 1.220e-05 2.033e-05 5.517e-05 -1.000 1.305e-04 -3.817 0.416 3.403 1.915 -0.233 -0.919 -1.431 -1.808 -2.306 -3.228 -3.396 -3.630 -3.779 -4.059 -4.126 -4.482 -4.502 -4.743
0.00012351 -2.10000 9.20000 1.5313469172 2.5414061418    1.528  3.456  3.6556  0.740    7  0.568  0.294    39.98    24.89    16.76    12.93    10.55  2    -1e-30      0.00 7.275e-01 2.724e-01 1.219e-05 2.039e-05 5.511e-05 -1.000 1.306e-04 -3.871 0.371 3.444 1.956 -0.224 -0.914 -1.437 -1.824 -2.332 -3.268 -3.438 -3.675 -3.825 -4.108 -4.176 -4.535 -4.556 -4.799
0.00012351 -2.10000 9.20000 1.5313473940 2.5414061792    1.528  3.458  3.6555  0.738    7  0.568  0.294    40.17    25.00    16.83    12.98    10.59  2    -1e-30      0.00 7.275e-01 2.724e-01 1.219e-05 2.040e-05 5.510e-05 -1.000 1.305e-04 -3.876 0.367 3.447 1.959 -0.224 -0.914 -1.438 -1.825 -2.334 -3.271 -3.442 -3.678 -3.829 -4.112 -4.180 -4.539 -4.560 -4.804
0.00012351 -2.10000 9.20000 1.5313477516 2.5414062073    1.528  3.458  3.6543  0.733    8  0.568  0.309    40.57    25.22    16.97    13.10    10.69  2 -4.19e-07      0.00 7.275e-01 2.724e-01 1.296e-05 2.041e-05 5.563e-05 -1.000 1.243e-04 -3.876 0.373 3.513 2.022 -0.183 -0.876 -1.406 -1.799 -2.314 -3.261 -3.432 -3.671 -3.823 -4.108 -4.176 -4.538 -4.559 -4.804
0.00012351 -2.10000 9.20000 1.5313481092 2.5414062354    1.527  3.381  3.6592  0.829    8  0.568  0.311    33.39    21.20    14.37    11.06     9.02  2 -3.09e-07      0.00 7.275e-01 2.724e-01 1.296e-05 2.041e-05 5.563e-05 -1.000 1.243e-04 -3.684 0.531 3.364 1.845 -0.246 -0.925 -1.404 -1.758 -2.234 -3.122 -3.286 -3.512 -3.658 -3.931 -3.997 -4.347 -4.367 -4.604
0.00012351 -2.10000 9.20000 1.5313484669 2.5414062635    1.527  3.307  3.6638  0.922    8  0.568  0.311    27.63    17.91    12.23     9.39     7.66  3 -2.33e-07      0.00 7.275e-01 2.724e-01 1.296e-05 2.041e-05 5.563e-05 -1.000 1.243e-04 -3.496 0.679 3.220 1.591 -0.382 -1.049 -1.449 -1.748 -2.173 -2.988 -3.141 -3.353 -3.492 -3.752 -3.816 -4.153 -4.173 -4.402
0.00012351 -2.10000 9.20000 1.5313493013 2.5414063290    1.526  3.067  3.6787  1.221    8  0.568  0.311    15.07    10.43     7.30     5.56     4.53  3 -1.01e-07      0.00 7.275e-01 2.724e-01 1.296e-05 2.041e-05 5.563e-05 -1.000 1.243e-04 -2.897 1.156 2.870 0.984 -0.633 -1.247 -1.385 -1.545 -1.854 -2.498 -2.628 -2.809 -2.931 -3.164 -3.221 -3.531 -3.548 -3.758
0.00012351 -2.10000 9.20000 1.5313507318 2.5414064414    1.524  3.026  3.6812  1.272    8  0.568  0.311    13.60     9.52     6.69     5.09     4.14  4 -8.86e-08      0.00 7.275e-01 2.724e-01 1.296e-05 2.041e-05 5.563e-05 -1.000 1.243e-04 -2.794 1.239 2.839 0.919 -0.647 -1.249 -1.348 -1.490 -1.785 -2.408 -2.535 -2.713 -2.832 -3.061 -3.118 -3.424 -3.441 -3.648
0.00012351 -2.10000 9.20000 1.5313525200 2.5414065819    1.521  3.057  3.6791  1.232    8  0.568  0.311    14.73    10.22     7.16     5.46     4.44  3  -9.8e-08      0.00 7.275e-01 2.724e-01 1.296e-05 2.041e-05 5.563e-05 -1.000 1.243e-04 -2.872 1.178 2.870 0.977 -0.631 -1.242 -1.373 -1.529 -1.835 -2.476 -2.605 -2.786 -2.907 -3.139 -3.196 -3.505 -3.523 -3.732
0.00012351 -2.10000 9.20000 1.5313547850 2.5414067598    1.518  3.185  3.6710  1.071    8  0.568  0.311    20.43    13.68     9.46     7.24     5.90  3 -1.51e-07      0.00 7.275e-01 2.724e-01 1.297e-05 2.041e-05 5.563e-05 -1.000 1.243e-04 -3.192 0.923 3.034 1.265 -0.528 -1.172 -1.439 -1.664 -2.024 -2.746 -2.886 -3.081 -3.211 -3.456 -3.516 -3.839 -3.857 -4.076
0.00012351 -2.10000 9.20000 1.5313575268 2.5414069752    1.515  3.320  3.6625  0.900    8  0.569  0.311    28.82    18.60    12.68     9.75     7.95  3 -2.46e-07      0.00 7.275e-01 2.724e-01 1.297e-05 2.041e-05 5.563e-05 -1.000 1.244e-04 -3.530 0.657 3.276 1.677 -0.329 -0.999 -1.421 -1.735 -2.173 -3.007 -3.163 -3.379 -3.519 -3.784 -3.848 -4.188 -4.208 -4.439
0.00012351 -2.10000 9.20000 1.5313607454 2.5414072280    1.511  3.415  3.6564  0.780    8  0.569  0.311    36.76    23.10    15.60    12.03     9.81  2 -3.56e-07      0.00 7.275e-01 2.724e-01 1.297e-05 2.041e-05 5.563e-05 -1.000 1.244e-04 -3.767 0.468 3.470 1.980 -0.176 -0.863 -1.373 -1.752 -2.251 -3.175 -3.343 -3.577 -3.726 -4.006 -4.074 -4.430 -4.451 -4.692
0.00012351 -2.10000 9.20000 1.5313643217 2.5414075089    1.506  3.466  3.6530  0.713    8  0.569  0.311    42.04    26.04    17.49    13.51    11.02  2 -4.38e-07      0.00 7.275e-01 2.724e-01 1.297e-05 2.041e-05 5.563e-05 -1.000 1.244e-04 -3.896 0.362 3.578 2.088 -0.146 -0.844 -1.383 -1.783 -2.308 -3.267 -3.441 -3.683 -3.835 -4.123 -4.193 -4.557 -4.579 -4.826
0.00012351 -2.10000 9.20000 1.5313686132 2.5414078460    1.500  3.490  3.6513  0.682    8  0.569  0.311    44.79    27.55    18.46    14.27    11.65  2 -4.84e-07      0.00 7.275e-01 2.724e-01 1.296e-05 2.041e-05 5.563e-05 -1.000 1.244e-04 -3.954 0.314 3.635 2.146 -0.127 -0.829 -1.381 -1.793 -2.330 -3.308 -3.484 -3.730 -3.884 -4.176 -4.246 -4.615 -4.637 -4.887
0.00012351 -2.10000 9.20000 1.5313732624 2.5414082112    1.494  3.502  3.6503  0.664    8  0.570  0.311    46.37    28.42    19.01    14.71    12.00  2  -5.1e-07      0.00 7.275e-01 2.724e-01 1.296e-05 2.041e-05 5.563e-05 -1.000 1.244e-04 -3.984 0.290 3.672 2.184 -0.111 -0.817 -1.376 -1.795 -2.339 -3.327 -3.504 -3.753 -3.908 -4.202 -4.273 -4.644 -4.666 -4.918
0.00012351 -2.10000 9.20000 1.5313735008 2.5414082299    1.494  3.488  3.6511  0.680    8  0.570  0.312    44.86    27.59    18.48    14.29    11.66  2 -4.83e-07      0.00 7.275e-01 2.724e-01 1.302e-05 2.041e-05 5.563e-05 -1.000 1.245e-04 -3.951 0.318 3.649 2.159 -0.117 -0.820 -1.373 -1.786 -2.324 -3.303 -3.479 -3.725 -3.880 -4.172 -4.242 -4.611 -4.633 -4.884
0.00012351 -2.10000 9.20000 1.5313742161 2.5414082861    1.493  3.355  3.6594  0.847    8  0.570  0.316    31.97    20.41    13.86    10.67     8.70  2 -2.84e-07      0.00 7.275e-01 2.724e-01 1.317e-05 2.041e-05 5.566e-05 -1.000 1.247e-04 -3.617 0.596 3.402 1.875 -0.206 -0.884 -1.357 -1.706 -2.178 -3.060 -3.222 -3.447 -3.592 -3.865 -3.931 -4.279 -4.299 -4.536
0.00012351 -2.10000 9.20000 1.5313756466 2.5414083985    1.491  3.116  3.6741  1.143    8  0.570  0.322    17.50    11.93     8.30     6.34     5.16  3 -1.21e-07      0.00 7.274e-01 2.724e-01 1.345e-05 2.041e-05 5.569e-05 -1.000 1.251e-04 -3.021 1.068 3.000 1.183 -0.533 -1.164 -1.375 -1.571 -1.908 -2.596 -2.731 -2.920 -3.046 -3.286 -3.345 -3.662 -3.680 -3.895
0.00012351 -2.10000 9.20000 1.5313776731 2.5414085577    1.488  3.075  3.6766  1.194    8  0.570  0.331    15.79    10.89     7.61     5.80     4.73  3 -1.05e-07      0.00 7.274e-01 2.724e-01 1.385e-05 2.041e-05 5.575e-05 -1.000 1.254e-04 -2.918 1.151 2.956 1.103 -0.557 -1.179 -1.348 -1.524 -1.845 -2.508 -2.640 -2.825 -2.948 -3.184 -3.242 -3.555 -3.573 -3.785
0.00012351 -2.10000 9.20000 1.5313802958 2.5414087637    1.484  3.108  3.6744  1.152    8  0.570  0.343    17.18    11.75     8.17     6.24     5.08  3 -1.17e-07      0.00 7.274e-01 2.724e-01 1.437e-05 2.041e-05 5.582e-05 -1.000 1.260e-04 -2.999 1.088 3.002 1.182 -0.527 -1.157 -1.362 -1.556 -1.891 -2.575 -2.710 -2.899 -3.024 -3.264 -3.322 -3.639 -3.657 -3.872
0.00012351 -2.10000 9.20000 1.5313836336 2.5414090259    1.479  3.236  3.6663  0.989    8  0.570  0.358    23.86    15.73    10.81     8.29     6.76  3 -1.84e-07      0.00 7.274e-01 2.724e-01 1.501e-05 2.041e-05 5.591e-05 -1.000 1.267e-04 -3.319 0.836 3.211 1.528 -0.378 -1.037 -1.388 -1.659 -2.058 -2.835 -2.983 -3.188 -3.323 -3.578 -3.640 -3.972 -3.991 -4.216
0.00012351 -2.10000 9.20000 1.5313876867 2.5414093442    1.473  3.370  3.6576  0.819    8  0.571  0.375    33.71    21.40    14.49    11.17     9.11  2 -3.05e-07      0.00 7.274e-01 2.725e-01 1.577e-05 2.041e-05 5.602e-05 -1.000 1.276e-04 -3.655 0.571 3.480 1.990 -0.133 -0.816 -1.313 -1.681 -2.170 -3.077 -3.243 -3.474 -3.621 -3.898 -3.965 -4.318 -4.339 -4.578
0.00012351 -2.10000 9.20000 1.5313923359 2.5414097094    1.466  3.465  3.6514  0.697    8  0.571  0.395    43.12    26.64    17.86    13.82    11.27  2 -4.46e-07      0.00 7.274e-01 2.725e-01 1.662e-05 2.041e-05 5.615e-05 -1.000 1.286e-04 -3.892 0.375 3.677 2.185 -0.081 -0.783 -1.331 -1.741 -2.275 -3.248 -3.424 -3.669 -3.823 -4.114 -4.184 -4.552 -4.574 -4.824
0.00012351 -2.10000 9.20000 1.5313978195 2.5414101401    1.458  3.517  3.6478  0.628    8  0.571  0.416    49.54    30.14    20.10    15.58    12.71  2 -5.57e-07      0.00 7.274e-01 2.725e-01 1.757e-05 2.041e-05 5.629e-05 -1.000 1.297e-04 -4.023 0.267 3.779 2.301 -0.046 -0.758 -1.334 -1.767 -2.327 -3.339 -3.519 -3.773 -3.931 -4.230 -4.303 -4.679 -4.702 -4.958
0.00012351 -2.10000 9.20000 1.5314040184 2.5414106270    1.449  3.542  3.6459  0.593    8  0.572  0.439    53.13    32.08    21.32    16.55    13.50  2 -6.22e-07      0.00 7.274e-01 2.725e-01 1.860e-05 2.041e-05 5.644e-05 -1.000 1.308e-04 -4.085 0.218 3.834 2.369 -0.020 -0.738 -1.327 -1.772 -2.346 -3.378 -3.562 -3.821 -3.980 -4.284 -4.358 -4.739 -4.762 -5.021
0.00012351 -2.10000 9.20000 1.5314109325 2.5414111701    1.439  3.556  3.6446  0.571    8  0.572  0.464    55.45    33.31    22.11    17.17    14.01  2 -6.65e-07      0.00 7.274e-01 2.725e-01 1.968e-05 2.041e-05 5.661e-05 -1.000 1.321e-04 -4.120 0.191 3.875 2.420 0.002 -0.720 -1.316 -1.769 -2.352 -3.398 -3.583 -3.845 -4.006 -4.313 -4.387 -4.772 -4.795 -5.057
0.00012351 -2.10000 9.20000 1.5314112902 2.5414111982    1.438  3.548  3.6450  0.579    8  0.572  0.503    54.46    32.79    21.77    16.90    13.80  2 -6.44e-07      0.00 7.274e-01 2.725e-01 2.142e-05 2.041e-05 5.676e-05 -1.000 1.339e-04 -4.101 0.207 3.867 2.409 0.001 -0.720 -1.313 -1.764 -2.343 -3.385 -3.569 -3.830 -3.991 -4.297 -4.371 -4.754 -4.777 -5.038
0.00012351 -2.10000 9.20000 1.5314124823 2.5414112918    1.435  3.416  3.6532  0.744    8  0.572  0.559    38.95    24.35    16.38    12.67    10.33  2 -3.73e-07      0.00 7.273e-01 2.725e-01 2.388e-05 2.041e-05 5.698e-05 -1.000 1.366e-04 -3.770 0.484 3.663 2.169 -0.052 -0.749 -1.280 -1.676 -2.195 -3.147 -3.319 -3.559 -3.711 -3.998 -4.067 -4.430 -4.452 -4.698
0.00012351 -2.10000 9.20000 1.5314147472 2.5414114697    1.429  3.180  3.6679  1.036    8  0.573  0.657    21.44    14.33     9.87     7.58     6.17  3 -1.54e-07      0.00 7.273e-01 2.726e-01 2.826e-05 2.041e-05 5.737e-05 -1.000 1.414e-04 -3.180 0.960 3.227 1.514 -0.347 -1.001 -1.318 -1.571 -1.955 -2.711 -2.856 -3.057 -3.190 -3.441 -3.502 -3.831 -3.849 -4.072
0.00012351 -2.10000 9.20000 1.5314178467 2.5414117132    1.420  3.139  3.6702  1.084    8  0.573  0.797    19.40    13.12     9.07     6.95     5.66  3 -1.34e-07      0.00 7.272e-01 2.726e-01 3.465e-05 2.041e-05 5.795e-05 -1.000 1.484e-04 -3.077 1.044 3.176 1.422 -0.382 -1.028 -1.301 -1.532 -1.897 -2.626 -2.767 -2.963 -3.093 -3.340 -3.400 -3.724 -3.743 -3.963
0.00012351 -2.10000 9.20000 1.5314221382 2.5414120502    1.409  3.173  3.6677  1.037    8  0.573  0.979    21.31    14.26     9.83     7.54     6.14  3 -1.52e-07      0.00 7.272e-01 2.727e-01 4.313e-05 2.041e-05 5.871e-05 -1.000 1.576e-04 -3.162 0.980 3.254 1.546 -0.319 -0.973 -1.293 -1.548 -1.933 -2.691 -2.836 -3.038 -3.171 -3.422 -3.483 -3.812 -3.831 -4.054
0.00012351 -2.10000 9.20000 1.5314275026 2.5414124716    1.394  3.300  3.6590  0.870    8  0.574  1.200    29.84    19.23    13.07    10.08     8.22  2 -2.44e-07      0.00 7.271e-01 2.727e-01 5.372e-05 2.041e-05 5.967e-05  6.012 1.692e-04 -3.481 0.733 3.536 2.017 -0.065 -0.744 -1.216 -1.567 -2.039 -2.922 -3.085 -3.310 -3.455 -3.728 -3.793 -4.142 -4.162 -4.399
0.00012351 -2.10000 9.20000 1.5314339399 2.5414129772    1.377  3.433  3.6497  0.694    8  0.574  1.457    42.54    26.33    17.64    13.68    11.15  2 -4.16e-07      0.00 7.270e-01 2.728e-01 6.645e-05 2.040e-05 6.082e-05  6.378 1.831e-04 -3.813 0.474 4.720 3.298 0.152 -0.733 -1.251 -1.741 -2.272 -3.239 -3.405 -3.627 -3.783 -4.025 -4.090 -4.421 -4.437 -4.695
0.00012351 -2.10000 9.20000 1.5314414501 2.5414135670    1.357  3.527  3.6426  0.566    8  0.575  1.744    55.08    33.09    21.94    17.07    13.93  2 -6.23e-07      0.00 7.269e-01 2.729e-01 8.134e-05 2.040e-05 6.218e-05  6.600 1.993e-04 -4.048 0.241 4.549 3.176 -0.005 -0.890 -1.445 -1.949 -2.491 -3.471 -3.638 -3.862 -4.020 -4.263 -4.328 -4.660 -4.676 -4.935
0.00012351 -2.10000 9.20000 1.5314501524 2.5414142505    1.335  3.580  3.6381  0.488    8  0.576  2.058    64.31    37.94    24.98    19.49    15.91  2 -7.96e-07      0.00 7.267e-01 2.731e-01 9.838e-05 2.040e-05 6.373e-05  6.763 2.179e-04 -4.180 0.121 4.487 3.168 -0.049 -0.936 -1.518 -2.038 -2.591 -3.586 -3.755 -3.982 -4.141 -4.386 -4.453 -4.788 -4.804 -5.066
0.00012351 -2.10000 9.20000 1.5314600468 2.5414150276    1.310  3.606  3.6352  0.442    8  0.577  2.393    70.36    41.05    26.93    21.05    17.18  1 -9.12e-07      0.00 7.265e-01 2.732e-01 1.175e-04 2.040e-05 6.550e-05  6.895 2.390e-04 -4.245 0.071 4.492 3.228 -0.022 -0.910 -1.515 -2.050 -2.616 -3.627 -3.799 -4.029 -4.189 -4.437 -4.505 -4.846 -4.862 -5.130
0.00012351 -2.10000 9.20000 1.5314711332 2.5414158983    1.282  3.622  3.6328  0.407    8  0.578  2.744    75.15    43.47    28.43    22.26    18.16  1    -1e-06      0.00 7.264e-01 2.734e-01 1.388e-04 2.040e-05 6.746e-05  7.005 2.623e-04 -4.285 0.045 4.507 3.288 0.011 -0.877 -1.500 -2.047 -2.623 -3.647 -3.820 -4.053 -4.215 -4.464 -4.534 -4.879 -4.895 -5.169
0.00012351 -2.10000 9.20000 1.5314714909 2.5414159264    1.280  3.626  3.6323  0.400    8  0.578  2.864    76.16    43.98    28.74    22.51    18.37  1 -1.02e-06      0.00 7.263e-01 2.734e-01 1.456e-04 2.040e-05 6.779e-05  7.036 2.693e-04 -4.296 0.036 4.503 3.289 0.011 -0.878 -1.502 -2.051 -2.629 -3.655 -3.829 -4.061 -4.224 -4.473 -4.543 -4.888 -4.905 -5.179
0.00012351 -2.10000 9.20000 1.5314729214 2.5414160388    1.274  3.496  3.6409  0.563    8  0.578  3.024    54.48    32.74    21.68    16.91    13.79  2 -5.82e-07      0.00 7.263e-01 2.734e-01 1.549e-04 2.040e-05 6.831e-05  7.076 2.792e-04 -3.970 0.320 4.620 3.245 0.070 -0.815 -1.368 -1.870 -2.412 -3.393 -3.560 -3.784 -3.942 -4.184 -4.250 -4.582 -4.597 -4.856
0.00012351 -2.10000 9.20000 1.5314753056 2.5414162260    1.264  3.264  3.6563  0.853    8  0.578  3.304    29.96    19.34    13.11    10.15     8.26  2 -2.32e-07      0.00 7.262e-01 2.735e-01 1.716e-04 2.039e-05 6.925e-05  7.138 2.968e-04 -3.390 0.841 3.776 2.276 0.142 -0.544 -1.038 -1.407 -1.897 -2.806 -2.972 -3.203 -3.351 -3.628 -3.695 -4.049 -4.070 -4.311
0.00012351 -2.10000 9.20000 1.5314788818 2.5414165069    1.249  3.221  3.6585  0.900    8  0.579  3.699    27.12    17.71    12.05     9.32     7.59  2 -1.99e-07      0.00 7.261e-01 2.736e-01 1.959e-04 2.039e-05 7.061e-05  7.215 3.226e-04 -3.281 0.934 3.727 2.216 0.135 -0.545 -1.016 -1.367 -1.840 -2.722 -2.884 -3.109 -3.255 -3.527 -3.593 -3.942 -3.962 -4.199
0.00012351 -2.10000 9.20000 1.5314836502 2.5414168814    1.229  3.255  3.6549  0.844    8  0.579  4.202    30.29    19.52    13.22    10.25     8.34  2 -2.29e-07      0.00 7.259e-01 2.737e-01 2.282e-04 2.039e-05 7.242e-05  7.300 3.569e-04 -3.369 0.870 3.875 2.372 0.212 -0.478 -0.980 -1.356 -1.854 -2.773 -2.941 -3.174 -3.323 -3.603 -3.670 -4.027 -4.048 -4.291
0.00012351 -2.10000 9.20000 1.5314894915 2.5414173401    1.204  3.380  3.6446  0.669    8  0.580  4.799    43.16    26.64    17.79    13.86    11.29  2 -3.78e-07      0.00 7.257e-01 2.739e-01 2.688e-04 2.038e-05 7.469e-05  7.388 3.998e-04 -3.680 0.606 4.830 3.405 0.277 -0.606 -1.121 -1.607 -2.139 -3.109 -3.275 -3.496 -3.653 -3.893 -3.958 -4.288 -4.304 -4.563
0.00012351 -2.10000 9.20000 1.5314966440 2.5414179019    1.175  3.509  3.6334  0.485    8  0.580  5.474    62.70    36.94    24.29    19.03    15.51  1  -6.6e-07      0.00 7.254e-01 2.741e-01 3.179e-04 2.038e-05 7.743e-05  7.475 4.518e-04 -4.002 0.321 4.711 3.421 0.196 -0.691 -1.277 -1.804 -2.367 -3.378 -3.549 -3.778 -3.939 -4.184 -4.253 -4.594 -4.610 -4.883
0.00012351 -2.10000 9.20000 1.5315051079 2.5414185666    1.141  3.600  3.6244  0.345    8  0.581  6.209    83.09    47.19    30.67    24.14    19.69  1 -1.01e-06      0.00 7.251e-01 2.744e-01 3.756e-04 2.037e-05 8.067e-05  7.559 5.128e-04 -4.230 0.142 4.677 3.548 0.238 -0.651 -1.300 -1.872 -2.473 -3.530 -3.707 -3.945 -4.111 -4.364 -4.438 -4.795 -4.812 -5.105
0.00012351 -2.10000 9.20000 1.5315147638 2.5414193249    1.104  3.651  3.6179  0.253    8  0.582  6.987    99.76    55.23    35.61    28.14    22.95  1 -1.33e-06      0.00 7.247e-01 2.747e-01 4.422e-04 2.036e-05 8.439e-05  7.639 5.834e-04 -4.358 0.051 4.669 3.655 0.297 -0.589 -1.276 -1.879 -2.509 -3.599 -3.781 -4.026 -4.195 -4.454 -4.533 -4.902 -4.920 -5.227
0.00012351 -2.10000 9.20000 1.5315258503 2.5414201955    1.064  3.678  3.6129  0.191    8  0.583  7.790   112.74    61.25    39.28    31.12    25.38  0 -1.57e-06      0.00 7.243e-01 2.750e-01 5.177e-04 2.035e-05 8.862e-05  7.715 6.633e-04 -4.424 0.015 4.685 3.754 0.370 -0.512 -1.219 -1.846 -2.498 -3.616 -3.801 -4.053 -4.224 -4.489 -4.570 -4.950 -4.969 -5.287
0.00012351 -2.10000 9.20000 1.5315381289 2.5414211598    1.020  3.695  3.6085  0.138    8  0.584  8.603   124.87    66.68    42.55    33.81    27.57  0 -1.78e-06      0.00 7.239e-01 2.754e-01 6.023e-04 2.034e-05 9.335e-05  7.787 7.529e-04 -4.466 0.000 4.715 3.856 0.452 -0.425 -1.148 -1.795 -2.468 -3.612 -3.800 -4.058 -4.232 -4.502 -4.586 -4.976 -4.995 -5.323
0.00012351 -2.10000 9.20000 1.5315384865 2.5414211879    1.018  3.712  3.6069  0.113    8  0.584  8.695   131.41    69.68    44.38    35.29    28.78  0 -1.94e-06      0.00 7.239e-01 2.754e-01 6.112e-04 2.034e-05 9.373e-05  7.794 7.622e-04 -4.510 -0.033 4.700 3.870 0.459 -0.416 -1.144 -1.800 -2.482 -3.637 -3.826 -4.087 -4.262 -4.534 -4.620 -5.013 -5.032 -5.364
0.00012351 -2.10000 9.20000 1.5315397978 2.5414212908    1.010  3.583  3.6169  0.279    8  0.585  8.884    92.95    51.57    33.29    26.36    21.48  0 -1.08e-06      0.00 7.238e-01 2.754e-01 6.299e-04 2.034e-05 9.454e-05  7.809 7.818e-04 -4.188 0.226 4.842 3.826 0.469 -0.417 -1.098 -1.701 -2.331 -3.421 -3.603 -3.849 -4.018 -4.278 -4.356 -4.727 -4.745 -5.054
0.00012351 -2.10000 9.20000 1.5315421820 2.5414214781    0.997  3.354  3.6349  0.574    8  0.585  9.213    50.05    30.13    19.92    15.66    12.74  1 -4.09e-07      0.00 7.236e-01 2.756e-01 6.632e-04 2.033e-05 9.598e-05  7.833 8.166e-04 -3.616 0.698 5.031 3.689 0.497 -0.390 -0.947 -1.458 -2.010 -3.006 -3.175 -3.401 -3.561 -3.804 -3.872 -4.210 -4.226 -4.495
0.00012351 -2.10000 9.20000 1.5315457582 2.5414217589    0.978  3.307  3.6379  0.625    8  0.585  9.677    44.81    27.35    18.15    14.26    11.60  1 -3.45e-07      0.00 7.234e-01 2.757e-01 7.119e-04 2.033e-05 9.809e-05  7.866 8.676e-04 -3.497 0.801 5.073 3.684 0.528 -0.357 -0.890 -1.388 -1.928 -2.910 -3.077 -3.300 -3.459 -3.700 -3.766 -4.100 -4.115 -4.379
0.00012351 -2.10000 9.20000 1.5315502882 2.5414221146    0.953  3.340  3.6338  0.563    8  0.586 10.264    50.63    30.36    20.04    15.78    12.84  1 -4.07e-07      0.00 7.231e-01 2.759e-01 7.767e-04 2.032e-05 1.009e-04  7.907 9.354e-04 -3.581 0.739 5.091 3.765 0.561 -0.327 -0.890 -1.407 -1.962 -2.963 -3.132 -3.360 -3.520 -3.764 -3.833 -4.172 -4.188 -4.460
0.00012351 -2.10000 9.20000 1.5315561295 2.5414225733    0.922  3.459  3.6219  0.383    8  0.586 10.957    73.30    41.69    27.11    21.47    17.48  0 -6.96e-07      0.00 7.228e-01 2.762e-01 8.581e-04 2.031e-05 1.044e-04  7.954 1.021e-03 -3.877 0.507 5.049 3.928 0.611 -0.280 -0.925 -1.499 -2.102 -3.161 -3.338 -3.577 -3.743 -3.997 -4.072 -4.433 -4.450 -4.747
0.00012351 -2.10000 9.20000 1.5315631628 2.5414231257    0.887  3.580  3.6092  0.195    8  0.587 11.734   108.07    58.01    37.14    29.60    24.10  0 -1.25e-06      0.00 7.223e-01 2.765e-01 9.564e-04 2.030e-05 1.087e-04  8.004 1.124e-03 -4.179 0.282 4.974 4.080 0.686 -0.194 -0.903 -1.541 -2.204 -3.336 -3.523 -3.779 -3.951 -4.219 -4.303 -4.690 -4.709 -5.034
0.00012351 -2.10000 9.20000 1.5315713882 2.5414237716    0.847  3.663  3.5992  0.051    8  0.588 12.574   145.25    74.37    47.03    37.69    30.70  0 -1.96e-06      0.01 7.218e-01 2.769e-01 1.072e-03 2.028e-05 1.137e-04  8.057 1.245e-03 -4.388 0.149 4.941 4.228 0.803 -0.061 -0.799 -1.490 -2.211 -3.417 -3.614 -3.887 -4.066 -4.349 -4.441 -4.852 -4.873 -5.223
0.00012351 -2.10000 9.20000 1.5315808058 2.5414245111    0.803  3.709  3.5922 -0.045    8  0.589 13.454   165.80    87.32    54.76    44.07    35.89  0 -2.63e-06      0.03 7.213e-01 2.774e-01 1.206e-03 2.027e-05 1.195e-04  8.110 1.384e-03 -4.502 0.130 4.947 4.369 0.939 0.078 -0.682 -1.404 -2.155 -3.400 -3.606 -3.889 -4.072 -4.367 -4.465 -4.895 -4.918 -5.289
0.00012351 -2.10000 9.20000 1.5315916538 2.5414253629    0.757  3.730  3.5873 -0.112    8  0.590 14.356   179.94    97.09    60.52    48.89    39.81  0 -3.19e-06      0.13 7.206e-01 2.779e-01 1.357e-03 2.025e-05 1.260e-04  8.164 1.543e-03 -4.556 0.286 5.137 4.714 1.317 0.443 -0.369 -1.132 -1.909 -3.207 -3.428 -3.723 -3.910 -4.225 -4.329 -4.786 -4.813 -5.212
0.00012351 -2.10000 9.20000 1.5316036940 2.5414263084    0.707  3.743  3.5833 -0.170    8  0.591 15.262   192.01   105.86    65.63    53.21    43.32  0 -3.76e-06      0.19 7.199e-01 2.784e-01 1.527e-03 2.023e-05 1.334e-04  8.218 1.721e-03 -4.586 0.387 5.282 4.945 1.555 0.675 -0.164 -0.953 -1.748 -3.079 -3.310 -3.614 -3.803 -4.131 -4.240 -4.715 -4.744 -5.162
0.00012351 -2.10000 9.20000 1.5316289663 2.5414282928    0.593 -9.999  4.0000  1.454    9  0.594  0.000     0.00     0.00     0.00     0.00     0.00 -1    -1e-30      0.00 7.183e-01 2.796e-01 1.902e-03 2.019e-05 1.486e-04  8.317 2.113e-03 29.767 29.893 29.849 29.813 29.849 29.917 29.971 30.079 30.064 30.108 30.109 30.104 30.102 30.100 30.102 30.092 30.091 30.063
