 Zini     MH   logAge Mini        int_IMF         Mass   logL    logTe  logg  label   McoreTP C_O  period0  period1  period2  period3  period4  pmode  Mloss  tau1m   X   Y   Xc  Xn  Xo  Cexcess  Z 	 mbolmag  F170Wmag  F218Wmag  F255Wmag  F300Wmag  F336Wmag  F380Wmag  F439Wmag  F450Wmag  F555Wmag  F569Wmag  F606Wmag  F622Wmag  F675Wmag  F702Wmag  F791Wmag  F814Wmag  F850LPmag
9.8116e-05 -2.19174 9.90000 0.1000000015 1.1711064122    0.100 -2.784  3.5581  5.407    1  0.000  0.545     0.00     0.00     0.00     0.00     0.00 -1 -1.29e-16      0.00 7.472e-01 2.527e-01 1.798e-05 4.851e-06 4.400e-05 -1.000 1.000e-04 11.731 16.162 20.796 19.551 16.436 15.582 15.360 14.669 14.152 12.886 12.693 12.328 12.122 11.747 11.607 11.061 11.025 10.676
9.8116e-05 -2.19174 9.90000 0.1098214313 1.2482754908    0.109 -2.636  3.5734  5.358    1  0.000  0.545     0.00     0.00     0.00     0.00     0.00 -1 -1.84e-16      0.00 7.461e-01 2.538e-01 1.798e-05 4.851e-06 4.400e-05 -1.000 9.996e-05 11.359 15.750 20.085 18.449 15.696 14.856 14.562 13.992 13.536 12.382 12.198 11.853 11.656 11.298 11.186 10.698 10.665 10.336
9.8116e-05 -2.19174 9.90000 0.1294642836 1.3786745408    0.129 -2.396  3.5960  5.280    1  0.000  0.545     0.00     0.00     0.00     0.00     0.00 -1 -3.22e-16      0.00 7.439e-01 2.560e-01 1.798e-05 4.851e-06 4.400e-05 -1.000 1.001e-04 10.759 15.086 18.793 16.871 14.548 13.743 13.449 13.010 12.616 11.615 11.445 11.139 10.959 10.628 10.537 10.102 10.074 9.771
9.8116e-05 -2.19174 9.90000 0.1491071582 1.4855959672    0.149 -2.236  3.6074  5.228    1  0.000  0.545     0.00     0.00     0.00     0.00     0.00 -1  -4.6e-16      0.00 7.425e-01 2.574e-01 1.798e-05 4.851e-06 4.400e-05 -1.000 1.000e-04 10.360 14.651 18.039 16.046 13.882 13.096 12.834 12.446 12.074 11.141 10.977 10.691 10.520 10.203 10.118 9.703 9.677 9.387
9.8116e-05 -2.19174 9.90000 0.1687500030 1.5756139920    0.168 -2.112  3.6147  5.186    1  0.000  0.545     0.00     0.00     0.00     0.00     0.00 -1 -6.05e-16      0.00 7.417e-01 2.582e-01 1.798e-05 4.851e-06 4.400e-05 -1.000 1.000e-04 10.050 14.316 17.491 15.473 13.401 12.629 12.394 12.037 11.677 10.783 10.623 10.349 10.184 9.876 9.795 9.392 9.366 9.086
9.8116e-05 -2.19174 9.90000 0.2080357224 1.7204495903    0.207 -1.908  3.6258  5.118    1  0.000  0.545     0.00     0.00     0.00     0.00     0.00 -1 -9.41e-16      0.00 7.411e-01 2.588e-01 1.798e-05 4.851e-06 4.400e-05 -1.000 9.993e-05 9.540 13.766 16.592 14.577 12.638 11.890 11.704 11.388 11.044 10.205 10.051 9.795 9.638 9.343 9.267 8.880 8.856 8.589
9.8116e-05 -2.19174 9.90000 0.2571428716 1.8581268277    0.257 -1.716  3.6358  5.059    1  0.000  0.545     0.00     0.00     0.00     0.00     0.00 -1 -1.41e-15      0.00 7.411e-01 2.588e-01 1.798e-05 4.852e-06 4.400e-05 -1.000 1.000e-04 9.061 13.247 15.755 13.761 11.933 11.209 11.073 10.792 10.459 9.665 9.517 9.276 9.126 8.843 8.770 8.398 8.375 8.120
9.8116e-05 -2.19174 9.90000 0.3062500358 1.9652636675    0.306 -1.568  3.6441  5.019    1  0.000  0.545     0.00     0.00     0.00     0.00     0.00 -1  -1.9e-15      0.00 7.413e-01 2.586e-01 1.797e-05 4.852e-06 4.400e-05 -1.000 1.000e-04 8.689 12.841 15.114 13.129 11.380 10.676 10.585 10.331 10.007 9.247 9.102 8.873 8.728 8.454 8.384 8.024 8.003 7.756
9.8116e-05 -2.19174 9.90000 0.3553571403 2.0521113302    0.355 -1.444  3.6519  4.992    1  0.000  0.544     0.00     0.00     0.00     0.00     0.00 -1 -2.42e-15      0.00 7.422e-01 2.577e-01 1.797e-05 4.852e-06 4.400e-05 -1.000 1.000e-04 8.380 12.499 14.568 12.589 10.907 10.222 10.174 9.944 9.628 8.897 8.756 8.536 8.396 8.130 8.063 7.713 7.693 7.455
9.8116e-05 -2.19174 9.90000 0.4044643044 2.1246090444    0.404 -1.329  3.6600  4.965    1  0.000  0.545     0.00     0.00     0.00     0.00     0.00 -1 -3.05e-15      0.00 7.503e-01 2.496e-01 1.798e-05 4.851e-06 4.400e-05 -1.000 9.996e-05 8.091 12.174 14.021 12.057 10.447 9.783 9.781 9.576 9.270 8.568 8.431 8.220 8.085 7.827 7.763 7.424 7.404 7.176
9.8116e-05 -2.19174 9.90000 0.4333637655 2.1621274803    0.433 -1.244  3.6675  4.941    1  0.000  0.545     0.00     0.00     0.00     0.00     0.00 -1 -3.69e-15      0.00 7.506e-01 2.493e-01 1.798e-05 4.851e-06 4.400e-05 -1.000 9.999e-05 7.880 11.927 13.546 11.611 10.075 9.432 9.475 9.294 8.997 8.321 8.188 7.986 7.855 7.605 7.543 7.213 7.195 6.975
9.8116e-05 -2.19174 9.90000 0.4535714388 2.1864813481    0.453 -1.188  3.6725  4.924    1  0.000  0.545     0.00     0.00     0.00     0.00     0.00 -1 -4.17e-15      0.00 7.508e-01 2.491e-01 1.798e-05 4.851e-06 4.400e-05 -1.000 1.000e-04 7.740 11.762 13.233 11.319 9.831 9.203 9.274 9.109 8.818 8.160 8.028 7.832 7.704 7.459 7.398 7.075 7.057 6.842
9.8116e-05 -2.19174 9.90000 0.5026785731 2.2401984691    0.503 -1.033  3.6864  4.870    1  0.000  0.545     0.00     0.00     0.00     0.00     0.00 -1 -6.04e-15      0.00 7.520e-01 2.479e-01 1.790e-05 4.829e-06 4.380e-05 -1.000 9.997e-05 7.352 11.302 12.360 10.516 9.163 8.577 8.725 8.602 8.329 7.717 7.592 7.410 7.289 7.057 7.000 6.694 6.678 6.477
9.8116e-05 -2.19174 9.90000 0.5517857671 2.2851312492    0.551 -0.851  3.7040  4.799    1  0.000  0.545     0.00     0.00     0.00     0.00     0.00 -1 -9.49e-15      0.00 7.735e-01 2.264e-01 1.645e-05 4.438e-06 4.026e-05 -1.000 9.748e-05 6.899 10.736 11.236 9.545 8.374 7.844 8.082 8.006 7.759 7.205 7.088 6.922 6.809 6.593 6.542 6.256 6.242 6.060
9.8116e-05 -2.19174 9.90000 0.6008928418 2.3217254164    0.601 -0.666  3.7261  4.739    1  0.000  0.544     0.00     0.00     0.00     0.00     0.00 -1 -1.49e-14      0.00 7.820e-01 2.179e-01 1.588e-05 4.289e-06 3.893e-05 -1.000 5.373e-05 6.435 10.084 9.924 8.486 7.540 7.083 7.412 7.388 7.173 6.685 6.578 6.430 6.327 6.130 6.084 5.823 5.812 5.650
9.8116e-05 -2.19174 9.90000 0.6093773246 2.3273646713    0.609 -0.633  3.7306  4.730    1  0.000  0.544     0.00     0.00     0.00     0.00     0.00 -1 -1.62e-14      0.00 7.839e-01 2.160e-01 1.576e-05 4.257e-06 3.863e-05 -1.000 1.000e-04 6.352 9.956 9.678 8.293 7.390 6.947 7.292 7.277 7.068 6.593 6.488 6.343 6.241 6.048 6.003 5.747 5.736 5.579
9.8116e-05 -2.19174 9.90000 0.6258583665 2.3378180472    0.626 -0.568  3.7391  4.711    1  0.000  0.544     0.00     0.00     0.00     0.00     0.00 -1 -1.89e-14      0.00 7.878e-01 2.121e-01 1.552e-05 4.190e-06 3.803e-05 -1.000 9.999e-05 6.191 9.697 9.217 7.933 7.108 6.693 7.066 7.066 6.868 6.417 6.315 6.176 6.078 5.892 5.849 5.602 5.591 5.442
9.8116e-05 -2.19174 9.90000 0.6408185959 2.3467733875    0.641 -0.510  3.7469  4.694    1  0.000  0.544     0.00     0.00     0.00     0.00     0.00 -1 -2.18e-14      0.00 7.915e-01 2.084e-01 1.527e-05 4.125e-06 3.745e-05 -1.000 9.999e-05 6.045 9.428 8.785 7.609 6.859 6.471 6.866 6.878 6.689 6.259 6.160 6.028 5.933 5.753 5.712 5.474 5.464 5.322
9.8116e-05 -2.19174 9.90000 0.6499999762 2.3520353107    0.650 -0.474  3.7517  4.684    1  0.000  0.544     0.00     0.00     0.00     0.00     0.00 -1 -2.37e-14      0.00 7.940e-01 2.060e-01 1.511e-05 4.083e-06 3.707e-05 -1.000 2.171e-05 5.956 9.254 8.525 7.413 6.707 6.336 6.744 6.764 6.580 6.163 6.067 5.937 5.844 5.669 5.629 5.396 5.386 5.249
9.8116e-05 -2.19174 9.90000 0.6541169882 2.3543397128    0.654 -0.458  3.7538  4.679    1  0.000  0.543     0.00     0.00     0.00     0.00     0.00 -1 -2.47e-14      0.00 7.954e-01 2.046e-01 1.503e-05 4.060e-06 3.687e-05 -1.000 8.449e-06 5.916 9.174 8.414 7.328 6.641 6.277 6.690 6.713 6.531 6.120 6.025 5.897 5.805 5.631 5.592 5.361 5.352 5.216
9.8116e-05 -2.19174 9.90000 0.6719069481 2.3639249847    0.672 -0.388  3.7628  4.657    1  0.000  0.543     0.00     0.00     0.00     0.00     0.00 -1 -2.94e-14      0.00 8.015e-01 1.984e-01 1.463e-05 3.954e-06 3.592e-05 -1.000 1.000e-04 5.741 8.824 7.950 6.970 6.358 6.025 6.460 6.495 6.323 5.935 5.844 5.723 5.634 5.468 5.431 5.209 5.201 5.073
9.8116e-05 -2.19174 9.90000 0.6876072288 2.3719122258    0.687 -0.326  3.7705  4.636    1  0.000  0.543     0.00     0.00     0.00     0.00     0.00 -1 -3.43e-14      0.00 8.075e-01 1.924e-01 1.424e-05 3.851e-06 3.499e-05 -1.000 7.597e-05 5.586 8.508 7.571 6.673 6.121 5.813 6.263 6.306 6.143 5.774 5.687 5.571 5.485 5.325 5.289 5.075 5.068 4.947
9.8116e-05 -2.19174 9.90000 0.6999999881 2.3779266974    0.700 -0.277  3.7766  4.618    1  0.000  0.542     0.00     0.00     0.00     0.00     0.00 -1 -3.88e-14      0.00 8.126e-01 1.873e-01 1.391e-05 3.763e-06 3.421e-05 -1.000 9.994e-05 5.463 8.258 7.294 6.452 5.941 5.653 6.112 6.159 6.002 5.648 5.563 5.451 5.367 5.212 5.177 4.969 4.962 4.845
9.8116e-05 -2.19174 9.90000 0.7160089016 2.3853428566    0.716 -0.213  3.7838  4.593    1  0.000  0.539     0.00     0.00     0.00     0.00     0.00 -1 -4.58e-14      0.00 8.210e-01 1.789e-01 1.334e-05 3.626e-06 3.298e-05 -1.000 9.999e-05 5.303 7.942 6.958 6.179 5.716 5.451 5.917 5.970 5.820 5.483 5.401 5.294 5.214 5.064 5.030 4.830 4.823 4.713
9.8116e-05 -2.19174 9.90000 0.7318594456 2.3923192644    0.732 -0.148  3.7908  4.566    1  0.000  0.536     0.00     0.00     0.00     0.00     0.00 -1 -5.43e-14      0.00 8.292e-01 1.708e-01 1.281e-05 3.497e-06 3.185e-05 -1.000 3.543e-05 5.141 7.632 6.642 5.919 5.499 5.255 5.724 5.780 5.638 5.317 5.239 5.136 5.058 4.915 4.882 4.689 4.683 4.578
9.8116e-05 -2.19174 9.90000 0.7464683056 2.3984483546    0.746 -0.087  3.7970  4.538    1  0.000  0.533     0.00     0.00     0.00     0.00     0.00 -1 -6.38e-14      0.00 8.363e-01 1.637e-01 1.236e-05 3.391e-06 3.092e-05 -1.000 6.144e-05 4.989 7.353 6.367 5.689 5.305 5.079 5.547 5.604 5.468 5.161 5.086 4.987 4.912 4.773 4.742 4.555 4.549 4.450
9.8116e-05 -2.19174 9.90000 0.7500000000 2.3998889087    0.750 -0.073  3.7985  4.531    1  0.000  0.532     0.00     0.00     0.00     0.00     0.00 -1 -6.64e-14      0.00 8.379e-01 1.620e-01 1.226e-05 3.367e-06 3.071e-05 -1.000 9.343e-05 4.951 7.287 6.301 5.634 5.258 5.037 5.504 5.561 5.426 5.123 5.048 4.950 4.876 4.738 4.707 4.522 4.516 4.418
9.8116e-05 -2.19174 9.90000 0.7506660223 2.4001588282    0.750 -0.070  3.7988  4.530    1  0.000  0.532     0.00     0.00     0.00     0.00     0.00 -1 -6.69e-14      0.00 8.379e-01 1.620e-01 1.226e-05 3.368e-06 3.072e-05 -1.000 9.994e-05 4.944 7.274 6.288 5.623 5.249 5.029 5.495 5.553 5.418 5.116 5.041 4.944 4.869 4.732 4.701 4.515 4.510 4.412
9.8116e-05 -2.19174 9.90000 0.7605253458 2.4040910178    0.760 -0.028  3.8030  4.510    1  0.000  0.532     0.00     0.00     0.00     0.00     0.00 -1  -7.5e-14      0.00 8.387e-01 1.613e-01 1.231e-05 3.379e-06 3.083e-05 -1.000 1.386e-05 4.839 7.088 6.109 5.472 5.120 4.912 5.374 5.431 5.301 5.008 4.935 4.840 4.767 4.633 4.603 4.422 4.417 4.323
9.8116e-05 -2.19174 9.90000 0.7740585804 2.4093013398    0.774  0.032  3.8087  4.481    1  0.000  0.531     0.00     0.00     0.00     0.00     0.00 -1  -8.8e-14      0.00 8.395e-01 1.605e-01 1.236e-05 3.398e-06 3.102e-05 -1.000 7.451e-08 4.690 6.835 5.867 5.267 4.943 4.751 5.204 5.260 5.136 4.855 4.784 4.693 4.623 4.493 4.464 4.289 4.285 4.195
9.8116e-05 -2.19174 9.90000 0.7865560651 2.4139302259    0.786  0.089  3.8140  4.452    1  0.000  0.531     0.00     0.00     0.00     0.00     0.00 -1 -1.03e-13      0.00 8.400e-01 1.600e-01 1.242e-05 3.417e-06 3.121e-05 -1.000 8.073e-05 4.547 6.607 5.651 5.082 4.782 4.603 5.042 5.097 4.977 4.707 4.639 4.551 4.483 4.358 4.330 4.160 4.156 4.071
9.8116e-05 -2.19174 9.90000 0.7979651093 2.4180107031    0.797  0.144  3.8187  4.423    1  0.000  0.530     0.00     0.00     0.00     0.00     0.00 -1  -1.2e-13      0.00 8.403e-01 1.596e-01 1.249e-05 3.435e-06 3.139e-05 -1.000 9.605e-05 4.410 6.405 5.460 4.913 4.632 4.464 4.889 4.941 4.826 4.565 4.498 4.414 4.347 4.226 4.199 4.034 4.030 3.949
9.8116e-05 -2.19174 9.90000 0.8000000119 2.4187244405    0.799  0.154  3.8196  4.417    1  0.000  0.530     0.00     0.00     0.00     0.00     0.00 -1 -1.23e-13      0.00 8.404e-01 1.595e-01 1.250e-05 3.438e-06 3.142e-05 -1.000 9.997e-05 4.386 6.369 5.425 4.883 4.604 4.438 4.862 4.913 4.798 4.539 4.473 4.389 4.323 4.202 4.175 4.011 4.007 3.927
9.8116e-05 -2.19174 9.90000 0.8021372557 2.4194695916    0.801  0.164  3.8206  4.412    1  0.000  0.530     0.00     0.00     0.00     0.00     0.00 -1 -1.27e-13      0.00 8.404e-01 1.595e-01 1.250e-05 3.439e-06 3.143e-05 -1.000 9.665e-05 4.359 6.330 5.389 4.851 4.576 4.412 4.832 4.884 4.770 4.512 4.446 4.363 4.297 4.177 4.150 3.987 3.983 3.904
9.8116e-05 -2.19174 9.90000 0.8123798966 2.4229781980    0.812  0.217  3.8253  4.383    1  0.000  0.530     0.00     0.00     0.00     0.00     0.00 -1 -1.47e-13      0.00 8.404e-01 1.596e-01 1.252e-05 3.443e-06 3.147e-05 -1.000 7.784e-05 4.227 6.137 5.209 4.692 4.434 4.280 4.685 4.733 4.623 4.374 4.310 4.230 4.166 4.050 4.024 3.865 3.862 3.787
9.8116e-05 -2.19174 9.90000 0.8218103051 2.4261198026    0.821  0.269  3.8297  4.354    1  0.000  0.530     0.00     0.00     0.00     0.00     0.00 -1  -1.7e-13      0.00 8.402e-01 1.597e-01 1.253e-05 3.450e-06 3.153e-05 -1.000 9.003e-05 4.098 5.950 5.034 4.538 4.296 4.151 4.540 4.586 4.480 4.239 4.176 4.099 4.037 3.924 3.899 3.746 3.743 3.671
9.8116e-05 -2.19174 9.90000 0.8308757544 2.4290626432    0.830  0.322  3.8340  4.323    1  0.000  0.530     0.00     0.00     0.00     0.00     0.00 -1 -1.99e-13      0.00 8.399e-01 1.600e-01 1.256e-05 3.458e-06 3.161e-05 -1.000 1.000e-04 3.964 5.767 4.866 4.388 4.160 4.023 4.393 4.435 4.332 4.099 4.039 3.964 3.904 3.795 3.771 3.622 3.619 3.552
9.8116e-05 -2.19174 9.90000 0.8386785984 2.4315371141    0.837  0.372  3.8377  4.292    1  0.000  0.530     0.00     0.00     0.00     0.00     0.00 -1 -2.29e-13      0.00 8.396e-01 1.603e-01 1.259e-05 3.465e-06 3.168e-05 -1.000 8.051e-05 3.841 5.602 4.714 4.252 4.035 3.905 4.257 4.296 4.196 3.970 3.911 3.839 3.781 3.675 3.651 3.507 3.504 3.439
9.8116e-05 -2.19174 9.90000 0.8462210298 2.4338791891    0.845  0.422  3.8412  4.259    1  0.000  0.530     0.00     0.00     0.00     0.00     0.00 -1 -2.66e-13      0.00 8.393e-01 1.607e-01 1.262e-05 3.473e-06 3.175e-05 -1.000 5.920e-05 3.714 5.437 4.561 4.115 3.908 3.785 4.118 4.154 4.057 3.838 3.781 3.711 3.654 3.551 3.528 3.388 3.385 3.323
9.8116e-05 -2.19174 9.90000 0.8500000238 2.4350346840    0.849  0.449  3.8428  4.241    1  0.000  0.530     0.00     0.00     0.00     0.00     0.00 -1 -2.88e-13      0.00 8.391e-01 1.609e-01 1.263e-05 3.477e-06 3.178e-05 -1.000 5.201e-05 3.648 5.353 4.484 4.045 3.843 3.723 4.046 4.080 3.985 3.769 3.712 3.644 3.588 3.486 3.464 3.325 3.323 3.262
9.8116e-05 -2.19174 9.90000 0.8517395258 2.4355626064    0.850  0.461  3.8438  4.234    1  0.000  0.530     0.00     0.00     0.00     0.00     0.00 -1 -2.98e-13      0.00 8.391e-01 1.609e-01 1.264e-05 3.477e-06 3.179e-05 -1.000 5.145e-05 3.618 5.313 4.448 4.013 3.813 3.695 4.013 4.046 3.952 3.738 3.681 3.614 3.558 3.457 3.435 3.297 3.295 3.235
9.8116e-05 -2.19174 9.90000 0.8605037332 2.4381851649    0.859  0.526  3.8480  4.190    1  0.000  0.530     0.00     0.00     0.00     0.00     0.00 -1 -3.61e-13      0.00 8.384e-01 1.615e-01 1.266e-05 3.486e-06 3.186e-05 -1.000 8.126e-05 3.456 5.107 4.259 3.842 3.654 3.543 3.836 3.865 3.775 3.568 3.514 3.449 3.395 3.299 3.277 3.145 3.143 3.086
9.8116e-05 -2.19174 9.90000 0.8684419394 2.4405080920    0.867  0.590  3.8510  4.141    1  0.000  0.530     0.00     0.00     0.00     0.00     0.00 -1 -4.43e-13      0.00 8.369e-01 1.630e-01 1.275e-05 3.510e-06 3.208e-05 -1.000 6.244e-05 3.294 4.916 4.081 3.678 3.498 3.393 3.662 3.687 3.600 3.400 3.347 3.284 3.232 3.138 3.118 2.989 2.987 2.933
9.8116e-05 -2.19174 9.90000 0.8704628944 2.4410917006    0.869  0.608  3.8516  4.127    1  0.000  0.530     0.00     0.00     0.00     0.00     0.00 -1 -4.69e-13      0.00 8.364e-01 1.635e-01 1.278e-05 3.518e-06 3.215e-05 -1.000 5.835e-05 3.250 4.867 4.035 3.635 3.456 3.352 3.615 3.639 3.553 3.354 3.301 3.240 3.187 3.095 3.074 2.946 2.944 2.890
9.8116e-05 -2.19174 9.90000 0.8712808490 2.4413270236    0.870  0.616  3.8517  4.120    1  0.000  0.530     0.00     0.00     0.00     0.00     0.00 -1 -4.84e-13      0.00 8.362e-01 1.638e-01 1.280e-05 3.521e-06 3.218e-05 -1.000 5.677e-05 3.230 4.847 4.016 3.617 3.438 3.334 3.595 3.619 3.532 3.334 3.281 3.220 3.168 3.075 3.054 2.927 2.925 2.871
9.8116e-05 -2.19174 9.90000 0.8759046793 2.4426477859    0.874  0.663  3.8510  4.072    1  0.000  0.530     0.00     0.00     0.00     0.00     0.00 -1 -5.64e-13      0.00 8.350e-01 1.649e-01 1.286e-05 3.539e-06 3.234e-05 -1.000 4.746e-05 3.113 4.741 3.911 3.511 3.330 3.225 3.476 3.498 3.412 3.214 3.161 3.099 3.047 2.955 2.934 2.806 2.804 2.749
9.8116e-05 -2.19174 9.90000 0.8803530931 2.4439033950    0.878  0.715  3.8474  4.008    1  0.000  0.530     0.00     0.00     0.00     0.00     0.00 -1 -6.82e-13      0.00 8.339e-01 1.660e-01 1.293e-05 3.557e-06 3.249e-05 -1.000 3.858e-05 2.983 4.657 3.820 3.408 3.216 3.105 3.353 3.375 3.287 3.084 3.031 2.967 2.914 2.819 2.798 2.666 2.664 2.607
9.8116e-05 -2.19174 9.90000 0.8811442852 2.4441251902    0.879  0.725  3.8463  3.995    1  0.000  0.530     0.00     0.00     0.00     0.00     0.00 -1 -7.12e-13      0.00 8.337e-01 1.662e-01 1.294e-05 3.560e-06 3.252e-05 -1.000 3.698e-05 2.958 4.645 3.805 3.389 3.195 3.082 3.330 3.353 3.264 3.060 3.006 2.942 2.888 2.792 2.771 2.639 2.636 2.578
9.8116e-05 -2.19174 9.90000 0.8818867803 2.4443329179    0.880  0.735  3.8449  3.979    2  0.000  0.531     0.00     0.00     0.00     0.00     0.00 -1 -7.44e-13      0.00 8.335e-01 1.664e-01 1.295e-05 3.563e-06 3.255e-05 -1.000 3.555e-05 2.932 4.639 3.795 3.374 3.175 3.059 3.308 3.331 3.241 3.035 2.981 2.916 2.861 2.764 2.743 2.609 2.607 2.547
9.8116e-05 -2.19174 9.90000 0.8843762279 2.4450264641    0.882  0.772  3.8374  3.913    2  0.000  0.531     0.00     0.00     0.00     0.00     0.00 -1 -8.67e-13      0.00 8.329e-01 1.670e-01 1.299e-05 3.573e-06 3.263e-05 -1.000 3.064e-05 2.840 4.641 3.777 3.326 3.105 2.976 3.233 3.260 3.165 2.948 2.891 2.821 2.764 2.661 2.639 2.497 2.495 2.429
9.8116e-05 -2.19174 9.90000 0.8862688541 2.4455507423    0.884  0.805  3.8279  3.843    2  0.000  0.531     0.00     0.00     0.00     0.00     0.00 -1 -1.01e-12      0.00 8.325e-01 1.675e-01 1.301e-05 3.580e-06 3.270e-05 -1.000 2.694e-05 2.758 4.683 3.793 3.303 3.051 2.905 3.178 3.208 3.106 2.873 2.813 2.737 2.677 2.567 2.542 2.392 2.388 2.315
9.8116e-05 -2.19174 9.90000 0.8874043226 2.4458640454    0.885  0.828  3.8197  3.788    2  0.000  0.531     0.00     0.00     0.00     0.00     0.00 -1 -1.14e-12      0.00 8.322e-01 1.678e-01 1.303e-05 3.584e-06 3.274e-05 -1.000 2.468e-05 2.701 4.736 3.828 3.302 3.022 2.861 3.146 3.178 3.070 2.824 2.761 2.680 2.617 2.501 2.475 2.316 2.312 2.232
9.8116e-05 -2.19174 9.90000 0.8883559704 2.4461259186    0.886  0.849  3.8111  3.733    2  0.000  0.531     0.00     0.00     0.00     0.00     0.00 -1 -1.27e-12      0.00 8.319e-01 1.680e-01 1.304e-05 3.588e-06 3.277e-05 -1.000 2.275e-05 2.648 4.806 3.879 3.311 3.000 2.821 3.122 3.156 3.041 2.780 2.713 2.627 2.561 2.438 2.410 2.242 2.238 2.151
9.8116e-05 -2.19174 9.90000 0.8891441226 2.4463423134    0.887  0.869  3.8017  3.676    2  0.000  0.531     0.00     0.00     0.00     0.00     0.00 -1 -1.42e-12      0.00 8.318e-01 1.682e-01 1.306e-05 3.591e-06 3.280e-05 -1.000 2.122e-05 2.598 4.901 3.959 3.338 2.989 2.789 3.108 3.144 3.021 2.741 2.670 2.578 2.508 2.377 2.348 2.170 2.165 2.070
9.8116e-05 -2.19174 9.90000 0.8897957206 2.4465208830    0.888  0.886  3.7929  3.624    2  0.000  0.531     0.00     0.00     0.00     0.00     0.00 -1 -1.57e-12      0.00 8.316e-01 1.684e-01 1.306e-05 3.594e-06 3.282e-05 -1.000 2.000e-05 2.555 5.001 4.049 3.375 2.987 2.767 3.100 3.137 3.006 2.708 2.633 2.536 2.462 2.324 2.293 2.107 2.101 1.998
9.8116e-05 -2.19174 9.90000 0.8903755546 2.4466795331    0.888  0.902  3.7841  3.573    2  0.000  0.531     0.00     0.00     0.00     0.00     0.00 -1 -1.73e-12      0.00 8.300e-01 1.700e-01 1.315e-05 3.617e-06 3.303e-05 -1.000 1.676e-05 2.514 5.106 4.150 3.420 2.993 2.753 3.097 3.134 2.995 2.678 2.600 2.497 2.420 2.275 2.242 2.047 2.040 1.931
9.8116e-05 -2.19174 9.90000 0.8910833597 2.4468728760    0.889  0.922  3.7729  3.509    2  0.000  0.532     0.00     0.00     0.00     0.00     0.00 -1 -1.94e-12      0.00 8.211e-01 1.789e-01 1.367e-05 3.755e-06 3.427e-05 -1.000 7.257e-05 2.466 5.259 4.314 3.501 3.015 2.746 3.100 3.134 2.984 2.643 2.561 2.450 2.369 2.215 2.180 1.974 1.966 1.848
9.8116e-05 -2.19174 9.90000 0.8917707205 2.4470602965    0.889  0.941  3.7631  3.450    2  0.000  0.534     0.00     0.00     0.00     0.00     0.00 -1 -2.18e-12      0.00 7.945e-01 2.054e-01 1.518e-05 4.157e-06 3.786e-05 -1.000 1.000e-04 2.416 5.396 4.485 3.587 3.041 2.744 3.100 3.130 2.970 2.607 2.520 2.404 2.318 2.157 2.120 1.904 1.895 1.768
9.8116e-05 -2.19174 9.90000 0.8924882412 2.4472555866    0.890  0.972  3.7545  3.386    2  0.000  0.536     0.00     0.00     0.00     0.00     0.00 -1 -2.51e-12      0.00 7.775e-01 2.224e-01 1.615e-05 4.419e-06 4.019e-05 -1.000 9.997e-05 2.341 5.475 4.624 3.647 3.043 2.721 3.072 3.096 2.928 2.544 2.453 2.331 2.242 2.075 2.036 1.811 1.802 1.667
9.8116e-05 -2.19174 9.90000 0.8930565715 2.4474100149    0.891  1.006  3.7491  3.330    2  0.000  0.536     0.00     0.00     0.00     0.00     0.00 -1 -2.89e-12      0.00 7.704e-01 2.295e-01 1.657e-05 4.530e-06 4.118e-05 -1.000 1.000e-04 2.256 5.484 4.682 3.652 3.011 2.673 3.019 3.039 2.865 2.468 2.375 2.249 2.158 1.986 1.946 1.715 1.706 1.566
9.8116e-05 -2.19174 9.90000 0.8934458494 2.4475156602    0.891  1.033  3.7460  3.291    2  0.000  0.537     0.00     0.00     0.00     0.00     0.00 -1 -3.23e-12      0.00 7.674e-01 2.325e-01 1.674e-05 4.576e-06 4.160e-05 -1.000 1.000e-04 2.187 5.466 4.702 3.639 2.975 2.627 2.969 2.986 2.809 2.404 2.310 2.182 2.090 1.915 1.875 1.640 1.631 1.488
9.8116e-05 -2.19174 9.90000 0.8935343623 2.4475396667    0.891  1.041  3.7454  3.281    2  0.000  0.537     0.00     0.00     0.00     0.00     0.00 -1 -3.32e-12      0.00 7.669e-01 2.330e-01 1.677e-05 4.583e-06 4.166e-05 -1.000 8.740e-05 2.168 5.456 4.699 3.630 2.962 2.613 2.954 2.970 2.792 2.386 2.292 2.163 2.071 1.896 1.856 1.621 1.611 1.468
9.8116e-05 -2.19174 9.90000 0.8940207958 2.4476715001    0.891  1.083  3.7426  3.228    3  0.000  0.537     0.00     0.00     0.00     0.00     0.00 -1 -3.89e-12      0.00 7.645e-01 2.354e-01 1.688e-05 4.615e-06 4.195e-05 -1.000 9.997e-05 2.063 5.395 4.673 3.575 2.886 2.529 2.865 2.879 2.698 2.286 2.190 2.060 1.966 1.789 1.748 1.510 1.500 1.354
9.8116e-05 -2.19174 9.90000 0.8945584893 2.4478170342    0.892  1.133  3.7399  3.167    3  0.000  0.537     0.00     0.00     0.00     0.00     0.00 -1 -4.67e-12      0.00 7.622e-01 2.377e-01 1.699e-05 4.643e-06 4.219e-05 -1.000 1.000e-04 1.937 5.312 4.623 3.499 2.790 2.426 2.756 2.767 2.584 2.165 2.068 1.936 1.842 1.663 1.621 1.380 1.370 1.221
9.8116e-05 -2.19174 9.90000 0.8950124383 2.4479397452    0.892  1.178  3.7379  3.114    3  0.000  0.537     0.00     0.00     0.00     0.00     0.00 -1 -5.51e-12      0.00 7.605e-01 2.394e-01 1.706e-05 4.661e-06 4.235e-05 -1.000 1.001e-04 1.824 5.225 4.572 3.426 2.702 2.332 2.656 2.665 2.479 2.056 1.958 1.825 1.730 1.549 1.507 1.264 1.254 1.103
9.8116e-05 -2.19174 9.90000 0.8954498172 2.4480578416    0.893  1.225  3.7361  3.060    3  0.000  0.537     0.00     0.00     0.00     0.00     0.00 -1 -6.52e-12      0.00 7.589e-01 2.410e-01 1.711e-05 4.676e-06 4.248e-05 -1.000 1.000e-04 1.708 5.134 4.511 3.347 2.609 2.234 2.552 2.558 2.371 1.943 1.845 1.711 1.615 1.433 1.390 1.146 1.135 0.983
9.8116e-05 -2.19174 9.90000 0.8958570957 2.4481676914    0.893  1.271  3.7344  3.008    3  0.000  0.537     0.00     0.00     0.00     0.00     0.00 -1 -7.69e-12      0.00 7.574e-01 2.425e-01 1.714e-05 4.689e-06 4.258e-05 -1.000 9.993e-05 1.593 5.042 4.448 3.266 2.515 2.135 2.448 2.452 2.263 1.832 1.733 1.598 1.502 1.319 1.276 1.029 1.018 0.865
9.8116e-05 -2.19174 9.90000 0.8962408900 2.4482711020    0.893  1.317  3.7329  2.956    3  0.000  0.536     0.00     0.00     0.00     0.00     0.00 -1 -9.07e-12      0.00 7.560e-01 2.439e-01 1.714e-05 4.704e-06 4.266e-05 -1.000 1.000e-04 1.478 4.948 4.383 3.184 2.421 2.037 2.343 2.345 2.154 1.720 1.621 1.484 1.388 1.203 1.160 0.912 0.901 0.746
9.8116e-05 -2.19174 9.90000 0.8966251016 2.4483745231    0.894  1.366  3.7312  2.900    3  0.000  0.534     0.00     0.00     0.00     0.00     0.00 -1 -1.08e-11      0.00 7.545e-01 2.454e-01 1.712e-05 4.729e-06 4.273e-05 -1.000 9.999e-05 1.356 4.849 4.313 3.096 2.320 1.932 2.231 2.230 2.038 1.600 1.500 1.363 1.266 1.081 1.037 0.787 0.776 0.620
9.8116e-05 -2.19174 9.90000 0.8969571590 2.4484638234    0.894  1.411  3.7297  2.848    3  0.000  0.531     0.00     0.00     0.00     0.00     0.00 -1 -1.28e-11      0.00 7.533e-01 2.466e-01 1.705e-05 4.777e-06 4.279e-05 -1.000 1.000e-04 1.241 4.755 4.249 3.015 2.226 1.834 2.126 2.124 1.930 1.489 1.388 1.250 1.153 0.966 0.922 0.671 0.659 0.501
9.8116e-05 -2.19174 9.90000 0.8972838521 2.4485516069    0.894  1.460  3.7281  2.794    3  0.000  0.527     0.00     0.00     0.00     0.00     0.00 -1 -1.52e-11      0.00 7.520e-01 2.479e-01 1.693e-05 4.874e-06 4.283e-05 -1.000 1.000e-04 1.120 4.653 4.183 2.931 2.128 1.731 2.016 2.011 1.815 1.371 1.269 1.130 1.032 0.845 0.800 0.547 0.536 0.376
9.8116e-05 -2.19174 9.90000 0.8975804448 2.4486312387    0.894  1.508  3.7266  2.740    3  0.000  0.522     0.00     0.00     0.00     0.00     0.00 -1 -1.81e-11      0.00 7.509e-01 2.490e-01 1.679e-05 5.018e-06 4.287e-05 -1.000 9.997e-05 1.001 4.552 4.116 2.847 2.031 1.630 1.907 1.900 1.703 1.255 1.153 1.013 0.914 0.725 0.681 0.427 0.415 0.254
9.8116e-05 -2.19174 9.90000 0.8978488445 2.4487032489    0.894  1.554  3.7250  2.687    3  0.000  0.517     0.00     0.00     0.00     0.00     0.00 -1 -2.14e-11      0.00 7.500e-01 2.499e-01 1.662e-05 5.196e-06 4.289e-05 -1.000 1.000e-04 0.884 4.455 4.054 2.766 1.937 1.531 1.801 1.792 1.593 1.141 1.039 0.898 0.799 0.609 0.564 0.308 0.296 0.134
9.8116e-05 -2.19174 9.90000 0.8980935812 2.4487688672    0.894  1.601  3.7235  2.635    3  0.000  0.511     0.00     0.00     0.00     0.00     0.00 -1 -2.52e-11      0.00 7.493e-01 2.506e-01 1.646e-05 5.377e-06 4.292e-05 -1.000 9.996e-05 0.768 4.358 3.991 2.685 1.842 1.432 1.696 1.685 1.484 1.029 0.926 0.784 0.685 0.493 0.448 0.191 0.179 0.015
9.8116e-05 -2.19174 9.90000 0.8983247876 2.4488308201    0.894  1.648  3.7219  2.581    3  0.000  0.507     0.00     0.00     0.00     0.00     0.00 -1 -2.99e-11      0.00 7.487e-01 2.512e-01 1.633e-05 5.532e-06 4.293e-05 -1.000 9.999e-05 0.650 4.258 3.924 2.601 1.745 1.330 1.588 1.575 1.373 0.914 0.811 0.668 0.568 0.375 0.330 0.071 0.059 -0.107
9.8116e-05 -2.19174 9.90000 0.8985314369 2.4488861617    0.894  1.694  3.7203  2.529    3  0.000  0.504     0.00     0.00     0.00     0.00     0.00 -1 -3.53e-11      0.00 7.482e-01 2.517e-01 1.622e-05 5.673e-06 4.294e-05 -1.000 1.000e-04 0.536 4.163 3.865 2.522 1.652 1.232 1.485 1.469 1.266 0.803 0.699 0.555 0.455 0.261 0.215 -0.045 -0.058 -0.225
9.8116e-05 -2.19174 9.90000 0.8987167478 2.4489357639    0.894  1.738  3.7187  2.478    3  0.000  0.501     0.00     0.00     0.00     0.00     0.00 -1 -4.15e-11      0.00 7.479e-01 2.520e-01 1.615e-05 5.763e-06 4.296e-05 -1.000 9.999e-05 0.424 4.070 3.818 2.453 1.567 1.142 1.386 1.368 1.162 0.695 0.591 0.446 0.345 0.150 0.104 -0.158 -0.171 -0.339
9.8116e-05 -2.19174 9.90000 0.8988903761 2.4489822177    0.894  1.784  3.7171  2.426    3  0.000  0.500     0.00     0.00     0.00     0.00     0.00 -1 -4.89e-11      0.00 7.477e-01 2.522e-01 1.610e-05 5.828e-06 4.296e-05 -1.000 9.996e-05 0.311 3.978 3.781 2.390 1.484 1.052 1.286 1.264 1.057 0.585 0.480 0.334 0.232 0.036 -0.010 -0.274 -0.287 -0.457
9.8116e-05 -2.19174 9.90000 0.8990446329 2.4490234714    0.894  1.828  3.7155  2.376    3  0.000  0.499     0.00     0.00     0.00     0.00     0.00 -1 -5.74e-11      0.00 7.475e-01 2.524e-01 1.607e-05 5.869e-06 4.297e-05 -1.000 1.000e-04 0.201 3.889 3.748 2.332 1.404 0.967 1.190 1.165 0.955 0.479 0.373 0.226 0.124 -0.073 -0.121 -0.386 -0.399 -0.571
9.8116e-05 -2.19174 9.90000 0.8991886377 2.4490619687    0.894  1.872  3.7139  2.325    3  0.000  0.498     0.00     0.00     0.00     0.00     0.00 -1 -6.74e-11      0.00 7.475e-01 2.524e-01 1.605e-05 5.890e-06 4.297e-05 -1.000 1.000e-04 0.090 3.798 3.716 2.273 1.324 0.881 1.094 1.066 0.853 0.372 0.265 0.117 0.014 -0.184 -0.232 -0.499 -0.512 -0.685
9.8116e-05 -2.19174 9.90000 0.8993225694 2.4490977603    0.894  1.916  3.7123  2.274    3  0.000  0.498     0.00     0.00     0.00     0.00     0.00 -1 -7.92e-11      0.00 7.474e-01 2.525e-01 1.605e-05 5.897e-06 4.297e-05 -1.000 1.000e-04 -0.021 3.707 3.682 2.213 1.243 0.793 0.997 0.965 0.750 0.265 0.157 0.008 -0.096 -0.295 -0.343 -0.612 -0.626 -0.800
9.8116e-05 -2.19174 9.90000 0.8994454145 2.4491305785    0.894  1.961  3.7106  2.223    3  0.000  0.498     0.00     0.00     0.00     0.00     0.00 -1 -9.29e-11      0.00 7.474e-01 2.525e-01 1.605e-05 5.899e-06 4.297e-05 -1.000 1.001e-04 -0.131 3.618 3.652 2.156 1.164 0.707 0.901 0.867 0.649 0.159 0.050 -0.100 -0.204 -0.406 -0.454 -0.725 -0.738 -0.915
9.8116e-05 -2.19174 9.90000 0.8995571136 2.4491604100    0.893  2.004  3.7090  2.173    3  0.000  0.498     0.00     0.00     0.00     0.00     0.00 -1 -1.09e-10      0.00 7.474e-01 2.525e-01 1.605e-05 5.901e-06 4.297e-05 -1.000 1.000e-04 -0.240 3.528 3.627 2.102 1.088 0.624 0.808 0.770 0.550 0.054 -0.055 -0.207 -0.311 -0.514 -0.563 -0.836 -0.849 -1.027
9.8116e-05 -2.19174 9.90000 0.8996616006 2.4491883076    0.893  2.048  3.7073  2.122    3  0.000  0.498     0.00     0.00     0.00     0.00     0.00 -1 -1.28e-10      0.00 7.474e-01 2.525e-01 1.604e-05 5.903e-06 4.297e-05 -1.000 9.996e-05 -0.351 3.435 3.603 2.049 1.011 0.541 0.714 0.672 0.449 -0.052 -0.162 -0.315 -0.420 -0.624 -0.673 -0.948 -0.962 -1.141
9.8116e-05 -2.19174 9.90000 0.8997569084 2.4492137480    0.893  2.092  3.7056  2.071    3  0.000  0.498     0.00     0.00     0.00     0.00     0.00 -1  -1.5e-10      0.00 7.474e-01 2.525e-01 1.604e-05 5.904e-06 4.297e-05 -1.000 9.999e-05 -0.460 3.343 3.583 1.998 0.936 0.459 0.622 0.576 0.350 -0.157 -0.267 -0.422 -0.528 -0.733 -0.783 -1.059 -1.073 -1.255
9.8116e-05 -2.19174 9.90000 0.8998414874 2.4492363193    0.892  2.134  3.7039  2.022    3  0.000  0.498     0.00     0.00     0.00     0.00     0.00 -1 -1.75e-10      0.00 7.474e-01 2.525e-01 1.604e-05 5.905e-06 4.297e-05 -1.000 9.990e-05 -0.566 3.255 3.563 1.949 0.863 0.379 0.533 0.484 0.254 -0.257 -0.369 -0.525 -0.631 -0.838 -0.888 -1.167 -1.181 -1.364
9.8116e-05 -2.19174 9.90000 0.8999193907 2.4492571048    0.892  2.176  3.7023  1.973    3  0.000  0.498     0.00     0.00     0.00     0.00     0.00 -1 -2.04e-10      0.00 7.474e-01 2.525e-01 1.604e-05 5.907e-06 4.297e-05 -1.000 9.996e-05 -0.671 3.168 3.551 1.905 0.794 0.303 0.445 0.392 0.160 -0.358 -0.470 -0.627 -0.734 -0.942 -0.993 -1.273 -1.288 -1.472
9.8116e-05 -2.19174 9.90000 0.8999925256 2.4492766143    0.892  2.218  3.7006  1.924    3  0.000  0.498     0.00     0.00     0.00     0.00     0.00 -1 -2.38e-10      0.00 7.474e-01 2.525e-01 1.604e-05 5.908e-06 4.297e-05 -1.000 9.996e-05 -0.776 3.081 3.545 1.868 0.729 0.230 0.359 0.301 0.066 -0.458 -0.571 -0.729 -0.838 -1.047 -1.098 -1.380 -1.395 -1.582
9.8116e-05 -2.19174 9.90000 0.8999999762 2.4492786016    0.892  2.223  3.7004  1.919    3  0.000  0.498     0.00     0.00     0.00     0.00     0.00 -1 -2.41e-10      0.00 7.474e-01 2.525e-01 1.604e-05 5.908e-06 4.297e-05 -1.000 1.000e-04 -0.787 3.072 3.545 1.864 0.722 0.222 0.350 0.291 0.056 -0.468 -0.582 -0.740 -0.848 -1.058 -1.109 -1.392 -1.406 -1.593
9.8116e-05 -2.19174 9.90000 0.9000363350 2.4492882991    0.892  2.244  3.6995  1.894    3  0.000  0.498     0.00     0.00     0.00     0.00     0.00 -1 -2.61e-10      0.00 7.474e-01 2.525e-01 1.604e-05 5.909e-06 4.297e-05 -1.000 9.999e-05 -0.841 3.027 3.545 1.847 0.690 0.185 0.306 0.245 0.008 -0.520 -0.633 -0.793 -0.901 -1.112 -1.163 -1.447 -1.461 -1.649
9.8116e-05 -2.19174 9.90000 0.9001116753 2.4493083909    0.891  2.291  3.6977  1.839    3  0.000  0.498     0.00     0.00     0.00     0.00     0.00 -1  -3.1e-10      0.00 7.474e-01 2.525e-01 1.604e-05 5.910e-06 4.297e-05 -1.000 1.000e-04 -0.958 2.927 3.542 1.809 0.619 0.106 0.211 0.145 -0.097 -0.631 -0.746 -0.906 -1.016 -1.228 -1.280 -1.566 -1.581 -1.770
9.8116e-05 -2.19174 9.90000 0.9001944661 2.4493304650    0.890  2.333  3.6960  1.791    3  0.000  0.498     0.00     0.00     0.00     0.00     0.00 -1 -3.61e-10      0.00 7.474e-01 2.525e-01 1.604e-05 5.912e-06 4.297e-05 -1.000 9.999e-05 -1.061 2.838 3.542 1.777 0.557 0.037 0.127 0.056 -0.188 -0.729 -0.845 -1.007 -1.117 -1.331 -1.383 -1.671 -1.686 -1.877
9.8116e-05 -2.19174 9.90000 0.9002311826 2.4493402531    0.890  2.349  3.6953  1.772    3  0.000  0.498     0.00     0.00     0.00     0.00     0.00 -1 -3.83e-10      0.00 7.474e-01 2.525e-01 1.604e-05 5.912e-06 4.297e-05 -1.000 1.001e-04 -1.102 2.804 3.543 1.765 0.533 0.010 0.095 0.022 -0.224 -0.767 -0.883 -1.046 -1.157 -1.371 -1.424 -1.712 -1.727 -1.919
9.8116e-05 -2.19174 9.90000 0.9002776146 2.4493526299    0.889  2.331  3.6964  1.794    3  0.000  0.498     0.00     0.00     0.00     0.00     0.00 -1 -3.63e-10      0.00 7.474e-01 2.525e-01 1.604e-05 5.913e-06 4.297e-05 -1.000 9.999e-05 -1.057 2.840 3.527 1.769 0.554 0.036 0.127 0.057 -0.186 -0.726 -0.841 -1.003 -1.113 -1.327 -1.379 -1.666 -1.681 -1.872
9.8116e-05 -2.19174 9.90000 0.9002792835 2.4493530747    0.889  2.330  3.6964  1.795    3  0.000  0.498     0.00     0.00     0.00     0.00     0.00 -1 -3.63e-10      0.00 7.474e-01 2.525e-01 1.604e-05 5.913e-06 4.297e-05 -1.000 1.000e-04 -1.055 2.841 3.527 1.769 0.555 0.036 0.128 0.059 -0.185 -0.724 -0.839 -1.001 -1.112 -1.325 -1.377 -1.664 -1.679 -1.870
9.8116e-05 -2.19174 9.90000 0.9002999663 2.4493585873    0.889  2.347  3.6957  1.775    3  0.000  0.498     0.00     0.00     0.00     0.00     0.00 -1 -3.84e-10      0.00 7.474e-01 2.525e-01 1.604e-05 5.914e-06 4.297e-05 -1.000 1.000e-04 -1.097 2.806 3.530 1.758 0.531 0.009 0.095 0.023 -0.222 -0.764 -0.880 -1.042 -1.153 -1.367 -1.419 -1.707 -1.722 -1.914
9.8116e-05 -2.19174 9.90000 0.9003477097 2.4493713114    0.889  2.387  3.6940  1.728    3  0.000  0.498     0.00     0.00     0.00     0.00     0.00 -1 -4.41e-10      0.00 7.474e-01 2.525e-01 1.604e-05 5.915e-06 4.297e-05 -1.000 9.996e-05 -1.197 2.721 3.535 1.730 0.473 -0.056 0.016 -0.061 -0.310 -0.858 -0.975 -1.139 -1.250 -1.466 -1.519 -1.809 -1.824 -2.018
9.8116e-05 -2.19174 9.90000 0.9003949165 2.4493838909    0.888  2.429  3.6922  1.679    3  0.000  0.498     0.00     0.00     0.00     0.00     0.00 -1 -5.13e-10      0.00 7.474e-01 2.525e-01 1.603e-05 5.915e-06 4.297e-05 -1.000 1.000e-04 -1.301 2.632 3.536 1.699 0.411 -0.126 -0.068 -0.149 -0.402 -0.957 -1.074 -1.240 -1.352 -1.569 -1.623 -1.915 -1.930 -2.126
9.8116e-05 -2.19174 9.90000 0.9004365206 2.4493949762    0.887  2.467  3.6906  1.633    3  0.000  0.498     0.00     0.00     0.00     0.00     0.00 -1 -5.92e-10      0.00 7.474e-01 2.525e-01 1.603e-05 5.916e-06 4.297e-05 -1.000 9.999e-05 -1.399 2.549 3.542 1.673 0.355 -0.190 -0.144 -0.230 -0.487 -1.048 -1.167 -1.334 -1.447 -1.666 -1.720 -2.014 -2.030 -2.226
9.8116e-05 -2.19174 9.90000 0.9004760981 2.4494055204    0.887  2.507  3.6888  1.586    3  0.000  0.497     5.80     4.70     3.37     2.59     2.09  4 -6.85e-10      0.00 7.474e-01 2.525e-01 1.603e-05 5.917e-06 4.297e-05 -1.000 1.000e-04 -1.498 2.464 3.555 1.654 0.303 -0.250 -0.220 -0.311 -0.571 -1.141 -1.260 -1.429 -1.543 -1.763 -1.818 -2.114 -2.130 -2.329
9.8116e-05 -2.19174 9.90000 0.9005129337 2.4494153332    0.886  2.547  3.6871  1.539    3  0.000  0.497     6.40     5.11     3.65     2.80     2.27  4 -7.91e-10      0.00 7.474e-01 2.525e-01 1.603e-05 5.918e-06 4.297e-05 -1.000 1.000e-04 -1.596 2.379 3.566 1.633 0.250 -0.311 -0.295 -0.392 -0.656 -1.233 -1.353 -1.524 -1.638 -1.860 -1.915 -2.214 -2.230 -2.431
9.8116e-05 -2.19174 9.90000 0.9005465508 2.4494242877    0.885  2.585  3.6853  1.493    3  0.000  0.497     7.04     5.55     3.95     3.04     2.46  4 -9.11e-10      0.00 7.474e-01 2.525e-01 1.603e-05 5.918e-06 4.297e-05 -1.000 1.000e-04 -1.692 2.296 3.576 1.623 0.207 -0.362 -0.363 -0.467 -0.737 -1.322 -1.443 -1.615 -1.731 -1.955 -2.010 -2.311 -2.328 -2.530
9.8116e-05 -2.19174 9.90000 0.9005793929 2.4494330351    0.884  2.625  3.6836  1.446    3  0.000  0.497     7.77     6.04     4.28     3.30     2.67  3 -1.05e-09      0.00 7.474e-01 2.525e-01 1.603e-05 5.919e-06 4.297e-05 -1.000 1.001e-04 -1.792 2.211 3.566 1.634 0.183 -0.395 -0.424 -0.539 -0.817 -1.414 -1.538 -1.712 -1.829 -2.055 -2.111 -2.414 -2.431 -2.635
9.8116e-05 -2.19174 9.90000 0.9006080031 2.4494406548    0.883  2.662  3.6819  1.402    3  0.000  0.497     8.53     6.54     4.62     3.56     2.89  3 -1.21e-09      0.00 7.474e-01 2.525e-01 1.603e-05 5.919e-06 4.297e-05 -1.000 1.001e-04 -1.884 2.133 3.561 1.650 0.165 -0.422 -0.478 -0.603 -0.889 -1.500 -1.625 -1.802 -1.920 -2.148 -2.204 -2.510 -2.527 -2.733
9.8116e-05 -2.19174 9.90000 0.9006356597 2.4494480199    0.882  2.700  3.6801  1.356    3  0.000  0.497     9.38     7.10     4.99     3.86     3.13  3 -1.39e-09      0.00 7.474e-01 2.525e-01 1.603e-05 5.920e-06 4.297e-05 -1.000 1.001e-04 -1.979 2.053 3.564 1.675 0.153 -0.443 -0.529 -0.667 -0.962 -1.587 -1.714 -1.893 -2.013 -2.243 -2.300 -2.608 -2.625 -2.833
9.8116e-05 -2.19174 9.90000 0.9006608129 2.4494547179    0.881  2.736  3.6784  1.312    3  0.000  0.497    10.29     7.69     5.39     4.17     3.38  3  -1.6e-09      0.00 7.474e-01 2.525e-01 1.603e-05 5.920e-06 4.297e-05 -1.000 9.993e-05 -2.071 1.976 3.569 1.704 0.145 -0.459 -0.574 -0.725 -1.030 -1.670 -1.799 -1.981 -2.102 -2.335 -2.392 -2.703 -2.720 -2.930
9.8116e-05 -2.19174 9.90000 0.9006837606 2.4494608283    0.880  2.772  3.6769  1.270    3  0.000  0.497    11.24     8.29     5.80     4.49     3.64  3 -1.82e-09      0.00 7.474e-01 2.525e-01 1.603e-05 5.921e-06 4.297e-05 -1.000 9.993e-05 -2.160 1.900 3.575 1.732 0.137 -0.474 -0.618 -0.781 -1.096 -1.750 -1.882 -2.066 -2.188 -2.424 -2.482 -2.795 -2.812 -3.024
9.8116e-05 -2.19174 9.90000 0.9007064700 2.4494668748    0.879  2.809  3.6750  1.224    3  0.000  0.497    12.37     9.00     6.27     4.86     3.94  3 -2.09e-09      0.00 7.474e-01 2.525e-01 1.603e-05 5.921e-06 4.297e-05 -1.000 9.996e-05 -2.254 1.822 3.597 1.783 0.143 -0.476 -0.653 -0.833 -1.159 -1.833 -1.966 -2.154 -2.278 -2.517 -2.575 -2.892 -2.909 -3.124
9.8116e-05 -2.19174 9.90000 0.9007304907 2.4494732701    0.877  2.852  3.6729  1.173    3  0.000  0.497    13.78     9.88     6.85     5.32     4.31  3 -2.45e-09      0.00 7.474e-01 2.525e-01 1.603e-05 5.922e-06 4.297e-05 -1.000 1.000e-04 -2.359 1.734 3.624 1.840 0.151 -0.476 -0.691 -0.889 -1.231 -1.925 -2.062 -2.253 -2.380 -2.622 -2.681 -3.001 -3.019 -3.236
9.8116e-05 -2.19174 9.90000 0.9007499814 2.4494784590    0.875  2.889  3.6710  1.128    3  0.000  0.497    15.14    10.71     7.40     5.75     4.66  2 -2.81e-09      0.00 7.474e-01 2.525e-01 1.603e-05 5.922e-06 4.297e-05 -1.000 9.999e-05 -2.451 1.659 3.658 1.902 0.167 -0.467 -0.717 -0.933 -1.288 -2.004 -2.144 -2.339 -2.467 -2.713 -2.773 -3.096 -3.115 -3.334
9.8116e-05 -2.19174 9.90000 0.9007706046 2.4494839492    0.874  2.930  3.6689  1.077    3  0.000  0.497    16.84    11.73     8.07     6.29     5.10  2 -3.28e-09      0.00 7.474e-01 2.525e-01 1.603e-05 5.922e-06 4.297e-05 -1.000 1.000e-04 -2.555 1.574 3.702 1.981 0.192 -0.449 -0.741 -0.978 -1.350 -2.091 -2.235 -2.434 -2.565 -2.815 -2.876 -3.203 -3.222 -3.444
9.8116e-05 -2.19174 9.90000 0.9007872939 2.4494883919    0.872  2.966  3.6673  1.034    3  0.000  0.497    18.43    12.68     8.69     6.78     5.50  2 -3.75e-09      0.00 7.474e-01 2.525e-01 1.603e-05 5.923e-06 4.297e-05 -1.000 9.996e-05 -2.644 1.499 3.731 2.039 0.207 -0.440 -0.765 -1.019 -1.405 -2.167 -2.313 -2.516 -2.650 -2.903 -2.965 -3.295 -3.314 -3.539
9.8116e-05 -2.19174 9.90000 0.9008046985 2.4494930248    0.870  3.006  3.6652  0.985    3  0.000  0.497    20.43    13.85     9.45     7.38     5.99  2 -4.35e-09      0.00 7.474e-01 2.525e-01 1.603e-05 5.923e-06 4.297e-05 -1.000 9.993e-05 -2.744 1.418 3.783 2.130 0.244 -0.408 -0.774 -1.051 -1.457 -2.248 -2.398 -2.606 -2.742 -3.000 -3.063 -3.398 -3.417 -3.645
9.8116e-05 -2.19174 9.90000 0.9008187652 2.4494967690    0.868  3.039  3.6633  0.943    3  0.000  0.497    22.30    14.93    10.16     7.94     6.44  2 -4.93e-09      0.00 7.474e-01 2.525e-01 1.603e-05 5.923e-06 4.297e-05 -1.000 9.993e-05 -2.828 1.350 3.835 2.222 0.288 -0.369 -0.770 -1.069 -1.494 -2.312 -2.466 -2.680 -2.819 -3.081 -3.145 -3.485 -3.504 -3.735
9.8116e-05 -2.19174 9.90000 0.9008338451 2.4495007828    0.865  3.077  3.6615  0.896    3  0.000  0.497    24.57    16.23    11.00     8.61     6.99  2 -5.69e-09      0.00 7.474e-01 2.525e-01 1.603e-05 5.924e-06 4.297e-05 -1.000 1.000e-04 -2.923 1.271 3.880 2.308 0.326 -0.336 -0.771 -1.092 -1.538 -2.386 -2.544 -2.764 -2.906 -3.174 -3.238 -3.583 -3.603 -3.836
9.8116e-05 -2.19174 9.90000 0.9008463621 2.4495041143    0.863  3.110  3.6595  0.854    3  0.000  0.497    26.85    17.51    11.82     9.27     7.52  2 -6.46e-09      0.00 7.473e-01 2.526e-01 1.603e-05 5.924e-06 4.297e-05 -1.000 9.996e-05 -3.006 1.205 3.945 2.421 0.388 -0.279 -0.749 -1.094 -1.564 -2.446 -2.608 -2.834 -2.980 -3.253 -3.319 -3.669 -3.690 -3.927
9.8116e-05 -2.19174 9.90000 0.9008594155 2.4495075885    0.860  3.147  3.6576  0.808    3  0.000  0.497    29.57    19.02    12.79    10.04     8.15  1 -7.43e-09      0.00 7.473e-01 2.526e-01 1.603e-05 5.924e-06 4.297e-05 -1.000 9.996e-05 -3.098 1.130 4.000 2.517 0.434 -0.238 -0.739 -1.106 -1.598 -2.512 -2.680 -2.912 -3.060 -3.340 -3.407 -3.763 -3.784 -4.024
9.8116e-05 -2.19174 9.90000 0.9008725286 2.4495110784    0.857  3.185  3.6556  0.760    3  0.000  0.497    32.65    20.70    13.87    10.90     8.85  1 -8.58e-09      0.00 7.473e-01 2.526e-01 1.603e-05 5.924e-06 4.297e-05 -1.000 1.000e-04 -3.193 1.049 4.059 2.573 0.441 -0.238 -0.757 -1.139 -1.647 -2.584 -2.755 -2.993 -3.143 -3.428 -3.496 -3.857 -3.878 -4.122
9.8116e-05 -2.19174 9.90000 0.9008845091 2.4495142668    0.854  3.220  3.6536  0.716    3  0.000  0.497    35.83    22.42    14.97    11.78     9.57  1 -9.82e-09      0.00 7.473e-01 2.526e-01 1.603e-05 5.925e-06 4.297e-05 -1.000 1.001e-04 -3.280 0.975 4.117 2.632 0.451 -0.234 -0.770 -1.166 -1.690 -2.650 -2.824 -3.066 -3.219 -3.508 -3.578 -3.944 -3.965 -4.213
9.8116e-05 -2.19174 9.90000 0.9008892179 2.4495155199    0.853  3.234  3.6529  0.699    3  0.000  0.497    37.11    23.10    15.40    12.13     9.85  1 -1.03e-08      0.00 7.473e-01 2.526e-01 1.603e-05 5.925e-06 4.297e-05 -1.000 9.996e-05 -3.314 0.946 4.136 2.651 0.453 -0.234 -0.777 -1.178 -1.707 -2.675 -2.850 -3.095 -3.248 -3.540 -3.610 -3.977 -3.999 -4.248
9.8116e-05 -2.19174 9.90000 0.9008892179 2.4495155199    0.853  1.755  3.8301  2.886    4  0.000  0.517     0.00     0.00     0.00     0.00     0.00 -1    -1e-30      0.00 7.504e-01 2.495e-01 1.658e-05 5.159e-06 4.273e-05 -1.000 1.000e-04 0.383 2.492 1.671 1.181 0.890 0.736 0.722 0.724 0.636 0.434 0.381 0.314 0.259 0.160 0.139 0.000 -0.005 -0.083
9.8116e-05 -2.19174 9.90000 0.9009323716 2.4495270036    0.853  1.768  3.8218  2.840    4  0.000  0.517     0.00     0.00     0.00     0.00     0.00 -1    -1e-30      0.00 7.504e-01 2.495e-01 1.658e-05 5.159e-06 4.273e-05 -1.000 1.000e-04 0.350 2.575 1.733 1.199 0.880 0.710 0.721 0.725 0.631 0.413 0.356 0.283 0.226 0.119 0.096 -0.052 -0.057 -0.141
9.8116e-05 -2.19174 9.90000 0.9010095000 2.4495475251    0.853  1.779  3.8151  2.802    4  0.000  0.517     0.00     0.00     0.00     0.00     0.00 -1    -1e-30      0.00 7.504e-01 2.495e-01 1.658e-05 5.160e-06 4.273e-05 -1.000 1.000e-04 0.322 2.641 1.784 1.214 0.871 0.688 0.719 0.725 0.625 0.394 0.335 0.258 0.197 0.085 0.060 -0.095 -0.100 -0.189
9.8116e-05 -2.19174 9.90000 0.9010840058 2.4495673449    0.853  1.780  3.8153  2.801    4  0.000  0.517     0.00     0.00     0.00     0.00     0.00 -1    -1e-30      0.00 7.504e-01 2.495e-01 1.658e-05 5.161e-06 4.274e-05 -1.000 1.001e-04 0.319 2.637 1.779 1.211 0.868 0.685 0.715 0.721 0.621 0.391 0.331 0.254 0.193 0.082 0.057 -0.098 -0.103 -0.192
9.8116e-05 -2.19174 9.90000 0.9011598229 2.4495875098    0.853  1.781  3.8159  2.803    4  0.000  0.517     0.00     0.00     0.00     0.00     0.00 -1    -1e-30      0.00 7.504e-01 2.495e-01 1.658e-05 5.161e-06 4.274e-05 -1.000 1.001e-04 0.317 2.626 1.770 1.205 0.864 0.683 0.710 0.716 0.616 0.387 0.328 0.251 0.191 0.080 0.055 -0.099 -0.104 -0.192
9.8116e-05 -2.19174 9.90000 0.9012385607 2.4496084473    0.853  1.782  3.8168  2.806    4  0.000  0.517     0.00     0.00     0.00     0.00     0.00 -1    -1e-30      0.00 7.504e-01 2.495e-01 1.658e-05 5.162e-06 4.274e-05 -1.000 1.001e-04 0.314 2.611 1.757 1.197 0.860 0.680 0.704 0.710 0.611 0.384 0.325 0.249 0.189 0.079 0.054 -0.099 -0.104 -0.192
9.8116e-05 -2.19174 9.90000 0.9013129473 2.4496282239    0.853  1.783  3.8180  2.810    4  0.000  0.517     0.00     0.00     0.00     0.00     0.00 -1    -1e-30      0.00 7.504e-01 2.495e-01 1.658e-05 5.163e-06 4.274e-05 -1.000 1.001e-04 0.313 2.594 1.743 1.189 0.855 0.678 0.698 0.703 0.605 0.380 0.322 0.247 0.187 0.078 0.054 -0.098 -0.103 -0.190
9.8116e-05 -2.19174 9.90000 0.9013912678 2.4496490423    0.853  1.783  3.8194  2.815    4  0.000  0.517     0.00     0.00     0.00     0.00     0.00 -1    -1e-30      0.00 7.504e-01 2.495e-01 1.658e-05 5.164e-06 4.274e-05 -1.000 1.000e-04 0.312 2.574 1.726 1.179 0.851 0.676 0.691 0.696 0.599 0.377 0.319 0.245 0.186 0.078 0.054 -0.096 -0.101 -0.187
9.8116e-05 -2.19174 9.90000 0.9014687538 2.4496696348    0.853  1.784  3.8209  2.821    4  0.000  0.517     0.00     0.00     0.00     0.00     0.00 -1    -1e-30      0.00 7.504e-01 2.495e-01 1.658e-05 5.164e-06 4.274e-05 -1.000 1.000e-04 0.311 2.552 1.708 1.170 0.846 0.675 0.684 0.688 0.593 0.374 0.317 0.244 0.186 0.079 0.055 -0.093 -0.098 -0.183
9.8116e-05 -2.19174 9.90000 0.9015467167 2.4496903500    0.853  1.784  3.8225  2.827    4  0.000  0.517     0.00     0.00     0.00     0.00     0.00 -1    -1e-30      0.00 7.504e-01 2.495e-01 1.658e-05 5.165e-06 4.274e-05 -1.000 9.999e-05 0.310 2.530 1.691 1.160 0.842 0.674 0.677 0.681 0.587 0.371 0.314 0.242 0.185 0.080 0.056 -0.090 -0.095 -0.179
9.8116e-05 -2.19174 9.90000 0.9016200900 2.4497098419    0.853  1.784  3.8239  2.832    4  0.000  0.517     0.00     0.00     0.00     0.00     0.00 -1    -1e-30      0.00 7.504e-01 2.495e-01 1.658e-05 5.166e-06 4.274e-05 -1.000 1.000e-04 0.310 2.511 1.675 1.152 0.838 0.672 0.671 0.674 0.581 0.368 0.312 0.241 0.184 0.080 0.057 -0.088 -0.093 -0.176
9.8116e-05 -2.19174 9.90000 0.9017003775 2.4497311664    0.853  1.785  3.8252  2.837    4  0.000  0.517     0.00     0.00     0.00     0.00     0.00 -1    -1e-30      0.00 7.503e-01 2.496e-01 1.658e-05 5.166e-06 4.274e-05 -1.000 1.001e-04 0.309 2.493 1.661 1.144 0.835 0.671 0.664 0.667 0.576 0.365 0.310 0.240 0.184 0.081 0.058 -0.086 -0.091 -0.173
9.8116e-05 -2.19174 9.90000 0.9017788172 2.4497519959    0.854  1.785  3.8262  2.841    4  0.000  0.517     0.00     0.00     0.00     0.00     0.00 -1    -1e-30      0.00 7.503e-01 2.496e-01 1.658e-05 5.167e-06 4.274e-05 -1.000 1.000e-04 0.307 2.478 1.649 1.137 0.831 0.670 0.659 0.662 0.571 0.363 0.308 0.238 0.183 0.080 0.058 -0.085 -0.090 -0.171
9.8116e-05 -2.19174 9.90000 0.9018580317 2.4497730269    0.854  1.786  3.8268  2.843    4  0.000  0.517     0.00     0.00     0.00     0.00     0.00 -1    -1e-30      0.00 7.503e-01 2.496e-01 1.658e-05 5.168e-06 4.274e-05 -1.000 1.000e-04 0.306 2.468 1.641 1.132 0.829 0.668 0.655 0.658 0.568 0.360 0.305 0.237 0.181 0.080 0.057 -0.085 -0.090 -0.171
9.8116e-05 -2.19174 9.90000 0.9019389153 2.4497944967    0.854  1.786  3.8271  2.843    4  0.000  0.517     0.00     0.00     0.00     0.00     0.00 -1    -1e-30      0.00 7.503e-01 2.496e-01 1.658e-05 5.168e-06 4.274e-05 -1.000 1.001e-04 0.304 2.463 1.636 1.129 0.826 0.666 0.652 0.655 0.565 0.358 0.303 0.235 0.179 0.078 0.056 -0.086 -0.091 -0.172
9.8116e-05 -2.19174 9.90000 0.9019714594 2.4498031340    0.854  1.787  3.8271  2.843    4  0.000  0.517     0.00     0.00     0.00     0.00     0.00 -1    -1e-30      0.00 7.503e-01 2.496e-01 1.658e-05 5.169e-06 4.274e-05 -1.000 1.000e-04 0.303 2.462 1.635 1.128 0.825 0.665 0.651 0.654 0.564 0.357 0.302 0.234 0.178 0.077 0.055 -0.087 -0.092 -0.172
9.8116e-05 -2.19174 9.90000 0.9020506740 2.4498241547    0.854  1.788  3.8266  2.840    4  0.000  0.517     0.00     0.00     0.00     0.00     0.00 -1    -1e-30      0.00 7.503e-01 2.496e-01 1.658e-05 5.169e-06 4.274e-05 -1.000 1.000e-04 0.301 2.467 1.639 1.129 0.824 0.663 0.651 0.653 0.563 0.355 0.300 0.231 0.176 0.074 0.051 -0.091 -0.096 -0.177
9.8116e-05 -2.19174 9.90000 0.9021272659 2.4498444754    0.854  1.789  3.8256  2.835    4  0.000  0.517     0.00     0.00     0.00     0.00     0.00 -1    -1e-30      0.00 7.503e-01 2.496e-01 1.658e-05 5.170e-06 4.274e-05 -1.000 1.001e-04 0.298 2.478 1.647 1.132 0.824 0.661 0.652 0.654 0.563 0.354 0.298 0.229 0.173 0.070 0.047 -0.096 -0.101 -0.183
9.8116e-05 -2.19174 9.90000 0.9022053480 2.4498651874    0.854  1.790  3.8240  2.827    4  0.000  0.517     0.00     0.00     0.00     0.00     0.00 -1    -1e-30      0.00 7.503e-01 2.496e-01 1.658e-05 5.171e-06 4.274e-05 -1.000 9.999e-05 0.294 2.496 1.661 1.138 0.824 0.658 0.654 0.657 0.565 0.352 0.296 0.225 0.169 0.065 0.042 -0.103 -0.108 -0.191
9.8116e-05 -2.19174 9.90000 0.9022353292 2.4498731391    0.854  1.791  3.8232  2.823    4  0.000  0.517     0.00     0.00     0.00     0.00     0.00 -1    -1e-30      0.00 7.503e-01 2.496e-01 1.658e-05 5.171e-06 4.274e-05 -1.000 1.000e-04 0.292 2.505 1.668 1.141 0.824 0.657 0.655 0.659 0.566 0.352 0.295 0.224 0.167 0.062 0.039 -0.107 -0.112 -0.195
9.8116e-05 -2.19174 9.90000 0.9022718072 2.4498828131    0.854  1.792  3.8223  2.819    4  0.000  0.517     0.00     0.00     0.00     0.00     0.00 -1    -1e-30      0.00 7.503e-01 2.496e-01 1.658e-05 5.172e-06 4.274e-05 -1.000 1.001e-04 0.290 2.516 1.676 1.144 0.825 0.656 0.657 0.661 0.567 0.351 0.294 0.222 0.165 0.059 0.036 -0.111 -0.116 -0.200
9.8116e-05 -2.19174 9.90000 0.9023574591 2.4499055244    0.854  1.794  3.8192  2.804    4  0.000  0.517     0.00     0.00     0.00     0.00     0.00 -1    -1e-30      0.00 7.503e-01 2.496e-01 1.657e-05 5.173e-06 4.274e-05 -1.000 1.001e-04 0.285 2.552 1.705 1.157 0.827 0.652 0.664 0.668 0.572 0.350 0.292 0.218 0.159 0.051 0.027 -0.124 -0.129 -0.215
9.8116e-05 -2.19174 9.90000 0.9024404883 2.4499275357    0.854  1.797  3.8154  2.787    4  0.000  0.517     0.00     0.00     0.00     0.00     0.00 -1    -1e-30      0.00 7.503e-01 2.496e-01 1.657e-05 5.175e-06 4.274e-05 -1.000 1.001e-04 0.278 2.599 1.743 1.174 0.831 0.648 0.673 0.678 0.579 0.349 0.289 0.213 0.152 0.041 0.016 -0.139 -0.144 -0.232
9.8116e-05 -2.19174 9.90000 0.9025182724 2.4499481521    0.854  1.799  3.8114  2.768    4  0.000  0.517     0.00     0.00     0.00     0.00     0.00 -1    -1e-30      0.00 7.503e-01 2.496e-01 1.657e-05 5.176e-06 4.274e-05 -1.000 1.001e-04 0.272 2.646 1.782 1.191 0.834 0.643 0.683 0.690 0.586 0.349 0.287 0.208 0.145 0.030 0.005 -0.154 -0.160 -0.251
9.8116e-05 -2.19174 9.90000 0.9025440812 2.4499549918    0.854  1.800  3.8100  2.761    4  0.000  0.517     0.00     0.00     0.00     0.00     0.00 -1    -1e-30      0.00 7.503e-01 2.496e-01 1.657e-05 5.176e-06 4.274e-05 -1.000 1.000e-04 0.269 2.662 1.794 1.196 0.834 0.641 0.687 0.694 0.590 0.349 0.286 0.206 0.143 0.027 0.001 -0.160 -0.166 -0.257
9.8116e-05 -2.19174 9.90000 0.9025740027 2.4499629208    0.854  1.801  3.8082  2.753    4  0.000  0.517     0.00     0.00     0.00     0.00     0.00 -1    -1e-30      0.00 7.503e-01 2.496e-01 1.657e-05 5.177e-06 4.274e-05 -1.000 1.000e-04 0.266 2.682 1.813 1.205 0.836 0.639 0.692 0.700 0.594 0.349 0.286 0.204 0.140 0.022 -0.004 -0.167 -0.172 -0.266
9.8116e-05 -2.19174 9.90000 0.9026572108 2.4499849673    0.855  1.805  3.8027  2.727    4  0.000  0.517     0.00     0.00     0.00     0.00     0.00 -1    -1e-30      0.00 7.503e-01 2.496e-01 1.657e-05 5.179e-06 4.275e-05 -1.000 1.000e-04 0.258 2.745 1.869 1.229 0.841 0.633 0.709 0.719 0.607 0.350 0.284 0.198 0.132 0.009 -0.018 -0.187 -0.193 -0.290
9.8116e-05 -2.19174 9.90000 0.9027427435 2.4500076248    0.855  1.809  3.7968  2.700    4  0.000  0.517     0.00     0.00     0.00     0.00     0.00 -1    -1e-30      0.00 7.503e-01 2.496e-01 1.657e-05 5.180e-06 4.275e-05 -1.000 1.001e-04 0.248 2.813 1.933 1.258 0.848 0.627 0.727 0.738 0.621 0.350 0.282 0.192 0.123 -0.005 -0.034 -0.209 -0.215 -0.317
9.8116e-05 -2.19174 9.90000 0.9028275609 2.4500300879    0.855  1.813  3.7908  2.672    4  0.000  0.517     0.00     0.00     0.00     0.00     0.00 -1    -1e-30      0.00 7.503e-01 2.496e-01 1.657e-05 5.182e-06 4.275e-05 -1.000 1.000e-04 0.236 2.882 1.999 1.289 0.855 0.623 0.745 0.758 0.634 0.350 0.279 0.185 0.113 -0.020 -0.050 -0.232 -0.239 -0.344
9.8116e-05 -2.19174 9.90000 0.9029086828 2.4500515678    0.855  1.818  3.7854  2.645    4  0.000  0.517     0.00     0.00     0.00     0.00     0.00 -1    -1e-30      0.00 7.503e-01 2.496e-01 1.657e-05 5.183e-06 4.275e-05 -1.000 1.001e-04 0.224 2.944 2.063 1.319 0.863 0.619 0.761 0.774 0.645 0.349 0.275 0.177 0.103 -0.035 -0.066 -0.254 -0.261 -0.371
9.8116e-05 -2.19174 9.90000 0.9029901624 2.4500731379    0.855  1.823  3.7802  2.619    4  0.000  0.517     0.00     0.00     0.00     0.00     0.00 -1    -1e-30      0.00 7.503e-01 2.496e-01 1.657e-05 5.185e-06 4.275e-05 -1.000 1.000e-04 0.211 3.002 2.122 1.345 0.868 0.613 0.774 0.788 0.654 0.346 0.270 0.168 0.092 -0.051 -0.083 -0.277 -0.284 -0.398
9.8116e-05 -2.19174 9.90000 0.9030715227 2.4500946720    0.855  1.829  3.7757  2.596    4  0.000  0.517     0.00     0.00     0.00     0.00     0.00 -1    -1e-30      0.00 7.502e-01 2.497e-01 1.656e-05 5.186e-06 4.275e-05 -1.000 9.997e-05 0.197 3.057 2.185 1.375 0.878 0.613 0.784 0.798 0.659 0.341 0.262 0.158 0.080 -0.067 -0.100 -0.299 -0.306 -0.424
9.8116e-05 -2.19174 9.90000 0.9031540751 2.4501165171    0.855  1.835  3.7719  2.575    4  0.000  0.517     0.00     0.00     0.00     0.00     0.00 -1    -1e-30      0.00 7.502e-01 2.497e-01 1.656e-05 5.188e-06 4.275e-05 -1.000 1.000e-04 0.183 3.099 2.232 1.397 0.882 0.610 0.790 0.803 0.660 0.334 0.254 0.146 0.067 -0.082 -0.117 -0.319 -0.327 -0.448
9.8116e-05 -2.19174 9.90000 0.9032346010 2.4501378214    0.855  1.841  3.7685  2.555    4  0.000  0.517     0.00     0.00     0.00     0.00     0.00 -1    -1e-30      0.00 7.502e-01 2.497e-01 1.656e-05 5.189e-06 4.275e-05 -1.000 1.001e-04 0.167 3.135 2.276 1.415 0.885 0.605 0.793 0.805 0.659 0.325 0.243 0.134 0.053 -0.100 -0.134 -0.341 -0.349 -0.473
9.8116e-05 -2.19174 9.90000 0.9033179879 2.4501598781    0.855  1.841  3.7702  2.562    4  0.000  0.517     0.00     0.00     0.00     0.00     0.00 -1    -1e-30      0.00 7.502e-01 2.497e-01 1.656e-05 5.191e-06 4.275e-05 -1.000 1.001e-04 0.168 3.111 2.246 1.398 0.876 0.600 0.783 0.796 0.652 0.321 0.240 0.132 0.052 -0.099 -0.133 -0.338 -0.346 -0.468
9.8116e-05 -2.19174 9.90000 0.9033985734 2.4501811893    0.855  1.848  3.7655  2.536    4  0.000  0.517     0.00     0.00     0.00     0.00     0.00 -1    -1e-30      0.00 7.502e-01 2.497e-01 1.656e-05 5.192e-06 4.275e-05 -1.000 1.001e-04 0.151 3.164 2.316 1.432 0.885 0.598 0.793 0.805 0.656 0.314 0.231 0.120 0.038 -0.117 -0.153 -0.363 -0.371 -0.497
9.8116e-05 -2.19174 9.90000 0.9034838080 2.4502037253    0.855  1.864  3.7586  2.492    4  0.000  0.516     0.00     0.00     0.00     0.00     0.00 -1    -1e-30      0.00 7.502e-01 2.497e-01 1.656e-05 5.194e-06 4.275e-05 -1.000 1.001e-04 0.109 3.227 2.409 1.469 0.884 0.579 0.791 0.802 0.646 0.287 0.201 0.084 -0.000 -0.161 -0.198 -0.416 -0.425 -0.557
9.8116e-05 -2.19174 9.90000 0.9035651684 2.4502252323    0.855  1.891  3.7505  2.433    4  0.000  0.516     0.00     0.00     0.00     0.00     0.00 -1    -1e-30      0.00 7.502e-01 2.497e-01 1.656e-05 5.195e-06 4.275e-05 -1.000 1.000e-04 0.042 3.281 2.522 1.511 0.877 0.550 0.773 0.780 0.615 0.237 0.148 0.026 -0.062 -0.230 -0.268 -0.495 -0.505 -0.644
9.8116e-05 -2.19174 9.90000 0.9036123753 2.4502377091    0.856  1.921  3.7431  2.374    4  0.000  0.516     0.00     0.00     0.00     0.00     0.00 -1    -1e-30      0.00 7.502e-01 2.497e-01 1.656e-05 5.196e-06 4.275e-05 -1.000 1.001e-04 -0.031 3.312 2.630 1.548 0.864 0.517 0.745 0.748 0.575 0.179 0.086 -0.041 -0.131 -0.305 -0.345 -0.580 -0.590 -0.736
9.8116e-05 -2.19174 9.90000 0.9036359191 2.4502439312    0.856  1.956  3.7359  2.310    4  0.000  0.516     0.00     0.00     0.00     0.00     0.00 -1    -1e-30      0.00 7.502e-01 2.497e-01 1.656e-05 5.196e-06 4.275e-05 -1.000 1.000e-04 -0.119 3.329 2.757 1.595 0.852 0.482 0.706 0.702 0.522 0.107 0.011 -0.121 -0.215 -0.394 -0.436 -0.678 -0.689 -0.842
9.8116e-05 -2.19174 9.90000 0.9036455750 2.4502464829    0.856  1.993  3.7297  2.248    4  0.000  0.516     0.00     0.00     0.00     0.00     0.00 -1    -1e-30      0.00 7.502e-01 2.497e-01 1.656e-05 5.196e-06 4.275e-05 -1.000 1.000e-04 -0.213 3.325 2.874 1.636 0.834 0.443 0.658 0.647 0.459 0.027 -0.072 -0.208 -0.305 -0.489 -0.533 -0.782 -0.793 -0.951
9.8116e-05 -2.19174 9.90000 0.9036495090 2.4502475225    0.856  2.031  3.7248  2.190    4  0.000  0.516     0.00     0.00     0.00     0.00     0.00 -1    -1e-30      0.00 7.502e-01 2.497e-01 1.656e-05 5.197e-06 4.275e-05 -1.000 1.000e-04 -0.308 3.291 2.963 1.658 0.806 0.397 0.600 0.583 0.388 -0.057 -0.159 -0.298 -0.396 -0.585 -0.630 -0.884 -0.896 -1.059
9.8116e-05 -2.19174 9.90000 0.9036499262 2.4502476327    0.856  2.038  3.7241  2.180    4  0.000  0.516     0.00     0.00     0.00     0.00     0.00 -1    -1e-30      0.00 7.502e-01 2.497e-01 1.656e-05 5.197e-06 4.275e-05 -1.000 1.001e-04 -0.326 3.283 2.973 1.658 0.799 0.388 0.589 0.571 0.375 -0.073 -0.175 -0.315 -0.413 -0.602 -0.647 -0.903 -0.915 -1.078
9.8116e-05 -2.19174 9.90000 0.9036499858 2.4502476485    0.856  2.039  3.7240  2.180    7  0.000  0.516     0.00     0.00     0.00     0.00     0.00 -1    -1e-30      0.00 7.502e-01 2.497e-01 1.656e-05 5.197e-06 4.275e-05 -1.000 1.001e-04 -0.327 3.282 2.974 1.658 0.798 0.387 0.588 0.570 0.374 -0.074 -0.176 -0.316 -0.414 -0.604 -0.648 -0.904 -0.916 -1.079
9.8116e-05 -2.19174 9.90000 0.9036505222 2.4502477902    0.856  2.051  3.7229  2.163    7  0.000  0.516     0.00     0.00     0.00     0.00     0.00 -1    -1e-30      0.00 7.502e-01 2.497e-01 1.656e-05 5.197e-06 4.275e-05 -1.000 1.000e-04 -0.357 3.266 2.986 1.655 0.783 0.368 0.566 0.546 0.349 -0.102 -0.204 -0.345 -0.444 -0.634 -0.679 -0.936 -0.948 -1.112
9.8116e-05 -2.19174 9.90000 0.9036521912 2.4502482313    0.856  2.092  3.7194  2.107    7  0.000  0.516     0.00     0.00     0.00     0.00     0.00 -1    -1e-30      0.00 7.502e-01 2.497e-01 1.656e-05 5.197e-06 4.275e-05 -1.000 1.000e-04 -0.461 3.206 3.020 1.640 0.730 0.302 0.490 0.466 0.263 -0.198 -0.301 -0.445 -0.545 -0.738 -0.784 -1.044 -1.057 -1.224
9.8116e-05 -2.19174 9.90000 0.9036535621 2.4502485935    0.856  2.126  3.7170  2.064    7  0.000  0.516     0.00     0.00     0.00     0.00     0.00 -1    -1e-30      0.00 7.502e-01 2.497e-01 1.656e-05 5.197e-06 4.275e-05 -1.000 1.000e-04 -0.544 3.151 3.044 1.626 0.687 0.250 0.429 0.400 0.194 -0.274 -0.379 -0.524 -0.626 -0.821 -0.867 -1.130 -1.143 -1.313
9.8116e-05 -2.19174 9.90000 0.9036549330 2.4502489558    0.856  2.152  3.7152  2.031    7  0.000  0.516     0.00     0.00     0.00     0.00     0.00 -1    -1e-30      0.00 7.502e-01 2.497e-01 1.656e-05 5.197e-06 4.275e-05 -1.000 1.001e-04 -0.610 3.105 3.057 1.611 0.651 0.207 0.380 0.347 0.138 -0.335 -0.441 -0.588 -0.690 -0.886 -0.933 -1.198 -1.211 -1.383
9.8116e-05 -2.19174 9.90000 0.9036567807 2.4502494441    0.856  2.157  3.7150  2.025    7  0.000  0.516     0.00     0.00     0.00     0.00     0.00 -1    -1e-30      0.00 7.502e-01 2.497e-01 1.656e-05 5.197e-06 4.275e-05 -1.000 9.999e-05 -0.623 3.095 3.055 1.606 0.643 0.198 0.369 0.337 0.127 -0.347 -0.453 -0.600 -0.702 -0.899 -0.946 -1.211 -1.224 -1.396
9.8116e-05 -2.19174 9.90000 0.9036610126 2.4502505624    0.856  2.162  3.7148  2.019    7  0.000  0.516     0.00     0.00     0.00     0.00     0.00 -1    -1e-30      0.00 7.502e-01 2.497e-01 1.656e-05 5.197e-06 4.275e-05 -1.000 1.001e-04 -0.636 3.084 3.051 1.599 0.633 0.188 0.357 0.325 0.115 -0.360 -0.466 -0.613 -0.715 -0.912 -0.959 -1.225 -1.238 -1.410
9.8116e-05 -2.19174 9.90000 0.9036670923 2.4502521689    0.856  2.163  3.7147  2.018    7  0.000  0.516     0.00     0.00     0.00     0.00     0.00 -1    -1e-30      0.00 7.502e-01 2.497e-01 1.656e-05 5.197e-06 4.275e-05 -1.000 1.000e-04 -0.637 3.084 3.053 1.600 0.633 0.187 0.357 0.324 0.114 -0.361 -0.467 -0.614 -0.716 -0.913 -0.961 -1.226 -1.239 -1.412
9.8116e-05 -2.19174 9.90000 0.9037040472 2.4502619337    0.856  2.172  3.7139  2.006    7  0.000  0.516     0.00     0.00     0.00     0.00     0.00 -1    -1e-30      0.00 7.502e-01 2.497e-01 1.656e-05 5.197e-06 4.275e-05 -1.000 1.000e-04 -0.660 3.071 3.068 1.601 0.624 0.175 0.342 0.308 0.097 -0.381 -0.488 -0.635 -0.738 -0.935 -0.983 -1.249 -1.263 -1.436
9.8116e-05 -2.19174 9.90000 0.9037278295 2.4502682173    0.856  2.203  3.7117  1.966    7  0.000  0.516     0.00     0.00     0.00     0.00     0.00 -1    -1e-30      0.00 7.502e-01 2.497e-01 1.656e-05 5.198e-06 4.275e-05 -1.000 1.000e-04 -0.738 3.018 3.093 1.591 0.585 0.128 0.284 0.246 0.031 -0.454 -0.561 -0.711 -0.814 -1.014 -1.062 -1.331 -1.344 -1.519
9.8116e-05 -2.19174 9.90000 0.9037554264 2.4502755083    0.856  2.256  3.7083  1.900    7  0.000  0.516     0.00     0.00     0.00     0.00     0.00 -1    -1e-30      0.00 7.502e-01 2.497e-01 1.656e-05 5.198e-06 4.275e-05 -1.000 1.001e-04 -0.870 2.923 3.135 1.574 0.521 0.048 0.186 0.140 -0.081 -0.577 -0.686 -0.838 -0.943 -1.146 -1.195 -1.467 -1.481 -1.660
9.8116e-05 -2.19174 9.90000 0.9037815928 2.4502824210    0.856  2.314  3.7049  1.828    7  0.000  0.516     0.00     0.00     0.00     0.00     0.00 -1    -1e-30      0.00 7.502e-01 2.497e-01 1.656e-05 5.199e-06 4.275e-05 -1.000 1.000e-04 -1.015 2.813 3.178 1.555 0.449 -0.039 0.077 0.023 -0.204 -0.713 -0.823 -0.978 -1.085 -1.290 -1.340 -1.617 -1.631 -1.814
9.8116e-05 -2.19174 9.90000 0.9038051367 2.4502886403    0.856  2.362  3.7021  1.769    7  0.000  0.516     0.00     0.00     0.00     0.00     0.00 -1    -1e-30      0.00 7.502e-01 2.497e-01 1.655e-05 5.200e-06 4.275e-05 -1.000 9.999e-05 -1.136 2.719 3.208 1.535 0.386 -0.113 -0.014 -0.074 -0.306 -0.825 -0.937 -1.094 -1.202 -1.410 -1.461 -1.741 -1.755 -1.940
9.8116e-05 -2.19174 9.90000 0.9038259387 2.4502941351    0.856  2.406  3.6997  1.716    7  0.000  0.516     0.00     0.00     0.00     0.00     0.00 -1    -1e-30      0.00 7.502e-01 2.497e-01 1.655e-05 5.202e-06 4.275e-05 -1.000 1.001e-04 -1.245 2.634 3.231 1.515 0.329 -0.181 -0.097 -0.163 -0.399 -0.927 -1.040 -1.199 -1.308 -1.518 -1.570 -1.853 -1.867 -2.055
9.8116e-05 -2.19174 9.90000 0.9038442373 2.4502989684    0.856  2.447  3.6975  1.665    7  0.000  0.515     0.00     0.00     0.00     0.00     0.00 -1    -1e-30      0.00 7.501e-01 2.498e-01 1.651e-05 5.228e-06 4.276e-05 -1.000 9.997e-05 -1.349 2.549 3.257 1.500 0.277 -0.243 -0.174 -0.246 -0.487 -1.023 -1.138 -1.299 -1.409 -1.621 -1.673 -1.959 -1.974 -2.163
9.8116e-05 -2.19174 9.90000 0.9038603306 2.4503032190    0.856  2.487  3.6954  1.616    7  0.000  0.510     0.00     0.00     0.00     0.00     0.00 -1    -1e-30      0.00 7.501e-01 2.498e-01 1.637e-05 5.339e-06 4.276e-05 -1.000 1.000e-04 -1.449 2.467 3.281 1.485 0.226 -0.303 -0.249 -0.326 -0.572 -1.116 -1.232 -1.395 -1.506 -1.720 -1.772 -2.061 -2.076 -2.268
9.8116e-05 -2.19174 9.90000 0.9038747549 2.4503070287    0.856  2.527  3.6933  1.569    7  0.000  0.501     5.93     4.80     3.43     2.64     2.14  4    -1e-30      0.00 7.500e-01 2.499e-01 1.608e-05 5.637e-06 4.277e-05 -1.000 1.000e-04 -1.547 2.386 3.303 1.470 0.176 -0.362 -0.322 -0.405 -0.655 -1.207 -1.324 -1.489 -1.601 -1.817 -1.870 -2.161 -2.176 -2.370
9.8116e-05 -2.19174 9.90000 0.9038877487 2.4503104604    0.856  2.566  3.6913  1.522    7  0.000  0.489     6.55     5.22     3.72     2.87     2.32  3    -1e-30      0.00 7.498e-01 2.501e-01 1.570e-05 6.080e-06 4.278e-05 -1.000 1.000e-04 -1.644 2.305 3.325 1.455 0.126 -0.420 -0.395 -0.483 -0.737 -1.297 -1.415 -1.582 -1.694 -1.913 -1.966 -2.260 -2.275 -2.471
9.8116e-05 -2.19174 9.90000 0.9038996696 2.4503136086    0.856  2.605  3.6893  1.475    7  0.000  0.477     7.24     5.69     4.04     3.12     2.52  3    -1e-30      0.00 7.497e-01 2.502e-01 1.531e-05 6.564e-06 4.279e-05 -1.000 9.999e-05 -1.742 2.223 3.353 1.446 0.080 -0.476 -0.466 -0.560 -0.819 -1.387 -1.507 -1.675 -1.789 -2.009 -2.063 -2.359 -2.375 -2.574
9.8116e-05 -2.19174 9.90000 0.9039105773 2.4503164892    0.856  2.644  3.6872  1.428    7  0.000  0.466     7.99     6.19     4.38     3.38     2.74  3    -1e-30      0.00 7.495e-01 2.504e-01 1.496e-05 7.003e-06 4.280e-05 -1.000 1.000e-04 -1.839 2.141 3.390 1.447 0.039 -0.527 -0.534 -0.634 -0.899 -1.476 -1.597 -1.768 -1.882 -2.105 -2.159 -2.458 -2.474 -2.675
9.8116e-05 -2.19174 9.90000 0.9039208293 2.4503191965    0.856  2.683  3.6852  1.381    7  0.000  0.457     8.83     6.74     4.75     3.67     2.98  3    -1e-30      0.00 7.494e-01 2.505e-01 1.466e-05 7.377e-06 4.280e-05 -1.000 9.996e-05 -1.936 2.060 3.418 1.455 0.007 -0.569 -0.597 -0.705 -0.977 -1.565 -1.687 -1.860 -1.976 -2.201 -2.256 -2.558 -2.574 -2.777
9.8116e-05 -2.19174 9.90000 0.9039306641 2.4503217936    0.856  2.721  3.6831  1.334    7  0.000  0.449     9.74     7.34     5.15     3.99     3.23  3    -1e-30      0.00 7.492e-01 2.507e-01 1.440e-05 7.696e-06 4.280e-05 -1.000 1.000e-04 -2.033 1.980 3.423 1.486 -0.001 -0.587 -0.647 -0.768 -1.049 -1.653 -1.778 -1.953 -2.070 -2.298 -2.354 -2.658 -2.675 -2.880
9.8116e-05 -2.19174 9.90000 0.9039400816 2.4503242805    0.856  2.759  3.6811  1.287    7  0.000  0.442    10.74     7.98     5.58     4.33     3.51  3    -1e-30      0.00 7.490e-01 2.509e-01 1.418e-05 7.976e-06 4.279e-05 -1.000 1.001e-04 -2.129 1.901 3.434 1.522 -0.005 -0.601 -0.693 -0.828 -1.120 -1.740 -1.867 -2.045 -2.164 -2.394 -2.451 -2.758 -2.775 -2.982
9.8116e-05 -2.19174 9.90000 0.9039490223 2.4503266414    0.856  2.798  3.6790  1.241    7  0.000  0.436    11.84     8.68     6.05     4.69     3.80  3    -1e-30      0.00 7.488e-01 2.511e-01 1.398e-05 8.221e-06 4.277e-05 -1.000 7.993e-05 -2.224 1.823 3.451 1.567 -0.003 -0.608 -0.733 -0.884 -1.187 -1.825 -1.954 -2.135 -2.256 -2.489 -2.546 -2.857 -2.874 -3.084
9.8116e-05 -2.19174 9.90000 0.9039570689 2.4503287661    0.856  2.835  3.6770  1.196    7  0.000  0.431    13.02     9.41     6.53     5.08     4.11  3    -1e-30      0.00 7.486e-01 2.513e-01 1.381e-05 8.437e-06 4.274e-05 -1.000 5.305e-05 -2.316 1.747 3.474 1.621 0.006 -0.607 -0.767 -0.934 -1.250 -1.906 -2.038 -2.222 -2.345 -2.581 -2.639 -2.953 -2.970 -3.182
9.8116e-05 -2.19174 9.90000 0.9039649963 2.4503308594    0.856  2.874  3.6749  1.148    7  0.000  0.427    14.42    10.27     7.10     5.53     4.48  3    -1e-30      0.00 7.484e-01 2.516e-01 1.366e-05 8.654e-06 4.268e-05 -1.000 7.242e-05 -2.416 1.666 3.507 1.686 0.022 -0.600 -0.798 -0.984 -1.314 -1.992 -2.127 -2.315 -2.440 -2.680 -2.739 -3.056 -3.073 -3.288
9.8116e-05 -2.19174 9.90000 0.9039719701 2.4503327007    0.856  2.914  3.6727  1.100    7  0.000  0.423    15.96    11.21     7.72     6.01     4.87  2    -1e-30      0.00 7.481e-01 2.518e-01 1.352e-05 8.865e-06 4.259e-05 -1.000 1.000e-04 -2.514 1.586 3.546 1.759 0.044 -0.587 -0.824 -1.029 -1.374 -2.076 -2.214 -2.407 -2.534 -2.778 -2.837 -3.158 -3.176 -3.393
9.8116e-05 -2.19174 9.90000 0.9039776325 2.4503341959    0.856  2.950  3.6707  1.055    7  0.000  0.421    17.54    12.15     8.34     6.50     5.28  2    -1e-30      0.00 7.479e-01 2.520e-01 1.341e-05 9.073e-06 4.247e-05 -1.000 9.999e-05 -2.606 1.512 3.590 1.834 0.070 -0.568 -0.842 -1.067 -1.428 -2.154 -2.295 -2.491 -2.621 -2.868 -2.929 -3.253 -3.272 -3.492
9.8116e-05 -2.19174 9.90000 0.9039823413 2.4503354392    0.856  2.985  3.6687  1.012    7  0.000  0.420    19.19    13.12     8.98     7.01     5.68  2    -1e-30      0.00 7.477e-01 2.522e-01 1.332e-05 9.284e-06 4.234e-05 -1.000 1.001e-04 -2.693 1.442 3.637 1.915 0.102 -0.542 -0.854 -1.098 -1.476 -2.225 -2.369 -2.570 -2.702 -2.954 -3.015 -3.343 -3.362 -3.585
9.8116e-05 -2.19174 9.90000 0.9039871693 2.4503367139    0.856  3.022  3.6665  0.967    7  0.000  0.419    21.12    14.25     9.71     7.59     6.16  2    -1e-30      0.00 7.475e-01 2.524e-01 1.325e-05 9.511e-06 4.218e-05 -1.000 9.993e-05 -2.785 1.368 3.693 2.014 0.147 -0.502 -0.856 -1.123 -1.520 -2.298 -2.446 -2.653 -2.788 -3.044 -3.106 -3.439 -3.458 -3.684
9.8116e-05 -2.19174 9.90000 0.9039911628 2.4503377683    0.856  3.054  3.6647  0.927    7  0.000  0.418    22.95    15.30    10.39     8.13     6.60  2    -1e-30      0.00 7.474e-01 2.525e-01 1.319e-05 9.680e-06 4.206e-05 -1.000 9.999e-05 -2.865 1.304 3.744 2.105 0.192 -0.463 -0.851 -1.139 -1.554 -2.359 -2.511 -2.723 -2.860 -3.121 -3.184 -3.522 -3.541 -3.770
9.8116e-05 -2.19174 9.90000 0.9039949179 2.4503387598    0.856  3.091  3.6625  0.881    7  0.000  0.418    25.30    16.64    11.26     8.82     7.16  2    -1e-30      0.00 7.472e-01 2.527e-01 1.314e-05 9.854e-06 4.193e-05 -1.000 1.000e-04 -2.958 1.230 3.811 2.221 0.252 -0.409 -0.836 -1.150 -1.589 -2.429 -2.586 -2.803 -2.945 -3.211 -3.276 -3.619 -3.638 -3.871
9.8116e-05 -2.19174 9.90000 0.9039949775 2.4503387755    0.856  3.092  3.6624  0.880    7  0.000  0.418    25.38    16.68    11.28     8.84     7.18  2    -1e-30      0.00 7.472e-01 2.527e-01 1.314e-05 9.859e-06 4.193e-05 -1.000 1.000e-04 -2.961 1.228 3.813 2.224 0.253 -0.407 -0.836 -1.150 -1.590 -2.431 -2.588 -2.806 -2.947 -3.214 -3.278 -3.622 -3.641 -3.874
9.8116e-05 -2.19174 9.90000 0.9039952159 2.4503388384    0.856  3.095  3.6623  0.877    7  0.000  0.418    25.52    16.76    11.34     8.88     7.21  2    -1e-30      0.00 7.472e-01 2.527e-01 1.314e-05 9.868e-06 4.192e-05 -1.000 1.001e-04 -2.966 1.223 3.817 2.231 0.257 -0.404 -0.835 -1.151 -1.592 -2.435 -2.592 -2.810 -2.952 -3.219 -3.283 -3.627 -3.647 -3.879
9.8116e-05 -2.19174 9.90000 0.9039955735 2.4503389329    0.856  3.099  3.6620  0.872    7  0.000  0.418    25.81    16.92    11.44     8.97     7.28  2    -1e-30      0.00 7.472e-01 2.527e-01 1.313e-05 9.888e-06 4.191e-05 -1.000 1.000e-04 -2.977 1.215 3.825 2.245 0.265 -0.397 -0.832 -1.151 -1.596 -2.443 -2.601 -2.820 -2.962 -3.230 -3.294 -3.638 -3.658 -3.891
9.8116e-05 -2.19174 9.90000 0.9039964080 2.4503391532    0.856  3.110  3.6613  0.857    7  0.000  0.418    26.60    17.36    11.73     9.19     7.46  2    -1e-30      0.00 7.472e-01 2.527e-01 1.312e-05 9.929e-06 4.188e-05 -1.000 1.000e-04 -3.006 1.192 3.848 2.284 0.286 -0.378 -0.825 -1.152 -1.605 -2.463 -2.623 -2.844 -2.987 -3.257 -3.322 -3.668 -3.688 -3.922
9.8116e-05 -2.19174 9.90000 0.9039989710 2.4503398299    0.856  3.156  3.6585  0.801    7  0.537  0.418    29.98    19.24    12.94    10.16     8.25  1    -1e-30      0.00 7.470e-01 2.529e-01 1.309e-05 1.006e-05 4.178e-05 -1.000 1.000e-04 -3.120 1.103 3.939 2.445 0.377 -0.293 -0.788 -1.150 -1.636 -2.542 -2.708 -2.939 -3.086 -3.365 -3.432 -3.785 -3.806 -4.045
9.8116e-05 -2.19174 9.90000 0.9040003419 2.4503401918    0.856  3.242  3.6530  0.692    7  0.528  0.417    37.69    23.42    15.60    12.29     9.98  1    -1e-30      0.00 7.462e-01 2.537e-01 1.287e-05 1.090e-05 4.113e-05 -1.000 1.000e-04 -3.336 0.924 4.117 2.632 0.434 -0.253 -0.797 -1.199 -1.728 -2.697 -2.872 -3.117 -3.271 -3.562 -3.632 -4.000 -4.022 -4.270
9.8116e-05 -2.19174 9.90000 0.9040004611 2.4503402233    0.856  3.248  3.6511  0.679    8  0.528  0.436    38.72    23.96    15.95    12.57    10.21  1 -3.67e-07      0.00 7.461e-01 2.537e-01 1.355e-05 1.095e-05 4.146e-05 -1.000 1.227e-04 -3.349 0.922 4.213 2.727 0.492 -0.201 -0.754 -1.165 -1.706 -2.692 -2.869 -3.118 -3.273 -3.568 -3.639 -4.011 -4.033 -4.284
9.8116e-05 -2.19174 9.90000 0.9040005207 2.4503402390    0.855  3.056  3.6629  0.917    8  0.528  0.436    23.43    15.57    10.57     8.27     6.71  2 -1.74e-07      0.00 7.461e-01 2.537e-01 1.355e-05 1.095e-05 4.146e-05 -1.000 1.227e-04 -2.870 1.312 3.841 2.239 0.289 -0.370 -0.783 -1.088 -1.520 -2.348 -2.504 -2.719 -2.859 -3.124 -3.188 -3.529 -3.549 -3.780
9.8116e-05 -2.19174 9.90000 0.9040005803 2.4503402548    0.854  2.913  3.6714  1.094    8  0.528  0.436    16.15    11.32     7.79     6.07     4.92  2 -1.04e-07      0.00 7.461e-01 2.537e-01 1.355e-05 1.095e-05 4.146e-05 -1.000 1.227e-04 -2.514 1.596 3.611 1.846 0.106 -0.528 -0.782 -0.998 -1.352 -2.068 -2.207 -2.402 -2.531 -2.776 -2.836 -3.159 -3.177 -3.396
9.8116e-05 -2.19174 9.90000 0.9040006995 2.4503402863    0.853  2.678  3.6854  1.384    8  0.528  0.436     8.75     6.69     4.72     3.65     2.95  3  -4.8e-08      0.00 7.461e-01 2.537e-01 1.355e-05 1.095e-05 4.146e-05 -1.000 1.227e-04 -1.925 2.069 3.418 1.452 0.008 -0.567 -0.592 -0.699 -0.969 -1.555 -1.677 -1.850 -1.965 -2.190 -2.245 -2.546 -2.563 -2.765
9.8116e-05 -2.19174 9.90000 0.9040008783 2.4503403335    0.850  2.680  3.6852  1.380    8  0.528  0.436     8.81     6.73     4.75     3.67     2.97  3 -4.84e-08      0.00 7.461e-01 2.537e-01 1.355e-05 1.095e-05 4.146e-05 -1.000 1.226e-04 -1.930 2.065 3.423 1.459 0.012 -0.564 -0.592 -0.700 -0.971 -1.559 -1.681 -1.854 -1.970 -2.195 -2.250 -2.551 -2.568 -2.771
9.8116e-05 -2.19174 9.90000 0.9040011764 2.4503404122    0.847  2.739  3.6815  1.305    8  0.528  0.436    10.32     7.71     5.40     4.19     3.39  3 -5.85e-08      0.00 7.461e-01 2.537e-01 1.355e-05 1.095e-05 4.146e-05 -1.000 1.226e-04 -2.078 1.947 3.455 1.539 0.022 -0.571 -0.654 -0.786 -1.075 -1.692 -1.818 -1.995 -2.114 -2.343 -2.400 -2.706 -2.723 -2.930
9.8116e-05 -2.19174 9.90000 0.9040014744 2.4503404908    0.844  2.912  3.6710  1.088    8  0.528  0.436    16.29    11.41     7.85     6.12     4.96  2 -1.05e-07      0.00 7.461e-01 2.537e-01 1.355e-05 1.095e-05 4.146e-05 -1.000 1.226e-04 -2.511 1.602 3.639 1.880 0.131 -0.504 -0.766 -0.985 -1.343 -2.062 -2.202 -2.398 -2.527 -2.773 -2.833 -3.157 -3.176 -3.395
9.8116e-05 -2.19174 9.90000 0.9040018320 2.4503405853    0.839  3.076  3.6610  0.882    8  0.528  0.436    25.10    16.51    11.17     8.76     7.11  2  -1.9e-07      0.00 7.461e-01 2.537e-01 1.355e-05 1.095e-05 4.146e-05 -1.000 1.226e-04 -2.919 1.279 3.925 2.366 0.370 -0.294 -0.739 -1.066 -1.519 -2.376 -2.536 -2.757 -2.900 -3.170 -3.235 -3.581 -3.601 -3.835
9.8116e-05 -2.19174 9.90000 0.9040021896 2.4503406797    0.835  3.184  3.6543  0.744    8  0.528  0.436    33.53    21.16    14.16    11.14     9.05  1 -2.93e-07      0.00 7.461e-01 2.537e-01 1.355e-05 1.095e-05 4.146e-05 -1.000 1.226e-04 -3.191 1.059 4.141 2.654 0.495 -0.188 -0.715 -1.105 -1.620 -2.570 -2.742 -2.982 -3.134 -3.421 -3.490 -3.854 -3.875 -4.121
9.8116e-05 -2.19174 9.90000 0.9040026665 2.4503408056    0.829  3.241  3.6507  0.670    8  0.529  0.436    39.15    24.15    16.06    12.67    10.29  1 -3.73e-07      0.00 7.461e-01 2.537e-01 1.355e-05 1.095e-05 4.146e-05 -1.000 1.226e-04 -3.332 0.942 4.259 2.773 0.528 -0.166 -0.722 -1.136 -1.680 -2.671 -2.849 -3.098 -3.254 -3.550 -3.621 -3.994 -4.016 -4.268
9.8116e-05 -2.19174 9.90000 0.9040032029 2.4503409472    0.823  3.265  3.6490  0.637    8  0.529  0.436    41.97    25.62    16.99    13.41    10.89  1 -4.15e-07      0.00 7.461e-01 2.537e-01 1.355e-05 1.095e-05 4.146e-05 -1.000 1.225e-04 -3.392 0.893 4.313 2.833 0.549 -0.150 -0.719 -1.145 -1.701 -2.711 -2.891 -3.145 -3.303 -3.603 -3.675 -4.052 -4.075 -4.330
9.8116e-05 -2.19174 9.90000 0.9040037394 2.4503410888    0.817  3.274  3.6481  0.620    8  0.529  0.436    43.39    26.34    17.44    13.78    11.19  1 -4.37e-07      0.00 7.461e-01 2.537e-01 1.355e-05 1.095e-05 4.146e-05 -1.000 1.226e-04 -3.416 0.875 4.343 2.868 0.565 -0.137 -0.712 -1.143 -1.706 -2.724 -2.906 -3.163 -3.321 -3.623 -3.696 -4.075 -4.098 -4.354
9.8116e-05 -2.19174 9.90000 0.9040037990 2.4503411046    0.816  3.134  3.6565  0.794    8  0.529  0.436    30.03    19.23    12.91    10.16     8.24  1 -2.46e-07      0.00 7.461e-01 2.537e-01 1.355e-05 1.095e-05 4.146e-05 -1.000 1.226e-04 -3.064 1.171 4.103 2.618 0.513 -0.163 -0.671 -1.045 -1.544 -2.468 -2.636 -2.871 -3.020 -3.302 -3.370 -3.728 -3.749 -3.991
9.8116e-05 -2.19174 9.90000 0.9040039182 2.4503411361    0.815  2.946  3.6677  1.026    8  0.529  0.436    18.37    12.63     8.65     6.76     5.48  2 -1.21e-07      0.00 7.461e-01 2.537e-01 1.355e-05 1.095e-05 4.146e-05 -1.000 1.226e-04 -2.594 1.547 3.769 2.067 0.240 -0.405 -0.726 -0.978 -1.362 -2.120 -2.265 -2.468 -2.601 -2.853 -2.915 -3.245 -3.264 -3.487
9.8116e-05 -2.19174 9.90000 0.9040040970 2.4503411833    0.812  2.711  3.6817  1.315    8  0.529  0.436     9.96     7.48     5.24     4.07     3.29  3 -5.51e-08      0.00 7.461e-01 2.537e-01 1.355e-05 1.095e-05 4.146e-05 -1.000 1.225e-04 -2.007 2.017 3.513 1.596 0.084 -0.508 -0.587 -0.718 -1.007 -1.622 -1.747 -1.925 -2.043 -2.272 -2.329 -2.635 -2.652 -2.859
9.8116e-05 -2.19174 9.90000 0.9040043950 2.4503412619    0.809  2.714  3.6813  1.309    8  0.529  0.436    10.07     7.56     5.29     4.11     3.33  3 -5.58e-08      0.00 7.461e-01 2.537e-01 1.355e-05 1.095e-05 4.146e-05 -1.000 1.227e-04 -2.014 2.012 3.522 1.609 0.091 -0.503 -0.587 -0.720 -1.010 -1.627 -1.753 -1.931 -2.050 -2.280 -2.336 -2.643 -2.660 -2.867
9.8116e-05 -2.19174 9.90000 0.9040047526 2.4503413564    0.805  2.774  3.6775  1.232    8  0.529  0.436    11.85     8.69     6.04     4.70     3.81  3 -6.81e-08      0.00 7.461e-01 2.537e-01 1.355e-05 1.095e-05 4.146e-05 -1.000 1.226e-04 -2.165 1.892 3.575 1.717 0.121 -0.490 -0.635 -0.796 -1.108 -1.758 -1.889 -2.073 -2.195 -2.430 -2.488 -2.800 -2.817 -3.029
9.8116e-05 -2.19174 9.90000 0.9040051699 2.4503414665    0.800  2.947  3.6670  1.014    8  0.529  0.436    18.77    12.86     8.79     6.88     5.58  2 -1.24e-07      0.00 7.461e-01 2.537e-01 1.355e-05 1.095e-05 4.146e-05 -1.000 1.226e-04 -2.598 1.550 3.814 2.126 0.282 -0.366 -0.701 -0.960 -1.350 -2.117 -2.264 -2.468 -2.602 -2.856 -2.918 -3.250 -3.269 -3.493
9.8116e-05 -2.19174 9.90000 0.9040057063 2.4503416082    0.794  3.110  3.6569  0.807    8  0.530  0.436    29.02    18.66    12.54     9.87     8.01  1 -2.31e-07      0.00 7.461e-01 2.537e-01 1.355e-05 1.095e-05 4.146e-05 -1.000 1.226e-04 -3.006 1.226 4.128 2.643 0.548 -0.126 -0.630 -1.000 -1.496 -2.414 -2.582 -2.816 -2.965 -3.245 -3.313 -3.670 -3.691 -3.932
9.8116e-05 -2.19174 9.90000 0.9040063024 2.4503417655    0.787  3.220  3.6501  0.667    8  0.530  0.436    38.99    23.99    15.94    12.59    10.22  1 -3.63e-07      0.00 7.461e-01 2.537e-01 1.355e-05 1.095e-05 4.146e-05 -1.000 1.226e-04 -3.279 0.999 4.346 2.860 0.604 -0.092 -0.651 -1.069 -1.616 -2.612 -2.790 -3.041 -3.197 -3.494 -3.566 -3.940 -3.962 -4.215
9.8116e-05 -2.19174 9.90000 0.9040069580 2.4503419386    0.779  3.278  3.6463  0.589    8  0.530  0.436    45.85    27.53    18.17    14.39    11.69  1 -4.69e-07      0.00 7.461e-01 2.537e-01 1.355e-05 1.095e-05 4.146e-05 -1.000 1.226e-04 -3.424 0.879 4.447 2.983 0.640 -0.068 -0.654 -1.097 -1.673 -2.711 -2.896 -3.156 -3.317 -3.623 -3.697 -4.081 -4.104 -4.364
9.8116e-05 -2.19174 9.90000 0.9040077329 2.4503421432    0.771  3.303  3.6443  0.551    8  0.530  0.436    49.60    29.41    19.35    15.35    12.46  1 -5.32e-07      0.00 7.461e-01 2.537e-01 1.355e-05 1.095e-05 4.146e-05 -1.000 1.226e-04 -3.488 0.827 4.502 3.054 0.666 -0.047 -0.644 -1.099 -1.691 -2.751 -2.939 -3.205 -3.367 -3.679 -3.754 -4.143 -4.166 -4.430
9.8116e-05 -2.19174 9.90000 0.9040085673 2.4503423635    0.762  3.315  3.6432  0.529    8  0.531  0.436    51.80    30.48    20.02    15.89    12.91  1 -5.69e-07      0.00 7.461e-01 2.537e-01 1.355e-05 1.095e-05 4.146e-05 -1.000 1.227e-04 -3.518 0.805 4.540 3.102 0.689 -0.027 -0.630 -1.093 -1.693 -2.767 -2.956 -3.226 -3.389 -3.703 -3.779 -4.171 -4.195 -4.461
9.8116e-05 -2.19174 9.90000 0.9040192366 2.4503451803    0.536 -9.999  4.0000  1.819    9  0.536  0.000     0.00     0.00     0.00     0.00     0.00 -1    -1e-30      0.00 7.461e-01 2.537e-01 1.355e-05 1.095e-05 4.146e-05 -1.000 1.227e-04 29.767 29.895 29.850 29.813 29.851 29.920 29.973 30.081 30.066 30.109 30.111 30.106 30.104 30.101 30.103 30.093 30.092 30.064
