 Zini     MH   logAge Mini        int_IMF         Mass   logL    logTe  logg  label   McoreTP C_O  period0  period1  period2  period3  period4  pmode  Mloss  tau1m   X   Y   Xc  Xn  Xo  Cexcess  Z 	 mbolmag  F170Wmag  F218Wmag  F255Wmag  F300Wmag  F336Wmag  F380Wmag  F439Wmag  F450Wmag  F555Wmag  F569Wmag  F606Wmag  F622Wmag  F675Wmag  F702Wmag  F791Wmag  F814Wmag  F850LPmag
9.8116e-05 -2.19174 9.45000 0.1000000015 1.1711064122    0.100 -2.790  3.5573  5.409    1  0.000  0.545     0.00     0.00     0.00     0.00     0.00 -1 -1.28e-16      0.00 7.496e-01 2.503e-01 1.798e-05 4.851e-06 4.400e-05 -1.000 9.996e-05 11.744 16.176 20.822 19.602 16.467 15.613 15.397 14.699 14.179 12.906 12.713 12.347 12.141 11.765 11.623 11.073 11.037 10.686
9.8116e-05 -2.19174 9.45000 0.1098214313 1.2482754908    0.109 -2.641  3.5727  5.360    1  0.000  0.545     0.00     0.00     0.00     0.00     0.00 -1 -1.82e-16      0.00 7.493e-01 2.506e-01 1.798e-05 4.851e-06 4.400e-05 -1.000 9.999e-05 11.372 15.765 20.117 18.495 15.726 14.886 14.593 14.018 13.560 12.401 12.216 11.869 11.673 11.313 11.200 10.710 10.677 10.347
9.8116e-05 -2.19174 9.45000 0.1294642836 1.3786745408    0.129 -2.402  3.5953  5.284    1  0.000  0.545     0.00     0.00     0.00     0.00     0.00 -1 -3.17e-16      0.00 7.485e-01 2.514e-01 1.798e-05 4.851e-06 4.400e-05 -1.000 1.000e-04 10.774 15.103 18.830 16.914 14.580 13.774 13.478 13.036 12.640 11.635 11.464 11.157 10.977 10.645 10.553 10.117 10.089 9.785
9.8116e-05 -2.19174 9.45000 0.1491071582 1.4855959672    0.149 -2.246  3.6067  5.235    1  0.000  0.545     0.00     0.00     0.00     0.00     0.00 -1 -4.46e-16      0.00 7.479e-01 2.520e-01 1.798e-05 4.851e-06 4.400e-05 -1.000 1.000e-04 10.386 14.679 18.086 16.098 13.925 13.137 12.873 12.482 12.109 11.171 11.007 10.719 10.548 10.230 10.145 9.729 9.702 9.412
9.8116e-05 -2.19174 9.45000 0.1687500030 1.5756139920    0.168 -2.128  3.6141  5.200    1  0.000  0.545     0.00     0.00     0.00     0.00     0.00 -1 -5.74e-16      0.00 7.475e-01 2.524e-01 1.798e-05 4.851e-06 4.400e-05 -1.000 9.996e-05 10.090 14.359 17.553 15.538 13.457 12.684 12.447 12.086 11.726 10.828 10.668 10.393 10.227 9.918 9.836 9.432 9.407 9.125
9.8116e-05 -2.19174 9.45000 0.1801757812 1.6219334763    0.179 -2.067  3.6176  5.181    1  0.000  0.545     0.00     0.00     0.00     0.00     0.00 -1 -6.52e-16      0.00 7.473e-01 2.526e-01 1.798e-05 4.851e-06 4.400e-05 -1.000 1.000e-04 9.938 14.194 17.284 15.262 13.224 12.458 12.235 11.888 11.533 10.653 10.495 10.226 10.062 9.758 9.678 9.279 9.254 8.977
9.8116e-05 -2.19174 9.45000 0.2080357224 1.7204495903    0.207 -1.933  3.6253  5.141    1  0.000  0.545     0.00     0.00     0.00     0.00     0.00 -1 -8.65e-16      0.00 7.468e-01 2.531e-01 1.798e-05 4.851e-06 4.400e-05 -1.000 9.996e-05 9.603 13.830 16.672 14.658 12.714 11.964 11.776 11.457 11.112 10.270 10.116 9.859 9.701 9.406 9.329 8.942 8.918 8.650
9.8116e-05 -2.19174 9.45000 0.2571428716 1.8581268277    0.257 -1.741  3.6355  5.082    1  0.000  0.545     0.00     0.00     0.00     0.00     0.00 -1 -1.29e-15      0.00 7.465e-01 2.534e-01 1.798e-05 4.851e-06 4.400e-05 -1.000 9.999e-05 9.122 13.310 15.829 13.836 12.005 11.280 11.142 10.859 10.525 9.729 9.581 9.339 9.188 8.905 8.832 8.459 8.437 8.181
9.8116e-05 -2.19174 9.45000 0.3062500358 1.9652636675    0.306 -1.587  3.6437  5.037    1  0.000  0.545     0.00     0.00     0.00     0.00     0.00 -1 -1.78e-15      0.00 7.465e-01 2.534e-01 1.798e-05 4.851e-06 4.400e-05 -1.000 1.000e-04 8.736 12.890 15.175 13.192 11.439 10.733 10.639 10.384 10.059 9.297 9.152 8.922 8.777 8.502 8.432 8.071 8.050 7.803
9.8116e-05 -2.19174 9.45000 0.3553571403 2.0521113302    0.355 -1.457  3.6512  5.002    1  0.000  0.545     0.00     0.00     0.00     0.00     0.00 -1 -2.32e-15      0.00 7.469e-01 2.530e-01 1.797e-05 4.852e-06 4.400e-05 -1.000 1.001e-04 8.414 12.535 14.622 12.644 10.956 10.268 10.216 9.984 9.668 8.934 8.793 8.572 8.431 8.165 8.097 7.746 7.726 7.488
9.8116e-05 -2.19174 9.45000 0.3801759183 2.0902743560    0.380 -1.398  3.6552  4.989    1  0.000  0.545     0.00     0.00     0.00     0.00     0.00 -1 -2.61e-15      0.00 7.489e-01 2.510e-01 1.798e-05 4.851e-06 4.400e-05 -1.000 9.996e-05 8.265 12.369 14.345 12.374 10.722 10.045 10.016 9.796 9.484 8.765 8.626 8.410 8.272 8.009 7.943 7.598 7.578 7.344
9.8116e-05 -2.19174 9.45000 0.4044643044 2.1246090444    0.404 -1.344  3.6589  4.976    1  0.000  0.545     0.00     0.00     0.00     0.00     0.00 -1 -2.91e-15      0.00 7.506e-01 2.493e-01 1.798e-05 4.851e-06 4.400e-05 -1.000 1.000e-04 8.129 12.216 14.091 12.126 10.507 9.840 9.832 9.624 9.316 8.610 8.473 8.261 8.125 7.867 7.802 7.461 7.442 7.212
9.8116e-05 -2.19174 9.45000 0.4535714388 2.1864813481    0.453 -1.209  3.6706  4.937    1  0.000  0.545     0.00     0.00     0.00     0.00     0.00 -1 -3.92e-15      0.00 7.508e-01 2.491e-01 1.798e-05 4.851e-06 4.400e-05 -1.000 9.999e-05 7.792 11.823 13.350 11.428 9.922 9.288 9.348 9.178 8.883 8.219 8.087 7.889 7.759 7.512 7.451 7.125 7.107 6.890
9.8116e-05 -2.19174 9.45000 0.5026785731 2.2401984691    0.503 -1.062  3.6837  4.888    1  0.000  0.545     0.00     0.00     0.00     0.00     0.00 -1 -5.53e-15      0.00 7.512e-01 2.487e-01 1.795e-05 4.843e-06 4.393e-05 -1.000 1.000e-04 7.425 11.389 12.527 10.668 9.289 8.695 8.828 8.697 8.420 7.799 7.673 7.489 7.366 7.131 7.074 6.764 6.748 6.545
9.8116e-05 -2.19174 9.45000 0.5517857671 2.2851312492    0.551 -0.900  3.6997  4.830    1  0.000  0.545     0.00     0.00     0.00     0.00     0.00 -1 -8.17e-15      0.00 7.589e-01 2.410e-01 1.743e-05 4.703e-06 4.267e-05 -1.000 1.000e-04 7.021 10.889 11.531 9.793 8.576 8.031 8.248 8.161 7.908 7.339 7.220 7.051 6.936 6.716 6.663 6.373 6.358 6.172
9.8116e-05 -2.19174 9.45000 0.6008928418 2.3217254164    0.601 -0.734  3.7196  4.781    1  0.000  0.545     0.00     0.00     0.00     0.00     0.00 -1 -1.22e-14      0.00 7.619e-01 2.380e-01 1.724e-05 4.650e-06 4.218e-05 -1.000 9.997e-05 6.604 10.318 10.344 8.826 7.813 7.334 7.639 7.600 7.376 6.869 6.759 6.605 6.499 6.297 6.249 5.981 5.969 5.802
9.8116e-05 -2.19174 9.45000 0.6073318720 2.3260217206    0.607 -0.711  3.7225  4.775    1  0.000  0.545     0.00     0.00     0.00     0.00     0.00 -1 -1.28e-14      0.00 7.624e-01 2.375e-01 1.720e-05 4.641e-06 4.210e-05 -1.000 9.999e-05 6.549 10.235 10.179 8.695 7.712 7.242 7.558 7.525 7.305 6.807 6.698 6.547 6.442 6.242 6.195 5.930 5.918 5.754
9.8116e-05 -2.19174 9.45000 0.6499999762 2.3520353107    0.650 -0.569  3.7415  4.738    1  0.000  0.545     0.00     0.00     0.00     0.00     0.00 -1  -1.8e-14      0.00 7.662e-01 2.337e-01 1.695e-05 4.575e-06 4.151e-05 -1.000 1.000e-04 6.191 9.666 9.139 7.883 7.078 6.670 7.050 7.054 6.858 6.413 6.312 6.175 6.077 5.893 5.851 5.606 5.596 5.449
9.8116e-05 -2.19174 9.45000 0.6522387862 2.3532925825    0.652 -0.561  3.7426  4.736    1  0.000  0.545     0.00     0.00     0.00     0.00     0.00 -1 -1.83e-14      0.00 7.665e-01 2.334e-01 1.694e-05 4.571e-06 4.147e-05 -1.000 1.000e-04 6.173 9.630 9.080 7.840 7.045 6.641 7.024 7.029 6.835 6.392 6.292 6.156 6.059 5.876 5.833 5.590 5.580 5.434
9.8116e-05 -2.19174 9.45000 0.6899997592 2.3730927355    0.690 -0.438  3.7600  4.707    1  0.000  0.544     0.00     0.00     0.00     0.00     0.00 -1 -2.45e-14      0.00 7.711e-01 2.288e-01 1.664e-05 4.492e-06 4.077e-05 -1.000 9.997e-05 5.864 9.008 8.163 7.149 6.513 6.168 6.599 6.631 6.456 6.061 5.968 5.845 5.755 5.587 5.548 5.324 5.316 5.186
9.8116e-05 -2.19174 9.45000 0.6999999881 2.3779266974    0.700 -0.406  3.7645  4.699    1  0.000  0.544     0.00     0.00     0.00     0.00     0.00 -1 -2.64e-14      0.00 7.725e-01 2.274e-01 1.655e-05 4.468e-06 4.055e-05 -1.000 1.000e-04 5.784 8.837 7.951 6.986 6.385 6.055 6.495 6.532 6.361 5.977 5.887 5.766 5.678 5.514 5.476 5.256 5.248 5.122
9.8116e-05 -2.19174 9.45000 0.7112203240 2.3831647665    0.711 -0.370  3.7694  4.690    1  0.000  0.542     0.00     0.00     0.00     0.00     0.00 -1 -2.87e-14      0.00 7.746e-01 2.253e-01 1.637e-05 4.431e-06 4.023e-05 -1.000 9.999e-05 5.696 8.648 7.720 6.807 6.244 5.931 6.380 6.422 6.257 5.885 5.796 5.679 5.593 5.432 5.396 5.181 5.173 5.051
9.8116e-05 -2.19174 9.45000 0.7478935719 2.3990315940    0.748 -0.257  3.7847  4.660    1  0.000  0.537     0.00     0.00     0.00     0.00     0.00 -1 -3.76e-14      0.00 7.826e-01 2.173e-01 1.571e-05 4.291e-06 3.901e-05 -1.000 9.994e-05 5.413 8.041 7.056 6.280 5.819 5.554 6.025 6.078 5.929 5.593 5.511 5.404 5.324 5.175 5.141 4.941 4.935 4.825
9.8116e-05 -2.19174 9.45000 0.7500000000 2.3998889087    0.750 -0.251  3.7856  4.658    1  0.000  0.537     0.00     0.00     0.00     0.00     0.00 -1 -3.82e-14      0.00 7.831e-01 2.168e-01 1.567e-05 4.282e-06 3.893e-05 -1.000 1.000e-04 5.397 8.007 7.021 6.252 5.796 5.533 6.005 6.059 5.910 5.576 5.495 5.388 5.309 5.160 5.127 4.928 4.921 4.812
9.8116e-05 -2.19174 9.45000 0.7748968601 2.4096172025    0.775 -0.176  3.7947  4.634    1  0.000  0.536     0.00     0.00     0.00     0.00     0.00 -1 -4.58e-14      0.00 7.867e-01 2.132e-01 1.552e-05 4.245e-06 3.862e-05 -1.000 7.769e-05 5.210 7.631 6.641 5.941 5.540 5.304 5.780 5.837 5.698 5.385 5.308 5.207 5.131 4.990 4.958 4.768 4.762 4.661
9.8116e-05 -2.19174 9.45000 0.8000000119 2.4187244405    0.800 -0.102  3.8036  4.609    1  0.000  0.535     0.00     0.00     0.00     0.00     0.00 -1  -5.5e-14      0.00 7.900e-01 2.100e-01 1.542e-05 4.222e-06 3.842e-05 -1.000 1.302e-05 5.025 7.269 6.288 5.650 5.297 5.088 5.560 5.619 5.488 5.195 5.121 5.027 4.954 4.820 4.790 4.609 4.604 4.510
9.8116e-05 -2.19174 9.45000 0.8286319375 2.4283411458    0.828 -0.019  3.8138  4.582    1  0.000  0.535     0.00     0.00     0.00     0.00     0.00 -1 -6.75e-14      0.00 7.900e-01 2.099e-01 1.545e-05 4.231e-06 3.852e-05 -1.000 8.026e-05 4.817 6.881 5.919 5.343 5.039 4.857 5.317 5.375 5.254 4.981 4.912 4.824 4.755 4.629 4.601 4.430 4.426 4.341
9.8116e-05 -2.19174 9.45000 0.8500000238 2.4350346840    0.849  0.042  3.8212  4.561    1  0.000  0.535     0.00     0.00     0.00     0.00     0.00 -1 -7.86e-14      0.00 7.899e-01 2.100e-01 1.549e-05 4.242e-06 3.863e-05 -1.000 8.538e-05 4.664 6.622 5.675 5.134 4.859 4.694 5.140 5.196 5.081 4.821 4.755 4.671 4.605 4.485 4.458 4.295 4.291 4.212
9.8116e-05 -2.19174 9.45000 0.8673810363 2.4402004737    0.867  0.091  3.8274  4.546    1  0.000  0.535     0.00     0.00     0.00     0.00     0.00 -1 -8.86e-14      0.00 7.901e-01 2.098e-01 1.548e-05 4.239e-06 3.860e-05 -1.000 9.999e-05 4.542 6.415 5.483 4.970 4.718 4.566 4.999 5.052 4.942 4.694 4.630 4.550 4.486 4.370 4.345 4.187 4.184 4.111
9.8116e-05 -2.19174 9.45000 0.8961097598 2.4482357814    0.895  0.172  3.8375  4.520    1  0.000  0.535     0.00     0.00     0.00     0.00     0.00 -1 -1.08e-13      0.00 7.900e-01 2.099e-01 1.548e-05 4.241e-06 3.861e-05 -1.000 9.993e-05 4.341 6.088 5.184 4.713 4.495 4.364 4.770 4.817 4.715 4.483 4.423 4.349 4.290 4.182 4.158 4.011 4.008 3.944
9.8116e-05 -2.19174 9.45000 0.8999999762 2.4492786016    0.899  0.182  3.8388  4.517    1  0.000  0.535     0.00     0.00     0.00     0.00     0.00 -1 -1.11e-13      0.00 7.900e-01 2.099e-01 1.548e-05 4.242e-06 3.861e-05 -1.000 9.997e-05 4.314 6.044 5.145 4.680 4.466 4.337 4.739 4.785 4.684 4.455 4.395 4.322 4.263 4.156 4.133 3.987 3.985 3.921
9.8116e-05 -2.19174 9.45000 0.9128073454 2.4526396695    0.912  0.218  3.8436  4.507    1  0.000  0.535     0.00     0.00     0.00     0.00     0.00 -1 -1.21e-13      0.00 7.900e-01 2.099e-01 1.548e-05 4.241e-06 3.861e-05 -1.000 9.400e-05 4.226 5.900 5.016 4.570 4.371 4.251 4.638 4.681 4.584 4.362 4.304 4.235 4.177 4.074 4.051 3.911 3.909 3.849
9.8116e-05 -2.19174 9.45000 0.9372521043 2.4587625152    0.936  0.285  3.8527  4.487    1  0.000  0.535     0.00     0.00     0.00     0.00     0.00 -1 -1.42e-13      0.00 7.899e-01 2.101e-01 1.548e-05 4.241e-06 3.861e-05 -1.000 5.859e-05 4.058 5.629 4.774 4.364 4.192 4.089 4.445 4.481 4.391 4.184 4.130 4.066 4.012 3.917 3.896 3.765 3.763 3.711
9.8116e-05 -2.19174 9.45000 0.9499999881 2.4618121868    0.949  0.320  3.8574  4.477    1  0.000  0.535     0.00     0.00     0.00     0.00     0.00 -1 -1.55e-13      0.00 7.898e-01 2.102e-01 1.549e-05 4.242e-06 3.861e-05 -1.000 5.224e-05 3.970 5.489 4.650 4.259 4.100 4.006 4.344 4.376 4.290 4.091 4.038 3.978 3.926 3.834 3.814 3.688 3.687 3.639
9.8116e-05 -2.19174 9.45000 0.9651032686 2.4653056979    0.964  0.362  3.8640  4.469    1  0.000  0.535     0.00     0.00     0.00     0.00     0.00 -1 -1.71e-13      0.00 7.902e-01 2.097e-01 1.546e-05 4.236e-06 3.856e-05 -1.000 1.001e-04 3.866 5.317 4.501 4.135 3.992 3.909 4.223 4.250 4.169 3.980 3.930 3.874 3.825 3.739 3.720 3.601 3.600 3.557
9.8116e-05 -2.19174 9.45000 0.9817946553 2.4690231228    0.981  0.408  3.8714  4.459    1  0.000  0.535     0.00     0.00     0.00     0.00     0.00 -1 -1.91e-13      0.00 7.905e-01 2.094e-01 1.544e-05 4.230e-06 3.852e-05 -1.000 1.001e-04 3.750 5.126 4.337 3.998 3.874 3.803 4.088 4.109 4.033 3.856 3.809 3.758 3.712 3.633 3.615 3.504 3.504 3.467
9.8116e-05 -2.19174 9.45000 0.9976928234 2.4724312037    0.997  0.453  3.8788  4.451    1  0.000  0.535     0.00     0.00     0.00     0.00     0.00 -1 -2.12e-13      0.00 7.908e-01 2.091e-01 1.543e-05 4.226e-06 3.848e-05 -1.000 9.997e-05 3.638 4.941 4.180 3.868 3.761 3.701 3.958 3.972 3.902 3.736 3.693 3.646 3.603 3.530 3.514 3.412 3.412 3.380
9.8116e-05 -2.19174 9.45000 1.0000000000 2.4729154477    1.000  0.459  3.8798  4.450    1  0.000  0.535     0.00     0.00     0.00     0.00     0.00 -1 -2.15e-13      0.00 7.909e-01 2.090e-01 1.543e-05 4.226e-06 3.847e-05 -1.000 1.000e-04 3.621 4.914 4.157 3.848 3.744 3.686 3.939 3.952 3.882 3.719 3.675 3.630 3.588 3.516 3.499 3.398 3.398 3.367
9.8116e-05 -2.19174 9.45000 1.0046836138 2.4738906110    1.004  0.473  3.8823  4.448    1  0.000  0.535     0.00     0.00     0.00     0.00     0.00 -1  -2.2e-13      0.00 7.910e-01 2.089e-01 1.542e-05 4.224e-06 3.846e-05 -1.000 9.039e-05 3.588 4.857 4.109 3.810 3.711 3.657 3.900 3.911 3.844 3.684 3.641 3.597 3.556 3.486 3.470 3.372 3.372 3.343
9.8116e-05 -2.19174 9.45000 1.0239580870 2.4777959481    1.023  0.528  3.8925  4.442    1  0.000  0.534     0.00     0.00     0.00     0.00     0.00 -1 -2.42e-13      0.00 7.915e-01 2.085e-01 1.540e-05 4.219e-06 3.841e-05 -1.000 5.153e-05 3.450 4.620 3.914 3.650 3.573 3.533 3.738 3.741 3.681 3.537 3.498 3.461 3.425 3.364 3.350 3.264 3.264 3.242
9.8116e-05 -2.19174 9.45000 1.0412642956 2.4811611842    1.040  0.579  3.9019  4.436    1  0.000  0.534     0.00     0.00     0.00     0.00     0.00 -1 -2.65e-13      0.00 7.918e-01 2.081e-01 1.539e-05 4.215e-06 3.838e-05 -1.000 9.996e-05 3.323 4.399 3.737 3.505 3.447 3.419 3.590 3.586 3.532 3.403 3.369 3.338 3.305 3.253 3.241 3.166 3.166 3.150
9.8116e-05 -2.19174 9.45000 1.0499999523 2.4828114860    1.049  0.606  3.9068  4.432    1  0.000  0.534     0.00     0.00     0.00     0.00     0.00 -1 -2.79e-13      0.00 7.919e-01 2.080e-01 1.538e-05 4.213e-06 3.837e-05 -1.000 1.000e-04 3.256 4.281 3.647 3.431 3.381 3.359 3.514 3.506 3.456 3.335 3.302 3.275 3.245 3.197 3.185 3.115 3.116 3.103
9.8116e-05 -2.19174 9.45000 1.0569802523 2.4841076495    1.056  0.626  3.9105  4.430    1  0.000  0.534     0.00     0.00     0.00     0.00     0.00 -1 -2.89e-13      0.00 7.920e-01 2.079e-01 1.537e-05 4.210e-06 3.834e-05 -1.000 1.000e-04 3.205 4.190 3.579 3.375 3.331 3.313 3.456 3.445 3.398 3.283 3.252 3.227 3.198 3.154 3.143 3.077 3.078 3.066
9.8116e-05 -2.19174 9.45000 1.0713129044 2.4867082752    1.070  0.669  3.9182  4.423    1  0.000  0.534     0.00     0.00     0.00     0.00     0.00 -1 -3.12e-13      0.00 7.923e-01 2.076e-01 1.535e-05 4.207e-06 3.831e-05 -1.000 1.000e-04 3.097 3.989 3.436 3.257 3.225 3.215 3.334 3.318 3.277 3.175 3.147 3.127 3.102 3.065 3.055 2.998 2.998 2.991
9.8116e-05 -2.19174 9.45000 1.0848680735 2.4890952586    1.084  0.712  3.9258  4.416    1  0.000  0.534     0.00     0.00     0.00     0.00     0.00 -1 -3.38e-13      0.00 7.926e-01 2.073e-01 1.534e-05 4.204e-06 3.829e-05 -1.000 9.993e-05 2.990 3.783 3.299 3.143 3.121 3.118 3.216 3.196 3.162 3.072 3.048 3.032 3.011 2.980 2.971 2.921 2.922 2.918
9.8116e-05 -2.19174 9.45000 1.0969254971 2.4911615834    1.096  0.752  3.9326  4.408    1  0.000  0.534     0.00     0.00     0.00     0.00     0.00 -1 -3.64e-13      0.00 7.928e-01 2.072e-01 1.533e-05 4.202e-06 3.827e-05 -1.000 4.946e-05 2.891 3.588 3.176 3.040 3.026 3.028 3.110 3.088 3.059 2.981 2.960 2.948 2.929 2.904 2.896 2.853 2.854 2.852
9.8116e-05 -2.19174 9.45000 1.1000000238 2.4916801480    1.099  0.762  3.9344  4.406    1  0.000  0.534     0.00     0.00     0.00     0.00     0.00 -1 -3.71e-13      0.00 7.928e-01 2.072e-01 1.533e-05 4.202e-06 3.826e-05 -1.000 2.728e-05 2.865 3.536 3.144 3.013 3.001 3.004 3.084 3.061 3.034 2.958 2.938 2.927 2.909 2.885 2.878 2.836 2.836 2.835
9.8116e-05 -2.19174 9.45000 1.1024954319 2.4920985911    1.101  0.770  3.9357  4.405    1  0.000  0.534     0.00     0.00     0.00     0.00     0.00 -1 -3.76e-13      0.00 7.929e-01 2.071e-01 1.533e-05 4.201e-06 3.825e-05 -1.000 2.399e-06 2.845 3.495 3.120 2.992 2.982 2.986 3.063 3.040 3.013 2.940 2.921 2.910 2.893 2.870 2.863 2.822 2.823 2.822
9.8116e-05 -2.19174 9.45000 1.1115282774 2.4935952169    1.110  0.800  3.9405  4.397    1  0.000  0.534     0.00     0.00     0.00     0.00     0.00 -1 -3.98e-13      0.00 7.931e-01 2.068e-01 1.532e-05 4.197e-06 3.823e-05 -1.000 9.696e-05 2.770 3.349 3.030 2.915 2.910 2.917 2.986 2.962 2.939 2.874 2.856 2.849 2.833 2.813 2.807 2.770 2.771 2.772
9.8116e-05 -2.19174 9.45000 1.1203231812 2.4950257838    1.119  0.829  3.9451  4.390    1  0.000  0.534     0.00     0.00     0.00     0.00     0.00 -1 -4.22e-13      0.00 7.932e-01 2.067e-01 1.531e-05 4.195e-06 3.821e-05 -1.000 9.996e-05 2.697 3.214 2.941 2.837 2.837 2.848 2.913 2.889 2.869 2.811 2.795 2.789 2.776 2.759 2.753 2.720 2.721 2.723
9.8116e-05 -2.19174 9.45000 1.1292307377 2.4964485849    1.128  0.859  3.9495  4.381    1  0.000  0.534     0.00     0.00     0.00     0.00     0.00 -1 -4.47e-13      0.00 7.934e-01 2.065e-01 1.530e-05 4.194e-06 3.819e-05 -1.000 9.993e-05 2.623 3.081 2.853 2.759 2.764 2.778 2.839 2.815 2.798 2.747 2.733 2.729 2.717 2.702 2.697 2.668 2.668 2.672
9.8116e-05 -2.19174 9.45000 1.1376608610 2.4977715534    1.136  0.887  3.9533  4.372    1  0.000  0.534     0.00     0.00     0.00     0.00     0.00 -1 -4.73e-13      0.00 7.935e-01 2.064e-01 1.530e-05 4.192e-06 3.818e-05 -1.000 1.000e-04 2.552 2.966 2.770 2.684 2.693 2.710 2.770 2.747 2.733 2.687 2.674 2.672 2.661 2.649 2.644 2.617 2.618 2.622
9.8116e-05 -2.19174 9.45000 1.1452136040 2.4989378279    1.144  0.912  3.9564  4.362    1  0.000  0.534     0.00     0.00     0.00     0.00     0.00 -1 -4.98e-13      0.00 7.935e-01 2.064e-01 1.530e-05 4.193e-06 3.819e-05 -1.000 1.000e-04 2.491 2.871 2.698 2.618 2.631 2.651 2.710 2.688 2.675 2.634 2.622 2.621 2.611 2.600 2.596 2.572 2.572 2.577
9.8116e-05 -2.19174 9.45000 1.1499999762 2.4996678137    1.149  0.926  3.9582  4.356    1  0.000  0.534     0.00     0.00     0.00     0.00     0.00 -1 -5.15e-13      0.00 7.936e-01 2.063e-01 1.529e-05 4.191e-06 3.818e-05 -1.000 1.000e-04 2.454 2.814 2.655 2.578 2.593 2.615 2.673 2.652 2.640 2.602 2.591 2.589 2.581 2.571 2.567 2.544 2.544 2.550
9.8116e-05 -2.19174 9.45000 1.1553946733 2.5004822454    1.154  0.943  3.9595  4.347    1  0.000  0.534     0.00     0.00     0.00     0.00     0.00 -1 -5.35e-13      0.00 7.937e-01 2.062e-01 1.529e-05 4.191e-06 3.817e-05 -1.000 9.999e-05 2.412 2.758 2.610 2.536 2.552 2.575 2.631 2.611 2.600 2.563 2.553 2.552 2.544 2.535 2.531 2.509 2.509 2.515
9.8116e-05 -2.19174 9.45000 1.1632313728 2.5016498816    1.162  0.974  3.9627  4.332    1  0.000  0.534     0.00     0.00     0.00     0.00     0.00 -1 -5.72e-13      0.00 7.937e-01 2.062e-01 1.529e-05 4.190e-06 3.816e-05 -1.000 9.999e-05 2.335 2.650 2.523 2.454 2.474 2.500 2.557 2.539 2.528 2.497 2.487 2.488 2.480 2.473 2.469 2.449 2.450 2.456
9.8116e-05 -2.19174 9.45000 1.1727489233 2.5030438532    1.171  1.017  3.9677  4.312    1  0.000  0.534     0.00     0.00     0.00     0.00     0.00 -1 -6.33e-13      0.00 7.936e-01 2.063e-01 1.529e-05 4.192e-06 3.818e-05 -1.000 1.000e-04 2.226 2.494 2.397 2.336 2.363 2.394 2.451 2.436 2.428 2.404 2.396 2.397 2.391 2.386 2.383 2.367 2.367 2.374
9.8116e-05 -2.19174 9.45000 1.1757394075 2.5034764943    1.174  1.039  3.9706  4.303    1  0.000  0.534     0.00     0.00     0.00     0.00     0.00 -1 -6.67e-13      0.00 7.935e-01 2.064e-01 1.530e-05 4.193e-06 3.819e-05 -1.000 9.999e-05 2.172 2.415 2.333 2.277 2.307 2.341 2.400 2.387 2.380 2.359 2.352 2.354 2.349 2.345 2.342 2.328 2.328 2.336
9.8116e-05 -2.19174 9.45000 1.1759768724 2.5035107406    1.175  1.041  3.9709  4.302    1  0.000  0.534     0.00     0.00     0.00     0.00     0.00 -1 -6.71e-13      0.00 7.935e-01 2.064e-01 1.530e-05 4.193e-06 3.819e-05 -1.000 9.996e-05 2.167 2.407 2.327 2.271 2.301 2.335 2.395 2.382 2.375 2.355 2.348 2.350 2.345 2.341 2.338 2.324 2.325 2.332
9.8116e-05 -2.19174 9.45000 1.1768710613 2.5036395543    1.175  1.048  3.9707  4.295    2  0.000  0.534     0.00     0.00     0.00     0.00     0.00 -1 -6.86e-13      0.00 7.935e-01 2.064e-01 1.530e-05 4.194e-06 3.820e-05 -1.000 1.000e-04 2.150 2.391 2.311 2.255 2.285 2.319 2.377 2.364 2.357 2.337 2.330 2.332 2.327 2.323 2.321 2.306 2.307 2.314
9.8116e-05 -2.19174 9.45000 1.1884089708 2.5052816899    1.187  1.109  3.9696  4.234    2  0.000  0.534     0.00     0.00     0.00     0.00     0.00 -1 -8.23e-13      0.00 7.928e-01 2.071e-01 1.534e-05 4.204e-06 3.829e-05 -1.000 1.000e-04 1.997 2.252 2.173 2.114 2.141 2.173 2.216 2.205 2.198 2.179 2.173 2.174 2.169 2.165 2.163 2.148 2.148 2.153
9.8116e-05 -2.19174 9.45000 1.1993950605 2.5068115670    1.198  1.172  3.9648  4.155    2  0.000  0.534     0.00     0.00     0.00     0.00     0.00 -1 -1.01e-12      0.00 7.922e-01 2.077e-01 1.538e-05 4.213e-06 3.838e-05 -1.000 9.991e-05 1.839 2.143 2.048 1.981 1.999 2.025 2.045 2.033 2.025 2.004 1.997 1.998 1.992 1.986 1.983 1.966 1.966 1.967
9.8116e-05 -2.19174 9.45000 1.2000000477 2.5068948796    1.199  1.176  3.9644  4.150    2  0.000  0.534     0.00     0.00     0.00     0.00     0.00 -1 -1.03e-12      0.00 7.922e-01 2.077e-01 1.538e-05 4.214e-06 3.838e-05 -1.000 9.993e-05 1.830 2.138 2.042 1.974 1.991 2.017 2.035 2.022 2.014 1.993 1.986 1.987 1.981 1.975 1.972 1.955 1.955 1.955
9.8116e-05 -2.19174 9.45000 1.2036830187 2.5073999835    1.202  1.200  3.9595  4.108    2  0.000  0.534     0.00     0.00     0.00     0.00     0.00 -1 -1.13e-12      0.00 7.920e-01 2.079e-01 1.539e-05 4.217e-06 3.840e-05 -1.000 9.991e-05 1.770 2.126 2.010 1.934 1.943 1.964 1.966 1.950 1.941 1.917 1.909 1.908 1.901 1.894 1.890 1.870 1.870 1.868
9.8116e-05 -2.19174 9.45000 1.2061907053 2.5077418730    1.205  1.218  3.9546  4.072    2  0.000  0.534     0.00     0.00     0.00     0.00     0.00 -1 -1.22e-12      0.00 7.919e-01 2.080e-01 1.540e-05 4.218e-06 3.842e-05 -1.000 9.993e-05 1.726 2.135 1.994 1.909 1.910 1.925 1.913 1.896 1.886 1.857 1.848 1.846 1.838 1.828 1.824 1.801 1.800 1.795
9.8116e-05 -2.19174 9.45000 1.2085282803 2.5080591011    1.207  1.236  3.9471  4.024    2  0.000  0.534     0.00     0.00     0.00     0.00     0.00 -1 -1.34e-12      0.00 7.918e-01 2.081e-01 1.540e-05 4.220e-06 3.843e-05 -1.000 9.997e-05 1.679 2.171 1.991 1.892 1.880 1.887 1.857 1.837 1.824 1.788 1.777 1.773 1.763 1.750 1.745 1.718 1.717 1.708
9.8116e-05 -2.19174 9.45000 1.2102276087 2.5082888294    1.209  1.251  3.9394  3.979    2  0.000  0.534     0.00     0.00     0.00     0.00     0.00 -1 -1.45e-12      0.00 7.917e-01 2.082e-01 1.541e-05 4.221e-06 3.844e-05 -1.000 1.001e-04 1.642 2.227 1.999 1.884 1.859 1.857 1.813 1.790 1.775 1.731 1.718 1.711 1.699 1.682 1.677 1.643 1.642 1.630
9.8116e-05 -2.19174 9.45000 1.2115511894 2.5084672480    1.210  1.264  3.9314  3.935    2  0.000  0.534     0.00     0.00     0.00     0.00     0.00 -1 -1.57e-12      0.00 7.917e-01 2.082e-01 1.541e-05 4.222e-06 3.845e-05 -1.000 9.991e-05 1.611 2.302 2.013 1.881 1.842 1.832 1.779 1.755 1.736 1.683 1.667 1.657 1.643 1.621 1.615 1.575 1.574 1.557
9.8116e-05 -2.19174 9.45000 1.2126291990 2.5086122327    1.211  1.274  3.9231  3.891    2  0.000  0.534     0.00     0.00     0.00     0.00     0.00 -1 -1.69e-12      0.00 7.916e-01 2.083e-01 1.541e-05 4.223e-06 3.846e-05 -1.000 9.996e-05 1.584 2.399 2.030 1.878 1.827 1.809 1.755 1.731 1.707 1.642 1.623 1.609 1.591 1.564 1.557 1.511 1.509 1.489
9.8116e-05 -2.19174 9.45000 1.2135374546 2.5087341567    1.212  1.284  3.9142  3.846    2  0.000  0.534     0.00     0.00     0.00     0.00     0.00 -1 -1.81e-12      0.00 7.916e-01 2.083e-01 1.542e-05 4.224e-06 3.847e-05 -1.000 1.000e-04 1.560 2.507 2.056 1.879 1.814 1.788 1.738 1.716 1.685 1.607 1.584 1.566 1.545 1.511 1.503 1.449 1.447 1.422
9.8116e-05 -2.19174 9.45000 1.2143238783 2.5088395567    1.213  1.293  3.9047  3.800    2  0.000  0.534     0.00     0.00     0.00     0.00     0.00 -1 -1.95e-12      0.00 7.916e-01 2.083e-01 1.542e-05 4.224e-06 3.847e-05 -1.000 9.985e-05 1.538 2.619 2.090 1.885 1.804 1.768 1.729 1.710 1.672 1.578 1.551 1.528 1.503 1.462 1.452 1.389 1.387 1.358
9.8116e-05 -2.19174 9.45000 1.2150429487 2.5089357924    1.214  1.301  3.8940  3.749    2  0.000  0.534     0.00     0.00     0.00     0.00     0.00 -1  -2.1e-12      0.00 7.915e-01 2.084e-01 1.542e-05 4.225e-06 3.847e-05 -1.000 9.990e-05 1.518 2.739 2.134 1.896 1.796 1.748 1.727 1.713 1.666 1.554 1.523 1.494 1.464 1.414 1.403 1.329 1.327 1.293
9.8116e-05 -2.19174 9.45000 1.2157682180 2.5090327250    1.214  1.309  3.8816  3.691    2  0.000  0.534     0.00     0.00     0.00     0.00     0.00 -1 -2.29e-12      0.00 7.915e-01 2.084e-01 1.542e-05 4.225e-06 3.848e-05 -1.000 9.993e-05 1.496 2.866 2.194 1.914 1.789 1.726 1.734 1.725 1.669 1.537 1.501 1.463 1.428 1.367 1.354 1.266 1.264 1.223
9.8116e-05 -2.19174 9.45000 1.2165811062 2.5091412101    1.215  1.319  3.8643  3.613    2  0.000  0.534     0.00     0.00     0.00     0.00     0.00 -1 -2.55e-12      0.00 7.915e-01 2.084e-01 1.542e-05 4.226e-06 3.848e-05 -1.000 9.993e-05 1.472 3.034 2.290 1.950 1.786 1.698 1.755 1.754 1.685 1.525 1.481 1.433 1.389 1.314 1.297 1.191 1.188 1.138
9.8116e-05 -2.19174 9.45000 1.2175089121 2.5092648281    1.216  1.330  3.8405  3.507    2  0.000  0.534     0.00     0.00     0.00     0.00     0.00 -1 -2.95e-12      0.00 7.914e-01 2.085e-01 1.543e-05 4.227e-06 3.850e-05 -1.000 9.997e-05 1.446 3.279 2.453 2.020 1.795 1.669 1.798 1.811 1.723 1.523 1.470 1.405 1.352 1.256 1.234 1.101 1.098 1.032
9.8116e-05 -2.19174 9.45000 1.2185416222 2.5094021686    1.217  1.340  3.8102  3.377    2  0.000  0.534     0.00     0.00     0.00     0.00     0.00 -1  -3.5e-12      0.00 7.911e-01 2.088e-01 1.544e-05 4.231e-06 3.853e-05 -1.000 1.000e-04 1.421 3.649 2.741 2.167 1.843 1.661 1.878 1.903 1.791 1.536 1.470 1.386 1.320 1.199 1.172 1.006 1.001 0.913
9.8116e-05 -2.19174 9.45000 1.2197157145 2.5095579868    1.218  1.344  3.7828  3.262    2  0.000  0.535     0.00     0.00     0.00     0.00     0.00 -1 -4.03e-12      0.00 7.880e-01 2.119e-01 1.562e-05 4.277e-06 3.894e-05 -1.000 1.000e-04 1.409 4.052 3.113 2.375 1.938 1.695 1.986 2.015 1.878 1.564 1.487 1.384 1.307 1.163 1.130 0.936 0.929 0.818
9.8116e-05 -2.19174 9.45000 1.2209936380 2.5097271932    1.219  1.341  3.7616  3.182    2  0.000  0.536     0.00     0.00     0.00     0.00     0.00 -1 -4.38e-12      0.00 7.724e-01 2.275e-01 1.650e-05 4.512e-06 4.103e-05 -1.000 9.996e-05 1.418 4.434 3.539 2.632 2.077 1.779 2.102 2.127 1.969 1.607 1.520 1.403 1.318 1.157 1.120 0.903 0.894 0.765
9.8116e-05 -2.19174 9.45000 1.2213079929 2.5097687537    1.220  1.339  3.7572  3.166    2  0.000  0.537     0.00     0.00     0.00     0.00     0.00 -1 -4.44e-12      0.00 7.657e-01 2.342e-01 1.688e-05 4.614e-06 4.194e-05 -1.000 9.997e-05 1.422 4.511 3.644 2.697 2.115 1.805 2.131 2.153 1.990 1.618 1.529 1.410 1.323 1.158 1.120 0.898 0.890 0.757
9.8116e-05 -2.19174 9.45000 1.2216655016 2.5098159896    1.220  1.345  3.7542  3.149    3  0.000  0.537     0.00     0.00     0.00     0.00     0.00 -1 -4.57e-12      0.00 7.633e-01 2.366e-01 1.701e-05 4.649e-06 4.225e-05 -1.000 9.999e-05 1.409 4.550 3.707 2.731 2.129 1.809 2.136 2.157 1.990 1.610 1.520 1.398 1.310 1.143 1.105 0.880 0.870 0.735
9.8116e-05 -2.19174 9.45000 1.2228561640 2.5099730771    1.221  1.375  3.7462  3.086    3  0.000  0.537     0.00     0.00     0.00     0.00     0.00 -1 -5.23e-12      0.00 7.580e-01 2.419e-01 1.730e-05 4.726e-06 4.294e-05 -1.000 1.000e-04 1.332 4.605 3.839 2.784 2.126 1.783 2.108 2.123 1.948 1.548 1.454 1.327 1.236 1.062 1.022 0.788 0.779 0.636
9.8116e-05 -2.19174 9.45000 1.2239758968 2.5101204860    1.222  1.420  3.7414  3.023    3  0.000  0.537     0.00     0.00     0.00     0.00     0.00 -1  -6.2e-12      0.00 7.551e-01 2.448e-01 1.740e-05 4.761e-06 4.322e-05 -1.000 1.000e-04 1.221 4.570 3.860 2.756 2.063 1.706 2.027 2.038 1.858 1.446 1.350 1.220 1.126 0.949 0.907 0.669 0.658 0.511
9.8116e-05 -2.19174 9.45000 1.2251036167 2.5102686332    1.223  1.474  3.7380  2.956    3  0.000  0.532     0.00     0.00     0.00     0.00     0.00 -1 -7.56e-12      0.00 7.524e-01 2.475e-01 1.729e-05 4.851e-06 4.337e-05 -1.000 1.000e-04 1.086 4.483 3.826 2.687 1.968 1.601 1.913 1.920 1.736 1.316 1.219 1.087 0.992 0.812 0.770 0.528 0.517 0.367
9.8116e-05 -2.19174 9.45000 1.2259353399 2.5103776948    1.224  1.517  3.7360  2.904    3  0.000  0.512     0.00     0.00     0.00     0.00     0.00 -1 -8.86e-12      0.00 7.501e-01 2.498e-01 1.670e-05 5.398e-06 4.345e-05 -1.000 9.997e-05 0.976 4.403 3.783 2.622 1.886 1.513 1.817 1.822 1.636 1.211 1.113 0.979 0.884 0.703 0.660 0.416 0.405 0.253
9.8116e-05 -2.19174 9.45000 1.2267163992 2.5104799582    1.225  1.560  3.7341  2.854    3  0.000  0.481     0.00     0.00     0.00     0.00     0.00 -1 -1.03e-11      0.00 7.476e-01 2.523e-01 1.569e-05 6.548e-06 4.350e-05 -1.000 9.996e-05 0.869 4.321 3.734 2.553 1.802 1.424 1.721 1.723 1.536 1.107 1.008 0.873 0.778 0.595 0.552 0.306 0.295 0.141
9.8116e-05 -2.19174 9.45000 1.2274541855 2.5105764185    1.226  1.603  3.7325  2.806    3  0.000  0.454     0.00     0.00     0.00     0.00     0.00 -1  -1.2e-11      0.00 7.453e-01 2.546e-01 1.482e-05 7.630e-06 4.354e-05 -1.000 1.000e-04 0.763 4.237 3.680 2.481 1.717 1.334 1.625 1.625 1.436 1.004 0.905 0.769 0.672 0.488 0.445 0.197 0.186 0.031
9.8116e-05 -2.19174 9.45000 1.2281970978 2.5106734143    1.226  1.647  3.7309  2.755    3  0.000  0.433     0.00     0.00     0.00     0.00     0.00 -1 -1.41e-11      0.00 7.429e-01 2.570e-01 1.416e-05 8.459e-06 4.357e-05 -1.000 9.996e-05 0.652 4.149 3.621 2.404 1.627 1.240 1.524 1.523 1.332 0.896 0.796 0.659 0.562 0.377 0.333 0.084 0.073 -0.084
9.8116e-05 -2.19174 9.45000 1.2288821936 2.5107627419    1.227  1.691  3.7292  2.705    3  0.000  0.419     0.00     0.00     0.00     0.00     0.00 -1 -1.65e-11      0.00 7.408e-01 2.591e-01 1.369e-05 9.058e-06 4.360e-05 -1.000 9.996e-05 0.542 4.061 3.566 2.331 1.540 1.148 1.426 1.422 1.229 0.790 0.689 0.551 0.454 0.268 0.224 -0.027 -0.039 -0.197
9.8116e-05 -2.19174 9.45000 1.2294840813 2.5108411259    1.227  1.732  3.7278  2.658    3  0.000  0.408     0.00     0.00     0.00     0.00     0.00 -1 -1.91e-11      0.00 7.390e-01 2.609e-01 1.336e-05 9.472e-06 4.361e-05 -1.000 1.000e-04 0.440 3.977 3.514 2.261 1.459 1.062 1.334 1.328 1.134 0.691 0.590 0.451 0.353 0.166 0.121 -0.131 -0.143 -0.303
9.8116e-05 -2.19174 9.45000 1.2300885916 2.5109197626    1.228  1.775  3.7263  2.610    3  0.000  0.401     0.00     0.00     0.00     0.00     0.00 -1 -2.23e-11      0.00 7.376e-01 2.623e-01 1.313e-05 9.763e-06 4.362e-05 -1.000 1.000e-04 0.333 3.888 3.459 2.189 1.373 0.972 1.238 1.230 1.034 0.587 0.486 0.346 0.248 0.059 0.014 -0.240 -0.252 -0.413
9.8116e-05 -2.19174 9.45000 1.2306423187 2.5109917153    1.228  1.817  3.7247  2.561    3  0.000  0.396     0.00     0.00     0.00     0.00     0.00 -1 -2.59e-11      0.00 7.365e-01 2.634e-01 1.297e-05 9.965e-06 4.363e-05 -1.000 9.996e-05 0.228 3.802 3.407 2.119 1.289 0.884 1.143 1.133 0.935 0.485 0.383 0.242 0.144 -0.046 -0.091 -0.347 -0.359 -0.522
9.8116e-05 -2.19174 9.45000 1.2311748266 2.5110608405    1.229  1.860  3.7231  2.512    3  0.000  0.393     0.00     0.00     0.00     0.00     0.00 -1 -3.03e-11      0.00 7.355e-01 2.644e-01 1.285e-05 1.012e-05 4.364e-05 -1.000 1.000e-04 0.119 3.712 3.351 2.044 1.201 0.791 1.045 1.033 0.833 0.380 0.277 0.135 0.036 -0.155 -0.201 -0.458 -0.470 -0.634
9.8116e-05 -2.19174 9.45000 1.2316335440 2.5111203318    1.229  1.901  3.7216  2.466    3  0.000  0.390     0.00     0.00     0.00     0.00     0.00 -1  -3.5e-11      0.00 7.349e-01 2.650e-01 1.277e-05 1.023e-05 4.364e-05 -1.000 1.001e-04 0.019 3.632 3.310 1.983 1.124 0.709 0.955 0.941 0.740 0.282 0.179 0.036 -0.064 -0.256 -0.301 -0.560 -0.573 -0.738
9.8116e-05 -2.19174 9.45000 1.2320972681 2.5111804206    1.230  1.944  3.7199  2.415    3  0.000  0.388     0.00     0.00     0.00     0.00     0.00 -1  -4.1e-11      0.00 7.344e-01 2.655e-01 1.271e-05 1.029e-05 4.364e-05 -1.000 1.000e-04 -0.090 3.547 3.275 1.923 1.044 0.623 0.859 0.842 0.639 0.177 0.073 -0.071 -0.172 -0.365 -0.411 -0.672 -0.684 -0.851
9.8116e-05 -2.19174 9.45000 1.2324969769 2.5112321727    1.230  1.984  3.7184  2.369    3  0.000  0.388     0.00     0.00     0.00     0.00     0.00 -1 -4.74e-11      0.00 7.342e-01 2.657e-01 1.268e-05 1.033e-05 4.364e-05 -1.000 1.000e-04 -0.191 3.467 3.247 1.871 0.973 0.545 0.772 0.752 0.546 0.080 -0.025 -0.170 -0.271 -0.465 -0.512 -0.774 -0.787 -0.955
9.8116e-05 -2.19174 9.45000 1.2328892946 2.5112829304    1.230  2.026  3.7168  2.321    3  0.000  0.387     0.00     0.00     0.00     0.00     0.00 -1 -5.52e-11      0.00 7.340e-01 2.659e-01 1.267e-05 1.035e-05 4.364e-05 -1.000 1.000e-04 -0.296 3.382 3.217 1.816 0.897 0.464 0.681 0.657 0.449 -0.022 -0.127 -0.273 -0.375 -0.571 -0.618 -0.881 -0.894 -1.064
9.8116e-05 -2.19174 9.45000 1.2332497835 2.5113295373    1.230  2.068  3.7152  2.273    3  0.000  0.387     0.00     0.00     0.00     0.00     0.00 -1 -6.41e-11      0.00 7.340e-01 2.659e-01 1.266e-05 1.036e-05 4.364e-05 -1.000 1.000e-04 -0.399 3.299 3.192 1.764 0.825 0.385 0.592 0.565 0.355 -0.121 -0.227 -0.374 -0.476 -0.674 -0.721 -0.987 -1.000 -1.171
9.8116e-05 -2.19174 9.45000 1.2335829735 2.5113725869    1.231  2.108  3.7136  2.226    3  0.000  0.387     0.00     0.00     0.00     0.00     0.00 -1 -7.43e-11      0.00 7.340e-01 2.659e-01 1.265e-05 1.037e-05 4.364e-05 -1.000 1.000e-04 -0.500 3.217 3.167 1.713 0.753 0.307 0.505 0.475 0.262 -0.219 -0.325 -0.474 -0.577 -0.775 -0.823 -1.090 -1.103 -1.277
9.8116e-05 -2.19174 9.45000 1.2338924408 2.5114125475    1.231  2.149  3.7121  2.180    3  0.000  0.387     0.00     0.00     0.00     0.00     0.00 -1  -8.6e-11      0.00 7.340e-01 2.659e-01 1.265e-05 1.037e-05 4.364e-05 -1.000 1.000e-04 -0.602 3.135 3.139 1.660 0.680 0.228 0.418 0.384 0.169 -0.316 -0.424 -0.573 -0.677 -0.876 -0.924 -1.193 -1.207 -1.382
9.8116e-05 -2.19174 9.45000 1.2341768742 2.5114492552    1.231  2.188  3.7104  2.134    3  0.000  0.387     0.00     0.00     0.00     0.00     0.00 -1 -9.93e-11      0.00 7.340e-01 2.659e-01 1.265e-05 1.037e-05 4.364e-05 -1.000 1.000e-04 -0.701 3.056 3.118 1.612 0.611 0.152 0.333 0.297 0.079 -0.411 -0.519 -0.670 -0.774 -0.975 -1.024 -1.295 -1.308 -1.485
9.8116e-05 -2.19174 9.45000 1.2344475985 2.5114841756    1.231  2.228  3.7088  2.087    3  0.000  0.386     0.00     0.00     0.00     0.00     0.00 -1 -1.15e-10      0.00 7.340e-01 2.659e-01 1.265e-05 1.038e-05 4.364e-05 -1.000 1.000e-04 -0.801 2.973 3.100 1.566 0.542 0.077 0.249 0.209 -0.012 -0.507 -0.616 -0.768 -0.873 -1.075 -1.124 -1.397 -1.410 -1.589
9.8116e-05 -2.19174 9.45000 1.2347018719 2.5115169580    1.231  2.269  3.7072  2.041    3  0.000  0.386     0.00     0.00     0.00     0.00     0.00 -1 -1.33e-10      0.00 7.340e-01 2.659e-01 1.265e-05 1.038e-05 4.364e-05 -1.000 1.000e-04 -0.902 2.889 3.081 1.519 0.473 0.001 0.164 0.120 -0.103 -0.603 -0.713 -0.866 -0.971 -1.175 -1.224 -1.499 -1.513 -1.692
9.8116e-05 -2.19174 9.45000 1.2349301577 2.5115463767    1.231  2.307  3.7056  1.996    3  0.000  0.386     0.00     0.00     0.00     0.00     0.00 -1 -1.53e-10      0.00 7.340e-01 2.659e-01 1.265e-05 1.038e-05 4.364e-05 -1.000 1.000e-04 -0.997 2.811 3.070 1.479 0.410 -0.068 0.085 0.038 -0.188 -0.694 -0.804 -0.958 -1.064 -1.269 -1.319 -1.595 -1.609 -1.791
9.8116e-05 -2.19174 9.45000 1.2351541519 2.5115752302    1.231  2.346  3.7040  1.950    3  0.000  0.386     0.00     0.00     0.00     0.00     0.00 -1 -1.76e-10      0.00 7.340e-01 2.659e-01 1.264e-05 1.038e-05 4.364e-05 -1.000 1.000e-04 -1.094 2.732 3.068 1.446 0.351 -0.135 0.005 -0.046 -0.275 -0.787 -0.898 -1.054 -1.160 -1.367 -1.417 -1.695 -1.709 -1.892
9.8116e-05 -2.19174 9.45000 1.2353765965 2.5116038722    1.231  2.382  3.7025  1.908    3  0.000  0.386     0.00     0.00     0.00     0.00     0.00 -1 -2.01e-10      0.00 7.340e-01 2.659e-01 1.264e-05 1.038e-05 4.364e-05 -1.000 1.000e-04 -1.186 2.655 3.061 1.412 0.293 -0.200 -0.071 -0.126 -0.358 -0.875 -0.987 -1.144 -1.251 -1.459 -1.509 -1.789 -1.804 -1.988
9.8116e-05 -2.19174 9.45000 1.2356692553 2.5116415369    1.231  2.420  3.7010  1.864    3  0.000  0.386     0.00     0.00     0.00     0.00     0.00 -1 -2.31e-10      0.00 7.340e-01 2.659e-01 1.264e-05 1.039e-05 4.364e-05 -1.000 9.996e-05 -1.280 2.577 3.057 1.379 0.234 -0.266 -0.149 -0.208 -0.442 -0.964 -1.077 -1.235 -1.343 -1.553 -1.603 -1.885 -1.900 -2.086
9.8116e-05 -2.19174 9.45000 1.2357320786 2.5116496194    1.231  2.415  3.7013  1.871    3  0.000  0.386     0.00     0.00     0.00     0.00     0.00 -1 -2.29e-10      0.00 7.340e-01 2.659e-01 1.264e-05 1.039e-05 4.364e-05 -1.000 9.999e-05 -1.267 2.587 3.053 1.381 0.240 -0.258 -0.139 -0.197 -0.431 -0.952 -1.065 -1.223 -1.331 -1.540 -1.590 -1.872 -1.886 -2.072
9.8116e-05 -2.19174 9.45000 1.2358825207 2.5116689708    1.231  2.374  3.7031  1.919    3  0.000  0.386     0.00     0.00     0.00     0.00     0.00 -1 -1.99e-10      0.00 7.340e-01 2.659e-01 1.264e-05 1.039e-05 4.364e-05 -1.000 1.000e-04 -1.165 2.670 3.052 1.413 0.302 -0.189 -0.056 -0.110 -0.340 -0.855 -0.967 -1.123 -1.231 -1.438 -1.488 -1.767 -1.782 -1.966
9.8116e-05 -2.19174 9.45000 1.2359300852 2.5116750879    1.231  2.359  3.7038  1.936    3  0.000  0.386     0.00     0.00     0.00     0.00     0.00 -1 -1.87e-10      0.00 7.339e-01 2.660e-01 1.264e-05 1.039e-05 4.364e-05 -1.000 1.000e-04 -1.127 2.701 3.051 1.425 0.325 -0.163 -0.025 -0.077 -0.307 -0.819 -0.930 -1.086 -1.193 -1.400 -1.450 -1.728 -1.743 -1.926
9.8116e-05 -2.19174 9.45000 1.2360335588 2.5116883935    1.231  2.383  3.7029  1.909    3  0.000  0.386     0.00     0.00     0.00     0.00     0.00 -1 -2.03e-10      0.00 7.339e-01 2.660e-01 1.264e-05 1.039e-05 4.364e-05 -1.000 1.001e-04 -1.186 2.652 3.046 1.402 0.287 -0.205 -0.075 -0.129 -0.360 -0.876 -0.988 -1.144 -1.252 -1.459 -1.510 -1.789 -1.803 -1.988
9.8116e-05 -2.19174 9.45000 1.2362092733 2.5117109824    1.230  2.422  3.7012  1.863    3  0.000  0.386     0.00     0.00     0.00     0.00     0.00 -1 -2.33e-10      0.00 7.339e-01 2.660e-01 1.264e-05 1.039e-05 4.364e-05 -1.000 1.000e-04 -1.286 2.570 3.044 1.369 0.226 -0.274 -0.156 -0.215 -0.449 -0.971 -1.083 -1.241 -1.349 -1.558 -1.609 -1.891 -1.905 -2.091
9.8116e-05 -2.19174 9.45000 1.2363785505 2.5117327369    1.230  2.461  3.6995  1.817    3  0.000  0.386     0.00     0.00     0.00     0.00     0.00 -1 -2.68e-10      0.00 7.339e-01 2.660e-01 1.264e-05 1.039e-05 4.364e-05 -1.000 1.000e-04 -1.383 2.490 3.046 1.339 0.168 -0.339 -0.235 -0.298 -0.535 -1.063 -1.176 -1.336 -1.445 -1.655 -1.706 -1.990 -2.005 -2.192
9.8116e-05 -2.19174 9.45000 1.2365404367 2.5117535351    1.230  2.500  3.6979  1.771    3  0.000  0.386     4.49     3.65     2.67     2.02     1.63  4  -3.1e-10      0.00 7.339e-01 2.660e-01 1.264e-05 1.039e-05 4.364e-05 -1.000 1.000e-04 -1.480 2.407 3.049 1.311 0.111 -0.404 -0.313 -0.380 -0.621 -1.155 -1.269 -1.430 -1.540 -1.752 -1.804 -2.089 -2.104 -2.293
9.8116e-05 -2.19174 9.45000 1.2366886139 2.5117725666    1.230  2.538  3.6963  1.727    3  0.000  0.386     4.92     3.95     2.88     2.18     1.77  4 -3.55e-10      0.00 7.339e-01 2.660e-01 1.264e-05 1.039e-05 4.364e-05 -1.000 1.000e-04 -1.574 2.328 3.053 1.284 0.056 -0.465 -0.387 -0.460 -0.704 -1.244 -1.359 -1.521 -1.632 -1.845 -1.897 -2.185 -2.200 -2.391
9.8116e-05 -2.19174 9.45000 1.2368297577 2.5117906898    1.230  2.576  3.6946  1.682    3  0.000  0.386     5.40     4.29     3.11     2.36     1.91  4 -4.08e-10      0.00 7.339e-01 2.660e-01 1.264e-05 1.039e-05 4.364e-05 -1.000 9.996e-05 -1.669 2.248 3.061 1.260 0.002 -0.527 -0.462 -0.539 -0.786 -1.333 -1.449 -1.613 -1.724 -1.939 -1.992 -2.281 -2.297 -2.489
9.8116e-05 -2.19174 9.45000 1.2369616032 2.5118076148    1.229  2.613  3.6929  1.638    3  0.000  0.386     5.91     4.64     3.35     2.55     2.07  4 -4.68e-10      0.00 7.339e-01 2.660e-01 1.263e-05 1.039e-05 4.364e-05 -1.000 9.999e-05 -1.763 2.168 3.066 1.235 -0.052 -0.588 -0.536 -0.617 -0.868 -1.421 -1.538 -1.704 -1.815 -2.032 -2.085 -2.376 -2.392 -2.586
9.8116e-05 -2.19174 9.45000 1.2370829582 2.5118231895    1.229  2.650  3.6914  1.595    3  0.000  0.386     6.45     5.02     3.61     2.75     2.23  4 -5.36e-10      0.00 7.339e-01 2.660e-01 1.263e-05 1.040e-05 4.364e-05 -1.000 9.996e-05 -1.855 2.090 3.071 1.210 -0.104 -0.648 -0.608 -0.694 -0.948 -1.507 -1.626 -1.792 -1.905 -2.123 -2.176 -2.470 -2.485 -2.681
9.8116e-05 -2.19174 9.45000 1.2372014523 2.5118383936    1.229  2.688  3.6896  1.550    3  0.000  0.386     7.08     5.45     3.91     2.97     2.41  4 -6.17e-10      0.00 7.339e-01 2.660e-01 1.263e-05 1.040e-05 4.364e-05 -1.000 9.996e-05 -1.950 2.009 3.084 1.190 -0.156 -0.707 -0.681 -0.772 -1.030 -1.596 -1.715 -1.883 -1.997 -2.217 -2.271 -2.566 -2.582 -2.780
9.8116e-05 -2.19174 9.45000 1.2373067141 2.5118518971    1.228  2.723  3.6880  1.508    3  0.000  0.386     7.72     5.88     4.20     3.20     2.60  4 -7.03e-10      0.00 7.339e-01 2.660e-01 1.263e-05 1.040e-05 4.364e-05 -1.000 9.996e-05 -2.039 1.932 3.096 1.174 -0.203 -0.761 -0.748 -0.844 -1.106 -1.679 -1.799 -1.969 -2.083 -2.304 -2.359 -2.656 -2.672 -2.872
9.8116e-05 -2.19174 9.45000 1.2374079227 2.5118648781    1.228  2.760  3.6863  1.465    3  0.000  0.386     8.44     6.35     4.53     3.45     2.80  4 -8.04e-10      0.00 7.339e-01 2.660e-01 1.263e-05 1.040e-05 4.364e-05 -1.000 1.000e-04 -2.130 1.854 3.118 1.165 -0.246 -0.813 -0.815 -0.916 -1.183 -1.763 -1.884 -2.056 -2.170 -2.394 -2.449 -2.749 -2.765 -2.966
9.8116e-05 -2.19174 9.45000 1.2375013828 2.5118768631    1.228  2.796  3.6846  1.422    3  0.000  0.386     9.22     6.86     4.87     3.72     3.02  4 -9.18e-10      0.00 7.339e-01 2.660e-01 1.263e-05 1.040e-05 4.364e-05 -1.000 1.000e-04 -2.219 1.778 3.123 1.173 -0.271 -0.847 -0.871 -0.981 -1.255 -1.846 -1.968 -2.142 -2.258 -2.483 -2.539 -2.841 -2.857 -3.061
9.8116e-05 -2.19174 9.45000 1.2375874519 2.5118878985    1.227  2.831  3.6831  1.381    3  0.000  0.386    10.03     7.40     5.23     4.00     3.25  4 -1.05e-09      0.00 7.339e-01 2.660e-01 1.263e-05 1.040e-05 4.364e-05 -1.000 1.000e-04 -2.306 1.704 3.117 1.185 -0.290 -0.873 -0.923 -1.043 -1.324 -1.927 -2.051 -2.226 -2.344 -2.571 -2.627 -2.931 -2.948 -3.153
9.8116e-05 -2.19174 9.45000 1.2376713753 2.5118986570    1.227  2.866  3.6814  1.338    3  0.000  0.386    10.95     7.99     5.63     4.31     3.50  4 -1.19e-09      0.00 7.339e-01 2.660e-01 1.263e-05 1.040e-05 4.364e-05 -1.000 1.000e-04 -2.396 1.629 3.118 1.208 -0.302 -0.894 -0.971 -1.103 -1.392 -2.009 -2.135 -2.312 -2.431 -2.660 -2.717 -3.023 -3.040 -3.247
9.8116e-05 -2.19174 9.45000 1.2377467155 2.5119083139    1.226  2.900  3.6797  1.297    3  0.000  0.386    11.91     8.60     6.04     4.63     3.76  3 -1.36e-09      0.00 7.339e-01 2.660e-01 1.263e-05 1.040e-05 4.364e-05 -1.000 9.996e-05 -2.481 1.558 3.124 1.236 -0.309 -0.909 -1.013 -1.157 -1.456 -2.086 -2.214 -2.394 -2.514 -2.746 -2.803 -3.112 -3.129 -3.338
9.8116e-05 -2.19174 9.45000 1.2378190756 2.5119175874    1.225  2.935  3.6780  1.256    3  0.000  0.386    12.96     9.26     6.49     4.97     4.04  3 -1.54e-09      0.00 7.339e-01 2.660e-01 1.263e-05 1.040e-05 4.364e-05 -1.000 9.996e-05 -2.566 1.486 3.135 1.271 -0.311 -0.919 -1.052 -1.209 -1.517 -2.163 -2.293 -2.475 -2.597 -2.831 -2.889 -3.200 -3.217 -3.428
9.8116e-05 -2.19174 9.45000 1.2378854752 2.5119260960    1.225  2.968  3.6766  1.216    3  0.000  0.386    14.05     9.95     6.94     5.33     4.33  3 -1.74e-09      0.00 7.339e-01 2.660e-01 1.263e-05 1.040e-05 4.364e-05 -1.000 1.001e-04 -2.650 1.416 3.143 1.301 -0.316 -0.930 -1.090 -1.260 -1.577 -2.237 -2.369 -2.554 -2.678 -2.914 -2.972 -3.286 -3.304 -3.516
9.8116e-05 -2.19174 9.45000 1.2379479408 2.5119340995    1.224  3.001  3.6747  1.175    3  0.000  0.386    15.28    10.71     7.45     5.72     4.65  3 -1.98e-09      0.00 7.339e-01 2.660e-01 1.263e-05 1.040e-05 4.364e-05 -1.000 1.000e-04 -2.733 1.348 3.171 1.356 -0.303 -0.924 -1.117 -1.301 -1.631 -2.310 -2.444 -2.632 -2.757 -2.997 -3.055 -3.372 -3.390 -3.605
9.8116e-05 -2.19174 9.45000 1.2380074263 2.5119417203    1.223  3.034  3.6731  1.136    3  0.000  0.386    16.59    11.51     7.98     6.14     4.99  3 -2.24e-09      0.00 7.339e-01 2.660e-01 1.263e-05 1.040e-05 4.364e-05 -1.000 1.000e-04 -2.816 1.279 3.193 1.402 -0.295 -0.923 -1.146 -1.345 -1.686 -2.382 -2.519 -2.710 -2.837 -3.079 -3.139 -3.458 -3.476 -3.693
9.8116e-05 -2.19174 9.45000 1.2380753756 2.5119504244    1.222  3.075  3.6710  1.087    3  0.000  0.386    18.34    12.57     8.68     6.69     5.44  3 -2.61e-09      0.00 7.339e-01 2.660e-01 1.263e-05 1.040e-05 4.364e-05 -1.000 9.999e-05 -2.917 1.197 3.232 1.472 -0.276 -0.912 -1.173 -1.392 -1.749 -2.468 -2.608 -2.804 -2.933 -3.179 -3.239 -3.563 -3.581 -3.800
9.8116e-05 -2.19174 9.45000 1.2381391525 2.5119585930    1.221  3.114  3.6690  1.039    3  0.000  0.386    20.24    13.70     9.43     7.27     5.91  3 -3.02e-09      0.00 7.339e-01 2.660e-01 1.263e-05 1.040e-05 4.364e-05 -1.000 1.000e-04 -3.015 1.116 3.274 1.548 -0.251 -0.893 -1.194 -1.433 -1.807 -2.551 -2.694 -2.894 -3.026 -3.276 -3.337 -3.665 -3.683 -3.905
9.8116e-05 -2.19174 9.45000 1.2381876707 2.5119648067    1.220  3.145  3.6675  1.001    3  0.000  0.386    21.86    14.66    10.06     7.77     6.32  3  -3.4e-09      0.00 7.339e-01 2.660e-01 1.263e-05 1.040e-05 4.364e-05 -1.000 1.000e-04 -3.093 1.051 3.305 1.606 -0.233 -0.879 -1.211 -1.466 -1.853 -2.616 -2.762 -2.966 -3.099 -3.353 -3.414 -3.745 -3.764 -3.988
9.8116e-05 -2.19174 9.45000 1.2382445335 2.5119720883    1.218  3.181  3.6655  0.956    3  0.000  0.386    23.96    15.89    10.86     8.40     6.83  2  -3.9e-09      0.00 7.339e-01 2.660e-01 1.263e-05 1.040e-05 4.364e-05 -1.000 1.000e-04 -3.184 0.978 3.356 1.699 -0.190 -0.843 -1.212 -1.490 -1.896 -2.687 -2.838 -3.046 -3.182 -3.441 -3.503 -3.839 -3.858 -4.085
9.8116e-05 -2.19174 9.45000 1.2382630110 2.5119744542    1.218  3.193  3.6648  0.942    3  0.000  0.386    24.68    16.32    11.14     8.61     7.01  2 -4.08e-09      0.00 7.339e-01 2.660e-01 1.263e-05 1.040e-05 4.364e-05 -1.000 1.000e-04 -3.213 0.954 3.374 1.731 -0.175 -0.829 -1.211 -1.496 -1.909 -2.710 -2.862 -3.072 -3.209 -3.469 -3.532 -3.869 -3.889 -4.117
9.8116e-05 -2.19174 9.45000 1.2382630110 2.5119744542    1.218  1.941  3.7870  2.682    4  0.000  0.389     0.00     0.00     0.00     0.00     0.00 -1    -1e-30      0.00 7.343e-01 2.656e-01 1.274e-05 1.026e-05 4.363e-05 -1.000 1.000e-04 -0.083 2.608 1.723 0.990 0.543 0.303 0.446 0.460 0.333 0.040 -0.033 -0.130 -0.204 -0.341 -0.372 -0.558 -0.565 -0.673
9.8116e-05 -2.19174 9.45000 1.2386174202 2.5120198194    1.218  1.951  3.7783  2.637    4  0.000  0.389     0.00     0.00     0.00     0.00     0.00 -1    -1e-30      0.00 7.342e-01 2.657e-01 1.274e-05 1.026e-05 4.363e-05 -1.000 1.000e-04 -0.109 2.705 1.825 1.036 0.552 0.293 0.465 0.480 0.343 0.031 -0.047 -0.150 -0.227 -0.371 -0.404 -0.600 -0.607 -0.723
9.8116e-05 -2.19174 9.45000 1.2389452457 2.5120617551    1.219  1.957  3.7746  2.617    4  0.000  0.389     0.00     0.00     0.00     0.00     0.00 -1    -1e-30      0.00 7.342e-01 2.657e-01 1.274e-05 1.027e-05 4.363e-05 -1.000 1.001e-04 -0.122 2.748 1.875 1.059 0.558 0.291 0.471 0.485 0.345 0.024 -0.055 -0.160 -0.239 -0.386 -0.420 -0.620 -0.628 -0.746
9.8116e-05 -2.19174 9.45000 1.2392848730 2.5121051737    1.219  1.961  3.7732  2.608    4  0.000  0.389     0.00     0.00     0.00     0.00     0.00 -1    -1e-30      0.00 7.342e-01 2.657e-01 1.273e-05 1.027e-05 4.363e-05 -1.000 1.001e-04 -0.132 2.760 1.889 1.063 0.556 0.286 0.469 0.482 0.341 0.017 -0.063 -0.169 -0.248 -0.397 -0.431 -0.632 -0.640 -0.760
9.8116e-05 -2.19174 9.45000 1.2396490574 2.5121517013    1.219  1.965  3.7730  2.603    4  0.000  0.389     0.00     0.00     0.00     0.00     0.00 -1    -1e-30      0.00 7.342e-01 2.657e-01 1.273e-05 1.027e-05 4.363e-05 -1.000 1.001e-04 -0.142 2.754 1.883 1.056 0.548 0.278 0.460 0.473 0.332 0.007 -0.072 -0.179 -0.258 -0.407 -0.441 -0.642 -0.650 -0.770
9.8116e-05 -2.19174 9.45000 1.2399818897 2.5121941959    1.220  1.968  3.7738  2.604    4  0.000  0.389     0.00     0.00     0.00     0.00     0.00 -1    -1e-30      0.00 7.342e-01 2.657e-01 1.273e-05 1.027e-05 4.363e-05 -1.000 1.001e-04 -0.150 2.734 1.863 1.041 0.536 0.268 0.447 0.461 0.320 -0.002 -0.082 -0.188 -0.266 -0.414 -0.448 -0.649 -0.657 -0.776
9.8116e-05 -2.19174 9.45000 1.2403218746 2.5122375767    1.220  1.971  3.7755  2.608    4  0.000  0.389     0.00     0.00     0.00     0.00     0.00 -1    -1e-30      0.00 7.342e-01 2.657e-01 1.273e-05 1.028e-05 4.363e-05 -1.000 9.996e-05 -0.157 2.702 1.828 1.019 0.521 0.256 0.431 0.444 0.306 -0.013 -0.092 -0.197 -0.275 -0.421 -0.455 -0.654 -0.661 -0.779
9.8116e-05 -2.19174 9.45000 1.2406644821 2.5122812644    1.221  1.974  3.7778  2.614    4  0.000  0.389     0.00     0.00     0.00     0.00     0.00 -1    -1e-30      0.00 7.342e-01 2.657e-01 1.272e-05 1.028e-05 4.363e-05 -1.000 9.996e-05 -0.164 2.660 1.783 0.991 0.503 0.243 0.411 0.425 0.289 -0.025 -0.102 -0.206 -0.283 -0.427 -0.460 -0.656 -0.664 -0.780
9.8116e-05 -2.19174 9.45000 1.2409945726 2.5123233298    1.221  1.976  3.7805  2.623    4  0.000  0.389     0.00     0.00     0.00     0.00     0.00 -1    -1e-30      0.00 7.342e-01 2.657e-01 1.272e-05 1.028e-05 4.363e-05 -1.000 1.000e-04 -0.171 2.615 1.735 0.960 0.485 0.230 0.390 0.404 0.270 -0.037 -0.113 -0.214 -0.290 -0.433 -0.465 -0.658 -0.666 -0.779
9.8116e-05 -2.19174 9.45000 1.2413643599 2.5123704234    1.221  1.979  3.7839  2.633    4  0.000  0.389     0.00     0.00     0.00     0.00     0.00 -1    -1e-30      0.00 7.342e-01 2.657e-01 1.272e-05 1.029e-05 4.363e-05 -1.000 9.999e-05 -0.178 2.563 1.683 0.929 0.467 0.220 0.366 0.379 0.249 -0.051 -0.125 -0.224 -0.298 -0.438 -0.469 -0.659 -0.666 -0.777
9.8116e-05 -2.19174 9.45000 1.2417010069 2.5124132685    1.222  1.981  3.7871  2.644    4  0.000  0.389     0.00     0.00     0.00     0.00     0.00 -1    -1e-30      0.00 7.342e-01 2.657e-01 1.272e-05 1.029e-05 4.363e-05 -1.000 9.996e-05 -0.184 2.514 1.634 0.900 0.450 0.210 0.343 0.356 0.229 -0.063 -0.136 -0.233 -0.306 -0.443 -0.473 -0.659 -0.666 -0.775
9.8116e-05 -2.19174 9.45000 1.2420282364 2.5124548894    1.222  1.984  3.7903  2.655    4  0.000  0.389     0.00     0.00     0.00     0.00     0.00 -1    -1e-30      0.00 7.342e-01 2.657e-01 1.272e-05 1.029e-05 4.363e-05 -1.000 1.000e-04 -0.190 2.466 1.585 0.870 0.434 0.200 0.320 0.333 0.209 -0.076 -0.147 -0.242 -0.313 -0.447 -0.477 -0.659 -0.666 -0.772
9.8116e-05 -2.19174 9.45000 1.2423727512 2.5124986816    1.222  1.986  3.7939  2.666    4  0.000  0.388     0.00     0.00     0.00     0.00     0.00 -1    -1e-30      0.00 7.342e-01 2.657e-01 1.271e-05 1.029e-05 4.363e-05 -1.000 1.000e-04 -0.196 2.414 1.535 0.841 0.418 0.191 0.297 0.308 0.188 -0.089 -0.159 -0.250 -0.320 -0.451 -0.480 -0.659 -0.665 -0.769
9.8116e-05 -2.19174 9.45000 1.2427135706 2.5125419766    1.223  1.989  3.7974  2.678    4  0.000  0.388     0.00     0.00     0.00     0.00     0.00 -1    -1e-30      0.00 7.342e-01 2.657e-01 1.271e-05 1.030e-05 4.363e-05 -1.000 9.999e-05 -0.202 2.362 1.484 0.812 0.402 0.183 0.273 0.284 0.167 -0.102 -0.170 -0.259 -0.328 -0.455 -0.484 -0.658 -0.664 -0.765
9.8116e-05 -2.19174 9.45000 1.2430752516 2.5125878918    1.223  1.991  3.8011  2.690    4  0.000  0.388     0.00     0.00     0.00     0.00     0.00 -1    -1e-30      0.00 7.342e-01 2.657e-01 1.271e-05 1.030e-05 4.363e-05 -1.000 9.996e-05 -0.208 2.308 1.433 0.782 0.386 0.174 0.248 0.258 0.145 -0.115 -0.181 -0.268 -0.335 -0.459 -0.487 -0.657 -0.663 -0.761
9.8116e-05 -2.19174 9.45000 1.2434273958 2.5126325668    1.224  1.994  3.8045  2.702    4  0.000  0.388     0.00     0.00     0.00     0.00     0.00 -1    -1e-30      0.00 7.341e-01 2.658e-01 1.271e-05 1.030e-05 4.363e-05 -1.000 1.000e-04 -0.215 2.259 1.389 0.757 0.372 0.167 0.226 0.234 0.125 -0.128 -0.192 -0.277 -0.342 -0.463 -0.490 -0.656 -0.662 -0.758
9.8116e-05 -2.19174 9.45000 1.2435525656 2.5126484396    1.224  1.995  3.8057  2.706    4  0.000  0.388     0.00     0.00     0.00     0.00     0.00 -1    -1e-30      0.00 7.341e-01 2.658e-01 1.271e-05 1.030e-05 4.363e-05 -1.000 1.000e-04 -0.217 2.243 1.374 0.749 0.368 0.165 0.218 0.226 0.118 -0.132 -0.196 -0.280 -0.344 -0.464 -0.491 -0.656 -0.662 -0.757
9.8116e-05 -2.19174 9.45000 1.2437899113 2.5126785272    1.224  1.996  3.8077  2.712    4  0.000  0.388     0.00     0.00     0.00     0.00     0.00 -1    -1e-30      0.00 7.341e-01 2.658e-01 1.270e-05 1.031e-05 4.363e-05 -1.000 1.000e-04 -0.221 2.213 1.347 0.733 0.359 0.160 0.204 0.212 0.105 -0.140 -0.203 -0.285 -0.349 -0.467 -0.493 -0.656 -0.662 -0.756
9.8116e-05 -2.19174 9.45000 1.2441574335 2.5127250909    1.224  1.999  3.8106  2.721    4  0.000  0.388     0.00     0.00     0.00     0.00     0.00 -1    -1e-30      0.00 7.341e-01 2.658e-01 1.270e-05 1.031e-05 4.363e-05 -1.000 1.000e-04 -0.227 2.171 1.308 0.711 0.347 0.154 0.184 0.190 0.087 -0.152 -0.214 -0.293 -0.356 -0.471 -0.497 -0.656 -0.662 -0.754
9.8116e-05 -2.19174 9.45000 1.2444945574 2.5127677755    1.225  2.001  3.8129  2.728    4  0.000  0.388     0.00     0.00     0.00     0.00     0.00 -1    -1e-30      0.00 7.341e-01 2.658e-01 1.270e-05 1.031e-05 4.364e-05 -1.000 9.999e-05 -0.233 2.137 1.279 0.694 0.338 0.149 0.168 0.173 0.071 -0.162 -0.223 -0.301 -0.362 -0.475 -0.500 -0.657 -0.663 -0.753
9.8116e-05 -2.19174 9.45000 1.2448310852 2.5128103580    1.225  2.004  3.8147  2.733    4  0.000  0.388     0.00     0.00     0.00     0.00     0.00 -1    -1e-30      0.00 7.341e-01 2.658e-01 1.270e-05 1.031e-05 4.364e-05 -1.000 9.993e-05 -0.239 2.107 1.253 0.678 0.328 0.142 0.154 0.159 0.059 -0.171 -0.231 -0.307 -0.368 -0.479 -0.504 -0.659 -0.664 -0.754
9.8116e-05 -2.19174 9.45000 1.2451770306 2.5128541047    1.225  2.006  3.8162  2.737    4  0.000  0.388     0.00     0.00     0.00     0.00     0.00 -1    -1e-30      0.00 7.341e-01 2.658e-01 1.270e-05 1.032e-05 4.364e-05 -1.000 9.993e-05 -0.246 2.081 1.231 0.663 0.318 0.136 0.141 0.145 0.047 -0.180 -0.239 -0.314 -0.374 -0.484 -0.509 -0.662 -0.667 -0.756
9.8116e-05 -2.19174 9.45000 1.2455375195 2.5128996607    1.226  2.009  3.8171  2.738    4  0.000  0.388     0.00     0.00     0.00     0.00     0.00 -1    -1e-30      0.00 7.341e-01 2.658e-01 1.269e-05 1.032e-05 4.364e-05 -1.000 1.000e-04 -0.253 2.063 1.215 0.652 0.310 0.129 0.130 0.134 0.037 -0.188 -0.247 -0.322 -0.381 -0.491 -0.515 -0.667 -0.672 -0.760
9.8116e-05 -2.19174 9.45000 1.2458740473 2.5129421613    1.226  2.012  3.8175  2.737    4  0.000  0.388     0.00     0.00     0.00     0.00     0.00 -1    -1e-30      0.00 7.341e-01 2.658e-01 1.269e-05 1.032e-05 4.364e-05 -1.000 9.996e-05 -0.259 2.052 1.205 0.644 0.303 0.123 0.122 0.126 0.028 -0.195 -0.254 -0.329 -0.388 -0.497 -0.521 -0.673 -0.678 -0.766
9.8116e-05 -2.19174 9.45000 1.2460548878 2.5129649890    1.226  2.013  3.8175  2.735    4  0.000  0.388     0.00     0.00     0.00     0.00     0.00 -1    -1e-30      0.00 7.341e-01 2.658e-01 1.269e-05 1.032e-05 4.364e-05 -1.000 9.999e-05 -0.263 2.048 1.202 0.640 0.299 0.119 0.118 0.122 0.025 -0.199 -0.258 -0.332 -0.392 -0.501 -0.525 -0.677 -0.682 -0.770
9.8116e-05 -2.19174 9.45000 1.2462925911 2.5129949830    1.227  2.015  3.8169  2.731    4  0.000  0.388     0.00     0.00     0.00     0.00     0.00 -1    -1e-30      0.00 7.341e-01 2.658e-01 1.269e-05 1.033e-05 4.364e-05 -1.000 1.000e-04 -0.268 2.052 1.204 0.639 0.296 0.115 0.115 0.119 0.021 -0.204 -0.262 -0.337 -0.397 -0.506 -0.531 -0.683 -0.688 -0.776
9.8116e-05 -2.19174 9.45000 1.2466139793 2.5130355156    1.227  2.018  3.8157  2.723    4  0.000  0.388     0.00     0.00     0.00     0.00     0.00 -1    -1e-30      0.00 7.341e-01 2.658e-01 1.269e-05 1.033e-05 4.364e-05 -1.000 9.996e-05 -0.275 2.062 1.212 0.641 0.293 0.109 0.113 0.117 0.018 -0.209 -0.268 -0.344 -0.404 -0.515 -0.540 -0.693 -0.699 -0.787
9.8116e-05 -2.19174 9.45000 1.2469435930 2.5130770607    1.227  2.021  3.8137  2.712    4  0.000  0.388     0.00     0.00     0.00     0.00     0.00 -1    -1e-30      0.00 7.341e-01 2.658e-01 1.268e-05 1.033e-05 4.364e-05 -1.000 9.999e-05 -0.283 2.083 1.228 0.646 0.291 0.103 0.113 0.118 0.017 -0.214 -0.274 -0.352 -0.412 -0.525 -0.550 -0.706 -0.711 -0.801
9.8116e-05 -2.19174 9.45000 1.2472777367 2.5131191509    1.228  2.025  3.8107  2.697    4  0.000  0.388     0.00     0.00     0.00     0.00     0.00 -1    -1e-30      0.00 7.341e-01 2.658e-01 1.268e-05 1.033e-05 4.364e-05 -1.000 1.001e-04 -0.292 2.112 1.252 0.653 0.288 0.095 0.117 0.123 0.019 -0.218 -0.280 -0.359 -0.421 -0.536 -0.562 -0.721 -0.727 -0.819
9.8116e-05 -2.19174 9.45000 1.2476102114 2.5131610052    1.228  2.029  3.8068  2.678    4  0.000  0.387     0.00     0.00     0.00     0.00     0.00 -1    -1e-30      0.00 7.341e-01 2.658e-01 1.268e-05 1.034e-05 4.364e-05 -1.000 9.996e-05 -0.301 2.153 1.288 0.668 0.288 0.087 0.126 0.133 0.026 -0.221 -0.284 -0.366 -0.430 -0.549 -0.575 -0.739 -0.745 -0.839
9.8116e-05 -2.19174 9.45000 1.2479366064 2.5132020692    1.228  2.032  3.8022  2.656    4  0.000  0.387     0.00     0.00     0.00     0.00     0.00 -1    -1e-30      0.00 7.341e-01 2.658e-01 1.268e-05 1.034e-05 4.364e-05 -1.000 9.996e-05 -0.311 2.203 1.333 0.686 0.290 0.080 0.138 0.146 0.035 -0.222 -0.288 -0.373 -0.439 -0.562 -0.590 -0.758 -0.765 -0.862
9.8116e-05 -2.19174 9.45000 1.2482529879 2.5132418498    1.229  2.037  3.7973  2.632    4  0.000  0.387     0.00     0.00     0.00     0.00     0.00 -1    -1e-30      0.00 7.341e-01 2.658e-01 1.268e-05 1.034e-05 4.364e-05 -1.000 9.996e-05 -0.321 2.257 1.384 0.708 0.294 0.073 0.151 0.161 0.044 -0.223 -0.291 -0.380 -0.449 -0.576 -0.604 -0.778 -0.785 -0.886
9.8116e-05 -2.19174 9.45000 1.2485733032 2.5132821014    1.229  2.041  3.7920  2.607    4  0.000  0.387     0.00     0.00     0.00     0.00     0.00 -1    -1e-30      0.00 7.340e-01 2.659e-01 1.267e-05 1.034e-05 4.364e-05 -1.000 9.996e-05 -0.332 2.316 1.441 0.733 0.299 0.068 0.167 0.177 0.056 -0.224 -0.295 -0.387 -0.458 -0.590 -0.620 -0.800 -0.807 -0.912
9.8116e-05 -2.19174 9.45000 1.2488998175 2.5133231075    1.229  2.046  3.7859  2.578    4  0.000  0.387     0.00     0.00     0.00     0.00     0.00 -1    -1e-30      0.00 7.340e-01 2.659e-01 1.267e-05 1.035e-05 4.364e-05 -1.000 1.000e-04 -0.345 2.384 1.510 0.765 0.307 0.063 0.185 0.197 0.069 -0.225 -0.298 -0.395 -0.469 -0.606 -0.637 -0.824 -0.831 -0.940
9.8116e-05 -2.19174 9.45000 1.2490530014 2.5133423371    1.230  2.049  3.7826  2.561    4  0.000  0.387     0.00     0.00     0.00     0.00     0.00 -1    -1e-30      0.00 7.340e-01 2.659e-01 1.267e-05 1.035e-05 4.364e-05 -1.000 9.999e-05 -0.351 2.422 1.549 0.784 0.312 0.061 0.196 0.208 0.077 -0.225 -0.300 -0.399 -0.474 -0.614 -0.646 -0.837 -0.844 -0.956
9.8116e-05 -2.19174 9.45000 1.2493720055 2.5133823649    1.230  2.055  3.7746  2.523    4  0.000  0.387     0.00     0.00     0.00     0.00     0.00 -1    -1e-30      0.00 7.340e-01 2.659e-01 1.267e-05 1.035e-05 4.364e-05 -1.000 1.000e-04 -0.368 2.519 1.655 0.836 0.331 0.063 0.222 0.233 0.094 -0.225 -0.304 -0.409 -0.487 -0.634 -0.667 -0.867 -0.875 -0.993
9.8116e-05 -2.19174 9.45000 1.2496911287 2.5134223842    1.230  2.064  3.7657  2.479    4  0.000  0.387     0.00     0.00     0.00     0.00     0.00 -1    -1e-30      0.00 7.340e-01 2.659e-01 1.267e-05 1.035e-05 4.364e-05 -1.000 9.996e-05 -0.390 2.630 1.790 0.904 0.355 0.068 0.250 0.260 0.112 -0.229 -0.311 -0.423 -0.504 -0.659 -0.694 -0.904 -0.912 -1.038
9.8116e-05 -2.19174 9.45000 1.2500116825 2.5134625593    1.231  2.080  3.7530  2.412    4  0.000  0.387     0.00     0.00     0.00     0.00     0.00 -1    -1e-30      0.00 7.340e-01 2.659e-01 1.266e-05 1.036e-05 4.364e-05 -1.000 9.996e-05 -0.429 2.778 2.010 1.018 0.396 0.075 0.285 0.292 0.131 -0.241 -0.329 -0.449 -0.536 -0.701 -0.740 -0.963 -0.973 -1.110
9.8116e-05 -2.19174 9.45000 1.2502073050 2.5134870650    1.231  2.100  3.7404  2.342    4  0.000  0.387     0.00     0.00     0.00     0.00     0.00 -1    -1e-30      0.00 7.340e-01 2.659e-01 1.266e-05 1.036e-05 4.364e-05 -1.000 1.000e-04 -0.480 2.903 2.251 1.142 0.439 0.084 0.312 0.313 0.138 -0.264 -0.358 -0.487 -0.579 -0.754 -0.796 -1.033 -1.043 -1.191
9.8116e-05 -2.19174 9.45000 1.2502859831 2.5134969186    1.231  2.123  3.7310  2.282    4  0.000  0.387     0.00     0.00     0.00     0.00     0.00 -1    -1e-30      0.00 7.340e-01 2.659e-01 1.266e-05 1.036e-05 4.364e-05 -1.000 9.999e-05 -0.537 2.979 2.498 1.277 0.490 0.103 0.324 0.315 0.128 -0.300 -0.398 -0.534 -0.629 -0.813 -0.856 -1.104 -1.115 -1.272
9.8116e-05 -2.19174 9.45000 1.2503079176 2.5134996654    1.231  2.139  3.7268  2.249    4  0.000  0.387     0.00     0.00     0.00     0.00     0.00 -1    -1e-30      0.00 7.340e-01 2.659e-01 1.266e-05 1.036e-05 4.364e-05 -1.000 9.996e-05 -0.577 2.994 2.608 1.333 0.504 0.103 0.317 0.303 0.111 -0.330 -0.430 -0.569 -0.666 -0.853 -0.897 -1.150 -1.161 -1.322
9.8116e-05 -2.19174 9.45000 1.2503093481 2.5134998445    1.231  2.140  3.7265  2.246    4  0.000  0.387     0.00     0.00     0.00     0.00     0.00 -1    -1e-30      0.00 7.340e-01 2.659e-01 1.266e-05 1.036e-05 4.364e-05 -1.000 1.000e-04 -0.581 2.995 2.617 1.337 0.505 0.103 0.316 0.302 0.109 -0.333 -0.433 -0.572 -0.669 -0.857 -0.901 -1.154 -1.166 -1.327
9.8116e-05 -2.19174 9.45000 1.2503094673 2.5134998594    1.231  2.140  3.7264  2.246    7  0.000  0.387     0.00     0.00     0.00     0.00     0.00 -1    -1e-30      0.00 7.340e-01 2.659e-01 1.266e-05 1.036e-05 4.364e-05 -1.000 1.000e-04 -0.581 2.995 2.618 1.337 0.505 0.103 0.315 0.301 0.108 -0.333 -0.434 -0.572 -0.670 -0.857 -0.901 -1.154 -1.166 -1.327
9.8116e-05 -2.19174 9.45000 1.2503126860 2.5135002625    1.231  2.151  3.7251  2.229    7  0.000  0.387     0.00     0.00     0.00     0.00     0.00 -1    -1e-30      0.00 7.340e-01 2.659e-01 1.266e-05 1.036e-05 4.364e-05 -1.000 9.999e-05 -0.608 2.985 2.641 1.342 0.496 0.089 0.299 0.283 0.088 -0.357 -0.458 -0.598 -0.696 -0.884 -0.929 -1.183 -1.195 -1.357
9.8116e-05 -2.19174 9.45000 1.2503194809 2.5135011134    1.231  2.186  3.7218  2.181    7  0.000  0.387     0.00     0.00     0.00     0.00     0.00 -1    -1e-30      0.00 7.340e-01 2.659e-01 1.266e-05 1.036e-05 4.364e-05 -1.000 9.996e-05 -0.696 2.938 2.678 1.335 0.454 0.036 0.236 0.216 0.017 -0.438 -0.540 -0.682 -0.781 -0.972 -1.018 -1.276 -1.288 -1.453
9.8116e-05 -2.19174 9.45000 1.2503260374 2.5135019344    1.231  2.226  3.7189  2.129    7  0.000  0.387     0.00     0.00     0.00     0.00     0.00 -1    -1e-30      0.00 7.340e-01 2.659e-01 1.266e-05 1.036e-05 4.364e-05 -1.000 9.996e-05 -0.795 2.876 2.701 1.314 0.400 -0.029 0.162 0.137 -0.067 -0.530 -0.634 -0.778 -0.878 -1.072 -1.118 -1.379 -1.391 -1.560
9.8116e-05 -2.19174 9.45000 1.2503365278 2.5135032480    1.231  2.281  3.7154  2.061    7  0.000  0.387     0.00     0.00     0.00     0.00     0.00 -1    -1e-30      0.00 7.340e-01 2.659e-01 1.266e-05 1.036e-05 4.364e-05 -1.000 9.999e-05 -0.933 2.779 2.719 1.278 0.322 -0.121 0.056 0.024 -0.184 -0.658 -0.764 -0.910 -1.012 -1.209 -1.256 -1.520 -1.533 -1.705
9.8116e-05 -2.19174 9.45000 1.2505075932 2.5135246651    1.231  2.271  3.7160  2.074    7  0.000  0.387     0.00     0.00     0.00     0.00     0.00 -1    -1e-30      0.00 7.340e-01 2.659e-01 1.266e-05 1.036e-05 4.364e-05 -1.000 9.993e-05 -0.906 2.798 2.718 1.286 0.338 -0.103 0.077 0.046 -0.162 -0.633 -0.739 -0.885 -0.986 -1.182 -1.229 -1.493 -1.506 -1.677
9.8116e-05 -2.19174 9.45000 1.2506182194 2.5135385118    1.231  2.321  3.7127  2.011    7  0.000  0.387     0.00     0.00     0.00     0.00     0.00 -1    -1e-30      0.00 7.340e-01 2.659e-01 1.266e-05 1.036e-05 4.364e-05 -1.000 9.996e-05 -1.031 2.710 2.739 1.256 0.268 -0.185 -0.019 -0.055 -0.268 -0.750 -0.857 -1.005 -1.108 -1.307 -1.355 -1.623 -1.636 -1.810
9.8116e-05 -2.19174 9.45000 1.2507266998 2.5135520872    1.231  2.367  3.7100  1.953    7  0.000  0.387     0.00     0.00     0.00     0.00     0.00 -1    -1e-30      0.00 7.340e-01 2.659e-01 1.266e-05 1.036e-05 4.364e-05 -1.000 9.996e-05 -1.148 2.626 2.757 1.229 0.203 -0.262 -0.110 -0.151 -0.368 -0.859 -0.968 -1.118 -1.222 -1.424 -1.472 -1.743 -1.757 -1.934
9.8116e-05 -2.19174 9.45000 1.2508203983 2.5135638105    1.231  2.408  3.7077  1.903    7  0.000  0.387     0.00     0.00     0.00     0.00     0.00 -1    -1e-30      0.00 7.340e-01 2.659e-01 1.266e-05 1.036e-05 4.364e-05 -1.000 1.000e-04 -1.251 2.547 2.779 1.209 0.149 -0.326 -0.189 -0.235 -0.457 -0.956 -1.065 -1.218 -1.323 -1.526 -1.575 -1.849 -1.863 -2.042
9.8116e-05 -2.19174 9.45000 1.2509044409 2.5135743240    1.232  2.449  3.7055  1.853    7  0.000  0.387     0.00     0.00     0.00     0.00     0.00 -1    -1e-30      0.00 7.340e-01 2.659e-01 1.266e-05 1.036e-05 4.364e-05 -1.000 1.000e-04 -1.353 2.468 2.797 1.188 0.094 -0.390 -0.267 -0.319 -0.545 -1.052 -1.162 -1.317 -1.423 -1.628 -1.677 -1.954 -1.968 -2.149
9.8116e-05 -2.19174 9.45000 1.2509803772 2.5135838220    1.232  2.490  3.7034  1.804    7  0.000  0.387     0.00     0.00     0.00     0.00     0.00 -1    -1e-30      0.00 7.340e-01 2.659e-01 1.265e-05 1.036e-05 4.364e-05 -1.000 9.993e-05 -1.454 2.387 2.814 1.165 0.038 -0.455 -0.346 -0.403 -0.633 -1.147 -1.259 -1.415 -1.522 -1.729 -1.779 -2.058 -2.072 -2.256
9.8116e-05 -2.19174 9.45000 1.2510492802 2.5135924392    1.232  2.531  3.7013  1.755    7  0.000  0.386     4.65     3.76     2.74     2.08     1.68  4    -1e-30      0.00 7.340e-01 2.659e-01 1.263e-05 1.037e-05 4.364e-05 -1.000 9.999e-05 -1.557 2.306 2.829 1.142 -0.019 -0.522 -0.427 -0.489 -0.722 -1.244 -1.356 -1.514 -1.622 -1.831 -1.882 -2.163 -2.178 -2.364
9.8116e-05 -2.19174 9.45000 1.2511107922 2.5136001311    1.232  2.572  3.6992  1.705    7  0.000  0.383     5.15     4.12     2.99     2.26     1.84  4    -1e-30      0.00 7.340e-01 2.659e-01 1.255e-05 1.044e-05 4.364e-05 -1.000 9.999e-05 -1.660 2.222 2.844 1.119 -0.075 -0.587 -0.507 -0.574 -0.811 -1.341 -1.455 -1.614 -1.723 -1.934 -1.985 -2.269 -2.284 -2.472
9.8116e-05 -2.19174 9.45000 1.2511661053 2.5136070471    1.232  2.614  3.6971  1.655    7  0.000  0.378     5.71     4.51     3.26     2.47     2.01  4    -1e-30      0.00 7.339e-01 2.660e-01 1.236e-05 1.063e-05 4.364e-05 -1.000 9.993e-05 -1.765 2.135 2.864 1.100 -0.131 -0.652 -0.586 -0.659 -0.901 -1.439 -1.554 -1.715 -1.825 -2.038 -2.090 -2.376 -2.391 -2.581
9.8116e-05 -2.19174 9.45000 1.2512142658 2.5136130682    1.232  2.655  3.6951  1.606    7  0.000  0.370     6.32     4.93     3.55     2.70     2.19  4    -1e-30      0.00 7.339e-01 2.660e-01 1.211e-05 1.093e-05 4.364e-05 -1.000 9.996e-05 -1.867 2.051 2.882 1.081 -0.184 -0.715 -0.664 -0.742 -0.989 -1.534 -1.650 -1.813 -1.924 -2.139 -2.191 -2.480 -2.495 -2.687
9.8116e-05 -2.19174 9.45000 1.2512578964 2.5136185225    1.232  2.695  3.6931  1.557    7  0.000  0.363     6.98     5.38     3.86     2.93     2.38  4    -1e-30      0.00 7.339e-01 2.660e-01 1.188e-05 1.122e-05 4.364e-05 -1.000 9.996e-05 -1.968 1.967 2.901 1.062 -0.238 -0.777 -0.740 -0.824 -1.075 -1.628 -1.745 -1.910 -2.022 -2.238 -2.291 -2.583 -2.598 -2.792
9.8116e-05 -2.19174 9.45000 1.2512980700 2.5136235443    1.232  2.735  3.6910  1.509    7  0.000  0.357     7.71     5.86     4.19     3.19     2.59  4    -1e-30      0.00 7.338e-01 2.661e-01 1.169e-05 1.145e-05 4.364e-05 -1.000 9.999e-05 -2.068 1.883 2.919 1.044 -0.291 -0.838 -0.816 -0.905 -1.160 -1.721 -1.839 -2.006 -2.119 -2.337 -2.391 -2.685 -2.700 -2.897
9.8116e-05 -2.19174 9.45000 1.2513357401 2.5136282528    1.232  2.775  3.6890  1.461    7  0.000  0.352     8.51     6.40     4.56     3.47     2.82  4    -1e-30      0.00 7.337e-01 2.662e-01 1.153e-05 1.165e-05 4.364e-05 -1.000 9.996e-05 -2.169 1.799 2.947 1.035 -0.338 -0.895 -0.889 -0.984 -1.244 -1.813 -1.933 -2.102 -2.215 -2.436 -2.490 -2.786 -2.802 -3.001
9.8116e-05 -2.19174 9.45000 1.2513710260 2.5136326630    1.232  2.816  3.6870  1.412    7  0.000  0.348     9.41     6.99     4.96     3.78     3.07  4    -1e-30      0.00 7.337e-01 2.662e-01 1.138e-05 1.184e-05 4.362e-05 -1.000 9.996e-05 -2.270 1.712 2.982 1.033 -0.383 -0.950 -0.961 -1.062 -1.328 -1.907 -2.028 -2.198 -2.313 -2.536 -2.591 -2.890 -2.906 -3.107
9.8116e-05 -2.19174 9.45000 1.2514036894 2.5136367451    1.232  2.857  3.6849  1.363    7  0.000  0.344    10.42     7.64     5.40     4.13     3.35  4    -1e-30      0.00 7.336e-01 2.663e-01 1.126e-05 1.200e-05 4.359e-05 -1.000 1.000e-04 -2.373 1.626 3.003 1.043 -0.413 -0.991 -1.026 -1.137 -1.410 -2.001 -2.123 -2.296 -2.412 -2.638 -2.693 -2.995 -3.011 -3.215
9.8116e-05 -2.19174 9.45000 1.2514330149 2.5136404099    1.232  2.896  3.6829  1.316    7  0.000  0.342    11.47     8.32     5.85     4.48     3.64  3    -1e-30      0.00 7.335e-01 2.664e-01 1.115e-05 1.216e-05 4.353e-05 -1.000 1.001e-04 -2.470 1.546 3.008 1.073 -0.423 -1.010 -1.077 -1.201 -1.483 -2.089 -2.214 -2.390 -2.507 -2.735 -2.791 -3.096 -3.112 -3.318
9.8116e-05 -2.19174 9.45000 1.2514616251 2.5136439851    1.232  2.935  3.6809  1.270    7  0.000  0.340    12.62     9.05     6.34     4.86     3.95  3    -1e-30      0.00 7.333e-01 2.666e-01 1.106e-05 1.233e-05 4.344e-05 -1.000 1.000e-04 -2.566 1.466 3.018 1.108 -0.428 -1.025 -1.123 -1.261 -1.554 -2.177 -2.304 -2.482 -2.601 -2.832 -2.888 -3.196 -3.213 -3.421
9.8116e-05 -2.19174 9.45000 1.2514902353 2.5136475602    1.232  2.973  3.6788  1.223    7  0.000  0.338    13.91     9.85     6.88     5.28     4.29  3    -1e-30      0.00 7.332e-01 2.667e-01 1.098e-05 1.253e-05 4.331e-05 -1.000 1.000e-04 -2.664 1.386 3.035 1.153 -0.426 -1.033 -1.165 -1.318 -1.623 -2.263 -2.393 -2.575 -2.696 -2.929 -2.986 -3.297 -3.314 -3.524
9.8116e-05 -2.19174 9.45000 1.2515186071 2.5136511052    1.232  3.012  3.6768  1.175    7  0.000  0.337    15.33    10.73     7.47     5.74     4.66  3    -1e-30      0.00 7.331e-01 2.668e-01 1.092e-05 1.276e-05 4.314e-05 -1.000 9.996e-05 -2.761 1.305 3.059 1.208 -0.417 -1.033 -1.201 -1.371 -1.689 -2.349 -2.481 -2.666 -2.789 -3.026 -3.084 -3.398 -3.416 -3.628
9.8116e-05 -2.19174 9.45000 1.2515466213 2.5136546054    1.232  3.052  3.6746  1.127    7  0.000  0.337    16.91    11.70     8.11     6.24     5.07  3    -1e-30      0.00 7.330e-01 2.669e-01 1.086e-05 1.300e-05 4.295e-05 -1.000 1.000e-04 -2.860 1.225 3.090 1.272 -0.402 -1.026 -1.232 -1.421 -1.753 -2.435 -2.570 -2.759 -2.884 -3.124 -3.183 -3.500 -3.518 -3.733
9.8116e-05 -2.19174 9.45000 1.2515733242 2.5136579416    1.232  3.092  3.6724  1.078    7  0.000  0.337    18.71    12.79     8.83     6.80     5.53  3    -1e-30      0.00 7.329e-01 2.670e-01 1.081e-05 1.322e-05 4.277e-05 -1.000 9.999e-05 -2.960 1.143 3.132 1.347 -0.380 -1.011 -1.258 -1.466 -1.814 -2.520 -2.659 -2.852 -2.980 -3.224 -3.284 -3.605 -3.623 -3.841
9.8116e-05 -2.19174 9.45000 1.2515960932 2.5136607861    1.232  3.133  3.6702  1.029    7  0.000  0.337    20.72    13.98     9.62     7.42     6.03  3    -1e-30      0.00 7.328e-01 2.671e-01 1.076e-05 1.341e-05 4.262e-05 -1.000 9.999e-05 -3.062 1.062 3.183 1.433 -0.349 -0.988 -1.276 -1.507 -1.873 -2.605 -2.747 -2.945 -3.076 -3.324 -3.385 -3.710 -3.729 -3.950
9.8116e-05 -2.19174 9.45000 1.2516140938 2.5136630349    1.232  3.171  3.6680  0.982    7  0.000  0.337    22.81    15.22    10.42     8.05     6.55  3    -1e-30      0.00 7.326e-01 2.673e-01 1.073e-05 1.357e-05 4.249e-05 -1.000 9.993e-05 -3.157 0.985 3.234 1.525 -0.310 -0.956 -1.286 -1.539 -1.923 -2.683 -2.828 -3.031 -3.164 -3.417 -3.479 -3.809 -3.828 -4.052
9.8116e-05 -2.19174 9.45000 1.2516350746 2.5136656559    1.232  3.220  3.6652  0.922    7  0.000  0.337    25.81    16.96    11.56     8.94     7.28  2    -1e-30      0.00 7.325e-01 2.674e-01 1.070e-05 1.372e-05 4.236e-05 -1.000 9.999e-05 -3.279 0.886 3.308 1.657 -0.248 -0.902 -1.283 -1.567 -1.978 -2.778 -2.929 -3.139 -3.277 -3.536 -3.599 -3.936 -3.955 -4.183
9.8116e-05 -2.19174 9.45000 1.2516492605 2.5136674279    1.232  3.260  3.6628  0.872    7  0.000  0.337    28.60    18.56    12.60     9.76     7.94  2    -1e-30      0.00 7.324e-01 2.675e-01 1.067e-05 1.382e-05 4.227e-05 -1.000 9.996e-05 -3.380 0.806 3.380 1.783 -0.182 -0.842 -1.267 -1.579 -2.016 -2.853 -3.009 -3.226 -3.367 -3.633 -3.698 -4.040 -4.060 -4.292
9.8116e-05 -2.19174 9.45000 1.2516565323 2.5136683363    1.232  3.309  3.6599  0.812    7  0.000  0.337    32.38    20.71    13.99    10.85     8.83  2    -1e-30      0.00 7.323e-01 2.676e-01 1.067e-05 1.387e-05 4.223e-05 -1.000 1.000e-04 -3.501 0.711 3.477 1.948 -0.091 -0.759 -1.235 -1.582 -2.053 -2.939 -3.103 -3.329 -3.475 -3.750 -3.816 -4.166 -4.187 -4.424
9.8116e-05 -2.19174 9.45000 1.2516571283 2.5136684107    1.232  3.327  3.6587  0.789    7  0.000  0.337    33.95    21.59    14.56    11.30     9.20  2    -1e-30      0.00 7.322e-01 2.677e-01 1.063e-05 1.402e-05 4.211e-05 -1.000 1.000e-04 -3.547 0.675 3.513 2.015 -0.052 -0.723 -1.218 -1.579 -2.065 -2.970 -3.136 -3.367 -3.515 -3.793 -3.860 -4.213 -4.234 -4.473
9.8116e-05 -2.19174 9.45000 1.2516585588 2.5136685894    1.232  3.346  3.6575  0.765    7  0.000  0.337    35.65    22.53    15.16    11.77     9.59  2    -1e-30      0.00 7.321e-01 2.678e-01 1.062e-05 1.407e-05 4.207e-05 -1.000 1.000e-04 -3.594 0.637 3.554 2.073 -0.024 -0.697 -1.208 -1.582 -2.080 -3.003 -3.171 -3.406 -3.555 -3.836 -3.904 -4.261 -4.282 -4.523
9.8116e-05 -2.19174 9.45000 1.2516617775 2.5136689915    1.232  3.372  3.6559  0.733    7  0.000  0.337    38.10    23.89    16.03    12.46    10.15  2    -1e-30      0.00 7.320e-01 2.679e-01 1.061e-05 1.412e-05 4.203e-05 -1.000 9.996e-05 -3.659 0.583 3.605 2.123 -0.012 -0.691 -1.215 -1.600 -2.109 -3.050 -3.221 -3.459 -3.610 -3.895 -3.964 -4.325 -4.346 -4.590
9.8116e-05 -2.19174 9.45000 1.2516642809 2.5136693042    1.232  3.390  3.6547  0.710    7  0.555  0.337    39.94    24.90    16.68    12.97    10.57  2    -1e-30      0.00 7.320e-01 2.679e-01 1.059e-05 1.420e-05 4.196e-05 -1.000 9.999e-05 -3.705 0.545 3.641 2.158 -0.004 -0.686 -1.220 -1.612 -2.130 -3.083 -3.256 -3.497 -3.649 -3.937 -4.007 -4.370 -4.392 -4.637
9.8116e-05 -2.19174 9.45000 1.2516646385 2.5136693489    1.232  3.393  3.6546  0.706    7  0.555  0.337    40.24    25.06    16.78    13.06    10.63  2    -1e-30      0.00 7.320e-01 2.679e-01 1.059e-05 1.422e-05 4.194e-05 -1.000 9.996e-05 -3.712 0.539 3.645 2.162 -0.003 -0.686 -1.221 -1.614 -2.134 -3.089 -3.262 -3.504 -3.656 -3.944 -4.013 -4.378 -4.399 -4.645
9.8116e-05 -2.19174 9.45000 1.2516648769 2.5136693786    1.232  3.393  3.6535  0.702    8  0.555  0.355    40.59    25.25    16.91    13.15    10.71  2 -4.26e-07      0.00 7.320e-01 2.680e-01 1.123e-05 1.423e-05 4.217e-05 -1.000 3.815e-05 -3.712 0.544 3.703 2.218 0.033 -0.652 -1.192 -1.591 -2.116 -3.079 -3.254 -3.497 -3.650 -3.940 -4.010 -4.376 -4.398 -4.646
9.8116e-05 -2.19174 9.45000 1.2516651154 2.5136694084    1.231  3.286  3.6603  0.835    8  0.555  0.355    30.84    19.84    13.43    10.41     8.47  2 -2.79e-07      0.00 7.320e-01 2.680e-01 1.123e-05 1.423e-05 4.217e-05 -1.000 3.812e-05 -3.446 0.762 3.487 1.947 -0.077 -0.743 -1.209 -1.549 -2.014 -2.890 -3.052 -3.277 -3.422 -3.695 -3.760 -4.109 -4.130 -4.366
9.8116e-05 -2.19174 9.45000 1.2516652346 2.5136694233    1.230  3.186  3.6664  0.959    8  0.555  0.355    23.89    15.85    10.84     8.37     6.81  3 -1.92e-07      0.00 7.320e-01 2.680e-01 1.123e-05 1.423e-05 4.217e-05 -1.000 3.806e-05 -3.196 0.958 3.295 1.618 -0.253 -0.903 -1.260 -1.529 -1.927 -2.708 -2.856 -3.063 -3.198 -3.455 -3.517 -3.850 -3.870 -4.095
9.8116e-05 -2.19174 9.45000 1.2516658306 2.5136694978    1.228  2.922  3.6827  1.288    8  0.555  0.355    12.13     8.74     6.14     4.70     3.82  3  -7.8e-08      0.00 7.320e-01 2.680e-01 1.123e-05 1.423e-05 4.217e-05 -1.000 3.815e-05 -2.535 1.483 2.969 1.033 -0.472 -1.062 -1.136 -1.262 -1.545 -2.153 -2.278 -2.454 -2.572 -2.800 -2.856 -3.161 -3.178 -3.384
9.8116e-05 -2.19174 9.45000 1.2516665459 2.5136695871    1.225  2.926  3.6823  1.281    8  0.555  0.355    12.29     8.84     6.21     4.75     3.86  3 -7.91e-08      0.00 7.320e-01 2.680e-01 1.123e-05 1.423e-05 4.217e-05 -1.000 3.815e-05 -2.545 1.476 2.978 1.046 -0.465 -1.057 -1.137 -1.265 -1.551 -2.162 -2.287 -2.464 -2.582 -2.811 -2.867 -3.172 -3.189 -3.395
9.8116e-05 -2.19174 9.45000 1.2516674995 2.5136697062    1.221  2.969  3.6795  1.226    8  0.555  0.355    13.77     9.77     6.83     5.24     4.26  3  -9.1e-08      0.00 7.320e-01 2.680e-01 1.123e-05 1.423e-05 4.217e-05 -1.000 3.812e-05 -2.652 1.393 3.018 1.125 -0.443 -1.047 -1.171 -1.320 -1.620 -2.255 -2.384 -2.565 -2.685 -2.918 -2.975 -3.284 -3.302 -3.511
9.8116e-05 -2.19174 9.45000 1.2516686916 2.5136698551    1.216  3.115  3.6702  1.041    8  0.555  0.355    20.11    13.63     9.38     7.23     5.88  3  -1.5e-07      0.00 7.320e-01 2.680e-01 1.123e-05 1.423e-05 4.217e-05 -1.000 3.812e-05 -3.017 1.105 3.213 1.463 -0.314 -0.952 -1.236 -1.465 -1.830 -2.561 -2.703 -2.901 -3.031 -3.279 -3.340 -3.665 -3.684 -3.904
9.8116e-05 -2.19174 9.45000 1.2516701221 2.5136700338    1.209  3.263  3.6608  0.853    8  0.555  0.355    29.57    19.12    12.96    10.05     8.18  2 -2.59e-07      0.00 7.320e-01 2.680e-01 1.123e-05 1.423e-05 4.217e-05 -1.000 3.809e-05 -3.387 0.816 3.500 1.948 -0.062 -0.726 -1.181 -1.514 -1.973 -2.838 -2.999 -3.222 -3.366 -3.637 -3.702 -4.049 -4.070 -4.305
9.8116e-05 -2.19174 9.45000 1.2516717911 2.5136702423    1.202  3.367  3.6540  0.719    8  0.556  0.355    38.88    24.31    16.30    12.68    10.33  2 -3.93e-07      0.00 7.320e-01 2.680e-01 1.123e-05 1.423e-05 4.217e-05 -1.000 3.815e-05 -3.647 0.606 3.725 2.240 0.068 -0.615 -1.150 -1.544 -2.064 -3.020 -3.194 -3.436 -3.588 -3.877 -3.946 -4.311 -4.332 -4.579
9.8116e-05 -2.19174 9.45000 1.2516735792 2.5136704657    1.194  3.426  3.6500  0.641    8  0.556  0.355    45.58    27.94    18.61    14.52    11.83  2 -5.04e-07      0.00 7.320e-01 2.680e-01 1.123e-05 1.423e-05 4.217e-05 -1.000 3.812e-05 -3.794 0.485 3.859 2.376 0.111 -0.585 -1.150 -1.571 -2.122 -3.123 -3.303 -3.555 -3.712 -4.010 -4.082 -4.457 -4.479 -4.732
9.8116e-05 -2.19174 9.45000 1.2516757250 2.5136707337    1.185  3.456  3.6477  0.599    8  0.556  0.355    49.69    30.14    20.00    15.62    12.73  2 -5.78e-07      0.00 7.320e-01 2.680e-01 1.123e-05 1.423e-05 4.217e-05 -1.000 3.818e-05 -3.871 0.424 3.926 2.456 0.140 -0.563 -1.143 -1.579 -2.147 -3.173 -3.356 -3.614 -3.773 -4.076 -4.149 -4.530 -4.553 -4.810
9.8116e-05 -2.19174 9.45000 1.2516781092 2.5136710315    1.175  3.475  3.6461  0.570    8  0.557  0.355    52.64    31.69    20.98    16.40    13.37  2 -6.32e-07      0.00 7.320e-01 2.680e-01 1.123e-05 1.423e-05 4.217e-05 -1.000 3.815e-05 -3.918 0.387 3.977 2.518 0.166 -0.542 -1.132 -1.577 -2.157 -3.201 -3.386 -3.648 -3.809 -4.116 -4.191 -4.575 -4.598 -4.859
9.8116e-05 -2.19174 9.45000 1.2516782284 2.5136710464    1.174  3.428  3.6490  0.628    8  0.557  0.355    46.60    28.48    18.95    14.79    12.05  2 -5.17e-07      0.00 7.320e-01 2.680e-01 1.123e-05 1.423e-05 4.217e-05 -1.000 3.815e-05 -3.799 0.487 3.911 2.432 0.147 -0.552 -1.123 -1.549 -2.107 -3.117 -3.298 -3.552 -3.710 -4.010 -4.083 -4.460 -4.482 -4.737
9.8116e-05 -2.19174 9.45000 1.2516787052 2.5136711060    1.172  3.274  3.6584  0.818    8  0.557  0.355    31.49    20.20    13.65    10.60     8.63  2 -2.79e-07      0.00 7.320e-01 2.680e-01 1.123e-05 1.423e-05 4.217e-05 -1.000 3.815e-05 -3.416 0.806 3.628 2.134 0.070 -0.600 -1.092 -1.452 -1.936 -2.840 -3.006 -3.236 -3.383 -3.661 -3.727 -4.081 -4.102 -4.341
9.8116e-05 -2.19174 9.45000 1.2516794205 2.5136711953    1.167  3.011  3.6746  1.144    8  0.557  0.355    16.04    11.20     7.77     5.98     4.86  3 -1.08e-07      0.00 7.320e-01 2.680e-01 1.123e-05 1.423e-05 4.217e-05 -1.000 3.821e-05 -2.759 1.325 3.179 1.363 -0.307 -0.930 -1.133 -1.321 -1.652 -2.334 -2.469 -2.657 -2.783 -3.023 -3.082 -3.399 -3.417 -3.632
9.8116e-05 -2.19174 9.45000 1.2516804934 2.5136713293    1.161  3.015  3.6742  1.137    8  0.557  0.355    16.25    11.32     7.85     6.05     4.92  3 -1.09e-07      0.00 7.320e-01 2.680e-01 1.123e-05 1.423e-05 4.217e-05 -1.000 3.812e-05 -2.766 1.321 3.195 1.386 -0.293 -0.918 -1.127 -1.318 -1.653 -2.339 -2.474 -2.664 -2.790 -3.030 -3.089 -3.407 -3.425 -3.641
9.8116e-05 -2.19174 9.45000 1.2516819239 2.5136715080    1.153  3.058  3.6712  1.079    8  0.557  0.355    18.28    12.55     8.66     6.68     5.43  3 -1.28e-07      0.00 7.320e-01 2.680e-01 1.123e-05 1.423e-05 4.217e-05 -1.000 3.812e-05 -2.874 1.238 3.274 1.511 -0.237 -0.872 -1.133 -1.352 -1.708 -2.426 -2.566 -2.761 -2.891 -3.137 -3.197 -3.520 -3.539 -3.758
9.8116e-05 -2.19174 9.45000 1.2516837120 2.5136717313    1.143  3.202  3.6619  0.894    8  0.558  0.355    26.74    17.51    11.90     9.23     7.51  2 -2.16e-07      0.00 7.320e-01 2.680e-01 1.123e-05 1.423e-05 4.217e-05 -1.000 3.809e-05 -3.234 0.957 3.554 1.976 -0.001 -0.662 -1.094 -1.412 -1.856 -2.701 -2.858 -3.077 -3.219 -3.486 -3.551 -3.895 -3.915 -4.148
9.8116e-05 -2.19174 9.45000 1.2516858578 2.5136719994    1.131  3.347  3.6523  0.706    8  0.558  0.355    39.34    24.54    16.42    12.81    10.43  2 -3.87e-07      0.00 7.320e-01 2.680e-01 1.123e-05 1.423e-05 4.217e-05 -1.000 3.815e-05 -3.598 0.664 3.873 2.386 0.181 -0.508 -1.051 -1.454 -1.985 -2.956 -3.131 -3.376 -3.530 -3.822 -3.892 -4.261 -4.283 -4.532
9.8116e-05 -2.19174 9.45000 1.2516882420 2.5136722972    1.118  3.449  3.6454  0.571    8  0.558  0.355    51.84    31.22    20.66    16.18    13.18  2 -6.01e-07      0.00 7.320e-01 2.680e-01 1.123e-05 1.423e-05 4.217e-05 -1.000 3.821e-05 -3.854 0.455 4.070 2.613 0.251 -0.459 -1.051 -1.499 -2.082 -3.130 -3.316 -3.579 -3.740 -4.049 -4.124 -4.510 -4.533 -4.794
9.8116e-05 -2.19174 9.45000 1.2516909838 2.5136726396    1.103  3.507  3.6412  0.490    8  0.559  0.355    61.03    35.98    23.65    18.57    15.13  1 -7.85e-07      0.00 7.320e-01 2.680e-01 1.123e-05 1.423e-05 4.217e-05 -1.000 3.821e-05 -3.998 0.338 4.180 2.763 0.304 -0.419 -1.029 -1.504 -2.121 -3.220 -3.412 -3.688 -3.854 -4.173 -4.251 -4.648 -4.673 -4.942
9.8116e-05 -2.19174 9.45000 1.2516942024 2.5136730417    1.086  3.537  3.6387  0.444    8  0.559  0.355    66.96    38.97    25.52    20.07    16.35  1 -9.13e-07      0.00 7.320e-01 2.680e-01 1.123e-05 1.423e-05 4.217e-05 -1.000 3.818e-05 -4.072 0.281 4.245 2.861 0.341 -0.390 -1.001 -1.490 -2.127 -3.257 -3.454 -3.738 -3.906 -4.234 -4.313 -4.718 -4.743 -5.018
9.8116e-05 -2.19174 9.45000 1.2516976595 2.5136734735    1.067  3.555  3.6368  0.411    8  0.560  0.355    71.48    41.21    26.90    21.19    17.27  1 -1.01e-06      0.00 7.320e-01 2.680e-01 1.123e-05 1.423e-05 4.217e-05 -1.000 3.815e-05 -4.118 0.248 4.294 2.939 0.375 -0.362 -0.972 -1.470 -2.122 -3.275 -3.475 -3.765 -3.936 -4.269 -4.350 -4.761 -4.786 -5.065
9.8116e-05 -2.19174 9.45000 1.2516977787 2.5136734884    1.066  3.516  3.6393  0.459    8  0.560  0.355    64.64    37.76    24.74    19.47    15.86  1 -8.53e-07      0.00 7.320e-01 2.680e-01 1.123e-05 1.423e-05 4.217e-05 -1.000 3.815e-05 -4.020 0.329 4.264 2.870 0.365 -0.364 -0.976 -1.461 -2.093 -3.215 -3.411 -3.692 -3.860 -4.185 -4.264 -4.668 -4.692 -4.966
9.8116e-05 -2.19174 9.45000 1.2516982555 2.5136735479    1.063  3.364  3.6488  0.648    8  0.560  0.355    43.63    26.81    17.84    13.97    11.37  2 -4.44e-07      0.00 7.320e-01 2.680e-01 1.123e-05 1.423e-05 4.217e-05 -1.000 3.815e-05 -3.640 0.646 4.063 2.582 0.298 -0.401 -0.969 -1.394 -1.950 -2.958 -3.139 -3.392 -3.550 -3.850 -3.922 -4.299 -4.321 -4.577
9.8116e-05 -2.19174 9.45000 1.2516990900 2.5136736522    1.058  3.102  3.6651  0.973    8  0.560  0.355    22.18    14.89    10.17     7.90     6.42  2 -1.62e-07      0.00 7.320e-01 2.680e-01 1.123e-05 1.423e-05 4.217e-05 -1.000 3.815e-05 -2.986 1.178 3.558 1.908 0.017 -0.636 -1.007 -1.286 -1.694 -2.488 -2.638 -2.847 -2.984 -3.242 -3.305 -3.641 -3.660 -3.887
9.8116e-05 -2.19174 9.45000 1.2517002821 2.5136738011    1.051  3.102  3.6649  0.969    8  0.561  0.355    22.30    14.96    10.22     7.93     6.45  2 -1.63e-07      0.00 7.320e-01 2.680e-01 1.123e-05 1.423e-05 4.217e-05 -1.000 3.815e-05 -2.985 1.180 3.572 1.927 0.030 -0.623 -0.998 -1.279 -1.689 -2.485 -2.636 -2.845 -2.982 -3.241 -3.304 -3.640 -3.660 -3.887
9.8116e-05 -2.19174 9.45000 1.2517018318 2.5136739946    1.041  3.144  3.6620  0.912    8  0.561  0.355    25.04    16.54    11.24     8.75     7.11  2 -1.91e-07      0.00 7.320e-01 2.680e-01 1.123e-05 1.423e-05 4.217e-05 -1.000 3.812e-05 -3.089 1.101 3.674 2.092 0.123 -0.537 -0.963 -1.278 -1.718 -2.558 -2.715 -2.933 -3.074 -3.341 -3.405 -3.748 -3.768 -4.001
9.8116e-05 -2.19174 9.45000 1.2517036200 2.5136742180    1.030  3.283  3.6528  0.731    8  0.561  0.355    36.35    22.86    15.31    11.97     9.74  2 -3.31e-07      0.00 7.320e-01 2.680e-01 1.123e-05 1.423e-05 4.217e-05 -1.000 3.815e-05 -3.437 0.822 3.983 2.494 0.305 -0.381 -0.917 -1.314 -1.839 -2.802 -2.976 -3.219 -3.372 -3.662 -3.732 -4.098 -4.120 -4.368
9.8116e-05 -2.19174 9.45000 1.2517058849 2.5136745009    1.017  3.422  3.6435  0.549    8  0.562  0.355    52.94    31.66    20.89    16.42    13.37  1 -6.01e-07      0.00 7.320e-01 2.680e-01 1.123e-05 1.423e-05 4.217e-05 -1.000 3.815e-05 -3.785 0.535 4.241 2.797 0.395 -0.320 -0.920 -1.378 -1.973 -3.040 -3.228 -3.496 -3.659 -3.972 -4.047 -4.438 -4.461 -4.726
9.8116e-05 -2.19174 9.45000 1.2517085075 2.5136748285    1.001  3.518  3.6369  0.420    8  0.562  0.355    69.08    39.84    26.01    20.53    16.71  1 -9.37e-07      0.00 7.320e-01 2.680e-01 1.123e-05 1.423e-05 4.217e-05 -1.000 3.818e-05 -4.025 0.340 4.376 3.018 0.458 -0.278 -0.888 -1.386 -2.036 -3.186 -3.385 -3.674 -3.844 -4.176 -4.257 -4.668 -4.693 -4.971
9.8116e-05 -2.19174 9.45000 1.2517114878 2.5136752007    0.984  3.570  3.6330  0.344    8  0.563  0.355    80.62    45.49    29.51    23.35    19.02  1 -1.22e-06      0.00 7.320e-01 2.680e-01 1.123e-05 1.423e-05 4.217e-05 -1.000 3.815e-05 -4.156 0.236 4.445 3.156 0.499 -0.249 -0.853 -1.371 -2.053 -3.255 -3.461 -3.764 -3.938 -4.283 -4.367 -4.790 -4.816 -5.104
9.8116e-05 -2.19174 9.45000 1.2517149448 2.5136756325    0.964  3.595  3.6308  0.302    8  0.564  0.355    87.72    48.86    31.58    25.03    20.39  1 -1.41e-06      0.00 7.320e-01 2.680e-01 1.123e-05 1.423e-05 4.217e-05 -1.000 3.812e-05 -4.218 0.190 4.494 3.246 0.533 -0.221 -0.819 -1.349 -2.049 -3.281 -3.490 -3.802 -3.978 -4.331 -4.417 -4.847 -4.874 -5.167
9.8116e-05 -2.19174 9.45000 1.2517186403 2.5136760941    0.943  3.609  3.6292  0.273    8  0.564  0.355    92.87    51.22    33.02    26.21    21.35  1 -1.55e-06      0.00 7.320e-01 2.680e-01 1.123e-05 1.423e-05 4.217e-05 -1.000 3.815e-05 -4.252 0.167 4.528 3.314 0.562 -0.196 -0.786 -1.324 -2.036 -3.288 -3.500 -3.818 -3.996 -4.354 -4.441 -4.877 -4.904 -5.201
9.8116e-05 -2.19174 9.45000 1.2517187595 2.5136761089    0.941  3.580  3.6310  0.308    8  0.564  0.357    86.28    48.06    31.07    24.64    20.07  1 -1.36e-06      0.00 7.320e-01 2.680e-01 1.129e-05 1.423e-05 4.218e-05 -1.000 3.824e-05 -4.180 0.226 4.519 3.266 0.560 -0.194 -0.792 -1.321 -2.019 -3.247 -3.456 -3.766 -3.943 -4.294 -4.380 -4.810 -4.836 -5.128
9.8116e-05 -2.19174 9.45000 1.2517192364 2.5136761685    0.933  3.430  3.6405  0.492    8  0.564  0.363    58.48    34.34    22.53    17.79    14.47  1 -6.99e-07      0.00 7.320e-01 2.680e-01 1.149e-05 1.423e-05 4.219e-05 -1.000 3.842e-05 -3.804 0.536 4.403 2.990 0.518 -0.207 -0.818 -1.296 -1.916 -3.019 -3.213 -3.490 -3.656 -3.977 -4.054 -4.453 -4.477 -4.748
9.8116e-05 -2.19174 9.45000 1.2517201900 2.5136762876    0.921  3.171  3.6569  0.811    8  0.565  0.373    29.92    19.25    12.97    10.15     8.25  2 -2.45e-07      0.00 7.320e-01 2.680e-01 1.182e-05 1.423e-05 4.221e-05 -1.000 3.877e-05 -3.158 1.073 3.972 2.487 0.393 -0.281 -0.784 -1.154 -1.649 -2.567 -2.735 -2.968 -3.117 -3.398 -3.465 -3.822 -3.843 -4.084
9.8116e-05 -2.19174 9.45000 1.2517213821 2.5136764365    0.903  3.169  3.6565  0.803    8  0.565  0.388    30.24    19.42    13.07    10.24     8.32  2 -2.48e-07      0.00 7.320e-01 2.680e-01 1.231e-05 1.423e-05 4.225e-05 -1.000 3.931e-05 -3.153 1.081 4.004 2.518 0.415 -0.260 -0.766 -1.138 -1.636 -2.558 -2.726 -2.960 -3.109 -3.391 -3.459 -3.816 -3.837 -4.079
9.8116e-05 -2.19174 9.45000 1.2517229319 2.5136766301    0.881  3.211  3.6532  0.736    8  0.565  0.408    34.57    21.77    14.56    11.44     9.30  1 -3.03e-07      0.00 7.320e-01 2.680e-01 1.293e-05 1.423e-05 4.229e-05 -1.000 3.991e-05 -3.258 0.998 4.138 2.650 0.469 -0.217 -0.751 -1.146 -1.668 -2.627 -2.801 -3.043 -3.196 -3.485 -3.555 -3.920 -3.942 -4.190
9.8116e-05 -2.19174 9.45000 1.2517249584 2.5136768832    0.854  3.348  3.6435  0.548    8  0.566  0.432    51.06    30.38    20.00    15.81    12.85  1 -5.55e-07      0.00 7.319e-01 2.680e-01 1.371e-05 1.423e-05 4.235e-05 -1.000 4.083e-05 -3.599 0.721 4.431 2.987 0.584 -0.131 -0.732 -1.190 -1.786 -2.854 -3.042 -3.310 -3.473 -3.786 -3.862 -4.252 -4.276 -4.541
9.8116e-05 -2.19174 9.45000 1.2517272234 2.5136771661    0.823  3.483  3.6337  0.357    8  0.566  0.460    75.84    42.49    27.54    21.91    17.82  1 -1.07e-06      0.00 7.319e-01 2.680e-01 1.464e-05 1.423e-05 4.242e-05 -1.000 4.181e-05 -3.938 0.449 4.629 3.327 0.687 -0.059 -0.664 -1.179 -1.855 -3.048 -3.253 -3.554 -3.727 -4.070 -4.153 -4.574 -4.600 -4.886
9.8116e-05 -2.19174 9.45000 1.2517299652 2.5136775085    0.788  3.577  3.6266  0.216    8  0.567  0.493   101.41    54.21    34.72    27.77    22.59  1 -1.77e-06      0.00 7.319e-01 2.680e-01 1.572e-05 1.423e-05 4.249e-05 -1.000 4.295e-05 -4.172 0.267 4.717 3.575 0.751 -0.012 -0.584 -1.134 -1.868 -3.158 -3.375 -3.704 -3.885 -4.253 -4.343 -4.789 -4.817 -5.120
9.8116e-05 -2.19174 9.45000 1.2517331839 2.5136779105    0.750  3.628  3.6223  0.126    8  0.568  0.531   121.83    62.99    40.03    32.14    26.14  1 -2.45e-06      0.00 7.319e-01 2.680e-01 1.695e-05 1.423e-05 4.258e-05 -1.000 4.429e-05 -4.301 0.172 4.755 3.735 0.795 0.026 -0.513 -1.082 -1.851 -3.204 -3.428 -3.776 -3.961 -4.346 -4.440 -4.904 -4.933 -5.248
9.8116e-05 -2.19174 9.45000 1.2517366409 2.5136783423    0.709  3.653  3.6199  0.067    8  0.569  0.573   133.23    69.05    43.64    35.16    28.59  0 -3.05e-06      0.00 7.319e-01 2.680e-01 1.834e-05 1.423e-05 4.268e-05 -1.000 4.575e-05 -4.363 0.129 4.791 3.845 0.836 0.063 -0.455 -1.036 -1.826 -3.217 -3.445 -3.804 -3.992 -4.387 -4.485 -4.958 -4.988 -5.310
9.8116e-05 -2.19174 9.45000 1.2517405748 2.5136788336    0.666  3.667  3.6184  0.020    8  0.570  0.620   140.17    74.01    46.57    37.64    30.60  0 -3.65e-06      0.00 7.319e-01 2.680e-01 1.989e-05 1.422e-05 4.279e-05 -1.000 4.748e-05 -4.399 0.107 4.820 3.926 0.871 0.095 -0.408 -0.997 -1.800 -3.218 -3.449 -3.817 -4.006 -4.408 -4.508 -4.988 -5.019 -5.346
9.8116e-05 -2.19174 9.45000 1.2517496347 2.5136799652    0.571 -9.999  4.0000  1.593    9  0.572  0.000     0.00     0.00     0.00     0.00     0.00 -1    -1e-30      0.00 7.319e-01 2.681e-01 2.348e-05 1.422e-05 4.305e-05 -1.000 5.132e-05 29.767 29.895 29.850 29.813 29.851 29.920 29.973 30.081 30.066 30.109 30.111 30.106 30.104 30.101 30.103 30.093 30.092 30.064
