 Zini     MH   logAge Mini        int_IMF         Mass   logL    logTe  logg  label   McoreTP C_O  period0  period1  period2  period3  period4  pmode  Mloss  tau1m   X   Y   Xc  Xn  Xo  Cexcess  Z 	 mbolmag  F170Wmag  F218Wmag  F255Wmag  F300Wmag  F336Wmag  F380Wmag  F439Wmag  F450Wmag  F555Wmag  F569Wmag  F606Wmag  F622Wmag  F675Wmag  F702Wmag  F791Wmag  F814Wmag  F850LPmag
0.00015547 -2.00000 9.50000 0.0936335474 1.1156111859    0.094 -3.060  3.5117  5.468    1  0.000  0.545     0.00     0.00     0.00     0.00     0.00 -1 -6.61e-17      0.00 7.500e-01 2.498e-01 2.943e-05 7.939e-06 7.201e-05 -1.000 1.636e-04 12.420 16.976 21.928 21.959 18.047 17.249 17.566 16.451 15.681 14.147 13.935 13.498 13.293 12.800 12.531 11.745 11.697 11.271
0.00015547 -2.00000 9.50000 0.0940917656 1.1197673494    0.094 -3.046  3.5137  5.463    1  0.000  0.545     0.00     0.00     0.00     0.00     0.00 -1 -6.86e-17      0.00 7.500e-01 2.499e-01 2.943e-05 7.939e-06 7.201e-05 -1.000 1.637e-04 12.384 16.937 21.884 21.873 17.981 17.177 17.459 16.366 15.609 14.082 13.871 13.439 13.234 12.749 12.486 11.710 11.663 11.240
0.00015547 -2.00000 9.50000 0.0991738141 1.1641676960    0.099 -2.888  3.5357  5.416    1  0.000  0.545     0.00     0.00     0.00     0.00     0.00 -1 -1.01e-16      0.00 7.497e-01 2.502e-01 2.943e-05 7.939e-06 7.201e-05 -1.000 1.637e-04 11.990 16.500 21.362 20.797 17.203 16.360 16.315 15.450 14.821 13.408 13.203 12.815 12.606 12.193 11.991 11.330 11.289 10.904
0.00015547 -2.00000 9.50000 0.1035686657 1.2002435386    0.103 -2.758  3.5539  5.378    1  0.000  0.545     0.00     0.00     0.00     0.00     0.00 -1  -1.4e-16      0.00 7.493e-01 2.505e-01 2.943e-05 7.939e-06 7.201e-05 -1.000 1.636e-04 11.665 16.128 20.830 19.733 16.491 15.637 15.425 14.720 14.182 12.889 12.692 12.325 12.120 11.738 11.584 11.012 10.975 10.617
0.00015547 -2.00000 9.50000 0.1234388947 1.3415666635    0.123 -2.483  3.5818  5.291    1  0.000  0.545     0.00     0.00     0.00     0.00     0.00 -1 -2.66e-16      0.00 7.485e-01 2.514e-01 2.943e-05 7.939e-06 7.201e-05 -1.000 1.638e-04 10.979 15.360 19.567 17.816 15.150 14.317 14.005 13.489 13.056 11.956 11.775 11.444 11.253 10.904 10.799 10.329 10.298 9.978
0.00015547 -2.00000 9.50000 0.1433091313 1.4560320467    0.143 -2.313  3.5952  5.239    1  0.000  0.545     0.00     0.00     0.00     0.00     0.00 -1 -3.89e-16      0.00 7.478e-01 2.520e-01 2.943e-05 7.939e-06 7.201e-05 -1.000 1.636e-04 10.552 14.892 18.731 16.819 14.400 13.587 13.286 12.840 12.441 11.428 11.256 10.947 10.767 10.434 10.341 9.902 9.873 9.569
0.00015547 -2.00000 9.50000 0.1631793529 1.5515256888    0.163 -2.183  3.6040  5.201    1  0.000  0.545     0.00     0.00     0.00     0.00     0.00 -1 -5.13e-16      0.00 7.473e-01 2.525e-01 2.943e-05 7.939e-06 7.201e-05 -1.000 1.636e-04 10.228 14.540 18.153 16.167 13.871 13.072 12.793 12.385 12.004 11.043 10.876 10.582 10.408 10.086 9.998 9.576 9.549 9.255
0.00015547 -2.00000 9.50000 0.2029198408 1.7036916969    0.203 -1.979  3.6160  5.140    1  0.000  0.545     0.00     0.00     0.00     0.00     0.00 -1 -7.88e-16      0.00 7.466e-01 2.532e-01 2.943e-05 7.939e-06 7.201e-05 -1.000 1.636e-04 9.718 13.989 17.292 15.237 13.087 12.308 12.071 11.708 11.349 10.453 10.294 10.019 9.854 9.547 9.465 9.063 9.038 8.759
0.00015547 -2.00000 9.50000 0.2525953948 1.8468695073    0.252 -1.781  3.6268  5.080    1  0.000  0.545     0.00     0.00     0.00     0.00     0.00 -1 -1.19e-15      0.00 7.462e-01 2.537e-01 2.943e-05 7.940e-06 7.201e-05 -1.000 1.636e-04 9.221 13.452 16.412 14.358 12.347 11.589 11.399 11.073 10.729 9.886 9.733 9.476 9.318 9.025 8.948 8.563 8.540 8.273
0.00015547 -2.00000 9.50000 0.3022710085 1.9574397077    0.302 -1.621  3.6355  5.033    1  0.000  0.545     0.00     0.00     0.00     0.00     0.00 -1 -1.66e-15      0.00 7.461e-01 2.537e-01 2.943e-05 7.940e-06 7.201e-05 -1.000 1.637e-04 8.823 13.019 15.698 13.664 11.755 11.016 10.869 10.571 10.238 9.435 9.287 9.043 8.890 8.607 8.534 8.163 8.140 7.884
0.00015547 -2.00000 9.50000 0.3519465327 2.0465963009    0.352 -1.488  3.6433  4.998    1  0.000  0.545     0.00     0.00     0.00     0.00     0.00 -1 -2.18e-15      0.00 7.463e-01 2.535e-01 2.942e-05 7.941e-06 7.201e-05 -1.000 1.636e-04 8.491 12.656 15.116 13.087 11.254 10.532 10.426 10.152 9.827 9.057 8.913 8.680 8.533 8.259 8.189 7.829 7.807 7.561
0.00015547 -2.00000 9.50000 0.4016221166 2.1207314881    0.401 -1.370  3.6516  4.970    1  0.000  0.545     0.00     0.00     0.00     0.00     0.00 -1 -2.77e-15      0.00 7.506e-01 2.493e-01 2.943e-05 7.939e-06 7.201e-05 -1.000 1.636e-04 8.196 12.327 14.585 12.549 10.783 10.079 10.019 9.769 9.454 8.717 8.577 8.355 8.212 7.947 7.881 7.532 7.512 7.275
0.00015547 -2.00000 9.50000 0.4512977004 2.1838121607    0.451 -1.228  3.6646  4.931    1  0.000  0.545     0.00     0.00     0.00     0.00     0.00 -1 -3.79e-15      0.00 7.507e-01 2.491e-01 2.943e-05 7.939e-06 7.201e-05 -1.000 1.636e-04 7.841 11.913 13.790 11.793 10.151 9.481 9.496 9.284 8.985 8.296 8.162 7.956 7.821 7.570 7.508 7.176 7.158 6.935
0.00015547 -2.00000 9.50000 0.4735445678 2.2092046266    0.473 -1.157  3.6718  4.909    1  0.000  0.545     0.00     0.00     0.00     0.00     0.00 -1 -4.47e-15      0.00 7.508e-01 2.490e-01 2.942e-05 7.938e-06 7.199e-05 -1.000 1.636e-04 7.662 11.699 13.332 11.381 9.817 9.167 9.225 9.036 8.745 8.082 7.953 7.755 7.624 7.381 7.320 6.999 6.981 6.766
0.00015547 -2.00000 9.50000 0.5009732842 2.2384552293    0.501 -1.073  3.6803  4.884    1  0.000  0.545     0.00     0.00     0.00     0.00     0.00 -1 -5.43e-15      0.00 7.509e-01 2.489e-01 2.942e-05 7.936e-06 7.198e-05 -1.000 1.637e-04 7.452 11.446 12.807 10.907 9.430 8.806 8.912 8.750 8.469 7.836 7.710 7.521 7.396 7.160 7.103 6.792 6.775 6.570
0.00015547 -2.00000 9.50000 0.5506489277 2.2841947944    0.550 -0.906  3.6972  4.825    1  0.000  0.545     0.00     0.00     0.00     0.00     0.00 -1 -8.12e-15      0.00 7.598e-01 2.401e-01 2.843e-05 7.669e-06 6.957e-05 -1.000 1.636e-04 7.035 10.931 11.753 9.982 8.678 8.109 8.304 8.192 7.934 7.356 7.238 7.066 6.949 6.729 6.676 6.385 6.371 6.183
0.00015547 -2.00000 9.50000 0.6003244519 2.3213410765    0.600 -0.736  3.7180  4.776    1  0.000  0.545     0.00     0.00     0.00     0.00     0.00 -1 -1.22e-14      0.00 7.632e-01 2.367e-01 2.806e-05 7.574e-06 6.870e-05 -1.000 1.506e-04 6.609 10.351 10.502 8.968 7.883 7.382 7.672 7.615 7.386 6.871 6.761 6.607 6.499 6.297 6.250 5.982 5.969 5.802
0.00015547 -2.00000 9.50000 0.6401981115 2.3464115166    0.640 -0.600  3.7363  4.741    1  0.000  0.545     0.00     0.00     0.00     0.00     0.00 -1 -1.68e-14      0.00 7.668e-01 2.330e-01 2.768e-05 7.471e-06 6.777e-05 -1.000 1.448e-04 6.269 9.827 9.482 8.166 7.260 6.819 7.176 7.159 6.955 6.492 6.390 6.249 6.149 5.962 5.919 5.671 5.660 5.510
0.00015547 -2.00000 9.50000 0.6499999762 2.3520353107    0.650 -0.567  3.7407  4.733    1  0.000  0.544     0.00     0.00     0.00     0.00     0.00 -1 -1.82e-14      0.00 7.678e-01 2.320e-01 2.757e-05 7.442e-06 6.752e-05 -1.000 1.482e-04 6.188 9.694 9.245 7.981 7.117 6.690 7.060 7.052 6.853 6.403 6.302 6.165 6.067 5.883 5.841 5.597 5.587 5.440
0.00015547 -2.00000 9.50000 0.6684797406 2.3621239858    0.668 -0.505  3.7495  4.718    1  0.000  0.544     0.00     0.00     0.00     0.00     0.00 -1  -2.1e-14      0.00 7.701e-01 2.298e-01 2.734e-05 7.380e-06 6.696e-05 -1.000 1.479e-04 6.033 9.400 8.762 7.619 6.845 6.450 6.845 6.852 6.663 6.236 6.139 6.008 5.914 5.737 5.697 5.462 5.453 5.314
0.00015547 -2.00000 9.50000 0.6999999881 2.3779266974    0.700 -0.403  3.7639  4.693    1  0.000  0.544     0.00     0.00     0.00     0.00     0.00 -1 -2.67e-14      0.00 7.745e-01 2.253e-01 2.688e-05 7.258e-06 6.587e-05 -1.000 1.637e-04 5.777 8.871 8.022 7.054 6.410 6.066 6.496 6.524 6.352 5.963 5.873 5.752 5.664 5.499 5.462 5.242 5.234 5.108
0.00015547 -2.00000 9.50000 0.7243030667 2.3890372190    0.724 -0.326  3.7744  4.673    1  0.000  0.540     0.00     0.00     0.00     0.00     0.00 -1 -3.21e-14      0.00 7.795e-01 2.204e-01 2.620e-05 7.118e-06 6.465e-05 -1.000 1.637e-04 5.584 8.460 7.529 6.666 6.106 5.797 6.247 6.287 6.126 5.763 5.678 5.564 5.479 5.323 5.287 5.078 5.071 4.954
0.00015547 -2.00000 9.50000 0.7500000000 2.3998889087    0.750 -0.246  3.7851  4.651    1  0.000  0.536     0.00     0.00     0.00     0.00     0.00 -1 -3.89e-14      0.00 7.856e-01 2.143e-01 2.541e-05 6.946e-06 6.317e-05 -1.000 1.637e-04 5.384 8.033 7.061 6.292 5.807 5.532 5.995 6.044 5.894 5.558 5.477 5.370 5.290 5.141 5.108 4.909 4.903 4.794
0.00015547 -2.00000 9.50000 0.7501471043 2.3999485732    0.750 -0.245  3.7851  4.651    1  0.000  0.536     0.00     0.00     0.00     0.00     0.00 -1 -3.89e-14      0.00 7.856e-01 2.142e-01 2.540e-05 6.946e-06 6.316e-05 -1.000 1.637e-04 5.383 8.031 7.059 6.290 5.805 5.531 5.994 6.043 5.893 5.557 5.475 5.369 5.288 5.140 5.107 4.908 4.902 4.793
0.00015547 -2.00000 9.50000 0.7823373675 2.4123866921    0.782 -0.147  3.7968  4.618    1  0.000  0.535     0.00     0.00     0.00     0.00     0.00 -1 -4.96e-14      0.00 7.915e-01 2.084e-01 2.495e-05 6.827e-06 6.211e-05 -1.000 1.488e-04 5.138 7.542 6.562 5.882 5.470 5.232 5.699 5.753 5.615 5.306 5.230 5.131 5.055 4.916 4.885 4.698 4.692 4.594
0.00015547 -2.00000 9.50000 0.8000000119 2.4187244405    0.800 -0.094  3.8030  4.599    1  0.000  0.535     0.00     0.00     0.00     0.00     0.00 -1 -5.66e-14      0.00 7.944e-01 2.055e-01 2.475e-05 6.777e-06 6.169e-05 -1.000 1.615e-04 5.006 7.287 6.312 5.674 5.297 5.077 5.542 5.597 5.466 5.170 5.096 5.001 4.928 4.794 4.764 4.583 4.578 4.485
0.00015547 -2.00000 9.50000 0.8018107414 2.4193560479    0.802 -0.089  3.8037  4.597    1  0.000  0.535     0.00     0.00     0.00     0.00     0.00 -1 -5.74e-14      0.00 7.944e-01 2.055e-01 2.476e-05 6.779e-06 6.171e-05 -1.000 1.624e-04 4.992 7.261 6.287 5.653 5.280 5.062 5.526 5.581 5.450 5.156 5.083 4.988 4.916 4.782 4.752 4.572 4.567 4.474
0.00015547 -2.00000 9.50000 0.8299841881 2.4287764979    0.829 -0.005  3.8137  4.569    1  0.000  0.535     0.00     0.00     0.00     0.00     0.00 -1 -7.06e-14      0.00 7.942e-01 2.057e-01 2.488e-05 6.814e-06 6.205e-05 -1.000 1.284e-04 4.783 6.872 5.916 5.343 5.021 4.831 5.282 5.336 5.215 4.941 4.872 4.784 4.715 4.589 4.561 4.391 4.387 4.302
0.00015547 -2.00000 9.50000 0.8500000238 2.4350346840    0.849  0.054  3.8206  4.548    1  0.000  0.534     0.00     0.00     0.00     0.00     0.00 -1 -8.19e-14      0.00 7.939e-01 2.059e-01 2.498e-05 6.843e-06 6.232e-05 -1.000 1.326e-04 4.636 6.624 5.682 5.141 4.848 4.673 5.112 5.165 5.049 4.788 4.722 4.638 4.571 4.451 4.424 4.261 4.257 4.179
0.00015547 -2.00000 9.50000 0.8667915463 2.4400291715    0.866  0.102  3.8266  4.532    1  0.000  0.534     0.00     0.00     0.00     0.00     0.00 -1 -9.24e-14      0.00 7.942e-01 2.057e-01 2.495e-05 6.837e-06 6.227e-05 -1.000 1.454e-04 4.515 6.421 5.492 4.978 4.707 4.547 4.973 5.023 4.912 4.661 4.597 4.517 4.453 4.337 4.311 4.154 4.151 4.077
0.00015547 -2.00000 9.50000 0.8916391730 2.4470244536    0.891  0.174  3.8353  4.507    1  0.000  0.534     0.00     0.00     0.00     0.00     0.00 -1  -1.1e-13      0.00 7.942e-01 2.056e-01 2.495e-05 6.837e-06 6.227e-05 -1.000 1.391e-04 4.335 6.129 5.224 4.747 4.508 4.365 4.768 4.814 4.710 4.474 4.413 4.338 4.278 4.168 4.144 3.996 3.993 3.927
0.00015547 -2.00000 9.50000 0.8999999762 2.4492786016    0.899  0.198  3.8382  4.499    1  0.000  0.534     0.00     0.00     0.00     0.00     0.00 -1 -1.17e-13      0.00 7.941e-01 2.057e-01 2.496e-05 6.840e-06 6.229e-05 -1.000 1.364e-04 4.275 6.033 5.136 4.672 4.442 4.305 4.700 4.743 4.642 4.411 4.351 4.278 4.219 4.112 4.088 3.942 3.940 3.876
0.00015547 -2.00000 9.50000 0.9061369896 2.4509027869    0.905  0.215  3.8405  4.493    1  0.000  0.534     0.00     0.00     0.00     0.00     0.00 -1 -1.22e-13      0.00 7.941e-01 2.058e-01 2.496e-05 6.839e-06 6.229e-05 -1.000 1.283e-04 4.232 5.962 5.072 4.617 4.395 4.262 4.649 4.692 4.592 4.365 4.306 4.235 4.176 4.071 4.048 3.904 3.902 3.840
0.00015547 -2.00000 9.50000 0.9268469214 2.4562016490    0.926  0.275  3.8482  4.475    1  0.000  0.534     0.00     0.00     0.00     0.00     0.00 -1 -1.42e-13      0.00 7.940e-01 2.059e-01 2.497e-05 6.841e-06 6.230e-05 -1.000 1.179e-04 4.083 5.723 4.858 4.434 4.236 4.118 4.479 4.516 4.422 4.208 4.152 4.086 4.031 3.932 3.910 3.775 3.773 3.718
0.00015547 -2.00000 9.50000 0.9456904531 2.4607917951    0.945  0.329  3.8553  4.458    1  0.000  0.534     0.00     0.00     0.00     0.00     0.00 -1 -1.62e-13      0.00 7.938e-01 2.061e-01 2.498e-05 6.844e-06 6.233e-05 -1.000 1.054e-04 3.947 5.507 4.666 4.270 4.093 3.988 4.323 4.354 4.266 4.064 4.011 3.949 3.897 3.804 3.784 3.656 3.655 3.605
0.00015547 -2.00000 9.50000 0.9499999285 2.4618121728    0.949  0.342  3.8570  4.454    1  0.000  0.534     0.00     0.00     0.00     0.00     0.00 -1 -1.68e-13      0.00 7.937e-01 2.062e-01 2.498e-05 6.845e-06 6.234e-05 -1.000 9.997e-05 3.916 5.458 4.622 4.233 4.060 3.959 4.287 4.317 4.230 4.031 3.979 3.918 3.866 3.775 3.754 3.629 3.628 3.579
0.00015547 -2.00000 9.50000 0.9637519717 2.4649982577    0.963  0.382  3.8631  4.444    1  0.000  0.534     0.00     0.00     0.00     0.00     0.00 -1 -1.85e-13      0.00 7.941e-01 2.058e-01 2.495e-05 6.836e-06 6.225e-05 -1.000 1.088e-04 3.815 5.292 4.478 4.111 3.956 3.865 4.171 4.196 4.114 3.924 3.874 3.818 3.768 3.682 3.663 3.544 3.543 3.500
0.00015547 -2.00000 9.50000 0.9831305146 2.4693143714    0.983  0.440  3.8721  4.431    1  0.000  0.534     0.00     0.00     0.00     0.00     0.00 -1 -2.12e-13      0.00 7.946e-01 2.053e-01 2.491e-05 6.825e-06 6.216e-05 -1.000 1.360e-04 3.671 5.056 4.275 3.941 3.808 3.733 4.003 4.021 3.945 3.770 3.724 3.674 3.628 3.550 3.532 3.424 3.423 3.387
0.00015547 -2.00000 9.50000 0.9998395443 2.4728818534    0.999  0.491  3.8804  4.421    1  0.000  0.534     0.00     0.00     0.00     0.00     0.00 -1 -2.39e-13      0.00 7.949e-01 2.050e-01 2.488e-05 6.819e-06 6.210e-05 -1.000 1.635e-04 3.543 4.845 4.096 3.792 3.679 3.616 3.855 3.865 3.796 3.635 3.592 3.547 3.505 3.434 3.418 3.319 3.319 3.288
0.00015547 -2.00000 9.50000 1.0000000000 2.4729154477    1.000  0.491  3.8805  4.421    1  0.000  0.534     0.00     0.00     0.00     0.00     0.00 -1 -2.39e-13      0.00 7.949e-01 2.049e-01 2.488e-05 6.819e-06 6.210e-05 -1.000 1.636e-04 3.542 4.843 4.094 3.790 3.678 3.615 3.853 3.864 3.795 3.633 3.590 3.545 3.504 3.433 3.417 3.318 3.318 3.287
0.00015547 -2.00000 9.50000 1.0062433481 2.4742130430    1.006  0.510  3.8839  4.418    1  0.000  0.534     0.00     0.00     0.00     0.00     0.00 -1 -2.48e-13      0.00 7.951e-01 2.048e-01 2.487e-05 6.815e-06 6.207e-05 -1.000 1.636e-04 3.495 4.762 4.026 3.735 3.630 3.573 3.798 3.805 3.739 3.583 3.541 3.498 3.458 3.391 3.375 3.280 3.280 3.252
0.00015547 -2.00000 9.50000 1.0212568045 2.4772588296    1.021  0.557  3.8923  4.411    1  0.000  0.534     0.00     0.00     0.00     0.00     0.00 -1  -2.7e-13      0.00 7.954e-01 2.044e-01 2.484e-05 6.807e-06 6.200e-05 -1.000 1.637e-04 3.377 4.562 3.861 3.598 3.512 3.467 3.660 3.661 3.601 3.458 3.420 3.383 3.346 3.286 3.272 3.187 3.187 3.165
0.00015547 -2.00000 9.50000 1.0347887278 2.4799171466    1.034  0.601  3.9000  4.403    1  0.000  0.534     0.00     0.00     0.00     0.00     0.00 -1 -2.94e-13      0.00 7.957e-01 2.042e-01 2.482e-05 6.802e-06 6.196e-05 -1.000 1.262e-04 3.267 4.376 3.710 3.474 3.403 3.368 3.533 3.528 3.474 3.343 3.308 3.276 3.243 3.190 3.178 3.101 3.101 3.084
0.00015547 -2.00000 9.50000 1.0475871563 2.4823588344    1.046  0.644  3.9074  4.395    1  0.000  0.534     0.00     0.00     0.00     0.00     0.00 -1 -3.19e-13      0.00 7.959e-01 2.039e-01 2.480e-05 6.798e-06 6.192e-05 -1.000 1.494e-04 3.160 4.188 3.567 3.355 3.297 3.271 3.410 3.400 3.352 3.233 3.201 3.174 3.145 3.099 3.087 3.019 3.019 3.006
0.00015547 -2.00000 9.50000 1.0499999523 2.4828114860    1.049  0.653  3.9088  4.394    1  0.000  0.534     0.00     0.00     0.00     0.00     0.00 -1 -3.25e-13      0.00 7.960e-01 2.039e-01 2.480e-05 6.798e-06 6.192e-05 -1.000 1.359e-04 3.139 4.151 3.539 3.331 3.277 3.252 3.386 3.375 3.328 3.211 3.180 3.154 3.126 3.081 3.070 3.003 3.003 2.990
0.00015547 -2.00000 9.50000 1.0591541529 2.4845073084    1.058  0.683  3.9139  4.387    1  0.000  0.534     0.00     0.00     0.00     0.00     0.00 -1 -3.44e-13      0.00 7.962e-01 2.037e-01 2.478e-05 6.793e-06 6.187e-05 -1.000 8.908e-05 3.062 4.014 3.439 3.248 3.202 3.183 3.300 3.286 3.243 3.135 3.106 3.084 3.057 3.017 3.007 2.945 2.946 2.935
0.00015547 -2.00000 9.50000 1.0703483820 2.4865357771    1.069  0.722  3.9202  4.378    1  0.000  0.534     0.00     0.00     0.00     0.00     0.00 -1 -3.71e-13      0.00 7.964e-01 2.035e-01 2.476e-05 6.787e-06 6.183e-05 -1.000 9.573e-05 2.966 3.840 3.315 3.145 3.108 3.095 3.193 3.174 3.137 3.039 3.013 2.995 2.971 2.936 2.927 2.873 2.873 2.866
0.00015547 -2.00000 9.50000 1.0812075138 2.4884574380    1.080  0.760  3.9262  4.368    1  0.000  0.534     0.00     0.00     0.00     0.00     0.00 -1 -4.01e-13      0.00 7.966e-01 2.033e-01 2.475e-05 6.783e-06 6.179e-05 -1.000 1.333e-04 2.870 3.661 3.197 3.044 3.015 3.007 3.088 3.067 3.034 2.948 2.925 2.910 2.889 2.859 2.851 2.802 2.803 2.797
0.00015547 -2.00000 9.50000 1.0914587975 2.4902312404    1.090  0.797  3.9316  4.357    1  0.000  0.534     0.00     0.00     0.00     0.00     0.00 -1 -4.33e-13      0.00 7.967e-01 2.031e-01 2.474e-05 6.780e-06 6.177e-05 -1.000 1.637e-04 2.777 3.491 3.085 2.948 2.925 2.922 2.989 2.966 2.938 2.861 2.840 2.829 2.810 2.784 2.777 2.734 2.734 2.731
0.00015547 -2.00000 9.50000 1.1000000238 2.4916801480    1.099  0.828  3.9359  4.346    1  0.000  0.534     0.00     0.00     0.00     0.00     0.00 -1 -4.63e-13      0.00 7.969e-01 2.030e-01 2.473e-05 6.778e-06 6.175e-05 -1.000 1.636e-04 2.699 3.348 2.993 2.868 2.850 2.849 2.908 2.885 2.860 2.790 2.772 2.762 2.745 2.723 2.716 2.676 2.677 2.674
0.00015547 -2.00000 9.50000 1.1080503464 2.4930222905    1.107  0.859  3.9394  4.333    1  0.000  0.534     0.00     0.00     0.00     0.00     0.00 -1 -4.94e-13      0.00 7.969e-01 2.029e-01 2.472e-05 6.776e-06 6.174e-05 -1.000 1.637e-04 2.624 3.221 2.908 2.792 2.777 2.779 2.831 2.806 2.784 2.721 2.704 2.696 2.681 2.661 2.654 2.618 2.618 2.617
0.00015547 -2.00000 9.50000 1.1157084703 2.4942783956    1.114  0.888  3.9422  4.318    1  0.000  0.534     0.00     0.00     0.00     0.00     0.00 -1 -5.29e-13      0.00 7.964e-01 2.035e-01 2.478e-05 6.791e-06 6.187e-05 -1.000 1.637e-04 2.551 3.110 2.827 2.718 2.706 2.710 2.756 2.732 2.712 2.654 2.638 2.631 2.617 2.599 2.593 2.559 2.559 2.558
0.00015547 -2.00000 9.50000 1.1230086088 2.4954574598    1.121  0.916  3.9442  4.301    1  0.000  0.534     0.00     0.00     0.00     0.00     0.00 -1 -5.67e-13      0.00 7.960e-01 2.038e-01 2.481e-05 6.799e-06 6.194e-05 -1.000 1.636e-04 2.481 3.015 2.754 2.649 2.639 2.644 2.686 2.662 2.643 2.589 2.574 2.568 2.555 2.538 2.532 2.499 2.500 2.499
0.00015547 -2.00000 9.50000 1.1244413853 2.4956868054    1.123  0.922  3.9447  4.297    1  0.000  0.534     0.00     0.00     0.00     0.00     0.00 -1 -5.77e-13      0.00 7.960e-01 2.038e-01 2.481e-05 6.800e-06 6.195e-05 -1.000 1.636e-04 2.465 2.991 2.736 2.632 2.623 2.629 2.669 2.645 2.627 2.574 2.559 2.553 2.540 2.524 2.518 2.486 2.486 2.486
0.00015547 -2.00000 9.50000 1.1318348646 2.4968596791    1.130  0.964  3.9488  4.275    1  0.000  0.534     0.00     0.00     0.00     0.00     0.00 -1 -6.39e-13      0.00 7.959e-01 2.039e-01 2.482e-05 6.802e-06 6.197e-05 -1.000 1.637e-04 2.361 2.835 2.620 2.526 2.521 2.530 2.564 2.541 2.526 2.479 2.466 2.462 2.451 2.437 2.432 2.403 2.403 2.403
0.00015547 -2.00000 9.50000 1.1325554848 2.4969730541    1.131  0.969  3.9493  4.272    1  0.000  0.534     0.00     0.00     0.00     0.00     0.00 -1 -6.49e-13      0.00 7.959e-01 2.039e-01 2.482e-05 6.802e-06 6.197e-05 -1.000 1.636e-04 2.348 2.814 2.605 2.512 2.508 2.517 2.551 2.528 2.513 2.467 2.454 2.450 2.439 2.425 2.421 2.392 2.393 2.393
0.00015547 -2.00000 9.50000 1.1354175806 2.4974217133    1.134  0.984  3.9496  4.258    2  0.000  0.534     0.00     0.00     0.00     0.00     0.00 -1  -6.8e-13      0.00 7.957e-01 2.041e-01 2.483e-05 6.807e-06 6.201e-05 -1.000 1.637e-04 2.309 2.773 2.568 2.476 2.471 2.481 2.510 2.488 2.473 2.429 2.416 2.412 2.401 2.388 2.383 2.355 2.355 2.355
0.00015547 -2.00000 9.50000 1.1437927485 2.4987197756    1.142  1.027  3.9499  4.221    2  0.000  0.534     0.00     0.00     0.00     0.00     0.00 -1 -7.65e-13      0.00 7.952e-01 2.046e-01 2.488e-05 6.821e-06 6.213e-05 -1.000 1.637e-04 2.203 2.664 2.469 2.377 2.371 2.381 2.401 2.379 2.365 2.323 2.310 2.307 2.297 2.283 2.279 2.251 2.251 2.250
0.00015547 -2.00000 9.50000 1.1499999762 2.4996678137    1.148  1.060  3.9496  4.189    2  0.000  0.534     0.00     0.00     0.00     0.00     0.00 -1 -8.43e-13      0.00 7.948e-01 2.050e-01 2.492e-05 6.831e-06 6.222e-05 -1.000 1.636e-04 2.121 2.585 2.394 2.301 2.294 2.303 2.315 2.294 2.280 2.239 2.227 2.223 2.213 2.200 2.195 2.168 2.168 2.165
0.00015547 -2.00000 9.50000 1.1564505100 2.5006406218    1.155  1.100  3.9453  4.134    2  0.000  0.534     0.00     0.00     0.00     0.00     0.00 -1 -9.72e-13      0.00 7.945e-01 2.054e-01 2.495e-05 6.840e-06 6.231e-05 -1.000 1.637e-04 2.019 2.538 2.322 2.220 2.205 2.209 2.207 2.184 2.169 2.125 2.113 2.107 2.096 2.081 2.076 2.046 2.046 2.040
0.00015547 -2.00000 9.50000 1.1617578268 2.5014317119    1.160  1.139  3.9367  4.063    2  0.000  0.534     0.00     0.00     0.00     0.00     0.00 -1 -1.14e-12      0.00 7.942e-01 2.057e-01 2.498e-05 6.847e-06 6.237e-05 -1.000 1.637e-04 1.923 2.550 2.280 2.160 2.129 2.123 2.102 2.078 2.060 2.008 1.992 1.984 1.971 1.951 1.945 1.909 1.908 1.898
0.00015547 -2.00000 9.50000 1.1645789146 2.5018488398    1.163  1.162  3.9281  4.006    2  0.000  0.534     0.00     0.00     0.00     0.00     0.00 -1 -1.28e-12      0.00 7.940e-01 2.058e-01 2.500e-05 6.851e-06 6.241e-05 -1.000 1.637e-04 1.865 2.607 2.272 2.133 2.088 2.072 2.041 2.016 1.993 1.931 1.914 1.902 1.886 1.861 1.854 1.811 1.810 1.795
0.00015547 -2.00000 9.50000 1.1665320396 2.5021362713    1.165  1.180  3.9191  3.953    2  0.000  0.534     0.00     0.00     0.00     0.00     0.00 -1 -1.41e-12      0.00 7.939e-01 2.059e-01 2.501e-05 6.854e-06 6.243e-05 -1.000 1.637e-04 1.820 2.701 2.277 2.114 2.055 2.032 2.001 1.978 1.949 1.873 1.851 1.836 1.816 1.785 1.777 1.727 1.726 1.706
0.00015547 -2.00000 9.50000 1.1679298878 2.5023413069    1.166  1.194  3.9101  3.904    2  0.000  0.534     0.00     0.00     0.00     0.00     0.00 -1 -1.53e-12      0.00 7.938e-01 2.060e-01 2.501e-05 6.856e-06 6.245e-05 -1.000 1.637e-04 1.786 2.798 2.295 2.106 2.032 2.000 1.976 1.955 1.919 1.829 1.804 1.784 1.760 1.722 1.713 1.655 1.654 1.630
0.00015547 -2.00000 9.50000 1.1693003178 2.5025417736    1.168  1.208  3.8980  3.841    2  0.000  0.534     0.00     0.00     0.00     0.00     0.00 -1  -1.7e-12      0.00 7.938e-01 2.061e-01 2.502e-05 6.857e-06 6.247e-05 -1.000 1.636e-04 1.750 2.925 2.334 2.108 2.011 1.965 1.958 1.942 1.897 1.788 1.758 1.730 1.701 1.654 1.643 1.573 1.571 1.541
0.00015547 -2.00000 9.50000 1.1703275442 2.5026916825    1.169  1.220  3.8857  3.781    2  0.000  0.534     0.00     0.00     0.00     0.00     0.00 -1 -1.87e-12      0.00 7.937e-01 2.061e-01 2.503e-05 6.859e-06 6.248e-05 -1.000 1.636e-04 1.721 3.044 2.386 2.120 1.999 1.937 1.955 1.944 1.890 1.761 1.726 1.691 1.656 1.599 1.586 1.502 1.501 1.464
0.00015547 -2.00000 9.50000 1.1711375713 2.5028096811    1.169  1.229  3.8735  3.723    2  0.000  0.534     0.00     0.00     0.00     0.00     0.00 -1 -2.04e-12      0.00 7.937e-01 2.062e-01 2.503e-05 6.860e-06 6.249e-05 -1.000 1.636e-04 1.697 3.159 2.449 2.141 1.991 1.912 1.960 1.956 1.892 1.744 1.704 1.660 1.621 1.553 1.538 1.441 1.439 1.395
0.00015547 -2.00000 9.50000 1.1717998981 2.5029060244    1.170  1.237  3.8615  3.667    2  0.000  0.534     0.00     0.00     0.00     0.00     0.00 -1 -2.21e-12      0.00 7.936e-01 2.062e-01 2.503e-05 6.861e-06 6.250e-05 -1.000 1.637e-04 1.677 3.273 2.518 2.167 1.988 1.890 1.971 1.973 1.901 1.733 1.688 1.637 1.592 1.514 1.496 1.386 1.384 1.333
0.00015547 -2.00000 9.50000 1.1723580360 2.5029871149    1.171  1.244  3.8502  3.615    2  0.000  0.534     0.00     0.00     0.00     0.00     0.00 -1 -2.38e-12      0.00 7.936e-01 2.062e-01 2.504e-05 6.862e-06 6.251e-05 -1.000 1.636e-04 1.660 3.387 2.593 2.199 1.989 1.873 1.987 1.994 1.914 1.727 1.677 1.619 1.569 1.481 1.461 1.339 1.336 1.277
0.00015547 -2.00000 9.50000 1.1728403568 2.5030571188    1.171  1.249  3.8394  3.567    2  0.000  0.534     0.00     0.00     0.00     0.00     0.00 -1 -2.55e-12      0.00 7.936e-01 2.063e-01 2.504e-05 6.862e-06 6.251e-05 -1.000 1.637e-04 1.646 3.501 2.673 2.236 1.995 1.860 2.006 2.019 1.929 1.724 1.671 1.605 1.551 1.453 1.432 1.297 1.294 1.228
0.00015547 -2.00000 9.50000 1.1732711792 2.5031195921    1.172  1.254  3.8290  3.520    2  0.000  0.534     0.00     0.00     0.00     0.00     0.00 -1 -2.72e-12      0.00 7.936e-01 2.063e-01 2.504e-05 6.863e-06 6.252e-05 -1.000 1.637e-04 1.634 3.617 2.757 2.277 2.004 1.851 2.027 2.045 1.947 1.724 1.666 1.593 1.535 1.429 1.405 1.259 1.256 1.183
0.00015547 -2.00000 9.50000 1.1736947298 2.5031809597    1.172  1.259  3.8182  3.473    2  0.000  0.534     0.00     0.00     0.00     0.00     0.00 -1  -2.9e-12      0.00 7.935e-01 2.063e-01 2.504e-05 6.864e-06 6.252e-05 -1.000 1.637e-04 1.622 3.751 2.864 2.333 2.023 1.849 2.053 2.074 1.968 1.725 1.663 1.583 1.521 1.406 1.380 1.223 1.218 1.137
0.00015547 -2.00000 9.50000 1.1741528511 2.5032472787    1.172  1.263  3.8072  3.425    2  0.000  0.534     0.00     0.00     0.00     0.00     0.00 -1 -3.09e-12      0.00 7.934e-01 2.064e-01 2.505e-05 6.866e-06 6.255e-05 -1.000 1.634e-04 1.613 3.897 2.988 2.401 2.048 1.851 2.086 2.110 1.994 1.730 1.663 1.576 1.509 1.385 1.357 1.188 1.183 1.093
0.00015547 -2.00000 9.50000 1.1746863127 2.5033244293    1.173  1.267  3.7951  3.373    2  0.000  0.534     0.00     0.00     0.00     0.00     0.00 -1  -3.3e-12      0.00 7.933e-01 2.066e-01 2.507e-05 6.870e-06 6.258e-05 -1.000 1.631e-04 1.603 4.073 3.148 2.490 2.085 1.861 2.127 2.154 2.027 1.737 1.665 1.570 1.498 1.364 1.334 1.152 1.146 1.046
0.00015547 -2.00000 9.50000 1.1752785444 2.5034099851    1.173  1.270  3.7828  3.321    2  0.000  0.534     0.00     0.00     0.00     0.00     0.00 -1 -3.53e-12      0.00 7.926e-01 2.072e-01 2.513e-05 6.887e-06 6.273e-05 -1.000 1.622e-04 1.596 4.264 3.335 2.598 2.136 1.882 2.176 2.203 2.064 1.748 1.670 1.567 1.490 1.346 1.313 1.119 1.112 1.002
0.00015547 -2.00000 9.50000 1.1759383678 2.5035051887    1.174  1.269  3.7718  3.278    2  0.000  0.535     0.00     0.00     0.00     0.00     0.00 -1  -3.7e-12      0.00 7.858e-01 2.140e-01 2.580e-05 7.065e-06 6.432e-05 -1.000 1.555e-04 1.597 4.461 3.550 2.729 2.204 1.922 2.232 2.256 2.106 1.765 1.683 1.573 1.491 1.338 1.303 1.098 1.090 0.971
0.00015547 -2.00000 9.50000 1.1768651009 2.5036386964    1.175  1.266  3.7589  3.230    2  0.000  0.536     0.00     0.00     0.00     0.00     0.00 -1 -3.88e-12      0.00 7.687e-01 2.312e-01 2.743e-05 7.498e-06 6.817e-05 -1.000 1.330e-04 1.605 4.697 3.844 2.913 2.306 1.986 2.310 2.328 2.165 1.793 1.705 1.586 1.499 1.337 1.299 1.080 1.071 0.941
0.00015547 -2.00000 9.50000 1.1772316694 2.5036914386    1.175  1.267  3.7548  3.213    2  0.000  0.537     0.00     0.00     0.00     0.00     0.00 -1 -3.96e-12      0.00 7.635e-01 2.364e-01 2.785e-05 7.611e-06 6.918e-05 -1.000 1.636e-04 1.603 4.764 3.949 2.978 2.341 2.009 2.333 2.349 2.180 1.798 1.708 1.587 1.498 1.332 1.294 1.070 1.061 0.927
0.00015547 -2.00000 9.50000 1.1779748201 2.5037982479    1.176  1.283  3.7495  3.175    3  0.000  0.537     0.00     0.00     0.00     0.00     0.00 -1 -4.28e-12      0.00 7.600e-01 2.399e-01 2.816e-05 7.694e-06 6.992e-05 -1.000 1.504e-04 1.561 4.811 4.044 3.022 2.347 2.000 2.323 2.335 2.161 1.765 1.673 1.548 1.458 1.287 1.248 1.018 1.009 0.870
0.00015547 -2.00000 9.50000 1.1790652275 2.5039546864    1.177  1.322  3.7439  3.114    3  0.000  0.537     0.00     0.00     0.00     0.00     0.00 -1 -4.98e-12      0.00 7.567e-01 2.431e-01 2.840e-05 7.760e-06 7.050e-05 -1.000 1.401e-04 1.464 4.801 4.107 3.027 2.308 1.943 2.262 2.269 2.088 1.678 1.583 1.454 1.362 1.187 1.146 0.911 0.901 0.757
0.00015547 -2.00000 9.50000 1.1799724102 2.5040845846    1.178  1.364  3.7407  3.059    3  0.000  0.537     0.00     0.00     0.00     0.00     0.00 -1 -5.82e-12      0.00 7.546e-01 2.452e-01 2.848e-05 7.796e-06 7.076e-05 -1.000 1.637e-04 1.359 4.745 4.093 2.981 2.237 1.863 2.178 2.182 1.998 1.579 1.483 1.352 1.258 1.080 1.039 0.800 0.790 0.643
0.00015547 -2.00000 9.50000 1.1809140444 2.5042191732    1.179  1.413  3.7380  3.001    3  0.000  0.533     0.00     0.00     0.00     0.00     0.00 -1 -6.94e-12      0.00 7.524e-01 2.475e-01 2.834e-05 7.901e-06 7.095e-05 -1.000 1.637e-04 1.238 4.661 4.055 2.914 2.149 1.767 2.076 2.076 1.889 1.464 1.367 1.234 1.139 0.959 0.917 0.676 0.665 0.516
0.00015547 -2.00000 9.50000 1.1817203760 2.5043342269    1.180  1.457  3.7360  2.949    3  0.000  0.517     0.00     0.00     0.00     0.00     0.00 -1 -8.16e-12      0.00 7.501e-01 2.497e-01 2.756e-05 8.547e-06 7.107e-05 -1.000 1.637e-04 1.127 4.577 4.009 2.847 2.064 1.677 1.978 1.975 1.786 1.357 1.259 1.125 1.029 0.848 0.805 0.562 0.551 0.400
0.00015547 -2.00000 9.50000 1.1824005842 2.5044311440    1.180  1.496  3.7343  2.903    3  0.000  0.492     0.00     0.00     0.00     0.00     0.00 -1 -9.41e-12      0.00 7.479e-01 2.519e-01 2.623e-05 1.003e-05 7.115e-05 -1.000 1.637e-04 1.029 4.501 3.964 2.784 1.988 1.596 1.890 1.885 1.694 1.261 1.163 1.027 0.931 0.749 0.706 0.461 0.450 0.297
0.00015547 -2.00000 9.50000 1.1831005812 2.5045307468    1.181  1.539  3.7327  2.854    3  0.000  0.465     0.00     0.00     0.00     0.00     0.00 -1  -1.1e-11      0.00 7.456e-01 2.542e-01 2.481e-05 1.179e-05 7.122e-05 -1.000 1.637e-04 0.922 4.416 3.910 2.712 1.902 1.506 1.793 1.787 1.594 1.157 1.058 0.922 0.825 0.642 0.599 0.352 0.341 0.187
0.00015547 -2.00000 9.50000 1.1837605238 2.5046245262    1.182  1.582  3.7312  2.805    3  0.000  0.445     0.00     0.00     0.00     0.00     0.00 -1 -1.28e-11      0.00 7.434e-01 2.564e-01 2.376e-05 1.311e-05 7.127e-05 -1.000 1.636e-04 0.815 4.331 3.854 2.639 1.817 1.416 1.697 1.688 1.494 1.054 0.954 0.817 0.720 0.535 0.492 0.244 0.232 0.077
0.00015547 -2.00000 9.50000 1.1844160557 2.5047175599    1.182  1.627  3.7295  2.754    3  0.000  0.430     0.00     0.00     0.00     0.00     0.00 -1  -1.5e-11      0.00 7.413e-01 2.585e-01 2.299e-05 1.409e-05 7.132e-05 -1.000 1.637e-04 0.703 4.241 3.797 2.564 1.727 1.322 1.596 1.585 1.389 0.945 0.845 0.707 0.609 0.423 0.379 0.129 0.118 -0.039
0.00015547 -2.00000 9.50000 1.1849752665 2.5047968301    1.183  1.667  3.7281  2.708    3  0.000  0.420     0.00     0.00     0.00     0.00     0.00 -1 -1.74e-11      0.00 7.397e-01 2.602e-01 2.247e-05 1.475e-05 7.135e-05 -1.000 1.636e-04 0.602 4.157 3.747 2.496 1.647 1.237 1.505 1.492 1.294 0.847 0.746 0.607 0.509 0.322 0.278 0.026 0.015 -0.144
0.00015547 -2.00000 9.50000 1.1855268478 2.5048749345    1.183  1.710  3.7266  2.660    3  0.000  0.412     0.00     0.00     0.00     0.00     0.00 -1 -2.02e-11      0.00 7.382e-01 2.617e-01 2.207e-05 1.525e-05 7.137e-05 -1.000 1.638e-04 0.496 4.069 3.693 2.425 1.562 1.148 1.410 1.394 1.195 0.744 0.642 0.502 0.404 0.216 0.171 -0.081 -0.093 -0.253
0.00015547 -2.00000 9.50000 1.1860505342 2.5049490116    1.184  1.753  3.7250  2.610    3  0.000  0.407     0.00     0.00     0.00     0.00     0.00 -1 -2.36e-11      0.00 7.370e-01 2.629e-01 2.178e-05 1.562e-05 7.139e-05 -1.000 1.637e-04 0.388 3.980 3.642 2.354 1.477 1.058 1.313 1.296 1.094 0.639 0.537 0.396 0.298 0.108 0.064 -0.191 -0.203 -0.365
0.00015547 -2.00000 9.50000 1.1865264177 2.5050162617    1.184  1.795  3.7235  2.562    3  0.000  0.403     0.00     0.00     0.00     0.00     0.00 -1 -2.74e-11      0.00 7.361e-01 2.638e-01 2.158e-05 1.589e-05 7.140e-05 -1.000 1.637e-04 0.283 3.893 3.590 2.284 1.393 0.969 1.219 1.199 0.996 0.538 0.435 0.293 0.194 0.004 -0.042 -0.298 -0.310 -0.473
0.00015547 -2.00000 9.50000 1.1869820356 2.5050805898    1.184  1.838  3.7219  2.513    3  0.000  0.400     0.00     0.00     0.00     0.00     0.00 -1 -3.21e-11      0.00 7.354e-01 2.644e-01 2.144e-05 1.605e-05 7.140e-05 -1.000 1.637e-04 0.175 3.803 3.536 2.211 1.306 0.878 1.122 1.100 0.895 0.433 0.330 0.187 0.087 -0.104 -0.150 -0.408 -0.420 -0.585
0.00015547 -2.00000 9.50000 1.1873909235 2.5051382718    1.185  1.880  3.7203  2.465    3  0.000  0.398     0.00     0.00     0.00     0.00     0.00 -1 -3.73e-11      0.00 7.350e-01 2.649e-01 2.135e-05 1.617e-05 7.141e-05 -1.000 1.637e-04 0.071 3.721 3.499 2.151 1.228 0.795 1.031 1.006 0.799 0.332 0.228 0.085 -0.016 -0.209 -0.254 -0.514 -0.526 -0.692
0.00015547 -2.00000 9.50000 1.1877681017 2.5051914400    1.185  1.921  3.7187  2.418    3  0.000  0.397     0.00     0.00     0.00     0.00     0.00 -1 -4.33e-11      0.00 7.347e-01 2.652e-01 2.128e-05 1.625e-05 7.141e-05 -1.000 1.637e-04 -0.032 3.639 3.471 2.099 1.155 0.716 0.942 0.914 0.704 0.233 0.129 -0.016 -0.117 -0.311 -0.357 -0.619 -0.631 -0.799
0.00015547 -2.00000 9.50000 1.1881368160 2.5052433776    1.185  1.964  3.7171  2.368    3  0.000  0.396     0.00     0.00     0.00     0.00     0.00 -1 -5.05e-11      0.00 7.345e-01 2.654e-01 2.125e-05 1.629e-05 7.141e-05 -1.000 1.636e-04 -0.139 3.551 3.440 2.042 1.079 0.633 0.849 0.817 0.605 0.130 0.024 -0.122 -0.223 -0.418 -0.465 -0.728 -0.741 -0.910
0.00015547 -2.00000 9.50000 1.1884659529 2.5052897090    1.185  2.005  3.7154  2.321    3  0.000  0.396     0.00     0.00     0.00     0.00     0.00 -1 -5.86e-11      0.00 7.344e-01 2.654e-01 2.123e-05 1.632e-05 7.141e-05 -1.000 1.581e-04 -0.241 3.468 3.415 1.992 1.007 0.555 0.761 0.726 0.512 0.031 -0.075 -0.222 -0.324 -0.521 -0.568 -0.832 -0.845 -1.016
0.00015547 -2.00000 9.50000 1.1887785196 2.5053336805    1.185  2.046  3.7137  2.273    3  0.000  0.396     0.00     0.00     0.00     0.00     0.00 -1 -6.82e-11      0.00 7.344e-01 2.655e-01 2.123e-05 1.632e-05 7.142e-05 -1.000 1.612e-04 -0.346 3.384 3.390 1.941 0.934 0.476 0.672 0.634 0.417 -0.069 -0.176 -0.324 -0.427 -0.625 -0.673 -0.939 -0.952 -1.125
0.00015547 -2.00000 9.50000 1.1890659332 2.5053740901    1.185  2.087  3.7122  2.225    3  0.000  0.396     0.00     0.00     0.00     0.00     0.00 -1 -7.91e-11      0.00 7.344e-01 2.655e-01 2.123e-05 1.633e-05 7.142e-05 -1.000 1.636e-04 -0.448 3.300 3.363 1.888 0.861 0.396 0.584 0.542 0.322 -0.168 -0.276 -0.425 -0.529 -0.728 -0.776 -1.044 -1.057 -1.231
0.00015547 -2.00000 9.50000 1.1893301010 2.5054112115    1.186  2.128  3.7105  2.178    3  0.000  0.396     0.00     0.00     0.00     0.00     0.00 -1 -9.17e-11      0.00 7.344e-01 2.655e-01 2.122e-05 1.633e-05 7.142e-05 -1.000 1.637e-04 -0.550 3.219 3.342 1.840 0.791 0.320 0.498 0.453 0.231 -0.265 -0.373 -0.524 -0.628 -0.829 -0.877 -1.147 -1.160 -1.336
0.00015547 -2.00000 9.50000 1.1895797253 2.5054462719    1.186  2.169  3.7088  2.130    3  0.000  0.396     0.00     0.00     0.00     0.00     0.00 -1 -1.06e-10      0.00 7.344e-01 2.655e-01 2.122e-05 1.633e-05 7.142e-05 -1.000 1.636e-04 -0.652 3.134 3.324 1.794 0.721 0.244 0.413 0.364 0.139 -0.363 -0.472 -0.624 -0.729 -0.931 -0.979 -1.251 -1.265 -1.442
0.00015547 -2.00000 9.50000 1.1898097992 2.5054785713    1.186  2.209  3.7072  2.084    3  0.000  0.396     0.00     0.00     0.00     0.00     0.00 -1 -1.23e-10      0.00 7.344e-01 2.655e-01 2.122e-05 1.633e-05 7.142e-05 -1.000 1.636e-04 -0.752 3.049 3.305 1.747 0.653 0.169 0.328 0.276 0.048 -0.459 -0.568 -0.722 -0.827 -1.031 -1.080 -1.353 -1.367 -1.546
0.00015547 -2.00000 9.50000 1.1900253296 2.5055088161    1.186  2.249  3.7054  2.037    3  0.000  0.396     0.00     0.00     0.00     0.00     0.00 -1 -1.43e-10      0.00 7.344e-01 2.655e-01 2.122e-05 1.634e-05 7.142e-05 -1.000 1.637e-04 -0.852 2.967 3.295 1.707 0.588 0.097 0.246 0.190 -0.041 -0.553 -0.664 -0.819 -0.925 -1.130 -1.179 -1.455 -1.469 -1.649
0.00015547 -2.00000 9.50000 1.1902304888 2.5055375937    1.185  2.289  3.7037  1.990    3  0.000  0.396     0.00     0.00     0.00     0.00     0.00 -1 -1.65e-10      0.00 7.344e-01 2.655e-01 2.122e-05 1.634e-05 7.142e-05 -1.000 1.637e-04 -0.952 2.884 3.286 1.667 0.523 0.025 0.164 0.104 -0.131 -0.649 -0.760 -0.916 -1.023 -1.229 -1.279 -1.557 -1.571 -1.754
0.00015547 -2.00000 9.50000 1.1904295683 2.5055655077    1.185  2.329  3.7021  1.944    3  0.000  0.396     0.00     0.00     0.00     0.00     0.00 -1 -1.91e-10      0.00 7.344e-01 2.655e-01 2.121e-05 1.634e-05 7.142e-05 -1.000 1.637e-04 -1.052 2.802 3.283 1.633 0.461 -0.044 0.082 0.018 -0.220 -0.744 -0.856 -1.013 -1.121 -1.329 -1.379 -1.658 -1.673 -1.857
0.00015547 -2.00000 9.50000 1.1906511784 2.5055965681    1.185  2.363  3.7006  1.904    3  0.000  0.396     0.00     0.00     0.00     0.00     0.00 -1 -2.16e-10      0.00 7.344e-01 2.655e-01 2.121e-05 1.634e-05 7.142e-05 -1.000 1.637e-04 -1.137 2.732 3.287 1.608 0.411 -0.100 0.014 -0.054 -0.295 -0.824 -0.937 -1.096 -1.204 -1.413 -1.464 -1.745 -1.759 -1.945
0.00015547 -2.00000 9.50000 1.1907480955 2.5056101476    1.185  2.375  3.7000  1.889    3  0.000  0.396     0.00     0.00     0.00     0.00     0.00 -1 -2.27e-10      0.00 7.344e-01 2.655e-01 2.121e-05 1.634e-05 7.142e-05 -1.000 1.637e-04 -1.168 2.706 3.289 1.599 0.392 -0.121 -0.011 -0.081 -0.322 -0.854 -0.967 -1.126 -1.235 -1.444 -1.495 -1.777 -1.792 -1.978
0.00015547 -2.00000 9.50000 1.1908029318 2.5056178299    1.185  2.369  3.7004  1.896    3  0.000  0.396     0.00     0.00     0.00     0.00     0.00 -1 -2.23e-10      0.00 7.344e-01 2.655e-01 2.121e-05 1.634e-05 7.142e-05 -1.000 1.636e-04 -1.153 2.719 3.285 1.602 0.401 -0.112 0.001 -0.068 -0.309 -0.840 -0.953 -1.111 -1.220 -1.429 -1.480 -1.761 -1.776 -1.962
0.00015547 -2.00000 9.50000 1.1909340620 2.5056361972    1.185  2.331  3.7023  1.942    3  0.000  0.396     0.00     0.00     0.00     0.00     0.00 -1 -1.96e-10      0.00 7.343e-01 2.655e-01 2.121e-05 1.635e-05 7.142e-05 -1.000 1.636e-04 -1.057 2.795 3.271 1.623 0.453 -0.051 0.075 0.011 -0.226 -0.750 -0.862 -1.019 -1.127 -1.334 -1.384 -1.663 -1.678 -1.862
0.00015547 -2.00000 9.50000 1.1909756660 2.5056420237    1.185  2.316  3.7030  1.960    3  0.000  0.396     0.00     0.00     0.00     0.00     0.00 -1 -1.85e-10      0.00 7.343e-01 2.655e-01 2.121e-05 1.635e-05 7.142e-05 -1.000 1.637e-04 -1.020 2.825 3.268 1.633 0.475 -0.026 0.105 0.043 -0.193 -0.714 -0.826 -0.982 -1.090 -1.297 -1.347 -1.625 -1.639 -1.823
0.00015547 -2.00000 9.50000 1.1910699606 2.5056552275    1.185  2.340  3.7020  1.932    3  0.000  0.396     0.00     0.00     0.00     0.00     0.00 -1    -2e-10      0.00 7.343e-01 2.655e-01 2.121e-05 1.635e-05 7.142e-05 -1.000 1.637e-04 -1.080 2.775 3.266 1.612 0.437 -0.068 0.055 -0.010 -0.248 -0.772 -0.884 -1.042 -1.149 -1.357 -1.407 -1.687 -1.701 -1.885
0.00015547 -2.00000 9.50000 1.1912300587 2.5056776402    1.185  2.380  3.7002  1.884    3  0.000  0.396     0.00     0.00     0.00     0.00     0.00 -1 -2.31e-10      0.00 7.343e-01 2.655e-01 2.121e-05 1.635e-05 7.142e-05 -1.000 1.637e-04 -1.181 2.693 3.274 1.585 0.379 -0.135 -0.025 -0.095 -0.336 -0.867 -0.980 -1.139 -1.248 -1.457 -1.508 -1.790 -1.805 -1.991
0.00015547 -2.00000 9.50000 1.1913843155 2.5056992285    1.185  2.420  3.6984  1.837    3  0.000  0.396     0.00     0.00     0.00     0.00     0.00 -1 -2.67e-10      0.00 7.343e-01 2.655e-01 2.121e-05 1.635e-05 7.142e-05 -1.000 1.637e-04 -1.281 2.609 3.285 1.561 0.323 -0.198 -0.103 -0.178 -0.424 -0.962 -1.076 -1.236 -1.346 -1.557 -1.608 -1.892 -1.907 -2.095
0.00015547 -2.00000 9.50000 1.1915317774 2.5057198599    1.184  2.461  3.6967  1.789    3  0.000  0.396     0.00     0.00     0.00     0.00     0.00 -1  -3.1e-10      0.00 7.343e-01 2.655e-01 2.120e-05 1.635e-05 7.142e-05 -1.000 1.636e-04 -1.382 2.523 3.289 1.532 0.264 -0.265 -0.184 -0.264 -0.513 -1.057 -1.172 -1.334 -1.444 -1.657 -1.709 -1.994 -2.009 -2.199
0.00015547 -2.00000 9.50000 1.1916668415 2.5057387516    1.184  2.500  3.6948  1.742    3  0.000  0.396     4.69     3.81     2.78     2.10     1.70  4 -3.58e-10      0.00 7.343e-01 2.655e-01 2.120e-05 1.635e-05 7.142e-05 -1.000 1.637e-04 -1.480 2.441 3.307 1.514 0.212 -0.325 -0.258 -0.344 -0.597 -1.149 -1.265 -1.428 -1.540 -1.754 -1.806 -2.094 -2.109 -2.301
0.00015547 -2.00000 9.50000 1.1917954683 2.5057567383    1.184  2.540  3.6930  1.695    3  0.000  0.396     5.17     4.15     3.01     2.28     1.85  4 -4.14e-10      0.00 7.343e-01 2.655e-01 2.120e-05 1.635e-05 7.142e-05 -1.000 1.636e-04 -1.580 2.357 3.319 1.491 0.157 -0.388 -0.335 -0.426 -0.683 -1.242 -1.359 -1.524 -1.636 -1.852 -1.905 -2.195 -2.211 -2.404
0.00015547 -2.00000 9.50000 1.1919155121 2.5057735207    1.184  2.579  3.6911  1.648    3  0.000  0.396     5.70     4.51     3.26     2.48     2.01  4 -4.79e-10      0.00 7.343e-01 2.655e-01 2.120e-05 1.636e-05 7.142e-05 -1.000 1.637e-04 -1.678 2.274 3.333 1.470 0.103 -0.450 -0.411 -0.507 -0.768 -1.334 -1.452 -1.619 -1.732 -1.950 -2.003 -2.296 -2.311 -2.507
0.00015547 -2.00000 9.50000 1.1920261383 2.5057889831    1.183  2.618  3.6893  1.602    3  0.000  0.396     6.27     4.91     3.53     2.69     2.18  4 -5.53e-10      0.00 7.343e-01 2.655e-01 2.120e-05 1.636e-05 7.142e-05 -1.000 1.636e-04 -1.775 2.192 3.353 1.455 0.054 -0.508 -0.483 -0.584 -0.850 -1.424 -1.543 -1.711 -1.825 -2.045 -2.099 -2.393 -2.409 -2.607
0.00015547 -2.00000 9.50000 1.1921341419 2.5058040757    1.183  2.658  3.6875  1.555    3  0.000  0.395     6.91     5.35     3.84     2.92     2.37  4 -6.41e-10      0.00 7.343e-01 2.655e-01 2.120e-05 1.636e-05 7.142e-05 -1.000 1.637e-04 -1.875 2.105 3.370 1.438 0.002 -0.568 -0.558 -0.665 -0.936 -1.517 -1.637 -1.807 -1.922 -2.143 -2.198 -2.495 -2.511 -2.710
0.00015547 -2.00000 9.50000 1.1922301054 2.5058174832    1.182  2.696  3.6856  1.509    3  0.000  0.395     7.59     5.81     4.15     3.16     2.57  4 -7.39e-10      0.00 7.343e-01 2.655e-01 2.120e-05 1.636e-05 7.142e-05 -1.000 1.636e-04 -1.970 2.024 3.393 1.431 -0.042 -0.619 -0.625 -0.739 -1.015 -1.604 -1.726 -1.898 -2.013 -2.236 -2.291 -2.591 -2.607 -2.809
0.00015547 -2.00000 9.50000 1.1923223734 2.5058303721    1.182  2.735  3.6837  1.462    3  0.000  0.395     8.36     6.32     4.50     3.43     2.79  4 -8.53e-10      0.00 7.343e-01 2.655e-01 2.120e-05 1.636e-05 7.142e-05 -1.000 1.637e-04 -2.068 1.941 3.390 1.449 -0.061 -0.649 -0.683 -0.808 -1.092 -1.695 -1.818 -1.992 -2.109 -2.334 -2.389 -2.691 -2.708 -2.912
0.00015547 -2.00000 9.50000 1.1924073696 2.5058422431    1.181  2.773  3.6818  1.416    3  0.000  0.395     9.19     6.87     4.87     3.72     3.02  4 -9.85e-10      0.00 7.343e-01 2.655e-01 2.120e-05 1.636e-05 7.142e-05 -1.000 1.636e-04 -2.163 1.861 3.396 1.477 -0.073 -0.672 -0.735 -0.873 -1.166 -1.783 -1.908 -2.084 -2.203 -2.430 -2.486 -2.790 -2.807 -3.013
0.00015547 -2.00000 9.50000 1.1924860477 2.5058532300    1.181  2.811  3.6798  1.370    3  0.000  0.395    10.10     7.46     5.27     4.03     3.27  4 -1.13e-09      0.00 7.343e-01 2.655e-01 2.120e-05 1.636e-05 7.142e-05 -1.000 1.636e-04 -2.257 1.783 3.407 1.511 -0.081 -0.690 -0.782 -0.933 -1.236 -1.868 -1.995 -2.174 -2.294 -2.524 -2.581 -2.888 -2.905 -3.112
0.00015547 -2.00000 9.50000 1.1925623417 2.5058638823    1.180  2.850  3.6780  1.324    3  0.000  0.395    11.12     8.11     5.71     4.38     3.55  3 -1.31e-09      0.00 7.343e-01 2.655e-01 2.120e-05 1.636e-05 7.142e-05 -1.000 1.636e-04 -2.355 1.700 3.419 1.548 -0.087 -0.705 -0.829 -0.995 -1.308 -1.956 -2.085 -2.267 -2.389 -2.621 -2.678 -2.988 -3.005 -3.215
0.00015547 -2.00000 9.50000 1.1926310062 2.5058734681    1.179  2.887  3.6759  1.278    3  0.000  0.395    12.21     8.81     6.18     4.74     3.85  3 -1.51e-09      0.00 7.343e-01 2.655e-01 2.119e-05 1.636e-05 7.142e-05 -1.000 1.637e-04 -2.448 1.624 3.446 1.604 -0.078 -0.706 -0.864 -1.045 -1.371 -2.037 -2.169 -2.354 -2.478 -2.713 -2.771 -3.084 -3.101 -3.313
0.00015547 -2.00000 9.50000 1.1926970482 2.5058826866    1.178  2.925  3.6740  1.232    3  0.000  0.395    13.42     9.57     6.69     5.14     4.17  3 -1.74e-09      0.00 7.343e-01 2.655e-01 2.119e-05 1.636e-05 7.142e-05 -1.000 1.636e-04 -2.542 1.545 3.469 1.655 -0.074 -0.710 -0.902 -1.098 -1.436 -2.121 -2.255 -2.443 -2.569 -2.807 -2.866 -3.181 -3.199 -3.414
0.00015547 -2.00000 9.50000 1.1927576065 2.5058911385    1.178  2.962  3.6719  1.187    3  0.000  0.395    14.74    10.39     7.23     5.56     4.52  3    -2e-09      0.00 7.343e-01 2.655e-01 2.119e-05 1.636e-05 7.142e-05 -1.000 1.636e-04 -2.635 1.469 3.508 1.724 -0.056 -0.701 -0.928 -1.142 -1.494 -2.200 -2.337 -2.529 -2.657 -2.899 -2.958 -3.277 -3.295 -3.512
0.00015547 -2.00000 9.50000 1.1928144693 2.5058990739    1.177  2.999  3.6699  1.142    3  0.000  0.395    16.17    11.27     7.82     6.02     4.89  3 -2.29e-09      0.00 7.343e-01 2.655e-01 2.119e-05 1.637e-05 7.142e-05 -1.000 1.637e-04 -2.727 1.394 3.547 1.793 -0.037 -0.690 -0.952 -1.185 -1.551 -2.279 -2.419 -2.615 -2.745 -2.990 -3.050 -3.372 -3.391 -3.610
0.00015547 -2.00000 9.50000 1.1928687096 2.5059066424    1.175  3.036  3.6679  1.096    3  0.000  0.395    17.75    12.23     8.45     6.52     5.30  3 -2.64e-09      0.00 7.343e-01 2.655e-01 2.119e-05 1.637e-05 7.142e-05 -1.000 1.636e-04 -2.820 1.317 3.587 1.867 -0.014 -0.675 -0.974 -1.226 -1.607 -2.357 -2.500 -2.700 -2.832 -3.081 -3.141 -3.468 -3.486 -3.708
0.00015547 -2.00000 9.50000 1.1929306984 2.5059152911    1.174  3.081  3.6653  1.040    3  0.000  0.395    19.93    13.53     9.31     7.19     5.84  3 -3.13e-09      0.00 7.343e-01 2.655e-01 2.119e-05 1.637e-05 7.142e-05 -1.000 1.636e-04 -2.932 1.226 3.652 1.979 0.030 -0.639 -0.988 -1.265 -1.668 -2.449 -2.596 -2.802 -2.937 -3.191 -3.252 -3.584 -3.603 -3.828
0.00015547 -2.00000 9.50000 1.1929887533 2.5059233901    1.172  3.126  3.6628  0.984    3  0.000  0.395    22.35    14.97    10.25     7.92     6.44  2 -3.71e-09      0.00 7.343e-01 2.655e-01 2.119e-05 1.637e-05 7.142e-05 -1.000 1.636e-04 -3.045 1.134 3.721 2.099 0.083 -0.595 -0.992 -1.297 -1.723 -2.538 -2.690 -2.902 -3.040 -3.300 -3.363 -3.699 -3.719 -3.948
0.00015547 -2.00000 9.50000 1.1930329800 2.5059295593    1.171  3.162  3.6608  0.940    3  0.000  0.395    24.50    16.22    11.06     8.57     6.97  2 -4.27e-09      0.00 7.343e-01 2.655e-01 2.119e-05 1.637e-05 7.142e-05 -1.000 1.637e-04 -3.135 1.061 3.775 2.198 0.129 -0.555 -0.987 -1.315 -1.762 -2.607 -2.764 -2.981 -3.123 -3.387 -3.451 -3.793 -3.812 -4.045
0.00015547 -2.00000 9.50000 1.1930847168 2.5059367755    1.169  3.205  3.6581  0.885    3  0.000  0.395    27.40    17.89    12.15     9.42     7.67  2 -5.03e-09      0.00 7.343e-01 2.655e-01 2.119e-05 1.637e-05 7.142e-05 -1.000 1.636e-04 -3.243 0.975 3.851 2.343 0.206 -0.485 -0.963 -1.322 -1.798 -2.685 -2.847 -3.072 -3.218 -3.489 -3.555 -3.903 -3.923 -4.160
0.00015547 -2.00000 9.50000 1.1931016445 2.5059391364    1.168  3.218  3.6573  0.869    3  0.000  0.395    28.34    18.42    12.50     9.70     7.89  2 -5.32e-09      0.00 7.343e-01 2.655e-01 2.119e-05 1.637e-05 7.142e-05 -1.000 1.636e-04 -3.276 0.947 3.873 2.368 0.213 -0.481 -0.967 -1.331 -1.814 -2.709 -2.873 -3.099 -3.246 -3.519 -3.585 -3.935 -3.956 -4.194
0.00015547 -2.00000 9.50000 1.1931016445 2.5059391364    1.168  1.915  3.7661  2.607    4  0.000  0.399     0.00     0.00     0.00     0.00     0.00 -1    -1e-30      0.00 7.347e-01 2.652e-01 2.140e-05 1.610e-05 7.139e-05 -1.000 1.637e-04 -0.018 3.011 2.178 1.300 0.726 0.428 0.627 0.635 0.485 0.141 0.058 -0.053 -0.135 -0.290 -0.325 -0.534 -0.542 -0.667
0.00015547 -2.00000 9.50000 1.1933990717 2.5059806058    1.169  1.927  3.7611  2.575    4  0.000  0.399     0.00     0.00     0.00     0.00     0.00 -1    -1e-30      0.00 7.347e-01 2.652e-01 2.140e-05 1.611e-05 7.139e-05 -1.000 1.638e-04 -0.047 3.057 2.246 1.329 0.726 0.415 0.626 0.633 0.478 0.122 0.037 -0.078 -0.162 -0.321 -0.357 -0.572 -0.581 -0.710
0.00015547 -2.00000 9.50000 1.1937099695 2.5060239280    1.169  1.932  3.7594  2.564    4  0.000  0.399     0.00     0.00     0.00     0.00     0.00 -1    -1e-30      0.00 7.347e-01 2.652e-01 2.140e-05 1.611e-05 7.139e-05 -1.000 1.637e-04 -0.059 3.071 2.269 1.339 0.725 0.410 0.624 0.631 0.474 0.113 0.028 -0.088 -0.173 -0.333 -0.370 -0.587 -0.595 -0.726
0.00015547 -2.00000 9.50000 1.1940227747 2.5060674898    1.169  1.936  3.7587  2.557    4  0.000  0.399     0.00     0.00     0.00     0.00     0.00 -1    -1e-30      0.00 7.347e-01 2.652e-01 2.139e-05 1.611e-05 7.139e-05 -1.000 1.637e-04 -0.069 3.071 2.275 1.338 0.720 0.403 0.618 0.624 0.466 0.105 0.018 -0.098 -0.183 -0.344 -0.381 -0.598 -0.607 -0.738
0.00015547 -2.00000 9.50000 1.1943439245 2.5061121863    1.170  1.940  3.7589  2.554    4  0.000  0.399     0.00     0.00     0.00     0.00     0.00 -1    -1e-30      0.00 7.347e-01 2.652e-01 2.139e-05 1.612e-05 7.139e-05 -1.000 1.636e-04 -0.079 3.060 2.263 1.328 0.710 0.394 0.607 0.614 0.456 0.095 0.009 -0.108 -0.193 -0.353 -0.390 -0.607 -0.616 -0.747
0.00015547 -2.00000 9.50000 1.1946632862 2.5061566066    1.170  1.943  3.7597  2.554    4  0.000  0.399     0.00     0.00     0.00     0.00     0.00 -1    -1e-30      0.00 7.346e-01 2.652e-01 2.139e-05 1.612e-05 7.139e-05 -1.000 1.637e-04 -0.087 3.040 2.238 1.309 0.697 0.383 0.594 0.601 0.444 0.085 -0.001 -0.117 -0.202 -0.361 -0.398 -0.614 -0.623 -0.753
0.00015547 -2.00000 9.50000 1.1949776411 2.5062003038    1.170  1.946  3.7609  2.556    4  0.000  0.399     0.00     0.00     0.00     0.00     0.00 -1    -1e-30      0.00 7.346e-01 2.652e-01 2.138e-05 1.613e-05 7.139e-05 -1.000 1.637e-04 -0.095 3.015 2.206 1.288 0.683 0.372 0.579 0.586 0.431 0.074 -0.011 -0.126 -0.210 -0.369 -0.405 -0.620 -0.628 -0.758
0.00015547 -2.00000 9.50000 1.1953014135 2.5062452825    1.171  1.949  3.7624  2.559    4  0.000  0.399     0.00     0.00     0.00     0.00     0.00 -1    -1e-30      0.00 7.346e-01 2.652e-01 2.138e-05 1.613e-05 7.139e-05 -1.000 1.637e-04 -0.102 2.985 2.171 1.264 0.668 0.361 0.563 0.570 0.416 0.064 -0.021 -0.134 -0.218 -0.375 -0.412 -0.625 -0.633 -0.761
0.00015547 -2.00000 9.50000 1.1956144571 2.5062887441    1.171  1.951  3.7641  2.564    4  0.000  0.399     0.00     0.00     0.00     0.00     0.00 -1    -1e-30      0.00 7.346e-01 2.652e-01 2.138e-05 1.613e-05 7.139e-05 -1.000 1.637e-04 -0.109 2.954 2.133 1.239 0.652 0.349 0.546 0.554 0.402 0.054 -0.030 -0.143 -0.226 -0.382 -0.417 -0.628 -0.637 -0.763
0.00015547 -2.00000 9.50000 1.1959362030 2.5063333866    1.171  1.954  3.7659  2.568    4  0.000  0.399     0.00     0.00     0.00     0.00     0.00 -1    -1e-30      0.00 7.346e-01 2.652e-01 2.137e-05 1.614e-05 7.139e-05 -1.000 1.636e-04 -0.115 2.920 2.092 1.213 0.636 0.338 0.529 0.536 0.387 0.043 -0.040 -0.151 -0.234 -0.388 -0.423 -0.632 -0.641 -0.766
0.00015547 -2.00000 9.50000 1.1962299347 2.5063741181    1.172  1.957  3.7677  2.573    4  0.000  0.399     0.00     0.00     0.00     0.00     0.00 -1    -1e-30      0.00 7.346e-01 2.652e-01 2.137e-05 1.614e-05 7.139e-05 -1.000 1.637e-04 -0.122 2.889 2.054 1.188 0.621 0.327 0.513 0.520 0.373 0.033 -0.049 -0.159 -0.241 -0.393 -0.428 -0.636 -0.644 -0.767
0.00015547 -2.00000 9.50000 1.1965500116 2.5064184765    1.172  1.959  3.7696  2.578    4  0.000  0.399     0.00     0.00     0.00     0.00     0.00 -1    -1e-30      0.00 7.346e-01 2.652e-01 2.137e-05 1.614e-05 7.139e-05 -1.000 1.637e-04 -0.128 2.855 2.012 1.161 0.604 0.315 0.495 0.503 0.357 0.022 -0.059 -0.167 -0.248 -0.399 -0.434 -0.639 -0.647 -0.769
0.00015547 -2.00000 9.50000 1.1968625784 2.5064617679    1.172  1.962  3.7714  2.583    4  0.000  0.399     0.00     0.00     0.00     0.00     0.00 -1    -1e-30      0.00 7.346e-01 2.652e-01 2.137e-05 1.615e-05 7.139e-05 -1.000 1.638e-04 -0.134 2.820 1.974 1.136 0.589 0.304 0.478 0.486 0.343 0.012 -0.068 -0.176 -0.255 -0.405 -0.439 -0.642 -0.650 -0.770
0.00015547 -2.00000 9.50000 1.1971639395 2.5065034826    1.173  1.964  3.7732  2.588    4  0.000  0.399     0.00     0.00     0.00     0.00     0.00 -1    -1e-30      0.00 7.346e-01 2.652e-01 2.136e-05 1.615e-05 7.140e-05 -1.000 1.636e-04 -0.140 2.788 1.939 1.113 0.574 0.293 0.462 0.471 0.329 0.003 -0.077 -0.183 -0.262 -0.410 -0.444 -0.645 -0.653 -0.772
0.00015547 -2.00000 9.50000 1.1974769831 2.5065467889    1.173  1.967  3.7750  2.593    4  0.000  0.399     0.00     0.00     0.00     0.00     0.00 -1    -1e-30      0.00 7.346e-01 2.652e-01 2.136e-05 1.616e-05 7.140e-05 -1.000 1.637e-04 -0.147 2.755 1.903 1.090 0.559 0.282 0.446 0.455 0.315 -0.007 -0.086 -0.191 -0.269 -0.416 -0.449 -0.648 -0.656 -0.773
0.00015547 -2.00000 9.50000 1.1975448132 2.5065561690    1.173  1.967  3.7753  2.593    4  0.000  0.399     0.00     0.00     0.00     0.00     0.00 -1    -1e-30      0.00 7.346e-01 2.652e-01 2.136e-05 1.616e-05 7.140e-05 -1.000 1.637e-04 -0.148 2.748 1.895 1.085 0.556 0.279 0.442 0.451 0.312 -0.009 -0.088 -0.193 -0.271 -0.417 -0.451 -0.649 -0.657 -0.774
0.00015547 -2.00000 9.50000 1.1977825165 2.5065890311    1.173  1.969  3.7766  2.597    4  0.000  0.399     0.00     0.00     0.00     0.00     0.00 -1    -1e-30      0.00 7.346e-01 2.652e-01 2.136e-05 1.616e-05 7.140e-05 -1.000 1.637e-04 -0.153 2.724 1.869 1.068 0.545 0.271 0.430 0.440 0.301 -0.017 -0.094 -0.199 -0.276 -0.421 -0.455 -0.651 -0.659 -0.775
0.00015547 -2.00000 9.50000 1.1980887651 2.5066313473    1.174  1.972  3.7781  2.601    4  0.000  0.398     0.00     0.00     0.00     0.00     0.00 -1    -1e-30      0.00 7.346e-01 2.652e-01 2.135e-05 1.616e-05 7.140e-05 -1.000 1.637e-04 -0.159 2.696 1.838 1.047 0.532 0.261 0.416 0.425 0.288 -0.026 -0.103 -0.206 -0.283 -0.427 -0.460 -0.655 -0.662 -0.777
0.00015547 -2.00000 9.50000 1.1983830929 2.5066719929    1.174  1.974  3.7794  2.603    4  0.000  0.398     0.00     0.00     0.00     0.00     0.00 -1    -1e-30      0.00 7.346e-01 2.653e-01 2.135e-05 1.617e-05 7.140e-05 -1.000 1.637e-04 -0.165 2.672 1.811 1.029 0.520 0.252 0.403 0.413 0.277 -0.034 -0.111 -0.213 -0.289 -0.432 -0.465 -0.659 -0.666 -0.780
0.00015547 -2.00000 9.50000 1.1986857653 2.5067137669    1.174  1.976  3.7804  2.605    4  0.000  0.398     0.00     0.00     0.00     0.00     0.00 -1    -1e-30      0.00 7.346e-01 2.653e-01 2.135e-05 1.617e-05 7.140e-05 -1.000 1.636e-04 -0.171 2.652 1.789 1.014 0.509 0.244 0.391 0.401 0.266 -0.042 -0.118 -0.220 -0.296 -0.438 -0.470 -0.663 -0.670 -0.783
0.00015547 -2.00000 9.50000 1.1989884377 2.5067555167    1.175  1.979  3.7811  2.606    4  0.000  0.398     0.00     0.00     0.00     0.00     0.00 -1    -1e-30      0.00 7.346e-01 2.653e-01 2.135e-05 1.617e-05 7.140e-05 -1.000 1.637e-04 -0.177 2.636 1.774 1.003 0.501 0.237 0.381 0.391 0.257 -0.050 -0.126 -0.227 -0.303 -0.444 -0.476 -0.668 -0.675 -0.788
0.00015547 -2.00000 9.50000 1.1992878914 2.5067967987    1.175  1.981  3.7815  2.605    4  0.000  0.398     0.00     0.00     0.00     0.00     0.00 -1    -1e-30      0.00 7.346e-01 2.653e-01 2.134e-05 1.618e-05 7.140e-05 -1.000 1.637e-04 -0.183 2.625 1.763 0.994 0.494 0.231 0.372 0.382 0.249 -0.058 -0.133 -0.234 -0.309 -0.450 -0.482 -0.674 -0.681 -0.793
0.00015547 -2.00000 9.50000 1.1995941401 2.5068389928    1.175  1.984  3.7816  2.602    4  0.000  0.398     0.00     0.00     0.00     0.00     0.00 -1    -1e-30      0.00 7.346e-01 2.653e-01 2.134e-05 1.618e-05 7.140e-05 -1.000 1.637e-04 -0.190 2.618 1.756 0.988 0.487 0.224 0.365 0.375 0.241 -0.065 -0.140 -0.241 -0.316 -0.457 -0.489 -0.680 -0.688 -0.800
0.00015547 -2.00000 9.50000 1.1996752024 2.5068501572    1.175  1.985  3.7815  2.601    4  0.000  0.398     0.00     0.00     0.00     0.00     0.00 -1    -1e-30      0.00 7.346e-01 2.653e-01 2.134e-05 1.618e-05 7.140e-05 -1.000 1.637e-04 -0.192 2.617 1.755 0.987 0.486 0.223 0.364 0.373 0.240 -0.066 -0.142 -0.242 -0.318 -0.459 -0.491 -0.682 -0.689 -0.802
0.00015547 -2.00000 9.50000 1.1998823881 2.5068786843    1.176  1.987  3.7812  2.598    4  0.000  0.398     0.00     0.00     0.00     0.00     0.00 -1    -1e-30      0.00 7.346e-01 2.653e-01 2.134e-05 1.618e-05 7.140e-05 -1.000 1.637e-04 -0.197 2.617 1.755 0.985 0.483 0.218 0.360 0.370 0.236 -0.071 -0.146 -0.247 -0.323 -0.464 -0.496 -0.688 -0.695 -0.808
0.00015547 -2.00000 9.50000 1.2001626492 2.5069172549    1.176  1.990  3.7804  2.592    4  0.000  0.398     0.00     0.00     0.00     0.00     0.00 -1    -1e-30      0.00 7.346e-01 2.653e-01 2.134e-05 1.619e-05 7.140e-05 -1.000 1.636e-04 -0.204 2.621 1.760 0.984 0.479 0.213 0.357 0.367 0.232 -0.076 -0.152 -0.254 -0.330 -0.472 -0.504 -0.697 -0.704 -0.817
0.00015547 -2.00000 9.50000 1.2004503012 2.5069568212    1.176  1.993  3.7791  2.584    4  0.000  0.398     0.00     0.00     0.00     0.00     0.00 -1    -1e-30      0.00 7.346e-01 2.653e-01 2.133e-05 1.619e-05 7.140e-05 -1.000 1.636e-04 -0.212 2.633 1.775 0.990 0.478 0.209 0.356 0.366 0.230 -0.082 -0.158 -0.261 -0.337 -0.480 -0.513 -0.707 -0.714 -0.828
0.00015547 -2.00000 9.50000 1.2007421255 2.5069969391    1.177  1.996  3.7772  2.573    4  0.000  0.398     0.00     0.00     0.00     0.00     0.00 -1    -1e-30      0.00 7.345e-01 2.653e-01 2.133e-05 1.619e-05 7.140e-05 -1.000 1.637e-04 -0.221 2.652 1.799 1.000 0.479 0.206 0.358 0.367 0.229 -0.087 -0.164 -0.268 -0.345 -0.490 -0.523 -0.719 -0.726 -0.842
0.00015547 -2.00000 9.50000 1.2010326385 2.5070368545    1.177  2.000  3.7749  2.560    4  0.000  0.398     0.00     0.00     0.00     0.00     0.00 -1    -1e-30      0.00 7.345e-01 2.653e-01 2.133e-05 1.620e-05 7.140e-05 -1.000 1.636e-04 -0.230 2.678 1.830 1.015 0.482 0.204 0.361 0.370 0.230 -0.092 -0.170 -0.276 -0.354 -0.500 -0.534 -0.733 -0.740 -0.858
0.00015547 -2.00000 9.50000 1.2013177872 2.5070760112    1.177  2.004  3.7722  2.546    4  0.000  0.398     0.00     0.00     0.00     0.00     0.00 -1    -1e-30      0.00 7.345e-01 2.653e-01 2.132e-05 1.620e-05 7.140e-05 -1.000 1.637e-04 -0.241 2.708 1.865 1.032 0.486 0.203 0.366 0.373 0.231 -0.097 -0.177 -0.284 -0.363 -0.512 -0.546 -0.747 -0.755 -0.875
0.00015547 -2.00000 9.50000 1.2015945911 2.5071140016    1.177  2.008  3.7696  2.531    4  0.000  0.398     0.00     0.00     0.00     0.00     0.00 -1    -1e-30      0.00 7.345e-01 2.653e-01 2.132e-05 1.620e-05 7.140e-05 -1.000 1.637e-04 -0.251 2.738 1.901 1.048 0.490 0.201 0.370 0.377 0.232 -0.102 -0.183 -0.292 -0.372 -0.523 -0.558 -0.763 -0.771 -0.893
0.00015547 -2.00000 9.50000 1.2018749714 2.5071524623    1.178  2.012  3.7671  2.517    4  0.000  0.398     0.00     0.00     0.00     0.00     0.00 -1    -1e-30      0.00 7.345e-01 2.653e-01 2.132e-05 1.621e-05 7.140e-05 -1.000 1.637e-04 -0.261 2.765 1.938 1.066 0.494 0.199 0.375 0.381 0.233 -0.107 -0.189 -0.299 -0.381 -0.534 -0.569 -0.777 -0.785 -0.909
0.00015547 -2.00000 9.50000 1.2021609545 2.5071916703    1.178  2.017  3.7642  2.501    4  0.000  0.398     0.00     0.00     0.00     0.00     0.00 -1    -1e-30      0.00 7.345e-01 2.653e-01 2.132e-05 1.621e-05 7.140e-05 -1.000 1.636e-04 -0.273 2.795 1.980 1.086 0.498 0.195 0.379 0.385 0.234 -0.113 -0.196 -0.309 -0.392 -0.547 -0.583 -0.794 -0.802 -0.929
0.00015547 -2.00000 9.50000 1.2022951841 2.5072100657    1.178  2.022  3.7648  2.499    4  0.000  0.398     0.00     0.00     0.00     0.00     0.00 -1    -1e-30      0.00 7.345e-01 2.653e-01 2.132e-05 1.621e-05 7.140e-05 -1.000 1.636e-04 -0.284 2.776 1.960 1.070 0.485 0.183 0.364 0.370 0.220 -0.126 -0.209 -0.321 -0.403 -0.558 -0.594 -0.804 -0.812 -0.938
0.00015547 -2.00000 9.50000 1.2025747299 2.5072483606    1.179  2.023  3.7609  2.482    4  0.000  0.398     0.00     0.00     0.00     0.00     0.00 -1    -1e-30      0.00 7.345e-01 2.653e-01 2.131e-05 1.621e-05 7.140e-05 -1.000 1.637e-04 -0.287 2.832 2.033 1.112 0.504 0.192 0.384 0.390 0.235 -0.120 -0.205 -0.320 -0.404 -0.562 -0.599 -0.813 -0.822 -0.951
0.00015547 -2.00000 9.50000 1.2028545141 2.5072866677    1.179  2.033  3.7546  2.447    4  0.000  0.398     0.00     0.00     0.00     0.00     0.00 -1    -1e-30      0.00 7.345e-01 2.653e-01 2.131e-05 1.622e-05 7.140e-05 -1.000 1.636e-04 -0.313 2.899 2.149 1.172 0.523 0.194 0.398 0.400 0.239 -0.132 -0.220 -0.339 -0.426 -0.590 -0.627 -0.849 -0.858 -0.993
0.00015547 -2.00000 9.50000 1.2031357288 2.5073251500    1.179  2.051  3.7453  2.391    4  0.000  0.398     0.00     0.00     0.00     0.00     0.00 -1    -1e-30      0.00 7.345e-01 2.653e-01 2.131e-05 1.622e-05 7.140e-05 -1.000 1.637e-04 -0.358 2.985 2.326 1.263 0.550 0.195 0.412 0.409 0.237 -0.158 -0.250 -0.375 -0.465 -0.637 -0.677 -0.908 -0.918 -1.061
0.00015547 -2.00000 9.50000 1.2033075094 2.5073486468    1.179  2.076  3.7358  2.329    4  0.000  0.398     0.00     0.00     0.00     0.00     0.00 -1    -1e-30      0.00 7.345e-01 2.653e-01 2.131e-05 1.622e-05 7.140e-05 -1.000 1.637e-04 -0.420 3.055 2.538 1.373 0.583 0.198 0.416 0.406 0.222 -0.198 -0.295 -0.427 -0.521 -0.700 -0.742 -0.984 -0.995 -1.146
0.00015547 -2.00000 9.50000 1.2033766508 2.5073581020    1.179  2.106  3.7282  2.268    4  0.000  0.398     0.00     0.00     0.00     0.00     0.00 -1    -1e-30      0.00 7.345e-01 2.653e-01 2.131e-05 1.622e-05 7.140e-05 -1.000 1.637e-04 -0.495 3.081 2.723 1.464 0.601 0.191 0.398 0.379 0.185 -0.257 -0.356 -0.494 -0.591 -0.776 -0.820 -1.070 -1.082 -1.241
0.00015547 -2.00000 9.50000 1.2033959627 2.5073607427    1.179  2.135  3.7237  2.221    4  0.000  0.398     0.00     0.00     0.00     0.00     0.00 -1    -1e-30      0.00 7.345e-01 2.653e-01 2.131e-05 1.622e-05 7.140e-05 -1.000 1.637e-04 -0.567 3.063 2.819 1.501 0.590 0.165 0.363 0.337 0.136 -0.318 -0.420 -0.561 -0.660 -0.849 -0.894 -1.149 -1.161 -1.324
0.00015547 -2.00000 9.50000 1.2033971548 2.5073609058    1.179  2.138  3.7232  2.216    4  0.000  0.398     0.00     0.00     0.00     0.00     0.00 -1    -1e-30      0.00 7.345e-01 2.653e-01 2.131e-05 1.622e-05 7.140e-05 -1.000 1.636e-04 -0.576 3.059 2.827 1.502 0.587 0.160 0.357 0.330 0.129 -0.326 -0.428 -0.569 -0.669 -0.858 -0.903 -1.158 -1.170 -1.334
0.00015547 -2.00000 9.50000 1.2033972740 2.5073609221    1.179  2.139  3.7232  2.216    7  0.000  0.398     0.00     0.00     0.00     0.00     0.00 -1    -1e-30      0.00 7.345e-01 2.653e-01 2.131e-05 1.622e-05 7.140e-05 -1.000 1.636e-04 -0.577 3.059 2.827 1.502 0.587 0.160 0.357 0.330 0.129 -0.327 -0.429 -0.570 -0.669 -0.859 -0.904 -1.159 -1.171 -1.335
0.00015547 -2.00000 9.50000 1.2034000158 2.5073612970    1.179  2.152  3.7219  2.197    7  0.000  0.398     0.00     0.00     0.00     0.00     0.00 -1    -1e-30      0.00 7.345e-01 2.653e-01 2.131e-05 1.622e-05 7.140e-05 -1.000 1.636e-04 -0.611 3.041 2.843 1.501 0.572 0.140 0.333 0.305 0.102 -0.358 -0.460 -0.602 -0.702 -0.892 -0.938 -1.195 -1.207 -1.371
0.00015547 -2.00000 9.50000 1.2034057379 2.5073620794    1.179  2.189  3.7190  2.149    7  0.000  0.398     0.00     0.00     0.00     0.00     0.00 -1    -1e-30      0.00 7.345e-01 2.653e-01 2.131e-05 1.622e-05 7.140e-05 -1.000 1.636e-04 -0.702 2.984 2.870 1.487 0.525 0.082 0.266 0.233 0.025 -0.443 -0.547 -0.691 -0.791 -0.984 -1.030 -1.290 -1.303 -1.470
0.00015547 -2.00000 9.50000 1.2034111023 2.5073628129    1.179  2.220  3.7169  2.109    7  0.000  0.398     0.00     0.00     0.00     0.00     0.00 -1    -1e-30      0.00 7.345e-01 2.653e-01 2.131e-05 1.622e-05 7.140e-05 -1.000 1.637e-04 -0.780 2.930 2.887 1.471 0.483 0.033 0.208 0.171 -0.040 -0.515 -0.619 -0.765 -0.867 -1.061 -1.108 -1.370 -1.383 -1.552
0.00015547 -2.00000 9.50000 1.2034199238 2.5073640191    1.179  2.237  3.7159  2.088    7  0.000  0.398     0.00     0.00     0.00     0.00     0.00 -1    -1e-30      0.00 7.345e-01 2.653e-01 2.131e-05 1.622e-05 7.140e-05 -1.000 1.637e-04 -0.822 2.898 2.887 1.456 0.457 0.003 0.174 0.135 -0.077 -0.555 -0.660 -0.806 -0.908 -1.104 -1.151 -1.414 -1.427 -1.597
0.00015547 -2.00000 9.50000 1.2035628557 2.5073835598    1.180  2.241  3.7155  2.082    7  0.000  0.397     0.00     0.00     0.00     0.00     0.00 -1    -1e-30      0.00 7.345e-01 2.653e-01 2.130e-05 1.623e-05 7.140e-05 -1.000 1.636e-04 -0.833 2.891 2.894 1.457 0.453 -0.003 0.167 0.127 -0.086 -0.565 -0.670 -0.817 -0.919 -1.115 -1.162 -1.425 -1.438 -1.609
0.00015547 -2.00000 9.50000 1.2036554813 2.5073962201    1.180  2.275  3.7132  2.040    7  0.000  0.397     0.00     0.00     0.00     0.00     0.00 -1    -1e-30      0.00 7.345e-01 2.653e-01 2.130e-05 1.623e-05 7.140e-05 -1.000 1.637e-04 -0.917 2.833 2.913 1.440 0.408 -0.056 0.105 0.061 -0.156 -0.642 -0.749 -0.897 -1.000 -1.198 -1.246 -1.512 -1.525 -1.698
0.00015547 -2.00000 9.50000 1.2037460804 2.5074086012    1.180  2.320  3.7103  1.983    7  0.000  0.397     0.00     0.00     0.00     0.00     0.00 -1    -1e-30      0.00 7.345e-01 2.653e-01 2.130e-05 1.623e-05 7.140e-05 -1.000 1.637e-04 -1.031 2.750 2.932 1.413 0.344 -0.131 0.018 -0.032 -0.253 -0.749 -0.857 -1.007 -1.112 -1.312 -1.360 -1.630 -1.643 -1.819
0.00015547 -2.00000 9.50000 1.2038244009 2.5074193027    1.180  2.372  3.7073  1.919    7  0.000  0.397     0.00     0.00     0.00     0.00     0.00 -1    -1e-30      0.00 7.345e-01 2.653e-01 2.130e-05 1.623e-05 7.140e-05 -1.000 1.637e-04 -1.160 2.653 2.971 1.397 0.280 -0.208 -0.078 -0.135 -0.362 -0.869 -0.978 -1.131 -1.237 -1.440 -1.489 -1.762 -1.776 -1.955
0.00015547 -2.00000 9.50000 1.2038946152 2.5074288951    1.180  2.426  3.7042  1.853    7  0.000  0.397     0.00     0.00     0.00     0.00     0.00 -1    -1e-30      0.00 7.345e-01 2.653e-01 2.130e-05 1.623e-05 7.140e-05 -1.000 1.637e-04 -1.294 2.549 3.007 1.376 0.212 -0.289 -0.179 -0.244 -0.477 -0.994 -1.105 -1.261 -1.368 -1.574 -1.623 -1.900 -1.914 -2.096
0.00015547 -2.00000 9.50000 1.2039581537 2.5074375745    1.180  2.474  3.7016  1.794    7  0.000  0.397     0.00     0.00     0.00     0.00     0.00 -1    -1e-30      0.00 7.345e-01 2.653e-01 2.130e-05 1.623e-05 7.140e-05 -1.000 1.637e-04 -1.415 2.454 3.036 1.356 0.149 -0.364 -0.271 -0.342 -0.580 -1.107 -1.220 -1.378 -1.486 -1.694 -1.744 -2.024 -2.039 -2.223
0.00015547 -2.00000 9.50000 1.2040157318 2.5074454387    1.180  2.518  3.6992  1.740    7  0.000  0.397     4.71     3.82     2.78     2.11     1.71  4    -1e-30      0.00 7.345e-01 2.653e-01 2.128e-05 1.624e-05 7.140e-05 -1.000 1.636e-04 -1.526 2.366 3.063 1.339 0.092 -0.431 -0.354 -0.431 -0.675 -1.210 -1.324 -1.484 -1.593 -1.804 -1.855 -2.137 -2.152 -2.339
0.00015547 -2.00000 9.50000 1.2040673494 2.5074524881    1.180  2.561  3.6969  1.688    7  0.000  0.396     5.24     4.20     3.04     2.31     1.87  4    -1e-30      0.00 7.345e-01 2.653e-01 2.121e-05 1.629e-05 7.140e-05 -1.000 1.636e-04 -1.633 2.278 3.092 1.325 0.039 -0.494 -0.433 -0.516 -0.765 -1.309 -1.424 -1.586 -1.697 -1.909 -1.961 -2.246 -2.261 -2.451
0.00015547 -2.00000 9.50000 1.2041134834 2.5074587881    1.180  2.603  3.6947  1.637    7  0.000  0.392     5.82     4.60     3.32     2.53     2.05  4    -1e-30      0.00 7.345e-01 2.653e-01 2.100e-05 1.649e-05 7.140e-05 -1.000 1.637e-04 -1.738 2.191 3.121 1.312 -0.013 -0.556 -0.510 -0.600 -0.854 -1.407 -1.523 -1.687 -1.798 -2.013 -2.065 -2.353 -2.369 -2.560
0.00015547 -2.00000 9.50000 1.2041537762 2.5074642899    1.180  2.644  3.6925  1.588    7  0.000  0.385     6.44     5.03     3.62     2.75     2.23  4    -1e-30      0.00 7.345e-01 2.654e-01 2.066e-05 1.687e-05 7.140e-05 -1.000 1.636e-04 -1.839 2.108 3.149 1.299 -0.064 -0.615 -0.585 -0.680 -0.939 -1.501 -1.618 -1.784 -1.896 -2.113 -2.166 -2.457 -2.472 -2.666
0.00015547 -2.00000 9.50000 1.2041903734 2.5074692867    1.180  2.684  3.6903  1.539    7  0.000  0.379     7.12     5.49     3.94     3.00     2.43  4    -1e-30      0.00 7.344e-01 2.654e-01 2.032e-05 1.730e-05 7.140e-05 -1.000 1.637e-04 -1.940 2.024 3.176 1.287 -0.114 -0.674 -0.658 -0.760 -1.023 -1.594 -1.712 -1.880 -1.993 -2.212 -2.265 -2.559 -2.575 -2.771
0.00015547 -2.00000 9.50000 1.2042238712 2.5074738600    1.180  2.724  3.6882  1.491    7  0.000  0.373     7.88     6.00     4.28     3.27     2.65  4    -1e-30      0.00 7.344e-01 2.654e-01 2.002e-05 1.767e-05 7.140e-05 -1.000 1.637e-04 -2.040 1.940 3.212 1.283 -0.158 -0.728 -0.729 -0.837 -1.105 -1.685 -1.805 -1.974 -2.089 -2.309 -2.364 -2.660 -2.676 -2.875
0.00015547 -2.00000 9.50000 1.2042554617 2.5074781727    1.180  2.764  3.6860  1.442    7  0.000  0.368     8.71     6.56     4.66     3.56     2.89  4    -1e-30      0.00 7.344e-01 2.655e-01 1.976e-05 1.799e-05 7.140e-05 -1.000 1.636e-04 -2.141 1.855 3.255 1.286 -0.199 -0.779 -0.797 -0.912 -1.187 -1.776 -1.898 -2.069 -2.185 -2.408 -2.463 -2.762 -2.778 -2.980
0.00015547 -2.00000 9.50000 1.2042849064 2.5074821922    1.180  2.805  3.6838  1.392    7  0.000  0.364     9.65     7.17     5.08     3.88     3.15  4    -1e-30      0.00 7.343e-01 2.655e-01 1.953e-05 1.827e-05 7.139e-05 -1.000 1.636e-04 -2.242 1.771 3.268 1.318 -0.211 -0.803 -0.852 -0.980 -1.265 -1.869 -1.992 -2.167 -2.284 -2.509 -2.565 -2.867 -2.883 -3.087
0.00015547 -2.00000 9.50000 1.2043122053 2.5074859186    1.180  2.845  3.6815  1.343    7  0.000  0.360    10.68     7.84     5.53     4.23     3.44  3    -1e-30      0.00 7.343e-01 2.656e-01 1.933e-05 1.851e-05 7.137e-05 -1.000 1.637e-04 -2.343 1.688 3.284 1.360 -0.215 -0.818 -0.901 -1.044 -1.339 -1.960 -2.086 -2.263 -2.382 -2.610 -2.666 -2.971 -2.988 -3.194
0.00015547 -2.00000 9.50000 1.2043367624 2.5074892705    1.180  2.883  3.6794  1.297    7  0.000  0.357    11.76     8.52     5.99     4.59     3.73  3    -1e-30      0.00 7.342e-01 2.657e-01 1.916e-05 1.873e-05 7.132e-05 -1.000 1.636e-04 -2.437 1.610 3.304 1.407 -0.213 -0.827 -0.942 -1.100 -1.407 -2.045 -2.173 -2.353 -2.474 -2.705 -2.762 -3.070 -3.087 -3.295
0.00015547 -2.00000 9.50000 1.2043608427 2.5074925572    1.180  2.921  3.6773  1.250    7  0.000  0.354    12.93     9.26     6.48     4.98     4.04  3    -1e-30      0.00 7.341e-01 2.657e-01 1.901e-05 1.895e-05 7.125e-05 -1.000 1.637e-04 -2.532 1.532 3.331 1.464 -0.204 -0.828 -0.978 -1.152 -1.471 -2.128 -2.259 -2.442 -2.565 -2.798 -2.856 -3.167 -3.184 -3.395
0.00015547 -2.00000 9.50000 1.2043846846 2.5074958112    1.180  2.958  3.6751  1.204    7  0.000  0.353    14.23    10.07     7.02     5.40     4.39  3    -1e-30      0.00 7.340e-01 2.659e-01 1.889e-05 1.918e-05 7.113e-05 -1.000 1.637e-04 -2.626 1.455 3.364 1.529 -0.190 -0.823 -1.009 -1.200 -1.533 -2.210 -2.343 -2.530 -2.655 -2.892 -2.950 -3.264 -3.282 -3.496
0.00015547 -2.00000 9.50000 1.2044084072 2.5074990488    1.180  2.996  3.6729  1.158    7  0.000  0.351    15.66    10.95     7.61     5.85     4.76  3    -1e-30      0.00 7.339e-01 2.659e-01 1.877e-05 1.945e-05 7.097e-05 -1.000 1.636e-04 -2.720 1.379 3.405 1.602 -0.169 -0.812 -1.035 -1.244 -1.591 -2.290 -2.427 -2.617 -2.744 -2.985 -3.044 -3.362 -3.380 -3.596
0.00015547 -2.00000 9.50000 1.2044317722 2.5075022375    1.180  3.034  3.6707  1.111    7  0.000  0.350    17.26    11.93     8.25     6.36     5.17  3    -1e-30      0.00 7.338e-01 2.661e-01 1.868e-05 1.973e-05 7.077e-05 -1.000 1.702e-04 -2.816 1.302 3.453 1.685 -0.142 -0.793 -1.056 -1.285 -1.648 -2.371 -2.511 -2.706 -2.835 -3.080 -3.139 -3.461 -3.480 -3.698
0.00015547 -2.00000 9.50000 1.2044540644 2.5075052796    1.181  3.074  3.6683  1.061    7  0.000  0.350    19.12    13.05     8.99     6.94     5.64  3    -1e-30      0.00 7.337e-01 2.661e-01 1.859e-05 2.003e-05 7.055e-05 -1.000 1.825e-04 -2.916 1.221 3.510 1.782 -0.104 -0.765 -1.070 -1.322 -1.704 -2.454 -2.597 -2.797 -2.929 -3.178 -3.238 -3.565 -3.583 -3.805
0.00015547 -2.00000 9.50000 1.2044732571 2.5075078986    1.181  3.116  3.6657  1.009    7  0.000  0.350    21.27    14.33     9.83     7.60     6.18  2    -1e-30      0.00 7.336e-01 2.662e-01 1.852e-05 2.032e-05 7.032e-05 -1.000 1.797e-04 -3.020 1.138 3.576 1.894 -0.056 -0.726 -1.078 -1.355 -1.757 -2.537 -2.685 -2.890 -3.025 -3.279 -3.340 -3.671 -3.690 -3.916
0.00015547 -2.00000 9.50000 1.2044882774 2.5075099482    1.181  3.155  3.6633  0.961    7  0.000  0.350    23.52    15.65    10.69     8.27     6.73  2    -1e-30      0.00 7.335e-01 2.663e-01 1.846e-05 2.057e-05 7.012e-05 -1.000 1.637e-04 -3.117 1.060 3.644 2.013 0.001 -0.676 -1.072 -1.375 -1.800 -2.612 -2.764 -2.976 -3.114 -3.373 -3.436 -3.772 -3.792 -4.020
0.00015547 -2.00000 9.50000 1.2045058012 2.5075123393    1.181  3.204  3.6602  0.899    7  0.000  0.350    26.72    17.50    11.90     9.22     7.50  2    -1e-30      0.00 7.334e-01 2.665e-01 1.841e-05 2.081e-05 6.992e-05 -1.000 1.636e-04 -3.241 0.962 3.738 2.178 0.086 -0.600 -1.049 -1.387 -1.844 -2.703 -2.862 -3.082 -3.225 -3.492 -3.556 -3.900 -3.920 -4.154
0.00015547 -2.00000 9.50000 1.2045177221 2.5075139659    1.181  3.245  3.6575  0.847    7  0.000  0.350    29.74    19.22    13.02    10.10     8.22  2    -1e-30      0.00 7.333e-01 2.665e-01 1.836e-05 2.099e-05 6.977e-05 -1.000 1.637e-04 -3.344 0.880 3.818 2.316 0.158 -0.536 -1.026 -1.393 -1.877 -2.776 -2.940 -3.167 -3.314 -3.588 -3.654 -4.004 -4.025 -4.263
0.00015547 -2.00000 9.50000 1.2045236826 2.5075147792    1.181  3.283  3.6551  0.800    7  0.000  0.350    32.75    20.92    14.11    10.96     8.92  2    -1e-30      0.00 7.333e-01 2.666e-01 1.835e-05 2.106e-05 6.972e-05 -1.000 1.636e-04 -3.437 0.802 3.888 2.387 0.174 -0.527 -1.037 -1.420 -1.921 -2.844 -3.011 -3.245 -3.394 -3.673 -3.740 -4.096 -4.117 -4.359
0.00015547 -2.00000 9.50000 1.2045242786 2.5075148605    1.181  3.294  3.6544  0.785    7  0.000  0.350    33.77    21.48    14.48    11.25     9.16  2    -1e-30      0.00 7.332e-01 2.667e-01 1.833e-05 2.115e-05 6.964e-05 -1.000 1.637e-04 -3.466 0.778 3.910 2.409 0.178 -0.525 -1.041 -1.428 -1.935 -2.866 -3.034 -3.269 -3.419 -3.700 -3.768 -4.125 -4.146 -4.389
0.00015547 -2.00000 9.50000 1.2045254707 2.5075150232    1.181  3.308  3.6535  0.767    7  0.000  0.350    35.03    22.18    14.92    11.61     9.45  2    -1e-30      0.00 7.331e-01 2.667e-01 1.832e-05 2.119e-05 6.961e-05 -1.000 1.637e-04 -3.501 0.748 3.938 2.437 0.185 -0.521 -1.045 -1.438 -1.951 -2.891 -3.061 -3.298 -3.449 -3.732 -3.800 -4.160 -4.181 -4.426
0.00015547 -2.00000 9.50000 1.2045282125 2.5075153973    1.181  3.343  3.6512  0.724    7  0.553  0.350    38.29    23.98    16.08    12.52    10.19  2    -1e-30      0.00 7.330e-01 2.668e-01 1.829e-05 2.132e-05 6.950e-05 -1.000 1.636e-04 -3.587 0.678 4.005 2.505 0.202 -0.510 -1.053 -1.461 -1.990 -2.953 -3.126 -3.368 -3.522 -3.809 -3.879 -4.244 -4.265 -4.514
0.00015547 -2.00000 9.50000 1.2045302391 2.5075156738    1.181  3.370  3.6493  0.690    7  0.551  0.350    41.10    25.52    17.06    13.30    10.83  2    -1e-30      0.00 7.329e-01 2.669e-01 1.825e-05 2.150e-05 6.935e-05 -1.000 1.636e-04 -3.654 0.622 4.058 2.563 0.219 -0.499 -1.056 -1.476 -2.018 -3.000 -3.176 -3.423 -3.578 -3.869 -3.940 -4.309 -4.331 -4.583
0.00015547 -2.00000 9.50000 1.2045305967 2.5075157226    1.181  3.374  3.6490  0.684    7  0.551  0.350    41.60    25.79    17.23    13.43    10.94  2    -1e-30      0.00 7.329e-01 2.669e-01 1.824e-05 2.154e-05 6.932e-05 -1.000 1.636e-04 -3.665 0.613 4.066 2.573 0.221 -0.497 -1.057 -1.479 -2.023 -3.008 -3.185 -3.432 -3.587 -3.879 -3.950 -4.320 -4.342 -4.594
0.00015547 -2.00000 9.50000 1.2045307159 2.5075157388    1.180  3.374  3.6470  0.676    8  0.551  0.368    42.31    26.17    17.48    13.62    11.10  2 -3.88e-07      0.00 7.329e-01 2.669e-01 1.932e-05 2.154e-05 6.968e-05 -1.000 1.470e-04 -3.665 0.624 4.161 2.673 0.286 -0.437 -1.007 -1.438 -1.991 -2.990 -3.168 -3.419 -3.575 -3.871 -3.943 -4.316 -4.338 -4.594
0.00015547 -2.00000 9.50000 1.2045309544 2.5075157714    1.179  3.251  3.6554  0.833    8  0.551  0.370    30.61    19.71    13.33    10.35     8.42  2 -2.39e-07      0.00 7.329e-01 2.669e-01 1.932e-05 2.154e-05 6.968e-05 -1.000 1.470e-04 -3.357 0.879 3.923 2.417 0.218 -0.481 -0.983 -1.360 -1.855 -2.770 -2.936 -3.168 -3.316 -3.594 -3.661 -4.015 -4.036 -4.277
0.00015547 -2.00000 9.50000 1.2045311928 2.5075158039    1.179  3.146  3.6625  0.966    8  0.551  0.370    23.26    15.50    10.59     8.20     6.67  2 -1.63e-07      0.00 7.329e-01 2.669e-01 1.932e-05 2.154e-05 6.968e-05 -1.000 1.470e-04 -3.094 1.088 3.704 2.089 0.062 -0.617 -1.022 -1.331 -1.762 -2.583 -2.736 -2.949 -3.088 -3.349 -3.412 -3.749 -3.769 -3.999
0.00015547 -2.00000 9.50000 1.2045316696 2.5075158690    1.176  2.892  3.6796  1.287    8  0.551  0.370    11.98     8.67     6.08     4.67     3.79  3 -6.99e-08      0.00 7.329e-01 2.669e-01 1.932e-05 2.154e-05 6.968e-05 -1.000 1.470e-04 -2.460 1.587 3.282 1.382 -0.239 -0.853 -0.968 -1.125 -1.431 -2.069 -2.196 -2.376 -2.497 -2.728 -2.784 -3.092 -3.109 -3.318
0.00015547 -2.00000 9.50000 1.2045325041 2.5075159828    1.173  2.896  3.6791  1.280    8  0.551  0.370    12.14     8.77     6.15     4.72     3.83  3 -7.09e-08      0.00 7.329e-01 2.669e-01 1.932e-05 2.154e-05 6.968e-05 -1.000 1.470e-04 -2.470 1.580 3.294 1.400 -0.230 -0.845 -0.967 -1.127 -1.436 -2.077 -2.205 -2.386 -2.507 -2.738 -2.795 -3.103 -3.120 -3.329
0.00015547 -2.00000 9.50000 1.2045334578 2.5075161129    1.169  2.948  3.6754  1.212    8  0.551  0.370    13.96     9.91     6.92     5.32     4.32  3 -8.37e-08      0.00 7.329e-01 2.669e-01 1.932e-05 2.154e-05 6.968e-05 -1.000 1.470e-04 -2.600 1.479 3.370 1.530 -0.180 -0.813 -0.993 -1.182 -1.512 -2.186 -2.319 -2.505 -2.630 -2.866 -2.924 -3.238 -3.256 -3.469
0.00015547 -2.00000 9.50000 1.2045347691 2.5075162919    1.165  3.097  3.6651  1.020    8  0.552  0.370    20.73    14.01     9.62     7.43     6.04  3 -1.38e-07      0.00 7.329e-01 2.669e-01 1.932e-05 2.154e-05 6.968e-05 -1.000 1.470e-04 -2.972 1.189 3.645 1.976 0.016 -0.655 -1.012 -1.294 -1.700 -2.485 -2.634 -2.840 -2.975 -3.230 -3.292 -3.624 -3.643 -3.869
0.00015547 -2.00000 9.50000 1.2045361996 2.5075164870    1.159  3.242  3.6549  0.832    8  0.552  0.370    30.51    19.66    13.29    10.32     8.40  2 -2.35e-07      0.00 7.329e-01 2.669e-01 1.932e-05 2.154e-05 6.968e-05 -1.000 1.470e-04 -3.335 0.903 3.968 2.461 0.254 -0.447 -0.951 -1.330 -1.827 -2.745 -2.912 -3.144 -3.292 -3.571 -3.638 -3.993 -4.014 -4.256
0.00015547 -2.00000 9.50000 1.2045379877 2.5075167310    1.152  3.342  3.6478  0.700    8  0.552  0.370    39.95    24.88    16.65    12.98    10.57  2  -3.5e-07      0.00 7.329e-01 2.669e-01 1.932e-05 2.154e-05 6.968e-05 -1.000 1.469e-04 -3.586 0.698 4.182 2.687 0.321 -0.400 -0.961 -1.386 -1.932 -2.921 -3.098 -3.346 -3.501 -3.795 -3.866 -4.237 -4.259 -4.513
0.00015547 -2.00000 9.50000 1.2045400143 2.5075170075    1.145  3.398  3.6437  0.626    8  0.552  0.370    46.56    28.44    18.91    14.78    12.03  2 -4.41e-07      0.00 7.329e-01 2.669e-01 1.932e-05 2.154e-05 6.968e-05 -1.000 1.470e-04 -3.724 0.586 4.289 2.822 0.366 -0.366 -0.957 -1.408 -1.982 -3.013 -3.196 -3.454 -3.613 -3.916 -3.989 -4.371 -4.393 -4.654
0.00015547 -2.00000 9.50000 1.2045421600 2.5075173003    1.136  3.425  3.6414  0.586    8  0.553  0.370    50.45    30.50    20.21    15.81    12.88  1 -4.99e-07      0.00 7.329e-01 2.669e-01 1.932e-05 2.154e-05 6.968e-05 -1.000 1.470e-04 -3.793 0.532 4.352 2.903 0.398 -0.340 -0.945 -1.410 -2.000 -3.055 -3.241 -3.505 -3.666 -3.974 -4.049 -4.436 -4.459 -4.724
0.00015547 -2.00000 9.50000 1.2045446634 2.5075176418    1.127  3.441  3.6398  0.560    8  0.553  0.370    53.10    31.89    21.09    16.51    13.45  1 -5.38e-07      0.00 7.329e-01 2.669e-01 1.932e-05 2.154e-05 6.968e-05 -1.000 1.469e-04 -3.833 0.502 4.397 2.964 0.426 -0.317 -0.930 -1.404 -2.005 -3.077 -3.265 -3.532 -3.696 -4.007 -4.083 -4.473 -4.497 -4.765
0.00015547 -2.00000 9.50000 1.2045447826 2.5075176581    1.126  3.377  3.6442  0.641    8  0.553  0.370    44.86    27.52    18.32    14.31    11.66  2 -4.11e-07      0.00 7.329e-01 2.669e-01 1.932e-05 2.154e-05 6.968e-05 -1.000 1.469e-04 -3.671 0.635 4.307 2.834 0.391 -0.340 -0.926 -1.373 -1.943 -2.967 -3.149 -3.405 -3.564 -3.865 -3.938 -4.318 -4.341 -4.601
0.00015547 -2.00000 9.50000 1.2045452595 2.5075177232    1.123  3.219  3.6547  0.840    8  0.553  0.370    29.71    19.20    12.99    10.10     8.22  2 -2.21e-07      0.00 7.329e-01 2.669e-01 1.932e-05 2.154e-05 6.968e-05 -1.000 1.470e-04 -3.278 0.960 4.027 2.518 0.310 -0.391 -0.894 -1.273 -1.770 -2.687 -2.854 -3.086 -3.234 -3.513 -3.580 -3.935 -3.956 -4.198
0.00015547 -2.00000 9.50000 1.2045460939 2.5075178370    1.119  2.966  3.6717  1.160    8  0.553  0.370    15.31    10.77     7.47     5.76     4.68  3  -9.1e-08      0.00 7.329e-01 2.669e-01 1.932e-05 2.154e-05 6.968e-05 -1.000 1.470e-04 -2.645 1.462 3.529 1.746 -0.045 -0.691 -0.928 -1.145 -1.499 -2.209 -2.347 -2.539 -2.667 -2.909 -2.969 -3.288 -3.307 -3.524
0.00015547 -2.00000 9.50000 1.2045472860 2.5075179997    1.113  2.970  3.6712  1.151    8  0.554  0.370    15.57    10.93     7.58     5.85     4.75  3 -9.27e-08      0.00 7.329e-01 2.669e-01 1.932e-05 2.154e-05 6.968e-05 -1.000 1.470e-04 -2.656 1.455 3.550 1.775 -0.028 -0.677 -0.921 -1.144 -1.502 -2.217 -2.355 -2.548 -2.677 -2.920 -2.980 -3.300 -3.318 -3.536
0.00015547 -2.00000 9.50000 1.2045487165 2.5075181948    1.105  3.023  3.6674  1.080    8  0.554  0.370    17.99    12.39     8.55     6.60     5.37  3 -1.11e-07      0.00 7.329e-01 2.669e-01 1.932e-05 2.154e-05 6.968e-05 -1.000 1.470e-04 -2.787 1.355 3.663 1.953 0.055 -0.607 -0.919 -1.176 -1.563 -2.319 -2.464 -2.664 -2.797 -3.047 -3.108 -3.435 -3.454 -3.677
0.00015547 -2.00000 9.50000 1.2045506239 2.5075184551    1.096  3.169  3.6570  0.888    8  0.554  0.370    26.72    17.50    11.88     9.23     7.51  2 -1.88e-07      0.00 7.329e-01 2.669e-01 1.932e-05 2.154e-05 6.968e-05 -1.000 1.469e-04 -3.154 1.070 3.994 2.485 0.329 -0.365 -0.848 -1.211 -1.693 -2.587 -2.750 -2.976 -3.123 -3.396 -3.462 -3.812 -3.832 -4.071
0.00015547 -2.00000 9.50000 1.2045527697 2.5075187478    1.084  3.312  3.6467  0.700    8  0.555  0.370    39.36    24.53    16.40    12.81    10.42  2  -3.3e-07      0.00 7.329e-01 2.669e-01 1.932e-05 2.154e-05 6.968e-05 -1.000 1.469e-04 -3.511 0.779 4.304 2.811 0.428 -0.296 -0.862 -1.291 -1.841 -2.837 -3.014 -3.264 -3.420 -3.715 -3.787 -4.160 -4.182 -4.438
0.00015547 -2.00000 9.50000 1.2045553923 2.5075191057    1.071  3.410  3.6395  0.567    8  0.555  0.370    51.66    31.07    20.55    16.11    13.12  1 -5.01e-07      0.00 7.329e-01 2.669e-01 1.932e-05 2.154e-05 6.968e-05 -1.000 1.469e-04 -3.756 0.580 4.480 3.048 0.506 -0.237 -0.849 -1.324 -1.926 -2.997 -3.186 -3.454 -3.617 -3.929 -4.004 -4.395 -4.419 -4.687
0.00015547 -2.00000 9.50000 1.2045583725 2.5075195123    1.057  3.465  3.6351  0.490    8  0.556  0.370    60.48    35.62    23.40    18.40    14.98  1 -6.42e-07      0.00 7.329e-01 2.669e-01 1.932e-05 2.154e-05 6.968e-05 -1.000 1.469e-04 -3.891 0.473 4.556 3.193 0.559 -0.195 -0.822 -1.323 -1.956 -3.076 -3.270 -3.550 -3.718 -4.040 -4.119 -4.522 -4.546 -4.823
0.00015547 -2.00000 9.50000 1.2045615911 2.5075199514    1.040  3.491  3.6326  0.446    8  0.557  0.370    65.96    38.37    25.12    19.78    16.11  1 -7.36e-07      0.00 7.329e-01 2.669e-01 1.932e-05 2.154e-05 6.968e-05 -1.000 1.469e-04 -3.958 0.423 4.608 3.287 0.596 -0.164 -0.792 -1.306 -1.958 -3.107 -3.305 -3.593 -3.763 -4.092 -4.173 -4.583 -4.608 -4.890
0.00015547 -2.00000 9.50000 1.2045652866 2.5075204556    1.023  3.507  3.6308  0.416    8  0.557  0.370    69.97    40.35    26.34    20.77    16.92  1 -8.07e-07      0.00 7.329e-01 2.669e-01 1.932e-05 2.154e-05 6.968e-05 -1.000 1.469e-04 -3.997 0.396 4.652 3.362 0.630 -0.134 -0.762 -1.285 -1.950 -3.120 -3.321 -3.615 -3.786 -4.121 -4.203 -4.618 -4.644 -4.929
0.00015547 -2.00000 9.50000 1.2045654058 2.5075204719    1.021  3.453  3.6346  0.485    8  0.557  0.370    60.64    35.63    23.39    18.41    14.99  1 -6.37e-07      0.00 7.329e-01 2.669e-01 1.932e-05 2.154e-05 6.968e-05 -1.000 1.469e-04 -3.862 0.507 4.608 3.253 0.608 -0.147 -0.775 -1.278 -1.915 -3.039 -3.234 -3.516 -3.684 -4.007 -4.087 -4.490 -4.515 -4.793
0.00015547 -2.00000 9.50000 1.2045660019 2.5075205532    1.017  3.297  3.6453  0.682    8  0.557  0.370    40.19    24.93    16.63    13.03    10.60  2 -3.33e-07      0.00 7.329e-01 2.669e-01 1.932e-05 2.154e-05 6.968e-05 -1.000 1.469e-04 -3.472 0.826 4.422 2.936 0.524 -0.204 -0.779 -1.216 -1.775 -2.783 -2.962 -3.215 -3.373 -3.671 -3.743 -4.119 -4.142 -4.399
0.00015547 -2.00000 9.50000 1.2045668364 2.5075206670    1.010  3.044  3.6627  1.001    8  0.558  0.370    20.61    13.97     9.56     7.43     6.03  2  -1.3e-07      0.00 7.329e-01 2.669e-01 1.932e-05 2.154e-05 6.968e-05 -1.000 1.470e-04 -2.840 1.339 3.915 2.293 0.280 -0.398 -0.791 -1.095 -1.521 -2.334 -2.486 -2.697 -2.835 -3.094 -3.157 -3.493 -3.513 -3.742
0.00015547 -2.00000 9.50000 1.2045680285 2.5075208297    1.000  3.048  3.6620  0.990    8  0.558  0.370    21.02    14.21     9.72     7.55     6.13  2 -1.33e-07      0.00 7.329e-01 2.669e-01 1.932e-05 2.154e-05 6.968e-05 -1.000 1.469e-04 -2.850 1.334 3.947 2.338 0.310 -0.370 -0.774 -1.085 -1.516 -2.338 -2.491 -2.703 -2.843 -3.103 -3.166 -3.504 -3.524 -3.754
0.00015547 -2.00000 9.50000 1.2045696974 2.5075210574    0.987  3.099  3.6580  0.917    8  0.558  0.370    24.41    16.18    10.99     8.57     6.96  2 -1.62e-07      0.00 7.329e-01 2.669e-01 1.932e-05 2.154e-05 6.968e-05 -1.000 1.470e-04 -2.979 1.238 4.090 2.580 0.450 -0.241 -0.713 -1.068 -1.542 -2.423 -2.584 -2.808 -2.954 -3.224 -3.290 -3.637 -3.657 -3.894
0.00015547 -2.00000 9.50000 1.2045716047 2.5075213176    0.971  3.242  3.6474  0.725    8  0.559  0.370    36.28    22.78    15.24    11.94     9.71  2 -2.83e-07      0.00 7.329e-01 2.669e-01 1.932e-05 2.154e-05 6.968e-05 -1.000 1.469e-04 -3.335 0.949 4.425 2.926 0.562 -0.160 -0.717 -1.140 -1.684 -2.670 -2.846 -3.094 -3.249 -3.542 -3.613 -3.984 -4.007 -4.261
0.00015547 -2.00000 9.50000 1.2045739889 2.5075216429    0.952  3.379  3.6371  0.538    8  0.559  0.370    53.43    31.80    20.95    16.51    13.43  1 -5.09e-07      0.00 7.329e-01 2.669e-01 1.932e-05 2.154e-05 6.968e-05 -1.000 1.469e-04 -3.678 0.673 4.662 3.263 0.676 -0.073 -0.693 -1.180 -1.797 -2.891 -3.082 -3.356 -3.521 -3.838 -3.916 -4.312 -4.336 -4.609
0.00015547 -2.00000 9.50000 1.2045767307 2.5075220169    0.931  3.473  3.6297  0.405    8  0.560  0.370    70.26    40.22    26.21    20.74    16.88  1 -7.91e-07      0.00 7.329e-01 2.669e-01 1.932e-05 2.154e-05 6.968e-05 -1.000 1.469e-04 -3.913 0.488 4.781 3.508 0.754 -0.013 -0.640 -1.168 -1.840 -3.021 -3.223 -3.520 -3.692 -4.030 -4.113 -4.531 -4.557 -4.844
0.00015547 -2.00000 9.50000 1.2045798302 2.5075224398    0.907  3.524  3.6253  0.325    8  0.561  0.370    82.63    46.15    29.87    23.71    19.30  1 -1.03e-06      0.00 7.329e-01 2.669e-01 1.932e-05 2.154e-05 6.968e-05 -1.000 1.469e-04 -4.040 0.392 4.822 3.656 0.799 0.025 -0.587 -1.137 -1.841 -3.076 -3.285 -3.597 -3.774 -4.126 -4.212 -4.644 -4.671 -4.969
0.00015547 -2.00000 9.50000 1.2045832872 2.5075229114    0.881  3.548  3.6228  0.278    8  0.562  0.370    90.71    49.87    32.14    25.57    20.81  1 -1.21e-06      0.00 7.329e-01 2.669e-01 1.932e-05 2.154e-05 6.968e-05 -1.000 1.469e-04 -4.101 0.350 4.854 3.754 0.837 0.059 -0.542 -1.103 -1.826 -3.094 -3.307 -3.628 -3.807 -4.167 -4.256 -4.697 -4.725 -5.029
0.00015547 -2.00000 9.50000 1.2045872211 2.5075234481    0.854  3.562  3.6210  0.243    8  0.563  0.370    96.98    52.65    33.83    26.96    21.94  1 -1.35e-06      0.00 7.329e-01 2.669e-01 1.932e-05 2.154e-05 6.968e-05 -1.000 1.469e-04 -4.135 0.329 4.885 3.832 0.872 0.091 -0.499 -1.070 -1.806 -3.097 -3.312 -3.641 -3.821 -4.188 -4.278 -4.725 -4.753 -5.062
0.00015547 -2.00000 9.50000 1.2046116590 2.5075267820    0.569 -9.999  4.0000  1.608    9  0.569  0.000     0.00     0.00     0.00     0.00     0.00 -1    -1e-30      0.00 7.329e-01 2.669e-01 1.932e-05 2.154e-05 6.968e-05 -1.000 1.468e-04 29.767 29.891 29.849 29.813 29.848 29.914 29.969 30.078 30.062 30.106 30.107 30.103 30.101 30.098 30.100 30.091 30.089 30.062
