 Zini     MH   logAge Mini        int_IMF         Mass   logL    logTe  logg  label   McoreTP C_O  period0  period1  period2  period3  period4  pmode  Mloss  tau1m   X   Y   Xc  Xn  Xo  Cexcess  Z 	 mbolmag  F170Wmag  F218Wmag  F255Wmag  F300Wmag  F336Wmag  F380Wmag  F439Wmag  F450Wmag  F555Wmag  F569Wmag  F606Wmag  F622Wmag  F675Wmag  F702Wmag  F791Wmag  F814Wmag  F850LPmag
0.00015547 -2.00000 6.70000 0.0936335474 1.1156111859    0.094 -1.561  3.5661  4.186    0  0.000  0.545     0.00     0.00     0.00     0.00     0.00 -1 -9.23e-15      0.00 7.507e-01 2.491e-01 2.943e-05 7.939e-06 7.201e-05 -1.000 1.636e-04 8.672 13.136 17.560 15.947 13.068 12.234 11.839 11.356 10.905 9.779 9.590 9.248 9.061 8.693 8.582 8.091 8.056 7.711
0.00015547 -2.00000 6.70000 0.0938914418 1.1179536026    0.094 -1.560  3.5662  4.187    0  0.000  0.545     0.00     0.00     0.00     0.00     0.00 -1 -9.24e-15      0.00 7.507e-01 2.491e-01 2.943e-05 7.939e-06 7.201e-05 -1.000 1.637e-04 8.669 13.133 17.554 15.939 13.062 12.228 11.833 11.351 10.900 9.775 9.586 9.244 9.058 8.689 8.579 8.087 8.053 7.707
0.00015547 -2.00000 6.70000 0.1007315814 1.1771886442    0.100 -1.522  3.5695  4.193    0  0.000  0.545     0.00     0.00     0.00     0.00     0.00 -1 -9.66e-15      0.00 7.507e-01 2.491e-01 2.943e-05 7.939e-06 7.201e-05 -1.000 1.636e-04 8.576 13.030 17.398 15.720 12.899 12.068 11.676 11.206 10.763 9.656 9.469 9.132 8.947 8.583 8.476 7.992 7.958 7.617
0.00015547 -2.00000 6.70000 0.1035686657 1.2002435386    0.103 -1.507  3.5708  4.194    0  0.000  0.545     0.00     0.00     0.00     0.00     0.00 -1 -9.85e-15      0.00 7.507e-01 2.491e-01 2.943e-05 7.939e-06 7.201e-05 -1.000 1.636e-04 8.537 12.986 17.333 15.631 12.831 12.002 11.612 11.146 10.707 9.607 9.421 9.086 8.902 8.539 8.433 7.952 7.918 7.578
0.00015547 -2.00000 6.70000 0.1115674376 1.2610562156    0.111 -1.467  3.5743  4.200    0  0.000  0.545     0.00     0.00     0.00     0.00     0.00 -1 -1.03e-14      0.00 7.507e-01 2.491e-01 2.943e-05 7.939e-06 7.201e-05 -1.000 1.636e-04 8.437 12.875 17.160 15.404 12.655 11.829 11.446 10.993 10.561 9.480 9.296 8.967 8.784 8.426 8.322 7.848 7.816 7.480
0.00015547 -2.00000 6.70000 0.1234388947 1.3415666635    0.123 -1.410  3.5789  4.206    0  0.000  0.545     0.00     0.00     0.00     0.00     0.00 -1 -1.11e-14      0.00 7.507e-01 2.491e-01 2.943e-05 7.939e-06 7.201e-05 -1.000 1.636e-04 8.295 12.718 16.923 15.092 12.413 11.591 11.218 10.780 10.358 9.304 9.122 8.800 8.620 8.267 8.167 7.703 7.671 7.341
0.00015547 -2.00000 6.70000 0.1433091313 1.4560320467    0.143 -1.326  3.5855  4.213    0  0.000  0.545     0.00     0.00     0.00     0.00     0.00 -1 -1.24e-14      0.00 7.507e-01 2.491e-01 2.943e-05 7.939e-06 7.201e-05 -1.000 1.636e-04 8.085 12.487 16.544 14.633 12.061 11.248 10.893 10.477 10.067 9.047 8.870 8.558 8.381 8.037 7.941 7.488 7.457 7.136
0.00015547 -2.00000 6.70000 0.1631793529 1.5515256888    0.163 -1.251  3.5916  4.220    0  0.000  0.545     0.00     0.00     0.00     0.00     0.00 -1 -1.37e-14      0.00 7.507e-01 2.491e-01 2.943e-05 7.939e-06 7.201e-05 -1.000 1.636e-04 7.898 12.280 16.192 14.216 11.742 10.938 10.601 10.204 9.805 8.817 8.643 8.341 8.168 7.831 7.739 7.297 7.267 6.954
0.00015547 -2.00000 6.70000 0.1831106097 1.6332177002    0.183 -1.184  3.5973  4.225    0  0.000  0.545     0.00     0.00     0.00     0.00     0.00 -1  -1.5e-14      0.00 7.507e-01 2.491e-01 2.943e-05 7.939e-06 7.201e-05 -1.000 1.636e-04 7.730 12.091 15.868 13.844 11.447 10.650 10.336 9.955 9.566 8.607 8.437 8.144 7.974 7.645 7.556 7.124 7.095 6.789
0.00015547 -2.00000 6.70000 0.2213529348 1.7616702163    0.221 -1.072  3.6072  4.236    0  0.000  0.545     0.00     0.00     0.00     0.00     0.00 -1 -1.74e-14      0.00 7.507e-01 2.491e-01 2.943e-05 7.939e-06 7.201e-05 -1.000 1.636e-04 7.451 11.776 15.350 13.243 10.954 10.170 9.898 9.543 9.170 8.258 8.095 7.817 7.652 7.336 7.252 6.836 6.809 6.516
0.00015547 -2.00000 6.70000 0.2367717177 1.8055450351    0.237 -1.033  3.6109  4.241    0  0.000  0.545     0.00     0.00     0.00     0.00     0.00 -1 -1.83e-14      0.00 7.507e-01 2.491e-01 2.943e-05 7.939e-06 7.201e-05 -1.000 1.636e-04 7.352 11.663 15.160 13.027 10.774 9.996 9.741 9.396 9.028 8.134 7.973 7.700 7.537 7.227 7.144 6.735 6.708 6.419
0.00015547 -2.00000 6.70000 0.2393086404 1.8124082525    0.239 -1.027  3.6115  4.241    0  0.000  0.545     0.00     0.00     0.00     0.00     0.00 -1 -1.85e-14      0.00 7.507e-01 2.491e-01 2.943e-05 7.939e-06 7.201e-05 -1.000 1.636e-04 7.337 11.646 15.128 12.991 10.746 9.969 9.716 9.373 9.006 8.115 7.954 7.682 7.519 7.210 7.127 6.719 6.692 6.404
0.00015547 -2.00000 6.70000 0.2662462294 1.8799036116    0.266 -0.963  3.6179  4.249    0  0.000  0.545     0.00     0.00     0.00     0.00     0.00 -1 -2.02e-14      0.00 7.507e-01 2.491e-01 2.943e-05 7.939e-06 7.201e-05 -1.000 1.636e-04 7.177 11.461 14.786 12.620 10.443 9.677 9.457 9.130 8.773 7.911 7.754 7.492 7.333 7.031 6.952 6.554 6.528 6.249
0.00015547 -2.00000 6.70000 0.2961018682 1.9450408148    0.296 -0.899  3.6248  4.259    0  0.000  0.545     0.00     0.00     0.00     0.00     0.00 -1 -2.19e-14      0.00 7.507e-01 2.491e-01 2.943e-05 7.939e-06 7.201e-05 -1.000 1.636e-04 7.017 11.272 14.390 12.221 10.130 9.376 9.194 8.885 8.537 7.705 7.552 7.300 7.145 6.852 6.775 6.389 6.364 6.093
0.00015547 -2.00000 6.70000 0.3191703856 1.9897848666    0.319 -0.853  3.6303  4.267    0  0.000  0.545     0.00     0.00     0.00     0.00     0.00 -1 -2.32e-14      0.00 7.507e-01 2.491e-01 2.943e-05 7.939e-06 7.201e-05 -1.000 1.636e-04 6.901 11.135 14.075 11.914 9.894 9.151 8.998 8.704 8.363 7.554 7.405 7.160 7.008 6.722 6.648 6.270 6.246 5.982
0.00015547 -2.00000 6.70000 0.3502623737 2.0438472877    0.350 -0.794  3.6375  4.278    0  0.000  0.545     0.00     0.00     0.00     0.00     0.00 -1 -2.51e-14      0.00 7.507e-01 2.491e-01 2.943e-05 7.939e-06 7.201e-05 -1.000 1.636e-04 6.754 10.956 13.671 11.520 9.585 8.859 8.747 8.472 8.141 7.362 7.217 6.982 6.834 6.557 6.485 6.118 6.095 5.840
0.00015547 -2.00000 6.70000 0.3519465327 2.0465963009    0.352 -0.790  3.6379  4.278    0  0.000  0.545     0.00     0.00     0.00     0.00     0.00 -1 -2.52e-14      0.00 7.507e-01 2.491e-01 2.943e-05 7.939e-06 7.201e-05 -1.000 1.636e-04 6.746 10.946 13.649 11.499 9.568 8.843 8.733 8.460 8.129 7.352 7.207 6.972 6.825 6.548 6.476 6.110 6.087 5.833
0.00015547 -2.00000 6.70000 0.3837468922 2.0954986283    0.384 -0.735  3.6450  4.288    0  0.000  0.545     0.00     0.00     0.00     0.00     0.00 -1 -2.71e-14      0.00 7.507e-01 2.491e-01 2.943e-05 7.939e-06 7.201e-05 -1.000 1.636e-04 6.607 10.776 13.288 11.134 9.274 8.565 8.495 8.242 7.919 7.170 7.029 6.804 6.660 6.392 6.323 5.967 5.945 5.699
0.00015547 -2.00000 6.70000 0.4016221166 2.1207314881    0.401 -0.705  3.6488  4.294    0  0.000  0.545     0.00     0.00     0.00     0.00     0.00 -1 -2.82e-14      0.00 7.507e-01 2.491e-01 2.943e-05 7.939e-06 7.201e-05 -1.000 1.636e-04 6.534 10.686 13.103 10.943 9.118 8.417 8.370 8.127 7.810 7.075 6.936 6.715 6.574 6.310 6.242 5.892 5.871 5.629
0.00015547 -2.00000 6.70000 0.4080716372 2.1294797719    0.408 -0.695  3.6502  4.296    0  0.000  0.545     0.00     0.00     0.00     0.00     0.00 -1 -2.86e-14      0.00 7.507e-01 2.491e-01 2.943e-05 7.939e-06 7.201e-05 -1.000 1.636e-04 6.507 10.653 13.033 10.872 9.061 8.364 8.324 8.085 7.770 7.041 6.902 6.683 6.543 6.280 6.213 5.865 5.844 5.604
0.00015547 -2.00000 6.70000 0.4512977004 2.1838121607    0.451 -0.626  3.6594  4.308    0  0.000  0.545     0.00     0.00     0.00     0.00     0.00 -1 -3.14e-14      0.00 7.507e-01 2.491e-01 2.943e-05 7.939e-06 7.201e-05 -1.000 1.636e-04 6.336 10.439 12.538 10.405 8.693 8.021 8.033 7.821 7.516 6.821 6.687 6.479 6.343 6.090 6.026 5.690 5.671 5.441
0.00015547 -2.00000 6.70000 0.4935921729 2.2307930031    0.494 -0.563  3.6678  4.318    0  0.000  0.545     0.00     0.00     0.00     0.00     0.00 -1 -3.43e-14      0.00 7.507e-01 2.491e-01 2.943e-05 7.939e-06 7.201e-05 -1.000 1.637e-04 6.178 10.238 12.006 9.956 8.354 7.708 7.767 7.581 7.287 6.621 6.491 6.293 6.163 5.918 5.857 5.531 5.513 5.293
0.00015547 -2.00000 6.70000 0.5009732842 2.2384552293    0.501 -0.553  3.6692  4.319    0  0.000  0.545     0.00     0.00     0.00     0.00     0.00 -1 -3.49e-14      0.00 7.507e-01 2.491e-01 2.943e-05 7.939e-06 7.201e-05 -1.000 1.637e-04 6.151 10.204 11.916 9.880 8.296 7.655 7.722 7.541 7.248 6.587 6.458 6.261 6.132 5.888 5.828 5.504 5.486 5.268
0.00015547 -2.00000 6.70000 0.5506489277 2.2841947944    0.550 -0.484  3.6773  4.324    0  0.000  0.545     0.00     0.00     0.00     0.00     0.00 -1 -3.88e-14      0.00 7.507e-01 2.491e-01 2.943e-05 7.939e-06 7.201e-05 -1.000 1.636e-04 5.979 9.987 11.395 9.441 7.955 7.340 7.451 7.295 7.012 6.379 6.253 6.065 5.940 5.704 5.646 5.333 5.316 5.106
0.00015547 -2.00000 6.70000 0.5542205572 2.2871220160    0.554 -0.479  3.6778  4.324    0  0.000  0.545     0.00     0.00     0.00     0.00     0.00 -1 -3.91e-14      0.00 7.507e-01 2.491e-01 2.943e-05 7.939e-06 7.201e-05 -1.000 1.636e-04 5.968 9.973 11.363 9.413 7.933 7.320 7.433 7.279 6.996 6.365 6.239 6.052 5.927 5.692 5.634 5.321 5.304 5.096
0.00015547 -2.00000 6.70000 0.6003244519 2.3213410765    0.600 -0.421  3.6837  4.324    0  0.000  0.545     0.00     0.00     0.00     0.00     0.00 -1 -4.29e-14      0.00 7.507e-01 2.491e-01 2.943e-05 7.939e-06 7.201e-05 -1.000 1.636e-04 5.823 9.794 10.979 9.084 7.671 7.076 7.220 7.083 6.808 6.196 6.073 5.891 5.769 5.540 5.483 5.178 5.161 4.959
0.00015547 -2.00000 6.70000 0.6232766509 2.3362225066    0.623 -0.392  3.6867  4.324    0  0.000  0.545     0.00     0.00     0.00     0.00     0.00 -1  -4.5e-14      0.00 7.507e-01 2.491e-01 2.943e-05 7.939e-06 7.201e-05 -1.000 1.636e-04 5.751 9.705 10.791 8.922 7.541 6.955 7.114 6.987 6.716 6.113 5.991 5.812 5.692 5.464 5.409 5.107 5.091 4.891
0.00015547 -2.00000 6.70000 0.6499999762 2.3520353107    0.650 -0.357  3.6902  4.320    0  0.000  0.545     0.00     0.00     0.00     0.00     0.00 -1  -4.8e-14      0.00 7.507e-01 2.491e-01 2.943e-05 7.939e-06 7.201e-05 -1.000 1.636e-04 5.662 9.595 10.562 8.725 7.383 6.809 6.985 6.868 6.602 6.010 5.890 5.714 5.595 5.371 5.316 5.018 5.003 4.807
0.00015547 -2.00000 6.70000 0.6621112823 2.3587203502    0.662 -0.342  3.6918  4.320    0  0.000  0.545     0.00     0.00     0.00     0.00     0.00 -1 -4.92e-14      0.00 7.507e-01 2.491e-01 2.943e-05 7.939e-06 7.201e-05 -1.000 1.636e-04 5.624 9.547 10.456 8.639 7.315 6.746 6.931 6.818 6.554 5.967 5.847 5.673 5.555 5.332 5.278 4.982 4.967 4.773
0.00015547 -2.00000 6.70000 0.6999999881 2.3779266974    0.700 -0.290  3.6972  4.314    0  0.000  0.545     0.00     0.00     0.00     0.00     0.00 -1 -5.43e-14      0.00 7.507e-01 2.491e-01 2.943e-05 7.939e-06 7.201e-05 -1.000 1.636e-04 5.495 9.382 10.100 8.350 7.086 6.535 6.744 6.646 6.390 5.820 5.702 5.533 5.417 5.199 5.147 4.857 4.842 4.654
0.00015547 -2.00000 6.70000 0.7196964025 2.3869974233    0.720 -0.257  3.7047  4.323    0  0.000  0.542     0.00     0.00     0.00     0.00     0.00 -1 -5.72e-14      0.00 7.507e-01 2.491e-01 2.927e-05 7.935e-06 7.201e-05 -1.000 1.637e-04 5.413 9.245 9.712 8.055 6.872 6.344 6.586 6.507 6.261 5.714 5.599 5.436 5.324 5.112 5.061 4.780 4.766 4.585
0.00015547 -2.00000 6.70000 0.7500000000 2.3998889087    0.750 -0.203  3.7162  4.333    0  0.000  0.538     0.00     0.00     0.00     0.00     0.00 -1 -6.27e-14      0.00 7.507e-01 2.491e-01 2.904e-05 7.930e-06 7.202e-05 -1.000 1.637e-04 5.278 9.016 9.121 7.609 6.545 6.055 6.342 6.291 6.061 5.548 5.438 5.284 5.177 4.974 4.926 4.657 4.645 4.475
0.00015547 -2.00000 6.70000 0.7896108627 2.4150360808    0.789 -0.150  3.7219  4.325    0  0.000  0.538     0.00     0.00     0.00     0.00     0.00 -1 -6.96e-14      0.00 7.507e-01 2.491e-01 2.904e-05 7.930e-06 7.202e-05 -1.000 1.636e-04 5.145 8.830 8.768 7.328 6.322 5.850 6.158 6.119 5.898 5.402 5.294 5.144 5.039 4.842 4.795 4.532 4.520 4.356
0.00015547 -2.00000 6.70000 0.8000000119 2.4187244405    0.800 -0.132  3.7237  4.320    0  0.000  0.538     0.00     0.00     0.00     0.00     0.00 -1 -7.25e-14      0.00 7.507e-01 2.491e-01 2.904e-05 7.930e-06 7.202e-05 -1.000 1.636e-04 5.101 8.766 8.654 7.236 6.249 5.783 6.097 6.063 5.844 5.353 5.246 5.098 4.994 4.798 4.751 4.491 4.479 4.316
0.00015547 -2.00000 6.70000 0.8500000238 2.4350346840    0.850 -0.049  3.7334  4.302    0  0.000  0.538     0.00     0.00     0.00     0.00     0.00 -1 -8.69e-14      0.00 7.507e-01 2.491e-01 2.904e-05 7.930e-06 7.202e-05 -1.000 1.636e-04 4.892 8.452 8.093 6.793 5.898 5.463 5.809 5.793 5.588 5.124 5.022 4.880 4.780 4.592 4.548 4.297 4.287 4.133
0.00015547 -2.00000 6.70000 0.8706203699 2.4411370454    0.870 -0.017  3.7371  4.295    0  0.000  0.538     0.00     0.00     0.00     0.00     0.00 -1  -9.3e-14      0.00 7.507e-01 2.491e-01 2.904e-05 7.930e-06 7.202e-05 -1.000 1.636e-04 4.812 8.327 7.882 6.626 5.766 5.343 5.700 5.691 5.490 5.037 4.936 4.797 4.699 4.513 4.470 4.224 4.213 4.063
0.00015547 -2.00000 6.70000 0.8812737465 2.4441614385    0.881  0.001  3.7392  4.291    0  0.000  0.538     0.00     0.00     0.00     0.00     0.00 -1 -9.66e-14      0.00 7.507e-01 2.491e-01 2.904e-05 7.930e-06 7.202e-05 -1.000 1.636e-04 4.767 8.257 7.764 6.533 5.692 5.276 5.639 5.634 5.436 4.989 4.888 4.751 4.653 4.470 4.427 4.183 4.172 4.024
0.00015547 -2.00000 6.70000 0.8917151690 2.4470451618    0.891  0.022  3.7416  4.284    0  0.000  0.538     0.00     0.00     0.00     0.00     0.00 -1 -1.02e-13      0.00 7.507e-01 2.491e-01 2.904e-05 7.930e-06 7.202e-05 -1.000 1.637e-04 4.714 8.169 7.627 6.425 5.607 5.199 5.568 5.567 5.372 4.931 4.832 4.697 4.600 4.418 4.376 4.134 4.124 3.978
0.00015547 -2.00000 6.70000 0.8999999762 2.4492786016    0.899  0.039  3.7435  4.279    0  0.000  0.538     0.00     0.00     0.00     0.00     0.00 -1 -1.06e-13      0.00 7.507e-01 2.491e-01 2.904e-05 7.930e-06 7.202e-05 -1.000 1.636e-04 4.672 8.096 7.516 6.339 5.541 5.140 5.513 5.515 5.322 4.887 4.788 4.654 4.558 4.378 4.336 4.097 4.087 3.942
0.00015547 -2.00000 6.70000 0.9140162468 2.4529513342    0.913  0.067  3.7465  4.270    0  0.000  0.538     0.00     0.00     0.00     0.00     0.00 -1 -1.13e-13      0.00 7.507e-01 2.491e-01 2.904e-05 7.930e-06 7.202e-05 -1.000 1.637e-04 4.603 7.976 7.336 6.200 5.432 5.042 5.422 5.428 5.239 4.812 4.715 4.584 4.489 4.312 4.271 4.034 4.025 3.883
0.00015547 -2.00000 6.70000 0.9499999285 2.4618121728    0.950  0.144  3.7550  4.244    0  0.000  0.538     0.00     0.00     0.00     0.00     0.00 -1 -1.36e-13      0.00 7.507e-01 2.491e-01 2.904e-05 7.930e-06 7.202e-05 -1.000 1.636e-04 4.411 7.631 6.855 5.823 5.134 4.775 5.172 5.191 5.012 4.609 4.516 4.391 4.300 4.129 4.090 3.863 3.854 3.720
0.00015547 -2.00000 6.70000 0.9795575738 2.4685333401    0.979  0.211  3.7622  4.219    0  0.000  0.538     0.00     0.00     0.00     0.00     0.00 -1  -1.6e-13      0.00 7.507e-01 2.491e-01 2.904e-05 7.930e-06 7.202e-05 -1.000 1.636e-04 4.243 7.323 6.460 5.510 4.883 4.549 4.958 4.986 4.816 4.433 4.343 4.223 4.135 3.970 3.933 3.713 3.705 3.577
0.00015547 -2.00000 6.70000 1.0000000000 2.4729154477    1.000  0.262  3.7677  4.198    0  0.000  0.538     0.00     0.00     0.00     0.00     0.00 -1 -1.82e-13      0.00 7.507e-01 2.491e-01 2.904e-05 7.930e-06 7.202e-05 -1.000 1.636e-04 4.114 7.083 6.177 5.283 4.701 4.385 4.800 4.832 4.669 4.299 4.212 4.095 4.010 3.850 3.813 3.599 3.591 3.468
0.00015547 -2.00000 6.70000 1.0222603083 2.4774587457    1.022  0.321  3.7739  4.173    0  0.000  0.538     0.00     0.00     0.00     0.00     0.00 -1 -2.06e-13      0.00 7.507e-01 2.491e-01 2.904e-05 7.930e-06 7.202e-05 -1.000 1.636e-04 3.966 6.805 5.866 5.031 4.495 4.201 4.619 4.656 4.500 4.146 4.061 3.949 3.866 3.711 3.675 3.467 3.460 3.342
0.00015547 -2.00000 6.70000 1.0499999523 2.4828114860    1.050  0.397  3.7822  4.142    0  0.000  0.538     0.00     0.00     0.00     0.00     0.00 -1  -2.4e-13      0.00 7.507e-01 2.491e-01 2.904e-05 7.930e-06 7.202e-05 -1.000 1.636e-04 3.777 6.442 5.478 4.715 4.237 3.969 4.387 4.429 4.282 3.949 3.868 3.761 3.681 3.533 3.499 3.300 3.293 3.182
0.00015547 -2.00000 6.70000 1.0670841932 2.4859493383    1.067  0.444  3.7874  4.124    0  0.000  0.538     0.00     0.00     0.00     0.00     0.00 -1 -2.63e-13      0.00 7.507e-01 2.491e-01 2.904e-05 7.930e-06 7.202e-05 -1.000 1.636e-04 3.661 6.224 5.257 4.533 4.086 3.834 4.248 4.291 4.149 3.828 3.750 3.647 3.569 3.425 3.392 3.198 3.192 3.085
0.00015547 -2.00000 6.70000 1.0993760824 2.4915751807    1.099  0.525  3.7979  4.098    0  0.000  0.538     0.00     0.00     0.00     0.00     0.00 -1 -3.07e-13      0.00 7.507e-01 2.491e-01 2.904e-05 7.930e-06 7.202e-05 -1.000 1.636e-04 3.458 5.825 4.863 4.212 3.823 3.600 4.000 4.044 3.912 3.615 3.541 3.445 3.371 3.235 3.205 3.022 3.016 2.919
0.00015547 -2.00000 6.70000 1.1000000238 2.4916801480    1.099  0.526  3.7981  4.097    0  0.000  0.538     0.00     0.00     0.00     0.00     0.00 -1 -3.08e-13      0.00 7.507e-01 2.491e-01 2.904e-05 7.930e-06 7.202e-05 -1.000 1.636e-04 3.454 5.817 4.855 4.206 3.818 3.596 3.995 4.039 3.908 3.611 3.537 3.441 3.368 3.232 3.202 3.018 3.013 2.916
0.00015547 -2.00000 6.70000 1.1169005632 2.4944721447    1.116  0.566  3.8039  4.088    0  0.000  0.538     0.00     0.00     0.00     0.00     0.00 -1 -3.28e-13      0.00 7.507e-01 2.491e-01 2.904e-05 7.930e-06 7.202e-05 -1.000 1.636e-04 3.356 5.618 4.666 4.053 3.693 3.487 3.873 3.917 3.791 3.507 3.435 3.343 3.272 3.141 3.112 2.934 2.929 2.837
0.00015547 -2.00000 6.70000 1.1492227316 2.4995497490    1.148  0.635  3.8162  4.080    0  0.000  0.538     0.00     0.00     0.00     0.00     0.00 -1 -3.62e-13      0.00 7.507e-01 2.491e-01 2.904e-05 7.930e-06 7.202e-05 -1.000 1.636e-04 3.184 5.255 4.328 3.783 3.477 3.299 3.656 3.695 3.581 3.321 3.255 3.170 3.104 2.983 2.956 2.792 2.788 2.706
0.00015547 -2.00000 6.70000 1.1499999762 2.4996678137    1.149  0.636  3.8165  4.080    0  0.000  0.538     0.00     0.00     0.00     0.00     0.00 -1 -3.63e-13      0.00 7.507e-01 2.491e-01 2.904e-05 7.930e-06 7.202e-05 -1.000 1.637e-04 3.180 5.246 4.320 3.777 3.472 3.295 3.650 3.690 3.576 3.317 3.251 3.166 3.100 2.980 2.953 2.789 2.784 2.703
0.00015547 -2.00000 6.70000 1.1735793352 2.5031642454    1.173  0.683  3.8269  4.083    0  0.000  0.538     0.00     0.00     0.00     0.00     0.00 -1 -3.82e-13      0.00 7.507e-01 2.491e-01 2.904e-05 7.930e-06 7.202e-05 -1.000 1.637e-04 3.061 4.990 4.088 3.591 3.324 3.169 3.497 3.533 3.427 3.186 3.125 3.047 2.985 2.872 2.847 2.694 2.691 2.617
0.00015547 -2.00000 6.70000 1.2000000477 2.5068948796    1.200  0.734  3.8405  4.097    0  0.000  0.538     0.00     0.00     0.00     0.00     0.00 -1 -3.98e-13      0.00 7.508e-01 2.491e-01 2.904e-05 7.930e-06 7.202e-05 -1.000 1.636e-04 2.935 4.697 3.835 3.394 3.170 3.040 3.329 3.357 3.262 3.045 2.988 2.919 2.863 2.761 2.739 2.600 2.597 2.535
0.00015547 -2.00000 6.70000 1.2185136080 2.5093984465    1.218  0.769  3.8519  4.115    0  0.000  0.538     0.00     0.00     0.00     0.00     0.00 -1 -4.03e-13      0.00 7.508e-01 2.491e-01 2.904e-05 7.930e-06 7.202e-05 -1.000 1.636e-04 2.849 4.480 3.654 3.257 3.067 2.957 3.210 3.232 3.145 2.947 2.895 2.833 2.781 2.689 2.669 2.542 2.540 2.487
0.00015547 -2.00000 6.70000 1.2414900064 2.5123864176    1.241  0.810  3.8687  4.149    0  0.000  0.538     0.00     0.00     0.00     0.00     0.00 -1 -4.02e-13      0.00 7.508e-01 2.490e-01 2.904e-05 7.930e-06 7.202e-05 -1.000 1.637e-04 2.746 4.196 3.427 3.092 2.945 2.863 3.063 3.074 3.000 2.828 2.783 2.732 2.687 2.609 2.592 2.483 2.482 2.441
0.00015547 -2.00000 6.70000 1.2500000000 2.5134610955    1.250  0.824  3.8754  4.164    0  0.000  0.538     0.00     0.00     0.00     0.00     0.00 -1 -4.01e-13      0.00 7.508e-01 2.490e-01 2.904e-05 7.930e-06 7.202e-05 -1.000 1.637e-04 2.709 4.090 3.345 3.033 2.903 2.831 3.009 3.016 2.947 2.786 2.743 2.697 2.655 2.583 2.566 2.465 2.464 2.428
0.00015547 -2.00000 6.70000 1.2599753141 2.5146995905    1.260  0.842  3.8836  4.183    0  0.000  0.538     0.00     0.00     0.00     0.00     0.00 -1 -3.96e-13      0.00 7.508e-01 2.490e-01 2.904e-05 7.930e-06 7.202e-05 -1.000 1.636e-04 2.666 3.962 3.249 2.964 2.853 2.793 2.947 2.948 2.886 2.737 2.697 2.656 2.618 2.553 2.538 2.446 2.446 2.415
0.00015547 -2.00000 6.70000 1.2806218863 2.5171926382    1.281  0.876  3.9003  4.223    0  0.000  0.538     0.00     0.00     0.00     0.00     0.00 -1 -3.87e-13      0.00 7.508e-01 2.490e-01 2.904e-05 7.930e-06 7.202e-05 -1.000 1.636e-04 2.581 3.701 3.062 2.833 2.757 2.720 2.827 2.818 2.767 2.644 2.611 2.581 2.550 2.500 2.488 2.414 2.414 2.394
0.00015547 -2.00000 6.70000 1.2999999523 2.5194498592    1.300  0.905  3.9155  4.261    0  0.000  0.538     0.00     0.00     0.00     0.00     0.00 -1 -3.76e-13      0.00 7.508e-01 2.490e-01 2.904e-05 7.930e-06 7.202e-05 -1.000 1.636e-04 2.507 3.439 2.906 2.724 2.674 2.654 2.728 2.711 2.672 2.573 2.546 2.526 2.501 2.464 2.454 2.397 2.397 2.384
0.00015547 -2.00000 6.70000 1.3030681610 2.5198001814    1.303  0.910  3.9179  4.267    0  0.000  0.538     0.00     0.00     0.00     0.00     0.00 -1 -3.74e-13      0.00 7.508e-01 2.490e-01 2.904e-05 7.930e-06 7.202e-05 -1.000 1.636e-04 2.495 3.397 2.882 2.707 2.662 2.644 2.713 2.695 2.657 2.562 2.537 2.518 2.494 2.459 2.450 2.394 2.394 2.383
0.00015547 -2.00000 6.70000 1.3146469593 2.5211053045    1.315  0.926  3.9267  4.289    0  0.000  0.538     0.00     0.00     0.00     0.00     0.00 -1 -3.65e-13      0.00 7.508e-01 2.490e-01 2.904e-05 7.930e-06 7.202e-05 -1.000 1.637e-04 2.454 3.234 2.798 2.649 2.616 2.607 2.663 2.641 2.611 2.530 2.508 2.493 2.474 2.445 2.437 2.390 2.390 2.383
0.00015547 -2.00000 6.70000 1.3266922235 2.5224352409    1.327  0.942  3.9352  4.312    0  0.000  0.538     0.00     0.00     0.00     0.00     0.00 -1 -3.56e-13      0.00 7.508e-01 2.490e-01 2.904e-05 7.930e-06 7.202e-05 -1.000 1.636e-04 2.416 3.075 2.721 2.594 2.573 2.572 2.622 2.598 2.574 2.505 2.486 2.476 2.460 2.437 2.430 2.390 2.391 2.387
0.00015547 -2.00000 6.70000 1.3500000238 2.5249313598    1.350  0.968  3.9507  4.355    0  0.000  0.538     0.00     0.00     0.00     0.00     0.00 -1 -3.36e-13      0.00 7.508e-01 2.490e-01 2.904e-05 7.930e-06 7.202e-05 -1.000 1.636e-04 2.349 2.798 2.585 2.495 2.495 2.507 2.561 2.538 2.522 2.474 2.461 2.457 2.446 2.433 2.428 2.399 2.400 2.403
0.00015547 -2.00000 6.70000 1.3798446655 2.5279863758    1.380  0.996  3.9682  4.406    0  0.000  0.538     0.00     0.00     0.00     0.00     0.00 -1 -3.05e-13      0.00 7.508e-01 2.490e-01 2.904e-05 7.929e-06 7.202e-05 -1.000 1.636e-04 2.279 2.539 2.436 2.378 2.404 2.434 2.511 2.495 2.486 2.457 2.449 2.450 2.444 2.439 2.436 2.419 2.420 2.431
0.00015547 -2.00000 6.70000 1.3999999762 2.5299650300    1.400  1.012  3.9782  4.437    0  0.000  0.538     0.00     0.00     0.00     0.00     0.00 -1 -2.86e-13      0.00 7.508e-01 2.490e-01 2.904e-05 7.929e-06 7.202e-05 -1.000 1.636e-04 2.239 2.411 2.353 2.310 2.351 2.391 2.489 2.478 2.472 2.454 2.447 2.451 2.447 2.446 2.444 2.433 2.434 2.449
0.00015547 -2.00000 6.70000 1.4263262749 2.5324528842    1.427  1.032  3.9904  4.474    0  0.000  0.538     0.00     0.00     0.00     0.00     0.00 -1 -2.57e-13      0.00 7.508e-01 2.490e-01 2.904e-05 7.929e-06 7.202e-05 -1.000 1.636e-04 2.191 2.269 2.254 2.228 2.286 2.339 2.467 2.464 2.461 2.454 2.450 2.456 2.455 2.458 2.457 2.452 2.454 2.474
0.00015547 -2.00000 6.70000 1.4500000477 2.5346015836    1.450  1.048  4.0003  4.504    0  0.000  0.538     0.00     0.00     0.00     0.00     0.00 -1 -2.36e-13      0.00 7.508e-01 2.490e-01 2.904e-05 7.929e-06 7.202e-05 -1.000 1.637e-04 2.149 2.163 2.174 2.162 2.233 2.296 2.450 2.455 2.454 2.455 2.453 2.461 2.461 2.467 2.467 2.466 2.468 2.492
0.00015547 -2.00000 6.70000 1.4554713964 2.5350867568    1.456  1.052  4.0026  4.511    0  0.000  0.538     0.00     0.00     0.00     0.00     0.00 -1  -2.3e-13      0.00 7.508e-01 2.490e-01 2.904e-05 7.929e-06 7.202e-05 -1.000 1.637e-04 2.140 2.141 2.156 2.147 2.221 2.286 2.447 2.454 2.454 2.457 2.455 2.463 2.464 2.470 2.470 2.470 2.473 2.497
0.00015547 -2.00000 6.70000 1.5000000000 2.5388844597    1.500  1.084  4.0180  4.554    0  0.000  0.538     0.00     0.00     0.00     0.00     0.00 -1  -1.9e-13      0.00 7.508e-01 2.490e-01 2.904e-05 7.929e-06 7.201e-05 -1.000 1.636e-04 2.060 1.978 2.022 2.032 2.127 2.207 2.414 2.434 2.436 2.451 2.452 2.462 2.464 2.474 2.475 2.481 2.484 2.514
0.00015547 -2.00000 6.70000 1.5499999523 2.5428511323    1.550  1.121  4.0331  4.592    0  0.000  0.538     0.00     0.00     0.00     0.00     0.00 -1 -1.46e-13      0.00 7.508e-01 2.490e-01 2.903e-05 7.929e-06 7.201e-05 -1.000 1.636e-04 1.969 1.816 1.884 1.912 2.025 2.119 2.373 2.407 2.410 2.436 2.439 2.450 2.455 2.467 2.469 2.481 2.484 2.519
0.00015547 -2.00000 6.70000 1.6000000238 2.5465340628    1.600  1.155  4.0469  4.627    0  0.000  0.538     0.00     0.00     0.00     0.00     0.00 -1 -9.97e-14      0.00 7.508e-01 2.490e-01 2.903e-05 7.929e-06 7.201e-05 -1.000 1.636e-04 1.883 1.673 1.760 1.804 1.932 2.040 2.339 2.384 2.389 2.423 2.428 2.440 2.446 2.461 2.464 2.479 2.483 2.524
0.00015547 -2.00000 6.70000 1.6399222612 2.5492899882    1.639  1.180  4.0570  4.652    0  0.000  0.538     0.00     0.00     0.00     0.00     0.00 -1  -2.4e-27      0.00 7.508e-01 2.490e-01 2.903e-05 7.929e-06 7.201e-05 -1.000 1.637e-04 1.820 1.572 1.671 1.726 1.866 1.982 2.314 2.369 2.374 2.414 2.420 2.433 2.440 2.457 2.459 2.478 2.482 2.526
0.00015547 -2.00000 6.70000 1.6499999762 2.5499614773    1.649  1.189  4.0585  4.652    0  0.000  0.538     0.00     0.00     0.00     0.00     0.00 -1    -1e-30      0.00 7.508e-01 2.490e-01 2.903e-05 7.928e-06 7.201e-05 -1.000 1.636e-04 1.797 1.544 1.644 1.701 1.843 1.960 2.296 2.353 2.358 2.399 2.406 2.418 2.426 2.442 2.445 2.464 2.468 2.513
0.00015547 -2.00000 6.70000 1.6849324703 2.5522177335    1.684  1.211  4.0660  4.670    0  0.000  0.538     0.00     0.00     0.00     0.00     0.00 -1    -1e-30      0.00 7.508e-01 2.490e-01 2.903e-05 7.928e-06 7.201e-05 -1.000 1.636e-04 1.743 1.464 1.574 1.639 1.788 1.912 2.273 2.336 2.342 2.387 2.394 2.407 2.415 2.433 2.436 2.457 2.462 2.509
0.00015547 -2.00000 6.70000 1.7000000477 2.5531580802    1.699  1.222  4.0689  4.674    0  0.000  0.538     0.00     0.00     0.00     0.00     0.00 -1    -1e-30      0.00 7.508e-01 2.490e-01 2.903e-05 7.928e-06 7.201e-05 -1.000 1.636e-04 1.714 1.426 1.539 1.607 1.759 1.885 2.256 2.321 2.327 2.374 2.382 2.395 2.403 2.421 2.425 2.447 2.451 2.500
0.00015547 -2.00000 6.70000 1.7082753181 2.5536664204    1.707  1.229  4.0705  4.676    0  0.000  0.538     0.00     0.00     0.00     0.00     0.00 -1    -1e-30      0.00 7.508e-01 2.490e-01 2.903e-05 7.928e-06 7.201e-05 -1.000 1.636e-04 1.698 1.405 1.519 1.589 1.742 1.870 2.246 2.312 2.318 2.366 2.374 2.387 2.396 2.415 2.418 2.440 2.445 2.494
0.00015547 -2.00000 6.70000 1.7500000000 2.5561455243    1.749  1.266  4.0789  4.682    0  0.000  0.538     0.00     0.00     0.00     0.00     0.00 -1    -1e-30      0.00 7.508e-01 2.490e-01 2.903e-05 7.928e-06 7.201e-05 -1.000 1.636e-04 1.604 1.285 1.409 1.487 1.649 1.784 2.186 2.260 2.266 2.319 2.328 2.341 2.351 2.370 2.374 2.398 2.403 2.455
0.00015547 -2.00000 6.70000 1.7999999523 2.5589429085    1.799  1.307  4.0883  4.691    0  0.000  0.538     0.00     0.00     0.00     0.00     0.00 -1    -1e-30      0.00 7.508e-01 2.490e-01 2.903e-05 7.928e-06 7.201e-05 -1.000 1.636e-04 1.502 1.157 1.290 1.378 1.549 1.691 2.123 2.205 2.212 2.269 2.279 2.293 2.304 2.324 2.329 2.355 2.361 2.416
0.00015547 -2.00000 6.70000 1.8499999046 2.5615671142    1.849  1.349  4.0975  4.698    0  0.000  0.538     0.00     0.00     0.00     0.00     0.00 -1    -1e-30      0.00 7.508e-01 2.490e-01 2.903e-05 7.928e-06 7.201e-05 -1.000 1.636e-04 1.398 1.029 1.172 1.268 1.448 1.597 2.058 2.148 2.156 2.217 2.228 2.243 2.254 2.276 2.280 2.309 2.315 2.374
0.00015547 -2.00000 6.70000 1.8513344526 2.5616349266    1.850  1.350  4.0978  4.698    0  0.000  0.538     0.00     0.00     0.00     0.00     0.00 -1    -1e-30      0.00 7.508e-01 2.490e-01 2.903e-05 7.928e-06 7.201e-05 -1.000 1.636e-04 1.395 1.026 1.169 1.265 1.445 1.595 2.057 2.147 2.154 2.216 2.227 2.242 2.253 2.275 2.279 2.308 2.314 2.373
0.00015547 -2.00000 6.70000 1.8999998569 2.5640331203    1.899  1.394  4.1073  4.704    0  0.000  0.538     0.00     0.00     0.00     0.00     0.00 -1    -1e-30      0.00 7.508e-01 2.490e-01 2.903e-05 7.928e-06 7.200e-05 -1.000 1.636e-04 1.285 0.893 1.046 1.151 1.340 1.496 1.988 2.086 2.094 2.160 2.172 2.187 2.199 2.222 2.227 2.259 2.265 2.327
0.00015547 -2.00000 6.70000 1.9500000477 2.5663542714    1.950  1.438  4.1168  4.709    0  0.000  0.538     0.00     0.00     0.00     0.00     0.00 -1    -1e-30      0.00 7.509e-01 2.490e-01 2.903e-05 7.927e-06 7.201e-05 -1.000 1.636e-04 1.175 0.763 0.925 1.040 1.236 1.400 1.920 2.026 2.034 2.105 2.118 2.133 2.146 2.170 2.175 2.209 2.216 2.281
0.00015547 -2.00000 6.70000 2.0000000000 2.5685424513    2.000  1.479  4.1257  4.714    0  0.000  0.538     0.00     0.00     0.00     0.00     0.00 -1    -1e-30      0.00 7.509e-01 2.490e-01 2.903e-05 7.927e-06 7.201e-05 -1.000 1.636e-04 1.072 0.643 0.814 0.936 1.140 1.310 1.857 1.969 1.978 2.052 2.066 2.082 2.095 2.121 2.126 2.162 2.169 2.238
0.00015547 -2.00000 6.70000 2.0499999523 2.5706083333    2.050  1.520  4.1344  4.719    0  0.000  0.538     0.00     0.00     0.00     0.00     0.00 -1    -1e-30      0.00 7.509e-01 2.490e-01 2.903e-05 7.927e-06 7.201e-05 -1.000 1.637e-04 0.970 0.525 0.704 0.834 1.046 1.222 1.794 1.913 1.923 2.001 2.015 2.032 2.046 2.072 2.078 2.116 2.123 2.195
0.00015547 -2.00000 6.70000 2.0999999046 2.5725614918    2.099  1.560  4.1428  4.724    0  0.000  0.538     0.00     0.00     0.00     0.00     0.00 -1    -1e-30      0.00 7.509e-01 2.490e-01 2.903e-05 7.928e-06 7.201e-05 -1.000 1.636e-04 0.871 0.411 0.599 0.736 0.955 1.137 1.733 1.859 1.869 1.951 1.966 1.983 1.997 2.025 2.031 2.071 2.078 2.153
0.00015547 -2.00000 6.70000 2.1500000954 2.5744105556    2.149  1.598  4.1509  4.728    0  0.000  0.538     0.00     0.00     0.00     0.00     0.00 -1    -1e-30      0.00 7.509e-01 2.490e-01 2.903e-05 7.928e-06 7.200e-05 -1.000 1.636e-04 0.775 0.303 0.498 0.643 0.868 1.056 1.675 1.806 1.816 1.902 1.918 1.935 1.950 1.979 1.985 2.027 2.034 2.112
0.00015547 -2.00000 6.70000 2.2000000477 2.5761632879    2.199  1.635  4.1587  4.732    0  0.000  0.538     0.00     0.00     0.00     0.00     0.00 -1    -1e-30      0.00 7.509e-01 2.490e-01 2.903e-05 7.928e-06 7.200e-05 -1.000 1.636e-04 0.682 0.199 0.403 0.554 0.785 0.979 1.618 1.755 1.766 1.855 1.871 1.889 1.905 1.934 1.941 1.984 1.992 2.073
0.00015547 -2.00000 6.70000 2.2500000000 2.5778267375    2.249  1.672  4.1665  4.736    0  0.000  0.538     0.00     0.00     0.00     0.00     0.00 -1    -1e-30      0.00 7.509e-01 2.490e-01 2.903e-05 7.927e-06 7.200e-05 -1.000 1.636e-04 0.590 0.098 0.309 0.466 0.704 0.903 1.563 1.705 1.717 1.808 1.825 1.844 1.860 1.890 1.897 1.942 1.951 2.034
0.00015547 -2.00000 6.70000 2.2999999523 2.5794072884    2.299  1.707  4.1739  4.740    0  0.000  0.538     0.00     0.00     0.00     0.00     0.00 -1    -1e-30      0.00 7.509e-01 2.489e-01 2.903e-05 7.927e-06 7.200e-05 -1.000 1.636e-04 0.502 -0.000 0.218 0.382 0.625 0.830 1.509 1.657 1.669 1.763 1.781 1.800 1.817 1.848 1.855 1.902 1.910 1.997
0.00015547 -2.00000 6.70000 2.4000000954 2.5823423892    2.399  1.775  4.1877  4.746    0  0.000  0.538     0.00     0.00     0.00     0.00     0.00 -1    -1e-30      0.00 7.507e-01 2.491e-01 2.904e-05 7.930e-06 7.202e-05 -1.000 1.637e-04 0.332 -0.183 0.049 0.224 0.478 0.692 1.405 1.563 1.575 1.675 1.694 1.714 1.732 1.765 1.772 1.822 1.831 1.922
0.00015547 -2.00000 6.70000 2.5999999046 2.5874412955    2.600  1.901  4.2116  4.750    0  0.000  0.538     0.00     0.00     0.00     0.00     0.00 -1    -1e-30      0.00 7.507e-01 2.491e-01 2.904e-05 7.930e-06 7.202e-05 -1.000 1.636e-04 0.018 -0.515 -0.260 -0.067 0.205 0.435 1.204 1.378 1.392 1.502 1.523 1.543 1.563 1.599 1.607 1.662 1.672 1.770
0.00015547 -2.00000 6.70000 2.7999999523 2.5917117820    2.800  2.015  4.2330  4.754    0  0.000  0.538     0.00     0.00     0.00     0.00     0.00 -1    -1e-30      0.00 7.507e-01 2.491e-01 2.904e-05 7.930e-06 7.202e-05 -1.000 1.636e-04 -0.268 -0.810 -0.535 -0.326 -0.038 0.206 1.021 1.210 1.225 1.343 1.366 1.388 1.410 1.448 1.457 1.516 1.526 1.631
0.00015547 -2.00000 6.70000 3.0000000000 2.5953341962    3.000  2.121  4.2512  4.751    0  0.000  0.538     0.00     0.00     0.00     0.00     0.00 -1    -1e-30      0.00 7.507e-01 2.491e-01 2.904e-05 7.930e-06 7.202e-05 -1.000 1.636e-04 -0.531 -1.077 -0.785 -0.563 -0.263 -0.008 0.844 1.046 1.061 1.187 1.211 1.234 1.257 1.297 1.307 1.370 1.381 1.491
0.00015547 -2.00000 6.70000 3.2000000477 2.5984409005    3.199  2.219  4.2681  4.749    0  0.000  0.538     0.00     0.00     0.00     0.00     0.00 -1    -1e-30      0.00 7.507e-01 2.491e-01 2.904e-05 7.930e-06 7.202e-05 -1.000 1.636e-04 -0.776 -1.323 -1.014 -0.781 -0.470 -0.204 0.681 0.894 0.910 1.042 1.068 1.091 1.116 1.158 1.168 1.235 1.246 1.361
0.00015547 -2.00000 6.70000 3.4000003338 2.6011310906    3.398  2.310  4.2829  4.743    0  0.000  0.538     0.00     0.00     0.00     0.00     0.00 -1    -1e-30      0.00 7.507e-01 2.491e-01 2.904e-05 7.930e-06 7.202e-05 -1.000 1.637e-04 -1.005 -1.550 -1.228 -0.984 -0.665 -0.390 0.523 0.746 0.763 0.900 0.928 0.952 0.978 1.021 1.032 1.101 1.113 1.232
0.00015547 -2.00000 6.70000 3.5999999046 2.6034804580    3.598  2.395  4.2965  4.737    1  0.000  0.538     0.00     0.00     0.00     0.00     0.00 -1    -1e-30      0.00 7.507e-01 2.491e-01 2.904e-05 7.930e-06 7.202e-05 -1.000 1.636e-04 -1.219 -1.760 -1.425 -1.173 -0.846 -0.563 0.375 0.607 0.624 0.767 0.795 0.820 0.847 0.892 0.903 0.975 0.987 1.110
0.00015547 -2.00000 6.70000 3.8000001907 2.6055477311    3.798  2.476  4.3092  4.731    1  0.000  0.538     0.00     0.00     0.00     0.00     0.00 -1    -1e-30      0.00 7.507e-01 2.491e-01 2.904e-05 7.930e-06 7.202e-05 -1.000 1.636e-04 -1.420 -1.956 -1.610 -1.350 -1.016 -0.726 0.234 0.474 0.492 0.640 0.670 0.695 0.723 0.769 0.780 0.855 0.867 0.993
0.00015547 -2.00000 6.70000 4.0000000000 2.6073790840    4.001  2.553  4.3208  4.722    1  0.000  0.538     0.00     0.00     0.00     0.00     0.00 -1    -1e-30      0.00 7.507e-01 2.491e-01 2.904e-05 7.930e-06 7.202e-05 -1.000 1.636e-04 -1.612 -2.144 -1.787 -1.520 -1.180 -0.884 0.096 0.344 0.363 0.515 0.545 0.571 0.600 0.647 0.659 0.736 0.748 0.878
0.00015547 -2.00000 6.70000 4.0038695335 2.6074124472    4.004  2.554  4.3210  4.722    1  0.000  0.538     0.00     0.00     0.00     0.00     0.00 -1    -1e-30      0.00 7.507e-01 2.491e-01 2.904e-05 7.930e-06 7.202e-05 -1.000 1.636e-04 -1.616 -2.148 -1.791 -1.523 -1.183 -0.887 0.094 0.342 0.360 0.513 0.543 0.569 0.598 0.645 0.657 0.734 0.746 0.875
0.00015547 -2.00000 6.70000 4.1999998093 2.6090113217    4.198  2.624  4.3322  4.718    1  0.000  0.538     0.00     0.00     0.00     0.00     0.00 -1    -1e-30      0.00 7.507e-01 2.491e-01 2.904e-05 7.930e-06 7.202e-05 -1.000 1.636e-04 -1.791 -2.317 -1.950 -1.675 -1.329 -1.027 -0.028 0.228 0.247 0.403 0.435 0.461 0.490 0.539 0.551 0.630 0.643 0.775
0.00015547 -2.00000 6.70000 4.3999996185 2.6104741022    4.397  2.693  4.3424  4.710    1  0.000  0.538     0.00     0.00     0.00     0.00     0.00 -1    -1e-30      0.00 7.507e-01 2.491e-01 2.904e-05 7.930e-06 7.202e-05 -1.000 1.636e-04 -1.962 -2.482 -2.106 -1.825 -1.474 -1.167 -0.151 0.111 0.131 0.291 0.323 0.350 0.380 0.430 0.442 0.523 0.536 0.671
0.00015547 -2.00000 6.70000 4.5999999046 2.6117915791    4.597  2.758  4.3522  4.704    1  0.000  0.538     0.00     0.00     0.00     0.00     0.00 -1    -1e-30      0.00 7.507e-01 2.491e-01 2.904e-05 7.930e-06 7.202e-05 -1.000 1.636e-04 -2.124 -2.639 -2.253 -1.966 -1.610 -1.298 -0.267 0.002 0.021 0.186 0.218 0.246 0.277 0.327 0.340 0.422 0.436 0.573
0.00015547 -2.00000 6.70000 4.8000001907 2.6129836005    4.798  2.819  4.3616  4.698    1  0.000  0.538     0.00     0.00     0.00     0.00     0.00 -1    -1e-30      0.00 7.507e-01 2.491e-01 2.904e-05 7.930e-06 7.202e-05 -1.000 1.636e-04 -2.278 -2.787 -2.393 -2.099 -1.739 -1.422 -0.377 -0.102 -0.082 0.086 0.119 0.147 0.178 0.230 0.242 0.327 0.340 0.480
0.00015547 -2.00000 6.70000 5.0000000000 2.6140666223    4.999  2.879  4.3704  4.692    1  0.000  0.538     0.00     0.00     0.00     0.00     0.00 -1    -1e-30      0.00 7.507e-01 2.491e-01 2.904e-05 7.930e-06 7.202e-05 -1.000 1.650e-04 -2.427 -2.929 -2.527 -2.228 -1.863 -1.542 -0.484 -0.204 -0.184 -0.012 0.022 0.050 0.082 0.135 0.147 0.234 0.247 0.389
0.00015547 -2.00000 6.70000 5.1109590530 2.6146256139    5.110  2.910  4.3751  4.688    1  0.000  0.538     0.00     0.00     0.00     0.00     0.00 -1    -1e-30      0.00 7.507e-01 2.491e-01 2.904e-05 7.930e-06 7.202e-05 -1.000 1.636e-04 -2.506 -3.005 -2.599 -2.297 -1.930 -1.607 -0.541 -0.258 -0.238 -0.065 -0.030 -0.002 0.030 0.084 0.096 0.183 0.197 0.340
0.00015547 -2.00000 6.70000 5.1999998093 2.6150544000    5.200  2.935  4.3788  4.686    1  0.000  0.538     0.00     0.00     0.00     0.00     0.00 -1    -1e-30      0.00 7.507e-01 2.491e-01 2.904e-05 7.930e-06 7.202e-05 -1.000 1.636e-04 -2.569 -3.065 -2.656 -2.351 -1.982 -1.657 -0.586 -0.301 -0.281 -0.106 -0.071 -0.043 -0.010 0.043 0.056 0.144 0.158 0.301
0.00015547 -2.00000 6.70000 5.4000000954 2.6159585105    5.401  2.990  4.3868  4.680    1  0.000  0.538     0.00     0.00     0.00     0.00     0.00 -1    -1e-30      0.00 7.507e-01 2.491e-01 2.904e-05 7.930e-06 7.202e-05 -1.000 1.636e-04 -2.704 -3.195 -2.778 -2.469 -2.096 -1.767 -0.685 -0.395 -0.374 -0.197 -0.161 -0.132 -0.099 -0.045 -0.032 0.058 0.072 0.217
0.00015547 -2.00000 6.70000 5.4791345596 2.6162953527    5.480  3.011  4.3898  4.677    1  0.000  0.538     0.00     0.00     0.00     0.00     0.00 -1    -1e-30      0.00 7.507e-01 2.491e-01 2.904e-05 7.930e-06 7.202e-05 -1.000 1.636e-04 -2.756 -3.245 -2.826 -2.514 -2.140 -1.809 -0.723 -0.431 -0.410 -0.232 -0.196 -0.167 -0.134 -0.079 -0.066 0.024 0.038 0.184
0.00015547 -2.00000 6.70000 5.5999999046 2.6167887565    5.601  3.042  4.3943  4.674    1  0.000  0.538     0.00     0.00     0.00     0.00     0.00 -1    -1e-30      0.00 7.507e-01 2.491e-01 2.904e-05 7.930e-06 7.202e-05 -1.000 1.636e-04 -2.835 -3.320 -2.896 -2.582 -2.205 -1.873 -0.781 -0.486 -0.465 -0.285 -0.249 -0.219 -0.185 -0.130 -0.117 -0.026 -0.012 0.135
0.00015547 -2.00000 6.70000 5.8000001907 2.6175535027    5.801  3.092  4.4015  4.668    1  0.000  0.538     0.00     0.00     0.00     0.00     0.00 -1    -1e-30      0.00 7.507e-01 2.491e-01 2.904e-05 7.930e-06 7.202e-05 -1.000 1.636e-04 -2.960 -3.307 -2.924 -2.644 -2.290 -1.976 -0.950 -0.594 -0.580 -0.378 -0.342 -0.320 -0.289 -0.240 -0.226 -0.151 -0.138 -0.021
0.00015547 -2.00000 6.70000 6.0000000000 2.6182599138    6.000  3.140  4.4084  4.662    1  0.000  0.538     0.00     0.00     0.00     0.00     0.00 -1    -1e-30      0.00 7.507e-01 2.491e-01 2.904e-05 7.930e-06 7.202e-05 -1.000 1.636e-04 -3.081 -3.427 -3.038 -2.750 -2.391 -2.071 -1.039 -0.681 -0.666 -0.460 -0.423 -0.400 -0.368 -0.318 -0.304 -0.226 -0.213 -0.095
0.00015547 -2.00000 6.70000 6.1999998093 2.6189141709    6.200  3.187  4.4151  4.656    1  0.000  0.538     0.00     0.00     0.00     0.00     0.00 -1    -1e-30      0.00 7.507e-01 2.491e-01 2.904e-05 7.930e-06 7.202e-05 -1.000 1.636e-04 -3.197 -3.544 -3.148 -2.853 -2.489 -2.164 -1.126 -0.765 -0.749 -0.540 -0.502 -0.478 -0.445 -0.393 -0.379 -0.299 -0.286 -0.166
0.00015547 -2.00000 6.70000 6.4000000954 2.6195216279    6.399  3.232  4.4215  4.650    1  0.000  0.538     0.00     0.00     0.00     0.00     0.00 -1    -1e-30      0.00 7.507e-01 2.491e-01 2.904e-05 7.930e-06 7.202e-05 -1.000 1.637e-04 -3.310 -3.657 -3.254 -2.952 -2.583 -2.253 -1.209 -0.847 -0.830 -0.617 -0.578 -0.554 -0.520 -0.467 -0.452 -0.370 -0.357 -0.236
0.00015547 -2.00000 6.70000 7.0000000000 2.6211069280    6.996  3.359  4.4393  4.633    1  0.000  0.538     0.00     0.00     0.00     0.00     0.00 -1    -1e-30      0.00 7.507e-01 2.491e-01 2.904e-05 7.930e-06 7.202e-05 -1.000 1.636e-04 -3.627 -3.961 -3.541 -3.228 -2.851 -2.513 -1.436 -1.069 -1.053 -0.838 -0.798 -0.771 -0.736 -0.678 -0.663 -0.575 -0.561 -0.433
0.00015547 -2.00000 6.70000 7.5895180702 2.6223871917    7.588  3.472  4.4550  4.618    1  0.000  0.538     0.00     0.00     0.00     0.00     0.00 -1    -1e-30      0.00 7.507e-01 2.491e-01 2.904e-05 7.930e-06 7.202e-05 -1.000 1.637e-04 -3.911 -4.234 -3.803 -3.478 -3.095 -2.750 -1.646 -1.274 -1.258 -1.041 -1.001 -0.973 -0.936 -0.876 -0.861 -0.769 -0.755 -0.622
0.00015547 -2.00000 6.70000 8.0000000000 2.6231516585    8.001  3.547  4.4651  4.607    1  0.000  0.538     0.00     0.00     0.00     0.00     0.00 -1    -1e-30      0.00 7.507e-01 2.491e-01 2.904e-05 7.930e-06 7.202e-05 -1.000 1.636e-04 -4.097 -4.416 -3.983 -3.649 -3.260 -2.911 -1.794 -1.417 -1.400 -1.180 -1.139 -1.111 -1.075 -1.016 -1.001 -0.909 -0.895 -0.760
0.00015547 -2.00000 6.70000 8.6779556274 2.6242340394    8.674  3.661  4.4804  4.589    1  0.000  0.538     0.00     0.00     0.00     0.00     0.00 -1    -1e-30      0.00 7.507e-01 2.491e-01 2.904e-05 7.930e-06 7.202e-05 -1.000 1.636e-04 -4.381 -4.691 -4.249 -3.903 -3.506 -3.150 -2.016 -1.633 -1.614 -1.389 -1.347 -1.320 -1.282 -1.225 -1.209 -1.118 -1.103 -0.965
0.00015547 -2.00000 6.70000 9.0000000000 2.6246829947    8.995  3.712  4.4872  4.581    1  0.000  0.538     0.00     0.00     0.00     0.00     0.00 -1    -1e-30      0.00 7.507e-01 2.491e-01 2.904e-05 7.930e-06 7.202e-05 -1.000 1.636e-04 -4.510 -4.812 -4.363 -4.011 -3.611 -3.252 -2.112 -1.728 -1.708 -1.481 -1.438 -1.411 -1.373 -1.315 -1.300 -1.208 -1.193 -1.053
0.00015547 -2.00000 6.70000 9.5205821991 2.6253353988    9.517  3.790  4.4975  4.568    1  0.000  0.538     0.00     0.00     0.00     0.00     0.00 -1    -1e-30      0.00 7.507e-01 2.491e-01 2.904e-05 7.930e-06 7.202e-05 -1.000 1.636e-04 -4.705 -4.996 -4.536 -4.176 -3.772 -3.408 -2.260 -1.872 -1.852 -1.621 -1.578 -1.550 -1.512 -1.454 -1.438 -1.345 -1.330 -1.188
0.00015547 -2.00000 6.70000 10.0000000000 2.6258676431    9.998  3.859  4.5064  4.557    1  0.000  0.538     0.00     0.00     0.00     0.00     0.00 -1    -1e-30      0.00 7.507e-01 2.491e-01 2.904e-05 7.930e-06 7.202e-05 -1.000 1.636e-04 -4.877 -5.155 -4.690 -4.326 -3.918 -3.551 -2.392 -2.002 -1.981 -1.747 -1.703 -1.675 -1.635 -1.575 -1.560 -1.465 -1.450 -1.305
0.00015547 -2.00000 6.70000 10.3212490082 2.6261926495   10.320  3.903  4.5121  4.549    1  0.000  0.538     0.00     0.00     0.00     0.00     0.00 -1    -1e-30      0.00 7.507e-01 2.491e-01 2.904e-05 7.930e-06 7.202e-05 -1.000 1.637e-04 -4.987 -5.256 -4.789 -4.422 -4.013 -3.643 -2.476 -2.085 -2.064 -1.829 -1.784 -1.754 -1.714 -1.652 -1.637 -1.541 -1.526 -1.380
0.00015547 -2.00000 6.70000 11.0000000000 2.6268081058   11.001  3.992  4.5233  4.533    1  0.000  0.538     0.00     0.00     0.00     0.00     0.00 -1    -1e-30      0.00 7.507e-01 2.491e-01 2.904e-05 7.930e-06 7.202e-05 -1.000 1.636e-04 -5.209 -5.461 -4.989 -4.619 -4.205 -3.830 -2.647 -2.254 -2.233 -1.994 -1.947 -1.916 -1.874 -1.810 -1.795 -1.696 -1.681 -1.533
0.00015547 -2.00000 6.70000 11.4775924683 2.6271913537   11.479  4.050  4.5306  4.522    1  0.000  0.538     0.00     0.00     0.00     0.00     0.00 -1    -1e-30      0.00 7.507e-01 2.491e-01 2.904e-05 7.930e-06 7.202e-05 -1.000 1.636e-04 -5.355 -5.590 -5.116 -4.742 -4.325 -3.947 -2.758 -2.363 -2.341 -2.100 -2.053 -2.021 -1.978 -1.912 -1.896 -1.795 -1.780 -1.629
0.00015547 -2.00000 6.70000 12.0000000000 2.6275706487   12.001  4.112  4.5383  4.510    1  0.000  0.538     0.00     0.00     0.00     0.00     0.00 -1    -1e-30      0.00 7.507e-01 2.491e-01 2.904e-05 7.930e-06 7.202e-05 -1.000 1.636e-04 -5.510 -5.725 -5.248 -4.871 -4.451 -4.070 -2.874 -2.477 -2.455 -2.212 -2.164 -2.131 -2.087 -2.020 -2.003 -1.899 -1.884 -1.731
0.00015547 -2.00000 6.70000 12.4369802475 2.6278599344   12.435  4.161  4.5442  4.501    1  0.000  0.539     0.00     0.00     0.00     0.00     0.00 -1 -4.94e-26      0.00 7.507e-01 2.491e-01 2.913e-05 7.932e-06 7.202e-05 -1.000 1.636e-04 -5.632 -5.832 -5.353 -4.972 -4.551 -4.168 -2.966 -2.567 -2.545 -2.300 -2.252 -2.218 -2.174 -2.105 -2.088 -1.981 -1.966 -1.811
0.00015547 -2.00000 6.70000 13.2735261917 2.6283531264   13.267  4.250  4.5549  4.482    1  0.000  0.542     0.00     0.00     0.00     0.00     0.00 -1 -1.78e-17      0.00 7.507e-01 2.491e-01 2.929e-05 7.936e-06 7.201e-05 -1.000 1.636e-04 -5.856 -6.009 -5.536 -5.155 -4.731 -4.346 -3.133 -2.732 -2.710 -2.466 -2.418 -2.384 -2.341 -2.272 -2.254 -2.146 -2.131 -1.974
0.00015547 -2.00000 6.70000 13.9999990463 2.6287268953   13.991  4.325  4.5636  4.466    1  0.000  0.545     0.00     0.00     0.00     0.00     0.00 -1 -1.86e-10      0.00 7.507e-01 2.491e-01 2.943e-05 7.939e-06 7.201e-05 -1.000 1.636e-04 -6.041 -6.143 -5.681 -5.303 -4.879 -4.493 -3.272 -2.869 -2.846 -2.604 -2.558 -2.526 -2.483 -2.416 -2.400 -2.293 -2.277 -2.120
0.00015547 -2.00000 6.70000 14.0684118271 2.6287598137   14.060  4.331  4.5643  4.464    1  0.000  0.545     0.00     0.00     0.00     0.00     0.00 -1 -1.91e-10      0.00 7.507e-01 2.491e-01 2.943e-05 7.939e-06 7.201e-05 -1.000 1.636e-04 -6.058 -6.155 -5.694 -5.316 -4.892 -4.506 -3.284 -2.881 -2.859 -2.617 -2.570 -2.538 -2.496 -2.429 -2.412 -2.306 -2.290 -2.133
0.00015547 -2.00000 6.70000 15.2280569077 2.6292664662   15.225  4.440  4.5764  4.438    1  0.000  0.545     0.00     0.00     0.00     0.00     0.00 -1 -3.13e-10      0.00 7.507e-01 2.491e-01 2.943e-05 7.939e-06 7.201e-05 -1.000 1.636e-04 -6.330 -6.356 -5.906 -5.533 -5.108 -4.721 -3.488 -3.082 -3.060 -2.821 -2.776 -2.745 -2.704 -2.640 -2.624 -2.519 -2.503 -2.345
0.00015547 -2.00000 6.70000 16.0000000000 2.6295573144   16.000  4.509  4.5838  4.420    1  0.000  0.545     0.00     0.00     0.00     0.00     0.00 -1 -4.28e-10      0.00 7.507e-01 2.491e-01 2.943e-05 7.939e-06 7.201e-05 -1.000 1.636e-04 -6.503 -6.484 -6.031 -5.657 -5.233 -4.847 -3.608 -3.202 -3.181 -2.944 -2.899 -2.869 -2.828 -2.765 -2.748 -2.645 -2.629 -2.471
0.00015547 -2.00000 6.70000 16.0896511078 2.6295890188   16.089  4.517  4.5846  4.418    1  0.000  0.545     0.00     0.00     0.00     0.00     0.00 -1 -4.42e-10      0.00 7.507e-01 2.491e-01 2.943e-05 7.939e-06 7.201e-05 -1.000 1.636e-04 -6.522 -6.498 -6.045 -5.671 -5.247 -4.861 -3.621 -3.215 -3.194 -2.958 -2.913 -2.882 -2.842 -2.778 -2.762 -2.659 -2.643 -2.485
0.00015547 -2.00000 6.70000 17.1881752014 2.6299468276   17.179  4.607  4.5937  4.393    1  0.000  0.545     0.00     0.00     0.00     0.00     0.00 -1 -6.49e-10      0.00 7.507e-01 2.491e-01 2.943e-05 7.939e-06 7.201e-05 -1.000 1.636e-04 -6.747 -6.667 -6.210 -5.836 -5.413 -5.029 -3.781 -3.375 -3.355 -3.121 -3.077 -3.047 -3.007 -2.944 -2.928 -2.826 -2.810 -2.652
0.00015547 -2.00000 6.70000 18.0000000000 2.6301792302   17.986  4.670  4.5998  4.374    1  0.000  0.545     0.00     0.00     0.00     0.00     0.00 -1 -8.56e-10      0.00 7.507e-01 2.491e-01 2.943e-05 7.939e-06 7.201e-05 -1.000 1.636e-04 -6.906 -6.787 -6.328 -5.955 -5.532 -5.149 -3.896 -3.490 -3.470 -3.239 -3.195 -3.165 -3.126 -3.064 -3.048 -2.946 -2.931 -2.773
0.00015547 -2.00000 6.70000 18.8417530060 2.6303960444   18.829  4.732  4.6055  4.355    1  0.000  0.545     0.00     0.00     0.00     0.00     0.00 -1 -1.12e-09      0.00 7.507e-01 2.491e-01 2.943e-05 7.939e-06 7.201e-05 -1.000 1.637e-04 -7.059 -6.903 -6.443 -6.069 -5.645 -5.260 -4.006 -3.599 -3.580 -3.349 -3.306 -3.276 -3.237 -3.175 -3.159 -3.057 -3.042 -2.883
0.00015547 -2.00000 6.70000 19.8528366089 2.6306287278   19.842  4.803  4.6115  4.330    1  0.000  0.545     0.00     0.00     0.00     0.00     0.00 -1 -1.51e-09      0.00 7.507e-01 2.491e-01 2.943e-05 7.939e-06 7.201e-05 -1.000 1.636e-04 -7.238 -7.041 -6.580 -6.205 -5.780 -5.394 -4.137 -3.729 -3.710 -3.481 -3.438 -3.408 -3.370 -3.308 -3.292 -3.190 -3.174 -3.015
0.00015547 -2.00000 6.70000 20.0000000000 2.6306603470   19.990  4.814  4.6123  4.326    1  0.000  0.545     0.00     0.00     0.00     0.00     0.00 -1 -1.57e-09      0.00 7.507e-01 2.491e-01 2.943e-05 7.939e-06 7.201e-05 -1.000 1.637e-04 -7.264 -7.061 -6.601 -6.225 -5.799 -5.414 -4.156 -3.749 -3.729 -3.500 -3.457 -3.428 -3.390 -3.328 -3.312 -3.210 -3.194 -3.034
0.00015547 -2.00000 6.70000 21.1227054596 2.6308849866   21.113  4.886  4.6176  4.299    1  0.000  0.545     0.00     0.00     0.00     0.00     0.00 -1 -2.13e-09      0.00 7.507e-01 2.491e-01 2.943e-05 7.939e-06 7.201e-05 -1.000 1.636e-04 -7.445 -7.206 -6.744 -6.367 -5.940 -5.554 -4.294 -3.886 -3.867 -3.638 -3.596 -3.567 -3.529 -3.469 -3.452 -3.350 -3.334 -3.173
0.00015547 -2.00000 6.70000 22.3529987335 2.6311015975   22.343  4.962  4.6225  4.267    1  0.000  0.545     0.00     0.00     0.00     0.00     0.00 -1 -2.92e-09      0.00 7.507e-01 2.491e-01 2.943e-05 7.939e-06 7.201e-05 -1.000 1.636e-04 -7.634 -7.361 -6.899 -6.520 -6.092 -5.705 -4.444 -4.034 -4.015 -3.788 -3.746 -3.717 -3.680 -3.620 -3.604 -3.502 -3.486 -3.324
0.00015547 -2.00000 6.70000 23.5671977997 2.6312900771   23.556  5.033  4.6263  4.234    1  0.000  0.545     0.00     0.00     0.00     0.00     0.00 -1 -3.94e-09      0.00 7.507e-01 2.491e-01 2.943e-05 7.939e-06 7.201e-05 -1.000 1.636e-04 -7.814 -7.512 -7.050 -6.670 -6.242 -5.853 -4.591 -4.182 -4.163 -3.936 -3.894 -3.866 -3.829 -3.769 -3.753 -3.651 -3.635 -3.474
0.00015547 -2.00000 6.70000 24.0000000000 2.6313519822   23.988  5.059  4.6273  4.221    1  0.000  0.545     0.00     0.00     0.00     0.00     0.00 -1 -4.38e-09      0.00 7.507e-01 2.491e-01 2.943e-05 7.939e-06 7.201e-05 -1.000 1.637e-04 -7.876 -7.567 -7.105 -6.725 -6.297 -5.908 -4.646 -4.236 -4.217 -3.990 -3.948 -3.920 -3.883 -3.824 -3.808 -3.706 -3.690 -3.529
0.00015547 -2.00000 6.70000 24.8903636932 2.6314715832   24.872  5.106  4.6288  4.195    1  0.000  0.545     0.00     0.00     0.00     0.00     0.00 -1  -5.3e-09      0.00 7.507e-01 2.491e-01 2.943e-05 7.939e-06 7.201e-05 -1.000 1.636e-04 -7.995 -7.672 -7.211 -6.831 -6.403 -6.014 -4.752 -4.342 -4.323 -4.096 -4.054 -4.026 -3.989 -3.930 -3.914 -3.813 -3.797 -3.637
0.00015547 -2.00000 6.70000 26.1389541626 2.6316236248   26.110  5.170  4.6298  4.156    1  0.000  0.545     0.00     0.00     0.00     0.00     0.00 -1 -6.89e-09      0.00 7.507e-01 2.491e-01 2.943e-05 7.939e-06 7.201e-05 -1.000 1.636e-04 -8.155 -7.821 -7.360 -6.981 -6.553 -6.163 -4.901 -4.492 -4.473 -4.246 -4.205 -4.177 -4.140 -4.082 -4.066 -3.966 -3.950 -3.790
0.00015547 -2.00000 6.70000 27.2866420746 2.6317493587   27.248  5.227  4.6297  4.117    1  0.000  0.545     0.00     0.00     0.00     0.00     0.00 -1 -8.67e-09      0.00 7.507e-01 2.491e-01 2.943e-05 7.939e-06 7.201e-05 -1.000 1.636e-04 -8.298 -7.959 -7.499 -7.119 -6.691 -6.302 -5.040 -4.631 -4.612 -4.386 -4.345 -4.318 -4.281 -4.223 -4.207 -4.108 -4.092 -3.933
0.00015547 -2.00000 6.70000 28.0000000000 2.6318215644   27.957  5.262  4.6288  4.090    1  0.000  0.545     0.00     0.00     0.00     0.00     0.00 -1 -9.95e-09      0.00 7.507e-01 2.491e-01 2.943e-05 7.939e-06 7.201e-05 -1.000 1.637e-04 -8.384 -8.046 -7.586 -7.207 -6.779 -6.390 -5.129 -4.720 -4.701 -4.476 -4.435 -4.408 -4.372 -4.314 -4.299 -4.200 -4.184 -4.025
0.00015547 -2.00000 6.70000 29.1462593079 2.6319291194   29.096  5.314  4.6265  4.046    1  0.000  0.545     0.00     0.00     0.00     0.00     0.00 -1 -1.23e-08      0.00 7.507e-01 2.491e-01 2.943e-05 7.939e-06 7.201e-05 -1.000 1.636e-04 -8.514 -8.182 -7.723 -7.345 -6.917 -6.529 -5.268 -4.859 -4.841 -4.619 -4.579 -4.552 -4.517 -4.460 -4.445 -4.347 -4.331 -4.172
0.00015547 -2.00000 6.70000 30.0000000000 2.6320031152   29.947  5.351  4.6238  4.010    1  0.000  0.545     0.00     0.00     0.00     0.00     0.00 -1 -1.44e-08      0.00 7.507e-01 2.491e-01 2.943e-05 7.939e-06 7.201e-05 -1.000 1.636e-04 -8.609 -8.285 -7.828 -7.450 -7.023 -6.637 -5.377 -4.969 -4.951 -4.730 -4.691 -4.665 -4.630 -4.574 -4.559 -4.462 -4.446 -4.288
0.00015547 -2.00000 6.70000 31.0790157318 2.6320899805   31.019  5.396  4.6196  3.964    1  0.000  0.545     0.00     0.00     0.00     0.00     0.00 -1  -1.7e-08      0.00 7.507e-01 2.491e-01 2.943e-05 7.939e-06 7.201e-05 -1.000 1.636e-04 -8.719 -8.410 -7.958 -7.585 -7.161 -6.777 -5.519 -5.113 -5.096 -4.876 -4.836 -4.810 -4.775 -4.719 -4.704 -4.608 -4.592 -4.436
0.00015547 -2.00000 6.70000 32.3558731079 2.6321842148   32.286  5.446  4.6126  3.903    1  0.000  0.545     0.00     0.00     0.00     0.00     0.00 -1 -2.06e-08      0.00 7.507e-01 2.491e-01 2.943e-05 7.939e-06 7.201e-05 -1.000 1.636e-04 -8.846 -8.563 -8.119 -7.754 -7.333 -6.952 -5.699 -5.296 -5.279 -5.060 -5.020 -4.994 -4.959 -4.902 -4.886 -4.791 -4.775 -4.622
0.00015547 -2.00000 6.70000 33.4540901184 2.6322586827   33.374  5.489  4.6042  3.841    1  0.000  0.545     0.00     0.00     0.00     0.00     0.00 -1 -2.41e-08      0.00 7.507e-01 2.491e-01 2.943e-05 7.939e-06 7.201e-05 -1.000 1.636e-04 -8.953 -8.704 -8.269 -7.910 -7.493 -7.115 -5.867 -5.467 -5.450 -5.232 -5.192 -5.165 -5.130 -5.072 -5.057 -4.961 -4.946 -4.795
0.00015547 -2.00000 6.70000 34.5435562134 2.6323272027   34.452  5.531  4.5938  3.771    1  0.000  0.545     0.00     0.00     0.00     0.00     0.00 -1 -2.78e-08      0.00 7.507e-01 2.491e-01 2.943e-05 7.939e-06 7.201e-05 -1.000 1.637e-04 -9.057 -8.857 -8.430 -8.075 -7.660 -7.282 -6.041 -5.643 -5.626 -5.408 -5.368 -5.340 -5.304 -5.246 -5.231 -5.135 -5.120 -4.970
0.00015547 -2.00000 6.70000 35.0000000000 2.6323544560   34.908  5.548  4.5890  3.741    1  0.000  0.545     0.00     0.00     0.00     0.00     0.00 -1 -2.95e-08      0.00 7.507e-01 2.491e-01 2.943e-05 7.939e-06 7.201e-05 -1.000 1.636e-04 -9.100 -8.924 -8.500 -8.146 -7.731 -7.353 -6.115 -5.718 -5.701 -5.483 -5.442 -5.415 -5.379 -5.320 -5.305 -5.209 -5.194 -5.045
0.00015547 -2.00000 6.70000 35.0346832275 2.6323564935   34.942  5.549  4.5886  3.739    1  0.000  0.545     0.00     0.00     0.00     0.00     0.00 -1 -2.96e-08      0.00 7.507e-01 2.491e-01 2.943e-05 7.939e-06 7.201e-05 -1.000 1.636e-04 -9.103 -8.929 -8.505 -8.151 -7.736 -7.358 -6.120 -5.723 -5.706 -5.488 -5.448 -5.420 -5.384 -5.326 -5.310 -5.215 -5.200 -5.050
0.00015547 -2.00000 6.70000 36.0140228271 2.6324121681   35.915  5.583  4.5772  3.671    1  0.000  0.545     0.00     0.00     0.00     0.00     0.00 -1 -3.27e-08      0.00 7.507e-01 2.491e-01 2.943e-05 7.939e-06 7.201e-05 -1.000 1.636e-04 -9.187 -9.073 -8.656 -8.304 -7.889 -7.512 -6.281 -5.886 -5.869 -5.651 -5.610 -5.583 -5.547 -5.489 -5.474 -5.378 -5.363 -5.215
0.00015547 -2.00000 6.70000 36.6234970093 2.6324450929   36.521  5.604  4.5684  3.622    1  0.000  0.545     0.00     0.00     0.00     0.00     0.00 -1 -3.45e-08      0.00 7.507e-01 2.491e-01 2.943e-05 7.939e-06 7.201e-05 -1.000 1.636e-04 -9.240 -9.169 -8.758 -8.408 -7.995 -7.619 -6.393 -5.999 -5.982 -5.764 -5.724 -5.696 -5.661 -5.603 -5.588 -5.494 -5.479 -5.332
0.00015547 -2.00000 6.70000 37.2271842957 2.6324764858   37.120  5.625  4.5586  3.569    1  0.000  0.545     0.00     0.00     0.00     0.00     0.00 -1 -3.61e-08      0.00 7.507e-01 2.491e-01 2.943e-05 7.939e-06 7.201e-05 -1.000 1.636e-04 -9.292 -9.271 -8.867 -8.521 -8.109 -7.734 -6.514 -6.121 -6.104 -5.885 -5.844 -5.817 -5.781 -5.723 -5.708 -5.615 -5.600 -5.454
0.00015547 -2.00000 6.70000 37.7993965149 2.6325051800   37.688  5.644  4.5488  3.517    1  0.000  0.545     0.00     0.00     0.00     0.00     0.00 -1 -3.74e-08      0.00 7.507e-01 2.491e-01 2.943e-05 7.939e-06 7.201e-05 -1.000 1.636e-04 -9.341 -9.373 -8.977 -8.633 -8.222 -7.847 -6.632 -6.240 -6.223 -6.003 -5.961 -5.934 -5.897 -5.839 -5.825 -5.732 -5.717 -5.571
0.00015547 -2.00000 6.70000 38.3760795593 2.6325331049   38.260  5.664  4.5393  3.466    1  0.000  0.545     0.00     0.00     0.00     0.00     0.00 -1 -3.86e-08      0.00 7.507e-01 2.491e-01 2.943e-05 7.939e-06 7.201e-05 -1.000 1.636e-04 -9.390 -9.476 -9.081 -8.736 -8.325 -7.950 -6.740 -6.348 -6.330 -6.108 -6.067 -6.040 -6.004 -5.948 -5.933 -5.841 -5.826 -5.682
0.00015547 -2.00000 6.70000 39.1926422119 2.6325710338   39.070  5.692  4.5287  3.404    1  0.000  0.545     0.00     0.00     0.00     0.00     0.00 -1 -4.06e-08      0.00 7.507e-01 2.491e-01 2.943e-05 7.939e-06 7.201e-05 -1.000 1.636e-04 -9.460 -9.608 -9.214 -8.867 -8.455 -8.080 -6.876 -6.483 -6.464 -6.241 -6.200 -6.174 -6.139 -6.084 -6.069 -5.979 -5.964 -5.820
0.00015547 -2.00000 6.70000 39.5220069885 2.6325858234   39.396  5.710  4.5424  3.445    1  0.000  0.545     0.00     0.00     0.00     0.00     0.00 -1 -4.74e-08      0.00 7.507e-01 2.491e-01 2.943e-05 7.939e-06 7.201e-05 -1.000 1.636e-04 -9.505 -9.573 -9.178 -8.833 -8.422 -8.047 -6.836 -6.444 -6.426 -6.205 -6.164 -6.137 -6.100 -6.043 -6.029 -5.937 -5.922 -5.777
0.00015547 -2.00000 6.70000 39.5728492737 2.6325880812   39.447  5.717  4.5518  3.476    1  0.000  0.545     0.00     0.00     0.00     0.00     0.00 -1 -5.13e-08      0.00 7.507e-01 2.491e-01 2.943e-05 7.939e-06 7.201e-05 -1.000 1.636e-04 -9.522 -9.534 -9.138 -8.795 -8.384 -8.009 -6.794 -6.402 -6.384 -6.165 -6.123 -6.096 -6.059 -6.001 -5.987 -5.894 -5.879 -5.734
0.00015547 -2.00000 6.70000 39.5878410339 2.6325887457   39.462  5.722  4.5601  3.504    1  0.000  0.545     0.00     0.00     0.00     0.00     0.00 -1 -5.48e-08      0.00 7.507e-01 2.491e-01 2.943e-05 7.939e-06 7.201e-05 -1.000 1.636e-04 -9.536 -9.496 -9.097 -8.753 -8.341 -7.966 -6.746 -6.354 -6.337 -6.120 -6.079 -6.052 -6.016 -5.959 -5.944 -5.851 -5.836 -5.691
0.00015547 -2.00000 6.70000 39.5964851379 2.6325891286   39.472  5.727  4.5672  3.528    1  0.000  0.545     0.00     0.00     0.00     0.00     0.00 -1  -5.8e-08      0.00 7.507e-01 2.491e-01 2.943e-05 7.939e-06 7.201e-05 -1.000 1.636e-04 -9.548 -9.467 -9.064 -8.718 -8.306 -7.930 -6.707 -6.314 -6.298 -6.081 -6.041 -6.014 -5.979 -5.922 -5.907 -5.814 -5.799 -5.654
0.00015547 -2.00000 6.70000 39.6089591980 2.6325896807   39.482  5.734  4.5759  3.557    1  0.000  0.545     0.00     0.00     0.00     0.00     0.00 -1 -6.18e-08      0.00 7.507e-01 2.491e-01 2.943e-05 7.939e-06 7.201e-05 -1.000 1.636e-04 -9.564 -9.433 -9.025 -8.677 -8.265 -7.888 -6.660 -6.267 -6.251 -6.035 -5.995 -5.968 -5.933 -5.876 -5.861 -5.768 -5.754 -5.607
0.00015547 -2.00000 6.70000 39.6195793152 2.6325901505   39.493  5.736  4.5717  3.537    2  0.000  0.545     0.00     0.00     0.00     0.00     0.00 -1 -6.14e-08      0.00 7.507e-01 2.491e-01 2.943e-05 7.939e-06 7.201e-05 -1.000 1.636e-04 -9.571 -9.463 -9.058 -8.711 -8.299 -7.923 -6.697 -6.304 -6.288 -6.072 -6.032 -6.006 -5.970 -5.914 -5.899 -5.806 -5.791 -5.645
0.00015547 -2.00000 6.70000 39.6334609985 2.6325907641   39.507  5.744  4.5612  3.487    2  0.000  0.545     0.00     0.00     0.00     0.00     0.00 -1 -6.12e-08      0.00 7.507e-01 2.491e-01 2.943e-05 7.939e-06 7.201e-05 -1.000 1.636e-04 -9.590 -9.542 -9.143 -8.799 -8.388 -8.013 -6.793 -6.401 -6.384 -6.166 -6.126 -6.098 -6.063 -6.006 -5.991 -5.898 -5.883 -5.738
0.00015547 -2.00000 6.70000 39.6415290833 2.6325911206   39.515  5.748  4.5505  3.441    2  0.000  0.545     0.00     0.00     0.00     0.00     0.00 -1 -5.98e-08      0.00 7.507e-01 2.491e-01 2.943e-05 7.939e-06 7.201e-05 -1.000 1.636e-04 -9.600 -9.621 -9.225 -8.882 -8.472 -8.097 -6.882 -6.490 -6.472 -6.252 -6.211 -6.183 -6.147 -6.089 -6.074 -5.981 -5.966 -5.821
0.00015547 -2.00000 6.70000 39.6435508728 2.6325912098   39.517  5.749  4.5473  3.427    2  0.000  0.545     0.00     0.00     0.00     0.00     0.00 -1 -5.96e-08      0.00 7.507e-01 2.491e-01 2.943e-05 7.939e-06 7.201e-05 -1.000 1.636e-04 -9.602 -9.641 -9.246 -8.903 -8.492 -8.117 -6.903 -6.512 -6.494 -6.273 -6.232 -6.204 -6.168 -6.110 -6.096 -6.003 -5.988 -5.843
0.00015547 -2.00000 6.70000 39.6457672119 2.6325913077   39.519  5.749  4.5433  3.410    2  0.000  0.545     0.00     0.00     0.00     0.00     0.00 -1 -5.86e-08      0.00 7.507e-01 2.491e-01 2.943e-05 7.939e-06 7.201e-05 -1.000 1.636e-04 -9.604 -9.666 -9.272 -8.927 -8.516 -8.141 -6.930 -6.538 -6.520 -6.299 -6.257 -6.230 -6.194 -6.137 -6.122 -6.030 -6.015 -5.870
0.00015547 -2.00000 6.70000 39.6509399414 2.6325915361   39.524  5.751  4.5335  3.370    3  0.000  0.545     0.10     0.49     0.43     0.28     0.23  3 -5.62e-08      0.00 7.507e-01 2.491e-01 2.943e-05 7.939e-06 7.201e-05 -1.000 1.636e-04 -9.607 -9.726 -9.332 -8.986 -8.574 -8.200 -6.993 -6.600 -6.582 -6.359 -6.318 -6.292 -6.256 -6.200 -6.186 -6.095 -6.080 -5.935
0.00015547 -2.00000 6.70000 39.6542701721 2.6325916831   39.528  5.752  4.5270  3.343    3  0.000  0.545     0.11     0.52     0.45     0.29     0.24  3 -5.45e-08      0.00 7.507e-01 2.491e-01 2.943e-05 7.939e-06 7.201e-05 -1.000 1.636e-04 -9.610 -9.767 -9.373 -9.026 -8.614 -8.239 -7.036 -6.643 -6.624 -6.401 -6.359 -6.333 -6.298 -6.243 -6.229 -6.138 -6.124 -5.980
0.00015547 -2.00000 6.70000 39.6566200256 2.6325917868   39.530  5.753  4.5220  3.322    3  0.000  0.545     0.11     0.54     0.46     0.30     0.25  3 -5.34e-08      0.00 7.507e-01 2.491e-01 2.943e-05 7.939e-06 7.201e-05 -1.000 1.636e-04 -9.612 -9.788 -9.400 -9.055 -8.645 -8.273 -7.073 -6.681 -6.663 -6.442 -6.401 -6.375 -6.340 -6.286 -6.271 -6.182 -6.167 -6.024
0.00015547 -2.00000 6.70000 39.6637001038 2.6325920991   39.537  5.756  4.5074  3.261    3  0.000  0.545     0.13     0.60     0.52     0.33     0.28  3 -5.01e-08      0.00 7.507e-01 2.491e-01 2.943e-05 7.939e-06 7.201e-05 -1.000 1.637e-04 -9.619 -9.828 -9.468 -9.145 -8.748 -8.388 -7.198 -6.815 -6.801 -6.594 -6.556 -6.532 -6.499 -6.446 -6.431 -6.343 -6.329 -6.191
0.00015547 -2.00000 6.70000 39.6694831848 2.6325923542   39.543  5.758  4.4959  3.212    3  0.000  0.545     0.15     0.66     0.56     0.36     0.30  3 -4.77e-08      0.00 7.507e-01 2.491e-01 2.943e-05 7.939e-06 7.201e-05 -1.000 1.636e-04 -9.626 -9.857 -9.520 -9.212 -8.824 -8.472 -7.292 -6.915 -6.903 -6.707 -6.671 -6.647 -6.616 -6.564 -6.549 -6.463 -6.449 -6.316
0.00015547 -2.00000 6.70000 39.6781921387 2.6325927381   39.552  5.763  4.4817  3.151    3  0.000  0.545     0.18     0.73     0.62     0.40     0.34  3 -4.47e-08      0.00 7.507e-01 2.491e-01 2.943e-05 7.939e-06 7.201e-05 -1.000 1.636e-04 -9.637 -9.892 -9.571 -9.273 -8.890 -8.544 -7.372 -6.999 -6.989 -6.798 -6.763 -6.740 -6.709 -6.657 -6.642 -6.556 -6.542 -6.411
0.00015547 -2.00000 6.70000 39.6887130737 2.6325932016   39.562  5.767  4.4681  3.093    3  0.000  0.545     0.21     0.82     0.69     0.45     0.37  3 -4.09e-08      0.00 7.507e-01 2.491e-01 2.943e-05 7.939e-06 7.201e-05 -1.000 1.636e-04 -9.648 -9.938 -9.627 -9.335 -8.956 -8.614 -7.450 -7.080 -7.070 -6.880 -6.846 -6.822 -6.792 -6.739 -6.724 -6.638 -6.624 -6.494
0.00015547 -2.00000 6.70000 39.7002983093 2.6325937117   39.573  5.771  4.4573  3.045    3  0.000  0.545     0.24     0.89     0.75     0.49     0.40  3 -3.72e-08      0.00 7.507e-01 2.491e-01 2.943e-05 7.939e-06 7.201e-05 -1.000 1.636e-04 -9.658 -9.996 -9.689 -9.398 -9.018 -8.676 -7.520 -7.149 -7.138 -6.943 -6.907 -6.882 -6.850 -6.796 -6.781 -6.693 -6.679 -6.549
0.00015547 -2.00000 6.70000 39.7244071960 2.6325947721   39.597  5.777  4.4447  2.989    3  0.000  0.545     0.28     0.98     0.82     0.54     0.45  3 -3.26e-08      0.00 7.507e-01 2.491e-01 2.943e-05 7.939e-06 7.201e-05 -1.000 1.637e-04 -9.673 -10.064 -9.760 -9.471 -9.092 -8.750 -7.602 -7.232 -7.219 -7.020 -6.983 -6.957 -6.924 -6.868 -6.852 -6.762 -6.748 -6.619
0.00015547 -2.00000 6.70000 39.7604522705 2.6325963548   39.633  5.781  4.4402  2.968    3  0.000  0.545     0.29     1.02     0.86     0.56     0.46  3    -3e-08      0.00 7.507e-01 2.491e-01 2.943e-05 7.939e-06 7.201e-05 -1.000 1.636e-04 -9.683 -10.087 -9.781 -9.494 -9.116 -8.776 -7.632 -7.261 -7.249 -7.050 -7.014 -6.988 -6.955 -6.899 -6.883 -6.793 -6.780 -6.651
0.00015547 -2.00000 6.70000 39.7846260071 2.6325974144   39.657  5.782  4.4410  2.970    4  0.000  0.545     0.00     0.00     0.00     0.00     0.00 -1 -3.05e-08      0.00 7.507e-01 2.491e-01 2.943e-05 7.939e-06 7.201e-05 -1.000 1.636e-04 -9.686 -10.087 -9.782 -9.494 -9.116 -8.776 -7.631 -7.261 -7.248 -7.049 -7.013 -6.987 -6.954 -6.898 -6.882 -6.792 -6.778 -6.650
0.00015547 -2.00000 6.70000 39.8111610413 2.6325985758   39.684  5.783  4.4426  2.976    4  0.000  0.545     0.00     0.00     0.00     0.00     0.00 -1 -3.11e-08      0.00 7.507e-01 2.491e-01 2.943e-05 7.939e-06 7.201e-05 -1.000 1.636e-04 -9.687 -10.084 -9.779 -9.491 -9.113 -8.772 -7.626 -7.255 -7.243 -7.044 -7.007 -6.981 -6.948 -6.892 -6.876 -6.786 -6.772 -6.644
0.00015547 -2.00000 6.70000 40.0000038147 2.6326067898   39.873  5.787  4.4505  3.006    5  0.000  0.545     0.00     0.00     0.00     0.00     0.00 -1 -3.43e-08      0.00 7.507e-01 2.491e-01 2.943e-05 7.939e-06 7.201e-05 -1.000 1.636e-04 -9.697 -10.070 -9.766 -9.476 -9.096 -8.752 -7.600 -7.229 -7.216 -7.016 -6.980 -6.954 -6.921 -6.865 -6.849 -6.759 -6.745 -6.614
0.00015547 -2.00000 6.70000 40.2923278809 2.6326193304   40.163  5.792  4.4576  3.032    5  0.000  0.545     0.00     0.00     0.00     0.00     0.00 -1 -3.76e-08      0.00 7.507e-01 2.491e-01 2.943e-05 7.939e-06 7.201e-05 -1.000 1.636e-04 -9.711 -10.047 -9.742 -9.452 -9.073 -8.731 -7.574 -7.204 -7.193 -6.998 -6.963 -6.938 -6.906 -6.852 -6.837 -6.749 -6.735 -6.605
0.00015547 -2.00000 6.70000 40.7614517212 2.6326390241   40.628  5.803  4.4520  3.004    6  0.000  0.545     0.00     0.00     0.00     0.00     0.00 -1 -3.69e-08      0.00 7.507e-01 2.491e-01 2.943e-05 7.939e-06 7.201e-05 -1.000 1.636e-04 -9.737 -10.101 -9.799 -9.509 -9.129 -8.786 -7.632 -7.261 -7.249 -7.051 -7.015 -6.989 -6.957 -6.901 -6.885 -6.795 -6.782 -6.651
0.00015547 -2.00000 6.70000 41.3060493469 2.6326612421   41.169  5.815  4.4407  2.953    6  0.000  0.545     0.00     0.00     0.00     0.00     0.00 -1 -3.46e-08      0.00 7.507e-01 2.491e-01 2.943e-05 7.939e-06 7.201e-05 -1.000 1.636e-04 -9.767 -10.169 -9.864 -9.576 -9.198 -8.858 -7.713 -7.343 -7.331 -7.132 -7.095 -7.069 -7.036 -6.980 -6.964 -6.875 -6.861 -6.732
0.00015547 -2.00000 6.70000 41.7102394104 2.6326773012   41.571  5.824  4.4288  2.900    6  0.000  0.545     0.00     0.00     0.00     0.00     0.00 -1 -3.25e-08      0.00 7.507e-01 2.491e-01 2.943e-05 7.939e-06 7.201e-05 -1.000 1.636e-04 -9.789 -10.226 -9.916 -9.633 -9.258 -8.922 -7.787 -7.418 -7.406 -7.208 -7.172 -7.146 -7.114 -7.058 -7.042 -6.953 -6.939 -6.813
0.00015547 -2.00000 6.70000 42.0420341492 2.6326902189   41.901  5.831  4.4167  2.848    6  0.000  0.545     0.00     0.00     0.00     0.00     0.00 -1  -3.2e-08      0.00 7.507e-01 2.491e-01 2.943e-05 7.939e-06 7.201e-05 -1.000 1.636e-04 -9.807 -10.263 -9.956 -9.679 -9.309 -8.977 -7.857 -7.492 -7.480 -7.283 -7.247 -7.221 -7.189 -7.134 -7.118 -7.031 -7.017 -6.894
0.00015547 -2.00000 6.70000 42.3060188293 2.6327003303   42.164  5.837  4.4052  2.799    6  0.000  0.545     0.00     0.00     0.00     0.00     0.00 -1 -3.19e-08      0.00 7.507e-01 2.491e-01 2.943e-05 7.939e-06 7.201e-05 -1.000 1.636e-04 -9.822 -10.289 -9.987 -9.718 -9.352 -9.023 -7.921 -7.560 -7.548 -7.352 -7.316 -7.291 -7.258 -7.203 -7.188 -7.103 -7.090 -6.969
0.00015547 -2.00000 6.70000 42.5361595154 2.6327090277   42.391  5.842  4.3937  2.750    6  0.000  0.545     0.00     0.00     0.00     0.00     0.00 -1 -3.17e-08      0.00 7.507e-01 2.491e-01 2.943e-05 7.939e-06 7.201e-05 -1.000 1.636e-04 -9.835 -10.338 -10.028 -9.755 -9.389 -9.061 -7.946 -7.595 -7.583 -7.390 -7.355 -7.331 -7.299 -7.248 -7.233 -7.148 -7.135 -7.005
0.00015547 -2.00000 6.70000 42.7655220032 2.6327175886   42.620  5.847  4.3808  2.696    6  0.000  0.545     0.00     0.00     0.00     0.00     0.00 -1 -3.18e-08      0.00 7.507e-01 2.491e-01 2.943e-05 7.939e-06 7.201e-05 -1.000 1.636e-04 -9.848 -10.356 -10.046 -9.776 -9.415 -9.093 -8.002 -7.655 -7.643 -7.454 -7.419 -7.397 -7.368 -7.319 -7.306 -7.225 -7.212 -7.087
0.00015547 -2.00000 6.70000 42.9712905884 2.6327251796   42.824  5.852  4.3683  2.643    6  0.000  0.545     0.00     0.00     0.00     0.00     0.00 -1  -3.2e-08      0.00 7.507e-01 2.491e-01 2.943e-05 7.939e-06 7.201e-05 -1.000 1.636e-04 -9.859 -10.374 -10.079 -9.820 -9.466 -9.151 -8.078 -7.738 -7.727 -7.543 -7.510 -7.489 -7.461 -7.415 -7.402 -7.325 -7.312 -7.191
0.00015547 -2.00000 6.70000 43.1456947327 2.6327315483   42.998  5.856  4.3562  2.593    6  0.000  0.545     0.00     0.00     0.00     0.00     0.00 -1 -3.71e-08      0.00 7.507e-01 2.491e-01 2.943e-05 7.939e-06 7.201e-05 -1.000 1.636e-04 -9.869 -10.396 -10.124 -9.881 -9.535 -9.228 -8.164 -7.834 -7.824 -7.649 -7.618 -7.597 -7.570 -7.525 -7.512 -7.437 -7.425 -7.306
0.00015547 -2.00000 6.70000 43.3165817261 2.6327377315   43.164  5.859  4.3431  2.538    6  0.000  0.545     0.00     0.00     0.00     0.00     0.00 -1 -8.52e-08      0.00 7.507e-01 2.491e-01 2.943e-05 7.939e-06 7.201e-05 -1.000 1.636e-04 -9.879 -10.423 -10.135 -9.886 -9.539 -9.231 -8.179 -7.867 -7.855 -7.682 -7.650 -7.628 -7.600 -7.555 -7.542 -7.464 -7.451 -7.327
0.00015547 -2.00000 6.70000 43.4539566040 2.6327426615   43.298  5.863  4.3314  2.490    6  0.000  0.545     0.00     0.00     0.00     0.00     0.00 -1 -1.46e-07      0.00 7.507e-01 2.491e-01 2.943e-05 7.939e-06 7.201e-05 -1.000 1.636e-04 -9.886 -10.392 -10.198 -10.008 -9.687 -9.401 -8.337 -7.999 -7.999 -7.848 -7.823 -7.808 -7.787 -7.750 -7.738 -7.676 -7.664 -7.563
0.00015547 -2.00000 6.70000 43.5862426758 2.6327473752   43.428  5.866  4.3182  2.435    6  0.000  0.545     0.00     0.00     0.00     0.00     0.00 -1 -1.44e-07      0.00 7.507e-01 2.491e-01 2.943e-05 7.939e-06 7.201e-05 -1.000 1.636e-04 -9.894 -10.400 -10.215 -10.032 -9.714 -9.430 -8.398 -8.064 -8.063 -7.908 -7.882 -7.866 -7.844 -7.805 -7.792 -7.730 -7.718 -7.620
0.00015547 -2.00000 6.70000 43.6825256348 2.6327507853   43.521  5.868  4.3074  2.390    6  0.000  0.545     0.00     0.00     0.00     0.00     0.00 -1 -1.62e-07      0.00 7.507e-01 2.491e-01 2.943e-05 7.939e-06 7.201e-05 -1.000 1.636e-04 -9.900 -10.407 -10.224 -10.041 -9.728 -9.449 -8.443 -8.111 -8.109 -7.951 -7.925 -7.909 -7.886 -7.848 -7.835 -7.775 -7.764 -7.670
0.00015547 -2.00000 6.70000 43.7801895142 2.6327542268   43.616  5.870  4.2951  2.340    6  0.000  0.545     0.00     0.00     0.00     0.00     0.00 -1 -2.32e-07      0.00 7.507e-01 2.491e-01 2.943e-05 7.939e-06 7.201e-05 -1.000 1.636e-04 -9.905 -10.462 -10.216 -9.998 -9.677 -9.393 -8.416 -8.129 -8.120 -7.963 -7.935 -7.916 -7.892 -7.852 -7.841 -7.771 -7.760 -7.648
0.00015547 -2.00000 6.70000 43.8482894897 2.6327566160   43.682  5.872  4.2852  2.299    6  0.000  0.545     0.00     0.00     0.00     0.00     0.00 -1 -2.66e-07      0.00 7.507e-01 2.491e-01 2.943e-05 7.939e-06 7.201e-05 -1.000 1.636e-04 -9.909 -10.470 -10.255 -10.053 -9.738 -9.461 -8.475 -8.183 -8.178 -8.027 -8.001 -7.984 -7.962 -7.925 -7.914 -7.848 -7.837 -7.727
0.00015547 -2.00000 6.70000 43.9161376953 2.6327589880   43.748  5.873  4.2737  2.252    6  0.000  0.545     0.00     0.00     0.00     0.00     0.00 -1 -2.65e-07      0.00 7.507e-01 2.491e-01 2.943e-05 7.939e-06 7.201e-05 -1.000 1.636e-04 -9.913 -10.475 -10.282 -10.093 -9.786 -9.515 -8.537 -8.247 -8.243 -8.098 -8.074 -8.058 -8.038 -8.003 -7.992 -7.929 -7.918 -7.812
0.00015547 -2.00000 6.70000 43.9790916443 2.6327611813   43.810  5.875  4.2614  2.202    6  0.000  0.545     0.00     0.00     0.00     0.00     0.00 -1  -2.6e-07      0.00 7.507e-01 2.491e-01 2.943e-05 7.939e-06 7.201e-05 -1.000 1.636e-04 -9.917 -10.477 -10.294 -10.111 -9.811 -9.547 -8.598 -8.315 -8.313 -8.171 -8.147 -8.132 -8.112 -8.079 -8.069 -8.008 -7.997 -7.895
0.00015547 -2.00000 6.70000 44.0337638855 2.6327630802   43.862  5.876  4.2483  2.149    6  0.000  0.545     0.00     0.00     0.00     0.00     0.00 -1 -2.66e-07      0.00 7.507e-01 2.491e-01 2.943e-05 7.939e-06 7.201e-05 -1.000 1.636e-04 -9.921 -10.476 -10.302 -10.127 -9.834 -9.577 -8.661 -8.388 -8.386 -8.248 -8.225 -8.211 -8.192 -8.160 -8.149 -8.091 -8.081 -7.984
0.00015547 -2.00000 6.70000 44.0741539001 2.6327644796   43.901  5.877  4.2367  2.102    6  0.000  0.545     0.00     0.00     0.00     0.00     0.00 -1 -2.84e-07      0.00 7.507e-01 2.491e-01 2.943e-05 7.939e-06 7.201e-05 -1.000 1.636e-04 -9.923 -10.473 -10.307 -10.138 -9.853 -9.602 -8.716 -8.452 -8.450 -8.315 -8.293 -8.279 -8.261 -8.230 -8.220 -8.164 -8.154 -8.062
0.00015547 -2.00000 6.70000 44.1053390503 2.6327655581   43.932  5.878  4.2256  2.057    6  0.000  0.545     0.00     0.00     0.00     0.00     0.00 -1 -2.87e-07      0.00 7.507e-01 2.491e-01 2.943e-05 7.939e-06 7.201e-05 -1.000 1.636e-04 -9.925 -10.469 -10.310 -10.147 -9.870 -9.625 -8.769 -8.513 -8.511 -8.379 -8.358 -8.345 -8.327 -8.297 -8.288 -8.234 -8.225 -8.137
0.00015547 -2.00000 6.70000 44.1324310303 2.6327664935   43.958  5.879  4.2139  2.010    6  0.000  0.545     0.00     0.00     0.00     0.00     0.00 -1  -2.8e-07      0.00 7.507e-01 2.491e-01 2.943e-05 7.939e-06 7.201e-05 -1.000 1.636e-04 -9.927 -10.462 -10.311 -10.155 -9.885 -9.648 -8.824 -8.576 -8.575 -8.447 -8.426 -8.414 -8.397 -8.368 -8.359 -8.308 -8.299 -8.216
0.00015547 -2.00000 6.70000 44.1561775208 2.6327673124   43.981  5.880  4.2007  1.956    6  0.000  0.545     0.00     0.00     0.00     0.00     0.00 -1 -2.73e-07      0.00 7.507e-01 2.491e-01 2.943e-05 7.939e-06 7.201e-05 -1.000 1.636e-04 -9.929 -10.452 -10.310 -10.162 -9.902 -9.673 -8.885 -8.647 -8.646 -8.522 -8.502 -8.491 -8.475 -8.448 -8.439 -8.391 -8.382 -8.305
0.00015547 -2.00000 6.70000 44.1720466614 2.6327678591   43.997  5.880  4.1896  1.912    6  0.000  0.545     0.00     0.00     0.00     0.00     0.00 -1 -2.66e-07      0.00 7.507e-01 2.491e-01 2.943e-05 7.939e-06 7.201e-05 -1.000 1.636e-04 -9.930 -10.440 -10.306 -10.165 -9.914 -9.693 -8.937 -8.707 -8.706 -8.586 -8.567 -8.556 -8.540 -8.515 -8.506 -8.461 -8.453 -8.380
0.00015547 -2.00000 6.70000 44.1842460632 2.6327682790   44.007  5.880  4.1778  1.864    6  0.000  0.545     0.00     0.00     0.00     0.00     0.00 -1 -2.57e-07      0.00 7.507e-01 2.491e-01 2.943e-05 7.939e-06 7.201e-05 -1.000 1.636e-04 -9.930 -10.427 -10.304 -10.171 -9.930 -9.717 -8.990 -8.767 -8.767 -8.652 -8.634 -8.624 -8.609 -8.585 -8.577 -8.535 -8.527 -8.459
0.00015547 -2.00000 6.70000 44.1914672852 2.6327685275   44.015  5.880  4.1689  1.829    6  0.000  0.545     0.00     0.00     0.00     0.00     0.00 -1 -2.51e-07      0.00 7.507e-01 2.491e-01 2.943e-05 7.939e-06 7.201e-05 -1.000 1.636e-04 -9.930 -10.414 -10.310 -10.189 -9.955 -9.748 -9.028 -8.806 -8.808 -8.698 -8.682 -8.673 -8.661 -8.639 -8.631 -8.592 -8.584 -8.518
0.00015547 -2.00000 6.70000 44.1953048706 2.6327686595   44.019  5.880  4.1634  1.807    6  0.000  0.545     0.00     0.00     0.00     0.00     0.00 -1 -2.48e-07      0.00 7.507e-01 2.491e-01 2.943e-05 7.939e-06 7.201e-05 -1.000 1.636e-04 -9.930 -10.405 -10.317 -10.205 -9.976 -9.773 -9.051 -8.827 -8.832 -8.727 -8.711 -8.704 -8.693 -8.673 -8.665 -8.628 -8.621 -8.556
0.00015547 -2.00000 6.70000 44.2010040283 2.6327688554   44.024  5.879  4.1498  1.754    7  0.000  0.545     7.93     9.44     7.16     4.81     4.02  3 -2.38e-07      0.00 7.507e-01 2.491e-01 2.943e-05 7.939e-06 7.201e-05 -1.000 1.636e-04 -9.928 -10.383 -10.333 -10.241 -10.025 -9.831 -9.105 -8.879 -8.888 -8.794 -8.782 -8.778 -8.769 -8.754 -8.747 -8.716 -8.708 -8.646
0.00015547 -2.00000 6.70000 44.2053985596 2.6327690065   44.029  5.878  4.1351  1.696    7  0.000  0.545     9.29    10.48     7.91     5.33     4.45  3 -2.31e-07      0.00 7.507e-01 2.491e-01 2.943e-05 7.939e-06 7.201e-05 -1.000 1.636e-04 -9.926 -10.349 -10.296 -10.210 -10.009 -9.828 -9.171 -8.961 -8.969 -8.877 -8.865 -8.861 -8.852 -8.837 -8.831 -8.802 -8.795 -8.742
0.00015547 -2.00000 6.70000 44.2091445923 2.6327691353   44.032  5.877  4.1188  1.631    7  0.000  0.545    11.07    11.77     8.84     5.96     4.98  3 -2.21e-07      0.00 7.507e-01 2.491e-01 2.943e-05 7.939e-06 7.201e-05 -1.000 1.636e-04 -9.924 -10.308 -10.235 -10.150 -9.966 -9.799 -9.247 -9.061 -9.065 -8.972 -8.959 -8.954 -8.945 -8.929 -8.923 -8.896 -8.890 -8.848
0.00015547 -2.00000 6.70000 44.2122001648 2.6327692403   44.036  5.877  4.1026  1.567    7  0.000  0.545    13.17    13.21     9.87     6.67     5.57  3 -2.12e-07      0.00 7.507e-01 2.491e-01 2.943e-05 7.939e-06 7.201e-05 -1.000 1.637e-04 -9.922 -10.264 -10.192 -10.116 -9.950 -9.797 -9.318 -9.148 -9.151 -9.062 -9.050 -9.045 -9.036 -9.021 -9.015 -8.992 -8.987 -8.954
0.00015547 -2.00000 6.70000 44.2145042419 2.6327693195   44.038  5.876  4.0881  1.510    7  0.000  0.545    15.41    14.66    10.90     7.38     6.17  3 -2.03e-07      0.00 7.507e-01 2.491e-01 2.943e-05 7.939e-06 7.201e-05 -1.000 1.636e-04 -9.921 -10.218 -10.157 -10.094 -9.944 -9.803 -9.379 -9.220 -9.224 -9.140 -9.129 -9.125 -9.117 -9.104 -9.099 -9.079 -9.076 -9.050
0.00015547 -2.00000 6.70000 44.2168540955 2.6327694002   44.040  5.876  4.0713  1.443    7  0.000  0.545    18.47    16.54    12.23     8.29     6.93  3 -1.97e-07      0.00 7.507e-01 2.491e-01 2.943e-05 7.939e-06 7.201e-05 -1.000 1.636e-04 -9.919 -10.163 -10.161 -10.126 -9.995 -9.867 -9.439 -9.273 -9.285 -9.216 -9.210 -9.210 -9.207 -9.201 -9.197 -9.185 -9.181 -9.161
0.00015547 -2.00000 6.70000 44.2191772461 2.6327694800   44.042  5.875  4.0522  1.367    7  0.000  0.545    22.72    18.98    13.95     9.48     7.92  3 -1.86e-07      0.00 7.507e-01 2.491e-01 2.943e-05 7.939e-06 7.201e-05 -1.000 1.636e-04 -9.918 -10.085 -10.100 -10.084 -9.977 -9.865 -9.515 -9.362 -9.376 -9.315 -9.310 -9.312 -9.311 -9.308 -9.304 -9.298 -9.296 -9.286
0.00015547 -2.00000 6.70000 44.2207489014 2.6327695340   44.043  5.875  4.0378  1.310    7  0.000  0.545    26.55    21.04    15.39    10.47     8.76  3 -2.11e-07      0.00 7.507e-01 2.491e-01 2.943e-05 7.939e-06 7.201e-05 -1.000 1.636e-04 -9.918 -10.016 -10.039 -10.037 -9.948 -9.849 -9.572 -9.430 -9.445 -9.389 -9.385 -9.388 -9.388 -9.386 -9.383 -9.381 -9.380 -9.379
0.00015547 -2.00000 6.70000 44.2223167419 2.6327695878   44.045  5.875  4.0221  1.247    7  0.000  0.545    31.48    23.56    17.15    11.69     9.78  3 -2.39e-07      0.00 7.507e-01 2.491e-01 2.943e-05 7.939e-06 7.201e-05 -1.000 1.636e-04 -9.917 -9.932 -9.963 -9.975 -9.908 -9.822 -9.632 -9.504 -9.519 -9.468 -9.465 -9.469 -9.470 -9.470 -9.467 -9.470 -9.470 -9.481
0.00015547 -2.00000 6.70000 44.2238883972 2.6327696418   44.047  5.875  4.0051  1.180    7  0.000  0.545    37.86    26.63    19.28    13.16    11.02  3 -2.43e-07      0.00 7.507e-01 2.491e-01 2.943e-05 7.939e-06 7.201e-05 -1.000 1.636e-04 -9.917 -9.827 -9.867 -9.896 -9.854 -9.783 -9.696 -9.583 -9.598 -9.553 -9.551 -9.556 -9.557 -9.559 -9.557 -9.565 -9.566 -9.590
0.00015547 -2.00000 6.70000 44.2254638672 2.6327696959   44.048  5.874  3.9867  1.106    7  0.000  0.545    46.26    30.42    21.89    14.97    12.54  3 -2.52e-07      0.00 7.507e-01 2.491e-01 2.943e-05 7.939e-06 7.201e-05 -1.000 1.637e-04 -9.916 -9.692 -9.741 -9.792 -9.782 -9.728 -9.763 -9.667 -9.682 -9.642 -9.642 -9.647 -9.649 -9.653 -9.652 -9.665 -9.668 -9.707
0.00015547 -2.00000 6.70000 44.2270240784 2.6327697495   44.050  5.874  3.9687  1.035    7  0.000  0.545    56.20    34.62    24.76    16.98    14.22  3 -4.34e-07      0.00 7.507e-01 2.491e-01 2.943e-05 7.939e-06 7.201e-05 -1.000 1.637e-04 -9.915 -9.536 -9.600 -9.677 -9.701 -9.666 -9.821 -9.741 -9.757 -9.724 -9.725 -9.731 -9.735 -9.741 -9.740 -9.760 -9.764 -9.817
0.00015547 -2.00000 6.70000 44.2285881042 2.6327698032   44.052  5.874  3.9515  0.966    7  0.000  0.545    67.73    39.19    27.87    19.14    16.04  3 -6.35e-07      0.00 7.507e-01 2.491e-01 2.943e-05 7.939e-06 7.201e-05 -1.000 1.636e-04 -9.915 -9.372 -9.497 -9.606 -9.663 -9.644 -9.844 -9.764 -9.790 -9.778 -9.784 -9.796 -9.805 -9.818 -9.819 -9.850 -9.854 -9.916
0.00015547 -2.00000 6.70000 44.2301445007 2.6327698566   44.053  5.874  3.9346  0.899    7  0.000  0.545    81.34    44.25    31.31    21.54    18.05  3 -6.12e-07      0.00 7.507e-01 2.491e-01 2.943e-05 7.939e-06 7.201e-05 -1.000 1.637e-04 -9.914 -9.147 -9.289 -9.428 -9.535 -9.538 -9.897 -9.835 -9.859 -9.850 -9.856 -9.868 -9.876 -9.890 -9.892 -9.928 -9.935 -10.016
0.00015547 -2.00000 6.70000 44.2316856384 2.6327699095   44.055  5.873  3.9174  0.831    7  0.000  0.545    97.97    50.07    35.23    24.28    20.35  3 -5.89e-07      0.00 7.507e-01 2.491e-01 2.943e-05 7.939e-06 7.201e-05 -1.000 1.636e-04 -9.913 -8.922 -9.141 -9.317 -9.465 -9.487 -9.890 -9.833 -9.869 -9.890 -9.903 -9.921 -9.936 -9.959 -9.962 -10.009 -10.016 -10.105
0.00015547 -2.00000 6.70000 44.2332153320 2.6327699620   44.056  5.873  3.8999  0.761    7  0.000  0.545   118.45    56.80    39.73    27.43    23.00  3 -7.82e-07      0.00 7.507e-01 2.491e-01 2.943e-05 7.939e-06 7.201e-05 -1.000 1.636e-04 -9.912 -8.542 -8.818 -9.057 -9.288 -9.340 -9.933 -9.895 -9.927 -9.944 -9.957 -9.974 -9.988 -10.012 -10.016 -10.072 -10.082 -10.194
0.00015547 -2.00000 6.70000 44.2347259521 2.6327700139   44.057  5.872  3.8830  0.694    7  0.000  0.545   142.14    64.11    44.60    30.85    25.88  3 -7.63e-07      0.00 7.507e-01 2.491e-01 2.943e-05 7.939e-06 7.201e-05 -1.000 1.636e-04 -9.911 -8.138 -8.508 -8.833 -9.145 -9.229 -9.936 -9.912 -9.945 -9.973 -9.987 -10.008 -10.025 -10.056 -10.062 -10.130 -10.141 -10.265
0.00015547 -2.00000 6.70000 44.2354736328 2.6327700395   44.057  5.872  3.8748  0.661    7  0.000  0.545   155.28    67.98    47.17    32.66    27.40  3 -7.58e-07      0.00 7.507e-01 2.491e-01 2.943e-05 7.939e-06 7.201e-05 -1.000 1.636e-04 -9.910 -7.944 -8.364 -8.737 -9.087 -9.187 -9.923 -9.903 -9.940 -9.980 -9.997 -10.021 -10.041 -10.076 -10.083 -10.158 -10.170 -10.299
0.00015547 -2.00000 6.70000 44.2362098694 2.6327700648   44.058  5.872  3.8668  0.630    7  0.000  0.545   169.23    71.98    49.82    34.52    28.96  3 -7.56e-07      0.00 7.507e-01 2.491e-01 2.943e-05 7.939e-06 7.201e-05 -1.000 1.636e-04 -9.909 -7.734 -8.200 -8.629 -9.024 -9.140 -9.913 -9.898 -9.936 -9.984 -10.004 -10.031 -10.052 -10.092 -10.101 -10.183 -10.195 -10.328
0.00015547 -2.00000 6.70000 44.2369499207 2.6327700902   44.060  5.871  3.8588  0.598    7  0.000  0.545   184.43    76.21    52.61    36.48    30.61  3 -7.47e-07      0.00 7.507e-01 2.491e-01 2.943e-05 7.939e-06 7.201e-05 -1.000 1.637e-04 -9.908 -7.509 -8.014 -8.511 -8.955 -9.089 -9.906 -9.896 -9.934 -9.986 -10.007 -10.037 -10.060 -10.105 -10.115 -10.205 -10.218 -10.355
0.00015547 -2.00000 6.70000 44.2376632690 2.6327701147   44.060  5.870  3.8510  0.568    7  0.000  0.545   200.37    80.52    55.45    38.48    32.30  3 -7.41e-07      0.00 7.507e-01 2.491e-01 2.943e-05 7.939e-06 7.201e-05 -1.000 1.636e-04 -9.906 -7.325 -7.850 -8.414 -8.901 -9.054 -9.882 -9.878 -9.918 -9.982 -10.006 -10.040 -10.067 -10.118 -10.130 -10.228 -10.241 -10.379
0.00015547 -2.00000 6.70000 44.2383804321 2.6327701393   44.060  5.870  3.8435  0.538    7  0.000  0.545   213.38    84.93    58.34    40.52    34.01  3 -7.36e-07      0.00 7.507e-01 2.491e-01 2.943e-05 7.939e-06 7.201e-05 -1.000 1.636e-04 -9.905 -7.163 -7.691 -8.323 -8.852 -9.023 -9.855 -9.855 -9.900 -9.977 -10.004 -10.042 -10.072 -10.131 -10.144 -10.250 -10.262 -10.402
0.00015547 -2.00000 6.70000 44.2397804260 2.6327701873   44.062  5.868  3.8300  0.486    7  0.000  0.545   231.80    93.42    63.90    44.45    37.32  3 -7.38e-07      0.00 7.507e-01 2.491e-01 2.943e-05 7.939e-06 7.201e-05 -1.000 1.636e-04 -9.901 -6.900 -7.409 -8.165 -8.768 -8.974 -9.796 -9.805 -9.857 -9.962 -9.996 -10.043 -10.080 -10.151 -10.167 -10.289 -10.301 -10.440
0.00015547 -2.00000 6.70000 44.2411308289 2.6327702337   44.063  5.866  3.8177  0.439    7  0.000  0.545   249.55   101.71    69.31    48.27    40.53  3 -7.35e-07      0.00 7.507e-01 2.491e-01 2.943e-05 7.939e-06 7.201e-05 -1.000 1.636e-04 -9.896 -6.732 -7.180 -8.044 -8.709 -8.948 -9.716 -9.735 -9.800 -9.941 -9.983 -10.039 -10.084 -10.168 -10.187 -10.323 -10.335 -10.472
0.00015547 -2.00000 6.70000 44.2424201965 2.6327702779   44.065  5.864  3.8064  0.395    7  0.000  0.545   267.04   109.97    74.67    52.06    43.73  3 -7.22e-07      0.00 7.507e-01 2.491e-01 2.943e-05 7.939e-06 7.201e-05 -1.000 1.636e-04 -9.890 -6.613 -6.993 -7.942 -8.661 -8.932 -9.630 -9.655 -9.736 -9.918 -9.967 -10.034 -10.086 -10.183 -10.205 -10.354 -10.365 -10.501
0.00015547 -2.00000 6.70000 44.2436485291 2.6327703200   44.066  5.862  3.7959  0.356    7  0.000  0.545   284.21   118.16    79.97    55.82    46.89  3 -7.14e-07      0.00 7.507e-01 2.491e-01 2.943e-05 7.939e-06 7.201e-05 -1.000 1.636e-04 -9.885 -6.525 -6.819 -7.842 -8.615 -8.915 -9.542 -9.574 -9.672 -9.893 -9.950 -10.026 -10.085 -10.194 -10.218 -10.380 -10.391 -10.527
0.00015547 -2.00000 6.70000 44.2447967529 2.6327703594   44.067  5.860  3.7868  0.321    7  0.000  0.545   299.97   125.73    84.86    59.28    49.81  3  -7.1e-07      0.00 7.507e-01 2.491e-01 2.943e-05 7.939e-06 7.201e-05 -1.000 1.636e-04 -9.880 -6.445 -6.634 -7.729 -8.560 -8.887 -9.470 -9.507 -9.618 -9.870 -9.933 -10.017 -10.082 -10.200 -10.227 -10.400 -10.411 -10.549
0.00015547 -2.00000 6.70000 44.2458724976 2.6327703963   44.068  5.858  3.7788  0.291    7  0.000  0.545   314.48   132.77    89.39    62.50    52.51  3 -7.03e-07      0.00 7.507e-01 2.491e-01 2.943e-05 7.939e-06 7.201e-05 -1.000 1.636e-04 -9.876 -6.374 -6.452 -7.613 -8.503 -8.854 -9.407 -9.450 -9.571 -9.849 -9.917 -10.007 -10.077 -10.204 -10.233 -10.415 -10.426 -10.567
0.00015547 -2.00000 6.70000 44.2473411560 2.6327704467   44.069  5.858  3.7703  0.258    7  0.000  0.545   331.39   141.02    94.69    66.26    55.69  3 -1.03e-06      0.00 7.507e-01 2.491e-01 2.943e-05 7.939e-06 7.201e-05 -1.000 1.637e-04 -9.874 -6.299 -6.240 -7.468 -8.421 -8.796 -9.331 -9.382 -9.516 -9.824 -9.898 -9.997 -10.071 -10.209 -10.240 -10.435 -10.446 -10.589
0.00015547 -2.00000 6.70000 44.2486152649 2.6327704904   44.070  5.857  3.7634  0.231    7  0.000  0.545   345.87   148.15    99.25    69.51    58.42  3 -1.02e-06      0.00 7.507e-01 2.491e-01 2.943e-05 7.939e-06 7.201e-05 -1.000 1.636e-04 -9.873 -6.249 -6.087 -7.368 -8.371 -8.766 -9.270 -9.327 -9.471 -9.803 -9.883 -9.987 -10.066 -10.212 -10.245 -10.449 -10.459 -10.605
0.00015547 -2.00000 6.70000 44.2503738403 2.6327705507   44.071  5.857  3.7543  0.195    7  0.000  0.545   365.86   158.06   105.59    74.01    62.21  3 -9.94e-07      0.00 7.507e-01 2.491e-01 2.942e-05 7.940e-06 7.201e-05 -1.000 1.636e-04 -9.872 -6.187 -5.872 -7.226 -8.299 -8.721 -9.188 -9.253 -9.411 -9.775 -9.860 -9.973 -10.057 -10.213 -10.248 -10.464 -10.475 -10.624
0.00015547 -2.00000 6.70000 44.2519340515 2.6327706042   44.073  5.856  3.7477  0.168    7  0.000  0.545   381.26   165.75   110.49    77.50    65.15  3 -9.81e-07      0.00 7.507e-01 2.491e-01 2.941e-05 7.941e-06 7.201e-05 -1.000 1.637e-04 -9.871 -6.144 -5.705 -7.114 -8.243 -8.685 -9.129 -9.201 -9.368 -9.754 -9.843 -9.962 -10.050 -10.212 -10.250 -10.474 -10.485 -10.638
0.00015547 -2.00000 6.70000 44.2536773682 2.6327706640   44.074  5.856  3.7411  0.143    7  0.000  0.544   397.11   173.71   115.55    81.11    68.19  3 -9.63e-07      0.00 7.507e-01 2.491e-01 2.939e-05 7.943e-06 7.201e-05 -1.000 1.636e-04 -9.870 -6.101 -5.527 -6.992 -8.181 -8.644 -9.069 -9.148 -9.325 -9.732 -9.825 -9.950 -10.041 -10.210 -10.250 -10.481 -10.493 -10.650
0.00015547 -2.00000 6.70000 44.2550926208 2.6327707125   44.074  5.856  3.7360  0.123    7  0.000  0.544   409.57   180.00   119.54    83.96    70.60  3 -9.51e-07      0.00 7.507e-01 2.491e-01 2.938e-05 7.944e-06 7.201e-05 -1.000 1.636e-04 -9.869 -6.066 -5.345 -6.871 -8.119 -8.599 -9.017 -9.103 -9.288 -9.714 -9.810 -9.940 -10.033 -10.208 -10.249 -10.487 -10.499 -10.660
