 Zini     MH   logAge Mini        int_IMF         Mass   logL    logTe  logg  label   McoreTP C_O  period0  period1  period2  period3  period4  pmode  Mloss  tau1m   X   Y   Xc  Xn  Xo  Cexcess  Z 	 mbolmag  F170Wmag  F218Wmag  F255Wmag  F300Wmag  F336Wmag  F380Wmag  F439Wmag  F450Wmag  F555Wmag  F569Wmag  F606Wmag  F622Wmag  F675Wmag  F702Wmag  F791Wmag  F814Wmag  F850LPmag
0.01471 0.00000 10.15000 0.0900000036 1.0816895926    0.090 -3.420  3.3636  5.219    1  0.000  0.545     0.00     0.00     0.00     0.00     0.00 -1 -3.92e-17      0.00 7.090e-01 2.762e-01 2.655e-03 7.163e-04 6.496e-03 -1.000 1.476e-02 13.321 18.999 23.882 24.602 20.716 20.700 21.321 20.392 19.500 18.133 17.926 17.302 17.245 16.146 15.405 13.936 13.738 12.726
0.01471 0.00000 10.15000 0.0907651931 1.0889795059    0.091 -3.406  3.3657  5.217    1  0.000  0.545     0.00     0.00     0.00     0.00     0.00 -1 -1.01e-17      0.00 7.090e-01 2.763e-01 2.655e-03 7.163e-04 6.496e-03 -1.000 1.476e-02 13.284 18.962 23.845 24.565 20.679 20.661 21.280 20.352 19.461 18.095 17.888 17.264 17.207 16.108 15.367 13.899 13.701 12.689
0.01471 0.00000 10.15000 0.1000000015 1.1711064122    0.100 -3.236  3.3898  5.186    1  0.000  0.545     0.00     0.00     0.00     0.00     0.00 -1 -9.84e-25      0.00 7.084e-01 2.768e-01 2.655e-03 7.163e-04 6.496e-03 -1.000 1.476e-02 12.861 18.539 23.422 24.139 20.251 20.225 20.811 19.897 19.016 17.657 17.450 16.830 16.774 15.679 14.940 13.476 13.278 12.267
0.01471 0.00000 10.15000 0.1200000048 1.3193154741    0.120 -2.969  3.4252  5.139    1  0.000  0.545     0.00     0.00     0.00     0.00     0.00 -1 -1.05e-16      0.00 7.072e-01 2.780e-01 2.655e-03 7.163e-04 6.496e-03 -1.000 1.476e-02 12.194 17.787 22.674 23.358 19.440 19.307 19.685 18.838 18.029 16.694 16.487 15.904 15.840 14.799 14.098 12.691 12.514 11.553
0.01471 0.00000 10.15000 0.1400000006 1.4384526719    0.140 -2.787  3.4450  5.103    1  0.000  0.545     0.00     0.00     0.00     0.00     0.00 -1  -1.3e-22      0.00 7.061e-01 2.791e-01 2.655e-03 7.163e-04 6.496e-03 -1.000 1.476e-02 11.737 17.130 22.022 22.596 18.630 18.286 18.314 17.570 16.886 15.601 15.397 14.886 14.802 13.879 13.258 11.969 11.835 10.989
0.01471 0.00000 10.15000 0.1599999964 1.5372931554    0.160 -2.644  3.4587  5.073    1  0.000  0.545     0.00     0.00     0.00     0.00     0.00 -1  -5.5e-19      0.00 7.051e-01 2.801e-01 2.655e-03 7.163e-04 6.496e-03 -1.000 1.476e-02 11.381 16.644 21.535 21.987 18.017 17.549 17.390 16.707 16.088 14.827 14.623 14.153 14.053 13.218 12.659 11.454 11.343 10.571
0.01471 0.00000 10.15000 0.2000000030 1.6938790862    0.200 -2.422  3.4774  5.022    1  0.000  0.545     0.00     0.00     0.00     0.00     0.00 -1 -1.09e-23      0.00 7.037e-01 2.816e-01 2.655e-03 7.163e-04 6.496e-03 -1.000 1.476e-02 10.824 15.927 20.804 21.011 17.097 16.494 16.151 15.535 14.987 13.758 13.556 13.135 13.017 12.293 11.815 10.718 10.631 9.947
0.01471 0.00000 10.15000 0.2500000000 1.8403257998    0.250 -2.205  3.4935  4.967    1  0.000  0.545     0.00     0.00     0.00     0.00     0.00 -1 -5.12e-19      0.00 7.027e-01 2.825e-01 2.655e-03 7.163e-04 6.496e-03 -1.000 1.476e-02 10.282 15.262 20.117 20.049 16.244 15.554 15.116 14.544 14.032 12.822 12.621 12.228 12.094 11.458 11.052 10.051 9.980 9.365
0.01471 0.00000 10.15000 0.3000000119 1.9529139769    0.300 -2.040  3.5039  4.922    1  0.000  0.545     0.00     0.00     0.00     0.00     0.00 -1 -1.99e-22      0.00 7.025e-01 2.827e-01 2.655e-03 7.163e-04 6.496e-03 -1.000 1.476e-02 9.869 14.780 19.614 19.372 15.640 14.911 14.429 13.879 13.390 12.203 12.003 11.630 11.490 10.898 10.526 9.575 9.511 8.932
0.01471 0.00000 10.15000 0.3195535243 1.9904922383    0.319 -1.981  3.5075  4.905    1  0.000  0.545     0.00     0.00     0.00     0.00     0.00 -1 -1.36e-22      0.00 7.058e-01 2.794e-01 2.655e-03 7.163e-04 6.496e-03 -1.000 1.476e-02 9.723 14.612 19.437 19.136 15.430 14.689 14.194 13.651 13.169 11.990 11.791 11.424 11.282 10.704 10.343 9.409 9.347 8.780
0.01471 0.00000 10.15000 0.3500000536 2.0434175621    0.350 -1.896  3.5126  4.881    1  0.000  0.545     0.00     0.00     0.00     0.00     0.00 -1 -1.76e-22      0.00 7.102e-01 2.750e-01 2.655e-03 7.163e-04 6.496e-03 -1.000 1.476e-02 9.511 14.369 19.182 18.798 15.130 14.375 13.863 13.328 12.856 11.687 11.489 11.130 10.986 10.427 10.082 9.171 9.112 8.561
0.01471 0.00000 10.15000 0.3542737365 2.0503669251    0.354 -1.883  3.5137  4.877    1  0.000  0.545     0.00     0.00     0.00     0.00     0.00 -1 -5.85e-22      0.00 7.103e-01 2.750e-01 2.655e-03 7.163e-04 6.496e-03 -1.000 1.476e-02 9.478 14.330 19.140 18.741 15.081 14.323 13.808 13.275 12.803 11.636 11.439 11.082 10.936 10.382 10.039 9.133 9.074 8.527
0.01471 0.00000 10.15000 0.4000000358 2.1185024810    0.400 -1.751  3.5239  4.839    1  0.000  0.545     0.00     0.00     0.00     0.00     0.00 -1 -2.72e-16      0.00 7.106e-01 2.746e-01 2.655e-03 7.163e-04 6.496e-03 -1.000 1.476e-02 9.148 13.944 18.728 18.175 14.591 13.810 13.270 12.747 12.289 11.140 10.945 10.602 10.451 9.931 9.617 8.756 8.703 8.186
0.01471 0.00000 10.15000 0.4500000179 2.1822809362    0.450 -1.599  3.5365  4.788    1  0.000  0.545     0.00     0.00     0.00     0.00     0.00 -1 -1.91e-15      0.00 7.106e-01 2.746e-01 2.655e-03 7.163e-04 6.496e-03 -1.000 1.476e-02 8.767 13.499 18.252 17.541 14.035 13.233 12.667 12.150 11.705 10.577 10.386 10.057 9.902 9.419 9.135 8.326 8.279 7.796
0.01471 0.00000 10.15000 0.4949552119 2.2322193025    0.495 -1.451  3.5511  4.740    1  0.000  0.545     0.00     0.00     0.00     0.00     0.00 -1 -4.22e-16      0.00 7.107e-01 2.745e-01 2.655e-03 7.163e-04 6.496e-03 -1.000 1.476e-02 8.399 13.064 17.782 16.924 13.494 12.673 12.086 11.567 11.128 10.020 9.832 9.516 9.355 8.911 8.660 7.911 7.869 7.424
0.01471 0.00000 10.15000 0.5000000000 2.2374541529    0.500 -1.436  3.5527  4.735    1  0.000  0.545     0.00     0.00     0.00     0.00     0.00 -1  -3.4e-16      0.00 7.107e-01 2.745e-01 2.655e-03 7.163e-04 6.496e-03 -1.000 1.476e-02 8.359 13.018 17.732 16.859 13.438 12.615 12.027 11.506 11.068 9.961 9.774 9.459 9.297 8.857 8.610 7.867 7.825 7.385
0.01471 0.00000 10.15000 0.5500000119 2.2836582633    0.550 -1.247  3.5741  4.674    1  0.000  0.544     0.00     0.00     0.00     0.00     0.00 -1 -1.87e-15      0.00 7.422e-01 2.445e-01 2.384e-03 6.436e-04 5.840e-03 -1.000 1.332e-02 7.888 12.453 17.113 16.041 12.748 11.907 11.298 10.760 10.319 9.229 9.046 8.742 8.572 8.182 7.985 7.339 7.304 6.919
0.01471 0.00000 10.15000 0.6000000238 2.3211213258    0.600 -1.064  3.6007  4.635    1  0.000  0.544     0.00     0.00     0.00     0.00     0.00 -1 -6.73e-15      0.00 7.468e-01 2.402e-01 2.348e-03 6.341e-04 5.754e-03 -1.000 1.310e-02 7.431 11.893 16.474 15.192 12.032 11.177 10.561 9.994 9.550 8.497 8.324 8.029 7.851 7.510 7.367 6.833 6.804 6.479
0.01471 0.00000 10.15000 0.6499999762 2.3520353107    0.650 -0.874  3.6338  4.612    1  0.000  0.544     0.00     0.00     0.00     0.00     0.00 -1 -2.81e-17      0.00 7.509e-01 2.363e-01 2.317e-03 6.257e-04 5.679e-03 -1.000 1.289e-02 6.955 11.291 15.726 14.230 11.148 10.279 9.693 9.102 8.682 7.720 7.565 7.292 7.111 6.824 6.728 6.315 6.292 6.030
0.01471 0.00000 10.15000 0.7000001073 2.3779267541    0.700 -0.685  3.6667  4.587    1  0.000  0.544     0.00     0.00     0.00     0.00     0.00 -1 -1.58e-14      0.00 7.548e-01 2.324e-01 2.285e-03 6.174e-04 5.606e-03 -1.000 1.275e-02 6.482 10.673 14.592 12.621 9.913 9.074 8.677 8.164 7.793 6.968 6.835 6.597 6.429 6.187 6.125 5.809 5.792 5.580
0.01471 0.00000 10.15000 0.7065182328 2.3809929423    0.706 -0.660  3.6707  4.582    1  0.000  0.543     0.00     0.00     0.00     0.00     0.00 -1 -1.67e-14      0.00 7.554e-01 2.318e-01 2.276e-03 6.160e-04 5.594e-03 -1.000 1.272e-02 6.421 10.593 14.415 12.389 9.747 8.916 8.547 8.048 7.684 6.877 6.746 6.513 6.348 6.112 6.052 5.744 5.727 5.521
0.01471 0.00000 10.15000 0.7219569683 2.3880021252    0.722 -0.602  3.6801  4.571    1  0.000  0.540     0.00     0.00     0.00     0.00     0.00 -1 -6.88e-22      0.00 7.568e-01 2.305e-01 2.255e-03 6.127e-04 5.567e-03 -1.000 1.266e-02 6.274 10.403 13.930 11.806 9.349 8.542 8.240 7.780 7.431 6.667 6.540 6.321 6.163 5.938 5.882 5.590 5.575 5.380
0.01471 0.00000 10.15000 0.7364665270 2.3942823457    0.736 -0.547  3.6888  4.559    1  0.000  0.538     0.00     0.00     0.00     0.00     0.00 -1 -1.13e-18      0.00 7.581e-01 2.293e-01 2.236e-03 6.096e-04 5.542e-03 -1.000 1.261e-02 6.136 10.231 13.518 11.354 9.013 8.225 7.975 7.544 7.209 6.479 6.357 6.149 5.997 5.781 5.729 5.449 5.435 5.250
0.01471 0.00000 10.15000 0.7500000000 2.3998889087    0.750 -0.495  3.6967  4.547    1  0.000  0.536     0.00     0.00     0.00     0.00     0.00 -1 -2.47e-14      0.00 7.594e-01 2.281e-01 2.218e-03 6.067e-04 5.518e-03 -1.000 1.253e-02 6.008 10.069 13.089 10.917 8.697 7.932 7.731 7.330 7.006 6.307 6.189 5.992 5.847 5.638 5.588 5.318 5.305 5.129
0.01471 0.00000 10.15000 0.7503359318 2.4000251210    0.750 -0.494  3.6968  4.546    1  0.000  0.536     0.00     0.00     0.00     0.00     0.00 -1 -2.48e-14      0.00 7.594e-01 2.281e-01 2.218e-03 6.067e-04 5.518e-03 -1.000 1.253e-02 6.004 10.065 13.079 10.907 8.690 7.925 7.725 7.325 7.002 6.303 6.185 5.989 5.843 5.634 5.585 5.315 5.302 5.126
0.01471 0.00000 10.15000 0.7630825639 2.4050918462    0.763 -0.445  3.7032  4.531    1  0.000  0.536     0.00     0.00     0.00     0.00     0.00 -1 -1.37e-18      0.00 7.609e-01 2.266e-01 2.206e-03 6.034e-04 5.488e-03 -1.000 1.249e-02 5.884 9.917 12.715 10.548 8.421 7.676 7.515 7.139 6.825 6.151 6.036 5.847 5.706 5.504 5.456 5.194 5.182 5.013
0.01471 0.00000 10.15000 0.7755010724 2.4098443819    0.775 -0.398  3.7093  4.515    1  0.000  0.536     0.00     0.00     0.00     0.00     0.00 -1 -3.77e-22      0.00 7.624e-01 2.252e-01 2.194e-03 6.003e-04 5.461e-03 -1.000 1.243e-02 5.765 9.773 12.374 10.219 8.168 7.440 7.315 6.962 6.657 6.004 5.891 5.710 5.574 5.376 5.330 5.075 5.064 4.902
0.01471 0.00000 10.15000 0.7865139246 2.4139149017    0.786 -0.355  3.7146  4.499    1  0.000  0.536     0.00     0.00     0.00     0.00     0.00 -1 -1.62e-18      0.00 7.637e-01 2.240e-01 2.184e-03 5.976e-04 5.437e-03 -1.000 1.237e-02 5.659 9.645 12.068 9.936 7.947 7.236 7.140 6.808 6.510 5.876 5.765 5.590 5.457 5.264 5.220 4.971 4.960 4.803
0.01471 0.00000 10.15000 0.7973856330 2.4178066866    0.797 -0.313  3.7197  4.483    1  0.000  0.536     0.00     0.00     0.00     0.00     0.00 -1 -4.91e-16      0.00 7.649e-01 2.228e-01 2.174e-03 5.950e-04 5.413e-03 -1.000 1.232e-02 5.552 9.517 11.769 9.661 7.730 7.035 6.969 6.656 6.365 5.749 5.640 5.471 5.342 5.153 5.110 4.867 4.856 4.705
0.01471 0.00000 10.15000 0.8000000119 2.4187244405    0.799 -0.303  3.7209  4.479    1  0.000  0.536     0.00     0.00     0.00     0.00     0.00 -1 -4.02e-16      0.00 7.652e-01 2.225e-01 2.172e-03 5.944e-04 5.408e-03 -1.000 1.230e-02 5.527 9.486 11.698 9.598 7.680 6.989 6.929 6.620 6.331 5.719 5.611 5.442 5.314 5.126 5.083 4.841 4.831 4.681
0.01471 0.00000 10.15000 0.8062812686 2.4209014683    0.806 -0.278  3.7236  4.468    1  0.000  0.536     0.00     0.00     0.00     0.00     0.00 -1 -8.97e-18      0.00 7.660e-01 2.217e-01 2.166e-03 5.926e-04 5.391e-03 -1.000 1.227e-02 5.464 9.412 11.531 9.452 7.563 6.880 6.834 6.536 6.251 5.647 5.539 5.374 5.247 5.062 5.019 4.780 4.770 4.622
0.01471 0.00000 10.15000 0.8174154758 2.4246661003    0.817 -0.232  3.7284  4.448    1  0.000  0.535     0.00     0.00     0.00     0.00     0.00 -1 -9.33e-25      0.00 7.675e-01 2.203e-01 2.154e-03 5.895e-04 5.364e-03 -1.000 1.219e-02 5.350 9.278 11.236 9.194 7.355 6.687 6.665 6.385 6.106 5.517 5.411 5.250 5.127 4.944 4.903 4.668 4.659 4.516
0.01471 0.00000 10.15000 0.8281641006 2.4281901467    0.827 -0.187  3.7327  4.425    1  0.000  0.535     0.00     0.00     0.00     0.00     0.00 -1 -3.79e-21      0.00 7.689e-01 2.190e-01 2.143e-03 5.867e-04 5.339e-03 -1.000 1.215e-02 5.237 9.145 10.951 8.951 7.155 6.500 6.501 6.236 5.965 5.389 5.285 5.129 5.008 4.829 4.789 4.559 4.550 4.411
0.01471 0.00000 10.15000 0.8379727602 2.4313154550    0.837 -0.144  3.7365  4.403    1  0.000  0.535     0.00     0.00     0.00     0.00     0.00 -1 -7.27e-18      0.00 7.701e-01 2.178e-01 2.134e-03 5.841e-04 5.316e-03 -1.000 1.210e-02 5.131 9.021 10.694 8.734 6.974 6.331 6.351 6.099 5.834 5.271 5.168 5.016 4.898 4.722 4.682 4.456 4.448 4.313
0.01471 0.00000 10.15000 0.8476390839 2.4343141734    0.847 -0.102  3.7400  4.379    1  0.000  0.535     0.00     0.00     0.00     0.00     0.00 -1 -1.18e-14      0.00 7.712e-01 2.168e-01 2.125e-03 5.818e-04 5.295e-03 -1.000 1.205e-02 5.024 8.898 10.448 8.525 6.798 6.167 6.203 5.964 5.704 5.153 5.052 4.902 4.787 4.614 4.575 4.353 4.344 4.213
0.01471 0.00000 10.15000 0.8500000238 2.4350346840    0.849 -0.091  3.7408  4.373    1  0.000  0.535     0.00     0.00     0.00     0.00     0.00 -1 -7.16e-14      0.00 7.715e-01 2.165e-01 2.123e-03 5.812e-04 5.290e-03 -1.000 1.204e-02 4.998 8.867 10.385 8.474 6.756 6.127 6.168 5.932 5.673 5.125 5.024 4.875 4.760 4.588 4.549 4.328 4.319 4.189
0.01471 0.00000 10.15000 0.8533680439 2.4360546037    0.852 -0.076  3.7418  4.364    1  0.000  0.535     0.00     0.00     0.00     0.00     0.00 -1 -7.47e-14      0.00 7.719e-01 2.160e-01 2.120e-03 5.802e-04 5.281e-03 -1.000 1.201e-02 4.960 8.824 10.295 8.399 6.696 6.071 6.118 5.886 5.629 5.084 4.984 4.836 4.722 4.550 4.512 4.291 4.283 4.154
0.01471 0.00000 10.15000 0.8644306660 2.4393404205    0.863 -0.026  3.7448  4.331    1  0.000  0.535     0.00     0.00     0.00     0.00     0.00 -1 -2.65e-18      0.00 7.732e-01 2.148e-01 2.110e-03 5.777e-04 5.259e-03 -1.000 1.195e-02 4.834 8.681 10.024 8.172 6.508 5.895 5.957 5.738 5.486 4.951 4.851 4.707 4.595 4.426 4.388 4.170 4.162 4.035
0.01471 0.00000 10.15000 0.8738700747 2.4420685966    0.873  0.020  3.7469  4.299    1  0.000  0.535     0.00     0.00     0.00     0.00     0.00 -1  -1.8e-22      0.00 7.733e-01 2.148e-01 2.110e-03 5.778e-04 5.260e-03 -1.000 1.193e-02 4.721 8.555 9.806 7.986 6.350 5.746 5.818 5.609 5.360 4.832 4.734 4.592 4.481 4.313 4.276 4.060 4.052 3.927
0.01471 0.00000 10.15000 0.8768833876 2.4429252933    0.876  0.034  3.7475  4.288    1  0.000  0.535     0.00     0.00     0.00     0.00     0.00 -1 -1.95e-21      0.00 7.730e-01 2.150e-01 2.113e-03 5.785e-04 5.267e-03 -1.000 1.195e-02 4.684 8.515 9.738 7.928 6.300 5.698 5.774 5.568 5.319 4.794 4.695 4.554 4.444 4.277 4.239 4.024 4.016 3.892
0.01471 0.00000 10.15000 0.8827082515 2.4445622725    0.881  0.064  3.7482  4.264    1  0.000  0.535     0.00     0.00     0.00     0.00     0.00 -1 -1.93e-19      0.00 7.721e-01 2.159e-01 2.122e-03 5.810e-04 5.289e-03 -1.000 1.203e-02 4.609 8.435 9.625 7.827 6.209 5.610 5.690 5.487 5.240 4.717 4.619 4.478 4.369 4.202 4.165 3.951 3.943 3.819
0.01471 0.00000 10.15000 0.8900993466 2.4466039887    0.889  0.103  3.7486  4.230    1  0.000  0.535     0.00     0.00     0.00     0.00     0.00 -1 -6.48e-17      0.00 7.705e-01 2.173e-01 2.137e-03 5.851e-04 5.326e-03 -1.000 1.214e-02 4.511 8.335 9.504 7.714 6.101 5.505 5.585 5.385 5.139 4.618 4.520 4.380 4.271 4.105 4.068 3.854 3.846 3.723
0.01471 0.00000 10.15000 0.8978233337 2.4486964066    0.896  0.146  3.7480  4.188    1  0.000  0.535     0.00     0.00     0.00     0.00     0.00 -1  -2.8e-14      0.00 7.677e-01 2.200e-01 2.163e-03 5.925e-04 5.394e-03 -1.000 1.228e-02 4.405 8.231 9.425 7.625 6.004 5.407 5.483 5.282 5.035 4.513 4.415 4.275 4.166 3.999 3.962 3.747 3.739 3.615
0.01471 0.00000 10.15000 0.9000000358 2.4492786175    0.899  0.158  3.7476  4.175    1  0.000  0.535     0.00     0.00     0.00     0.00     0.00 -1 -1.55e-13      0.00 7.666e-01 2.211e-01 2.174e-03 5.955e-04 5.422e-03 -1.000 1.233e-02 4.374 8.203 9.414 7.607 5.981 5.382 5.456 5.254 5.007 4.483 4.385 4.244 4.135 3.968 3.931 3.716 3.708 3.584
0.01471 0.00000 10.15000 0.9018661976 2.4497751947    0.900  0.169  3.7471  4.164    1  0.000  0.535     0.00     0.00     0.00     0.00     0.00 -1 -1.61e-13      0.00 7.657e-01 2.220e-01 2.183e-03 5.980e-04 5.445e-03 -1.000 1.237e-02 4.347 8.178 9.407 7.592 5.961 5.361 5.433 5.230 4.982 4.457 4.359 4.218 4.109 3.941 3.904 3.689 3.681 3.556
0.01471 0.00000 10.15000 0.9045844078 2.4504942842    0.903  0.186  3.7457  4.143    2  0.000  0.535     0.00     0.00     0.00     0.00     0.00 -1 -3.62e-14      0.00 7.636e-01 2.239e-01 2.202e-03 6.033e-04 5.493e-03 -1.000 1.248e-02 4.306 8.145 9.434 7.596 5.946 5.342 5.406 5.199 4.949 4.420 4.321 4.179 4.069 3.901 3.863 3.646 3.638 3.512
0.01471 0.00000 10.15000 0.9108445048 2.4521316060    0.909  0.223  3.7409  4.090    2  0.000  0.535     0.00     0.00     0.00     0.00     0.00 -1 -8.63e-17      0.00 7.562e-01 2.310e-01 2.268e-03 6.212e-04 5.656e-03 -1.000 1.288e-02 4.213 8.077 9.558 7.645 5.934 5.316 5.357 5.136 4.880 4.338 4.238 4.092 3.979 3.808 3.769 3.548 3.540 3.410
0.01471 0.00000 10.15000 0.9160373211 2.4534702715    0.914  0.251  3.7316  4.027    2  0.000  0.535     0.00     0.00     0.00     0.00     0.00 -1 -2.44e-16      0.00 7.471e-01 2.396e-01 2.342e-03 6.413e-04 5.836e-03 -1.000 1.330e-02 4.144 8.050 9.876 7.830 6.025 5.381 5.382 5.133 4.864 4.296 4.192 4.039 3.921 3.743 3.703 3.473 3.464 3.324
0.01471 0.00000 10.15000 0.9189453721 2.4542123478    0.917  0.263  3.7216  3.976    2  0.000  0.536     0.00     0.00     0.00     0.00     0.00 -1 -1.53e-23      0.00 7.405e-01 2.460e-01 2.394e-03 6.548e-04 5.957e-03 -1.000 1.354e-02 4.113 8.063 10.245 8.090 6.179 5.506 5.460 5.181 4.897 4.299 4.191 4.029 3.906 3.721 3.678 3.437 3.427 3.277
0.01471 0.00000 10.15000 0.9208614826 2.4546983562    0.919  0.274  3.7124  3.929    2  0.000  0.536     0.00     0.00     0.00     0.00     0.00 -1 -2.53e-23      0.00 7.356e-01 2.507e-01 2.429e-03 6.644e-04 6.042e-03 -1.000 1.374e-02 4.085 8.073 10.566 8.344 6.330 5.631 5.537 5.228 4.932 4.306 4.194 4.024 3.896 3.704 3.658 3.408 3.397 3.237
0.01471 0.00000 10.15000 0.9225839376 2.4551332642    0.921  0.296  3.7036  3.872    2  0.000  0.536     0.00     0.00     0.00     0.00     0.00 -1 -1.06e-22      0.00 7.309e-01 2.551e-01 2.462e-03 6.731e-04 6.119e-03 -1.000 1.393e-02 4.029 8.054 10.831 8.576 6.453 5.728 5.587 5.250 4.941 4.287 4.172 3.993 3.859 3.660 3.613 3.352 3.340 3.171
0.01471 0.00000 10.15000 0.9241273999 2.4555213944    0.922  0.333  3.6967  3.808    2  0.000  0.537     0.00     0.00     0.00     0.00     0.00 -1 -3.99e-22      0.00 7.266e-01 2.593e-01 2.489e-03 6.803e-04 6.183e-03 -1.000 1.407e-02 3.937 7.990 10.980 8.718 6.504 5.761 5.581 5.222 4.904 4.227 4.108 3.922 3.785 3.580 3.530 3.261 3.249 3.071
0.01471 0.00000 10.15000 0.9247387648 2.4556747207    0.923  0.352  3.6943  3.780    2  0.000  0.537     0.00     0.00     0.00     0.00     0.00 -1 -6.79e-22      0.00 7.248e-01 2.611e-01 2.499e-03 6.830e-04 6.207e-03 -1.000 1.413e-02 3.890 7.953 11.015 8.754 6.508 5.758 5.564 5.199 4.876 4.191 4.072 3.884 3.745 3.537 3.487 3.215 3.203 3.022
0.01471 0.00000 10.15000 0.9253102541 2.4558178358    0.924  0.376  3.6927  3.750    2  0.000  0.537     0.00     0.00     0.00     0.00     0.00 -1 -1.13e-21      0.00 7.232e-01 2.627e-01 2.507e-03 6.852e-04 6.227e-03 -1.000 1.415e-02 3.830 7.900 11.008 8.747 6.480 5.727 5.523 5.154 4.829 4.139 4.019 3.829 3.689 3.481 3.430 3.156 3.143 2.961
0.01471 0.00000 10.15000 0.9262655377 2.4560566091    0.925  0.420  3.6904  3.698    3  0.000  0.537     0.00     0.00     0.00     0.00     0.00 -1 -2.66e-21      0.00 7.202e-01 2.656e-01 2.519e-03 6.887e-04 6.257e-03 -1.000 1.420e-02 3.721 7.800 10.977 8.714 6.416 5.657 5.441 5.065 4.738 4.041 3.920 3.728 3.587 3.376 3.325 3.048 3.035 2.850
0.01471 0.00000 10.15000 0.9272624254 2.4563051781    0.926  0.473  3.6886  3.638    3  0.000  0.536     0.00     0.00     0.00     0.00     0.00 -1 -6.64e-21      0.00 7.168e-01 2.689e-01 2.527e-03 6.925e-04 6.285e-03 -1.000 1.428e-02 3.589 7.675 10.898 8.639 6.317 5.555 5.329 4.950 4.620 3.918 3.796 3.603 3.461 3.249 3.197 2.918 2.905 2.717
0.01471 0.00000 10.15000 0.9280682802 2.4565056653    0.926  0.520  3.6874  3.586    3  0.000  0.534     0.00     0.00     0.00     0.00     0.00 -1 -1.41e-20      0.00 7.138e-01 2.719e-01 2.525e-03 6.983e-04 6.304e-03 -1.000 1.433e-02 3.470 7.560 10.811 8.555 6.218 5.455 5.221 4.842 4.510 3.805 3.682 3.488 3.346 3.133 3.081 2.800 2.787 2.598
0.01471 0.00000 10.15000 0.9287433028 2.4566732950    0.927  0.563  3.6864  3.539    3  0.000  0.530     0.00     0.00     0.00     0.00     0.00 -1 -2.68e-20      0.00 7.112e-01 2.745e-01 2.512e-03 7.095e-04 6.318e-03 -1.000 1.436e-02 3.362 7.456 10.727 8.472 6.125 5.360 5.122 4.742 4.409 3.701 3.578 3.384 3.242 3.028 2.976 2.694 2.680 2.490
0.01471 0.00000 10.15000 0.9293875098 2.4568330112    0.928  0.608  3.6855  3.492    3  0.000  0.523     0.00     0.00     0.00     0.00     0.00 -1 -4.98e-20      0.00 7.085e-01 2.771e-01 2.484e-03 7.371e-04 6.330e-03 -1.000 1.440e-02 3.250 7.348 10.641 8.386 6.028 5.262 5.019 4.638 4.304 3.594 3.471 3.276 3.134 2.919 2.866 2.583 2.569 2.378
0.01471 0.00000 10.15000 0.9299914241 2.4569825066    0.928  0.653  3.6846  3.443    3  0.000  0.515     0.00     0.00     0.00     0.00     0.00 -1 -9.01e-20      0.00 7.062e-01 2.794e-01 2.447e-03 7.790e-04 6.339e-03 -1.000 1.443e-02 3.137 7.239 10.569 8.316 5.938 5.170 4.919 4.536 4.200 3.486 3.362 3.166 3.024 2.809 2.755 2.471 2.457 2.264
0.01471 0.00000 10.15000 0.9305555820 2.4571219590    0.929  0.699  3.6837  3.394    3  0.000  0.506     0.00     0.00     0.00     0.00     0.00 -1 -1.59e-19      0.00 7.042e-01 2.813e-01 2.410e-03 8.236e-04 6.346e-03 -1.000 1.447e-02 3.023 7.129 10.499 8.247 5.848 5.077 4.817 4.433 4.094 3.377 3.252 3.055 2.913 2.696 2.643 2.357 2.343 2.149
0.01471 0.00000 10.15000 0.9310387969 2.4572412488    0.929  0.741  3.6827  3.348    3  0.000  0.499     0.00     0.00     0.00     0.00     0.00 -1  -2.6e-19      0.00 7.027e-01 2.829e-01 2.379e-03 8.632e-04 6.352e-03 -1.000 1.445e-02 2.917 7.027 10.436 8.186 5.765 4.993 4.725 4.338 3.997 3.276 3.150 2.953 2.810 2.593 2.539 2.252 2.238 2.043
0.01471 0.00000 10.15000 0.9315343499 2.4573634367    0.930  0.788  3.6816  3.297    3  0.000  0.493     0.00     0.00     0.00     0.00     0.00 -1 -4.36e-19      0.00 7.012e-01 2.844e-01 2.349e-03 9.019e-04 6.356e-03 -1.000 1.445e-02 2.800 6.915 10.370 8.122 5.676 4.900 4.623 4.234 3.890 3.165 3.038 2.840 2.697 2.479 2.424 2.136 2.122 1.925
0.01471 0.00000 10.15000 0.9319579005 2.4574677526    0.930  0.831  3.6805  3.249    3  0.000  0.488     0.00     0.00     0.00     0.00     0.00 -1 -6.85e-19      0.00 7.001e-01 2.854e-01 2.329e-03 9.284e-04 6.360e-03 -1.000 1.448e-02 2.692 6.811 10.312 8.067 5.595 4.817 4.530 4.138 3.792 3.062 2.935 2.736 2.592 2.373 2.318 2.028 2.014 1.815
0.01471 0.00000 10.15000 0.9323497415 2.4575641617    0.930  0.875  3.6792  3.201    3  0.000  0.485     0.00     0.00     0.00     0.00     0.00 -1 -1.05e-18      0.00 6.992e-01 2.863e-01 2.313e-03 9.494e-04 6.363e-03 -1.000 1.450e-02 2.583 6.709 10.258 8.023 5.519 4.737 4.440 4.044 3.695 2.961 2.832 2.632 2.488 2.267 2.212 1.921 1.906 1.706
0.01471 0.00000 10.15000 0.9326947331 2.4576489669    0.931  0.916  3.6780  3.155    3  0.000  0.483     0.00     0.00     0.00     0.00     0.00 -1 -1.55e-18      0.00 6.986e-01 2.869e-01 2.303e-03 9.622e-04 6.364e-03 -1.000 1.450e-02 2.480 6.611 10.209 7.987 5.449 4.663 4.355 3.955 3.604 2.864 2.735 2.534 2.388 2.167 2.112 1.818 1.803 1.602
0.01471 0.00000 10.15000 0.9330168366 2.4577280806    0.931  0.958  3.6767  3.108    3  0.000  0.481     0.00     0.00     0.00     0.00     0.00 -1 -2.24e-18      0.00 6.982e-01 2.873e-01 2.296e-03 9.716e-04 6.365e-03 -1.000 1.448e-02 2.375 6.512 10.161 7.955 5.380 4.590 4.270 3.866 3.513 2.767 2.638 2.435 2.289 2.066 2.010 1.715 1.700 1.497
0.01471 0.00000 10.15000 0.9333187342 2.4578021744    0.931  1.000  3.6752  3.060    3  0.000  0.480     0.00     0.00     0.00     0.00     0.00 -1 -3.21e-18      0.00 6.979e-01 2.876e-01 2.291e-03 9.786e-04 6.366e-03 -1.000 1.449e-02 2.269 6.413 10.115 7.927 5.312 4.517 4.186 3.778 3.421 2.670 2.539 2.335 2.188 1.964 1.908 1.610 1.595 1.390
0.01471 0.00000 10.15000 0.9335992932 2.4578709818    0.931  1.043  3.6737  3.010    3  0.000  0.479     0.00     0.00     0.00     0.00     0.00 -1 -4.52e-18      0.00 6.978e-01 2.877e-01 2.288e-03 9.824e-04 6.367e-03 -1.000 1.449e-02 2.161 6.312 10.071 7.903 5.246 4.446 4.102 3.688 3.329 2.571 2.440 2.234 2.086 1.861 1.804 1.504 1.489 1.282
0.01471 0.00000 10.15000 0.9338445663 2.4579310963    0.932  1.084  3.6721  2.964    3  0.000  0.479     0.00     0.00     0.00     0.00     0.00 -1 -6.15e-18      0.00 6.977e-01 2.878e-01 2.287e-03 9.840e-04 6.368e-03 -1.000 1.451e-02 2.060 6.217 10.018 7.872 5.182 4.378 4.022 3.604 3.242 2.478 2.346 2.139 1.990 1.764 1.706 1.404 1.389 1.180
0.01471 0.00000 10.15000 0.9340723753 2.4579868979    0.932  1.124  3.6705  2.917    3  0.000  0.479     0.00     0.00     0.00     0.00     0.00 -1 -8.25e-18      0.00 6.977e-01 2.878e-01 2.287e-03 9.845e-04 6.368e-03 -1.000 1.452e-02 1.959 6.123 9.963 7.841 5.120 4.312 3.944 3.521 3.155 2.386 2.253 2.044 1.895 1.667 1.609 1.305 1.289 1.078
0.01471 0.00000 10.15000 0.9343445301 2.4580535211    0.932  1.178  3.6683  2.855    3  0.000  0.479     0.00     0.00     0.00     0.00     0.00 -1 -1.19e-17      0.00 6.976e-01 2.878e-01 2.286e-03 9.850e-04 6.368e-03 -1.000 1.452e-02 1.826 6.000 9.888 7.806 5.042 4.229 3.844 3.414 3.044 2.267 2.132 1.921 1.771 1.541 1.482 1.175 1.159 0.944
0.01471 0.00000 10.15000 0.9345345497 2.4581000112    0.932  1.218  3.6666  2.808    3  0.000  0.479     0.00     0.00     0.00     0.00     0.00 -1 -1.55e-17      0.00 6.976e-01 2.879e-01 2.286e-03 9.853e-04 6.368e-03 -1.000 1.452e-02 1.726 5.907 9.830 7.783 4.986 4.168 3.769 3.334 2.961 2.177 2.042 1.829 1.678 1.446 1.386 1.077 1.061 0.844
0.01471 0.00000 10.15000 0.9347620606 2.4581556453    0.932  1.270  3.6642  2.747    3  0.000  0.479     0.00     0.00     0.00     0.00     0.00 -1 -2.15e-17      0.00 6.976e-01 2.879e-01 2.286e-03 9.857e-04 6.368e-03 -1.000 1.452e-02 1.595 5.787 9.758 7.756 4.914 4.091 3.674 3.232 2.854 2.061 1.924 1.709 1.557 1.323 1.262 0.949 0.933 0.713
0.01471 0.00000 10.15000 0.9349693060 2.4582062967    0.932  1.321  3.6619  2.686    3  0.000  0.479     0.00     0.00     0.00     0.00     0.00 -1 -2.93e-17      0.00 6.976e-01 2.879e-01 2.286e-03 9.861e-04 6.368e-03 -1.000 1.452e-02 1.467 5.669 9.689 7.732 4.844 4.016 3.581 3.131 2.749 1.947 1.809 1.592 1.438 1.202 1.141 0.824 0.807 0.584
0.01471 0.00000 10.15000 0.9351621270 2.4582533995    0.933  1.372  3.6594  2.626    3  0.000  0.479     0.00     0.00     0.00     0.00     0.00 -1 -3.95e-17      0.00 6.976e-01 2.879e-01 2.285e-03 9.864e-04 6.368e-03 -1.000 1.452e-02 1.341 5.554 9.622 7.713 4.780 3.945 3.491 3.034 2.648 1.837 1.698 1.477 1.323 1.084 1.022 0.702 0.685 0.458
0.01471 0.00000 10.15000 0.9353596568 2.4583016295    0.933  1.419  3.6571  2.569    3  0.000  0.478     0.00     0.00     0.00     0.00     0.00 -1  -5.3e-17      0.00 6.976e-01 2.879e-01 2.285e-03 9.868e-04 6.369e-03 -1.000 1.452e-02 1.221 5.445 9.554 7.697 4.720 3.882 3.408 2.944 2.553 1.733 1.593 1.370 1.215 0.974 0.910 0.586 0.569 0.339
0.01471 0.00000 10.15000 0.9355528951 2.4583487889    0.933  1.451  3.6556  2.531    3  0.000  0.478     0.00     0.00     0.00     0.00     0.00 -1 -6.84e-17      0.00 6.976e-01 2.879e-01 2.285e-03 9.871e-04 6.369e-03 -1.000 1.452e-02 1.143 5.372 9.506 7.682 4.679 3.837 3.352 2.883 2.490 1.664 1.523 1.299 1.142 0.900 0.836 0.510 0.492 0.260
0.01471 0.00000 10.15000 0.9356833696 2.4583806184    0.933  1.428  3.6572  2.561    3  0.000  0.478     0.00     0.00     0.00     0.00     0.00 -1 -7.28e-17      0.00 6.976e-01 2.879e-01 2.285e-03 9.873e-04 6.369e-03 -1.000 1.452e-02 1.201 5.423 9.529 7.667 4.695 3.857 3.385 2.921 2.531 1.711 1.571 1.349 1.193 0.952 0.889 0.565 0.548 0.318
0.01471 0.00000 10.15000 0.9357987046 2.4584087460    0.933  1.388  3.6597  2.610    3  0.000  0.478     0.00     0.00     0.00     0.00     0.00 -1 -7.18e-17      0.00 6.976e-01 2.879e-01 2.285e-03 9.875e-04 6.369e-03 -1.000 1.452e-02 1.299 5.510 9.572 7.653 4.728 3.895 3.444 2.988 2.602 1.792 1.653 1.434 1.280 1.042 0.979 0.660 0.643 0.416
0.01471 0.00000 10.15000 0.9358028769 2.4584097633    0.933  1.387  3.6598  2.612    3  0.000  0.478     0.00     0.00     0.00     0.00     0.00 -1 -7.18e-17      0.00 6.976e-01 2.879e-01 2.285e-03 9.875e-04 6.369e-03 -1.000 1.452e-02 1.303 5.513 9.573 7.652 4.729 3.897 3.446 2.991 2.605 1.795 1.656 1.437 1.283 1.045 0.982 0.663 0.646 0.420
0.01471 0.00000 10.15000 0.9358764291 2.4584276967    0.933  1.413  3.6585  2.581    3  0.000  0.478     0.00     0.00     0.00     0.00     0.00 -1 -8.17e-17      0.00 6.976e-01 2.879e-01 2.285e-03 9.876e-04 6.369e-03 -1.000 1.452e-02 1.238 5.455 9.538 7.648 4.700 3.864 3.402 2.943 2.554 1.740 1.600 1.379 1.225 0.985 0.922 0.601 0.584 0.355
0.01471 0.00000 10.15000 0.9360244870 2.4584637861    0.933  1.464  3.6557  2.518    3  0.000  0.478     0.00     0.00     0.00     0.00     0.00 -1 -1.06e-16      0.00 6.975e-01 2.879e-01 2.284e-03 9.879e-04 6.369e-03 -1.000 1.452e-02 1.109 5.338 9.469 7.640 4.641 3.800 3.316 2.848 2.454 1.629 1.488 1.264 1.108 0.866 0.802 0.476 0.459 0.227
0.01471 0.00000 10.15000 0.9361654520 2.4584981344    0.933  1.515  3.6530  2.456    3  0.000  0.478     0.00     0.00     0.00     0.00     0.00 -1 -1.38e-16      0.00 6.975e-01 2.879e-01 2.284e-03 9.881e-04 6.369e-03 -1.000 1.452e-02 0.981 5.224 9.413 7.657 4.600 3.754 3.240 2.760 2.359 1.521 1.378 1.151 0.993 0.748 0.682 0.352 0.334 0.098
0.01471 0.00000 10.15000 0.9362921119 2.4585289869    0.933  1.565  3.6502  2.396    3  0.000  0.478     0.00     0.00     0.00     0.00     0.00 -1 -1.77e-16      0.00 6.975e-01 2.880e-01 2.284e-03 9.884e-04 6.369e-03 -1.000 1.452e-02 0.858 5.113 9.364 7.685 4.569 3.716 3.171 2.679 2.270 1.416 1.271 1.041 0.881 0.633 0.566 0.232 0.214 -0.026
0.01471 0.00000 10.15000 0.9364063144 2.4585567967    0.933  1.613  3.6475  2.336    3  0.000  0.478     0.00     0.00     0.00     0.00     0.00 -1 -2.23e-16      0.00 6.975e-01 2.880e-01 2.284e-03 9.886e-04 6.369e-03 -1.000 1.452e-02 0.737 5.006 9.308 7.709 4.542 3.686 3.107 2.602 2.185 1.317 1.170 0.936 0.774 0.523 0.455 0.115 0.097 -0.147
0.01471 0.00000 10.15000 0.9365113974 2.4585823789    0.933  1.662  3.6447  2.277    3  0.000  0.478     0.00     0.00     0.00     0.00     0.00 -1 -2.79e-16      0.00 6.975e-01 2.880e-01 2.284e-03 9.887e-04 6.369e-03 -1.000 1.452e-02 0.616 4.899 9.252 7.736 4.517 3.657 3.045 2.527 2.102 1.218 1.069 0.831 0.668 0.414 0.344 -0.001 -0.020 -0.268
0.01471 0.00000 10.15000 0.9366079569 2.4586058803    0.933  1.710  3.6418  2.217    3  0.000  0.478     0.00     0.00     0.00     0.00     0.00 -1 -3.48e-16      0.00 6.975e-01 2.880e-01 2.284e-03 9.889e-04 6.369e-03 -1.000 1.452e-02 0.495 4.792 9.197 7.766 4.494 3.630 2.984 2.453 2.019 1.119 0.968 0.726 0.561 0.304 0.232 -0.118 -0.137 -0.389
0.01471 0.00000 10.15000 0.9366946220 2.4586269688    0.932  1.758  3.6389  2.158    3  0.000  0.478     0.00     0.00     0.00     0.00     0.00 -1 -4.29e-16      0.00 6.975e-01 2.880e-01 2.284e-03 9.891e-04 6.369e-03 -1.000 1.452e-02 0.376 4.687 9.142 7.795 4.474 3.607 2.926 2.381 1.940 1.024 0.871 0.625 0.458 0.198 0.124 -0.232 -0.252 -0.507
0.01471 0.00000 10.15000 0.9367725253 2.4586459214    0.932  1.804  3.6360  2.099    3  0.000  0.478     0.00     0.00     0.00     0.00     0.00 -1 -5.24e-16      0.00 6.975e-01 2.880e-01 2.284e-03 9.892e-04 6.369e-03 -1.000 1.452e-02 0.259 4.586 9.082 7.818 4.458 3.588 2.872 2.314 1.864 0.932 0.778 0.528 0.360 0.096 0.020 -0.343 -0.363 -0.623
0.01471 0.00000 10.15000 0.9368438721 2.4586632757    0.932  1.851  3.6330  2.041    3  0.000  0.478     0.00     0.00     0.00     0.00     0.00 -1 -6.36e-16      0.00 6.975e-01 2.880e-01 2.284e-03 9.893e-04 6.369e-03 -1.000 1.452e-02 0.143 4.485 9.024 7.843 4.442 3.571 2.819 2.248 1.790 0.842 0.685 0.432 0.262 -0.006 -0.084 -0.454 -0.474 -0.739
0.01471 0.00000 10.15000 0.9369089007 2.4586790905    0.932  1.897  3.6301  1.983    3  0.000  0.478     0.00     0.00     0.00     0.00     0.00 -1 -7.67e-16      0.00 6.975e-01 2.880e-01 2.283e-03 9.894e-04 6.370e-03 -1.000 1.452e-02 0.028 4.385 8.953 7.842 4.417 3.543 2.766 2.184 1.716 0.752 0.593 0.336 0.165 -0.107 -0.186 -0.563 -0.584 -0.852
0.01471 0.00000 10.15000 0.9369682670 2.4586935261    0.932  1.943  3.6271  1.925    3  0.000  0.478     0.00     0.00     0.00     0.00     0.00 -1  -9.2e-16      0.00 6.975e-01 2.880e-01 2.283e-03 9.895e-04 6.370e-03 -1.000 1.452e-02 -0.086 4.286 8.846 7.755 4.357 3.484 2.710 2.123 1.644 0.665 0.503 0.244 0.073 -0.203 -0.285 -0.668 -0.690 -0.962
0.01471 0.00000 10.15000 0.9370226264 2.4587067424    0.932  1.988  3.6240  1.867    3  0.000  0.478     0.00     0.00     0.00     0.00     0.00 -1  -1.1e-15      0.00 6.975e-01 2.880e-01 2.283e-03 9.896e-04 6.370e-03 -1.000 1.452e-02 -0.201 4.188 8.744 7.669 4.294 3.421 2.653 2.062 1.570 0.577 0.412 0.151 -0.020 -0.300 -0.384 -0.774 -0.795 -1.073
0.01471 0.00000 10.15000 0.9370710254 2.4587185080    0.931  2.033  3.6210  1.810    3  0.000  0.478     0.00     0.00     0.00     0.00     0.00 -1  -1.3e-15      0.00 6.975e-01 2.880e-01 2.283e-03 9.897e-04 6.370e-03 -1.000 1.452e-02 -0.312 4.093 8.649 7.588 4.230 3.357 2.597 2.002 1.499 0.491 0.325 0.061 -0.111 -0.395 -0.480 -0.875 -0.898 -1.179
0.01471 0.00000 10.15000 0.9371155500 2.4587293305    0.931  2.077  3.6180  1.754    3  0.000  0.478     0.00     0.00     0.00     0.00     0.00 -1 -1.54e-15      0.00 6.975e-01 2.880e-01 2.283e-03 9.898e-04 6.370e-03 -1.000 1.452e-02 -0.423 3.998 8.554 7.499 4.161 3.288 2.539 1.942 1.428 0.408 0.239 -0.027 -0.198 -0.486 -0.574 -0.976 -0.999 -1.285
0.01471 0.00000 10.15000 0.9371562004 2.4587392103    0.931  2.121  3.6149  1.697    3  0.000  0.478     0.00     0.00     0.00     0.00     0.00 -1 -1.81e-15      0.00 6.975e-01 2.880e-01 2.283e-03 9.899e-04 6.370e-03 -1.000 1.452e-02 -0.533 3.905 8.461 7.409 4.090 3.218 2.482 1.882 1.359 0.327 0.156 -0.113 -0.284 -0.577 -0.667 -1.076 -1.098 -1.390
0.01471 0.00000 10.15000 0.9371928573 2.4587481187    0.930  2.164  3.6118  1.642    3  0.000  0.478     0.00     0.00     0.00     0.00     0.00 -1 -2.12e-15      0.00 6.975e-01 2.880e-01 2.283e-03 9.899e-04 6.370e-03 -1.000 1.452e-02 -0.640 3.815 8.374 7.326 4.021 3.149 2.425 1.824 1.290 0.248 0.074 -0.197 -0.369 -0.666 -0.758 -1.172 -1.195 -1.491
0.01471 0.00000 10.15000 0.9372273088 2.4587564904    0.930  2.208  3.6086  1.585    3  0.000  0.478     0.00     0.00     0.00     0.00     0.00 -1 -2.47e-15      0.00 6.975e-01 2.880e-01 2.283e-03 9.900e-04 6.370e-03 -1.000 1.452e-02 -0.750 3.724 8.286 7.240 3.948 3.076 2.367 1.765 1.222 0.169 -0.006 -0.281 -0.453 -0.755 -0.849 -1.269 -1.293 -1.594
0.01471 0.00000 10.15000 0.9372577667 2.4587638911    0.930  2.250  3.6056  1.531    3  0.000  0.478     0.00     0.00     0.00     0.00     0.00 -1 -2.87e-15      0.00 6.975e-01 2.880e-01 2.283e-03 9.900e-04 6.370e-03 -1.000 1.452e-02 -0.854 3.638 8.203 7.157 3.877 3.005 2.311 1.710 1.158 0.097 -0.081 -0.358 -0.530 -0.838 -0.934 -1.361 -1.385 -1.692
0.01471 0.00000 10.15000 0.9372864366 2.4587708567    0.929  2.292  3.6024  1.476    3  0.000  0.478     0.00     0.00     0.00     0.00     0.00 -1 -3.32e-15      0.00 6.975e-01 2.880e-01 2.283e-03 9.901e-04 6.370e-03 -1.000 1.452e-02 -0.960 3.551 8.134 7.110 3.830 2.959 2.264 1.659 1.099 0.026 -0.153 -0.435 -0.608 -0.921 -1.019 -1.454 -1.479 -1.793
0.01471 0.00000 10.15000 0.9373125434 2.4587771993    0.929  2.334  3.5992  1.421    3  0.000  0.478     0.00     0.00     0.00     0.00     0.00 -1 -3.84e-15      0.00 6.975e-01 2.880e-01 2.283e-03 9.901e-04 6.370e-03 -1.000 1.452e-02 -1.064 3.467 8.078 7.104 3.812 2.945 2.232 1.617 1.048 -0.038 -0.220 -0.506 -0.680 -1.000 -1.102 -1.548 -1.573 -1.894
0.01471 0.00000 10.15000 0.9373362064 2.4587829478    0.928  2.374  3.5961  1.368    3  0.000  0.478     0.00     0.00     0.00     0.00     0.00 -1 -4.41e-15      0.00 6.975e-01 2.880e-01 2.283e-03 9.902e-04 6.370e-03 -1.000 1.452e-02 -1.165 3.387 8.023 7.094 3.792 2.929 2.199 1.577 1.002 -0.096 -0.279 -0.569 -0.744 -1.070 -1.178 -1.638 -1.664 -1.993
0.01471 0.00000 10.15000 0.9373583198 2.4587883195    0.927  2.415  3.5928  1.314    3  0.000  0.478     0.00     0.00     0.00     0.00     0.00 -1 -5.07e-15      0.00 6.975e-01 2.880e-01 2.283e-03 9.902e-04 6.370e-03 -1.000 1.452e-02 -1.267 3.307 7.968 7.087 3.774 2.916 2.169 1.540 0.959 -0.152 -0.337 -0.631 -0.806 -1.140 -1.254 -1.729 -1.755 -2.092
0.01471 0.00000 10.15000 0.9373784065 2.4587931987    0.927  2.455  3.5896  1.261    3  0.000  0.478     0.00     0.00     0.00     0.00     0.00 -1 -5.79e-15      0.00 6.975e-01 2.880e-01 2.283e-03 9.902e-04 6.370e-03 -1.000 1.452e-02 -1.367 3.230 7.915 7.079 3.755 2.903 2.140 1.504 0.917 -0.205 -0.392 -0.691 -0.866 -1.207 -1.327 -1.816 -1.843 -2.188
0.01471 0.00000 10.15000 0.9373967648 2.4587976577    0.926  2.494  3.5864  1.208    3  0.000  0.478     0.00     0.00     0.00     0.00     0.00 -1  -6.6e-15      0.00 6.975e-01 2.880e-01 2.283e-03 9.903e-04 6.370e-03 -1.000 1.452e-02 -1.464 3.157 7.861 7.068 3.734 2.887 2.113 1.474 0.883 -0.248 -0.437 -0.740 -0.915 -1.265 -1.393 -1.900 -1.928 -2.283
0.01471 0.00000 10.15000 0.9374138117 2.4588017981    0.925  2.533  3.5831  1.156    3  0.000  0.478    14.51    10.32     7.15     5.55     4.50  3 -7.52e-15      0.00 6.975e-01 2.880e-01 2.283e-03 9.903e-04 6.370e-03 -1.000 1.452e-02 -1.561 3.085 7.808 7.058 3.713 2.873 2.089 1.446 0.851 -0.290 -0.481 -0.788 -0.963 -1.322 -1.458 -1.984 -2.012 -2.376
0.01471 0.00000 10.15000 0.9374293685 2.4588055765    0.925  2.571  3.5798  1.104    3  0.000  0.478    16.17    11.33     7.81     6.07     4.92  3 -8.53e-15      0.00 6.975e-01 2.880e-01 2.283e-03 9.903e-04 6.370e-03 -1.000 1.452e-02 -1.657 3.014 7.755 7.049 3.692 2.859 2.066 1.419 0.820 -0.331 -0.523 -0.835 -1.010 -1.378 -1.521 -2.066 -2.095 -2.468
0.01471 0.00000 10.15000 0.9374436736 2.4588090507    0.924  2.608  3.5765  1.054    3  0.000  0.478    17.99    12.42     8.53     6.64     5.39  3 -9.64e-15      0.00 6.975e-01 2.880e-01 2.283e-03 9.903e-04 6.370e-03 -1.000 1.452e-02 -1.751 2.949 7.704 7.039 3.669 2.844 2.044 1.399 0.800 -0.355 -0.548 -0.864 -1.037 -1.419 -1.574 -2.143 -2.173 -2.558
0.01471 0.00000 10.15000 0.9374569058 2.4588122642    0.923  2.645  3.5732  1.003    3  0.000  0.478    20.00    13.61     9.31     7.25     5.89  3 -1.09e-14      0.00 6.975e-01 2.880e-01 2.283e-03 9.904e-04 6.370e-03 -1.000 1.452e-02 -1.843 2.886 7.655 7.031 3.646 2.831 2.025 1.382 0.783 -0.377 -0.571 -0.891 -1.063 -1.457 -1.624 -2.218 -2.249 -2.646
0.01471 0.00000 10.15000 0.9374693632 2.4588152895    0.922  2.682  3.5698  0.952    3  0.000  0.478    22.24    14.91    10.16     7.92     6.43  3 -1.22e-14      0.00 6.975e-01 2.880e-01 2.283e-03 9.904e-04 6.370e-03 -1.000 1.452e-02 -1.934 2.824 7.604 7.023 3.624 2.818 2.012 1.372 0.772 -0.394 -0.590 -0.914 -1.084 -1.493 -1.672 -2.292 -2.325 -2.734
0.01471 0.00000 10.15000 0.9374833107 2.4588186765    0.921  2.726  3.5656  0.891    3  0.000  0.478    25.28    16.65    11.29     8.82     7.16  3 -1.41e-14      0.00 6.975e-01 2.880e-01 2.283e-03 9.904e-04 6.370e-03 -1.000 1.452e-02 -2.044 2.758 7.548 7.017 3.595 2.803 2.000 1.371 0.776 -0.389 -0.586 -0.917 -1.083 -1.515 -1.716 -2.376 -2.410 -2.837
0.01471 0.00000 10.15000 0.9374960065 2.4588217594    0.919  2.768  3.5614  0.831    3  0.000  0.478    28.65    18.55    12.51     9.79     7.95  2 -1.62e-14      0.00 6.975e-01 2.880e-01 2.283e-03 9.904e-04 6.370e-03 -1.000 1.452e-02 -2.151 2.693 7.493 7.012 3.568 2.790 1.991 1.373 0.782 -0.382 -0.581 -0.918 -1.079 -1.535 -1.757 -2.456 -2.492 -2.937
0.01471 0.00000 10.15000 0.9375076294 2.4588245818    0.918  2.810  3.5573  0.772    3  0.000  0.478    32.43    20.64    13.85    10.86     8.82  2 -1.86e-14      0.00 6.975e-01 2.880e-01 2.283e-03 9.905e-04 6.370e-03 -1.000 1.452e-02 -2.256 2.635 7.441 7.010 3.541 2.778 1.987 1.385 0.802 -0.357 -0.558 -0.902 -1.057 -1.541 -1.788 -2.530 -2.568 -3.033
0.01471 0.00000 10.15000 0.9375184774 2.4588272159    0.916  2.852  3.5531  0.712    3  0.000  0.478    36.72    22.97    15.34    12.05     9.79  2 -2.13e-14      0.00 6.975e-01 2.880e-01 2.283e-03 9.905e-04 6.370e-03 -1.000 1.452e-02 -2.360 2.580 7.391 7.011 3.515 2.770 1.989 1.407 0.832 -0.319 -0.521 -0.873 -1.021 -1.537 -1.812 -2.599 -2.640 -3.126
0.01471 0.00000 10.15000 0.9375282526 2.4588295894    0.915  2.893  3.5488  0.654    3  0.000  0.478    41.48    25.51    16.96    13.34    10.84  2 -2.43e-14      0.00 6.975e-01 2.880e-01 2.283e-03 9.905e-04 6.370e-03 -1.000 1.452e-02 -2.462 2.531 7.346 7.016 3.492 2.766 1.995 1.435 0.873 -0.270 -0.473 -0.834 -0.975 -1.524 -1.829 -2.663 -2.706 -3.215
0.01471 0.00000 10.15000 0.9375374913 2.4588318326    0.913  2.933  3.5445  0.595    3  0.000  0.478    46.88    28.34    18.75    14.77    12.01  2 -2.77e-14      0.00 6.975e-01 2.880e-01 2.283e-03 9.905e-04 6.370e-03 -1.000 1.452e-02 -2.563 2.491 7.309 7.027 3.474 2.766 2.008 1.479 0.935 -0.196 -0.400 -0.771 -0.904 -1.492 -1.832 -2.715 -2.762 -3.298
0.01471 0.00000 10.15000 0.9375458956 2.4588338732    0.911  2.972  3.5403  0.538    3  0.000  0.478    52.83    31.41    20.68    16.32    13.27  2 -3.14e-14      0.00 6.975e-01 2.880e-01 2.283e-03 9.905e-04 6.370e-03 -1.000 1.452e-02 -2.660 2.453 7.274 7.039 3.458 2.768 2.024 1.524 0.998 -0.120 -0.326 -0.707 -0.831 -1.458 -1.833 -2.764 -2.816 -3.377
0.01471 0.00000 10.15000 0.9375536442 2.4588357545    0.908  3.010  3.5360  0.482    3  0.000  0.478    59.40    34.74    22.77    18.00    14.64  2 -3.55e-14      0.00 6.975e-01 2.880e-01 2.283e-03 9.905e-04 6.370e-03 -1.000 1.452e-02 -2.755 2.427 7.249 7.057 3.448 2.777 2.053 1.591 1.091 -0.014 -0.222 -0.615 -0.731 -1.401 -1.817 -2.796 -2.853 -3.446
0.01471 0.00000 10.15000 0.9375608563 2.4588375056    0.906  3.047  3.5317  0.427    3  0.000  0.478    66.71    38.38    25.05    19.83    16.13  1 -4.01e-14      0.00 6.975e-01 2.880e-01 2.283e-03 9.906e-04 6.370e-03 -1.000 1.452e-02 -2.849 2.404 7.224 7.076 3.437 2.786 2.088 1.666 1.192 0.101 -0.110 -0.515 -0.623 -1.337 -1.796 -2.825 -2.888 -3.512
0.01471 0.00000 10.15000 0.9375675321 2.4588391264    0.904  3.084  3.5275  0.372    3  0.000  0.478    74.82    42.36    27.52    21.82    17.75  1 -4.52e-14      0.00 6.975e-01 2.880e-01 2.283e-03 9.906e-04 6.370e-03 -1.000 1.452e-02 -2.940 2.393 7.211 7.098 3.433 2.800 2.134 1.755 1.314 0.235 0.021 -0.399 -0.500 -1.259 -1.762 -2.837 -2.907 -3.566
0.01471 0.00000 10.15000 0.9375736117 2.4588406024    0.901  3.119  3.5233  0.319    3  0.000  0.478    83.53    46.55    30.11    23.91    19.46  1 -5.06e-14      0.00 6.975e-01 2.880e-01 2.283e-03 9.906e-04 6.370e-03 -1.000 1.452e-02 -3.027 2.393 7.208 7.127 3.437 2.823 2.189 1.857 1.454 0.385 0.167 -0.269 -0.365 -1.167 -1.716 -2.834 -2.913 -3.608
0.01471 0.00000 10.15000 0.9375793934 2.4588420061    0.898  3.154  3.5190  0.265    3  0.000  0.478    93.45    51.26    33.01    26.25    21.37  1 -5.67e-14      0.00 6.975e-01 2.880e-01 2.283e-03 9.906e-04 6.370e-03 -1.000 1.452e-02 -3.115 2.402 7.211 7.161 3.449 2.854 2.253 1.972 1.612 0.554 0.332 -0.122 -0.212 -1.060 -1.660 -2.820 -2.908 -3.644
0.01471 0.00000 10.15000 0.9375846982 2.4588432940    0.895  3.187  3.5148  0.214    3  0.000  0.478   104.13    56.24    36.06    28.72    23.39  1 -6.33e-14      0.00 6.975e-01 2.880e-01 2.283e-03 9.906e-04 6.370e-03 -1.000 1.452e-02 -3.198 2.432 7.235 7.205 3.477 2.896 2.335 2.110 1.801 0.758 0.531 0.059 -0.027 -0.923 -1.578 -2.776 -2.877 -3.657
0.01471 0.00000 10.15000 0.9375896454 2.4588444950    0.891  3.220  3.5106  0.162    3  0.000  0.478   115.89    61.64    39.36    31.39    25.57  1 -7.05e-14      0.00 6.975e-01 2.880e-01 2.283e-03 9.906e-04 6.370e-03 -1.000 1.452e-02 -3.280 2.465 7.260 7.252 3.507 2.942 2.418 2.250 1.994 0.965 0.733 0.243 0.161 -0.782 -1.493 -2.730 -2.843 -3.668
0.01471 0.00000 10.15000 0.9375944138 2.4588456526    0.888  3.253  3.5063  0.111    3  0.000  0.478   129.08    67.59    42.98    34.33    27.96  1 -7.86e-14      0.00 6.975e-01 2.880e-01 2.283e-03 9.906e-04 6.370e-03 -1.000 1.452e-02 -3.362 2.488 7.276 7.283 3.522 2.965 2.487 2.367 2.150 1.131 0.894 0.386 0.306 -0.673 -1.426 -2.693 -2.817 -3.681
0.01471 0.00000 10.15000 0.9375989437 2.4588467524    0.884  3.285  3.5021  0.060    3  0.000  0.478   143.63    74.05    46.89    37.51    30.56  1 -8.74e-14      0.00 6.975e-01 2.880e-01 2.283e-03 9.906e-04 6.370e-03 -1.000 1.452e-02 -3.443 2.518 7.299 7.321 3.544 2.996 2.563 2.493 2.317 1.305 1.064 0.538 0.459 -0.556 -1.351 -2.646 -2.782 -3.686
0.01471 0.00000 10.15000 0.9376039505 2.4588479679    0.879  3.323  3.4971 -0.000    3  0.000  0.478   159.97    82.40    51.91    41.61    33.91  1 -9.89e-14      0.00 6.975e-01 2.880e-01 2.283e-03 9.906e-04 6.370e-03 -1.000 1.452e-02 -3.536 2.559 7.332 7.370 3.578 3.038 2.657 2.643 2.511 1.499 1.252 0.705 0.626 -0.424 -1.259 -2.583 -2.734 -3.684
0.01471 0.00000 10.15000 0.9376087189 2.4588491254    0.873  3.359  3.4921 -0.060    3  0.000  0.478   174.84    91.60    57.43    46.11    37.58  1 -1.12e-13      0.00 6.975e-01 2.880e-01 2.283e-03 9.906e-04 6.370e-03 -1.000 1.452e-02 -3.628 2.596 7.361 7.411 3.605 3.072 2.748 2.787 2.691 1.673 1.420 0.851 0.771 -0.306 -1.174 -2.522 -2.687 -3.682
0.01471 0.00000 10.15000 0.9376131892 2.4588502107    0.867  3.393  3.4875 -0.116    3  0.000  0.478   190.02   101.16    63.13    50.77    41.39  1 -1.25e-13      0.00 6.975e-01 2.880e-01 2.283e-03 9.906e-04 6.370e-03 -1.000 1.452e-02 -3.714 2.614 7.373 7.438 3.619 3.091 2.817 2.897 2.816 1.776 1.518 0.932 0.848 -0.241 -1.121 -2.485 -2.661 -3.689
0.01471 0.00000 10.15000 0.9376147985 2.4588506013    0.864  3.405  3.4859 -0.135    3  0.000  0.478   195.53   104.67    65.22    52.48    42.79  1 -1.31e-13      0.00 6.975e-01 2.880e-01 2.283e-03 9.906e-04 6.370e-03 -1.000 1.452e-02 -3.743 2.614 7.372 7.444 3.620 3.094 2.837 2.926 2.846 1.793 1.534 0.942 0.857 -0.232 -1.112 -2.479 -2.657 -3.695
0.01471 0.00000 10.15000 0.9376147985 2.4588506013    0.840  1.655  3.6687  2.333    4  0.000  0.474     0.00     0.00     0.00     0.00     0.00 -1    -1e-30      0.00 6.964e-01 2.890e-01 2.269e-03 1.019e-03 6.389e-03 -1.000 1.456e-02 0.632 4.804 8.685 6.611 3.880 3.078 2.657 2.233 1.847 1.064 0.927 0.720 0.573 0.345 0.286 -0.020 -0.035 -0.251
0.01471 0.00000 10.15000 0.9376891851 2.4588686576    0.840  1.663  3.6681  2.324    4  0.000  0.474     0.00     0.00     0.00     0.00     0.00 -1    -1e-30      0.00 6.964e-01 2.890e-01 2.269e-03 1.019e-03 6.389e-03 -1.000 1.456e-02 0.612 4.787 8.682 6.619 3.877 3.073 2.647 2.221 1.834 1.048 0.910 0.703 0.556 0.327 0.268 -0.039 -0.054 -0.271
0.01471 0.00000 10.15000 0.9377650619 2.4588870722    0.840  1.666  3.6680  2.320    4  0.000  0.474     0.00     0.00     0.00     0.00     0.00 -1    -1e-30      0.00 6.964e-01 2.890e-01 2.269e-03 1.019e-03 6.389e-03 -1.000 1.456e-02 0.604 4.780 8.677 6.617 3.872 3.069 2.641 2.214 1.827 1.040 0.903 0.696 0.548 0.319 0.260 -0.047 -0.062 -0.279
0.01471 0.00000 10.15000 0.9378356934 2.4589042108    0.840  1.666  3.6683  2.322    4  0.000  0.474     0.00     0.00     0.00     0.00     0.00 -1    -1e-30      0.00 6.964e-01 2.890e-01 2.269e-03 1.019e-03 6.389e-03 -1.000 1.456e-02 0.606 4.780 8.671 6.605 3.866 3.063 2.638 2.212 1.825 1.040 0.902 0.696 0.548 0.320 0.260 -0.046 -0.061 -0.278
0.01471 0.00000 10.15000 0.9379056096 2.4589211729    0.840  1.663  3.6688  2.326    4  0.000  0.474     0.00     0.00     0.00     0.00     0.00 -1    -1e-30      0.00 6.964e-01 2.890e-01 2.269e-03 1.019e-03 6.389e-03 -1.000 1.456e-02 0.611 4.783 8.663 6.587 3.858 3.057 2.635 2.211 1.826 1.042 0.905 0.699 0.552 0.324 0.265 -0.041 -0.056 -0.272
0.01471 0.00000 10.15000 0.9379768372 2.4589384501    0.840  1.660  3.6694  2.332    4  0.000  0.474     0.00     0.00     0.00     0.00     0.00 -1    -1e-30      0.00 6.964e-01 2.890e-01 2.269e-03 1.019e-03 6.389e-03 -1.000 1.456e-02 0.619 4.788 8.653 6.565 3.849 3.049 2.633 2.211 1.827 1.046 0.909 0.704 0.557 0.330 0.271 -0.034 -0.049 -0.264
0.01471 0.00000 10.15000 0.9380456209 2.4589551317    0.840  1.657  3.6700  2.337    4  0.000  0.474     0.00     0.00     0.00     0.00     0.00 -1    -1e-30      0.00 6.964e-01 2.890e-01 2.269e-03 1.019e-03 6.389e-03 -1.000 1.456e-02 0.627 4.794 8.644 6.544 3.840 3.042 2.631 2.212 1.828 1.051 0.914 0.709 0.563 0.336 0.278 -0.026 -0.041 -0.255
0.01471 0.00000 10.15000 0.9381171465 2.4589724752    0.840  1.654  3.6706  2.343    4  0.000  0.474     0.00     0.00     0.00     0.00     0.00 -1    -1e-30      0.00 6.964e-01 2.890e-01 2.269e-03 1.019e-03 6.389e-03 -1.000 1.456e-02 0.635 4.799 8.634 6.524 3.832 3.036 2.629 2.213 1.831 1.055 0.919 0.715 0.569 0.343 0.285 -0.018 -0.033 -0.247
0.01471 0.00000 10.15000 0.9381881356 2.4589896857    0.840  1.651  3.6712  2.348    4  0.000  0.474     0.00     0.00     0.00     0.00     0.00 -1    -1e-30      0.00 6.964e-01 2.890e-01 2.269e-03 1.019e-03 6.389e-03 -1.000 1.456e-02 0.643 4.805 8.624 6.506 3.824 3.030 2.628 2.214 1.833 1.060 0.924 0.721 0.575 0.350 0.291 -0.011 -0.026 -0.239
0.01471 0.00000 10.15000 0.9382600784 2.4590071243    0.840  1.648  3.6717  2.354    4  0.000  0.474     0.00     0.00     0.00     0.00     0.00 -1    -1e-30      0.00 6.964e-01 2.890e-01 2.269e-03 1.019e-03 6.389e-03 -1.000 1.456e-02 0.651 4.810 8.614 6.488 3.817 3.024 2.626 2.214 1.835 1.064 0.929 0.726 0.581 0.355 0.297 -0.004 -0.019 -0.231
0.01471 0.00000 10.15000 0.9383353591 2.4590253687    0.840  1.645  3.6722  2.358    4  0.000  0.474     0.00     0.00     0.00     0.00     0.00 -1    -1e-30      0.00 6.964e-01 2.890e-01 2.269e-03 1.019e-03 6.389e-03 -1.000 1.456e-02 0.657 4.814 8.605 6.471 3.810 3.018 2.625 2.215 1.836 1.068 0.933 0.731 0.586 0.361 0.303 0.002 -0.013 -0.224
0.01471 0.00000 10.15000 0.9384092689 2.4590432776    0.840  1.643  3.6727  2.362    4  0.000  0.474     0.00     0.00     0.00     0.00     0.00 -1    -1e-30      0.00 6.964e-01 2.890e-01 2.269e-03 1.019e-03 6.389e-03 -1.000 1.456e-02 0.663 4.818 8.596 6.455 3.803 3.013 2.623 2.215 1.838 1.071 0.936 0.735 0.590 0.366 0.308 0.007 -0.007 -0.218
0.01471 0.00000 10.15000 0.9384825230 2.4590610244    0.840  1.641  3.6731  2.366    4  0.000  0.474     0.00     0.00     0.00     0.00     0.00 -1    -1e-30      0.00 6.964e-01 2.890e-01 2.269e-03 1.019e-03 6.389e-03 -1.000 1.456e-02 0.668 4.821 8.588 6.442 3.797 3.008 2.622 2.215 1.839 1.074 0.939 0.738 0.594 0.370 0.312 0.012 -0.003 -0.213
0.01471 0.00000 10.15000 0.9385563135 2.4590788979    0.841  1.639  3.6735  2.369    4  0.000  0.474     0.00     0.00     0.00     0.00     0.00 -1    -1e-30      0.00 6.964e-01 2.890e-01 2.269e-03 1.019e-03 6.389e-03 -1.000 1.456e-02 0.672 4.824 8.581 6.429 3.792 3.004 2.620 2.215 1.839 1.076 0.941 0.741 0.597 0.373 0.316 0.016 0.001 -0.208
0.01471 0.00000 10.15000 0.9385808110 2.4590848310    0.841  1.639  3.6736  2.370    4  0.000  0.474     0.00     0.00     0.00     0.00     0.00 -1    -1e-30      0.00 6.964e-01 2.890e-01 2.269e-03 1.019e-03 6.389e-03 -1.000 1.456e-02 0.674 4.825 8.579 6.425 3.790 3.003 2.620 2.215 1.840 1.077 0.942 0.742 0.598 0.374 0.317 0.017 0.003 -0.207
0.01471 0.00000 10.15000 0.9386279583 2.4590962487    0.841  1.638  3.6738  2.372    4  0.000  0.474     0.00     0.00     0.00     0.00     0.00 -1    -1e-30      0.00 6.964e-01 2.890e-01 2.269e-03 1.019e-03 6.389e-03 -1.000 1.456e-02 0.676 4.826 8.575 6.418 3.787 3.000 2.619 2.215 1.840 1.078 0.943 0.743 0.599 0.376 0.318 0.019 0.005 -0.205
0.01471 0.00000 10.15000 0.9386970401 2.4591129758    0.841  1.637  3.6740  2.374    4  0.000  0.474     0.00     0.00     0.00     0.00     0.00 -1    -1e-30      0.00 6.964e-01 2.890e-01 2.269e-03 1.019e-03 6.389e-03 -1.000 1.456e-02 0.678 4.827 8.569 6.409 3.783 2.997 2.617 2.214 1.840 1.079 0.945 0.745 0.601 0.378 0.320 0.022 0.007 -0.202
0.01471 0.00000 10.15000 0.9387725592 2.4591312584    0.841  1.636  3.6742  2.376    4  0.000  0.474     0.00     0.00     0.00     0.00     0.00 -1    -1e-30      0.00 6.964e-01 2.890e-01 2.269e-03 1.019e-03 6.389e-03 -1.000 1.456e-02 0.680 4.828 8.564 6.401 3.779 2.993 2.616 2.214 1.840 1.080 0.945 0.746 0.602 0.379 0.322 0.023 0.009 -0.200
0.01471 0.00000 10.15000 0.9388404489 2.4591476911    0.841  1.636  3.6744  2.377    4  0.000  0.474     0.00     0.00     0.00     0.00     0.00 -1    -1e-30      0.00 6.964e-01 2.890e-01 2.269e-03 1.019e-03 6.389e-03 -1.000 1.456e-02 0.681 4.829 8.561 6.395 3.776 2.991 2.614 2.213 1.839 1.080 0.945 0.746 0.603 0.380 0.322 0.024 0.010 -0.199
0.01471 0.00000 10.15000 0.9389128685 2.4591652172    0.841  1.636  3.6745  2.377    4  0.000  0.474     0.00     0.00     0.00     0.00     0.00 -1    -1e-30      0.00 6.964e-01 2.890e-01 2.269e-03 1.019e-03 6.389e-03 -1.000 1.456e-02 0.681 4.828 8.558 6.390 3.773 2.989 2.613 2.211 1.838 1.079 0.945 0.745 0.602 0.379 0.322 0.024 0.009 -0.199
0.01471 0.00000 10.15000 0.9389873743 2.4591832450    0.841  1.636  3.6745  2.377    4  0.000  0.474     0.00     0.00     0.00     0.00     0.00 -1    -1e-30      0.00 6.964e-01 2.890e-01 2.269e-03 1.019e-03 6.389e-03 -1.000 1.456e-02 0.680 4.827 8.555 6.388 3.771 2.987 2.611 2.210 1.836 1.077 0.943 0.744 0.601 0.378 0.321 0.023 0.008 -0.200
0.01471 0.00000 10.15000 0.9390574098 2.4592001881    0.841  1.637  3.6745  2.376    4  0.000  0.474     0.00     0.00     0.00     0.00     0.00 -1    -1e-30      0.00 6.964e-01 2.890e-01 2.269e-03 1.019e-03 6.389e-03 -1.000 1.456e-02 0.677 4.824 8.554 6.387 3.770 2.985 2.609 2.208 1.834 1.075 0.941 0.742 0.598 0.375 0.318 0.020 0.006 -0.203
0.01471 0.00000 10.15000 0.9390959144 2.4592095020    0.841  1.638  3.6744  2.375    4  0.000  0.474     0.00     0.00     0.00     0.00     0.00 -1    -1e-30      0.00 6.964e-01 2.890e-01 2.269e-03 1.019e-03 6.389e-03 -1.000 1.456e-02 0.676 4.823 8.554 6.387 3.769 2.985 2.608 2.207 1.833 1.074 0.940 0.740 0.597 0.374 0.317 0.019 0.004 -0.204
0.01471 0.00000 10.15000 0.9391301870 2.4592177914    0.841  1.639  3.6744  2.374    4  0.000  0.474     0.00     0.00     0.00     0.00     0.00 -1    -1e-30      0.00 6.964e-01 2.890e-01 2.269e-03 1.019e-03 6.389e-03 -1.000 1.456e-02 0.674 4.821 8.554 6.388 3.769 2.984 2.607 2.205 1.832 1.072 0.938 0.738 0.595 0.372 0.315 0.016 0.002 -0.207
0.01471 0.00000 10.15000 0.9392050505 2.4592358961    0.841  1.641  3.6742  2.371    4  0.000  0.474     0.00     0.00     0.00     0.00     0.00 -1    -1e-30      0.00 6.964e-01 2.890e-01 2.269e-03 1.019e-03 6.389e-03 -1.000 1.456e-02 0.668 4.816 8.554 6.392 3.769 2.984 2.605 2.202 1.828 1.067 0.933 0.733 0.590 0.367 0.310 0.011 -0.003 -0.212
0.01471 0.00000 10.15000 0.9392822385 2.4592545594    0.841  1.644  3.6739  2.367    4  0.000  0.474     0.00     0.00     0.00     0.00     0.00 -1    -1e-30      0.00 6.964e-01 2.890e-01 2.269e-03 1.019e-03 6.389e-03 -1.000 1.456e-02 0.660 4.810 8.556 6.398 3.769 2.983 2.602 2.198 1.823 1.061 0.927 0.727 0.583 0.360 0.302 0.004 -0.011 -0.220
0.01471 0.00000 10.15000 0.9393531084 2.4592716920    0.841  1.648  3.6735  2.362    4  0.000  0.474     0.00     0.00     0.00     0.00     0.00 -1    -1e-30      0.00 6.964e-01 2.890e-01 2.269e-03 1.019e-03 6.389e-03 -1.000 1.456e-02 0.651 4.802 8.559 6.407 3.771 2.983 2.599 2.194 1.818 1.054 0.919 0.719 0.575 0.351 0.294 -0.006 -0.020 -0.230
0.01471 0.00000 10.15000 0.9394252300 2.4592891242    0.842  1.652  3.6731  2.355    4  0.000  0.474     0.00     0.00     0.00     0.00     0.00 -1    -1e-30      0.00 6.964e-01 2.890e-01 2.269e-03 1.019e-03 6.389e-03 -1.000 1.456e-02 0.639 4.793 8.562 6.418 3.772 2.984 2.595 2.188 1.811 1.045 0.910 0.709 0.565 0.341 0.283 -0.017 -0.031 -0.242
0.01471 0.00000 10.15000 0.9394963384 2.4593063084    0.842  1.658  3.6725  2.348    4  0.000  0.474     0.00     0.00     0.00     0.00     0.00 -1    -1e-30      0.00 6.964e-01 2.890e-01 2.269e-03 1.019e-03 6.389e-03 -1.000 1.456e-02 0.626 4.782 8.567 6.431 3.775 2.984 2.591 2.181 1.803 1.035 0.900 0.698 0.553 0.329 0.271 -0.030 -0.044 -0.255
0.01471 0.00000 10.15000 0.9395671487 2.4593234176    0.842  1.663  3.6719  2.339    4  0.000  0.474     0.00     0.00     0.00     0.00     0.00 -1    -1e-30      0.00 6.964e-01 2.890e-01 2.269e-03 1.019e-03 6.389e-03 -1.000 1.456e-02 0.611 4.770 8.571 6.444 3.777 2.985 2.586 2.174 1.794 1.024 0.888 0.686 0.541 0.315 0.257 -0.044 -0.059 -0.270
0.01471 0.00000 10.15000 0.9396381974 2.4593405814    0.842  1.670  3.6713  2.330    4  0.000  0.474     0.00     0.00     0.00     0.00     0.00 -1    -1e-30      0.00 6.964e-01 2.890e-01 2.269e-03 1.019e-03 6.389e-03 -1.000 1.456e-02 0.595 4.756 8.576 6.460 3.779 2.985 2.581 2.166 1.785 1.011 0.875 0.672 0.526 0.301 0.242 -0.060 -0.075 -0.287
0.01471 0.00000 10.15000 0.9397084713 2.4593575551    0.842  1.675  3.6708  2.323    4  0.000  0.474     0.00     0.00     0.00     0.00     0.00 -1    -1e-30      0.00 6.964e-01 2.890e-01 2.269e-03 1.019e-03 6.389e-03 -1.000 1.456e-02 0.582 4.745 8.580 6.471 3.781 2.986 2.577 2.160 1.777 1.001 0.865 0.661 0.515 0.289 0.231 -0.072 -0.087 -0.301
0.01471 0.00000 10.15000 0.9397791624 2.4593746266    0.842  1.681  3.6702  2.315    4  0.000  0.474     0.00     0.00     0.00     0.00     0.00 -1    -1e-30      0.00 6.964e-01 2.890e-01 2.269e-03 1.019e-03 6.389e-03 -1.000 1.456e-02 0.568 4.734 8.584 6.484 3.783 2.986 2.572 2.153 1.769 0.990 0.853 0.649 0.503 0.276 0.218 -0.086 -0.101 -0.315
0.01471 0.00000 10.15000 0.9398522973 2.4593922852    0.842  1.702  3.6681  2.286    4  0.000  0.474     0.00     0.00     0.00     0.00     0.00 -1    -1e-30      0.00 6.964e-01 2.890e-01 2.269e-03 1.019e-03 6.389e-03 -1.000 1.456e-02 0.516 4.691 8.593 6.538 3.793 2.990 2.557 2.129 1.739 0.951 0.813 0.606 0.459 0.230 0.171 -0.136 -0.151 -0.368
0.01471 0.00000 10.15000 0.9399228692 2.4594093220    0.842  1.739  3.6645  2.234    4  0.000  0.474     0.00     0.00     0.00     0.00     0.00 -1    -1e-30      0.00 6.964e-01 2.890e-01 2.269e-03 1.019e-03 6.389e-03 -1.000 1.456e-02 0.423 4.615 8.605 6.628 3.808 2.996 2.529 2.085 1.687 0.881 0.741 0.530 0.380 0.147 0.087 -0.225 -0.241 -0.462
0.01471 0.00000 10.15000 0.9399632215 2.4594190621    0.842  1.778  3.6607  2.180    4  0.000  0.474     0.00     0.00     0.00     0.00     0.00 -1    -1e-30      0.00 6.964e-01 2.890e-01 2.269e-03 1.019e-03 6.389e-03 -1.000 1.456e-02 0.325 4.534 8.616 6.721 3.823 3.001 2.499 2.039 1.631 0.808 0.665 0.449 0.297 0.061 -0.001 -0.318 -0.335 -0.561
0.01471 0.00000 10.15000 0.9399849176 2.4594242987    0.842  1.819  3.6567  2.124    4  0.000  0.474     0.00     0.00     0.00     0.00     0.00 -1    -1e-30      0.00 6.964e-01 2.890e-01 2.269e-03 1.019e-03 6.389e-03 -1.000 1.456e-02 0.223 4.450 8.616 6.822 3.842 3.011 2.470 1.993 1.575 0.732 0.588 0.366 0.211 -0.029 -0.093 -0.416 -0.432 -0.664
0.01471 0.00000 10.15000 0.9399957657 2.4594269168    0.842  1.859  3.6529  2.069    4  0.000  0.474     0.00     0.00     0.00     0.00     0.00 -1    -1e-30      0.00 6.964e-01 2.890e-01 2.269e-03 1.019e-03 6.389e-03 -1.000 1.456e-02 0.124 4.368 8.614 6.921 3.861 3.021 2.442 1.949 1.521 0.660 0.512 0.286 0.128 -0.115 -0.181 -0.510 -0.527 -0.764
0.01471 0.00000 10.15000 0.9400016069 2.4594283266    0.842  1.898  3.6492  2.014    4  0.000  0.474     0.00     0.00     0.00     0.00     0.00 -1    -1e-30      0.00 6.964e-01 2.890e-01 2.269e-03 1.019e-03 6.389e-03 -1.000 1.456e-02 0.024 4.287 8.607 7.018 3.880 3.032 2.415 1.905 1.468 0.587 0.438 0.207 0.046 -0.202 -0.269 -0.604 -0.622 -0.863
0.01471 0.00000 10.15000 0.9400045872 2.4594290459    0.842  1.935  3.6457  1.963    4  0.000  0.474     0.00     0.00     0.00     0.00     0.00 -1    -1e-30      0.00 6.964e-01 2.890e-01 2.269e-03 1.019e-03 6.389e-03 -1.000 1.456e-02 -0.067 4.212 8.562 7.060 3.882 3.028 2.391 1.869 1.421 0.522 0.370 0.135 -0.028 -0.279 -0.348 -0.689 -0.707 -0.953
0.01471 0.00000 10.15000 0.9400065541 2.4594295206    0.842  1.972  3.6423  1.912    4  0.000  0.474     0.00     0.00     0.00     0.00     0.00 -1    -1e-30      0.00 6.964e-01 2.890e-01 2.269e-03 1.019e-03 6.389e-03 -1.000 1.456e-02 -0.161 4.135 8.506 7.078 3.872 3.012 2.363 1.832 1.371 0.454 0.299 0.060 -0.104 -0.359 -0.429 -0.775 -0.794 -1.044
0.01471 0.00000 10.15000 0.9400079250 2.4594298514    0.842  2.008  3.6390  1.863    4  0.000  0.474     0.00     0.00     0.00     0.00     0.00 -1    -1e-30      0.00 6.964e-01 2.890e-01 2.269e-03 1.019e-03 6.389e-03 -1.000 1.456e-02 -0.251 4.061 8.452 7.083 3.857 2.992 2.335 1.795 1.323 0.389 0.232 -0.011 -0.176 -0.435 -0.507 -0.858 -0.876 -1.131
0.01471 0.00000 10.15000 0.9400082827 2.4594299377    0.842  2.020  3.6380  1.848    7  0.000  0.474     0.00     0.00     0.00     0.00     0.00 -1    -1e-30      0.00 6.964e-01 2.890e-01 2.269e-03 1.019e-03 6.389e-03 -1.000 1.456e-02 -0.279 4.037 8.433 7.080 3.851 2.985 2.326 1.783 1.308 0.369 0.211 -0.033 -0.198 -0.458 -0.531 -0.883 -0.903 -1.159
0.01471 0.00000 10.15000 0.9400088787 2.4594300816    0.842  2.043  3.6359  1.816    7  0.000  0.474     0.00     0.00     0.00     0.00     0.00 -1    -1e-30      0.00 6.964e-01 2.890e-01 2.269e-03 1.019e-03 6.389e-03 -1.000 1.456e-02 -0.337 3.990 8.395 7.073 3.837 2.970 2.307 1.760 1.277 0.328 0.168 -0.077 -0.243 -0.506 -0.579 -0.936 -0.955 -1.214
0.01471 0.00000 10.15000 0.9400101304 2.4594303837    0.842  2.087  3.6319  1.756    7  0.000  0.474     0.00     0.00     0.00     0.00     0.00 -1    -1e-30      0.00 6.964e-01 2.890e-01 2.269e-03 1.019e-03 6.389e-03 -1.000 1.456e-02 -0.448 3.898 8.324 7.054 3.806 2.935 2.269 1.712 1.216 0.248 0.086 -0.164 -0.331 -0.599 -0.674 -1.037 -1.057 -1.321
0.01471 0.00000 10.15000 0.9400113225 2.4594306713    0.842  2.121  3.6289  1.710    7  0.000  0.474     0.00     0.00     0.00     0.00     0.00 -1    -1e-30      0.00 6.964e-01 2.890e-01 2.269e-03 1.019e-03 6.389e-03 -1.000 1.456e-02 -0.533 3.829 8.270 7.032 3.777 2.904 2.238 1.675 1.170 0.188 0.023 -0.229 -0.396 -0.668 -0.745 -1.113 -1.134 -1.402
0.01471 0.00000 10.15000 0.9400140643 2.4594313330    0.842  2.134  3.6278  1.692    7  0.000  0.474     0.00     0.00     0.00     0.00     0.00 -1    -1e-30      0.00 6.964e-01 2.890e-01 2.269e-03 1.019e-03 6.389e-03 -1.000 1.456e-02 -0.566 3.802 8.247 7.018 3.764 2.889 2.225 1.660 1.151 0.165 -0.001 -0.254 -0.421 -0.695 -0.772 -1.143 -1.163 -1.433
0.01471 0.00000 10.15000 0.9400162697 2.4594318653    0.842  2.118  3.6292  1.714    7  0.000  0.474     0.00     0.00     0.00     0.00     0.00 -1    -1e-30      0.00 6.964e-01 2.890e-01 2.269e-03 1.019e-03 6.389e-03 -1.000 1.456e-02 -0.526 3.834 8.273 7.031 3.778 2.904 2.239 1.677 1.172 0.192 0.027 -0.225 -0.392 -0.663 -0.740 -1.107 -1.128 -1.395
0.01471 0.00000 10.15000 0.9400243759 2.4594338216    0.842  2.086  3.6321  1.758    7  0.000  0.474     0.00     0.00     0.00     0.00     0.00 -1 -2.88e-29      0.00 6.964e-01 2.889e-01 2.269e-03 1.019e-03 6.389e-03 -1.000 1.466e-02 -0.445 3.900 8.324 7.051 3.804 2.933 2.268 1.712 1.217 0.250 0.087 -0.162 -0.329 -0.597 -0.672 -1.034 -1.054 -1.318
0.01471 0.00000 10.15000 0.9400748014 2.4594459900    0.841  2.095  3.6312  1.744    7  0.000  0.474     0.00     0.00     0.00     0.00     0.00 -1 -3.14e-13      0.00 6.964e-01 2.879e-01 2.269e-03 1.019e-03 6.389e-03 -1.000 1.571e-02 -0.469 3.882 8.311 7.049 3.799 2.927 2.262 1.703 1.205 0.234 0.070 -0.180 -0.347 -0.616 -0.691 -1.055 -1.075 -1.340
0.01471 0.00000 10.15000 0.9401080012 2.4594540007    0.839  2.132  3.6278  1.693    7  0.000  0.474     0.00     0.00     0.00     0.00     0.00 -1 -1.18e-09      0.00 6.964e-01 2.877e-01 2.269e-03 1.019e-03 6.389e-03 -1.000 1.594e-02 -0.560 3.808 8.253 7.024 3.769 2.895 2.230 1.665 1.156 0.171 0.005 -0.248 -0.416 -0.689 -0.766 -1.137 -1.157 -1.427
0.01471 0.00000 10.15000 0.9401376247 2.4594611480    0.838  2.174  3.6240  1.635    7  0.000  0.474     0.00     0.00     0.00     0.00     0.00 -1 -1.48e-09      0.00 6.964e-01 2.877e-01 2.269e-03 1.019e-03 6.389e-03 -1.000 1.594e-02 -0.665 3.722 8.185 6.985 3.728 2.852 2.191 1.619 1.099 0.098 -0.071 -0.328 -0.495 -0.774 -0.853 -1.231 -1.252 -1.527
0.01471 0.00000 10.15000 0.9401623011 2.4594671013    0.836  2.215  3.6203  1.578    7  0.000  0.474     0.00     0.00     0.00     0.00     0.00 -1 -1.84e-09      0.00 6.964e-01 2.877e-01 2.269e-03 1.019e-03 6.389e-03 -1.000 1.594e-02 -0.768 3.639 8.121 6.947 3.684 2.806 2.150 1.573 1.041 0.026 -0.144 -0.405 -0.573 -0.857 -0.938 -1.322 -1.343 -1.624
0.01471 0.00000 10.15000 0.9401836991 2.4594722634    0.834  2.256  3.6167  1.522    7  0.000  0.474     0.00     0.00     0.00     0.00     0.00 -1 -2.29e-09      0.00 6.964e-01 2.877e-01 2.269e-03 1.019e-03 6.389e-03 -1.000 1.594e-02 -0.871 3.557 8.052 6.896 3.635 2.756 2.108 1.528 0.985 -0.042 -0.216 -0.479 -0.648 -0.937 -1.020 -1.412 -1.434 -1.721
0.01471 0.00000 10.15000 0.9402022958 2.4594767495    0.832  2.297  3.6130  1.465    7  0.000  0.474     0.00     0.00     0.00     0.00     0.00 -1 -2.83e-09      0.00 6.964e-01 2.877e-01 2.269e-03 1.019e-03 6.389e-03 -1.000 1.594e-02 -0.974 3.475 8.002 6.890 3.617 2.739 2.078 1.488 0.935 -0.108 -0.283 -0.552 -0.722 -1.016 -1.102 -1.503 -1.526 -1.819
0.01471 0.00000 10.15000 0.9402185678 2.4594806746    0.830  2.339  3.6093  1.408    7  0.000  0.474     0.00     0.00     0.00     0.00     0.00 -1  -3.5e-09      0.00 6.964e-01 2.877e-01 2.269e-03 1.019e-03 6.389e-03 -1.000 1.594e-02 -1.077 3.394 7.961 6.907 3.618 2.742 2.056 1.453 0.889 -0.171 -0.349 -0.622 -0.794 -1.094 -1.184 -1.595 -1.619 -1.919
0.01471 0.00000 10.15000 0.9402329922 2.4594841539    0.828  2.380  3.6056  1.350    7  0.000  0.474     0.00     0.00     0.00     0.00     0.00 -1 -4.35e-09      0.00 6.964e-01 2.877e-01 2.269e-03 1.019e-03 6.389e-03 -1.000 1.594e-02 -1.179 3.314 7.914 6.917 3.614 2.742 2.035 1.420 0.847 -0.229 -0.409 -0.688 -0.861 -1.169 -1.263 -1.686 -1.710 -2.018
0.01471 0.00000 10.15000 0.9402456880 2.4594872162    0.825  2.421  3.6019  1.293    7  0.000  0.474     0.00     0.00     0.00     0.00     0.00 -1 -5.36e-09      0.00 6.964e-01 2.877e-01 2.269e-03 1.019e-03 6.389e-03 -1.000 1.594e-02 -1.281 3.234 7.868 6.926 3.611 2.743 2.015 1.388 0.805 -0.287 -0.470 -0.754 -0.928 -1.242 -1.341 -1.776 -1.801 -2.116
0.01471 0.00000 10.15000 0.9402572513 2.4594900052    0.822  2.461  3.5982  1.236    7  0.000  0.474     0.00     0.00     0.00     0.00     0.00 -1 -6.59e-09      0.00 6.964e-01 2.877e-01 2.268e-03 1.019e-03 6.389e-03 -1.000 1.594e-02 -1.383 3.157 7.821 6.933 3.606 2.743 1.995 1.359 0.768 -0.340 -0.525 -0.814 -0.989 -1.311 -1.415 -1.865 -1.890 -2.214
0.01471 0.00000 10.15000 0.9402679205 2.4594925785    0.819  2.502  3.5944  1.179    7  0.000  0.473    13.32     9.60     6.65     5.18     4.20  3  -8.1e-09      0.00 6.964e-01 2.877e-01 2.267e-03 1.020e-03 6.389e-03 -1.000 1.592e-02 -1.484 3.081 7.772 6.937 3.599 2.741 1.976 1.331 0.733 -0.389 -0.576 -0.870 -1.046 -1.376 -1.486 -1.953 -1.979 -2.312
0.01471 0.00000 10.15000 0.9402779341 2.4594949936    0.815  2.542  3.5906  1.121    7  0.000  0.473    15.02    10.64     7.34     5.72     4.64  3 -9.96e-09      0.00 6.964e-01 2.877e-01 2.266e-03 1.020e-03 6.389e-03 -1.000 1.588e-02 -1.585 3.006 7.724 6.941 3.592 2.741 1.958 1.305 0.700 -0.437 -0.626 -0.925 -1.102 -1.440 -1.557 -2.039 -2.066 -2.409
0.01471 0.00000 10.15000 0.9402874708 2.4594972936    0.810  2.582  3.5854  1.058    7  0.000  0.472    17.15    11.91     8.17     6.39     5.18  3 -1.23e-08      0.00 6.964e-01 2.877e-01 2.262e-03 1.023e-03 6.389e-03 -1.000 1.586e-02 -1.686 2.944 7.687 6.965 3.603 2.761 1.966 1.308 0.697 -0.453 -0.645 -0.950 -1.127 -1.480 -1.608 -2.119 -2.147 -2.504
0.01471 0.00000 10.15000 0.9402921200 2.4594984149    0.808  2.603  3.5812  1.019    7  0.000  0.472    18.59    12.76     8.73     6.83     5.53  3 -1.37e-08      0.00 6.964e-01 2.877e-01 2.260e-03 1.025e-03 6.389e-03 -1.000 1.586e-02 -1.736 2.924 7.684 7.006 3.635 2.802 1.998 1.338 0.725 -0.435 -0.628 -0.939 -1.116 -1.480 -1.618 -2.152 -2.181 -2.550
0.01471 0.00000 10.15000 0.9403010011 2.4595005567    0.802  2.643  3.5742  0.948    7  0.000  0.470    21.60    14.50     9.86     7.73     6.27  2 -1.69e-08      0.00 6.964e-01 2.877e-01 2.253e-03 1.032e-03 6.389e-03 -1.000 1.586e-02 -1.838 2.882 7.661 7.056 3.663 2.848 2.040 1.387 0.776 -0.393 -0.588 -0.908 -1.081 -1.472 -1.634 -2.219 -2.250 -2.643
0.01471 0.00000 10.15000 0.9403092861 2.4595025547    0.795  2.685  3.5697  0.884    7  0.000  0.468    24.65    16.23    10.98     8.62     6.99  2 -2.09e-08      0.00 6.964e-01 2.877e-01 2.243e-03 1.043e-03 6.389e-03 -1.000 1.586e-02 -1.942 2.818 7.610 7.060 3.648 2.846 2.039 1.390 0.778 -0.397 -0.595 -0.921 -1.092 -1.501 -1.680 -2.300 -2.333 -2.742
0.01471 0.00000 10.15000 0.9403167963 2.4595043659    0.788  2.728  3.5649  0.818    7  0.000  0.466    28.31    18.26    12.28     9.66     7.84  2 -2.61e-08      0.00 6.964e-01 2.877e-01 2.234e-03 1.055e-03 6.389e-03 -1.000 1.586e-02 -2.050 2.759 7.562 7.068 3.631 2.845 2.042 1.406 0.800 -0.374 -0.573 -0.906 -1.072 -1.509 -1.712 -2.378 -2.412 -2.842
0.01471 0.00000 10.15000 0.9403229356 2.4595058464    0.780  2.773  3.5597  0.747    7  0.000  0.464    32.78    20.68    13.83    10.91     8.85  2  -3.3e-08      0.00 6.964e-01 2.877e-01 2.224e-03 1.066e-03 6.389e-03 -1.000 1.586e-02 -2.164 2.699 7.512 7.078 3.614 2.845 2.048 1.427 0.827 -0.345 -0.546 -0.887 -1.047 -1.513 -1.744 -2.458 -2.495 -2.947
0.01471 0.00000 10.15000 0.9403271675 2.4595068669    0.773  2.817  3.5546  0.680    7  0.000  0.463    37.77    23.32    15.51    12.26     9.95  2 -4.13e-08      0.00 6.964e-01 2.877e-01 2.216e-03 1.075e-03 6.389e-03 -1.000 1.585e-02 -2.272 2.651 7.468 7.095 3.598 2.851 2.066 1.469 0.882 -0.281 -0.483 -0.834 -0.985 -1.490 -1.755 -2.525 -2.564 -3.043
0.01471 0.00000 10.15000 0.9403303862 2.4595076431    0.767  2.859  3.5495  0.614    7  0.000  0.461    43.31    26.19    17.32    13.72    11.14  2 -5.09e-08      0.00 6.964e-01 2.878e-01 2.209e-03 1.084e-03 6.389e-03 -1.000 1.584e-02 -2.376 2.607 7.429 7.113 3.585 2.859 2.086 1.515 0.940 -0.213 -0.416 -0.777 -0.920 -1.463 -1.761 -2.586 -2.629 -3.133
0.01471 0.00000 10.15000 0.9403331876 2.4595083187    0.760  2.900  3.5444  0.549    7  0.000  0.460    49.67    29.41    19.35    15.35    12.47  1 -6.26e-08      0.00 6.964e-01 2.878e-01 2.204e-03 1.091e-03 6.389e-03 -1.000 1.584e-02 -2.479 2.575 7.401 7.140 3.579 2.874 2.117 1.581 1.029 -0.109 -0.314 -0.686 -0.819 -1.408 -1.749 -2.631 -2.679 -3.215
0.01471 0.00000 10.15000 0.9403356314 2.4595089080    0.753  2.939  3.5394  0.486    7  0.000  0.459    56.72    32.90    21.53    17.12    13.90  1 -7.65e-08      0.00 6.964e-01 2.878e-01 2.200e-03 1.096e-03 6.389e-03 -1.000 1.585e-02 -2.577 2.551 7.377 7.172 3.577 2.895 2.156 1.658 1.128 0.006 -0.200 -0.585 -0.707 -1.344 -1.727 -2.669 -2.722 -3.289
0.01471 0.00000 10.15000 0.9403381944 2.4595095260    0.744  2.979  3.5339  0.417    7  0.000  0.459    65.44    37.11    24.14    19.24    15.63  1 -9.45e-08      0.00 6.963e-01 2.878e-01 2.197e-03 1.099e-03 6.389e-03 -1.000 1.590e-02 -2.679 2.540 7.364 7.212 3.580 2.924 2.219 1.771 1.276 0.173 -0.037 -0.437 -0.549 -1.244 -1.682 -2.688 -2.748 -3.356
0.01471 0.00000 10.15000 0.9403402805 2.4595100291    0.734  3.014  3.5291  0.358    7  0.000  0.458    74.08    41.18    26.66    21.29    17.29  1 -1.14e-07      0.00 6.963e-01 2.878e-01 2.195e-03 1.101e-03 6.389e-03 -1.000 1.590e-02 -2.765 2.537 7.359 7.251 3.588 2.953 2.278 1.878 1.415 0.327 0.114 -0.302 -0.405 -1.150 -1.636 -2.696 -2.763 -3.408
0.01471 0.00000 10.15000 0.9403426647 2.4595106040    0.721  3.052  3.5236  0.290    7  0.000  0.458    85.34    46.33    29.83    23.87    19.40  1 -1.41e-07      0.00 6.963e-01 2.878e-01 2.195e-03 1.102e-03 6.389e-03 -1.000 1.590e-02 -2.861 2.554 7.373 7.305 3.612 3.001 2.367 2.027 1.614 0.538 0.320 -0.116 -0.212 -1.013 -1.560 -2.675 -2.752 -3.446
0.01471 0.00000 10.15000 0.9403451085 2.4595111933    0.704  3.090  3.5182  0.221    7  0.000  0.458    98.53    52.18    33.39    26.80    21.78  1 -1.77e-07      0.00 6.963e-01 2.878e-01 2.195e-03 1.102e-03 6.389e-03 -1.000 1.590e-02 -2.954 2.586 7.400 7.372 3.651 3.064 2.472 2.196 1.838 0.775 0.552 0.094 0.005 -0.855 -1.466 -2.635 -2.725 -3.470
0.01471 0.00000 10.15000 0.9403477907 2.4595118401    0.679  3.128  3.5129  0.146    7  0.000  0.458   114.99    59.18    37.63    30.29    24.62  1 -2.31e-07      0.00 6.963e-01 2.878e-01 2.195e-03 1.102e-03 6.389e-03 -1.000 1.590e-02 -3.049 2.638 7.445 7.450 3.708 3.141 2.597 2.391 2.096 1.049 0.819 0.337 0.253 -0.668 -1.350 -2.567 -2.673 -3.474
0.01471 0.00000 10.15000 0.9403505921 2.4595125156    0.647  3.157  3.5096  0.082    7  0.000  0.458   125.87    65.60    41.47    33.50    27.22  1 -3.04e-07      0.00 6.963e-01 2.878e-01 2.195e-03 1.102e-03 6.389e-03 -1.000 1.590e-02 -3.123 2.657 7.463 7.498 3.740 3.189 2.676 2.510 2.249 1.208 0.973 0.476 0.395 -0.565 -1.291 -2.539 -2.654 -3.491
0.01471 0.00000 10.15000 0.9403512478 2.4595126737    0.638  3.152  3.5111  0.087    7  0.000  0.458   124.32    64.81    40.98    33.12    26.91  1 -3.12e-07      0.00 6.963e-01 2.878e-01 2.195e-03 1.102e-03 6.389e-03 -1.000 1.590e-02 -3.111 2.630 7.439 7.475 3.720 3.166 2.640 2.452 2.171 1.124 0.890 0.399 0.317 -0.628 -1.336 -2.572 -2.683 -3.504
0.01471 0.00000 10.15000 0.9403515458 2.4595127456    0.635  3.145  3.5126  0.097    7  0.000  0.458   122.09    63.52    40.20    32.48    26.38  1 -3.08e-07      0.00 6.963e-01 2.878e-01 2.195e-03 1.102e-03 6.389e-03 -1.000 1.590e-02 -3.093 2.609 7.421 7.453 3.702 3.144 2.606 2.399 2.099 1.045 0.813 0.328 0.245 -0.685 -1.374 -2.597 -2.704 -3.511
0.01471 0.00000 10.15000 0.9403516650 2.4595127744    0.632  3.157  3.5112  0.079    7  0.000  0.458   125.57    65.66    41.49    33.54    27.25  1 -3.28e-07      0.00 6.963e-01 2.878e-01 2.195e-03 1.102e-03 6.389e-03 -1.000 1.590e-02 -3.123 2.618 7.429 7.469 3.713 3.160 2.634 2.445 2.162 1.113 0.879 0.387 0.305 -0.640 -1.348 -2.584 -2.695 -3.516
0.01471 0.00000 10.15000 0.9403518438 2.4595128175    0.630  3.180  3.5082  0.042    7  0.000  0.458   132.69    70.05    44.12    35.71    29.02  1 -3.64e-07      0.01 6.963e-01 2.878e-01 2.195e-03 1.102e-03 6.389e-03 -1.000 1.590e-02 -3.179 2.642 7.450 7.503 3.737 3.191 2.695 2.542 2.289 1.246 1.009 0.504 0.424 -0.550 -1.291 -2.550 -2.670 -3.520
0.01471 0.00000 10.15000 0.9403520226 2.4595128606    0.626  3.212  3.5039 -0.009    7  0.000  0.458   143.57    76.80    48.18    39.05    31.74  0 -4.21e-07      0.01 6.963e-01 2.878e-01 2.195e-03 1.102e-03 6.389e-03 -1.000 1.590e-02 -3.260 2.682 7.486 7.556 3.775 3.239 2.787 2.685 2.475 1.439 1.196 0.672 0.594 -0.419 -1.204 -2.493 -2.626 -3.519
0.01471 0.00000 10.15000 0.9403523803 2.4595129468    0.620  3.257  3.4985 -0.081    7  0.000  0.458   159.85    87.12    54.32    44.14    35.88  0 -5.23e-07      0.01 6.963e-01 2.878e-01 2.195e-03 1.102e-03 6.389e-03 -1.000 1.590e-02 -3.371 2.729 7.527 7.620 3.826 3.302 2.908 2.871 2.712 1.677 1.427 0.877 0.800 -0.260 -1.097 -2.424 -2.573 -3.522
0.01471 0.00000 10.15000 0.9403526187 2.4595130043    0.613  3.282  3.4963 -0.119    7  0.000  0.458   159.98    -1.00    -1.00    -1.00    -1.00  0 -6.01e-07      0.01 6.963e-01 2.878e-01 2.195e-03 1.102e-03 6.389e-03 -1.000 1.590e-02 -3.435 2.730 7.531 7.640 3.839 3.320 2.950 2.933 2.786 1.744 1.489 0.930 0.851 -0.223 -1.076 -2.415 -2.571 -3.540
0.01471 0.00000 10.15000 0.9403532147 2.4595131480    0.594  3.316  3.4992 -0.155    7  0.000  0.458   151.48    -1.00    -1.00    -1.00    -1.00  0 -7.59e-07      0.02 6.963e-01 2.878e-01 2.195e-03 1.102e-03 6.389e-03 -1.000 1.590e-02 -3.520 2.591 7.410 7.552 3.752 3.243 2.843 2.790 2.611 1.559 1.304 0.752 0.675 -0.395 -1.239 -2.571 -2.720 -3.670
0.01471 0.00000 10.15000 0.9900821447 2.4708154113    0.523 -9.999  3.8218  7.902    9  0.523  0.000     0.00     0.00     0.00     0.00     0.00 -1    -1e-30      0.00 6.963e-01 2.890e-01 2.310e-03 1.096e-03 6.404e-03 -1.000 1.462e-02 29.767 29.304 29.592 29.792 30.089 30.357 31.213 31.533 31.546 31.735 31.769 31.791 31.821 31.868 31.880 31.939 31.950 32.038
